-8.120628061746607562e-01
-5.653351322045212513e-01
-8.878163911068078784e-01
2.963990237928481708e+00
-1.458298297057238235e+00
3.244314144906073949e+00
3.244314144906073505e+00
-5.002969040904604370e+00
-4.030070969063071828e+00
-4.085850860842533017e+00
-5.019862009371665046e+00
-7.321793673487279719e+00
-7.227990982663317077e+00
-6.000709378039106312e+00
-5.360086746669126434e+00
-7.046638246593845523e+00
-5.548977170998619535e+00
-5.490134544502943470e+00
-6.133521963205769367e+00
-7.288603621231928287e-01
