# log_p 	 lnL 	 
0.0	-1745.16932096	
-0.287682072452	-1745.19208598	
-0.510825623766	-1745.21944924	
-0.69314718056	-1745.24824413	
-0.847297860387	-1745.27651523	
-0.980829253012	-1745.30322903	
-1.09861228867	-1745.32793698	
-1.20397280433	-1745.35052548	
-1.29928298413	-1745.371057	
-1.38629436112	-1745.38967648	
-1.46633706879	-1745.40655886	
-1.54044504095	-1745.42188141	
-1.60943791243	-1745.43581017	
-1.67397643357	-1745.44849448	
-1.73460105539	-1745.46006567	
-1.79175946923	-1745.47063788	
-1.8458266905	-1745.48030987	
-1.89711998489	-1745.489167	
-1.94591014906	-1745.49728325	
-1.99243016469	-1745.50472302	
-2.03688192726	-1745.5115427	
-2.07944154168	-1745.51779194	
-2.1202635362	-1745.5235148	
-2.15948424935	-1745.52875055	
-2.19722457734	-1745.53353451	
-2.23359222151	-1745.53789853	
-2.26868354132	-1745.54187157	
-2.30258509299	-1745.54548003	
-2.33537491582	-1745.54874812	
-2.36712361413	-1745.55169808	
-2.3978952728	-1745.55435045	
-2.42774823595	-1745.55672424	
-2.45673577282	-1745.55883709	
-2.48490664979	-1745.56070538	
-2.51230562398	-1745.56234439	
-2.53897387106	-1745.56376837	
-2.56494935746	-1745.56499062	
-2.59026716545	-1745.5660236	
-2.61495977804	-1745.56687896	
-2.63905732962	-1745.56756763	
-2.66258782703	-1745.56809984	
-2.68557734525	-1745.56848522	
-2.7080502011	-1745.5687328	
-2.73002910782	-1745.56885105	
-2.75153531304	-1745.56884796	
-2.77258872224	-1745.56873102	
-2.79320800944	-1745.56850729	
-2.81341071676	-1745.56818341	
-2.83321334406	-1745.56776563	
-2.85263142991	-1745.56725984	
-2.87167962488	-1745.56667157	
-2.8903717579	-1745.56600606	
-2.90872089656	-1745.56526821	
-2.92673940207	-1745.56446268	
-2.94443897917	-1745.56359383	
-2.96183072188	-1745.56266578	
-2.97892515524	-1745.56168243	
-2.99573227355	-1745.56064744	
-3.01226157551	-1745.55956426	
-3.02852209638	-1745.55843616	
-3.04452243772	-1745.55726622	
-3.06027079469	-1745.55605734	
-3.07577498123	-1745.55481226	
-3.09104245336	-1745.55353357	
-3.10608033072	-1745.55222371	
-3.12089541651	-1745.55088499	
-3.13549421593	-1745.54951957	
-3.14988295338	-1745.54812952	
-3.16406758837	-1745.54671677	
-3.17805383035	-1745.54528315	
-3.19184715248	-1745.54383039	
-3.20545280454	-1745.54236012	
-3.21887582487	-1745.54087389	
-3.23212105162	-1745.53937314	
-3.24519313319	-1745.53785925	
-3.25809653802	-1745.53633352	
-3.2708355638	-1745.53479716	
-3.28341434601	-1745.53325134	
-3.295836866	-1745.53169714	
-3.3081069586	-1745.5301356	
-3.32022831913	-1745.52856768	
-3.33220451018	-1745.5269943	
-3.34403896782	-1745.52541633	
-3.35573500759	-1745.52383458	
-3.36729582999	-1745.52224982	
-3.37872452581	-1745.52066278	
-3.39002408106	-1745.51907414	
-3.40119738166	-1745.51748454	
-3.41224721785	-1745.5158946	
-3.42317628838	-1745.51430488	
-3.43398720449	-1745.51271592	
-3.4446824936	-1745.51112824	
-3.45526460293	-1745.50954231	
-3.4657359028	-1745.50795858	
-3.47609868984	-1745.50637747	
-3.48635519	-1745.50479938	
-3.49650756147	-1745.50322468	
-3.50655789732	-1745.50165373	
-3.51650822817	-1745.50008685	
-3.52636052462	-1745.49852435	
-3.53611669956	-1745.49696652	
-3.54577861047	-1745.49541363	
-3.55534806149	-1745.49386594	
-3.56482680544	-1745.49232368	
-3.57421654579	-1745.49078707	
-3.58351893846	-1745.48925632	
-3.59273559356	-1745.48773163	
-3.60186807712	-1745.48621316	
-3.61091791264	-1745.4847011	
-3.61988658263	-1745.48319559	
-3.62877553004	-1745.48169677	
-3.63758615973	-1745.48020478	
-3.6463198397	-1745.47871975	
-3.65497790244	-1745.47724178	
-3.66356164613	-1745.47577097	
-3.6720723358	-1745.47430743	
-3.68051120444	-1745.47285124	
-3.68887945411	-1745.47140248	
-3.69717825693	-1745.46996121	
-3.70540875607	-1745.46852751	
-3.7135720667	-1745.46710144	
-3.72166927694	-1745.46568304	
-3.72970144863	-1745.46427236	
-3.73766961828	-1745.46286944	
-3.74557479779	-1745.46147432	
-3.75341797525	-1745.46008702	
-3.76120011569	-1745.45870757	
-3.76892216179	-1745.45733599	
-3.77658503453	-1745.4559723	
-3.78418963392	-1745.45461652	
-3.79173683955	-1745.45326863	
-3.79922751128	-1745.45192867	
-3.80666248977	-1745.45059662	
-3.81404259707	-1745.44927248	
-3.82136863716	-1745.44795624	
-3.82864139649	-1745.44664791	
-3.83586164446	-1745.44534747	
-3.84303013394	-1745.44405491	
-3.85014760171	-1745.44277021	
-3.85721476893	-1745.44149336	
-3.86423234159	-1745.44022433	
-3.87120101091	-1745.4389631	
-3.87812145375	-1745.43770965	
-3.88499433304	-1745.43646396	
-3.89182029811	-1745.435226	
-3.8985999851	-1745.43399573	
-3.90533401728	-1745.43277313	
-3.91202300543	-1745.43155817	
-3.91866754815	-1745.43035082	
-3.92526823218	-1745.42915104	
-3.93182563272	-1745.42795879	
-3.93834031375	-1745.42677404	
-3.94481282825	-1745.42559676	
-3.95124371858	-1745.4244269	
-3.95763351668	-1745.42326442	
-3.96398274436	-1745.4221093	
-3.97029191355	-1745.42096148	
-3.97656152657	-1745.41982093	
-3.98279207632	-1745.4186876	
-3.98898404656	-1745.41756145	
-3.99513791214	-1745.41644244	
-4.00125413916	-1745.41533053	
-4.00733318523	-1745.41422568	
-4.01337549969	-1745.41312783	
-4.01938152375	-1745.41203695	
-4.02535169074	-1745.41095299	
-4.03128642625	-1745.4098759	
-4.03718614838	-1745.40880565	
-4.04305126783	-1745.40774218	
-4.04888218815	-1745.40668546	
-4.05467930583	-1745.40563543	
-4.06044301055	-1745.40459205	
-4.06617368526	-1745.40355527	
-4.07187170637	-1745.40252505	
-4.07753744391	-1745.40150135	
-4.08317126162	-1745.40048411	
-4.08877351717	-1745.39947329	
-4.09434456222	-1745.39846885	
-4.0998847426	-1745.39747074	
-4.10539439841	-1745.39647891	
-4.11087386417	-1745.39549332	
-4.11632346894	-1745.39451392	
-4.12174353641	-1745.39354067	
-4.12713438505	-1745.39257353	
-4.13249632819	-1745.39161244	
-4.13782967416	-1745.39065736	
-4.14313472639	-1745.38970825	
-4.14841178349	-1745.38876506	
-4.15366113938	-1745.38782775	
-4.15888308336	-1745.38689627	
-4.16407790024	-1745.38597058	
-4.1692458704	-1745.38505064	
-4.1743872699	-1745.38413639	
-4.17950237056	-1745.38322781	
-4.18459144007	-1745.38232484	
-4.18965474203	-1745.38142744	
-4.19469253606	-1745.38053558	
-4.19970507788	-1745.37964919	
-4.20469261939	-1745.37876825	
-4.20965540873	-1745.37789272	
-4.21459369037	-1745.37702254	
-4.21950770518	-1745.37615768	
-4.22439769047	-1745.3752981	
-4.22926388012	-1745.37444375	
-4.2341065046	-1745.3735946	
-4.23892579103	-1745.3727506	
-4.2437219633	-1745.37191172	
-4.24849524205	-1745.37107791	
-4.25324584481	-1745.37024913	
-4.257973986	-1745.36942535	
-4.26267987704	-1745.36860653	
-4.26736372635	-1745.36779262	
-4.27202573946	-1745.36698359	
-4.27666611902	-1745.3661794	
-4.28128506487	-1745.36538001	
-4.28588277412	-1745.36458539	
-4.29045944115	-1745.36379549	
-4.29501525768	-1745.36301029	
-4.29955041285	-1745.36222974	
-4.3040650932	-1745.3614538	
-4.30855948279	-1745.36068244	
-4.31303376319	-1745.35991563	
-4.31748811354	-1745.35915333	
-4.3219227106	-1745.35839549	
-4.32633772881	-1745.3576421	
-4.33073334029	-1745.35689311	
-4.33510971489	-1745.35614849	
-4.33946702026	-1745.3554082	
-4.34380542185	-1745.35467221	
-4.348125083	-1745.35394049	
-4.3524261649	-1745.35321301	
-4.35670882669	-1745.35248972	
-4.36097322548	-1745.3517706	
-4.36521951636	-1745.35105561	
-4.36944785247	-1745.35034473	
-4.373658385	-1745.34963791	
-4.37785126326	-1745.34893514	
-4.38202663467	-1745.34823637	
-4.38618464482	-1745.34754157	
-4.39032543749	-1745.34685073	
-4.39444915467	-1745.34616379	
-4.39855593663	-1745.34548074	
-4.40264592188	-1745.34480154	
-4.40671924726	-1745.34412617	
-4.41077604796	-1745.34345459	
-4.4148164575	-1745.34278678	
-4.4188406078	-1745.3421227	
-4.42284862919	-1745.34146233	
-4.42684065046	-1745.34080563	
-4.43081679884	-1745.34015259	
-4.43477720006	-1745.33950316	
-4.43872197835	-1745.33885733	
-4.44265125649	-1745.33821507	
-4.44656515581	-1745.33757635	
-4.45046379623	-1745.33694114	
-4.45434729625	-1745.33630941	
-4.45821577303	-1745.33568114	
-4.46206934235	-1745.3350563	
-4.46590811865	-1745.33443487	
-4.46973221509	-1745.33381682	
-4.47354174351	-1745.33320213	
-4.47733681448	-1745.33259076	
-4.48111753732	-1745.33198269	
-4.48488402011	-1745.33137791	
-4.48863636973	-1745.33077638	
-4.49237469184	-1745.33017807	
-4.49609909093	-1745.32958297	
-4.49980967033	-1745.32899106	
-4.50350653221	-1745.3284023	
-4.50718977763	-1745.32781667	
-4.51085950652	-1745.32723415	
-4.51451581772	-1745.32665472	
-4.518158809	-1745.32607835	
-4.52178857705	-1745.32550503	
-4.52540521752	-1745.32493472	
-4.52900882502	-1745.3243674	
-4.53259949315	-1745.32380306	
-4.5361773145	-1745.32324167	
-4.53974238067	-1745.32268321	
-4.54329478227	-1745.32212766	
-4.54683460898	-1745.32157499	
-4.55036194949	-1745.32102519	
-4.5538768916	-1745.32047824	
-4.55737952215	-1745.3199341	
-4.56086992709	-1745.31939277	
-4.56434819147	-1745.31885422	
-4.56781439944	-1745.31831843	
-4.57126863431	-1745.31778538	
-4.5747109785	-1745.31725506	
-4.5781415136	-1745.31672744	
-4.58156032035	-1745.31620249	
-4.58496747867	-1745.31568022	
-4.58836306767	-1745.31516058	
-4.59174716566	-1745.31464357	
-4.59511985013	-1745.31412916	
-4.59848119784	-1745.31361734	
-4.60183128472	-1745.31310809	
-4.60517018599	-1745.31260139	
-4.60849797608	-1745.31209722	
-4.61181472871	-1745.31159556	
-4.61512051684	-1745.3110964	
-4.61841541274	-1745.31059972	
-4.62169948794	-1745.3101055	
-4.62497281328	-1745.30961371	
-4.62823545892	-1745.30912436	
-4.63148749431	-1745.30863741	
-4.63472898823	-1745.30815285	
-4.63796000881	-1745.30767067	
-4.64118062351	-1745.30719085	
-4.64439089914	-1745.30671336	
-4.64759090187	-1745.3062382	
-4.65078069724	-1745.30576535	
-4.65396035016	-1745.3052948	
-4.65712992492	-1745.30482651	
-4.66028948521	-1745.30436049	
-4.66343909411	-1745.30389671	
-4.66657881412	-1745.30343517	
-4.66970870713	-1745.30297583	
-4.67282883446	-1745.30251869	
-4.67593925688	-1745.30206374	
-4.67904003455	-1745.30161096	
-4.68213122712	-1745.30116033	
-4.68521289366	-1745.30071183	
-4.6882850927	-1745.30026546	
-4.69134788223	-1745.2998212	
-4.69440131972	-1745.29937904	
-4.6974454621	-1745.29893895	
-4.70048036579	-1745.29850094	
-4.70350608671	-1745.29806497	
-4.70652268025	-1745.29763105	
-4.70953020131	-1745.29719914	
-4.71252870431	-1745.29676925	
-4.71551824316	-1745.29634136	
-4.7184988713	-1745.29591545	
-4.72147064168	-1745.29549151	
-4.72443360681	-1745.29506953	
-4.72738781871	-1745.2946495	
-4.73033332894	-1745.29423139	
-4.73327018862	-1745.29381521	
-4.73619844839	-1745.29340093	
-4.7391181585	-1745.29298854	
-4.74202936871	-1745.29257804	
-4.74493212836	-1745.2921694	
-4.74782648639	-1745.29176262	
-4.75071249128	-1745.29135768	
-4.75359019111	-1745.29095458	
-4.75645963353	-1745.29055329	
-4.75932086582	-1745.29015381	
-4.7621739348	-1745.28975613	
-4.76501888693	-1745.28936023	
-4.76785576827	-1745.2889661	
-4.77068462447	-1745.28857374	
-4.77350550081	-1745.28818312	
-4.77631844218	-1745.28779424	
-4.77912349311	-1745.28740709	
-4.78192069773	-1745.28702165	
-4.78471009982	-1745.28663792	
-4.78749174278	-1745.28625589	
-4.79026566966	-1745.28587553	
-4.79303192316	-1745.28549685	
-4.7957905456	-1745.28511983	
-4.79854157897	-1745.28474446	
-4.80128506491	-1745.28437072	
-4.80402104473	-1745.28399862	
-4.80674955939	-1745.28362814	
-4.8094706495	-1745.28325927	
-4.81218435537	-1745.28289199	
-4.81489071697	-1745.28252631	
-4.81758977394	-1745.2821622	
-4.82028156561	-1745.28179967	
-4.82296613098	-1745.28143869	
-4.82564350875	-1745.28107926	
-4.8283137373	-1745.28072137	
-4.83097685472	-1745.280365	
-4.83363289878	-1745.28001016	
-4.83628190695	-1745.27965683	
-4.83892391641	-1745.27930501	
-4.84155896405	-1745.27895467	
-4.84418708646	-1745.27860582	
-4.84680831994	-1745.27825844	
-4.84942270051	-1745.27791252	
-4.85203026392	-1745.27756806	
-4.85463104562	-1745.27722505	
-4.8572250808	-1745.27688347	
-4.85981240436	-1745.27654332	
-4.86239305096	-1745.2762046	
-4.86496705495	-1745.27586728	
-4.86753445046	-1745.27553137	
-4.87009527132	-1745.27519685	
-4.87264955112	-1745.27486372	
-4.8751973232	-1745.27453196	
-4.87773862063	-1745.27420157	
-4.88027347623	-1745.27387255	
-4.88280192259	-1745.27354487	
-4.88532399202	-1745.27321854	
-4.88783971662	-1745.27289355	
-4.89034912822	-1745.27256989	
-4.89285225844	-1745.27224754	
-4.89534913864	-1745.27192651	
-4.89783979995	-1745.27160679	
-4.90032427328	-1745.27128835	
-4.90280258929	-1745.27097121	
-4.90527477844	-1745.27065535	
-4.90774087093	-1745.27034077	
-4.91020089677	-1745.27002745	
-4.91265488574	-1745.26971539	
-4.91510286737	-1745.26940458	
-4.91754487103	-1745.26909501	
-4.91998092583	-1745.26878669	
-4.92241106068	-1745.26847959	
-4.92483530429	-1745.26817371	
-4.92725368516	-1745.26786905	
-4.92966623156	-1745.26756559	
-4.93207297159	-1745.26726334	
-4.93447393313	-1745.26696228	
-4.93686914386	-1745.26666241	
-4.93925863125	-1745.26636372	
-4.94164242261	-1745.2660662	
-4.94402054501	-1745.26576985	
-4.94639302537	-1745.26547466	
-4.94875989038	-1745.26518062	
-4.95112116656	-1745.26488773	
-4.95347688026	-1745.26459598	
-4.9558270576	-1745.26430536	
-4.95817172456	-1745.26401587	
-4.96051090691	-1745.2637275	
-4.96284463026	-1745.26344025	
-4.96517292002	-1745.2631541	
-4.96749580144	-1745.26286905	
-4.96981329958	-1745.2625851	
-4.97212543933	-1745.26230224	
-4.97443224543	-1745.26202046	
-4.97673374242	-1745.26173976	
-4.97902995468	-1745.26146012	
-4.98132090643	-1745.26118156	
-4.98360662171	-1745.26090405	
-4.98588712441	-1745.2606276	
-4.98816243824	-1745.26035219	
-4.99043258678	-1745.26007782	
-4.99269759341	-1745.25980449	
-4.99495748138	-1745.25953219	
-4.99721227376	-1745.25926091	
-4.9994619935	-1745.25899065	
-5.00170666335	-1745.25872141	
-5.00394630595	-1745.25845317	
-5.00618094375	-1745.25818593	
-5.00841059907	-1745.25791969	
-5.0106352941	-1745.25765444	
-5.01285505083	-1745.25739017	
-5.01506989116	-1745.25712688	
-5.01727983681	-1745.25686457	
-5.01948490937	-1745.25660323	
-5.02168513028	-1745.25634285	
-5.02388052085	-1745.25608343	
-5.02607110223	-1745.25582496	
-5.02825689545	-1745.25556744	
-5.03043792139	-1745.25531086	
-5.03261420082	-1745.25505522	
-5.03478575433	-1745.25480052	
-5.03695260241	-1745.25454674	
-5.03911476542	-1745.25429388	
-5.04127226356	-1745.25404195	
-5.04342511692	-1745.25379092	
-5.04557334546	-1745.25354081	
-5.047716969	-1745.25329159	
-5.04985600725	-1745.25304328	
-5.05199047978	-1745.25279586	
-5.05412040604	-1745.25254932	
-5.05624580535	-1745.25230368	
-5.05836669692	-1745.25205891	
-5.06048309982	-1745.25181501	
-5.06259503303	-1745.25157199	
-5.06470251537	-1745.25132983	
-5.06680556556	-1745.25108853	
-5.06890420222	-1745.25084809	
-5.07099844382	-1745.25060851	
-5.07308830874	-1745.25036977	
-5.07517381523	-1745.25013187	
-5.07725498144	-1745.24989481	
-5.07933182538	-1745.24965858	
-5.08140436498	-1745.24942319	
-5.08347261805	-1745.24918862	
-5.08553660227	-1745.24895487	
-5.08759633523	-1745.24872194	
-5.08965183441	-1745.24848983	
-5.09170311719	-1745.24825852	
-5.09375020081	-1745.24802802	
-5.09579310244	-1745.24779831	
-5.09783183913	-1745.24756941	
-5.09986642782	-1745.24734129	
-5.10189688537	-1745.24711397	
-5.10392322852	-1745.24688742	
-5.1059454739	-1745.24666166	
-5.10796363806	-1745.24643668	
-5.10997773743	-1745.24621246	
-5.11198778836	-1745.24598902	
-5.11399380708	-1745.24576634	
-5.11599580975	-1745.24554442	
-5.11799381242	-1745.24532325	
-5.11998783102	-1745.24510284	
-5.12197788143	-1745.24488318	
-5.1239639794	-1745.24466427	
-5.12594614061	-1745.24444609	
-5.12792438062	-1745.24422866	
-5.12989871492	-1745.24401196	
-5.13186915891	-1745.24379598	
-5.13383572788	-1745.24358074	
-5.13579843705	-1745.24336622	
-5.13775730154	-1745.24315242	
-5.13971233637	-1745.24293933	
-5.1416635565	-1745.24272696	
-5.14361097679	-1745.2425153	
-5.145554612	-1745.24230434	
-5.14749447681	-1745.24209408	
-5.14943058584	-1745.24188452	
-5.15136295359	-1745.24167566	
-5.1532915945	-1745.24146749	
-5.15521652291	-1745.24126001	
-5.15713775309	-1745.24105321	
-5.15905529921	-1745.24084709	
-5.1609691754	-1745.24064166	
-5.16287939565	-1745.24043689	
-5.16478597392	-1745.2402328	
-5.16668892407	-1745.24002938	
-5.16858825987	-1745.23982662	
-5.17048399504	-1745.23962453	
-5.17237614319	-1745.23942309	
-5.17426471788	-1745.23922231	
-5.17614973257	-1745.23902218	
-5.17803120067	-1745.2388227	
-5.1799091355	-1745.23862387	
-5.18178355029	-1745.23842568	
-5.18365445823	-1745.23822813	
-5.1855218724	-1745.23803122	
-5.18738580584	-1745.23783494	
-5.18924627149	-1745.23763929	
-5.19110328224	-1745.23744427	
-5.19295685089	-1745.23724987	
-5.19480699018	-1745.2370561	
-5.19665371277	-1745.23686294	
-5.19849703127	-1745.2366704	
-5.20033695819	-1745.23647848	
-5.202173506	-1745.23628716	
-5.20400668708	-1745.23609645	
-5.20583651375	-1745.23590635	
-5.20766299828	-1745.23571684	
-5.20948615284	-1745.23552794	
-5.21130598956	-1745.23533963	
-5.21312252048	-1745.23515192	
-5.21493575761	-1745.23496479	
-5.21674571285	-1745.23477826	
-5.21855239808	-1745.23459231	
-5.22035582508	-1745.23440694	
-5.22215600558	-1745.23422215	
-5.22395295126	-1745.23403793	
-5.22574667371	-1745.23385429	
-5.22753718449	-1745.23367123	
-5.22932449506	-1745.23348873	
-5.23110861685	-1745.2333068	
-5.23288956123	-1745.23312543	
-5.23466733947	-1745.23294462	
-5.23644196283	-1745.23276437	
-5.23821344248	-1745.23258468	
-5.23998178954	-1745.23240553	
-5.24174701506	-1745.23222695	
-5.24350913005	-1745.2320489	
-5.24526814546	-1745.23187141	
-5.24702407216	-1745.23169446	
-5.24877692099	-1745.23151805	
-5.25052670271	-1745.23134217	
-5.25227342805	-1745.23116684	
-5.25401710765	-1745.23099203	
-5.25575775213	-1745.23081776	
-5.25749537203	-1745.23064402	
-5.25922997784	-1745.2304708	
-5.26096158	-1745.23029811	
-5.2626901889	-1745.23012593	
-5.26441581487	-1745.22995428	
-5.26613846818	-1745.22978315	
-5.26785815906	-1745.22961252	
-5.26957489768	-1745.22944242	
-5.27128869416	-1745.22927282	
-5.27299955856	-1745.22910373	
-5.27470750091	-1745.22893514	
-5.27641253116	-1745.22876706	
-5.27811465923	-1745.22859948	
-5.27981389498	-1745.2284324	
-5.28151024823	-1745.22826581	
-5.28320372874	-1745.22809972	
-5.28489434622	-1745.22793412	
-5.28658211033	-1745.22776901	
-5.28826703069	-1745.22760439	
-5.28994911688	-1745.22744026	
-5.2916283784	-1745.22727661	
-5.29330482472	-1745.22711344	
-5.29497846528	-1745.22695075	
-5.29664930945	-1745.22678853	
-5.29831736655	-1745.22662679	
-5.29998264587	-1745.22646553	
-5.30164515664	-1745.22630474	
-5.30330490806	-1745.22614441	
-5.30496190927	-1745.22598455	
-5.30661616936	-1745.22582516	
-5.3082676974	-1745.22566623	
-5.30991650239	-1745.22550776	
-5.3115625933	-1745.22534975	
-5.31320597904	-1745.2251922	
-5.3148466685	-1745.22503511	
-5.3164846705	-1745.22487846	
-5.31811999384	-1745.22472227	
-5.31975264727	-1745.22456652	
-5.32138263948	-1745.22441123	
-5.32300997914	-1745.22425638	
-5.32463467487	-1745.22410197	
-5.32625673524	-1745.223948	
-5.32787616879	-1745.22379448	
-5.32949298402	-1745.22364139	
-5.33110718937	-1745.22348874	
-5.33271879327	-1745.22333652	
-5.33432780407	-1745.22318473	
-5.33593423012	-1745.22303338	
-5.3375380797	-1745.22288245	
-5.33913936107	-1745.22273195	
-5.34073808243	-1745.22258188	
-5.34233425196	-1745.22243223	
-5.3439278778	-1745.222283	
-5.34551896803	-1745.22213419	
-5.34710753072	-1745.2219858	
-5.34869357387	-1745.22183782	
-5.35027710548	-1745.22169026	
-5.35185813348	-1745.22154311	
-5.35343666577	-1745.22139637	
-5.35501271022	-1745.22125005	
-5.35658627467	-1745.22110413	
-5.3581573669	-1745.22095861	
-5.35972599468	-1745.2208135	
-5.36129216571	-1745.2206688	
-5.36285588769	-1745.22052449	
-5.36441716825	-1745.22038058	
-5.36597601502	-1745.22023707	
-5.36753243557	-1745.22009396	
-5.36908643744	-1745.21995124	
-5.37063802813	-1745.21980892	
-5.37218721511	-1745.21966698	
-5.37373400583	-1745.21952544	
-5.37527840768	-1745.21938428	
-5.37682042804	-1745.21924351	
-5.37836007422	-1745.21910312	
-5.37989735354	-1745.21896312	
-5.38143227326	-1745.2188235	
-5.38296484061	-1745.21868426	
-5.38449506279	-1745.2185454	
-5.38602294697	-1745.21840691	
-5.38754850028	-1745.2182688	
-5.38907172982	-1745.21813107	
-5.39059264266	-1745.2179937	
-5.39211124583	-1745.21785671	
-5.39362754635	-1745.21772009	
-5.39514155118	-1745.21758383	
-5.39665326727	-1745.21744795	
-5.39816270152	-1745.21731242	
-5.39966986081	-1745.21717727	
-5.40117475199	-1745.21704247	
-5.40267738187	-1745.21690803	
-5.40417775725	-1745.21677396	
-5.40567588487	-1745.21664024	
-5.40717177146	-1745.21650688	
-5.40866542372	-1745.21637387	
-5.4101568483	-1745.21624122	
-5.41164605186	-1745.21610891	
-5.41313304098	-1745.21597696	
-5.41461782224	-1745.21584536	
-5.4161004022	-1745.21571411	
-5.41758078737	-1745.2155832	
-5.41905898424	-1745.21545264	
-5.42053499927	-1745.21532243	
-5.42200883889	-1745.21519255	
-5.4234805095	-1745.21506302	
-5.42495001748	-1745.21493383	
-5.42641736918	-1745.21480497	
-5.4278825709	-1745.21467646	
-5.42934562895	-1745.21454828	
-5.43080654959	-1745.21442043	
-5.43226533906	-1745.21429292	
-5.43372200355	-1745.21416574	
-5.43517654927	-1745.21403889	
-5.43662898235	-1745.21391237	
-5.43807930892	-1745.21378618	
-5.4395275351	-1745.21366031	
-5.44097366695	-1745.21353477	
-5.44241771052	-1745.21340956	
-5.44385967184	-1745.21328467	
-5.4452995569	-1745.2131601	
-5.44673737167	-1745.21303585	
-5.44817312209	-1745.21291192	
-5.44960681409	-1745.21278831	
-5.45103845357	-1745.21266501	
-5.45246804638	-1745.21254203	
-5.45389559837	-1745.21241937	
-5.45532111536	-1745.21229702	
-5.45674460314	-1745.21217498	
-5.45816606749	-1745.21205326	
-5.45958551414	-1745.21193184	
-5.46100294883	-1745.21181073	
-5.46241837723	-1745.21168993	
-5.46383180503	-1745.21156944	
-5.46524323786	-1745.21144925	
-5.46665268137	-1745.21132936	
-5.46806014114	-1745.21120978	
-5.46946562274	-1745.2110905	
-5.47086913175	-1745.21097152	
-5.47227067367	-1745.21085284	
-5.47367025403	-1745.21073446	
-5.47506787829	-1745.21061638	
-5.47646355193	-1745.21049859	
-5.47785728038	-1745.2103811	
-5.47924906905	-1745.2102639	
-5.48063892334	-1745.21014699	
-5.48202684862	-1745.21003038	
-5.48341285022	-1745.20991405	
-5.48479693349	-1745.20979802	
-5.48617910372	-1745.20968227	
-5.48755936619	-1745.20956681	
-5.48893772616	-1745.20945164	
-5.49031418887	-1745.20933676	
-5.49168875953	-1745.20922215	
-5.49306144334	-1745.20910784	
-5.49443224547	-1745.2089938	
-5.49580117108	-1745.20888004	
-5.49716822529	-1745.20876657	
-5.49853341322	-1745.20865337	
-5.49989673995	-1745.20854045	
-5.50125821054	-1745.20842781	
-5.50261783006	-1745.20831545	
-5.50397560352	-1745.20820336	
-5.50533153593	-1745.20809154	
-5.50668563228	-1745.20798	
-5.50803789753	-1745.20786873	
-5.50938833663	-1745.20775773	
-5.5107369545	-1745.207647	
-5.51208375605	-1745.20753653	
-5.51342874616	-1745.20742634	
-5.51477192971	-1745.20731642	
-5.51611331154	-1745.20720676	
-5.51745289646	-1745.20709736	
-5.51879068931	-1745.20698823	
-5.52012669485	-1745.20687937	
-5.52146091786	-1745.20677076	
-5.5227933631	-1745.20666242	
-5.52412403528	-1745.20655434	
-5.52545293913	-1745.20644651	
-5.52678007934	-1745.20633895	
-5.52810546058	-1745.20623164	
-5.52942908751	-1745.20612459	
-5.53075096477	-1745.2060178	
-5.53207109697	-1745.20591126	
-5.53338948873	-1745.20580497	
-5.53470614461	-1745.20569894	
-5.53602106919	-1745.20559316	
-5.53733426702	-1745.20548763	
-5.53864574262	-1745.20538235	
-5.5399555005	-1745.20527733	
-5.54126354516	-1745.20517255	
-5.54256988107	-1745.20506801	
-5.5438745127	-1745.20496373	
-5.54517744448	-1745.20485969	
-5.54647868084	-1745.2047559	
-5.54777822618	-1745.20465235	
-5.5490760849	-1745.20454904	
-5.55037226136	-1745.20444598	
-5.55166675992	-1745.20434315	
-5.55295958492	-1745.20424057	
-5.55425074069	-1745.20413823	
-5.55554023152	-1745.20403613	
-5.5568280617	-1745.20393427	
-5.55811423551	-1745.20383264	
-5.5593987572	-1745.20373125	
-5.56068163102	-1745.2036301	
-5.56196286117	-1745.20352918	
-5.56324245188	-1745.2034285	
-5.56452040732	-1745.20332805	
-5.56579673168	-1745.20322783	
-5.56707142911	-1745.20312785	
-5.56834450376	-1745.20302809	
-5.56961595975	-1745.20292857	
-5.57088580119	-1745.20282927	
-5.57215403218	-1745.20273021	
-5.57342065679	-1745.20263137	
-5.5746856791	-1745.20253276	
-5.57594910315	-1745.20243437	
-5.57721093297	-1745.20233621	
-5.57847117258	-1745.20223828	
-5.57972982599	-1745.20214057	
-5.58098689718	-1745.20204308	
-5.58224239012	-1745.20194582	
-5.58349630878	-1745.20184877	
-5.5847486571	-1745.20175195	
-5.585999439	-1745.20165535	
-5.5872486584	-1745.20155897	
-5.5884963192	-1745.2014628	
-5.58974242528	-1745.20136686	
-5.59098698051	-1745.20127113	
-5.59222998875	-1745.20117562	
-5.59347145384	-1745.20108032	
-5.5947113796	-1745.20098524	
-5.59594976985	-1745.20089038	
-5.59718662839	-1745.20079572	
-5.598421959	-1745.20070128	
-5.59965576545	-1745.20060705	
-5.60088805149	-1745.20051304	
-5.60211882088	-1745.20041923	
-5.60334807733	-1745.20032564	
-5.60457582457	-1745.20023225	
-5.6058020663	-1745.20013907	
-5.60702680619	-1745.2000461	
-5.60825004793	-1745.19995334	
-5.60947179518	-1745.19986079	
-5.61069205159	-1745.19976844	
-5.61191082078	-1745.19967629	
-5.61312810639	-1745.19958435	
-5.61434391201	-1745.19949262	
-5.61555824124	-1745.19940108	
-5.61677109767	-1745.19930975	
-5.61798248485	-1745.19921862	
-5.61919240636	-1745.1991277	
-5.62040086572	-1745.19903697	
-5.62160786647	-1745.19894644	
-5.62281341212	-1745.19885611	
-5.62401750619	-1745.19876598	
-5.62522015215	-1745.19867605	
-5.6264213535	-1745.19858632	
-5.62762111369	-1745.19849678	
-5.62881943618	-1745.19840744	
-5.63001632442	-1745.19831829	
-5.63121178182	-1745.19822934	
-5.63240581181	-1745.19814058	
-5.6335984178	-1745.19805202	
-5.63478960317	-1745.19796365	
-5.6359793713	-1745.19787547	
-5.63716772557	-1745.19778748	
-5.63835466933	-1745.19769968	
-5.63954020593	-1745.19761208	
-5.64072433869	-1745.19752466	
-5.64190707094	-1745.19743743	
-5.64308840598	-1745.19735039	
-5.64426834712	-1745.19726354	
-5.64544689764	-1745.19717688	
-5.64662406082	-1745.1970904	
-5.64779983991	-1745.19700411	
-5.64897423816	-1745.196918	
-5.65014725882	-1745.19683208	
-5.65131890512	-1745.19674634	
-5.65248918027	-1745.19666079	
-5.65365808747	-1745.19657542	
-5.65482562993	-1745.19649023	
-5.65599181082	-1745.19640522	
-5.65715663332	-1745.1963204	
-5.65832010058	-1745.19623576	
-5.65948221576	-1745.19615129	
-5.660642982	-1745.19606701	
-5.66180240242	-1745.1959829	
-5.66296048014	-1745.19589898	
-5.66411721826	-1745.19581523	
-5.66527261989	-1745.19573166	
-5.66642668811	-1745.19564826	
-5.66757942599	-1745.19556504	
-5.6687308366	-1745.195482	
-5.66988092298	-1745.19539913	
-5.67102968818	-1745.19531644	
-5.67217713524	-1745.19523392	
-5.67332326717	-1745.19515157	
-5.67446808699	-1745.1950694	
-5.67561159769	-1745.1949874	
-5.67675380227	-1745.19490557	
-5.6778947037	-1745.19482391	
-5.67903430497	-1745.19474243	
-5.68017260902	-1745.19466111	
-5.6813096188	-1745.19457996	
-5.68244533727	-1745.19449899	
-5.68357976734	-1745.19441818	
-5.68471291194	-1745.19433754	
-5.68584477397	-1745.19425706	
-5.68697535634	-1745.19417676	
-5.68810466194	-1745.19409662	
-5.68923269364	-1745.19401664	
-5.69035945432	-1745.19393684	
-5.69148494685	-1745.19385719	
-5.69260917406	-1745.19377771	
-5.6937321388	-1745.1936984	
-5.69485384391	-1745.19361925	
-5.69597429221	-1745.19354026	
-5.69709348651	-1745.19346143	
-5.69821142961	-1745.19338277	
-5.69932812431	-1745.19330427	
-5.70044357339	-1745.19322593	
-5.70155777963	-1745.19314775	
-5.7026707458	-1745.19306973	
-5.70378247466	-1745.19299187	
-5.70489296894	-1745.19291416	
-5.70600223139	-1745.19283662	
-5.70711026475	-1745.19275923	
-5.70821707172	-1745.19268201	
-5.70932265503	-1745.19260494	
-5.71042701737	-1745.19252802	
-5.71153016145	-1745.19245126	
-5.71263208993	-1745.19237466	
-5.71373280551	-1745.19229821	
-5.71483231084	-1745.19222192	
-5.71593060859	-1745.19214578	
-5.71702770141	-1745.1920698	
-5.71812359193	-1745.19199397	
-5.71921828279	-1745.19191829	
-5.72031177661	-1745.19184276	
-5.72140407601	-1745.19176739	
-5.72249518359	-1745.19169217	
-5.72358510195	-1745.1916171	
-5.72467383369	-1745.19154217	
-5.72576138137	-1745.1914674	
-5.72684774759	-1745.19139278	
-5.72793293489	-1745.19131831	
-5.72901694583	-1745.19124399	
-5.73009978297	-1745.19116981	
-5.73118144884	-1745.19109579	
-5.73226194598	-1745.19102191	
-5.7333412769	-1745.19094818	
-5.73441944412	-1745.19087459	
-5.73549645015	-1745.19080115	
-5.73657229748	-1745.19072786	
-5.73764698861	-1745.19065471	
-5.73872052602	-1745.19058171	
-5.73979291218	-1745.19050885	
-5.74086414956	-1745.19043613	
-5.74193424062	-1745.19036356	
-5.74300318781	-1745.19029113	
-5.74407099357	-1745.19021885	
-5.74513766034	-1745.1901467	
-5.74620319054	-1745.1900747	
-5.7472675866	-1745.19000284	
-5.74833085092	-1745.18993112	
-5.74939298591	-1745.18985954	
-5.75045399397	-1745.18978811	
-5.75151387748	-1745.18971681	
-5.75257263883	-1745.18964565	
-5.75363028038	-1745.18957463	
-5.75468680452	-1745.18950375	
-5.75574221359	-1745.18943301	
-5.75679650994	-1745.1893624	
-5.75784969593	-1745.18929193	
-5.75890177388	-1745.1892216	
-5.75995274612	-1745.18915141	
-5.76100261499	-1745.18908135	
-5.76205138278	-1745.18901143	
-5.76309905181	-1745.18894164	
-5.76414562438	-1745.18887199	
-5.76519110278	-1745.18880247	
-5.7662354893	-1745.18873309	
-5.76727878622	-1745.18866384	
-5.76832099579	-1745.18859472	
-5.7693621203	-1745.18852574	
-5.770402162	-1745.18845689	
-5.77144112313	-1745.18838817	
-5.77247900594	-1745.18831959	
-5.77351581267	-1745.18825113	
-5.77455154554	-1745.18818281	
-5.77558620679	-1745.18811462	
-5.77661979861	-1745.18804656	
-5.77765232322	-1745.18797863	
-5.77868378283	-1745.18791082	
-5.77971417962	-1745.18784315	
-5.78074351579	-1745.18777561	
-5.78177179352	-1745.18770819	
-5.78279901497	-1745.18764091	
-5.78382518233	-1745.18757375	
-5.78485029774	-1745.18750672	
-5.78587436337	-1745.18743981	
-5.78689738137	-1745.18737303	
-5.78791935386	-1745.18730638	
-5.788940283	-1745.18723986	
-5.7899601709	-1745.18717346	
-5.79097901969	-1745.18710719	
-5.79199683148	-1745.18704104	
-5.79301360838	-1745.18697501	
-5.7940293525	-1745.18690911	
-5.79504406593	-1745.18684334	
-5.79605775077	-1745.18677768	
-5.79707040908	-1745.18671215	
-5.79808204295	-1745.18664675	
-5.79909265446	-1745.18658146	
-5.80010224566	-1745.1865163	
-5.80111081862	-1745.18645126	
-5.80211837538	-1745.18638634	
-5.80312491799	-1745.18632155	
-5.80413044849	-1745.18625687	
-5.80513496892	-1745.18619231	
-5.80613848129	-1745.18612788	
-5.80714098764	-1745.18606356	
-5.80814248998	-1745.18599937	
-5.80914299031	-1745.18593529	
