#Site	lnL	
0	-3.8371076043
1	-4.33075145092
2	-5.75334933484
3	-3.77410402293
4	-3.77313423524
5	-5.75334933484
6	-4.16000598721
7	-4.33075145092
8	-14.7333987622
9	-3.77410402293
10	-3.83625852161
11	-15.1200793192
12	-3.8371076043
13	-4.33075145092
14	-5.92893071228
15	-3.77410402293
16	-3.77313423524
17	-5.92893071228
18	-3.8371076043
19	-4.33075145092
20	-8.73216160746
21	-4.16000598721
22	-3.83625852161
23	-21.0968817956
24	-3.8371076043
25	-3.83625852161
26	-15.6745919231
27	-4.16000598721
28	-4.33075145092
29	-5.92893071228
30	-3.8371076043
31	-3.77313423524
32	-14.7961453943
33	-3.8371076043
34	-3.83625852161
35	-12.5100112609
36	-4.332024375
37	-3.77313423524
38	-5.75334933484
39	-4.16000598721
40	-4.33075145092
41	-7.96362574932
42	-4.16000598721
43	-3.83625852161
44	-7.98561356784
45	-3.77410402293
46	-3.77313423524
47	-9.08741610429
48	-3.77410402293
49	-3.77313423524
50	-5.75334933484
51	-4.16000598721
52	-3.77313423524
53	-12.0863690296
54	-3.77410402293
55	-3.83625852161
56	-5.92893071228
57	-3.8371076043
58	-4.33075145092
59	-10.3746869321
60	-4.332024375
61	-4.15866620614
62	-11.2300141998
63	-3.8371076043
64	-3.83625852161
65	-5.75334933484
66	-4.332024375
67	-4.15866620614
68	-7.51629775733
69	-4.16000598721
70	-3.83625852161
71	-7.4955311357
72	-15.0106431766
73	-3.77313423524
74	-7.98561356784
75	-3.77410402293
76	-3.83625852161
77	-19.6581194056
78	-4.332024375
79	-14.6085282215
80	-9.46724930727
81	-4.16000598721
82	-3.77313423524
83	-14.6557571377
84	-4.16000598721
85	-3.83625852161
86	-5.75334933484
87	-4.332024375
88	-4.15866620614
89	-16.9260519071
90	-3.77410402293
91	-4.33075145092
92	-14.9315511915
93	-3.8371076043
94	-4.33075145092
95	-9.72311578852
96	-3.8371076043
97	-3.83625852161
98	-5.92893071228
99	-3.8371076043
100	-4.33075145092
101	-10.4065199824
102	-3.8371076043
103	-4.33075145092
104	-9.01250995135
105	-3.77410402293
106	-4.33075145092
107	-11.0617338607
108	-4.332024375
109	-4.33075145092
110	-5.75334933484
111	-3.77410402293
112	-3.83625852161
113	-10.7706155224
114	-4.332024375
115	-4.33075145092
116	-8.97057739476
117	-3.8371076043
118	-3.77313423524
119	-18.2294055817
120	-4.16000598721
121	-3.83625852161
122	-5.75334933484
123	-3.8371076043
124	-3.77313423524
125	-5.75334933484
126	-4.16000598721
127	-3.77313423524
128	-5.92893071228
129	-4.332024375
130	-3.83625852161
131	-7.23527512158
132	-3.77410402293
133	-4.15866620614
134	-7.96362574932
135	-3.8371076043
136	-3.83625852161
137	-10.9062506562
138	-3.8371076043
139	-4.15866620614
140	-7.14235977249
141	-3.8371076043
142	-3.83625852161
143	-11.1567411467
144	-3.77410402293
145	-3.83625852161
146	-8.72271384236
147	-3.8371076043
148	-4.15866620614
149	-5.75334933484
150	-4.332024375
151	-3.83625852161
152	-10.8470245973
153	-8.66421080931
154	-4.33075145092
155	-7.4955311357
156	-4.332024375
157	-3.83625852161
158	-17.2513811243
159	-3.8371076043
160	-3.83625852161
161	-9.50457668247
162	-3.8371076043
163	-3.77313423524
164	-8.97057739476
165	-13.6791623049
166	-3.77313423524
167	-12.1357524911
168	-3.8371076043
169	-3.77313423524
170	-15.4015590467
171	-3.8371076043
172	-3.83625852161
173	-10.195598494
174	-4.332024375
175	-3.83625852161
176	-7.14235977249
177	-3.77410402293
178	-4.15866620614
179	-5.92893071228
180	-4.332024375
181	-3.77313423524
182	-14.3419084944
183	-4.332024375
184	-3.77313423524
185	-5.75334933484
186	-3.77410402293
187	-4.15866620614
188	-5.75334933484
189	-3.8371076043
190	-3.77313423524
191	-12.1357524911
192	-4.16000598721
193	-3.77313423524
194	-8.72271384236
195	-4.16000598721
196	-4.15866620614
197	-7.30718450542
198	-3.8371076043
199	-4.33075145092
200	-9.53451920035
201	-4.332024375
202	-3.77313423524
203	-14.4158606224
204	-3.77410402293
205	-3.83625852161
206	-12.1078775772
207	-4.16000598721
208	-3.77313423524
209	-8.61653655446
210	-4.16000598721
211	-3.83625852161
212	-7.23527512158
213	-3.77410402293
214	-3.77313423524
215	-9.8616487894
216	-3.8371076043
217	-3.77313423524
218	-12.6473750113
219	-4.16000598721
220	-3.83625852161
221	-15.8058089593
222	-3.77410402293
223	-3.77313423524
224	-7.13357000982
225	-4.332024375
226	-3.77313423524
227	-7.14235977249
228	-3.77410402293
229	-4.33075145092
230	-5.92893071228
231	-3.8371076043
232	-4.33075145092
233	-7.30718450542
234	-3.77410402293
235	-3.83625852161
236	-9.70805758722
237	-4.16000598721
238	-4.15866620614
239	-7.23527512158
240	-3.8371076043
241	-10.1719502107
242	-11.0614934807
243	-4.16000598721
244	-3.77313423524
245	-5.75334933484
246	-3.8371076043
247	-4.33075145092
248	-7.30718450542
249	-3.8371076043
250	-3.77313423524
251	-7.23527512158
252	-4.16000598721
253	-4.15866620614
254	-5.92893071228
255	-3.8371076043
256	-3.77313423524
257	-10.2691650612
258	-4.332024375
259	-3.77313423524
260	-19.4846050469
261	-3.8371076043
262	-3.77313423524
263	-10.1955926475
264	-4.16000598721
265	-10.1719502107
266	-15.1096433454
267	-3.77410402293
268	-3.77313423524
269	-7.23527512158
270	-4.16000598721
271	-3.77313423524
272	-5.75334933484
273	-3.77410402293
274	-9.11801973565
275	-7.23527512158
276	-3.77410402293
277	-3.77313423524
278	-7.13357000982
279	-3.8371076043
280	-3.77313423524
281	-15.1641907312
282	-4.332024375
283	-4.33075145092
284	-7.30718450542
285	-3.77410402293
286	-4.33075145092
287	-7.98561356784
288	-4.332024375
289	-3.77313423524
290	-5.92893071228
291	-9.73364549659
292	-3.77313423524
293	-11.6598492422
294	-9.12543794021
295	-3.77313423524
296	-10.0003462727
297	-4.16000598721
298	-3.83625852161
299	-5.92893071228
300	-4.16000598721
301	-3.77313423524
302	-9.37493152937
303	-4.16000598721
304	-3.77313423524
305	-10.817670278
306	-4.16000598721
307	-3.83625852161
308	-9.01296845056
309	-4.16000598721
310	-3.83625852161
311	-8.61506705365
312	-3.8371076043
313	-4.15866620614
314	-13.3230639391
315	-4.16000598721
316	-3.83625852161
317	-10.9823406923
318	-3.8371076043
319	-3.83625852161
320	-13.983588981
321	-4.16000598721
322	-3.83625852161
323	-8.55196654965
324	-8.90700839662
325	-12.8590845089
326	-8.82786899637
327	-3.77410402293
328	-8.92135604518
329	-5.75334933484
330	-3.77410402293
331	-4.33075145092
332	-7.13357000982
333	-3.8371076043
334	-4.33075145092
335	-8.09789873515
336	-3.77410402293
337	-3.77313423524
338	-12.9171407856
339	-3.8371076043
340	-4.15866620614
341	-12.6055010802
342	-3.77410402293
343	-4.15866620614
344	-5.92893071228
345	-3.8371076043
346	-4.33075145092
347	-5.75334933484
348	-3.77410402293
349	-3.77313423524
350	-7.13357000982
351	-3.8371076043
352	-4.33075145092
353	-12.948681948
354	-4.332024375
355	-3.77313423524
356	-14.4514372357
357	-4.16000598721
358	-4.33075145092
359	-5.75334933484
360	-8.66421080931
361	-3.77313423524
362	-8.54973265531
363	-3.77410402293
364	-3.83625852161
365	-5.75334933484
366	-20.5188011958
367	-8.89759619037
368	-8.6117162093
369	-8.64314421843
370	-3.77313423524
371	-7.23527512158
372	-3.77410402293
373	-8.92135604518
374	-11.1413609528
375	-3.8371076043
376	-4.15866620614
377	-10.274863041
378	-3.77410402293
379	-3.83625852161
380	-9.74295360398
381	-4.16000598721
382	-3.83625852161
383	-14.2497578747
384	-3.77410402293
385	-4.33075145092
386	-13.427333973
387	-9.51669839249
388	-4.33075145092
389	-5.75334933484
390	-3.77410402293
391	-9.77379768774
392	-7.30718450542
393	-4.16000598721
394	-4.15866620614
395	-5.92893071228
396	-3.8371076043
397	-4.33075145092
398	-9.53451920035
399	-3.8371076043
400	-3.83625852161
401	-7.13357000982
402	-3.8371076043
403	-4.33075145092
404	-5.92893071228
405	-4.16000598721
406	-3.77313423524
407	-5.75334933484
408	-3.8371076043
409	-3.83625852161
410	-10.3444560932
411	-3.77410402293
412	-4.33075145092
413	-7.44791089748
414	-3.8371076043
415	-4.15866620614
416	-10.1732350367
417	-4.16000598721
418	-3.83625852161
419	-5.75334933484
420	-3.77410402293
421	-4.15866620614
422	-7.14235977249
423	-3.8371076043
424	-9.11801973565
425	-7.30718450542
426	-4.332024375
427	-4.15866620614
428	-7.13357000982
429	-3.77410402293
430	-4.33075145092
431	-10.2345222806
432	-3.8371076043
433	-4.15866620614
434	-9.7788370604
435	-3.77410402293
436	-4.15866620614
437	-8.37232604325
438	-4.332024375
439	-3.77313423524
440	-11.2293923348
441	-3.8371076043
442	-3.77313423524
443	-11.1155670222
444	-4.16000598721
445	-3.83625852161
446	-8.6117162093
447	-3.77410402293
448	-4.15866620614
449	-8.31031372263
450	-4.16000598721
451	-3.83625852161
452	-10.9640574775
453	-3.8371076043
454	-3.83625852161
455	-9.94431045902
456	-3.8371076043
457	-4.33075145092
458	-13.2884294313
459	-3.77410402293
460	-4.33075145092
461	-12.4233232259
462	-3.77410402293
463	-4.33075145092
464	-8.67050178019
465	-3.77410402293
466	-3.77313423524
467	-7.48718589622
468	-4.332024375
469	-4.15866620614
470	-10.3522687509
471	-4.16000598721
472	-3.83625852161
473	-11.4672917499
474	-3.77410402293
475	-3.83625852161
476	-7.13357000982
477	-4.16000598721
478	-4.33075145092
479	-5.75334933484
480	-3.77410402293
481	-4.33075145092
482	-11.2347519741
483	-4.16000598721
484	-3.77313423524
485	-11.3092236728
486	-3.77410402293
487	-3.77313423524
488	-17.3584007269
