# log_p 	 lnL 	 
0.0	-1595.68236405	
-0.287682072452	-1595.68228168	
-0.510825623766	-1595.68212028	
-0.69314718056	-1595.68188558	
-0.847297860387	-1595.68159034	
-0.980829253012	-1595.68124598	
-1.09861228867	-1595.6808609	
-1.20397280433	-1595.68044112	
-1.29928298413	-1595.67999115	
-1.38629436112	-1595.67951471	
-1.46633706879	-1595.67901506	
-1.54044504095	-1595.67849519	
-1.60943791243	-1595.67795787	
-1.67397643357	-1595.67740568	
-1.73460105539	-1595.67684101	
-1.79175946923	-1595.67626605	
-1.8458266905	-1595.67568279	
-1.89711998489	-1595.67509301	
-1.94591014906	-1595.6744983	
-1.99243016469	-1595.67390009	
-2.03688192726	-1595.67329963	
-2.07944154168	-1595.672698	
-2.1202635362	-1595.67209617	
-2.15948424935	-1595.67149497	
-2.19722457734	-1595.67089512	
-2.23359222151	-1595.67029725	
-2.26868354132	-1595.66970189	
-2.30258509299	-1595.66910949	
-2.33537491582	-1595.66852046	
-2.36712361413	-1595.66793511	
-2.3978952728	-1595.66735373	
-2.42774823595	-1595.66677656	
-2.45673577282	-1595.66620378	
-2.48490664979	-1595.66563557	
-2.51230562398	-1595.66507204	
-2.53897387106	-1595.6645133	
-2.56494935746	-1595.66395944	
-2.59026716545	-1595.66341051	
-2.61495977804	-1595.66286657	
-2.63905732962	-1595.66232763	
-2.66258782703	-1595.66179372	
-2.68557734525	-1595.66126484	
-2.7080502011	-1595.66074099	
-2.73002910782	-1595.66022216	
-2.75153531304	-1595.65970832	
-2.77258872224	-1595.65919945	
-2.79320800944	-1595.65869553	
-2.81341071676	-1595.65819651	
-2.83321334406	-1595.65770235	
-2.85263142991	-1595.65721302	
-2.87167962488	-1595.65672848	
-2.8903717579	-1595.65624866	
-2.90872089656	-1595.65577353	
-2.92673940207	-1595.65530303	
-2.94443897917	-1595.65483712	
-2.96183072188	-1595.65437574	
-2.97892515524	-1595.65391883	
-2.99573227355	-1595.65346635	
-3.01226157551	-1595.65301824	
-3.02852209638	-1595.65257445	
-3.04452243772	-1595.65213491	
-3.06027079469	-1595.65169959	
-3.07577498123	-1595.65126842	
-3.09104245336	-1595.65084135	
-3.10608033072	-1595.65041833	
-3.12089541651	-1595.6499993	
-3.13549421593	-1595.64958421	
-3.14988295338	-1595.64917302	
-3.16406758837	-1595.64876566	
-3.17805383035	-1595.64836209	
-3.19184715248	-1595.64796226	
-3.20545280454	-1595.64756612	
-3.21887582487	-1595.64717362	
-3.23212105162	-1595.64678471	
-3.24519313319	-1595.64639934	
-3.25809653802	-1595.64601747	
-3.2708355638	-1595.64563905	
-3.28341434601	-1595.64526404	
-3.295836866	-1595.64489238	
-3.3081069586	-1595.64452404	
-3.32022831913	-1595.64415898	
-3.33220451018	-1595.64379714	
-3.34403896782	-1595.64343849	
-3.35573500759	-1595.64308299	
-3.36729582999	-1595.64273059	
-3.37872452581	-1595.64238125	
-3.39002408106	-1595.64203494	
-3.40119738166	-1595.64169162	
-3.41224721785	-1595.64135124	
-3.42317628838	-1595.64101377	
-3.43398720449	-1595.64067918	
-3.4446824936	-1595.64034742	
-3.45526460293	-1595.64001847	
-3.4657359028	-1595.63969228	
-3.47609868984	-1595.63936881	
-3.48635519	-1595.63904805	
-3.49650756147	-1595.63872995	
-3.50655789732	-1595.63841448	
-3.51650822817	-1595.6381016	
-3.52636052462	-1595.63779129	
-3.53611669956	-1595.63748351	
-3.54577861047	-1595.63717824	
-3.55534806149	-1595.63687544	
-3.56482680544	-1595.63657508	
-3.57421654579	-1595.63627713	
-3.58351893846	-1595.63598157	
-3.59273559356	-1595.63568836	
-3.60186807712	-1595.63539748	
-3.61091791264	-1595.6351089	
-3.61988658263	-1595.63482259	
-3.62877553004	-1595.63453853	
-3.63758615973	-1595.63425668	
-3.6463198397	-1595.63397703	
-3.65497790244	-1595.63369955	
-3.66356164613	-1595.63342421	
-3.6720723358	-1595.63315098	
-3.68051120444	-1595.63287985	
-3.68887945411	-1595.63261079	
-3.69717825693	-1595.63234377	
-3.70540875607	-1595.63207877	
-3.7135720667	-1595.63181578	
-3.72166927694	-1595.63155476	
-3.72970144863	-1595.63129569	
-3.73766961828	-1595.63103856	
-3.74557479779	-1595.63078334	
-3.75341797525	-1595.63053	
-3.76120011569	-1595.63027854	
-3.76892216179	-1595.63002892	
-3.77658503453	-1595.62978113	
-3.78418963392	-1595.62953515	
-3.79173683955	-1595.62929096	
-3.79922751128	-1595.62904853	
-3.80666248977	-1595.62880786	
-3.81404259707	-1595.62856891	
-3.82136863716	-1595.62833168	
-3.82864139649	-1595.62809614	
-3.83586164446	-1595.62786228	
-3.84303013394	-1595.62763007	
-3.85014760171	-1595.6273995	
-3.85721476893	-1595.62717055	
-3.86423234159	-1595.62694321	
-3.87120101091	-1595.62671746	
-3.87812145375	-1595.62649328	
-3.88499433304	-1595.62627066	
-3.89182029811	-1595.62604958	
-3.8985999851	-1595.62583002	
-3.90533401728	-1595.62561196	
-3.91202300543	-1595.6253954	
-3.91866754815	-1595.62518032	
-3.92526823218	-1595.6249667	
-3.93182563272	-1595.62475452	
-3.93834031375	-1595.62454378	
-3.94481282825	-1595.62433446	
-3.95124371858	-1595.62412654	
-3.95763351668	-1595.62392001	
-3.96398274436	-1595.62371486	
-3.97029191355	-1595.62351106	
-3.97656152657	-1595.62330862	
-3.98279207632	-1595.62310751	
-3.98898404656	-1595.62290772	
-3.99513791214	-1595.62270925	
-4.00125413916	-1595.62251206	
-4.00733318523	-1595.62231617	
-4.01337549969	-1595.62212154	
-4.01938152375	-1595.62192817	
-4.02535169074	-1595.62173605	
-4.03128642625	-1595.62154516	
-4.03718614838	-1595.6213555	
-4.04305126783	-1595.62116705	
-4.04888218815	-1595.62097979	
-4.05467930583	-1595.62079373	
-4.06044301055	-1595.62060884	
-4.06617368526	-1595.62042511	
-4.07187170637	-1595.62024255	
-4.07753744391	-1595.62006112	
-4.08317126162	-1595.61988083	
-4.08877351717	-1595.61970166	
-4.09434456222	-1595.6195236	
-4.0998847426	-1595.61934665	
-4.10539439841	-1595.61917078	
-4.11087386417	-1595.618996	
-4.11632346894	-1595.61882229	
-4.12174353641	-1595.61864964	
-4.12713438505	-1595.61847804	
-4.13249632819	-1595.61830748	
-4.13782967416	-1595.61813796	
-4.14313472639	-1595.61796946	
-4.14841178349	-1595.61780198	
-4.15366113938	-1595.6176355	
-4.15888308336	-1595.61747001	
-4.16407790024	-1595.61730552	
-4.1692458704	-1595.617142	
-4.1743872699	-1595.61697945	
-4.17950237056	-1595.61681787	
-4.18459144007	-1595.61665723	
-4.18965474203	-1595.61649754	
-4.19469253606	-1595.61633879	
-4.19970507788	-1595.61618096	
-4.20469261939	-1595.61602405	
-4.20965540873	-1595.61586806	
-4.21459369037	-1595.61571297	
-4.21950770518	-1595.61555877	
-4.22439769047	-1595.61540546	
-4.22926388012	-1595.61525304	
-4.2341065046	-1595.61510148	
-4.23892579103	-1595.61495079	
-4.2437219633	-1595.61480096	
-4.24849524205	-1595.61465198	
-4.25324584481	-1595.61450384	
-4.257973986	-1595.61435654	
-4.26267987704	-1595.61421007	
-4.26736372635	-1595.61406442	
-4.27202573946	-1595.61391959	
-4.27666611902	-1595.61377556	
-4.28128506487	-1595.61363234	
-4.28588277412	-1595.61348991	
-4.29045944115	-1595.61334827	
-4.29501525768	-1595.61320741	
-4.29955041285	-1595.61306733	
-4.3040650932	-1595.61292802	
-4.30855948279	-1595.61278947	
-4.31303376319	-1595.61265167	
-4.31748811354	-1595.61251463	
-4.3219227106	-1595.61237833	
-4.32633772881	-1595.61224277	
-4.33073334029	-1595.61210794	
-4.33510971489	-1595.61197384	
-4.33946702026	-1595.61184045	
-4.34380542185	-1595.61170778	
-4.348125083	-1595.61157583	
-4.3524261649	-1595.61144457	
-4.35670882669	-1595.61131401	
-4.36097322548	-1595.61118414	
-4.36521951636	-1595.61105496	
-4.36944785247	-1595.61092647	
-4.373658385	-1595.61079864	
-4.37785126326	-1595.61067149	
-4.38202663467	-1595.610545	
-4.38618464482	-1595.61041917	
-4.39032543749	-1595.610294	
-4.39444915467	-1595.61016948	
-4.39855593663	-1595.6100456	
-4.40264592188	-1595.60992236	
-4.40671924726	-1595.60979976	
-4.41077604796	-1595.60967778	
-4.4148164575	-1595.60955643	
-4.4188406078	-1595.6094357	
-4.42284862919	-1595.60931559	
-4.42684065046	-1595.60919608	
-4.43081679884	-1595.60907719	
-4.43477720006	-1595.60895889	
-4.43872197835	-1595.60884119	
-4.44265125649	-1595.60872409	
-4.44656515581	-1595.60860757	
-4.45046379623	-1595.60849163	
-4.45434729625	-1595.60837627	
-4.45821577303	-1595.60826149	
-4.46206934235	-1595.60814728	
-4.46590811865	-1595.60803364	
-4.46973221509	-1595.60792055	
-4.47354174351	-1595.60780803	
-4.47733681448	-1595.60769606	
-4.48111753732	-1595.60758463	
-4.48488402011	-1595.60747376	
-4.48863636973	-1595.60736342	
-4.49237469184	-1595.60725362	
-4.49609909093	-1595.60714436	
-4.49980967033	-1595.60703563	
-4.50350653221	-1595.60692742	
-4.50718977763	-1595.60681973	
-4.51085950652	-1595.60671257	
-4.51451581772	-1595.60660591	
-4.518158809	-1595.60649977	
-4.52178857705	-1595.60639414	
-4.52540521752	-1595.60628901	
-4.52900882502	-1595.60618437	
-4.53259949315	-1595.60608024	
-4.5361773145	-1595.6059766	
-4.53974238067	-1595.60587344	
-4.54329478227	-1595.60577078	
-4.54683460898	-1595.60566859	
-4.55036194949	-1595.60556689	
-4.5538768916	-1595.60546566	
-4.55737952215	-1595.6053649	
-4.56086992709	-1595.60526462	
-4.56434819147	-1595.60516479	
-4.56781439944	-1595.60506543	
-4.57126863431	-1595.60496653	
-4.5747109785	-1595.60486809	
-4.5781415136	-1595.6047701	
-4.58156032035	-1595.60467256	
-4.58496747867	-1595.60457546	
-4.58836306767	-1595.60447881	
-4.59174716566	-1595.6043826	
-4.59511985013	-1595.60428683	
-4.59848119784	-1595.60419149	
-4.60183128472	-1595.60409659	
-4.60517018599	-1595.60400211	
-4.60849797608	-1595.60390806	
-4.61181472871	-1595.60381443	
-4.61512051684	-1595.60372122	
-4.61841541274	-1595.60362843	
-4.62169948794	-1595.60353605	
-4.62497281328	-1595.60344409	
-4.62823545892	-1595.60335253	
-4.63148749431	-1595.60326138	
-4.63472898823	-1595.60317064	
-4.63796000881	-1595.60308029	
-4.64118062351	-1595.60299035	
-4.64439089914	-1595.60290079	
-4.64759090187	-1595.60281164	
-4.65078069724	-1595.60272287	
-4.65396035016	-1595.60263449	
-4.65712992492	-1595.60254649	
-4.66028948521	-1595.60245888	
-4.66343909411	-1595.60237165	
-4.66657881412	-1595.60228479	
-4.66970870713	-1595.60219831	
-4.67282883446	-1595.60211221	
-4.67593925688	-1595.60202647	
-4.67904003455	-1595.6019411	
-4.68213122712	-1595.6018561	
-4.68521289366	-1595.60177146	
-4.6882850927	-1595.60168718	
-4.69134788223	-1595.60160327	
-4.69440131972	-1595.6015197	
-4.6974454621	-1595.60143649	
-4.70048036579	-1595.60135364	
-4.70350608671	-1595.60127113	
-4.70652268025	-1595.60118897	
-4.70953020131	-1595.60110716	
-4.71252870431	-1595.60102569	
-4.71551824316	-1595.60094455	
-4.7184988713	-1595.60086376	
-4.72147064168	-1595.60078331	
-4.72443360681	-1595.60070319	
-4.72738781871	-1595.6006234	
-4.73033332894	-1595.60054394	
-4.73327018862	-1595.60046481	
-4.73619844839	-1595.60038601	
-4.7391181585	-1595.60030753	
-4.74202936871	-1595.60022937	
-4.74493212836	-1595.60015154	
-4.74782648639	-1595.60007402	
-4.75071249128	-1595.59999682	
-4.75359019111	-1595.59991993	
-4.75645963353	-1595.59984335	
-4.75932086582	-1595.59976709	
-4.7621739348	-1595.59969113	
-4.76501888693	-1595.59961548	
-4.76785576827	-1595.59954014	
-4.77068462447	-1595.5994651	
-4.77350550081	-1595.59939036	
-4.77631844218	-1595.59931592	
-4.77912349311	-1595.59924178	
-4.78192069773	-1595.59916793	
-4.78471009982	-1595.59909438	
-4.78749174278	-1595.59902112	
-4.79026566966	-1595.59894815	
-4.79303192316	-1595.59887547	
-4.7957905456	-1595.59880307	
-4.79854157897	-1595.59873096	
-4.80128506491	-1595.59865914	
-4.80402104473	-1595.5985876	
-4.80674955939	-1595.59851633	
-4.8094706495	-1595.59844535	
-4.81218435537	-1595.59837464	
-4.81489071697	-1595.59830421	
-4.81758977394	-1595.59823406	
-4.82028156561	-1595.59816417	
-4.82296613098	-1595.59809456	
-4.82564350875	-1595.59802521	
-4.8283137373	-1595.59795613	
-4.83097685472	-1595.59788732	
-4.83363289878	-1595.59781878	
-4.83628190695	-1595.59775049	
-4.83892391641	-1595.59768247	
-4.84155896405	-1595.59761471	
-4.84418708646	-1595.5975472	
-4.84680831994	-1595.59747995	
-4.84942270051	-1595.59741296	
-4.85203026392	-1595.59734622	
-4.85463104562	-1595.59727974	
-4.8572250808	-1595.5972135	
-4.85981240436	-1595.59714752	
-4.86239305096	-1595.59708178	
-4.86496705495	-1595.59701629	
-4.86753445046	-1595.59695105	
-4.87009527132	-1595.59688605	
-4.87264955112	-1595.59682129	
-4.8751973232	-1595.59675678	
-4.87773862063	-1595.5966925	
-4.88027347623	-1595.59662846	
-4.88280192259	-1595.59656467	
-4.88532399202	-1595.5965011	
-4.88783971662	-1595.59643777	
-4.89034912822	-1595.59637468	
-4.89285225844	-1595.59631181	
-4.89534913864	-1595.59624918	
-4.89783979995	-1595.59618678	
-4.90032427328	-1595.5961246	
-4.90280258929	-1595.59606266	
-4.90527477844	-1595.59600093	
-4.90774087093	-1595.59593944	
-4.91020089677	-1595.59587816	
-4.91265488574	-1595.59581711	
-4.91510286737	-1595.59575628	
-4.91754487103	-1595.59569567	
-4.91998092583	-1595.59563527	
-4.92241106068	-1595.5955751	
-4.92483530429	-1595.59551514	
-4.92725368516	-1595.5954554	
-4.92966623156	-1595.59539587	
-4.93207297159	-1595.59533655	
-4.93447393313	-1595.59527744	
-4.93686914386	-1595.59521855	
-4.93925863125	-1595.59515986	
-4.94164242261	-1595.59510138	
-4.94402054501	-1595.59504311	
-4.94639302537	-1595.59498504	
-4.94875989038	-1595.59492718	
-4.95112116656	-1595.59486953	
-4.95347688026	-1595.59481207	
-4.9558270576	-1595.59475482	
-4.95817172456	-1595.59469777	
-4.96051090691	-1595.59464091	
-4.96284463026	-1595.59458426	
-4.96517292002	-1595.5945278	
-4.96749580144	-1595.59447154	
-4.96981329958	-1595.59441548	
-4.97212543933	-1595.59435961	
-4.97443224543	-1595.59430393	
-4.97673374242	-1595.59424845	
-4.97902995468	-1595.59419315	
-4.98132090643	-1595.59413805	
-4.98360662171	-1595.59408313	
-4.98588712441	-1595.59402841	
-4.98816243824	-1595.59397387	
-4.99043258678	-1595.59391952	
-4.99269759341	-1595.59386535	
-4.99495748138	-1595.59381137	
-4.99721227376	-1595.59375757	
-4.9994619935	-1595.59370396	
-5.00170666335	-1595.59365052	
-5.00394630595	-1595.59359727	
-5.00618094375	-1595.5935442	
-5.00841059907	-1595.5934913	
-5.0106352941	-1595.59343859	
-5.01285505083	-1595.59338605	
-5.01506989116	-1595.59333368	
-5.01727983681	-1595.5932815	
-5.01948490937	-1595.59322948	
-5.02168513028	-1595.59317764	
-5.02388052085	-1595.59312598	
-5.02607110223	-1595.59307448	
-5.02825689545	-1595.59302316	
-5.03043792139	-1595.592972	
-5.03261420082	-1595.59292102	
-5.03478575433	-1595.5928702	
-5.03695260241	-1595.59281956	
-5.03911476542	-1595.59276907	
-5.04127226356	-1595.59271876	
-5.04342511692	-1595.59266861	
-5.04557334546	-1595.59261862	
-5.047716969	-1595.5925688	
-5.04985600725	-1595.59251914	
-5.05199047978	-1595.59246964	
-5.05412040604	-1595.5924203	
-5.05624580535	-1595.59237113	
-5.05836669692	-1595.59232211	
-5.06048309982	-1595.59227325	
-5.06259503303	-1595.59222455	
-5.06470251537	-1595.59217601	
-5.06680556556	-1595.59212762	
-5.06890420222	-1595.59207939	
-5.07099844382	-1595.59203132	
-5.07308830874	-1595.59198339	
-5.07517381523	-1595.59193563	
-5.07725498144	-1595.59188801	
-5.07933182538	-1595.59184055	
-5.08140436498	-1595.59179323	
-5.08347261805	-1595.59174607	
-5.08553660227	-1595.59169906	
-5.08759633523	-1595.5916522	
-5.08965183441	-1595.59160548	
-5.09170311719	-1595.59155892	
-5.09375020081	-1595.5915125	
-5.09579310244	-1595.59146622	
-5.09783183913	-1595.5914201	
-5.09986642782	-1595.59137411	
-5.10189688537	-1595.59132828	
-5.10392322852	-1595.59128258	
-5.1059454739	-1595.59123703	
-5.10796363806	-1595.59119162	
-5.10997773743	-1595.59114635	
-5.11198778836	-1595.59110122	
-5.11399380708	-1595.59105623	
-5.11599580975	-1595.59101139	
-5.11799381242	-1595.59096668	
-5.11998783102	-1595.59092211	
-5.12197788143	-1595.59087767	
-5.1239639794	-1595.59083338	
-5.12594614061	-1595.59078922	
-5.12792438062	-1595.59074519	
-5.12989871492	-1595.5907013	
-5.13186915891	-1595.59065755	
-5.13383572788	-1595.59061393	
-5.13579843705	-1595.59057044	
-5.13775730154	-1595.59052709	
-5.13971233637	-1595.59048386	
-5.1416635565	-1595.59044077	
-5.14361097679	-1595.59039781	
-5.145554612	-1595.59035498	
-5.14749447681	-1595.59031228	
-5.14943058584	-1595.59026971	
-5.15136295359	-1595.59022727	
-5.1532915945	-1595.59018495	
-5.15521652291	-1595.59014276	
-5.15713775309	-1595.5901007	
-5.15905529921	-1595.59005876	
-5.1609691754	-1595.59001696	
-5.16287939565	-1595.58997527	
-5.16478597392	-1595.58993371	
-5.16668892407	-1595.58989227	
-5.16858825987	-1595.58985096	
-5.17048399504	-1595.58980977	
-5.17237614319	-1595.5897687	
-5.17426471788	-1595.58972775	
-5.17614973257	-1595.58968693	
-5.17803120067	-1595.58964622	
-5.1799091355	-1595.58960564	
-5.18178355029	-1595.58956517	
-5.18365445823	-1595.58952483	
-5.1855218724	-1595.5894846	
-5.18738580584	-1595.58944449	
-5.18924627149	-1595.5894045	
-5.19110328224	-1595.58936462	
-5.19295685089	-1595.58932486	
-5.19480699018	-1595.58928522	
-5.19665371277	-1595.58924569	
-5.19849703127	-1595.58920628	
-5.20033695819	-1595.58916698	
-5.202173506	-1595.5891278	
-5.20400668708	-1595.58908872	
-5.20583651375	-1595.58904977	
-5.20766299828	-1595.58901092	
-5.20948615284	-1595.58897219	
-5.21130598956	-1595.58893356	
-5.21312252048	-1595.58889505	
-5.21493575761	-1595.58885665	
-5.21674571285	-1595.58881836	
-5.21855239808	-1595.58878018	
-5.22035582508	-1595.5887421	
-5.22215600558	-1595.58870414	
-5.22395295126	-1595.58866628	
-5.22574667371	-1595.58862854	
-5.22753718449	-1595.58859089	
-5.22932449506	-1595.58855336	
-5.23110861685	-1595.58851593	
-5.23288956123	-1595.58847861	
-5.23466733947	-1595.58844139	
-5.23644196283	-1595.58840428	
-5.23821344248	-1595.58836727	
-5.23998178954	-1595.58833037	
-5.24174701506	-1595.58829357	
-5.24350913005	-1595.58825687	
-5.24526814546	-1595.58822028	
-5.24702407216	-1595.58818378	
-5.24877692099	-1595.58814739	
-5.25052670271	-1595.58811111	
-5.25227342805	-1595.58807492	
-5.25401710765	-1595.58803883	
-5.25575775213	-1595.58800284	
-5.25749537203	-1595.58796696	
-5.25922997784	-1595.58793117	
-5.26096158	-1595.58789548	
-5.2626901889	-1595.58785989	
-5.26441581487	-1595.5878244	
-5.26613846818	-1595.587789	
-5.26785815906	-1595.58775371	
-5.26957489768	-1595.58771851	
-5.27128869416	-1595.5876834	
-5.27299955856	-1595.5876484	
-5.27470750091	-1595.58761348	
-5.27641253116	-1595.58757867	
-5.27811465923	-1595.58754395	
-5.27981389498	-1595.58750932	
-5.28151024823	-1595.58747478	
-5.28320372874	-1595.58744035	
-5.28489434622	-1595.587406	
-5.28658211033	-1595.58737175	
-5.28826703069	-1595.58733759	
-5.28994911688	-1595.58730352	
-5.2916283784	-1595.58726954	
-5.29330482472	-1595.58723566	
-5.29497846528	-1595.58720186	
-5.29664930945	-1595.58716816	
-5.29831736655	-1595.58713455	
-5.29998264587	-1595.58710102	
-5.30164515664	-1595.58706759	
-5.30330490806	-1595.58703425	
-5.30496190927	-1595.58700099	
-5.30661616936	-1595.58696783	
-5.3082676974	-1595.58693475	
-5.30991650239	-1595.58690176	
-5.3115625933	-1595.58686886	
-5.31320597904	-1595.58683604	
-5.3148466685	-1595.58680331	
-5.3164846705	-1595.58677067	
-5.31811999384	-1595.58673812	
-5.31975264727	-1595.58670565	
-5.32138263948	-1595.58667326	
-5.32300997914	-1595.58664096	
-5.32463467487	-1595.58660875	
-5.32625673524	-1595.58657662	
-5.32787616879	-1595.58654457	
-5.32949298402	-1595.58651261	
-5.33110718937	-1595.58648073	
-5.33271879327	-1595.58644893	
-5.33432780407	-1595.58641722	
-5.33593423012	-1595.58638559	
-5.3375380797	-1595.58635404	
-5.33913936107	-1595.58632258	
-5.34073808243	-1595.58629119	
-5.34233425196	-1595.58625989	
-5.3439278778	-1595.58622866	
-5.34551896803	-1595.58619752	
-5.34710753072	-1595.58616646	
-5.34869357387	-1595.58613548	
-5.35027710548	-1595.58610458	
-5.35185813348	-1595.58607375	
-5.35343666577	-1595.58604301	
-5.35501271022	-1595.58601234	
-5.35658627467	-1595.58598176	
-5.3581573669	-1595.58595125	
-5.35972599468	-1595.58592082	
-5.36129216571	-1595.58589046	
-5.36285588769	-1595.58586019	
-5.36441716825	-1595.58582999	
-5.36597601502	-1595.58579987	
-5.36753243557	-1595.58576982	
-5.36908643744	-1595.58573985	
-5.37063802813	-1595.58570995	
-5.37218721511	-1595.58568013	
-5.37373400583	-1595.58565039	
-5.37527840768	-1595.58562072	
-5.37682042804	-1595.58559113	
-5.37836007422	-1595.58556161	
-5.37989735354	-1595.58553216	
-5.38143227326	-1595.58550279	
-5.38296484061	-1595.58547349	
-5.38449506279	-1595.58544427	
-5.38602294697	-1595.58541511	
-5.38754850028	-1595.58538603	
-5.38907172982	-1595.58535703	
-5.39059264266	-1595.58532809	
-5.39211124583	-1595.58529923	
-5.39362754635	-1595.58527043	
-5.39514155118	-1595.58524171	
-5.39665326727	-1595.58521306	
-5.39816270152	-1595.58518449	
-5.39966986081	-1595.58515598	
-5.40117475199	-1595.58512754	
-5.40267738187	-1595.58509917	
-5.40417775725	-1595.58507087	
-5.40567588487	-1595.58504264	
-5.40717177146	-1595.58501449	
-5.40866542372	-1595.58498639	
-5.4101568483	-1595.58495837	
-5.41164605186	-1595.58493042	
-5.41313304098	-1595.58490253	
-5.41461782224	-1595.58487472	
-5.4161004022	-1595.58484697	
-5.41758078737	-1595.58481929	
-5.41905898424	-1595.58479167	
-5.42053499927	-1595.58476412	
-5.42200883889	-1595.58473664	
-5.4234805095	-1595.58470923	
-5.42495001748	-1595.58468188	
-5.42641736918	-1595.5846546	
-5.4278825709	-1595.58462738	
-5.42934562895	-1595.58460023	
-5.43080654959	-1595.58457315	
-5.43226533906	-1595.58454613	
-5.43372200355	-1595.58451917	
-5.43517654927	-1595.58449228	
-5.43662898235	-1595.58446545	
-5.43807930892	-1595.58443869	
-5.4395275351	-1595.58441199	
-5.44097366695	-1595.58438536	
-5.44241771052	-1595.58435879	
-5.44385967184	-1595.58433228	
-5.4452995569	-1595.58430583	
-5.44673737167	-1595.58427945	
-5.44817312209	-1595.58425313	
-5.44960681409	-1595.58422687	
-5.45103845357	-1595.58420068	
-5.45246804638	-1595.58417454	
-5.45389559837	-1595.58414847	
-5.45532111536	-1595.58412246	
-5.45674460314	-1595.58409651	
-5.45816606749	-1595.58407062	
-5.45958551414	-1595.58404479	
-5.46100294883	-1595.58401903	
-5.46241837723	-1595.58399332	
-5.46383180503	-1595.58396767	
-5.46524323786	-1595.58394209	
-5.46665268137	-1595.58391656	
-5.46806014114	-1595.58389109	
-5.46946562274	-1595.58386569	
-5.47086913175	-1595.58384034	
-5.47227067367	-1595.58381505	
-5.47367025403	-1595.58378982	
-5.47506787829	-1595.58376464	
-5.47646355193	-1595.58373953	
-5.47785728038	-1595.58371447	
-5.47924906905	-1595.58368947	
-5.48063892334	-1595.58366453	
-5.48202684862	-1595.58363965	
-5.48341285022	-1595.58361482	
-5.48479693349	-1595.58359005	
-5.48617910372	-1595.58356534	
-5.48755936619	-1595.58354069	
-5.48893772616	-1595.58351609	
-5.49031418887	-1595.58349154	
-5.49168875953	-1595.58346706	
-5.49306144334	-1595.58344263	
-5.49443224547	-1595.58341825	
-5.49580117108	-1595.58339393	
-5.49716822529	-1595.58336967	
-5.49853341322	-1595.58334546	
-5.49989673995	-1595.5833213	
-5.50125821054	-1595.58329721	
-5.50261783006	-1595.58327316	
-5.50397560352	-1595.58324917	
-5.50533153593	-1595.58322523	
-5.50668563228	-1595.58320135	
-5.50803789753	-1595.58317752	
-5.50938833663	-1595.58315375	
-5.5107369545	-1595.58313003	
-5.51208375605	-1595.58310636	
-5.51342874616	-1595.58308275	
-5.51477192971	-1595.58305918	
-5.51611331154	-1595.58303568	
-5.51745289646	-1595.58301222	
-5.51879068931	-1595.58298882	
-5.52012669485	-1595.58296546	
-5.52146091786	-1595.58294216	
-5.5227933631	-1595.58291892	
-5.52412403528	-1595.58289572	
-5.52545293913	-1595.58287258	
-5.52678007934	-1595.58284948	
-5.52810546058	-1595.58282644	
-5.52942908751	-1595.58280345	
-5.53075096477	-1595.58278051	
-5.53207109697	-1595.58275762	
-5.53338948873	-1595.58273478	
-5.53470614461	-1595.58271199	
-5.53602106919	-1595.58268926	
-5.53733426702	-1595.58266657	
-5.53864574262	-1595.58264393	
-5.5399555005	-1595.58262134	
-5.54126354516	-1595.5825988	
-5.54256988107	-1595.58257631	
-5.5438745127	-1595.58255387	
-5.54517744448	-1595.58253148	
-5.54647868084	-1595.58250914	
-5.54777822618	-1595.58248684	
-5.5490760849	-1595.5824646	
-5.55037226136	-1595.5824424	
-5.55166675992	-1595.58242025	
-5.55295958492	-1595.58239815	
-5.55425074069	-1595.5823761	
-5.55554023152	-1595.58235409	
-5.5568280617	-1595.58233213	
-5.55811423551	-1595.58231022	
-5.5593987572	-1595.58228836	
-5.56068163102	-1595.58226655	
-5.56196286117	-1595.58224478	
-5.56324245188	-1595.58222306	
-5.56452040732	-1595.58220138	
-5.56579673168	-1595.58217975	
-5.56707142911	-1595.58215817	
-5.56834450376	-1595.58213663	
-5.56961595975	-1595.58211515	
-5.57088580119	-1595.5820937	
-5.57215403218	-1595.5820723	
-5.57342065679	-1595.58205095	
-5.5746856791	-1595.58202964	
-5.57594910315	-1595.58200838	
-5.57721093297	-1595.58198717	
-5.57847117258	-1595.581966	
-5.57972982599	-1595.58194487	
-5.58098689718	-1595.58192379	
-5.58224239012	-1595.58190275	
-5.58349630878	-1595.58188176	
-5.5847486571	-1595.58186081	
-5.585999439	-1595.58183991	
-5.5872486584	-1595.58181905	
-5.5884963192	-1595.58179823	
-5.58974242528	-1595.58177746	
-5.59098698051	-1595.58175673	
-5.59222998875	-1595.58173605	
-5.59347145384	-1595.58171541	
-5.5947113796	-1595.58169481	
-5.59594976985	-1595.58167425	
-5.59718662839	-1595.58165374	
-5.598421959	-1595.58163327	
-5.59965576545	-1595.58161284	
-5.60088805149	-1595.58159246	
-5.60211882088	-1595.58157212	
-5.60334807733	-1595.58155182	
-5.60457582457	-1595.58153156	
-5.6058020663	-1595.58151135	
-5.60702680619	-1595.58149117	
-5.60825004793	-1595.58147104	
-5.60947179518	-1595.58145095	
-5.61069205159	-1595.58143091	
-5.61191082078	-1595.5814109	
-5.61312810639	-1595.58139093	
-5.61434391201	-1595.58137101	
-5.61555824124	-1595.58135113	
-5.61677109767	-1595.58133128	
-5.61798248485	-1595.58131148	
-5.61919240636	-1595.58129172	
-5.62040086572	-1595.581272	
-5.62160786647	-1595.58125232	
-5.62281341212	-1595.58123268	
-5.62401750619	-1595.58121308	
-5.62522015215	-1595.58119352	
-5.6264213535	-1595.581174	
-5.62762111369	-1595.58115452	
-5.62881943618	-1595.58113508	
-5.63001632442	-1595.58111568	
-5.63121178182	-1595.58109632	
-5.63240581181	-1595.581077	
-5.6335984178	-1595.58105771	
-5.63478960317	-1595.58103847	
-5.6359793713	-1595.58101926	
-5.63716772557	-1595.5810001	
-5.63835466933	-1595.58098097	
-5.63954020593	-1595.58096188	
-5.64072433869	-1595.58094283	
-5.64190707094	-1595.58092382	
-5.64308840598	-1595.58090484	
-5.64426834712	-1595.58088591	
-5.64544689764	-1595.58086701	
-5.64662406082	-1595.58084815	
-5.64779983991	-1595.58082933	
-5.64897423816	-1595.58081054	
-5.65014725882	-1595.5807918	
-5.65131890512	-1595.58077309	
-5.65248918027	-1595.58075441	
-5.65365808747	-1595.58073578	
-5.65482562993	-1595.58071718	
-5.65599181082	-1595.58069862	
-5.65715663332	-1595.5806801	
-5.65832010058	-1595.58066161	
-5.65948221576	-1595.58064316	
-5.660642982	-1595.58062474	
-5.66180240242	-1595.58060637	
-5.66296048014	-1595.58058802	
-5.66411721826	-1595.58056972	
-5.66527261989	-1595.58055145	
-5.66642668811	-1595.58053322	
-5.66757942599	-1595.58051502	
-5.6687308366	-1595.58049686	
-5.66988092298	-1595.58047873	
-5.67102968818	-1595.58046064	
-5.67217713524	-1595.58044259	
-5.67332326717	-1595.58042457	
-5.67446808699	-1595.58040658	
-5.67561159769	-1595.58038863	
-5.67675380227	-1595.58037072	
-5.6778947037	-1595.58035284	
-5.67903430497	-1595.580335	
-5.68017260902	-1595.58031719	
-5.6813096188	-1595.58029941	
-5.68244533727	-1595.58028167	
-5.68357976734	-1595.58026397	
-5.68471291194	-1595.58024629	
-5.68584477397	-1595.58022866	
-5.68697535634	-1595.58021105	
-5.68810466194	-1595.58019349	
-5.68923269364	-1595.58017595	
-5.69035945432	-1595.58015845	
-5.69148494685	-1595.58014098	
-5.69260917406	-1595.58012355	
-5.6937321388	-1595.58010615	
-5.69485384391	-1595.58008878	
-5.69597429221	-1595.58007145	
-5.69709348651	-1595.58005415	
-5.69821142961	-1595.58003688	
-5.69932812431	-1595.58001965	
-5.70044357339	-1595.58000244	
-5.70155777963	-1595.57998528	
-5.7026707458	-1595.57996814	
-5.70378247466	-1595.57995104	
-5.70489296894	-1595.57993397	
-5.70600223139	-1595.57991693	
-5.70711026475	-1595.57989993	
-5.70821707172	-1595.57988295	
-5.70932265503	-1595.57986601	
-5.71042701737	-1595.5798491	
-5.71153016145	-1595.57983223	
-5.71263208993	-1595.57981538	
-5.71373280551	-1595.57979857	
-5.71483231084	-1595.57978179	
-5.71593060859	-1595.57976504	
-5.71702770141	-1595.57974832	
-5.71812359193	-1595.57973164	
-5.71921828279	-1595.57971498	
-5.72031177661	-1595.57969836	
-5.72140407601	-1595.57968177	
-5.72249518359	-1595.57966521	
-5.72358510195	-1595.57964868	
-5.72467383369	-1595.57963218	
-5.72576138137	-1595.57961571	
-5.72684774759	-1595.57959927	
-5.72793293489	-1595.57958287	
-5.72901694583	-1595.57956649	
-5.73009978297	-1595.57955015	
-5.73118144884	-1595.57953383	
-5.73226194598	-1595.57951755	
-5.7333412769	-1595.57950129	
-5.73441944412	-1595.57948507	
-5.73549645015	-1595.57946887	
-5.73657229748	-1595.57945271	
-5.73764698861	-1595.57943658	
-5.73872052602	-1595.57942047	
-5.73979291218	-1595.5794044	
-5.74086414956	-1595.57938835	
-5.74193424062	-1595.57937234	
-5.74300318781	-1595.57935635	
-5.74407099357	-1595.5793404	
-5.74513766034	-1595.57932447	
-5.74620319054	-1595.57930857	
-5.7472675866	-1595.57929271	
-5.74833085092	-1595.57927687	
-5.74939298591	-1595.57926106	
-5.75045399397	-1595.57924528	
-5.75151387748	-1595.57922952	
-5.75257263883	-1595.5792138	
-5.75363028038	-1595.57919811	
-5.75468680452	-1595.57918244	
-5.75574221359	-1595.5791668	
-5.75679650994	-1595.5791512	
-5.75784969593	-1595.57913561	
-5.75890177388	-1595.57912006	
-5.75995274612	-1595.57910454	
-5.76100261499	-1595.57908904	
-5.76205138278	-1595.57907358	
-5.76309905181	-1595.57905814	
-5.76414562438	-1595.57904273	
-5.76519110278	-1595.57902734	
-5.7662354893	-1595.57901199	
-5.76727878622	-1595.57899666	
-5.76832099579	-1595.57898136	
-5.7693621203	-1595.57896608	
-5.770402162	-1595.57895084	
-5.77144112313	-1595.57893562	
-5.77247900594	-1595.57892043	
-5.77351581267	-1595.57890527	
-5.77455154554	-1595.57889013	
-5.77558620679	-1595.57887502	
-5.77661979861	-1595.57885994	
-5.77765232322	-1595.57884489	
-5.77868378283	-1595.57882986	
-5.77971417962	-1595.57881486	
-5.78074351579	-1595.57879988	
-5.78177179352	-1595.57878494	
-5.78279901497	-1595.57877001	
-5.78382518233	-1595.57875512	
-5.78485029774	-1595.57874025	
-5.78587436337	-1595.57872541	
-5.78689738137	-1595.5787106	
-5.78791935386	-1595.57869581	
-5.788940283	-1595.57868104	
-5.7899601709	-1595.57866631	
-5.79097901969	-1595.5786516	
-5.79199683148	-1595.57863691	
-5.79301360838	-1595.57862225	
-5.7940293525	-1595.57860762	
-5.79504406593	-1595.57859301	
-5.79605775077	-1595.57857843	
-5.79707040908	-1595.57856388	
-5.79808204295	-1595.57854935	
-5.79909265446	-1595.57853484	
-5.80010224566	-1595.57852036	
-5.80111081862	-1595.57850591	
-5.80211837538	-1595.57849148	
-5.80312491799	-1595.57847708	
-5.80413044849	-1595.5784627	
-5.80513496892	-1595.57844835	
-5.80613848129	-1595.57843402	
-5.80714098764	-1595.57841972	
-5.80814248998	-1595.57840544	
-5.80914299031	-1595.57839119	
