# log_p 	 lnL 	 
0.0	-1742.20914664	
-0.287682072452	-1742.19469739	
-0.510825623766	-1742.1751274	
-0.69314718056	-1742.1501158	
-0.847297860387	-1742.12013851	
-0.980829253012	-1742.08615615	
-1.09861228867	-1742.04924056	
-1.20397280433	-1742.01037333	
-1.29928298413	-1741.97037238	
-1.38629436112	-1741.92988384	
-1.46633706879	-1741.88940059	
-1.54044504095	-1741.84928862	
-1.60943791243	-1741.80981304	
-1.67397643357	-1741.77116054	
-1.73460105539	-1741.73345779	
-1.79175946923	-1741.69678603	
-1.8458266905	-1741.66119233	
-1.89711998489	-1741.62669835	
-1.94591014906	-1741.59330695	
-1.99243016469	-1741.56100723	
-2.03688192726	-1741.52977844	
-2.07944154168	-1741.49959281	
-2.1202635362	-1741.47041782	
-2.15948424935	-1741.44221788	
-2.19722457734	-1741.41495556	
-2.23359222151	-1741.38859258	
-2.26868354132	-1741.36309047	
-2.30258509299	-1741.33841116	
-2.33537491582	-1741.31451734	
-2.36712361413	-1741.2913727	
-2.3978952728	-1741.2689422	
-2.42774823595	-1741.24719213	
-2.45673577282	-1741.22609021	
-2.48490664979	-1741.20560565	
-2.51230562398	-1741.18570914	
-2.53897387106	-1741.16637283	
-2.56494935746	-1741.14757034	
-2.59026716545	-1741.12927668	
-2.61495977804	-1741.11146825	
-2.63905732962	-1741.09412272	
-2.66258782703	-1741.07721904	
-2.68557734525	-1741.06073735	
-2.7080502011	-1741.04465894	
-2.73002910782	-1741.02896613	
-2.75153531304	-1741.01364231	
-2.77258872224	-1740.9986718	
-2.79320800944	-1740.98403983	
-2.81341071676	-1740.96973248	
-2.83321334406	-1740.95573664	
-2.85263142991	-1740.94203993	
-2.87167962488	-1740.92863071	
-2.8903717579	-1740.91549797	
-2.90872089656	-1740.90263134	
-2.92673940207	-1740.89002101	
-2.94443897917	-1740.87765773	
-2.96183072188	-1740.86553275	
-2.97892515524	-1740.85363781	
-2.99573227355	-1740.84196508	
-3.01226157551	-1740.83050716	
-3.02852209638	-1740.81925704	
-3.04452243772	-1740.80820805	
-3.06027079469	-1740.7973539	
-3.07577498123	-1740.7866886	
-3.09104245336	-1740.77620646	
-3.10608033072	-1740.76590208	
-3.12089541651	-1740.75577032	
-3.13549421593	-1740.74580627	
-3.14988295338	-1740.73600528	
-3.16406758837	-1740.72636289	
-3.17805383035	-1740.71687487	
-3.19184715248	-1740.70753715	
-3.20545280454	-1740.69834587	
-3.21887582487	-1740.68929732	
-3.23212105162	-1740.68038795	
-3.24519313319	-1740.67161437	
-3.25809653802	-1740.66297331	
-3.2708355638	-1740.65446164	
-3.28341434601	-1740.64607637	
-3.295836866	-1740.63781461	
-3.3081069586	-1740.62967358	
-3.32022831913	-1740.62165062	
-3.33220451018	-1740.61374314	
-3.34403896782	-1740.60594867	
-3.35573500759	-1740.59826482	
-3.36729582999	-1740.59068928	
-3.37872452581	-1740.58321981	
-3.39002408106	-1740.57585426	
-3.40119738166	-1740.56859055	
-3.41224721785	-1740.56142666	
-3.42317628838	-1740.55436064	
-3.43398720449	-1740.54739058	
-3.4446824936	-1740.54051466	
-3.45526460293	-1740.53373109	
-3.4657359028	-1740.52703814	
-3.47609868984	-1740.52043414	
-3.48635519	-1740.51391745	
-3.49650756147	-1740.50748649	
-3.50655789732	-1740.50113971	
-3.51650822817	-1740.49487562	
-3.52636052462	-1740.48869274	
-3.53611669956	-1740.48258967	
-3.54577861047	-1740.476565	
-3.55534806149	-1740.47061739	
-3.56482680544	-1740.46474551	
-3.57421654579	-1740.45894809	
-3.58351893846	-1740.45322386	
-3.59273559356	-1740.44757159	
-3.60186807712	-1740.4419901	
-3.61091791264	-1740.43647821	
-3.61988658263	-1740.43103478	
-3.62877553004	-1740.42565868	
-3.63758615973	-1740.42034883	
-3.6463198397	-1740.41510416	
-3.65497790244	-1740.40992362	
-3.66356164613	-1740.40480619	
-3.6720723358	-1740.39975087	
-3.68051120444	-1740.39475666	
-3.68887945411	-1740.38982263	
-3.69717825693	-1740.38494781	
-3.70540875607	-1740.38013129	
-3.7135720667	-1740.37537217	
-3.72166927694	-1740.37066956	
-3.72970144863	-1740.36602259	
-3.73766961828	-1740.36143041	
-3.74557479779	-1740.35689219	
-3.75341797525	-1740.3524071	
-3.76120011569	-1740.34797435	
-3.76892216179	-1740.34359314	
-3.77658503453	-1740.3392627	
-3.78418963392	-1740.33498227	
-3.79173683955	-1740.33075111	
-3.79922751128	-1740.32656849	
-3.80666248977	-1740.32243368	
-3.81404259707	-1740.31834598	
-3.82136863716	-1740.3143047	
-3.82864139649	-1740.31030915	
-3.83586164446	-1740.30635868	
-3.84303013394	-1740.30245262	
-3.85014760171	-1740.29859033	
-3.85721476893	-1740.29477117	
-3.86423234159	-1740.29099453	
-3.87120101091	-1740.28725979	
-3.87812145375	-1740.28356634	
-3.88499433304	-1740.2799136	
-3.89182029811	-1740.27630099	
-3.8985999851	-1740.27272794	
-3.90533401728	-1740.26919387	
-3.91202300543	-1740.26569825	
-3.91866754815	-1740.26224053	
-3.92526823218	-1740.25882017	
-3.93182563272	-1740.25543666	
-3.93834031375	-1740.25208947	
-3.94481282825	-1740.24877809	
-3.95124371858	-1740.24550203	
-3.95763351668	-1740.24226079	
-3.96398274436	-1740.2390539	
-3.97029191355	-1740.23588088	
-3.97656152657	-1740.23274125	
-3.98279207632	-1740.22963456	
-3.98898404656	-1740.22656036	
-3.99513791214	-1740.2235182	
-4.00125413916	-1740.22050765	
-4.00733318523	-1740.21752826	
-4.01337549969	-1740.21457962	
-4.01938152375	-1740.21166131	
-4.02535169074	-1740.20877292	
-4.03128642625	-1740.20591405	
-4.03718614838	-1740.20308428	
-4.04305126783	-1740.20028325	
-4.04888218815	-1740.19751055	
-4.05467930583	-1740.19476581	
-4.06044301055	-1740.19204865	
-4.06617368526	-1740.18935871	
-4.07187170637	-1740.18669562	
-4.07753744391	-1740.18405903	
-4.08317126162	-1740.18144859	
-4.08877351717	-1740.17886395	
-4.09434456222	-1740.17630477	
-4.0998847426	-1740.17377071	
-4.10539439841	-1740.17126145	
-4.11087386417	-1740.16877665	
-4.11632346894	-1740.16631601	
-4.12174353641	-1740.1638792	
-4.12713438505	-1740.16146592	
-4.13249632819	-1740.15907585	
-4.13782967416	-1740.1567087	
-4.14313472639	-1740.15436417	
-4.14841178349	-1740.15204197	
-4.15366113938	-1740.14974181	
-4.15888308336	-1740.14746341	
-4.16407790024	-1740.14520649	
-4.1692458704	-1740.14297077	
-4.1743872699	-1740.14075598	
-4.17950237056	-1740.13856186	
-4.18459144007	-1740.13638814	
-4.18965474203	-1740.13423456	
-4.19469253606	-1740.13210088	
-4.19970507788	-1740.12998683	
-4.20469261939	-1740.12789217	
-4.20965540873	-1740.12581666	
-4.21459369037	-1740.12376005	
-4.21950770518	-1740.12172211	
-4.22439769047	-1740.11970261	
-4.22926388012	-1740.11770131	
-4.2341065046	-1740.11571799	
-4.23892579103	-1740.11375243	
-4.2437219633	-1740.1118044	
-4.24849524205	-1740.10987369	
-4.25324584481	-1740.10796008	
-4.257973986	-1740.10606337	
-4.26267987704	-1740.10418335	
-4.26736372635	-1740.1023198	
-4.27202573946	-1740.10047254	
-4.27666611902	-1740.09864135	
-4.28128506487	-1740.09682606	
-4.28588277412	-1740.09502645	
-4.29045944115	-1740.09324234	
-4.29501525768	-1740.09147355	
-4.29955041285	-1740.08971989	
-4.3040650932	-1740.08798118	
-4.30855948279	-1740.08625723	
-4.31303376319	-1740.08454787	
-4.31748811354	-1740.08285292	
-4.3219227106	-1740.08117222	
-4.32633772881	-1740.07950559	
-4.33073334029	-1740.07785287	
-4.33510971489	-1740.07621389	
-4.33946702026	-1740.07458848	
-4.34380542185	-1740.07297649	
-4.348125083	-1740.07137776	
-4.3524261649	-1740.06979213	
-4.35670882669	-1740.06821945	
-4.36097322548	-1740.06665957	
-4.36521951636	-1740.06511233	
-4.36944785247	-1740.0635776	
-4.373658385	-1740.06205522	
-4.37785126326	-1740.06054505	
-4.38202663467	-1740.05904695	
-4.38618464482	-1740.05756077	
-4.39032543749	-1740.05608639	
-4.39444915467	-1740.05462367	
-4.39855593663	-1740.05317247	
-4.40264592188	-1740.05173266	
-4.40671924726	-1740.05030411	
-4.41077604796	-1740.04888669	
-4.4148164575	-1740.04748027	
-4.4188406078	-1740.04608473	
-4.42284862919	-1740.04469995	
-4.42684065046	-1740.04332581	
-4.43081679884	-1740.04196217	
-4.43477720006	-1740.04060894	
-4.43872197835	-1740.03926598	
-4.44265125649	-1740.03793319	
-4.44656515581	-1740.03661044	
-4.45046379623	-1740.03529764	
-4.45434729625	-1740.03399466	
-4.45821577303	-1740.0327014	
-4.46206934235	-1740.03141775	
-4.46590811865	-1740.0301436	
-4.46973221509	-1740.02887885	
-4.47354174351	-1740.0276234	
-4.47733681448	-1740.02637714	
-4.48111753732	-1740.02513997	
-4.48488402011	-1740.0239118	
-4.48863636973	-1740.02269252	
-4.49237469184	-1740.02148204	
-4.49609909093	-1740.02028026	
-4.49980967033	-1740.01908709	
-4.50350653221	-1740.01790243	
-4.50718977763	-1740.01672619	
-4.51085950652	-1740.01555829	
-4.51451581772	-1740.01439863	
-4.518158809	-1740.01324713	
-4.52178857705	-1740.01210369	
-4.52540521752	-1740.01096823	
-4.52900882502	-1740.00984066	
-4.53259949315	-1740.00872091	
-4.5361773145	-1740.00760889	
-4.53974238067	-1740.00650452	
-4.54329478227	-1740.00540771	
-4.54683460898	-1740.00431839	
-4.55036194949	-1740.00323648	
-4.5538768916	-1740.00216189	
-4.55737952215	-1740.00109457	
-4.56086992709	-1740.00003442	
-4.56434819147	-1739.99898137	
-4.56781439944	-1739.99793535	
-4.57126863431	-1739.9968963	
-4.5747109785	-1739.99586412	
-4.5781415136	-1739.99483876	
-4.58156032035	-1739.99382014	
-4.58496747867	-1739.9928082	
-4.58836306767	-1739.99180287	
-4.59174716566	-1739.99080407	
-4.59511985013	-1739.98981175	
-4.59848119784	-1739.98882583	
-4.60183128472	-1739.98784625	
-4.60517018599	-1739.98687295	
-4.60849797608	-1739.98590587	
-4.61181472871	-1739.98494493	
-4.61512051684	-1739.98399009	
-4.61841541274	-1739.98304127	
-4.62169948794	-1739.98209842	
-4.62497281328	-1739.98116148	
-4.62823545892	-1739.98023039	
-4.63148749431	-1739.97930509	
-4.63472898823	-1739.97838552	
-4.63796000881	-1739.97747164	
-4.64118062351	-1739.97656337	
-4.64439089914	-1739.97566067	
-4.64759090187	-1739.97476347	
-4.65078069724	-1739.97387174	
-4.65396035016	-1739.97298541	
-4.65712992492	-1739.97210443	
-4.66028948521	-1739.97122875	
-4.66343909411	-1739.97035832	
-4.66657881412	-1739.96949309	
-4.66970870713	-1739.968633	
-4.67282883446	-1739.96777801	
-4.67593925688	-1739.96692806	
-4.67904003455	-1739.96608312	
-4.68213122712	-1739.96524313	
-4.68521289366	-1739.96440804	
-4.6882850927	-1739.96357781	
-4.69134788223	-1739.96275239	
-4.69440131972	-1739.96193174	
-4.6974454621	-1739.96111581	
-4.70048036579	-1739.96030455	
-4.70350608671	-1739.95949793	
-4.70652268025	-1739.95869589	
-4.70953020131	-1739.95789841	
-4.71252870431	-1739.95710542	
-4.71551824316	-1739.9563169	
-4.7184988713	-1739.9555328	
-4.72147064168	-1739.95475307	
-4.72443360681	-1739.95397769	
-4.72738781871	-1739.9532066	
-4.73033332894	-1739.95243977	
-4.73327018862	-1739.95167717	
-4.73619844839	-1739.95091874	
-4.7391181585	-1739.95016445	
-4.74202936871	-1739.94941428	
-4.74493212836	-1739.94866816	
-4.74782648639	-1739.94792608	
-4.75071249128	-1739.947188	
-4.75359019111	-1739.94645387	
-4.75645963353	-1739.94572366	
-4.75932086582	-1739.94499735	
-4.7621739348	-1739.94427488	
-4.76501888693	-1739.94355623	
-4.76785576827	-1739.94284137	
-4.77068462447	-1739.94213025	
-4.77350550081	-1739.94142286	
-4.77631844218	-1739.94071915	
-4.77912349311	-1739.94001908	
-4.78192069773	-1739.93932264	
-4.78471009982	-1739.93862979	
-4.78749174278	-1739.93794049	
-4.79026566966	-1739.93725472	
-4.79303192316	-1739.93657244	
-4.7957905456	-1739.93589362	
-4.79854157897	-1739.93521824	
-4.80128506491	-1739.93454626	
-4.80402104473	-1739.93387766	
-4.80674955939	-1739.9332124	
-4.8094706495	-1739.93255046	
-4.81218435537	-1739.9318918	
-4.81489071697	-1739.93123641	
-4.81758977394	-1739.93058425	
-4.82028156561	-1739.92993529	
-4.82296613098	-1739.92928951	
-4.82564350875	-1739.92864688	
-4.8283137373	-1739.92800738	
-4.83097685472	-1739.92737097	
-4.83363289878	-1739.92673763	
-4.83628190695	-1739.92610734	
-4.83892391641	-1739.92548007	
-4.84155896405	-1739.9248558	
-4.84418708646	-1739.9242345	
-4.84680831994	-1739.92361614	
-4.84942270051	-1739.9230007	
-4.85203026392	-1739.92238816	
-4.85463104562	-1739.92177849	
-4.8572250808	-1739.92117167	
-4.85981240436	-1739.92056768	
-4.86239305096	-1739.91996649	
-4.86496705495	-1739.91936808	
-4.86753445046	-1739.91877242	
-4.87009527132	-1739.91817951	
-4.87264955112	-1739.9175893	
-4.8751973232	-1739.91700179	
-4.87773862063	-1739.91641694	
-4.88027347623	-1739.91583475	
-4.88280192259	-1739.91525517	
-4.88532399202	-1739.91467821	
-4.88783971662	-1739.91410383	
-4.89034912822	-1739.91353201	
-4.89285225844	-1739.91296274	
-4.89534913864	-1739.91239599	
-4.89783979995	-1739.91183175	
-4.90032427328	-1739.91126999	
-4.90280258929	-1739.91071069	
-4.90527477844	-1739.91015384	
-4.90774087093	-1739.90959942	
-4.91020089677	-1739.9090474	
-4.91265488574	-1739.90849777	
-4.91510286737	-1739.90795051	
-4.91754487103	-1739.90740561	
-4.91998092583	-1739.90686303	
-4.92241106068	-1739.90632277	
-4.92483530429	-1739.90578481	
-4.92725368516	-1739.90524913	
-4.92966623156	-1739.90471571	
-4.93207297159	-1739.90418454	
-4.93447393313	-1739.9036556	
-4.93686914386	-1739.90312886	
-4.93925863125	-1739.90260433	
-4.94164242261	-1739.90208197	
-4.94402054501	-1739.90156177	
-4.94639302537	-1739.90104372	
-4.94875989038	-1739.90052779	
-4.95112116656	-1739.90001398	
-4.95347688026	-1739.89950227	
-4.9558270576	-1739.89899264	
-4.95817172456	-1739.89848508	
-4.96051090691	-1739.89797957	
-4.96284463026	-1739.8974761	
-4.96517292002	-1739.89697464	
-4.96749580144	-1739.8964752	
-4.96981329958	-1739.89597774	
-4.97212543933	-1739.89548227	
-4.97443224543	-1739.89498875	
-4.97673374242	-1739.89449719	
-4.97902995468	-1739.89400756	
-4.98132090643	-1739.89351985	
-4.98360662171	-1739.89303405	
-4.98588712441	-1739.89255014	
-4.98816243824	-1739.89206811	
-4.99043258678	-1739.89158794	
-4.99269759341	-1739.89110963	
-4.99495748138	-1739.89063316	
-4.99721227376	-1739.89015852	
-4.9994619935	-1739.88968569	
-5.00170666335	-1739.88921466	
-5.00394630595	-1739.88874542	
-5.00618094375	-1739.88827795	
-5.00841059907	-1739.88781225	
-5.0106352941	-1739.8873483	
-5.01285505083	-1739.88688609	
-5.01506989116	-1739.8864256	
-5.01727983681	-1739.88596683	
-5.01948490937	-1739.88550976	
-5.02168513028	-1739.88505439	
-5.02388052085	-1739.88460069	
-5.02607110223	-1739.88414866	
-5.02825689545	-1739.88369829	
-5.03043792139	-1739.88324956	
-5.03261420082	-1739.88280247	
-5.03478575433	-1739.882357	
-5.03695260241	-1739.88191314	
-5.03911476542	-1739.88147088	
-5.04127226356	-1739.88103022	
-5.04342511692	-1739.88059113	
-5.04557334546	-1739.88015362	
-5.047716969	-1739.87971766	
-5.04985600725	-1739.87928325	
-5.05199047978	-1739.87885037	
-5.05412040604	-1739.87841903	
-5.05624580535	-1739.8779892	
-5.05836669692	-1739.87756088	
-5.06048309982	-1739.87713406	
-5.06259503303	-1739.87670873	
-5.06470251537	-1739.87628487	
-5.06680556556	-1739.87586249	
-5.06890420222	-1739.87544156	
-5.07099844382	-1739.87502208	
-5.07308830874	-1739.87460404	
-5.07517381523	-1739.87418744	
-5.07725498144	-1739.87377225	
-5.07933182538	-1739.87335848	
-5.08140436498	-1739.87294611	
-5.08347261805	-1739.87253513	
-5.08553660227	-1739.87212554	
-5.08759633523	-1739.87171733	
-5.08965183441	-1739.87131049	
-5.09170311719	-1739.870905	
-5.09375020081	-1739.87050087	
-5.09579310244	-1739.87009807	
-5.09783183913	-1739.86969662	
-5.09986642782	-1739.86929648	
-5.10189688537	-1739.86889767	
-5.10392322852	-1739.86850016	
-5.1059454739	-1739.86810396	
-5.10796363806	-1739.86770904	
-5.10997773743	-1739.86731542	
-5.11198778836	-1739.86692307	
-5.11399380708	-1739.86653198	
-5.11599580975	-1739.86614216	
-5.11799381242	-1739.8657536	
-5.11998783102	-1739.86536628	
-5.12197788143	-1739.86498019	
-5.1239639794	-1739.86459534	
-5.12594614061	-1739.86421172	
-5.12792438062	-1739.8638293	
-5.12989871492	-1739.8634481	
-5.13186915891	-1739.8630681	
-5.13383572788	-1739.86268929	
-5.13579843705	-1739.86231167	
-5.13775730154	-1739.86193523	
-5.13971233637	-1739.86155997	
-5.1416635565	-1739.86118586	
-5.14361097679	-1739.86081292	
-5.145554612	-1739.86044113	
-5.14749447681	-1739.86007049	
-5.14943058584	-1739.85970099	
-5.15136295359	-1739.85933261	
-5.1532915945	-1739.85896537	
-5.15521652291	-1739.85859924	
-5.15713775309	-1739.85823422	
-5.15905529921	-1739.85787031	
-5.1609691754	-1739.85750751	
-5.16287939565	-1739.85714579	
-5.16478597392	-1739.85678516	
-5.16668892407	-1739.85642561	
-5.16858825987	-1739.85606714	
-5.17048399504	-1739.85570973	
-5.17237614319	-1739.85535339	
-5.17426471788	-1739.85499811	
-5.17614973257	-1739.85464387	
-5.17803120067	-1739.85429068	
-5.1799091355	-1739.85393853	
-5.18178355029	-1739.85358741	
-5.18365445823	-1739.85323732	
-5.1855218724	-1739.85288825	
-5.18738580584	-1739.85254019	
-5.18924627149	-1739.85219315	
-5.19110328224	-1739.85184711	
-5.19295685089	-1739.85150207	
-5.19480699018	-1739.85115802	
-5.19665371277	-1739.85081496	
-5.19849703127	-1739.85047288	
-5.20033695819	-1739.85013178	
-5.202173506	-1739.84979165	
-5.20400668708	-1739.84945249	
-5.20583651375	-1739.84911429	
-5.20766299828	-1739.84877705	
-5.20948615284	-1739.84844075	
-5.21130598956	-1739.8481054	
-5.21312252048	-1739.847771	
-5.21493575761	-1739.84743752	
-5.21674571285	-1739.84710498	
-5.21855239808	-1739.84677337	
-5.22035582508	-1739.84644267	
-5.22215600558	-1739.84611289	
-5.22395295126	-1739.84578402	
-5.22574667371	-1739.84545606	
-5.22753718449	-1739.845129	
-5.22932449506	-1739.84480284	
-5.23110861685	-1739.84447757	
-5.23288956123	-1739.84415318	
-5.23466733947	-1739.84382968	
-5.23644196283	-1739.84350706	
-5.23821344248	-1739.84318531	
-5.23998178954	-1739.84286443	
-5.24174701506	-1739.84254441	
-5.24350913005	-1739.84222525	
-5.24526814546	-1739.84190695	
-5.24702407216	-1739.8415895	
-5.24877692099	-1739.8412729	
-5.25052670271	-1739.84095714	
-5.25227342805	-1739.84064222	
-5.25401710765	-1739.84032813	
-5.25575775213	-1739.84001488	
-5.25749537203	-1739.83970245	
-5.25922997784	-1739.83939084	
-5.26096158	-1739.83908004	
-5.2626901889	-1739.83877007	
-5.26441581487	-1739.8384609	
-5.26613846818	-1739.83815253	
-5.26785815906	-1739.83784497	
-5.26957489768	-1739.8375382	
-5.27128869416	-1739.83723223	
-5.27299955856	-1739.83692705	
-5.27470750091	-1739.83662265	
-5.27641253116	-1739.83631903	
-5.27811465923	-1739.83601619	
-5.27981389498	-1739.83571413	
-5.28151024823	-1739.83541284	
-5.28320372874	-1739.83511231	
-5.28489434622	-1739.83481255	
-5.28658211033	-1739.83451354	
-5.28826703069	-1739.83421529	
-5.28994911688	-1739.83391779	
-5.2916283784	-1739.83362104	
-5.29330482472	-1739.83332504	
-5.29497846528	-1739.83302978	
-5.29664930945	-1739.83273525	
-5.29831736655	-1739.83244146	
-5.29998264587	-1739.8321484	
-5.30164515664	-1739.83185606	
-5.30330490806	-1739.83156445	
-5.30496190927	-1739.83127356	
-5.30661616936	-1739.83098339	
-5.3082676974	-1739.83069393	
-5.30991650239	-1739.83040518	
-5.3115625933	-1739.83011714	
-5.31320597904	-1739.8298298	
-5.3148466685	-1739.82954316	
-5.3164846705	-1739.82925722	
-5.31811999384	-1739.82897197	
-5.31975264727	-1739.82868742	
-5.32138263948	-1739.82840355	
-5.32300997914	-1739.82812036	
-5.32463467487	-1739.82783786	
-5.32625673524	-1739.82755603	
-5.32787616879	-1739.82727488	
-5.32949298402	-1739.82699441	
-5.33110718937	-1739.8267146	
-5.33271879327	-1739.82643545	
-5.33432780407	-1739.82615697	
-5.33593423012	-1739.82587915	
-5.3375380797	-1739.82560199	
-5.33913936107	-1739.82532548	
-5.34073808243	-1739.82504962	
-5.34233425196	-1739.82477441	
-5.3439278778	-1739.82449985	
-5.34551896803	-1739.82422593	
-5.34710753072	-1739.82395265	
-5.34869357387	-1739.82368	
-5.35027710548	-1739.82340799	
-5.35185813348	-1739.82313661	
-5.35343666577	-1739.82286586	
-5.35501271022	-1739.82259574	
-5.35658627467	-1739.82232623	
-5.3581573669	-1739.82205735	
-5.35972599468	-1739.82178909	
-5.36129216571	-1739.82152144	
-5.36285588769	-1739.8212544	
-5.36441716825	-1739.82098798	
-5.36597601502	-1739.82072216	
-5.36753243557	-1739.82045694	
-5.36908643744	-1739.82019233	
-5.37063802813	-1739.81992831	
-5.37218721511	-1739.81966489	
-5.37373400583	-1739.81940207	
-5.37527840768	-1739.81913984	
-5.37682042804	-1739.8188782	
-5.37836007422	-1739.81861714	
-5.37989735354	-1739.81835667	
-5.38143227326	-1739.81809678	
-5.38296484061	-1739.81783747	
-5.38449506279	-1739.81757874	
-5.38602294697	-1739.81732058	
-5.38754850028	-1739.81706299	
-5.38907172982	-1739.81680598	
-5.39059264266	-1739.81654953	
-5.39211124583	-1739.81629365	
-5.39362754635	-1739.81603832	
-5.39514155118	-1739.81578356	
-5.39665326727	-1739.81552936	
-5.39816270152	-1739.81527571	
-5.39966986081	-1739.81502262	
-5.40117475199	-1739.81477008	
-5.40267738187	-1739.81451809	
-5.40417775725	-1739.81426664	
-5.40567588487	-1739.81401574	
-5.40717177146	-1739.81376538	
-5.40866542372	-1739.81351557	
-5.4101568483	-1739.81326629	
-5.41164605186	-1739.81301754	
-5.41313304098	-1739.81276933	
-5.41461782224	-1739.81252165	
-5.4161004022	-1739.8122745	
-5.41758078737	-1739.81202788	
-5.41905898424	-1739.81178179	
-5.42053499927	-1739.81153621	
-5.42200883889	-1739.81129116	
-5.4234805095	-1739.81104663	
-5.42495001748	-1739.81080261	
-5.42641736918	-1739.81055911	
-5.4278825709	-1739.81031613	
-5.42934562895	-1739.81007365	
-5.43080654959	-1739.80983168	
-5.43226533906	-1739.80959022	
-5.43372200355	-1739.80934927	
-5.43517654927	-1739.80910882	
-5.43662898235	-1739.80886887	
-5.43807930892	-1739.80862942	
-5.4395275351	-1739.80839047	
-5.44097366695	-1739.80815201	
-5.44241771052	-1739.80791404	
-5.44385967184	-1739.80767657	
-5.4452995569	-1739.80743959	
-5.44673737167	-1739.80720309	
-5.44817312209	-1739.80696708	
-5.44960681409	-1739.80673156	
-5.45103845357	-1739.80649652	
-5.45246804638	-1739.80626196	
-5.45389559837	-1739.80602788	
-5.45532111536	-1739.80579427	
-5.45674460314	-1739.80556114	
-5.45816606749	-1739.80532848	
-5.45958551414	-1739.8050963	
-5.46100294883	-1739.80486458	
-5.46241837723	-1739.80463334	
-5.46383180503	-1739.80440256	
-5.46524323786	-1739.80417224	
-5.46665268137	-1739.80394239	
-5.46806014114	-1739.803713	
-5.46946562274	-1739.80348407	
-5.47086913175	-1739.80325559	
-5.47227067367	-1739.80302758	
-5.47367025403	-1739.80280001	
-5.47506787829	-1739.80257291	
-5.47646355193	-1739.80234625	
-5.47785728038	-1739.80212004	
-5.47924906905	-1739.80189428	
-5.48063892334	-1739.80166896	
-5.48202684862	-1739.80144409	
-5.48341285022	-1739.80121967	
-5.48479693349	-1739.80099568	
-5.48617910372	-1739.80077214	
-5.48755936619	-1739.80054903	
-5.48893772616	-1739.80032636	
-5.49031418887	-1739.80010413	
-5.49168875953	-1739.79988233	
-5.49306144334	-1739.79966096	
-5.49443224547	-1739.79944003	
-5.49580117108	-1739.79921952	
-5.49716822529	-1739.79899944	
-5.49853341322	-1739.79877978	
-5.49989673995	-1739.79856056	
-5.50125821054	-1739.79834175	
-5.50261783006	-1739.79812336	
-5.50397560352	-1739.7979054	
-5.50533153593	-1739.79768786	
-5.50668563228	-1739.79747073	
-5.50803789753	-1739.79725402	
-5.50938833663	-1739.79703772	
-5.5107369545	-1739.79682183	
-5.51208375605	-1739.79660636	
-5.51342874616	-1739.7963913	
-5.51477192971	-1739.79617664	
-5.51611331154	-1739.7959624	
-5.51745289646	-1739.79574856	
-5.51879068931	-1739.79553512	
-5.52012669485	-1739.79532209	
-5.52146091786	-1739.79510946	
-5.5227933631	-1739.79489723	
-5.52412403528	-1739.79468539	
-5.52545293913	-1739.79447396	
-5.52678007934	-1739.79426292	
-5.52810546058	-1739.79405228	
-5.52942908751	-1739.79384203	
-5.53075096477	-1739.79363218	
-5.53207109697	-1739.79342271	
-5.53338948873	-1739.79321364	
-5.53470614461	-1739.79300495	
-5.53602106919	-1739.79279665	
-5.53733426702	-1739.79258874	
-5.53864574262	-1739.79238121	
-5.5399555005	-1739.79217406	
-5.54126354516	-1739.7919673	
-5.54256988107	-1739.79176092	
-5.5438745127	-1739.79155491	
-5.54517744448	-1739.79134929	
-5.54647868084	-1739.79114404	
-5.54777822618	-1739.79093917	
-5.5490760849	-1739.79073467	
-5.55037226136	-1739.79053055	
-5.55166675992	-1739.7903268	
-5.55295958492	-1739.79012342	
-5.55425074069	-1739.78992041	
-5.55554023152	-1739.78971777	
-5.5568280617	-1739.78951549	
-5.55811423551	-1739.78931359	
-5.5593987572	-1739.78911204	
-5.56068163102	-1739.78891086	
-5.56196286117	-1739.78871005	
-5.56324245188	-1739.78850959	
-5.56452040732	-1739.7883095	
-5.56579673168	-1739.78810976	
-5.56707142911	-1739.78791039	
-5.56834450376	-1739.78771137	
-5.56961595975	-1739.7875127	
-5.57088580119	-1739.78731439	
-5.57215403218	-1739.78711644	
-5.57342065679	-1739.78691883	
-5.5746856791	-1739.78672158	
-5.57594910315	-1739.78652468	
-5.57721093297	-1739.78632813	
-5.57847117258	-1739.78613192	
-5.57972982599	-1739.78593607	
-5.58098689718	-1739.78574056	
-5.58224239012	-1739.78554539	
-5.58349630878	-1739.78535057	
-5.5847486571	-1739.78515609	
-5.585999439	-1739.78496195	
-5.5872486584	-1739.78476815	
-5.5884963192	-1739.78457469	
-5.58974242528	-1739.78438157	
-5.59098698051	-1739.78418879	
-5.59222998875	-1739.78399634	
-5.59347145384	-1739.78380423	
-5.5947113796	-1739.78361246	
-5.59594976985	-1739.78342102	
-5.59718662839	-1739.7832299	
-5.598421959	-1739.78303913	
-5.59965576545	-1739.78284868	
-5.60088805149	-1739.78265856	
-5.60211882088	-1739.78246877	
-5.60334807733	-1739.7822793	
-5.60457582457	-1739.78209016	
-5.6058020663	-1739.78190135	
-5.60702680619	-1739.78171286	
-5.60825004793	-1739.7815247	
-5.60947179518	-1739.78133686	
-5.61069205159	-1739.78114934	
-5.61191082078	-1739.78096214	
-5.61312810639	-1739.78077526	
-5.61434391201	-1739.7805887	
-5.61555824124	-1739.78040245	
-5.61677109767	-1739.78021652	
-5.61798248485	-1739.78003091	
-5.61919240636	-1739.77984562	
-5.62040086572	-1739.77966063	
-5.62160786647	-1739.77947596	
-5.62281341212	-1739.77929161	
-5.62401750619	-1739.77910756	
-5.62522015215	-1739.77892382	
-5.6264213535	-1739.7787404	
-5.62762111369	-1739.77855728	
-5.62881943618	-1739.77837447	
-5.63001632442	-1739.77819196	
-5.63121178182	-1739.77800976	
-5.63240581181	-1739.77782787	
-5.6335984178	-1739.77764628	
-5.63478960317	-1739.77746499	
-5.6359793713	-1739.77728401	
-5.63716772557	-1739.77710333	
-5.63835466933	-1739.77692295	
-5.63954020593	-1739.77674286	
-5.64072433869	-1739.77656308	
-5.64190707094	-1739.77638359	
-5.64308840598	-1739.7762044	
-5.64426834712	-1739.77602551	
-5.64544689764	-1739.77584691	
-5.64662406082	-1739.77566861	
-5.64779983991	-1739.7754906	
-5.64897423816	-1739.77531289	
-5.65014725882	-1739.77513546	
-5.65131890512	-1739.77495833	
-5.65248918027	-1739.77478149	
-5.65365808747	-1739.77460493	
-5.65482562993	-1739.77442867	
-5.65599181082	-1739.77425269	
-5.65715663332	-1739.774077	
-5.65832010058	-1739.7739016	
-5.65948221576	-1739.77372648	
-5.660642982	-1739.77355165	
-5.66180240242	-1739.7733771	
-5.66296048014	-1739.77320284	
-5.66411721826	-1739.77302886	
-5.66527261989	-1739.77285515	
-5.66642668811	-1739.77268173	
-5.66757942599	-1739.77250859	
-5.6687308366	-1739.77233573	
-5.66988092298	-1739.77216315	
-5.67102968818	-1739.77199084	
-5.67217713524	-1739.77181882	
-5.67332326717	-1739.77164707	
-5.67446808699	-1739.77147559	
-5.67561159769	-1739.77130439	
-5.67675380227	-1739.77113346	
-5.6778947037	-1739.77096281	
-5.67903430497	-1739.77079242	
-5.68017260902	-1739.77062231	
-5.6813096188	-1739.77045248	
-5.68244533727	-1739.77028291	
-5.68357976734	-1739.77011361	
-5.68471291194	-1739.76994458	
-5.68584477397	-1739.76977582	
-5.68697535634	-1739.76960732	
-5.68810466194	-1739.76943909	
-5.68923269364	-1739.76927113	
-5.69035945432	-1739.76910343	
-5.69148494685	-1739.768936	
-5.69260917406	-1739.76876883	
-5.6937321388	-1739.76860193	
-5.69485384391	-1739.76843528	
-5.69597429221	-1739.7682689	
-5.69709348651	-1739.76810278	
-5.69821142961	-1739.76793692	
-5.69932812431	-1739.76777132	
-5.70044357339	-1739.76760598	
-5.70155777963	-1739.76744089	
-5.7026707458	-1739.76727607	
-5.70378247466	-1739.7671115	
-5.70489296894	-1739.76694719	
-5.70600223139	-1739.76678313	
-5.70711026475	-1739.76661933	
-5.70821707172	-1739.76645578	
-5.70932265503	-1739.76629248	
-5.71042701737	-1739.76612944	
-5.71153016145	-1739.76596665	
-5.71263208993	-1739.76580411	
-5.71373280551	-1739.76564183	
-5.71483231084	-1739.76547979	
-5.71593060859	-1739.765318	
-5.71702770141	-1739.76515646	
-5.71812359193	-1739.76499517	
-5.71921828279	-1739.76483413	
-5.72031177661	-1739.76467334	
-5.72140407601	-1739.76451279	
-5.72249518359	-1739.76435248	
-5.72358510195	-1739.76419243	
-5.72467383369	-1739.76403261	
-5.72576138137	-1739.76387304	
-5.72684774759	-1739.76371372	
-5.72793293489	-1739.76355463	
-5.72901694583	-1739.76339579	
-5.73009978297	-1739.76323719	
-5.73118144884	-1739.76307883	
-5.73226194598	-1739.76292071	
-5.7333412769	-1739.76276283	
-5.73441944412	-1739.76260519	
-5.73549645015	-1739.76244779	
-5.73657229748	-1739.76229063	
-5.73764698861	-1739.7621337	
-5.73872052602	-1739.76197701	
-5.73979291218	-1739.76182055	
-5.74086414956	-1739.76166434	
-5.74193424062	-1739.76150835	
-5.74300318781	-1739.7613526	
-5.74407099357	-1739.76119708	
-5.74513766034	-1739.7610418	
-5.74620319054	-1739.76088675	
-5.7472675866	-1739.76073193	
-5.74833085092	-1739.76057734	
-5.74939298591	-1739.76042298	
-5.75045399397	-1739.76026886	
-5.75151387748	-1739.76011496	
-5.75257263883	-1739.75996129	
-5.75363028038	-1739.75980785	
-5.75468680452	-1739.75965464	
-5.75574221359	-1739.75950165	
-5.75679650994	-1739.7593489	
-5.75784969593	-1739.75919636	
-5.75890177388	-1739.75904406	
-5.75995274612	-1739.75889198	
-5.76100261499	-1739.75874012	
-5.76205138278	-1739.75858849	
-5.76309905181	-1739.75843708	
-5.76414562438	-1739.75828589	
-5.76519110278	-1739.75813493	
-5.7662354893	-1739.75798419	
-5.76727878622	-1739.75783367	
-5.76832099579	-1739.75768337	
-5.7693621203	-1739.75753329	
-5.770402162	-1739.75738343	
-5.77144112313	-1739.75723379	
-5.77247900594	-1739.75708437	
-5.77351581267	-1739.75693516	
-5.77455154554	-1739.75678618	
-5.77558620679	-1739.75663741	
-5.77661979861	-1739.75648885	
-5.77765232322	-1739.75634052	
-5.77868378283	-1739.7561924	
-5.77971417962	-1739.75604449	
-5.78074351579	-1739.7558968	
-5.78177179352	-1739.75574932	
-5.78279901497	-1739.75560206	
-5.78382518233	-1739.755455	
-5.78485029774	-1739.75530817	
-5.78587436337	-1739.75516154	
-5.78689738137	-1739.75501512	
-5.78791935386	-1739.75486892	
-5.788940283	-1739.75472292	
-5.7899601709	-1739.75457714	
-5.79097901969	-1739.75443156	
-5.79199683148	-1739.7542862	
-5.79301360838	-1739.75414104	
-5.7940293525	-1739.75399609	
-5.79504406593	-1739.75385135	
-5.79605775077	-1739.75370682	
-5.79707040908	-1739.75356249	
-5.79808204295	-1739.75341836	
-5.79909265446	-1739.75327445	
-5.80010224566	-1739.75313074	
-5.80111081862	-1739.75298723	
-5.80211837538	-1739.75284393	
-5.80312491799	-1739.75270083	
-5.80413044849	-1739.75255793	
-5.80513496892	-1739.75241524	
-5.80613848129	-1739.75227274	
-5.80714098764	-1739.75213045	
-5.80814248998	-1739.75198837	
-5.80914299031	-1739.75184648	
