# log_p 	 lnL 	 
0.0	-1755.76520782	
-0.287682072452	-1755.75029109	
-0.510825623766	-1755.73167201	
-0.69314718056	-1755.70998825	
-0.847297860387	-1755.68556784	
-0.980829253012	-1755.65876706	
-1.09861228867	-1755.62999026	
-1.20397280433	-1755.59964383	
-1.29928298413	-1755.56810136	
-1.38629436112	-1755.53568829	
-1.46633706879	-1755.50267905	
-1.54044504095	-1755.46930062	
-1.60943791243	-1755.43573851	
-1.67397643357	-1755.40214308	
-1.73460105539	-1755.36863552	
-1.79175946923	-1755.33531303	
-1.8458266905	-1755.30225313	
-1.89711998489	-1755.26951732	
-1.94591014906	-1755.23715398	
-1.99243016469	-1755.20520082	
-2.03688192726	-1755.17368676	
-2.07944154168	-1755.14263361	
-2.1202635362	-1755.11205728	
-2.15948424935	-1755.08196892	
-2.19722457734	-1755.05237571	
-2.23359222151	-1755.02328162	
-2.26868354132	-1754.99468796	
-2.30258509299	-1754.9665939	
-2.33537491582	-1754.93899683	
-2.36712361413	-1754.91189272	
-2.3978952728	-1754.88527637	
-2.42774823595	-1754.85914166	
-2.45673577282	-1754.83348172	
-2.48490664979	-1754.80828912	
-2.51230562398	-1754.78355596	
-2.53897387106	-1754.759274	
-2.56494935746	-1754.73543478	
-2.59026716545	-1754.71202963	
-2.61495977804	-1754.68904982	
-2.63905732962	-1754.66648653	
-2.66258782703	-1754.64433097	
-2.68557734525	-1754.62257434	
-2.7080502011	-1754.60120794	
-2.73002910782	-1754.58022312	
-2.75153531304	-1754.55961137	
-2.77258872224	-1754.53936428	
-2.79320800944	-1754.51947357	
-2.81341071676	-1754.49993114	
-2.83321334406	-1754.48072901	
-2.85263142991	-1754.46185937	
-2.87167962488	-1754.44331459	
-2.8903717579	-1754.42508719	
-2.90872089656	-1754.40716986	
-2.92673940207	-1754.38955547	
-2.94443897917	-1754.37223705	
-2.96183072188	-1754.35520782	
-2.97892515524	-1754.33846114	
-2.99573227355	-1754.32199056	
-3.01226157551	-1754.30578978	
-3.02852209638	-1754.28985266	
-3.04452243772	-1754.27417323	
-3.06027079469	-1754.25874568	
-3.07577498123	-1754.24356432	
-3.09104245336	-1754.22862366	
-3.10608033072	-1754.2139183	
-3.12089541651	-1754.19944302	
-3.13549421593	-1754.18519274	
-3.14988295338	-1754.17116248	
-3.16406758837	-1754.15734744	
-3.17805383035	-1754.14374291	
-3.19184715248	-1754.13034432	
-3.20545280454	-1754.11714723	
-3.21887582487	-1754.1041473	
-3.23212105162	-1754.09134031	
-3.24519313319	-1754.07872215	
-3.25809653802	-1754.06628884	
-3.2708355638	-1754.05403649	
-3.28341434601	-1754.04196129	
-3.295836866	-1754.03005956	
-3.3081069586	-1754.01832771	
-3.32022831913	-1754.00676223	
-3.33220451018	-1753.99535973	
-3.34403896782	-1753.98411687	
-3.35573500759	-1753.97303042	
-3.36729582999	-1753.96209723	
-3.37872452581	-1753.95131422	
-3.39002408106	-1753.94067841	
-3.40119738166	-1753.93018687	
-3.41224721785	-1753.91983677	
-3.42317628838	-1753.90962532	
-3.43398720449	-1753.89954982	
-3.4446824936	-1753.88960765	
-3.45526460293	-1753.87979623	
-3.4657359028	-1753.87011304	
-3.47609868984	-1753.86055566	
-3.48635519	-1753.85112169	
-3.49650756147	-1753.8418088	
-3.50655789732	-1753.83261473	
-3.51650822817	-1753.82353726	
-3.52636052462	-1753.81457423	
-3.53611669956	-1753.80572352	
-3.54577861047	-1753.79698308	
-3.55534806149	-1753.78835089	
-3.56482680544	-1753.77982499	
-3.57421654579	-1753.77140347	
-3.58351893846	-1753.76308444	
-3.59273559356	-1753.75486609	
-3.60186807712	-1753.74674661	
-3.61091791264	-1753.73872428	
-3.61988658263	-1753.73079737	
-3.62877553004	-1753.72296423	
-3.63758615973	-1753.71522322	
-3.6463198397	-1753.70757275	
-3.65497790244	-1753.70001126	
-3.66356164613	-1753.69253724	
-3.6720723358	-1753.6851492	
-3.68051120444	-1753.67784567	
-3.68887945411	-1753.67062524	
-3.69717825693	-1753.66348652	
-3.70540875607	-1753.65642814	
-3.7135720667	-1753.64944877	
-3.72166927694	-1753.64254711	
-3.72970144863	-1753.63572188	
-3.73766961828	-1753.62897184	
-3.74557479779	-1753.62229577	
-3.75341797525	-1753.61569247	
-3.76120011569	-1753.60916076	
-3.76892216179	-1753.60269952	
-3.77658503453	-1753.5963076	
-3.78418963392	-1753.58998392	
-3.79173683955	-1753.58372741	
-3.79922751128	-1753.577537	
-3.80666248977	-1753.57141167	
-3.81404259707	-1753.5653504	
-3.82136863716	-1753.55935221	
-3.82864139649	-1753.55341613	
-3.83586164446	-1753.5475412	
-3.84303013394	-1753.5417265	
-3.85014760171	-1753.53597111	
-3.85721476893	-1753.53027414	
-3.86423234159	-1753.52463472	
-3.87120101091	-1753.51905197	
-3.87812145375	-1753.51352506	
-3.88499433304	-1753.50805317	
-3.89182029811	-1753.50263548	
-3.8985999851	-1753.4972712	
-3.90533401728	-1753.49195954	
-3.91202300543	-1753.48669975	
-3.91866754815	-1753.48149108	
-3.92526823218	-1753.47633279	
-3.93182563272	-1753.47122416	
-3.93834031375	-1753.46616447	
-3.94481282825	-1753.46115305	
-3.95124371858	-1753.4561892	
-3.95763351668	-1753.45127225	
-3.96398274436	-1753.44640155	
-3.97029191355	-1753.44157645	
-3.97656152657	-1753.43679633	
-3.98279207632	-1753.43206056	
-3.98898404656	-1753.42736852	
-3.99513791214	-1753.42271963	
-4.00125413916	-1753.41811329	
-4.00733318523	-1753.41354893	
-4.01337549969	-1753.40902597	
-4.01938152375	-1753.40454387	
-4.02535169074	-1753.40010207	
-4.03128642625	-1753.39570003	
-4.03718614838	-1753.39133724	
-4.04305126783	-1753.38701316	
-4.04888218815	-1753.38272729	
-4.05467930583	-1753.37847914	
-4.06044301055	-1753.37426819	
-4.06617368526	-1753.37009398	
-4.07187170637	-1753.36595603	
-4.07753744391	-1753.36185387	
-4.08317126162	-1753.35778703	
-4.08877351717	-1753.35375508	
-4.09434456222	-1753.34975755	
-4.0998847426	-1753.34579403	
-4.10539439841	-1753.34186407	
-4.11087386417	-1753.33796726	
-4.11632346894	-1753.33410318	
-4.12174353641	-1753.33027142	
-4.12713438505	-1753.32647158	
-4.13249632819	-1753.32270327	
-4.13782967416	-1753.31896609	
-4.14313472639	-1753.31525967	
-4.14841178349	-1753.31158362	
-4.15366113938	-1753.30793759	
-4.15888308336	-1753.3043212	
-4.16407790024	-1753.30073409	
-4.1692458704	-1753.29717592	
-4.1743872699	-1753.29364634	
-4.17950237056	-1753.290145	
-4.18459144007	-1753.28667157	
-4.18965474203	-1753.28322572	
-4.19469253606	-1753.27980713	
-4.19970507788	-1753.27641546	
-4.20469261939	-1753.27305041	
-4.20965540873	-1753.26971167	
-4.21459369037	-1753.26639893	
-4.21950770518	-1753.26311189	
-4.22439769047	-1753.25985025	
-4.22926388012	-1753.25661373	
-4.2341065046	-1753.25340203	
-4.23892579103	-1753.25021486	
-4.2437219633	-1753.24705196	
-4.24849524205	-1753.24391305	
-4.25324584481	-1753.24079785	
-4.257973986	-1753.2377061	
-4.26267987704	-1753.23463753	
-4.26736372635	-1753.2315919	
-4.27202573946	-1753.22856894	
-4.27666611902	-1753.2255684	
-4.28128506487	-1753.22259003	
-4.28588277412	-1753.21963359	
-4.29045944115	-1753.21669885	
-4.29501525768	-1753.21378555	
-4.29955041285	-1753.21089348	
-4.3040650932	-1753.2080224	
-4.30855948279	-1753.20517208	
-4.31303376319	-1753.20234229	
-4.31748811354	-1753.19953283	
-4.3219227106	-1753.19674347	
-4.32633772881	-1753.193974	
-4.33073334029	-1753.1912242	
-4.33510971489	-1753.18849387	
-4.33946702026	-1753.18578281	
-4.34380542185	-1753.1830908	
-4.348125083	-1753.18041766	
-4.3524261649	-1753.17776318	
-4.35670882669	-1753.17512717	
-4.36097322548	-1753.17250944	
-4.36521951636	-1753.1699098	
-4.36944785247	-1753.16732806	
-4.373658385	-1753.16476404	
-4.37785126326	-1753.16221757	
-4.38202663467	-1753.15968845	
-4.38618464482	-1753.15717651	
-4.39032543749	-1753.15468159	
-4.39444915467	-1753.1522035	
-4.39855593663	-1753.14974208	
-4.40264592188	-1753.14729717	
-4.40671924726	-1753.14486859	
-4.41077604796	-1753.14245619	
-4.4148164575	-1753.1400598	
-4.4188406078	-1753.13767926	
-4.42284862919	-1753.13531442	
-4.42684065046	-1753.13296513	
-4.43081679884	-1753.13063123	
-4.43477720006	-1753.12831258	
-4.43872197835	-1753.12600901	
-4.44265125649	-1753.1237204	
-4.44656515581	-1753.12144659	
-4.45046379623	-1753.11918743	
-4.45434729625	-1753.1169428	
-4.45821577303	-1753.11471254	
-4.46206934235	-1753.11249653	
-4.46590811865	-1753.11029463	
-4.46973221509	-1753.1081067	
-4.47354174351	-1753.10593261	
-4.47733681448	-1753.10377223	
-4.48111753732	-1753.10162543	
-4.48488402011	-1753.09949209	
-4.48863636973	-1753.09737207	
-4.49237469184	-1753.09526526	
-4.49609909093	-1753.09317153	
-4.49980967033	-1753.09109076	
-4.50350653221	-1753.08902283	
-4.50718977763	-1753.08696763	
-4.51085950652	-1753.08492503	
-4.51451581772	-1753.08289492	
-4.518158809	-1753.08087719	
-4.52178857705	-1753.07887172	
-4.52540521752	-1753.0768784	
-4.52900882502	-1753.07489713	
-4.53259949315	-1753.07292779	
-4.5361773145	-1753.07097028	
-4.53974238067	-1753.0690245	
-4.54329478227	-1753.06709032	
-4.54683460898	-1753.06516767	
-4.55036194949	-1753.06325642	
-4.5538768916	-1753.06135648	
-4.55737952215	-1753.05946775	
-4.56086992709	-1753.05759014	
-4.56434819147	-1753.05572354	
-4.56781439944	-1753.05386785	
-4.57126863431	-1753.05202299	
-4.5747109785	-1753.05018886	
-4.5781415136	-1753.04836536	
-4.58156032035	-1753.0465524	
-4.58496747867	-1753.0447499	
-4.58836306767	-1753.04295775	
-4.59174716566	-1753.04117589	
-4.59511985013	-1753.0394042	
-4.59848119784	-1753.03764262	
-4.60183128472	-1753.03589105	
-4.60517018599	-1753.0341494	
-4.60849797608	-1753.0324176	
-4.61181472871	-1753.03069556	
-4.61512051684	-1753.0289832	
-4.61841541274	-1753.02728043	
-4.62169948794	-1753.02558719	
-4.62497281328	-1753.02390338	
-4.62823545892	-1753.02222893	
-4.63148749431	-1753.02056376	
-4.63472898823	-1753.01890779	
-4.63796000881	-1753.01726096	
-4.64118062351	-1753.01562317	
-4.64439089914	-1753.01399437	
-4.64759090187	-1753.01237447	
-4.65078069724	-1753.01076341	
-4.65396035016	-1753.00916111	
-4.65712992492	-1753.00756749	
-4.66028948521	-1753.0059825	
-4.66343909411	-1753.00440606	
-4.66657881412	-1753.0028381	
-4.66970870713	-1753.00127855	
-4.67282883446	-1752.99972735	
-4.67593925688	-1752.99818442	
-4.67904003455	-1752.99664971	
-4.68213122712	-1752.99512315	
-4.68521289366	-1752.99360467	
-4.6882850927	-1752.99209421	
-4.69134788223	-1752.99059171	
-4.69440131972	-1752.9890971	
-4.6974454621	-1752.98761032	
-4.70048036579	-1752.98613131	
-4.70350608671	-1752.98466001	
-4.70652268025	-1752.98319636	
-4.70953020131	-1752.98174031	
-4.71252870431	-1752.98029178	
-4.71551824316	-1752.97885072	
-4.7184988713	-1752.97741709	
-4.72147064168	-1752.97599081	
-4.72443360681	-1752.97457183	
-4.72738781871	-1752.9731601	
-4.73033332894	-1752.97175556	
-4.73327018862	-1752.97035816	
-4.73619844839	-1752.96896784	
-4.7391181585	-1752.96758454	
-4.74202936871	-1752.96620823	
-4.74493212836	-1752.96483884	
-4.74782648639	-1752.96347631	
-4.75071249128	-1752.96212061	
-4.75359019111	-1752.96077168	
-4.75645963353	-1752.95942946	
-4.75932086582	-1752.95809391	
-4.7621739348	-1752.95676499	
-4.76501888693	-1752.95544263	
-4.76785576827	-1752.95412679	
-4.77068462447	-1752.95281742	
-4.77350550081	-1752.95151449	
-4.77631844218	-1752.95021792	
-4.77912349311	-1752.9489277	
-4.78192069773	-1752.94764375	
-4.78471009982	-1752.94636605	
-4.78749174278	-1752.94509454	
-4.79026566966	-1752.94382918	
-4.79303192316	-1752.94256993	
-4.7957905456	-1752.94131673	
-4.79854157897	-1752.94006956	
-4.80128506491	-1752.93882836	
-4.80402104473	-1752.93759309	
-4.80674955939	-1752.93636371	
-4.8094706495	-1752.93514018	
-4.81218435537	-1752.93392245	
-4.81489071697	-1752.93271049	
-4.81758977394	-1752.93150425	
-4.82028156561	-1752.9303037	
-4.82296613098	-1752.92910879	
-4.82564350875	-1752.92791948	
-4.8283137373	-1752.92673574	
-4.83097685472	-1752.92555752	
-4.83363289878	-1752.92438479	
-4.83628190695	-1752.92321751	
-4.83892391641	-1752.92205565	
-4.84155896405	-1752.92089915	
-4.84418708646	-1752.91974799	
-4.84680831994	-1752.91860213	
-4.84942270051	-1752.91746154	
-4.85203026392	-1752.91632617	
-4.85463104562	-1752.91519599	
-4.8572250808	-1752.91407097	
-4.85981240436	-1752.91295107	
-4.86239305096	-1752.91183625	
-4.86496705495	-1752.91072649	
-4.86753445046	-1752.90962174	
-4.87009527132	-1752.90852198	
-4.87264955112	-1752.90742716	
-4.8751973232	-1752.90633727	
-4.87773862063	-1752.90525225	
-4.88027347623	-1752.90417209	
-4.88280192259	-1752.90309674	
-4.88532399202	-1752.90202618	
-4.88783971662	-1752.90096038	
-4.89034912822	-1752.8998993	
-4.89285225844	-1752.8988429	
-4.89534913864	-1752.89779117	
-4.89783979995	-1752.89674407	
-4.90032427328	-1752.89570157	
-4.90280258929	-1752.89466364	
-4.90527477844	-1752.89363025	
-4.90774087093	-1752.89260136	
-4.91020089677	-1752.89157696	
-4.91265488574	-1752.890557	
-4.91510286737	-1752.88954147	
-4.91754487103	-1752.88853034	
-4.91998092583	-1752.88752356	
-4.92241106068	-1752.88652113	
-4.92483530429	-1752.885523	
-4.92725368516	-1752.88452915	
-4.92966623156	-1752.88353956	
-4.93207297159	-1752.88255419	
-4.93447393313	-1752.88157303	
-4.93686914386	-1752.88059603	
-4.93925863125	-1752.87962318	
-4.94164242261	-1752.87865445	
-4.94402054501	-1752.87768982	
-4.94639302537	-1752.87672925	
-4.94875989038	-1752.87577273	
-4.95112116656	-1752.87482022	
-4.95347688026	-1752.87387171	
-4.9558270576	-1752.87292716	
-4.95817172456	-1752.87198655	
-4.96051090691	-1752.87104986	
-4.96284463026	-1752.87011706	
-4.96517292002	-1752.86918813	
-4.96749580144	-1752.86826305	
-4.96981329958	-1752.86734178	
-4.97212543933	-1752.86642432	
-4.97443224543	-1752.86551062	
-4.97673374242	-1752.86460068	
-4.97902995468	-1752.86369447	
-4.98132090643	-1752.86279196	
-4.98360662171	-1752.86189313	
-4.98588712441	-1752.86099796	
-4.98816243824	-1752.86010643	
-4.99043258678	-1752.85921852	
-4.99269759341	-1752.8583342	
-4.99495748138	-1752.85745345	
-4.99721227376	-1752.85657625	
-4.9994619935	-1752.85570258	
-5.00170666335	-1752.85483241	
-5.00394630595	-1752.85396573	
-5.00618094375	-1752.85310252	
-5.00841059907	-1752.85224275	
-5.0106352941	-1752.85138641	
-5.01285505083	-1752.85053347	
-5.01506989116	-1752.84968392	
-5.01727983681	-1752.84883772	
-5.01948490937	-1752.84799487	
-5.02168513028	-1752.84715535	
-5.02388052085	-1752.84631913	
-5.02607110223	-1752.84548619	
-5.02825689545	-1752.84465652	
-5.03043792139	-1752.8438301	
-5.03261420082	-1752.8430069	
-5.03478575433	-1752.84218691	
-5.03695260241	-1752.84137011	
-5.03911476542	-1752.84055649	
-5.04127226356	-1752.83974601	
-5.04342511692	-1752.83893867	
-5.04557334546	-1752.83813445	
-5.047716969	-1752.83733332	
-5.04985600725	-1752.83653528	
-5.05199047978	-1752.8357403	
-5.05412040604	-1752.83494836	
-5.05624580535	-1752.83415945	
-5.05836669692	-1752.83337355	
-5.06048309982	-1752.83259065	
-5.06259503303	-1752.83181072	
-5.06470251537	-1752.83103375	
-5.06680556556	-1752.83025972	
-5.06890420222	-1752.82948862	
-5.07099844382	-1752.82872043	
-5.07308830874	-1752.82795513	
-5.07517381523	-1752.82719271	
-5.07725498144	-1752.82643315	
-5.07933182538	-1752.82567643	
-5.08140436498	-1752.82492254	
-5.08347261805	-1752.82417146	
-5.08553660227	-1752.82342318	
-5.08759633523	-1752.82267769	
-5.08965183441	-1752.82193495	
-5.09170311719	-1752.82119497	
-5.09375020081	-1752.82045773	
-5.09579310244	-1752.8197232	
-5.09783183913	-1752.81899138	
-5.09986642782	-1752.81826225	
-5.10189688537	-1752.81753579	
-5.10392322852	-1752.816812	
-5.1059454739	-1752.81609085	
-5.10796363806	-1752.81537234	
-5.10997773743	-1752.81465644	
-5.11198778836	-1752.81394314	
-5.11399380708	-1752.81323243	
-5.11599580975	-1752.8125243	
-5.11799381242	-1752.81181873	
-5.11998783102	-1752.81111571	
-5.12197788143	-1752.81041522	
-5.1239639794	-1752.80971724	
-5.12594614061	-1752.80902178	
-5.12792438062	-1752.80832881	
-5.12989871492	-1752.80763831	
-5.13186915891	-1752.80695029	
-5.13383572788	-1752.80626471	
-5.13579843705	-1752.80558158	
-5.13775730154	-1752.80490087	
-5.13971233637	-1752.80422258	
-5.1416635565	-1752.80354668	
-5.14361097679	-1752.80287318	
-5.145554612	-1752.80220205	
-5.14749447681	-1752.80153328	
-5.14943058584	-1752.80086687	
-5.15136295359	-1752.80020279	
-5.1532915945	-1752.79954104	
-5.15521652291	-1752.79888161	
-5.15713775309	-1752.79822447	
-5.15905529921	-1752.79756963	
-5.1609691754	-1752.79691706	
-5.16287939565	-1752.79626676	
-5.16478597392	-1752.79561871	
-5.16668892407	-1752.79497291	
-5.16858825987	-1752.79432933	
-5.17048399504	-1752.79368798	
-5.17237614319	-1752.79304883	
-5.17426471788	-1752.79241188	
-5.17614973257	-1752.79177712	
-5.17803120067	-1752.79114453	
-5.1799091355	-1752.7905141	
-5.18178355029	-1752.78988583	
-5.18365445823	-1752.78925969	
-5.1855218724	-1752.78863569	
-5.18738580584	-1752.7880138	
-5.18924627149	-1752.78739402	
-5.19110328224	-1752.78677634	
-5.19295685089	-1752.78616075	
-5.19480699018	-1752.78554723	
-5.19665371277	-1752.78493578	
-5.19849703127	-1752.78432639	
-5.20033695819	-1752.78371904	
-5.202173506	-1752.78311372	
-5.20400668708	-1752.78251043	
-5.20583651375	-1752.78190916	
-5.20766299828	-1752.78130989	
-5.20948615284	-1752.78071261	
-5.21130598956	-1752.78011732	
-5.21312252048	-1752.779524	
-5.21493575761	-1752.77893265	
-5.21674571285	-1752.77834325	
-5.21855239808	-1752.7777558	
-5.22035582508	-1752.77717028	
-5.22215600558	-1752.7765867	
-5.22395295126	-1752.77600502	
-5.22574667371	-1752.77542526	
-5.22753718449	-1752.77484739	
-5.22932449506	-1752.77427141	
-5.23110861685	-1752.77369732	
-5.23288956123	-1752.77312509	
-5.23466733947	-1752.77255472	
-5.23644196283	-1752.77198621	
-5.23821344248	-1752.77141953	
-5.23998178954	-1752.7708547	
-5.24174701506	-1752.77029169	
-5.24350913005	-1752.76973049	
-5.24526814546	-1752.7691711	
-5.24702407216	-1752.76861351	
-5.24877692099	-1752.76805772	
-5.25052670271	-1752.7675037	
-5.25227342805	-1752.76695146	
-5.25401710765	-1752.76640098	
-5.25575775213	-1752.76585226	
-5.25749537203	-1752.76530528	
-5.25922997784	-1752.76476005	
-5.26096158	-1752.76421654	
-5.2626901889	-1752.76367476	
-5.26441581487	-1752.7631347	
-5.26613846818	-1752.76259634	
-5.26785815906	-1752.76205968	
-5.26957489768	-1752.76152471	
-5.27128869416	-1752.76099143	
-5.27299955856	-1752.76045981	
-5.27470750091	-1752.75992987	
-5.27641253116	-1752.75940158	
-5.27811465923	-1752.75887495	
-5.27981389498	-1752.75834996	
-5.28151024823	-1752.75782661	
-5.28320372874	-1752.75730488	
-5.28489434622	-1752.75678477	
-5.28658211033	-1752.75626628	
-5.28826703069	-1752.75574939	
-5.28994911688	-1752.75523411	
-5.2916283784	-1752.75472041	
-5.29330482472	-1752.75420829	
-5.29497846528	-1752.75369776	
-5.29664930945	-1752.75318879	
-5.29831736655	-1752.75268138	
-5.29998264587	-1752.75217553	
-5.30164515664	-1752.75167122	
-5.30330490806	-1752.75116845	
-5.30496190927	-1752.75066722	
-5.30661616936	-1752.75016752	
-5.3082676974	-1752.74966933	
-5.30991650239	-1752.74917266	
-5.3115625933	-1752.74867749	
-5.31320597904	-1752.74818382	
-5.3148466685	-1752.74769164	
-5.3164846705	-1752.74720095	
-5.31811999384	-1752.74671173	
-5.31975264727	-1752.74622399	
-5.32138263948	-1752.74573772	
-5.32300997914	-1752.7452529	
-5.32463467487	-1752.74476953	
-5.32625673524	-1752.74428761	
-5.32787616879	-1752.74380713	
-5.32949298402	-1752.74332808	
-5.33110718937	-1752.74285045	
-5.33271879327	-1752.74237425	
-5.33432780407	-1752.74189946	
-5.33593423012	-1752.74142608	
-5.3375380797	-1752.7409541	
-5.33913936107	-1752.74048351	
-5.34073808243	-1752.74001431	
-5.34233425196	-1752.7395465	
-5.3439278778	-1752.73908006	
-5.34551896803	-1752.73861499	
-5.34710753072	-1752.73815128	
-5.34869357387	-1752.73768894	
-5.35027710548	-1752.73722794	
-5.35185813348	-1752.7367683	
-5.35343666577	-1752.73630999	
-5.35501271022	-1752.73585302	
-5.35658627467	-1752.73539738	
-5.3581573669	-1752.73494306	
-5.35972599468	-1752.73449005	
-5.36129216571	-1752.73403836	
-5.36285588769	-1752.73358798	
-5.36441716825	-1752.73313889	
-5.36597601502	-1752.7326911	
-5.36753243557	-1752.7322446	
-5.36908643744	-1752.73179938	
-5.37063802813	-1752.73135544	
-5.37218721511	-1752.73091278	
-5.37373400583	-1752.73047138	
-5.37527840768	-1752.73003124	
-5.37682042804	-1752.72959236	
-5.37836007422	-1752.72915472	
-5.37989735354	-1752.72871834	
-5.38143227326	-1752.72828319	
-5.38296484061	-1752.72784928	
-5.38449506279	-1752.7274166	
-5.38602294697	-1752.72698515	
-5.38754850028	-1752.72655491	
-5.38907172982	-1752.72612589	
-5.39059264266	-1752.72569807	
-5.39211124583	-1752.72527146	
-5.39362754635	-1752.72484605	
-5.39514155118	-1752.72442183	
-5.39665326727	-1752.7239988	
-5.39816270152	-1752.72357696	
-5.39966986081	-1752.72315629	
-5.40117475199	-1752.7227368	
-5.40267738187	-1752.72231848	
-5.40417775725	-1752.72190132	
-5.40567588487	-1752.72148532	
-5.40717177146	-1752.72107047	
-5.40866542372	-1752.72065678	
-5.4101568483	-1752.72024423	
-5.41164605186	-1752.71983282	
-5.41313304098	-1752.71942254	
-5.41461782224	-1752.7190134	
-5.4161004022	-1752.71860538	
-5.41758078737	-1752.71819848	
-5.41905898424	-1752.7177927	
-5.42053499927	-1752.71738803	
-5.42200883889	-1752.71698447	
-5.4234805095	-1752.71658201	
-5.42495001748	-1752.71618066	
-5.42641736918	-1752.71578039	
-5.4278825709	-1752.71538122	
-5.42934562895	-1752.71498313	
-5.43080654959	-1752.71458612	
-5.43226533906	-1752.71419018	
-5.43372200355	-1752.71379532	
-5.43517654927	-1752.71340153	
-5.43662898235	-1752.7130088	
-5.43807930892	-1752.71261713	
-5.4395275351	-1752.71222651	
-5.44097366695	-1752.71183695	
-5.44241771052	-1752.71144843	
-5.44385967184	-1752.71106095	
-5.4452995569	-1752.71067451	
-5.44673737167	-1752.71028911	
-5.44817312209	-1752.70990473	
-5.44960681409	-1752.70952138	
-5.45103845357	-1752.70913905	
-5.45246804638	-1752.70875774	
-5.45389559837	-1752.70837744	
-5.45532111536	-1752.70799815	
-5.45674460314	-1752.70761987	
-5.45816606749	-1752.70724259	
-5.45958551414	-1752.7068663	
-5.46100294883	-1752.70649101	
-5.46241837723	-1752.70611671	
-5.46383180503	-1752.70574339	
-5.46524323786	-1752.70537105	
-5.46665268137	-1752.7049997	
-5.46806014114	-1752.70462931	
-5.46946562274	-1752.7042599	
-5.47086913175	-1752.70389145	
-5.47227067367	-1752.70352396	
-5.47367025403	-1752.70315744	
-5.47506787829	-1752.70279187	
-5.47646355193	-1752.70242725	
-5.47785728038	-1752.70206357	
-5.47924906905	-1752.70170084	
-5.48063892334	-1752.70133905	
-5.48202684862	-1752.7009782	
-5.48341285022	-1752.70061828	
-5.48479693349	-1752.70025929	
-5.48617910372	-1752.69990123	
-5.48755936619	-1752.69954408	
-5.48893772616	-1752.69918786	
-5.49031418887	-1752.69883255	
-5.49168875953	-1752.69847815	
-5.49306144334	-1752.69812466	
-5.49443224547	-1752.69777208	
-5.49580117108	-1752.6974204	
-5.49716822529	-1752.69706961	
-5.49853341322	-1752.69671972	
-5.49989673995	-1752.69637072	
-5.50125821054	-1752.6960226	
-5.50261783006	-1752.69567537	
-5.50397560352	-1752.69532902	
-5.50533153593	-1752.69498355	
-5.50668563228	-1752.69463895	
-5.50803789753	-1752.69429522	
-5.50938833663	-1752.69395236	
-5.5107369545	-1752.69361037	
-5.51208375605	-1752.69326923	
-5.51342874616	-1752.69292895	
-5.51477192971	-1752.69258953	
-5.51611331154	-1752.69225096	
-5.51745289646	-1752.69191323	
-5.51879068931	-1752.69157635	
-5.52012669485	-1752.69124032	
-5.52146091786	-1752.69090512	
-5.5227933631	-1752.69057075	
-5.52412403528	-1752.69023722	
-5.52545293913	-1752.68990452	
-5.52678007934	-1752.68957264	
-5.52810546058	-1752.68924159	
-5.52942908751	-1752.68891135	
-5.53075096477	-1752.68858193	
-5.53207109697	-1752.68825333	
-5.53338948873	-1752.68792554	
-5.53470614461	-1752.68759855	
-5.53602106919	-1752.68727237	
-5.53733426702	-1752.68694699	
-5.53864574262	-1752.68662241	
-5.5399555005	-1752.68629863	
-5.54126354516	-1752.68597564	
-5.54256988107	-1752.68565344	
-5.5438745127	-1752.68533202	
-5.54517744448	-1752.6850114	
-5.54647868084	-1752.68469155	
-5.54777822618	-1752.68437248	
-5.5490760849	-1752.68405419	
-5.55037226136	-1752.68373667	
-5.55166675992	-1752.68341992	
-5.55295958492	-1752.68310393	
-5.55425074069	-1752.68278872	
-5.55554023152	-1752.68247426	
-5.5568280617	-1752.68216056	
-5.55811423551	-1752.68184762	
-5.5593987572	-1752.68153543	
-5.56068163102	-1752.681224	
-5.56196286117	-1752.68091331	
-5.56324245188	-1752.68060337	
-5.56452040732	-1752.68029417	
-5.56579673168	-1752.67998571	
-5.56707142911	-1752.67967798	
-5.56834450376	-1752.679371	
-5.56961595975	-1752.67906474	
-5.57088580119	-1752.67875922	
-5.57215403218	-1752.67845442	
-5.57342065679	-1752.67815034	
-5.5746856791	-1752.67784699	
-5.57594910315	-1752.67754436	
-5.57721093297	-1752.67724244	
-5.57847117258	-1752.67694124	
-5.57972982599	-1752.67664074	
-5.58098689718	-1752.67634096	
-5.58224239012	-1752.67604189	
-5.58349630878	-1752.67574352	
-5.5847486571	-1752.67544585	
-5.585999439	-1752.67514888	
-5.5872486584	-1752.6748526	
-5.5884963192	-1752.67455702	
-5.58974242528	-1752.67426213	
-5.59098698051	-1752.67396794	
-5.59222998875	-1752.67367442	
-5.59347145384	-1752.6733816	
-5.5947113796	-1752.67308945	
-5.59594976985	-1752.67279799	
-5.59718662839	-1752.6725072	
-5.598421959	-1752.67221709	
-5.59965576545	-1752.67192765	
-5.60088805149	-1752.67163888	
-5.60211882088	-1752.67135078	
-5.60334807733	-1752.67106334	
-5.60457582457	-1752.67077657	
-5.6058020663	-1752.67049046	
-5.60702680619	-1752.670205	
-5.60825004793	-1752.66992021	
-5.60947179518	-1752.66963607	
-5.61069205159	-1752.66935258	
-5.61191082078	-1752.66906974	
-5.61312810639	-1752.66878755	
-5.61434391201	-1752.668506	
-5.61555824124	-1752.6682251	
-5.61677109767	-1752.66794483	
-5.61798248485	-1752.66766521	
-5.61919240636	-1752.66738622	
-5.62040086572	-1752.66710787	
-5.62160786647	-1752.66683015	
-5.62281341212	-1752.66655306	
-5.62401750619	-1752.6662766	
-5.62522015215	-1752.66600076	
-5.6264213535	-1752.66572555	
-5.62762111369	-1752.66545096	
-5.62881943618	-1752.66517698	
-5.63001632442	-1752.66490363	
-5.63121178182	-1752.66463089	
-5.63240581181	-1752.66435876	
-5.6335984178	-1752.66408725	
-5.63478960317	-1752.66381634	
-5.6359793713	-1752.66354605	
-5.63716772557	-1752.66327635	
-5.63835466933	-1752.66300726	
-5.63954020593	-1752.66273877	
-5.64072433869	-1752.66247088	
-5.64190707094	-1752.66220359	
-5.64308840598	-1752.66193689	
-5.64426834712	-1752.66167079	
-5.64544689764	-1752.66140527	
-5.64662406082	-1752.66114035	
-5.64779983991	-1752.66087601	
-5.64897423816	-1752.66061225	
-5.65014725882	-1752.66034908	
-5.65131890512	-1752.6600865	
-5.65248918027	-1752.65982449	
-5.65365808747	-1752.65956305	
-5.65482562993	-1752.6593022	
-5.65599181082	-1752.65904192	
-5.65715663332	-1752.65878221	
-5.65832010058	-1752.65852306	
-5.65948221576	-1752.65826449	
-5.660642982	-1752.65800648	
-5.66180240242	-1752.65774904	
-5.66296048014	-1752.65749216	
-5.66411721826	-1752.65723584	
-5.66527261989	-1752.65698008	
-5.66642668811	-1752.65672488	
-5.66757942599	-1752.65647023	
-5.6687308366	-1752.65621613	
-5.66988092298	-1752.65596259	
-5.67102968818	-1752.65570959	
-5.67217713524	-1752.65545715	
-5.67332326717	-1752.65520525	
-5.67446808699	-1752.65495389	
-5.67561159769	-1752.65470308	
-5.67675380227	-1752.65445281	
-5.6778947037	-1752.65420307	
-5.67903430497	-1752.65395388	
-5.68017260902	-1752.65370522	
-5.6813096188	-1752.65345709	
-5.68244533727	-1752.6532095	
-5.68357976734	-1752.65296243	
-5.68471291194	-1752.6527159	
-5.68584477397	-1752.65246989	
-5.68697535634	-1752.65222441	
-5.68810466194	-1752.65197945	
-5.68923269364	-1752.65173501	
-5.69035945432	-1752.6514911	
-5.69148494685	-1752.6512477	
-5.69260917406	-1752.65100482	
-5.6937321388	-1752.65076245	
-5.69485384391	-1752.6505206	
-5.69597429221	-1752.65027926	
-5.69709348651	-1752.65003844	
-5.69821142961	-1752.64979812	
-5.69932812431	-1752.6495583	
-5.70044357339	-1752.649319	
-5.70155777963	-1752.6490802	
-5.7026707458	-1752.6488419	
-5.70378247466	-1752.6486041	
-5.70489296894	-1752.6483668	
-5.70600223139	-1752.64812999	
-5.70711026475	-1752.64789369	
-5.70821707172	-1752.64765788	
-5.70932265503	-1752.64742256	
-5.71042701737	-1752.64718773	
-5.71153016145	-1752.6469534	
-5.71263208993	-1752.64671955	
-5.71373280551	-1752.64648619	
-5.71483231084	-1752.64625331	
-5.71593060859	-1752.64602092	
-5.71702770141	-1752.64578901	
-5.71812359193	-1752.64555758	
-5.71921828279	-1752.64532664	
-5.72031177661	-1752.64509616	
-5.72140407601	-1752.64486617	
-5.72249518359	-1752.64463665	
-5.72358510195	-1752.6444076	
-5.72467383369	-1752.64417903	
-5.72576138137	-1752.64395093	
-5.72684774759	-1752.64372329	
-5.72793293489	-1752.64349613	
-5.72901694583	-1752.64326943	
-5.73009978297	-1752.64304319	
-5.73118144884	-1752.64281742	
-5.73226194598	-1752.64259211	
-5.7333412769	-1752.64236726	
-5.73441944412	-1752.64214287	
-5.73549645015	-1752.64191894	
-5.73657229748	-1752.64169546	
-5.73764698861	-1752.64147244	
-5.73872052602	-1752.64124987	
-5.73979291218	-1752.64102776	
-5.74086414956	-1752.64080609	
-5.74193424062	-1752.64058488	
-5.74300318781	-1752.64036411	
-5.74407099357	-1752.64014379	
-5.74513766034	-1752.63992392	
-5.74620319054	-1752.63970448	
-5.7472675866	-1752.6394855	
-5.74833085092	-1752.63926695	
-5.74939298591	-1752.63904884	
-5.75045399397	-1752.63883117	
-5.75151387748	-1752.63861394	
-5.75257263883	-1752.63839715	
-5.75363028038	-1752.63818079	
-5.75468680452	-1752.63796486	
-5.75574221359	-1752.63774937	
-5.75679650994	-1752.6375343	
-5.75784969593	-1752.63731967	
-5.75890177388	-1752.63710546	
-5.75995274612	-1752.63689168	
-5.76100261499	-1752.63667833	
-5.76205138278	-1752.6364654	
-5.76309905181	-1752.63625289	
-5.76414562438	-1752.63604081	
-5.76519110278	-1752.63582915	
-5.7662354893	-1752.6356179	
-5.76727878622	-1752.63540708	
-5.76832099579	-1752.63519667	
-5.7693621203	-1752.63498667	
-5.770402162	-1752.6347771	
-5.77144112313	-1752.63456793	
-5.77247900594	-1752.63435918	
-5.77351581267	-1752.63415083	
-5.77455154554	-1752.6339429	
-5.77558620679	-1752.63373537	
-5.77661979861	-1752.63352826	
-5.77765232322	-1752.63332155	
-5.77868378283	-1752.63311524	
-5.77971417962	-1752.63290933	
-5.78074351579	-1752.63270383	
-5.78177179352	-1752.63249873	
-5.78279901497	-1752.63229403	
-5.78382518233	-1752.63208973	
-5.78485029774	-1752.63188583	
-5.78587436337	-1752.63168232	
-5.78689738137	-1752.63147921	
-5.78791935386	-1752.63127649	
-5.788940283	-1752.63107417	
-5.7899601709	-1752.63087224	
-5.79097901969	-1752.6306707	
-5.79199683148	-1752.63046955	
-5.79301360838	-1752.63026878	
-5.7940293525	-1752.63006841	
-5.79504406593	-1752.62986842	
-5.79605775077	-1752.62966881	
-5.79707040908	-1752.62946959	
-5.79808204295	-1752.62927076	
-5.79909265446	-1752.6290723	
-5.80010224566	-1752.62887423	
-5.80111081862	-1752.62867653	
-5.80211837538	-1752.62847922	
-5.80312491799	-1752.62828228	
-5.80413044849	-1752.62808572	
-5.80513496892	-1752.62788953	
-5.80613848129	-1752.62769372	
-5.80714098764	-1752.62749828	
-5.80814248998	-1752.62730321	
-5.80914299031	-1752.62710851	
