-7.134132718466936751e-01
-5.544453119061200086e-01
-9.045841774944677338e-01
2.128239629005327593e+00
2.489451417538663669e-01
2.852114218542236082e-02
-3.579505651480389794e+00
-4.281875683331370475e+00
-2.580779556582868395e+00
-1.418299615142423420e+01
-2.584134729556260890e+00
-2.643654965982545679e+00
-4.828646622924183340e+00
-4.052564308403187709e+00
-5.144499866566606627e+00
-3.694536974246174665e+00
-4.959857887558265510e+00
-4.261985399636385452e+00
-4.391280191878009553e+00
-5.028733479194901435e+00
