-7.455729753536169957e-01
-5.337657247498809321e-01
-9.125159586540483314e-01
2.835141398442078575e+00
-5.223355182553984788e-01
2.611331395118514198e+00
-1.153865143277982508e+00
-1.418433378358592289e+00
-4.285535153407554532e+00
-5.163501130125992766e+00
-4.114945247844391751e+00
-4.332664884464897170e+00
-6.476544746587452828e+00
-6.680055175555449587e+00
-6.474187752514205307e+00
-5.209938423342435065e+00
-6.986243333710264736e+00
-5.383530393007014858e+00
-5.669778376975469492e+00
-5.732135263703250772e+00
