#Site	lnL	
0	-1.37881895017
1	-1.41609843589
2	-9.7105668903
3	-6.01467146898
4	-1.41609843589
5	-6.77309683746
6	-1.63304538003
7	-1.30146192187
8	-6.05229426429
9	-1.61677582923
10	-1.30146192187
11	-4.41890205356
12	-1.63304538003
13	-1.54800195646
14	-13.6412868396
15	-1.61677582923
16	-1.54800195646
17	-7.37331046131
18	-1.49198900889
19	-1.52292298443
20	-8.33980937205
21	-1.63304538003
22	-1.54800195646
23	-3.15783613891
24	-1.61677582923
25	-1.52292298443
26	-3.62940624669
27	-1.37881895017
28	-1.52292298443
29	-3.15783613891
30	-1.49198900889
31	-1.52292298443
32	-7.69419774414
33	-1.49198900889
34	-1.30146192187
35	-3.15783613891
36	-1.61677582923
37	-1.30146192187
38	-7.17263790722
39	-1.63304538003
40	-1.41609843589
41	-8.03765016044
42	-1.49198900889
43	-1.54800195646
44	-9.03715687079
45	-1.37881895017
46	-1.41609843589
47	-7.87838185758
48	-1.63304538003
49	-1.30146192187
50	-3.25893558167
51	-1.49198900889
52	-1.52292298443
53	-8.20754055593
54	-1.49198900889
55	-1.41609843589
56	-10.8733810714
57	-1.61677582923
58	-1.41609843589
59	-5.78223675153
60	-1.49198900889
61	-1.30146192187
62	-7.28670336457
63	-1.63304538003
64	-1.30146192187
65	-3.25893558167
66	-1.61677582923
67	-1.41609843589
68	-4.79963343564
69	-1.63304538003
70	-1.41609843589
71	-10.9695597912
72	-1.49198900889
73	-1.52292298443
74	-3.8082605263
75	-1.37881895017
76	-1.41609843589
77	-11.6981175367
78	-1.63304538003
79	-1.30146192187
80	-3.62940624669
81	-1.63304538003
82	-1.30146192187
83	-3.15783613891
84	-8.15842975729
85	-1.52292298443
86	-13.7680054225
87	-1.37881895017
88	-9.68713851105
89	-7.37331046131
90	-5.41063586763
91	-1.41609843589
92	-3.8082605263
93	-1.49198900889
94	-1.54800195646
95	-4.74984137584
96	-1.37881895017
97	-1.54800195646
98	-5.84259485593
99	-1.63304538003
100	-1.54800195646
101	-9.32256154689
102	-1.63304538003
103	-1.52292298443
104	-9.58275112254
105	-1.63304538003
106	-1.41609843589
107	-3.25893558167
108	-6.81765166803
109	-1.54800195646
110	-12.0031838782
111	-8.31246703765
112	-1.52292298443
113	-14.6506872262
114	-1.49198900889
115	-1.41609843589
116	-8.2533710125
117	-1.63304538003
118	-1.52292298443
119	-4.41890205356
120	-1.37881895017
121	-1.30146192187
122	-5.71313305509
123	-1.49198900889
124	-1.52292298443
125	-5.92649066518
126	-1.63304538003
127	-1.54800195646
128	-3.62940624669
129	-1.49198900889
130	-1.54800195646
131	-5.38078244978
132	-9.21095212078
133	-1.30146192187
134	-8.07113962151
135	-1.63304538003
136	-1.30146192187
137	-5.60690925379
138	-1.49198900889
139	-1.30146192187
140	-5.38078244978
141	-1.37881895017
142	-1.30146192187
143	-9.83837353064
144	-1.49198900889
145	-1.54800195646
146	-5.38078244978
147	-1.37881895017
148	-1.52292298443
149	-3.8082605263
150	-1.63304538003
151	-1.41609843589
152	-7.26134597402
153	-1.37881895017
154	-1.30146192187
155	-5.81540675577
156	-1.61677582923
157	-1.52292298443
158	-8.93824908649
159	-1.37881895017
160	-1.41609843589
161	-8.50977793078
162	-1.37881895017
163	-1.30146192187
164	-8.37662079274
165	-1.61677582923
166	-1.41609843589
167	-6.01933149116
168	-1.63304538003
169	-6.97105242698
170	-3.8082605263
171	-6.13284549704
172	-1.52292298443
173	-7.76768908862
174	-1.37881895017
175	-1.54800195646
176	-4.79963343564
177	-1.61677582923
178	-1.41609843589
179	-7.81274878321
180	-1.37881895017
181	-1.52292298443
182	-9.18849104447
183	-1.49198900889
184	-1.41609843589
185	-5.32747127833
186	-1.37881895017
187	-1.41609843589
188	-7.2337338606
189	-1.63304538003
190	-1.41609843589
191	-3.15783613891
192	-1.49198900889
193	-1.41609843589
194	-3.25893558167
195	-1.61677582923
196	-1.30146192187
197	-6.05229426429
198	-6.6337313815
199	-1.30146192187
200	-3.15783613891
201	-1.63304538003
202	-1.41609843589
203	-10.4022938122
204	-1.49198900889
205	-1.52292298443
206	-11.1049098148
207	-1.63304538003
208	-1.52292298443
209	-7.53435723465
210	-1.61677582923
211	-1.54800195646
212	-5.1990006415
213	-1.37881895017
214	-1.30146192187
215	-5.94101471009
216	-1.49198900889
217	-1.54800195646
218	-3.15783613891
219	-1.61677582923
220	-1.54800195646
221	-5.32747127833
222	-6.61948527822
223	-1.41609843589
224	-7.56790181469
225	-1.37881895017
226	-1.54800195646
227	-8.77090173054
228	-1.37881895017
229	-12.2735198884
230	-7.3677025053
231	-1.49198900889
232	-1.41609843589
233	-3.62940624669
234	-6.55705465193
235	-1.30146192187
236	-7.51235557191
237	-1.61677582923
238	-7.64911418874
239	-3.8082605263
240	-1.49198900889
241	-1.30146192187
242	-4.79963343564
243	-1.49198900889
244	-1.41609843589
245	-9.09678916393
246	-1.61677582923
247	-1.41609843589
248	-4.53809725228
249	-1.61677582923
250	-6.25128204942
251	-6.05229426429
252	-1.37881895017
253	-1.41609843589
254	-3.8082605263
255	-1.37881895017
256	-1.30146192187
257	-7.41319081666
258	-1.37881895017
259	-1.52292298443
260	-5.15457381389
261	-1.49198900889
262	-1.30146192187
263	-3.25893558167
264	-1.49198900889
265	-1.54800195646
266	-3.25893558167
267	-1.37881895017
268	-1.30146192187
269	-10.8961104162
270	-1.63304538003
271	-1.41609843589
272	-7.30075293143
273	-1.49198900889
274	-1.30146192187
275	-7.52832921952
276	-1.49198900889
277	-1.54800195646
278	-5.62576180264
279	-8.98707804728
280	-1.30146192187
281	-5.68836080977
282	-1.63304538003
283	-1.54800195646
284	-12.4604293174
285	-1.37881895017
286	-1.41609843589
287	-5.45146164657
288	-1.61677582923
289	-1.30146192187
290	-3.15783613891
291	-1.37881895017
292	-1.41609843589
293	-3.15783613891
294	-8.98013671694
295	-1.41609843589
296	-15.5632120679
297	-1.37881895017
298	-1.30146192187
299	-8.12486718712
300	-1.37881895017
301	-1.54800195646
302	-7.70489832458
303	-6.55705465193
304	-1.41609843589
305	-8.09431403366
306	-1.37881895017
307	-7.64911418874
308	-3.25893558167
309	-1.49198900889
310	-1.30146192187
311	-9.70468607019
312	-1.61677582923
313	-1.30146192187
314	-8.43870320832
315	-1.37881895017
316	-1.52292298443
317	-7.75026351512
318	-1.49198900889
319	-1.41609843589
320	-5.78223675153
321	-1.49198900889
322	-1.30146192187
323	-10.2425633553
324	-1.61677582923
325	-1.54800195646
326	-7.71087864914
327	-1.49198900889
328	-1.54800195646
329	-7.87779169808
330	-1.63304538003
331	-1.52292298443
332	-7.68415967362
333	-1.37881895017
334	-1.52292298443
335	-13.8039276929
336	-5.98908225266
337	-1.30146192187
338	-10.1337541407
339	-1.37881895017
340	-1.52292298443
341	-14.2272090042
342	-1.49198900889
343	-1.41609843589
344	-5.81540675577
345	-1.61677582923
346	-1.54800195646
347	-10.4161690826
348	-1.61677582923
349	-1.52292298443
350	-3.8082605263
351	-1.63304538003
352	-1.54800195646
353	-5.68836080977
354	-12.6723776472
355	-1.54800195646
356	-3.62940624669
357	-1.61677582923
358	-1.54800195646
359	-12.9970136688
360	-1.61677582923
361	-1.30146192187
362	-14.2573401376
363	-1.49198900889
364	-6.39241013292
365	-5.09515629589
366	-1.63304538003
367	-1.30146192187
368	-7.45941025794
369	-1.37881895017
370	-1.54800195646
371	-6.91296174816
372	-1.63304538003
373	-1.54800195646
374	-4.74984137584
375	-1.37881895017
376	-1.54800195646
377	-5.79956040896
378	-1.37881895017
379	-1.52292298443
380	-3.8082605263
381	-1.63304538003
382	-1.41609843589
383	-8.2533710125
384	-6.01467146898
385	-1.41609843589
386	-5.68836080977
387	-1.63304538003
388	-1.41609843589
389	-7.34468325975
390	-1.49198900889
391	-1.52292298443
392	-3.8082605263
393	-1.37881895017
394	-7.5912016513
395	-7.22394693337
396	-1.49198900889
397	-1.52292298443
398	-4.53809725228
399	-1.61677582923
400	-1.54800195646
401	-5.92649066518
402	-1.63304538003
403	-1.30146192187
404	-4.74984137584
405	-1.61677582923
406	-1.41609843589
407	-7.29055081263
408	-1.63304538003
409	-1.30146192187
410	-5.32747127833
411	-1.37881895017
412	-1.52292298443
413	-5.1990006415
414	-1.37881895017
415	-1.52292298443
416	-3.8082605263
417	-11.1222038753
418	-1.41609843589
419	-3.25893558167
420	-1.37881895017
421	-1.54800195646
422	-7.06653199771
423	-1.49198900889
424	-1.41609843589
425	-5.32747127833
426	-1.61677582923
427	-1.30146192187
428	-4.96285225938
429	-1.61677582923
430	-1.41609843589
431	-3.25893558167
432	-1.61677582923
433	-8.12697621464
434	-5.92649066518
435	-1.37881895017
436	-1.52292298443
437	-7.11700499024
438	-1.61677582923
439	-1.54800195646
440	-5.13900098665
441	-1.63304538003
442	-1.52292298443
443	-3.15783613891
444	-6.01467146898
445	-1.30146192187
446	-7.47024623581
447	-1.37881895017
448	-1.30146192187
449	-7.13712707122
450	-1.37881895017
451	-1.30146192187
452	-12.5474976653
453	-1.37881895017
454	-1.41609843589
455	-3.25893558167
456	-1.49198900889
457	-1.54800195646
458	-6.54939670191
459	-1.61677582923
460	-1.41609843589
461	-7.48757542041
462	-1.63304538003
463	-1.41609843589
464	-9.68121389342
465	-1.49198900889
466	-1.52292298443
467	-7.62038120122
468	-6.1470414666
469	-1.54800195646
470	-5.15457381389
471	-1.49198900889
472	-1.30146192187
473	-6.1117371353
474	-6.55705465193
475	-1.41609843589
476	-5.68836080977
477	-1.61677582923
478	-1.52292298443
479	-3.25893558167
480	-6.67535397267
481	-1.41609843589
482	-7.48757542041
483	-1.37881895017
484	-1.41609843589
485	-3.62940624669
486	-1.37881895017
487	-1.41609843589
488	-6.1117371353
