#Site	lnL	
0	-9.74197616782
1	-14.0482364076
2	-13.650022098
3	-10.0142161784
4	-9.67140462287
5	-14.3140013779
6	-9.74197616782
7	-9.67140462287
8	-19.3267208089
9	-9.444837567
10	-9.67140462287
11	-14.3140013779
12	-9.444837567
13	-9.36789809508
14	-17.4016813923
15	-15.8209842826
16	-16.7201958937
17	-15.6988053591
18	-9.444837567
19	-9.36789809508
20	-18.8819490694
21	-9.444837567
22	-9.94563638992
23	-20.1171775041
24	-9.42313364221
25	-9.94563638992
26	-16.9780727187
27	-9.42313364221
28	-9.40012907004
29	-13.650022098
30	-10.0142161784
31	-9.36789809508
32	-14.3140013779
33	-9.74197616782
34	-9.40012907004
35	-16.231538016
36	-9.74197616782
37	-9.40012907004
38	-16.7222645554
39	-16.618180395
40	-9.36789809508
41	-16.9780727187
42	-9.444837567
43	-9.36789809508
44	-16.7219567856
45	-9.42313364221
46	-9.67140462287
47	-15.2235453017
48	-9.42313364221
49	-9.94563638992
50	-13.650022098
51	-9.74197616782
52	-9.36789809508
53	-18.0260027605
54	-9.444837567
55	-9.67140462287
56	-13.650022098
57	-9.444837567
58	-9.36789809508
59	-19.6593361244
60	-10.0142161784
61	-9.40012907004
62	-14.3140013779
63	-23.6150324494
64	-9.36789809508
65	-23.7003978899
66	-9.42313364221
67	-15.1256952481
68	-17.6377095036
69	-10.0142161784
70	-9.94563638992
71	-16.4100402511
72	-9.444837567
73	-9.40012907004
74	-16.9687683605
75	-9.42313364221
76	-9.40012907004
77	-16.3009782457
78	-9.74197616782
79	-9.40012907004
80	-19.5696120495
81	-9.74197616782
82	-22.969220735
83	-15.3575611514
84	-9.74197616782
85	-9.67140462287
86	-18.2123530743
87	-9.42313364221
88	-9.67140462287
89	-17.2514952273
90	-10.0142161784
91	-9.36789809508
92	-13.650022098
93	-10.0142161784
94	-9.40012907004
95	-14.789304333
96	-9.74197616782
97	-9.40012907004
98	-15.7266176719
99	-9.42313364221
100	-9.94563638992
101	-16.2458716954
102	-9.74197616782
103	-9.36789809508
104	-14.9892249356
105	-9.444837567
106	-9.67140462287
107	-14.7771413865
108	-9.74197616782
109	-9.94563638992
110	-16.9687683605
111	-9.74197616782
112	-9.40012907004
113	-16.9272023725
114	-17.4345435134
115	-26.126535461
116	-14.3140013779
117	-10.0142161784
118	-9.67140462287
119	-15.7474337981
120	-9.42313364221
121	-9.40012907004
122	-21.667424018
123	-9.42313364221
124	-9.94563638992
125	-14.3140013779
126	-9.74197616782
127	-9.67140462287
128	-16.9358599618
129	-9.444837567
130	-9.40012907004
131	-13.650022098
132	-9.444837567
133	-9.36789809508
134	-17.9052080945
135	-9.42313364221
136	-9.40012907004
137	-14.4156464849
138	-9.444837567
139	-9.40012907004
140	-13.650022098
141	-17.7184991529
142	-9.94563638992
143	-13.650022098
144	-10.0142161784
145	-9.67140462287
146	-16.3107263268
147	-15.1075657591
148	-9.94563638992
149	-15.2645903228
150	-9.444837567
151	-9.40012907004
152	-17.8681298476
153	-9.42313364221
154	-9.94563638992
155	-16.3009782457
156	-17.7184991529
157	-9.36789809508
158	-16.8948776155
159	-9.444837567
160	-14.0482364076
161	-16.9780727187
162	-10.0142161784
163	-9.94563638992
164	-16.8267900991
165	-9.42313364221
166	-9.36789809508
167	-15.7266176719
168	-9.444837567
169	-24.5429341843
170	-14.789304333
171	-9.444837567
172	-9.40012907004
173	-22.4109158523
174	-9.444837567
175	-9.40012907004
176	-17.4351591626
177	-9.74197616782
178	-9.67140462287
179	-18.4745603156
180	-10.0142161784
181	-9.67140462287
182	-17.8359060266
183	-9.444837567
184	-9.40012907004
185	-19.6435552245
186	-9.444837567
187	-9.40012907004
188	-16.9780727187
189	-9.444837567
190	-9.67140462287
191	-13.650022098
192	-39.9354735774
193	-9.94563638992
194	-13.650022098
195	-18.5309538301
196	-16.9324542641
197	-13.650022098
198	-10.0142161784
199	-9.36789809508
200	-16.8116203747
201	-9.444837567
202	-9.36789809508
203	-16.9780727187
204	-10.0142161784
205	-9.40012907004
206	-18.2272210441
207	-9.42313364221
208	-9.67140462287
209	-17.5536962881
210	-9.444837567
211	-9.67140462287
212	-16.5790944662
213	-9.444837567
214	-9.67140462287
215	-16.2122831585
216	-9.74197616782
217	-9.36789809508
218	-13.650022098
219	-25.1068387395
220	-9.67140462287
221	-18.6553292806
222	-15.0394402283
223	-9.36789809508
224	-16.7297457391
225	-9.42313364221
226	-9.67140462287
227	-14.3140013779
228	-9.42313364221
229	-9.40012907004
230	-27.9330447146
231	-9.42313364221
232	-9.67140462287
233	-16.5115972138
234	-10.0142161784
235	-9.40012907004
236	-18.9529063463
237	-9.74197616782
238	-9.67140462287
239	-16.7127550286
240	-9.42313364221
241	-9.67140462287
242	-21.1787952189
243	-9.444837567
244	-9.67140462287
245	-18.117254597
246	-9.74197616782
247	-9.40012907004
248	-13.650022098
249	-10.0142161784
250	-9.40012907004
251	-16.2915574579
252	-9.42313364221
253	-9.94563638992
254	-24.5644959181
255	-9.444837567
256	-9.36789809508
257	-19.8876575369
258	-9.444837567
259	-9.67140462287
260	-13.650022098
261	-9.74197616782
262	-9.36789809508
263	-13.650022098
264	-9.444837567
265	-9.40012907004
266	-17.0779566854
267	-9.42313364221
268	-9.94563638992
269	-19.912503614
270	-17.0856940974
271	-9.36789809508
272	-21.2654133749
273	-10.0142161784
274	-9.67140462287
275	-18.5097747734
276	-9.74197616782
277	-32.1086595651
278	-16.2915574579
279	-9.74197616782
280	-9.40012907004
281	-14.4156464849
282	-9.42313364221
283	-9.67140462287
284	-16.3107263268
285	-9.74197616782
286	-9.67140462287
287	-24.3490415792
288	-9.444837567
289	-9.36789809508
290	-18.4784293532
291	-9.444837567
292	-9.40012907004
293	-14.3140013779
294	-9.444837567
295	-9.36789809508
296	-15.8376208261
297	-9.42313364221
298	-9.40012907004
299	-17.9863725866
300	-10.0142161784
301	-9.36789809508
302	-19.9578367882
303	-10.0142161784
304	-9.36789809508
305	-23.6521656429
306	-9.74197616782
307	-9.36789809508
308	-18.1033144926
309	-9.42313364221
310	-9.94563638992
311	-19.3311782699
312	-9.444837567
313	-9.40012907004
314	-15.7404136888
315	-10.0142161784
316	-9.36789809508
317	-18.4553342068
318	-9.42313364221
319	-9.40012907004
320	-26.6193875933
321	-9.74197616782
322	-9.36789809508
323	-18.8819490694
324	-9.42313364221
325	-30.6712155508
326	-19.6593361244
327	-9.42313364221
328	-9.67140462287
329	-19.69417036
330	-15.8209842826
331	-9.94563638992
332	-27.7709918938
333	-9.74197616782
334	-9.94563638992
335	-16.735408036
336	-10.0142161784
337	-9.40012907004
338	-13.650022098
339	-9.444837567
340	-9.94563638992
341	-17.9133287525
342	-9.74197616782
343	-9.94563638992
344	-14.7771413865
345	-9.444837567
346	-9.40012907004
347	-17.4564826664
348	-17.3057659216
349	-9.94563638992
350	-20.5931638362
351	-9.444837567
352	-9.40012907004
353	-15.1893633966
354	-9.444837567
355	-9.36789809508
356	-19.8287834173
357	-9.42313364221
358	-9.67140462287
359	-14.3140013779
360	-9.74197616782
361	-19.0687834073
362	-19.912503614
363	-9.444837567
364	-9.36789809508
365	-14.4156464849
366	-9.42313364221
367	-9.36789809508
368	-13.650022098
369	-29.1357140954
370	-9.36789809508
371	-16.3107263268
372	-9.42313364221
373	-9.67140462287
374	-18.1033144926
375	-9.74197616782
376	-9.36789809508
377	-13.650022098
378	-9.444837567
379	-9.94563638992
380	-18.2066500517
381	-17.1199253926
382	-9.36789809508
383	-19.4272092104
384	-10.0142161784
385	-16.1810399566
386	-13.650022098
387	-9.42313364221
388	-30.7365927326
389	-21.5119206196
390	-15.1075657591
391	-9.40012907004
392	-15.8376208261
393	-10.0142161784
394	-9.40012907004
395	-16.9780727187
396	-9.74197616782
397	-9.67140462287
398	-16.1329807572
399	-9.444837567
400	-9.36789809508
401	-14.789304333
402	-23.1963098165
403	-9.36789809508
404	-13.650022098
405	-9.74197616782
406	-9.67140462287
407	-18.4708555743
408	-10.0142161784
409	-9.67140462287
410	-14.3140013779
411	-9.444837567
412	-9.67140462287
413	-15.4661852972
414	-20.6755470417
415	-9.94563638992
416	-15.8376208261
417	-9.74197616782
418	-9.36789809508
419	-13.650022098
420	-9.444837567
421	-9.40012907004
422	-19.1251693257
423	-9.74197616782
424	-9.67140462287
425	-16.8948776155
426	-9.444837567
427	-9.40012907004
428	-18.1749647772
429	-9.444837567
430	-9.40012907004
431	-14.3140013779
432	-10.0142161784
433	-9.94563638992
434	-18.8143263798
435	-9.444837567
436	-9.36789809508
437	-14.3140013779
438	-10.0142161784
439	-9.94563638992
440	-19.1661455077
441	-10.0142161784
442	-9.36789809508
443	-16.7007934393
444	-23.9907284686
445	-9.67140462287
446	-18.7007208504
447	-9.42313364221
448	-9.67140462287
449	-16.2915574579
450	-9.74197616782
451	-9.67140462287
452	-16.6786563611
453	-9.42313364221
454	-9.36789809508
455	-14.3140013779
456	-9.42313364221
457	-9.36789809508
458	-13.650022098
459	-9.42313364221
460	-9.40012907004
461	-16.3107263268
462	-9.42313364221
463	-9.40012907004
464	-18.4745603156
465	-26.9989640898
466	-9.40012907004
467	-14.3140013779
468	-9.74197616782
469	-9.67140462287
470	-16.3350894475
471	-9.42313364221
472	-9.36789809508
473	-16.2249943327
474	-10.0142161784
475	-9.94563638992
476	-15.6015567402
477	-9.42313364221
478	-15.4076169664
479	-16.2671038748
480	-9.42313364221
481	-9.67140462287
482	-17.2025225721
483	-9.74197616782
484	-9.36789809508
485	-19.153317507
486	-9.74197616782
487	-9.36789809508
488	-14.4082317319
