#Site	lnL	
0	-4.44325626315
1	-4.83306789418
2	-8.06870959324
3	-4.44325626315
4	-4.65606306928
5	-11.6811491922
6	-4.42510598128
7	-4.65606306928
8	-6.84933448232
9	-4.44325626315
10	-4.83306789418
11	-9.05384593089
12	-11.2810919709
13	-4.65606306928
14	-14.2440024544
15	-4.44325626315
16	-4.36537675626
17	-11.0604926291
18	-4.73218991215
19	-10.8790162696
20	-6.58029171069
21	-4.73218991215
22	-4.36537675626
23	-10.6771587484
24	-4.73218991215
25	-4.36537675626
26	-6.84933448232
27	-4.42510598128
28	-4.39128520739
29	-11.6843171607
30	-9.20467064239
31	-4.36537675626
32	-6.58029171069
33	-4.42510598128
34	-4.36537675626
35	-14.3669262068
36	-10.2813918222
37	-4.65606306928
38	-9.51487743561
39	-4.90767032298
40	-4.83306789418
41	-8.96933421718
42	-4.90767032298
43	-4.36537675626
44	-9.15176383484
45	-4.44325626315
46	-4.65606306928
47	-8.06870959324
48	-4.42510598128
49	-4.65606306928
50	-14.1014668429
51	-4.44325626315
52	-4.36537675626
53	-6.84933448232
54	-16.7698337975
55	-4.36537675626
56	-8.09161432195
57	-4.42510598128
58	-9.754778137
59	-11.5036558246
60	-4.42510598128
61	-4.36537675626
62	-9.07444295232
63	-4.73218991215
64	-4.36537675626
65	-14.7874768509
66	-4.73218991215
67	-4.83306789418
68	-13.4135754378
69	-4.44325626315
70	-10.6670234737
71	-7.91102989574
72	-4.73218991215
73	-4.39128520739
74	-6.58029171069
75	-4.73218991215
76	-4.83306789418
77	-9.29559713543
78	-4.44325626315
79	-4.65606306928
80	-6.58029171069
81	-4.42510598128
82	-4.39128520739
83	-17.0058445482
84	-4.44325626315
85	-4.39128520739
86	-6.84933448232
87	-4.44325626315
88	-12.9945636865
89	-6.58029171069
90	-4.73218991215
91	-4.83306789418
92	-12.5485576372
93	-4.44325626315
94	-4.83306789418
95	-7.91102989574
96	-4.44325626315
97	-4.36537675626
98	-11.3997601463
99	-4.44325626315
100	-4.65606306928
101	-7.91102989574
102	-4.90767032298
103	-4.83306789418
104	-6.58029171069
105	-4.42510598128
106	-4.83306789418
107	-8.74451720562
108	-4.42510598128
109	-4.36537675626
110	-6.58029171069
111	-4.73218991215
112	-4.39128520739
113	-9.70674730402
114	-4.42510598128
115	-4.39128520739
116	-16.7231045634
117	-4.42510598128
118	-4.83306789418
119	-11.528355409
120	-4.73218991215
121	-4.65606306928
122	-8.09161432195
123	-4.73218991215
124	-4.65606306928
125	-8.09161432195
126	-4.90767032298
127	-4.65606306928
128	-9.15176383484
129	-4.42510598128
130	-4.36537675626
131	-11.3013582029
132	-4.44325626315
133	-4.65606306928
134	-8.90154805251
135	-4.42510598128
136	-10.2993164494
137	-12.4054945313
138	-4.90767032298
139	-4.39128520739
140	-9.31010793721
141	-4.42510598128
142	-4.36537675626
143	-8.96275875655
144	-4.44325626315
145	-4.65606306928
146	-10.8691826587
147	-4.44325626315
148	-4.39128520739
149	-10.8873831392
150	-4.73218991215
151	-4.36537675626
152	-6.58029171069
153	-4.73218991215
154	-4.36537675626
155	-12.4769848646
156	-4.44325626315
157	-4.39128520739
158	-11.5346178598
159	-4.73218991215
160	-4.36537675626
161	-11.6203283506
162	-4.44325626315
163	-4.36537675626
164	-9.92393017163
165	-4.44325626315
166	-4.36537675626
167	-11.0856662765
168	-4.73218991215
169	-4.39128520739
170	-13.9341185627
171	-4.42510598128
172	-4.65606306928
173	-10.8172552382
174	-4.44325626315
175	-4.36537675626
176	-11.0909678101
177	-4.90767032298
178	-4.36537675626
179	-8.05172495307
180	-4.44325626315
181	-4.65606306928
182	-9.0458608351
183	-8.9922870942
184	-4.36537675626
185	-10.7551944851
186	-4.42510598128
187	-4.83306789418
188	-17.5934785566
189	-4.73218991215
190	-4.65606306928
191	-11.5919715778
192	-4.42510598128
193	-4.36537675626
194	-8.01865878483
195	-4.44325626315
196	-4.83306789418
197	-9.26920881099
198	-4.42510598128
199	-4.36537675626
200	-10.0195355355
201	-4.44325626315
202	-4.83306789418
203	-18.6652101429
204	-4.42510598128
205	-4.39128520739
206	-6.58029171069
207	-4.42510598128
208	-4.39128520739
209	-11.3608970293
210	-4.42510598128
211	-4.65606306928
212	-11.0319709829
213	-4.42510598128
214	-10.3177596864
215	-6.84933448232
216	-4.73218991215
217	-4.39128520739
218	-8.09161432195
219	-10.2813918222
220	-9.7272663778
221	-13.4039676693
222	-4.42510598128
223	-4.39128520739
224	-6.58029171069
225	-20.9611578523
226	-4.36537675626
227	-23.1589853677
228	-4.90767032298
229	-4.36537675626
230	-14.8222386967
231	-4.73218991215
232	-4.65606306928
233	-8.01865878483
234	-4.42510598128
235	-4.83306789418
236	-6.58029171069
237	-4.73218991215
238	-4.39128520739
239	-10.1059422062
240	-4.44325626315
241	-4.65606306928
242	-6.58029171069
243	-4.44325626315
244	-4.36537675626
245	-13.7133782484
246	-4.42510598128
247	-4.65606306928
248	-6.58029171069
249	-4.42510598128
250	-4.36537675626
251	-8.96933421718
252	-4.42510598128
253	-9.52178263854
254	-13.998223119
255	-14.8166503051
256	-4.36537675626
257	-7.95296956708
258	-4.73218991215
259	-4.65606306928
260	-12.9130657018
261	-4.73218991215
262	-4.65606306928
263	-8.42868329759
264	-14.4369715929
265	-4.36537675626
266	-11.3786654062
267	-4.73218991215
268	-4.36537675626
269	-14.8232311925
270	-4.90767032298
271	-4.39128520739
272	-8.74451720562
273	-4.73218991215
274	-4.39128520739
275	-14.1840205534
276	-4.44325626315
277	-4.39128520739
278	-8.01865878483
279	-4.42510598128
280	-4.83306789418
281	-10.1059422062
282	-4.44325626315
283	-4.65606306928
284	-10.1654410677
285	-19.8578218877
286	-4.36537675626
287	-8.09161432195
288	-4.42510598128
289	-4.65606306928
290	-14.4868577691
291	-10.7197844523
292	-4.39128520739
293	-12.6754191544
294	-26.9518226161
295	-4.65606306928
296	-6.58029171069
297	-4.44325626315
298	-4.65606306928
299	-6.84933448232
300	-4.42510598128
301	-4.36537675626
302	-6.58029171069
303	-4.42510598128
304	-4.83306789418
305	-6.58029171069
306	-4.90767032298
307	-4.39128520739
308	-12.9298171954
309	-4.44325626315
310	-4.65606306928
311	-12.6537456421
312	-4.42510598128
313	-4.39128520739
314	-9.61114293963
315	-4.42510598128
316	-4.65606306928
317	-8.46493149529
318	-4.44325626315
319	-4.65606306928
320	-6.84933448232
321	-4.44325626315
322	-4.39128520739
323	-9.30713665377
324	-4.42510598128
325	-4.39128520739
326	-8.96275875655
327	-4.42510598128
328	-4.65606306928
329	-8.96933421718
330	-4.42510598128
331	-4.39128520739
332	-18.5160717383
333	-4.42510598128
334	-4.65606306928
335	-9.29559713543
336	-4.90767032298
337	-4.39128520739
338	-8.42868329759
339	-4.44325626315
340	-4.65606306928
341	-13.7276353354
342	-4.90767032298
343	-14.6752396861
344	-11.4484984418
345	-4.90767032298
346	-4.83306789418
347	-11.6906234136
348	-8.76503629241
349	-4.39128520739
350	-6.84933448232
351	-4.73218991215
352	-4.36537675626
353	-7.95296956708
354	-4.42510598128
355	-4.36537675626
356	-9.39525732679
357	-4.42510598128
358	-4.36537675626
359	-8.46493149529
360	-4.73218991215
361	-4.39128520739
362	-12.7810639858
363	-4.73218991215
364	-4.83306789418
365	-9.92393017163
366	-4.42510598128
367	-4.65606306928
368	-8.01865878483
369	-4.73218991215
370	-4.39128520739
371	-11.4613976004
372	-4.44325626315
373	-4.65606306928
374	-9.3518145439
375	-4.44325626315
376	-9.52178263854
377	-12.3063307302
378	-4.44325626315
379	-4.39128520739
380	-8.46493149529
381	-4.73218991215
382	-4.65606306928
383	-8.46493149529
384	-4.90767032298
385	-4.36537675626
386	-8.09161432195
387	-4.73218991215
388	-4.39128520739
389	-12.522358544
390	-4.42510598128
391	-4.36537675626
392	-9.28526528614
393	-4.42510598128
394	-4.39128520739
395	-9.80781068717
396	-4.90767032298
397	-4.83306789418
398	-6.84933448232
399	-4.44325626315
400	-4.36537675626
401	-6.58029171069
402	-4.44325626315
403	-10.5042508247
404	-6.58029171069
405	-4.44325626315
406	-4.83306789418
407	-7.91102989574
408	-4.42510598128
409	-4.39128520739
410	-8.01865878483
411	-10.5008679281
412	-4.65606306928
413	-13.0575880497
414	-11.3969208553
415	-4.39128520739
416	-6.58029171069
417	-4.42510598128
418	-4.83306789418
419	-10.786509195
420	-4.44325626315
421	-4.36537675626
422	-12.6157975064
423	-4.42510598128
424	-4.36537675626
425	-9.99520842759
426	-4.44325626315
427	-4.83306789418
428	-6.58029171069
429	-10.5008679281
430	-4.65606306928
431	-12.6134474701
432	-14.4859222201
433	-4.39128520739
434	-6.58029171069
435	-4.44325626315
436	-27.0808557602
437	-12.4191033201
438	-4.44325626315
439	-4.39128520739
440	-13.4021668681
441	-4.73218991215
442	-4.36537675626
443	-6.58029171069
444	-4.90767032298
445	-4.39128520739
446	-8.09161432195
447	-4.73218991215
448	-4.36537675626
449	-16.7185891226
450	-4.42510598128
451	-4.65606306928
452	-10.7815390524
453	-4.90767032298
454	-4.36537675626
455	-7.91102989574
456	-4.73218991215
457	-4.39128520739
458	-6.58029171069
459	-4.44325626315
460	-4.83306789418
461	-8.6598695494
462	-4.42510598128
463	-4.39128520739
464	-13.8162416093
465	-4.44325626315
466	-4.83306789418
467	-11.990824896
468	-8.95544366211
469	-4.39128520739
470	-9.94859895635
471	-10.6821370084
472	-4.39128520739
473	-12.6333930561
474	-4.44325626315
475	-4.36537675626
476	-15.3654618089
477	-4.73218991215
478	-4.36537675626
479	-15.7199827483
480	-4.42510598128
481	-4.39128520739
482	-9.0458608351
483	-4.42510598128
484	-4.36537675626
485	-6.58029171069
486	-4.44325626315
487	-4.39128520739
488	-6.58029171069
