#Site	lnL	
0	-1.22102197565
1	-1.91290206925
2	-5.84042247369
3	-1.22102197565
4	-1.59234814827
5	-9.35068401715
6	-1.34656884486
7	-1.59234814827
8	-3.14772422694
9	-1.22102197565
10	-1.91290206925
11	-6.84796432734
12	-8.1149869943
13	-1.59234814827
14	-11.0975742236
15	-1.22102197565
16	-1.30009818005
17	-7.66569245486
18	-1.65182909326
19	-7.91085691085
20	-2.60426726666
21	-1.65182909326
22	-1.30009818005
23	-7.6565277336
24	-1.65182909326
25	-1.30009818005
26	-3.14772422694
27	-1.34656884486
28	-1.18525881128
29	-8.38473267944
30	-6.19759798707
31	-1.30009818005
32	-2.60426726666
33	-1.34656884486
34	-1.30009818005
35	-11.1377002826
36	-5.54488917915
37	-1.59234814827
38	-7.65048336277
39	-1.9784386518
40	-1.91290206925
41	-5.88702532993
42	-1.9784386518
43	-1.30009818005
44	-5.19708423297
45	-1.22102197565
46	-1.59234814827
47	-5.84042247369
48	-1.34656884486
49	-1.59234814827
50	-11.3548052256
51	-1.22102197565
52	-1.30009818005
53	-3.14772422694
54	-10.6578941805
55	-1.30009818005
56	-4.61874541182
57	-1.34656884486
58	-6.64589051115
59	-8.64657540733
60	-1.34656884486
61	-1.30009818005
62	-5.28202715526
63	-1.65182909326
64	-1.30009818005
65	-11.7744677779
66	-1.65182909326
67	-1.91290206925
68	-8.25778437361
69	-1.22102197565
70	-7.68929797142
71	-4.00080198991
72	-1.65182909326
73	-1.18525881128
74	-2.60426726666
75	-1.65182909326
76	-1.91290206925
77	-4.94016945624
78	-1.22102197565
79	-1.59234814827
80	-2.60426726666
81	-1.34656884486
82	-1.18525881128
83	-13.9664287062
84	-1.22102197565
85	-1.18525881128
86	-3.14772422694
87	-1.22102197565
88	-9.92627969303
89	-2.60426726666
90	-1.65182909326
91	-1.91290206925
92	-8.97421412958
93	-1.22102197565
94	-1.91290206925
95	-4.00080198991
96	-1.22102197565
97	-1.30009818005
98	-7.68664357622
99	-1.22102197565
100	-1.59234814827
101	-4.00080198991
102	-1.9784386518
103	-1.91290206925
104	-2.60426726666
105	-1.34656884486
106	-1.91290206925
107	-5.39134717667
108	-1.34656884486
109	-1.30009818005
110	-2.60426726666
111	-1.65182909326
112	-1.18525881128
113	-5.96302699989
114	-1.34656884486
115	-1.18525881128
116	-13.5404343245
117	-1.34656884486
118	-1.91290206925
119	-8.76558679654
120	-1.65182909326
121	-1.59234814827
122	-4.61874541182
123	-1.65182909326
124	-1.59234814827
125	-4.61874541182
126	-1.9784386518
127	-1.59234814827
128	-5.19708423297
129	-1.34656884486
130	-1.30009818005
131	-8.21703699202
132	-1.22102197565
133	-1.59234814827
134	-5.91104946196
135	-1.34656884486
136	-7.21800427404
137	-8.84794505382
138	-1.9784386518
139	-1.18525881128
140	-5.86631395802
141	-1.34656884486
142	-1.30009818005
143	-5.42569924853
144	-1.22102197565
145	-1.59234814827
146	-7.61168259351
147	-1.22102197565
148	-1.18525881128
149	-7.97864770263
150	-1.65182909326
151	-1.30009818005
152	-2.60426726666
153	-1.65182909326
154	-1.30009818005
155	-9.04095048268
156	-1.22102197565
157	-1.18525881128
158	-7.49756362647
159	-1.65182909326
160	-1.30009818005
161	-8.39822658348
162	-1.22102197565
163	-1.30009818005
164	-6.90526372499
165	-1.22102197565
166	-1.30009818005
167	-9.31637718276
168	-1.65182909326
169	-1.18525881128
170	-10.7615958429
171	-1.34656884486
172	-1.59234814827
173	-7.8083623192
174	-1.22102197565
175	-1.30009818005
176	-7.32579659646
177	-1.9784386518
178	-1.30009818005
179	-5.78751275711
180	-1.22102197565
181	-1.59234814827
182	-5.64404719909
183	-5.97156935737
184	-1.30009818005
185	-8.04276277284
186	-1.34656884486
187	-1.91290206925
188	-16.5905070252
189	-1.65182909326
190	-1.59234814827
191	-8.58593206178
192	-1.34656884486
193	-1.30009818005
194	-4.85002839019
195	-1.22102197565
196	-1.91290206925
197	-5.38825365325
198	-1.34656884486
199	-1.30009818005
200	-6.71162684793
201	-1.22102197565
202	-1.91290206925
203	-14.1434405245
204	-1.34656884486
205	-1.18525881128
206	-2.60426726666
207	-1.34656884486
208	-1.18525881128
209	-7.86974875052
210	-1.34656884486
211	-1.59234814827
212	-7.78597202473
213	-1.34656884486
214	-7.23674450218
215	-3.14772422694
216	-1.65182909326
217	-1.18525881128
218	-4.61874541182
219	-5.54488917915
220	-6.60520808854
221	-9.5856393165
222	-1.34656884486
223	-1.18525881128
224	-2.60426726666
225	-13.1972630766
226	-1.30009818005
227	-17.3581494283
228	-1.9784386518
229	-1.30009818005
230	-10.2641674906
231	-1.65182909326
232	-1.59234814827
233	-4.85002839019
234	-1.34656884486
235	-1.91290206925
236	-2.60426726666
237	-1.65182909326
238	-1.18525881128
239	-6.3342542424
240	-1.22102197565
241	-1.59234814827
242	-2.60426726666
243	-1.22102197565
244	-1.30009818005
245	-9.87179157264
246	-1.34656884486
247	-1.59234814827
248	-2.60426726666
249	-1.34656884486
250	-1.30009818005
251	-5.88702532993
252	-1.34656884486
253	-6.40742298962
254	-8.23935814155
255	-9.36123803975
256	-1.30009818005
257	-4.6454250551
258	-1.65182909326
259	-1.59234814827
260	-9.7961978449
261	-1.65182909326
262	-1.59234814827
263	-4.25261615389
264	-9.15265783861
265	-1.30009818005
266	-8.36925671069
267	-1.65182909326
268	-1.30009818005
269	-12.2074137659
270	-1.9784386518
271	-1.18525881128
272	-5.39134717667
273	-1.65182909326
274	-1.18525881128
275	-9.27440354661
276	-1.22102197565
277	-1.18525881128
278	-4.85002839019
279	-1.34656884486
280	-1.91290206925
281	-6.3342542424
282	-1.22102197565
283	-1.59234814827
284	-6.52440590694
285	-11.4146653358
286	-1.30009818005
287	-4.61874541182
288	-1.34656884486
289	-1.59234814827
290	-10.4062606602
291	-7.20414196071
292	-1.18525881128
293	-8.93431469719
294	-13.7409516654
295	-1.59234814827
296	-2.60426726666
297	-1.22102197565
298	-1.59234814827
299	-3.14772422694
300	-1.34656884486
301	-1.30009818005
302	-2.60426726666
303	-1.34656884486
304	-1.91290206925
305	-2.60426726666
306	-1.9784386518
307	-1.18525881128
308	-9.38161404835
309	-1.22102197565
310	-1.59234814827
311	-9.08416149046
312	-1.34656884486
313	-1.18525881128
314	-5.40671252338
315	-1.34656884486
316	-1.59234814827
317	-4.43705765366
318	-1.22102197565
319	-1.59234814827
320	-3.14772422694
321	-1.22102197565
322	-1.18525881128
323	-5.61713903012
324	-1.34656884486
325	-1.18525881128
326	-5.42569924853
327	-1.34656884486
328	-1.59234814827
329	-5.88702532993
330	-1.34656884486
331	-1.18525881128
332	-14.6214361662
333	-1.34656884486
334	-1.59234814827
335	-4.94016945624
336	-1.9784386518
337	-1.18525881128
338	-4.25261615389
339	-1.22102197565
340	-1.59234814827
341	-9.80619159608
342	-1.9784386518
343	-7.74341251454
344	-8.33990240933
345	-1.9784386518
346	-1.91290206925
347	-6.62191195237
348	-6.82654863188
349	-1.18525881128
350	-3.14772422694
351	-1.65182909326
352	-1.30009818005
353	-4.6454250551
354	-1.34656884486
355	-1.30009818005
356	-7.5153833217
357	-1.34656884486
358	-1.30009818005
359	-4.43705765366
360	-1.65182909326
361	-1.18525881128
362	-10.8318209423
363	-1.65182909326
364	-1.91290206925
365	-6.90526372499
366	-1.34656884486
367	-1.59234814827
368	-4.85002839019
369	-1.65182909326
370	-1.18525881128
371	-8.89675894659
372	-1.22102197565
373	-1.59234814827
374	-6.09479482297
375	-1.22102197565
376	-6.40742298962
377	-8.56217879035
378	-1.22102197565
379	-1.18525881128
380	-4.43705765366
381	-1.65182909326
382	-1.59234814827
383	-4.43705765366
384	-1.9784386518
385	-1.30009818005
386	-4.61874541182
387	-1.65182909326
388	-1.18525881128
389	-9.28505450235
390	-1.34656884486
391	-1.30009818005
392	-5.1487083118
393	-1.34656884486
394	-1.18525881128
395	-6.20454235598
396	-1.9784386518
397	-1.91290206925
398	-3.14772422694
399	-1.22102197565
400	-1.30009818005
401	-2.60426726666
402	-1.22102197565
403	-7.41521299065
404	-2.60426726666
405	-1.22102197565
406	-1.91290206925
407	-4.00080198991
408	-1.34656884486
409	-1.18525881128
410	-4.85002839019
411	-5.76978094568
412	-1.59234814827
413	-8.93336978132
414	-8.38320166124
415	-1.18525881128
416	-2.60426726666
417	-1.34656884486
418	-1.91290206925
419	-7.0757455789
420	-1.22102197565
421	-1.30009818005
422	-9.60324273836
423	-1.34656884486
424	-1.30009818005
425	-7.71552086138
426	-1.22102197565
427	-1.91290206925
428	-2.60426726666
429	-5.76978094568
430	-1.59234814827
431	-9.61615291724
432	-9.57047997503
433	-1.18525881128
434	-2.60426726666
435	-1.22102197565
436	-14.3519679044
437	-8.57999223591
438	-1.22102197565
439	-1.18525881128
440	-9.37846930957
441	-1.65182909326
442	-1.30009818005
443	-2.60426726666
444	-1.9784386518
445	-1.18525881128
446	-4.61874541182
447	-1.65182909326
448	-1.30009818005
449	-14.3706811057
450	-1.34656884486
451	-1.59234814827
452	-7.9664036531
453	-1.9784386518
454	-1.30009818005
455	-4.00080198991
456	-1.65182909326
457	-1.18525881128
458	-2.60426726666
459	-1.22102197565
460	-1.91290206925
461	-6.49356885471
462	-1.34656884486
463	-1.18525881128
464	-10.6123500043
465	-1.22102197565
466	-1.91290206925
467	-8.58151015955
468	-5.94186630881
469	-1.18525881128
470	-7.0438045109
471	-7.17136160546
472	-1.18525881128
473	-8.3284141857
474	-1.22102197565
475	-1.30009818005
476	-11.9903860147
477	-1.65182909326
478	-1.30009818005
479	-13.1977288381
480	-1.34656884486
481	-1.18525881128
482	-5.64404719909
483	-1.34656884486
484	-1.30009818005
485	-2.60426726666
486	-1.22102197565
487	-1.18525881128
488	-2.60426726666
