#Site	lnL	
0	-4.2867641943
1	-4.2748106753
2	-8.26252074377
3	-4.31808322754
4	-4.30270045456
5	-9.44527051984
6	-4.31808322754
7	-4.98882890793
8	-12.0967325915
9	-5.01072142089
10	-4.68726960511
11	-12.4812301916
12	-4.31808322754
13	-4.68726960511
14	-9.80314506369
15	-4.31808322754
16	-4.98882890793
17	-6.2066421282
18	-5.01072142089
19	-4.2748106753
20	-8.78554292138
21	-4.70869790526
22	-11.1941479228
23	-8.18910083009
24	-4.31808322754
25	-4.2748106753
26	-8.99786572635
27	-4.70869790526
28	-4.30270045456
29	-10.4536126364
30	-4.31808322754
31	-4.30270045456
32	-14.5005257747
33	-4.70869790526
34	-4.30270045456
35	-9.7514074715
36	-4.2867641943
37	-4.30270045456
38	-17.0275487861
39	-4.2867641943
40	-4.68726960511
41	-10.1299574619
42	-4.70869790526
43	-4.30270045456
44	-11.9356873728
45	-4.2867641943
46	-4.2748106753
47	-8.41439304398
48	-4.70869790526
49	-4.30270045456
50	-7.46808535038
51	-4.70869790526
52	-13.3772821011
53	-6.75783483875
54	-5.01072142089
55	-4.2748106753
56	-9.7514074715
57	-4.31808322754
58	-4.2748106753
59	-6.2066421282
60	-4.2867641943
61	-4.68726960511
62	-6.2066421282
63	-4.2867641943
64	-4.68726960511
65	-9.12761881812
66	-4.31808322754
67	-4.30270045456
68	-11.1360583354
69	-4.70869790526
70	-4.68726960511
71	-11.025951644
72	-5.01072142089
73	-4.2748106753
74	-6.75783483875
75	-4.70869790526
76	-4.98882890793
77	-10.2442234459
78	-9.62622686164
79	-4.98882890793
80	-6.75783483875
81	-4.31808322754
82	-4.2748106753
83	-10.4517340406
84	-4.2867641943
85	-4.2748106753
86	-10.1299574619
87	-4.70869790526
88	-4.68726960511
89	-6.75783483875
90	-4.2867641943
91	-4.30270045456
92	-6.75783483875
93	-4.2867641943
94	-4.2748106753
95	-6.75783483875
96	-4.31808322754
97	-4.2748106753
98	-8.99786572635
99	-5.01072142089
100	-4.30270045456
101	-8.41439304398
102	-4.31808322754
103	-4.30270045456
104	-8.26252074377
105	-5.01072142089
106	-4.68726960511
107	-8.58065716464
108	-4.31808322754
109	-4.68726960511
110	-8.72952855371
111	-4.70869790526
112	-4.98882890793
113	-6.2066421282
114	-4.70869790526
115	-4.30270045456
116	-13.6189878354
117	-4.2867641943
118	-4.2748106753
119	-12.7757244099
120	-4.2867641943
121	-4.30270045456
122	-9.12761881812
123	-4.31808322754
124	-4.2748106753
125	-6.2066421282
126	-4.31808322754
127	-4.30270045456
128	-9.12761881812
129	-4.70869790526
130	-4.30270045456
131	-6.2066421282
132	-9.624080499
133	-4.30270045456
134	-10.6076880741
135	-5.01072142089
136	-4.68726960511
137	-15.9555148577
138	-4.31808322754
139	-4.30270045456
140	-8.26252074377
141	-5.01072142089
142	-4.30270045456
143	-15.8619865252
144	-4.31808322754
145	-13.0878713398
146	-12.3137435246
147	-4.2867641943
148	-4.2748106753
149	-8.78554292138
150	-4.31808322754
151	-4.30270045456
152	-8.45789866599
153	-4.31808322754
154	-4.68726960511
155	-12.1256926798
156	-5.01072142089
157	-4.30270045456
158	-8.41439304398
159	-4.70869790526
160	-4.2748106753
161	-9.50161439181
162	-4.2867641943
163	-4.30270045456
164	-19.4627064403
165	-4.2867641943
166	-4.2748106753
167	-6.2066421282
168	-8.98832717803
169	-4.2748106753
170	-18.2244361196
171	-19.1193173598
172	-4.30270045456
173	-9.40827514099
174	-4.31808322754
175	-4.2748106753
176	-8.18910083009
177	-4.2867641943
178	-4.68726960511
179	-6.2066421282
180	-4.70869790526
181	-4.68726960511
182	-6.2066421282
183	-4.70869790526
184	-4.98882890793
185	-13.3849044178
186	-4.31808322754
187	-4.2748106753
188	-21.1561067815
189	-4.2867641943
190	-4.2748106753
191	-12.3467056465
192	-4.70869790526
193	-4.98882890793
194	-6.2066421282
195	-4.31808322754
196	-4.68726960511
197	-10.6593620615
198	-5.01072142089
199	-4.2748106753
200	-8.41439304398
201	-4.2867641943
202	-4.30270045456
203	-10.6261956645
204	-4.70869790526
205	-4.2748106753
206	-6.75783483875
207	-4.70869790526
208	-4.2748106753
209	-9.25093489674
210	-4.31808322754
211	-4.30270045456
212	-8.26252074377
213	-4.70869790526
214	-4.30270045456
215	-14.658134863
216	-4.70869790526
217	-4.2748106753
218	-8.26252074377
219	-4.31808322754
220	-4.30270045456
221	-14.3144780988
222	-4.2867641943
223	-4.30270045456
224	-8.92468698387
225	-10.9745375844
226	-4.30270045456
227	-6.2066421282
228	-18.7176170189
229	-4.30270045456
230	-11.4733186197
231	-4.70869790526
232	-4.98882890793
233	-6.75783483875
234	-4.31808322754
235	-4.30270045456
236	-9.77887603484
237	-4.70869790526
238	-4.2748106753
239	-11.7140911675
240	-4.2867641943
241	-4.2748106753
242	-9.88061382386
243	-4.31808322754
244	-4.98882890793
245	-9.33883744083
246	-5.01072142089
247	-4.30270045456
248	-12.9026665269
249	-4.70869790526
250	-11.9718582095
251	-12.8906531163
252	-4.31808322754
253	-4.68726960511
254	-12.9026665269
255	-4.70869790526
256	-4.2748106753
257	-13.8984158855
258	-11.3232027077
259	-4.2748106753
260	-11.9745605662
261	-4.2867641943
262	-4.2748106753
263	-12.1656037777
264	-4.2867641943
265	-4.30270045456
266	-13.1647496181
267	-4.31808322754
268	-4.98882890793
269	-6.2066421282
270	-4.31808322754
271	-4.30270045456
272	-13.9578982686
273	-4.31808322754
274	-4.2748106753
275	-13.7576362715
276	-4.31808322754
277	-4.30270045456
278	-8.26252074377
279	-4.31808322754
280	-4.30270045456
281	-10.2181228202
282	-5.01072142089
283	-4.2748106753
284	-6.2066421282
285	-4.2867641943
286	-4.30270045456
287	-6.2066421282
288	-5.01072142089
289	-4.98882890793
290	-13.6312145006
291	-4.31808322754
292	-4.30270045456
293	-7.46808535038
294	-4.31808322754
295	-4.30270045456
296	-8.26252074377
297	-4.31808322754
298	-4.30270045456
299	-6.2066421282
300	-4.2867641943
301	-4.2748106753
302	-7.99194037112
303	-4.70869790526
304	-4.2748106753
305	-8.2148324853
306	-4.31808322754
307	-4.68726960511
308	-8.99786572635
309	-4.31808322754
310	-4.68726960511
311	-10.8836228323
312	-4.2867641943
313	-4.2748106753
314	-10.3156055035
315	-4.2867641943
316	-4.68726960511
317	-12.5781466492
318	-4.70869790526
319	-4.30270045456
320	-7.68240361892
321	-4.70869790526
322	-12.4136226127
323	-10.8212263334
324	-11.0018476978
325	-4.2748106753
326	-13.2585481749
327	-4.31808322754
328	-14.3198464361
329	-9.49352068987
330	-4.2867641943
331	-4.2748106753
332	-14.6667859018
333	-4.31808322754
334	-4.68726960511
335	-9.99641199769
336	-4.2867641943
337	-4.98882890793
338	-8.45789866599
339	-4.31808322754
340	-4.68726960511
341	-15.7872814486
342	-5.01072142089
343	-4.2748106753
344	-9.77887603484
345	-4.70869790526
346	-4.98882890793
347	-6.2066421282
348	-4.2867641943
349	-4.2748106753
350	-6.75783483875
351	-4.2867641943
352	-4.30270045456
353	-8.99786572635
354	-4.70869790526
355	-4.30270045456
356	-6.75783483875
357	-4.2867641943
358	-4.98882890793
359	-8.78554292138
360	-4.2867641943
361	-4.68726960511
362	-7.68240361892
363	-9.59615395796
364	-4.2748106753
365	-7.46808535038
366	-5.01072142089
367	-4.98882890793
368	-15.8460256459
369	-4.2867641943
370	-4.68726960511
371	-7.68240361892
372	-4.2867641943
373	-4.30270045456
374	-9.14679942406
375	-4.31808322754
376	-4.98882890793
377	-9.5411065475
378	-4.31808322754
379	-4.68726960511
380	-11.7530441361
381	-4.70869790526
382	-10.0603461292
383	-10.6261956645
384	-4.70869790526
385	-4.68726960511
386	-9.25093489674
387	-4.2867641943
388	-4.68726960511
389	-8.26252074377
390	-4.70869790526
391	-4.68726960511
392	-11.1024279865
393	-11.7849412682
394	-4.30270045456
395	-8.18910083009
396	-4.70869790526
397	-4.98882890793
398	-10.3369481245
399	-4.31808322754
400	-4.98882890793
401	-9.13932431945
402	-5.01072142089
403	-4.98882890793
404	-11.1360583354
405	-4.70869790526
406	-4.2748106753
407	-7.99194037112
408	-4.70869790526
409	-4.30270045456
410	-12.5314132756
411	-4.31808322754
412	-4.68726960511
413	-6.2066421282
414	-4.70869790526
415	-4.98882890793
416	-8.45789866599
417	-5.01072142089
418	-4.30270045456
419	-9.12761881812
420	-4.31808322754
421	-4.68726960511
422	-6.75783483875
423	-4.31808322754
424	-4.30270045456
425	-11.3319190005
426	-4.31808322754
427	-4.68726960511
428	-12.0175835785
429	-5.01072142089
430	-4.2748106753
431	-9.5411065475
432	-13.9209776642
433	-4.2748106753
434	-9.33883744083
435	-8.94438741995
436	-4.30270045456
437	-8.26252074377
438	-4.31808322754
439	-4.98882890793
440	-8.26252074377
441	-4.70869790526
442	-4.2748106753
443	-13.9510718883
444	-4.2867641943
445	-4.30270045456
446	-10.3156055035
447	-4.70869790526
448	-9.78802722211
449	-9.44527051984
450	-4.31808322754
451	-4.98882890793
452	-9.57278845388
453	-4.31808322754
454	-4.30270045456
455	-6.2066421282
456	-4.2867641943
457	-4.30270045456
458	-6.2066421282
459	-4.2867641943
460	-13.3772821011
461	-11.7687973532
462	-4.31808322754
463	-4.2748106753
464	-9.7514074715
465	-4.31808322754
466	-4.2748106753
467	-7.99194037112
468	-4.31808322754
469	-4.2748106753
470	-6.2066421282
471	-4.2867641943
472	-4.2748106753
473	-8.26252074377
474	-5.01072142089
475	-12.8557480813
476	-14.0144291545
477	-4.31808322754
478	-4.68726960511
479	-11.2617115482
480	-4.70869790526
481	-4.2748106753
482	-7.68240361892
483	-5.01072142089
484	-4.2748106753
485	-8.2148324853
486	-4.2867641943
487	-4.30270045456
488	-11.6535055103
