-7.446479255431388555e-01
-5.046786562549615551e-01
-7.988726405685880883e-01
3.013928320175812026e+00
-1.199928096087300444e+00
1.905267388124564087e+00
-5.510427309157970299e-01
-1.628972319536119429e+00
-3.754515124914178603e+00
-5.236818223727170540e+00
-3.875322673589919553e+00
-4.025916932158327022e+00
-1.747586185999743336e+01
-5.406470791906408557e+00
-5.922703819660846136e+00
-4.537848874456404502e+00
-5.570569716566918572e+00
-5.318887462010501110e+00
-5.099556070077670533e+00
-5.452376530423224565e+00
