#Site	lnL	
0	-1.63233682344
1	-1.27603031816
2	-10.0876131604
3	-1.63233682344
4	-1.30294414027
5	-7.64926188826
6	-1.34919260971
7	-1.27603031816
8	-5.71312658688
9	-1.63233682344
10	-1.56460852976
11	-10.897886669
12	-1.63233682344
13	-1.74181820164
14	-9.80151170605
15	-1.63233682344
16	-1.30294414027
17	-3.25210804356
18	-1.32917736844
19	-1.74181820164
20	-7.25582191788
21	-6.96158572961
22	-1.74181820164
23	-3.48866766592
24	-1.80819340088
25	-1.30294414027
26	-7.92091866972
27	-1.63233682344
28	-1.74181820164
29	-8.32629563524
30	-1.34919260971
31	-1.74181820164
32	-6.14350021704
33	-1.80819340088
34	-1.27603031816
35	-8.71606899117
36	-1.63233682344
37	-1.30294414027
38	-6.26272378064
39	-6.24246833565
40	-1.56460852976
41	-5.80124128525
42	-1.34919260971
43	-1.74181820164
44	-3.48866766592
45	-1.63233682344
46	-1.30294414027
47	-7.28236772226
48	-1.32917736844
49	-1.56460852976
50	-7.77353985185
51	-6.40992911618
52	-1.30294414027
53	-5.3409235321
54	-1.34919260971
55	-1.56460852976
56	-15.8228658019
57	-1.34919260971
58	-1.27603031816
59	-5.79740280565
60	-1.32917736844
61	-1.27603031816
62	-7.74289685947
63	-1.34919260971
64	-1.30294414027
65	-16.2121438862
66	-1.80819340088
67	-1.74181820164
68	-8.82358166771
69	-1.34919260971
70	-1.30294414027
71	-6.14350021704
72	-7.10807098931
73	-7.76558739796
74	-4.77716127787
75	-1.80819340088
76	-1.30294414027
77	-3.48866766592
78	-1.63233682344
79	-9.99597733986
80	-7.72959606843
81	-1.63233682344
82	-1.27603031816
83	-3.48866766592
84	-1.34919260971
85	-1.74181820164
86	-8.0963691029
87	-1.32917736844
88	-1.56460852976
89	-8.89460243515
90	-1.63233682344
91	-1.27603031816
92	-10.2790699684
93	-1.80819340088
94	-1.56460852976
95	-7.81468385703
96	-1.80819340088
97	-1.27603031816
98	-5.74958998191
99	-1.80819340088
100	-7.84632189557
101	-7.28236772226
102	-1.63233682344
103	-1.56460852976
104	-7.23946350992
105	-1.63233682344
106	-1.27603031816
107	-5.48279474247
108	-1.80819340088
109	-1.27603031816
110	-5.74958998191
111	-1.32917736844
112	-1.30294414027
113	-6.78719120711
114	-1.63233682344
115	-1.30294414027
116	-10.4535101888
117	-1.63233682344
118	-1.56460852976
119	-7.15470627759
120	-1.63233682344
121	-1.74181820164
122	-6.14350021704
123	-1.32917736844
124	-1.30294414027
125	-8.43910320311
126	-1.34919260971
127	-1.27603031816
128	-3.25210804356
129	-1.32917736844
130	-1.56460852976
131	-3.48866766592
132	-1.34919260971
133	-1.27603031816
134	-12.5884686734
135	-1.63233682344
136	-1.30294414027
137	-9.47608508268
138	-1.34919260971
139	-1.27603031816
140	-5.84117793869
141	-1.32917736844
142	-1.27603031816
143	-8.57485228962
144	-1.63233682344
145	-1.30294414027
146	-8.18439567345
147	-1.34919260971
148	-1.27603031816
149	-6.99377578684
150	-1.34919260971
151	-1.74181820164
152	-4.62238671366
153	-8.82932615819
154	-1.30294414027
155	-6.1037814248
156	-1.32917736844
157	-6.58511677384
158	-3.25210804356
159	-1.63233682344
160	-1.30294414027
161	-9.62492619003
162	-1.32917736844
163	-1.30294414027
164	-6.06382570318
165	-1.80819340088
166	-1.27603031816
167	-9.78989486485
168	-1.63233682344
169	-1.74181820164
170	-6.46564091422
171	-11.0324246113
172	-1.27603031816
173	-3.48866766592
174	-1.32917736844
175	-1.56460852976
176	-3.25210804356
177	-1.80819340088
178	-1.56460852976
179	-9.73023132114
180	-1.32917736844
181	-1.30294414027
182	-5.80124128525
183	-11.2204872212
184	-1.30294414027
185	-3.25210804356
186	-1.34919260971
187	-1.30294414027
188	-3.25210804356
189	-1.34919260971
190	-1.30294414027
191	-9.28517053415
192	-6.40992911618
193	-1.30294414027
194	-6.30547576364
195	-1.32917736844
196	-1.27603031816
197	-6.46564091422
198	-1.34919260971
199	-1.56460852976
200	-8.42365975521
201	-1.34919260971
202	-1.30294414027
203	-5.6332901417
204	-1.32917736844
205	-11.3496530696
206	-7.23946350992
207	-1.32917736844
208	-1.30294414027
209	-8.39737049785
210	-1.63233682344
211	-1.74181820164
212	-7.26242730948
213	-1.63233682344
214	-1.27603031816
215	-14.8474624428
216	-1.34919260971
217	-1.27603031816
218	-3.25210804356
219	-1.34919260971
220	-1.56460852976
221	-8.99430893057
222	-1.32917736844
223	-1.27603031816
224	-4.44828094733
225	-1.32917736844
226	-1.30294414027
227	-12.9256239568
228	-1.63233682344
229	-1.30294414027
230	-5.20959011304
231	-11.0147724255
232	-1.27603031816
233	-12.8108311791
234	-1.34919260971
235	-1.27603031816
236	-9.94264960873
237	-1.63233682344
238	-1.56460852976
239	-4.62238671366
240	-1.63233682344
241	-1.27603031816
242	-3.25210804356
243	-1.80819340088
244	-1.74181820164
245	-7.84149548195
246	-1.34919260971
247	-1.30294414027
248	-3.48866766592
249	-1.63233682344
250	-1.74181820164
251	-9.82987366052
252	-1.32917736844
253	-1.30294414027
254	-3.25210804356
255	-1.34919260971
256	-1.27603031816
257	-7.3690893192
258	-1.63233682344
259	-1.56460852976
260	-7.92091866972
261	-1.63233682344
262	-1.27603031816
263	-10.2253569408
264	-1.63233682344
265	-1.30294414027
266	-6.46564091422
267	-1.80819340088
268	-1.30294414027
269	-3.25210804356
270	-1.63233682344
271	-1.30294414027
272	-10.4230152029
273	-1.32917736844
274	-1.27603031816
275	-10.3157711698
276	-1.80819340088
277	-1.74181820164
278	-7.7943386752
279	-1.63233682344
280	-9.78871151715
281	-4.44828094733
282	-1.34919260971
283	-1.30294414027
284	-5.6332901417
285	-1.34919260971
286	-1.56460852976
287	-4.44828094733
288	-1.80819340088
289	-1.56460852976
290	-9.04386495478
291	-1.63233682344
292	-1.30294414027
293	-4.99061718174
294	-1.34919260971
295	-1.27603031816
296	-12.138682584
297	-1.63233682344
298	-6.80633092933
299	-7.63780400818
300	-1.80819340088
301	-1.74181820164
302	-4.44828094733
303	-1.34919260971
304	-1.30294414027
305	-3.48866766592
306	-1.32917736844
307	-1.27603031816
308	-3.48866766592
309	-6.91990341949
310	-1.56460852976
311	-5.6332901417
312	-1.32917736844
313	-1.27603031816
314	-20.6792188447
315	-1.63233682344
316	-1.30294414027
317	-12.8153812874
318	-1.34919260971
319	-1.27603031816
320	-10.2394323596
321	-1.34919260971
322	-1.27603031816
323	-9.99616749954
324	-1.34919260971
325	-1.74181820164
326	-11.1101928405
327	-1.32917736844
328	-1.56460852976
329	-7.78926064394
330	-1.32917736844
331	-1.56460852976
332	-7.87618246728
333	-1.34919260971
334	-1.74181820164
335	-6.87389730953
336	-1.32917736844
337	-1.56460852976
338	-3.48866766592
339	-1.32917736844
340	-1.30294414027
341	-4.62238671366
342	-1.32917736844
343	-1.56460852976
344	-7.65878578005
345	-1.32917736844
346	-1.74181820164
347	-9.371920335
348	-10.3689089737
349	-1.30294414027
350	-12.3249271508
351	-1.63233682344
352	-1.56460852976
353	-9.07743173794
354	-1.80819340088
355	-1.74181820164
356	-8.5921597792
357	-1.34919260971
358	-1.27603031816
359	-9.77036722941
360	-1.34919260971
361	-1.27603031816
362	-3.48866766592
363	-1.80819340088
364	-1.56460852976
365	-3.25210804356
366	-1.80819340088
367	-9.00037158137
368	-4.94623022235
369	-1.34919260971
370	-1.27603031816
371	-4.62238671366
372	-1.32917736844
373	-1.27603031816
374	-11.5759734825
375	-1.63233682344
376	-1.27603031816
377	-3.25210804356
378	-1.34919260971
379	-6.78808682683
380	-11.1032057228
381	-1.32917736844
382	-1.74181820164
383	-4.44828094733
384	-1.80819340088
385	-1.27603031816
386	-7.63361501495
387	-1.63233682344
388	-7.21401969283
389	-3.48866766592
390	-1.63233682344
391	-1.30294414027
392	-4.44828094733
393	-1.34919260971
394	-1.27603031816
395	-6.31532669642
396	-1.80819340088
397	-1.30294414027
398	-4.44828094733
399	-1.80819340088
400	-1.74181820164
401	-10.0011670695
402	-1.32917736844
403	-1.74181820164
404	-4.62238671366
405	-1.63233682344
406	-1.27603031816
407	-7.78926064394
408	-1.34919260971
409	-1.30294414027
410	-7.84149548195
411	-1.34919260971
412	-11.4290316389
413	-3.48866766592
414	-1.63233682344
415	-1.27603031816
416	-4.44828094733
417	-10.4762925447
418	-1.27603031816
419	-5.84117793869
420	-1.32917736844
421	-1.74181820164
422	-13.220538461
423	-1.63233682344
424	-1.27603031816
425	-5.48279474247
426	-1.34919260971
427	-1.30294414027
428	-5.63269900234
429	-1.34919260971
430	-1.27603031816
431	-3.48866766592
432	-1.32917736844
433	-1.74181820164
434	-3.25210804356
435	-1.80819340088
436	-1.56460852976
437	-5.6332901417
438	-1.63233682344
439	-1.27603031816
440	-4.44828094733
441	-1.32917736844
442	-1.74181820164
443	-7.74289685947
444	-1.63233682344
445	-1.30294414027
446	-14.7203293783
447	-1.34919260971
448	-1.56460852976
449	-5.21647326258
450	-1.80819340088
451	-1.56460852976
452	-4.62238671366
453	-1.32917736844
454	-1.56460852976
455	-8.28818638843
456	-1.32917736844
457	-1.74181820164
458	-3.25210804356
459	-1.32917736844
460	-1.27603031816
461	-4.44828094733
462	-6.24246833565
463	-1.30294414027
464	-5.25688296844
465	-1.32917736844
466	-1.27603031816
467	-4.44828094733
468	-1.32917736844
469	-1.30294414027
470	-5.84117793869
471	-1.63233682344
472	-1.27603031816
473	-10.990519066
474	-1.63233682344
475	-1.74181820164
476	-5.48279474247
477	-1.63233682344
478	-1.56460852976
479	-8.45912294591
480	-1.34919260971
481	-7.43039781327
482	-9.89785067481
483	-1.80819340088
484	-1.56460852976
485	-10.0366231433
486	-1.63233682344
487	-1.74181820164
488	-8.74301364568
