# log_p 	 lnL 	 
0.0	-1855.92380986	
-0.287682072452	-1855.84489972	
-0.510825623766	-1855.75157984	
-0.69314718056	-1855.6472333	
-0.847297860387	-1855.53393008	
-0.980829253012	-1855.41368196	
-1.09861228867	-1855.28846615	
-1.20397280433	-1855.16012367	
-1.29928298413	-1855.03027334	
-1.38629436112	-1854.90025278	
-1.46633706879	-1854.77109653	
-1.54044504095	-1854.64355153	
-1.60943791243	-1854.51811921	
-1.67397643357	-1854.39511037	
-1.73460105539	-1854.27470042	
-1.79175946923	-1854.15697774	
-1.8458266905	-1854.0419813	
-1.89711998489	-1853.92972719	
-1.94591014906	-1853.82022514	
-1.99243016469	-1853.71348716	
-2.03688192726	-1853.60953055	
-2.07944154168	-1853.50837737	
-2.1202635362	-1853.41005187	
-2.15948424935	-1853.31457733	
-2.19722457734	-1853.22197292	
-2.23359222151	-1853.13225106	
-2.26868354132	-1853.04541558	
-2.30258509299	-1852.96146064	
-2.33537491582	-1852.88037026	
-2.36712361413	-1852.8021185	
-2.3978952728	-1852.72667002	
-2.42774823595	-1852.65398095	
-2.45673577282	-1852.58399991	
-2.48490664979	-1852.51666911	
-2.51230562398	-1852.45192553	
-2.53897387106	-1852.38970194	
-2.56494935746	-1852.32992793	
-2.59026716545	-1852.27253088	
-2.61495977804	-1852.21743669	
-2.63905732962	-1852.16457055	
-2.66258782703	-1852.11385754	
-2.68557734525	-1852.06522313	
-2.7080502011	-1852.01859361	
-2.73002910782	-1851.97389647	
-2.75153531304	-1851.93106062	
-2.77258872224	-1851.89001666	
-2.79320800944	-1851.85069703	
-2.81341071676	-1851.81303613	
-2.83321334406	-1851.7769704	
-2.85263142991	-1851.74243839	
-2.87167962488	-1851.70938077	
-2.8903717579	-1851.67774035	
-2.90872089656	-1851.64746205	
-2.92673940207	-1851.61849289	
-2.94443897917	-1851.59078197	
-2.96183072188	-1851.56428036	
-2.97892515524	-1851.53894114	
-2.99573227355	-1851.51471927	
-3.01226157551	-1851.49157157	
-3.02852209638	-1851.46945661	
-3.04452243772	-1851.44833473	
-3.06027079469	-1851.42816789	
-3.07577498123	-1851.40891966	
-3.09104245336	-1851.39055511	
-3.10608033072	-1851.37304082	
-3.12089541651	-1851.35634473	
-3.13549421593	-1851.34043616	
-3.14988295338	-1851.3252857	
-3.16406758837	-1851.31086516	
-3.17805383035	-1851.29714756	
-3.19184715248	-1851.284107	
-3.20545280454	-1851.27171871	
-3.21887582487	-1851.25995889	
-3.23212105162	-1851.24880476	
-3.24519313319	-1851.23823445	
-3.25809653802	-1851.22822701	
-3.2708355638	-1851.21876233	
-3.28341434601	-1851.20982112	
-3.295836866	-1851.20138485	
-3.3081069586	-1851.19343576	
-3.32022831913	-1851.18595678	
-3.33220451018	-1851.17893154	
-3.34403896782	-1851.17234429	
-3.35573500759	-1851.16617992	
-3.36729582999	-1851.1604239	
-3.37872452581	-1851.15506228	
-3.39002408106	-1851.15008164	
-3.40119738166	-1851.14546906	
-3.41224721785	-1851.14121214	
-3.42317628838	-1851.13729895	
-3.43398720449	-1851.13371799	
-3.4446824936	-1851.13045822	
-3.45526460293	-1851.12750899	
-3.4657359028	-1851.12486006	
-3.47609868984	-1851.12250156	
-3.48635519	-1851.12042399	
-3.49650756147	-1851.1186182	
-3.50655789732	-1851.11707535	
-3.51650822817	-1851.11578696	
-3.52636052462	-1851.11474481	
-3.53611669956	-1851.11394101	
-3.54577861047	-1851.11336793	
-3.55534806149	-1851.11301822	
-3.56482680544	-1851.11288477	
-3.57421654579	-1851.11296075	
-3.58351893846	-1851.11323954	
-3.59273559356	-1851.11371476	
-3.60186807712	-1851.11438024	
-3.61091791264	-1851.11523004	
-3.61988658263	-1851.11625841	
-3.62877553004	-1851.11745978	
-3.63758615973	-1851.1188288	
-3.6463198397	-1851.12036027	
-3.65497790244	-1851.12204917	
-3.66356164613	-1851.12389067	
-3.6720723358	-1851.12588006	
-3.68051120444	-1851.1280128	
-3.68887945411	-1851.13028452	
-3.69717825693	-1851.13269096	
-3.70540875607	-1851.13522802	
-3.7135720667	-1851.13789171	
-3.72166927694	-1851.14067818	
-3.72970144863	-1851.14358371	
-3.73766961828	-1851.14660468	
-3.74557479779	-1851.14973759	
-3.75341797525	-1851.15297907	
-3.76120011569	-1851.15632581	
-3.76892216179	-1851.15977466	
-3.77658503453	-1851.16332251	
-3.78418963392	-1851.16696639	
-3.79173683955	-1851.17070339	
-3.79922751128	-1851.17453071	
-3.80666248977	-1851.17844562	
-3.81404259707	-1851.18244548	
-3.82136863716	-1851.18652773	
-3.82864139649	-1851.19068988	
-3.83586164446	-1851.19492952	
-3.84303013394	-1851.19924431	
-3.85014760171	-1851.20363197	
-3.85721476893	-1851.20809031	
-3.86423234159	-1851.21261717	
-3.87120101091	-1851.21721049	
-3.87812145375	-1851.22186824	
-3.88499433304	-1851.22658846	
-3.89182029811	-1851.23136924	
-3.8985999851	-1851.23620875	
-3.90533401728	-1851.24110517	
-3.91202300543	-1851.24605677	
-3.91866754815	-1851.25106184	
-3.92526823218	-1851.25611875	
-3.93182563272	-1851.26122588	
-3.93834031375	-1851.26638167	
-3.94481282825	-1851.27158462	
-3.95124371858	-1851.27683325	
-3.95763351668	-1851.28212612	
-3.96398274436	-1851.28746185	
-3.97029191355	-1851.29283908	
-3.97656152657	-1851.29825649	
-3.98279207632	-1851.3037128	
-3.98898404656	-1851.30920676	
-3.99513791214	-1851.31473716	
-4.00125413916	-1851.32030282	
-4.00733318523	-1851.32590259	
-4.01337549969	-1851.33153535	
-4.01938152375	-1851.33720001	
-4.02535169074	-1851.34289551	
-4.03128642625	-1851.34862083	
-4.03718614838	-1851.35437495	
-4.04305126783	-1851.3601569	
-4.04888218815	-1851.36596572	
-4.05467930583	-1851.37180049	
-4.06044301055	-1851.37766031	
-4.06617368526	-1851.38354429	
-4.07187170637	-1851.38945157	
-4.07753744391	-1851.39538133	
-4.08317126162	-1851.40133275	
-4.08877351717	-1851.40730504	
-4.09434456222	-1851.41329742	
-4.0998847426	-1851.41930915	
-4.10539439841	-1851.42533948	
-4.11087386417	-1851.4313877	
-4.11632346894	-1851.43745313	
-4.12174353641	-1851.44353507	
-4.12713438505	-1851.44963286	
-4.13249632819	-1851.45574587	
-4.13782967416	-1851.46187346	
-4.14313472639	-1851.46801502	
-4.14841178349	-1851.47416995	
-4.15366113938	-1851.48033767	
-4.15888308336	-1851.48651761	
-4.16407790024	-1851.49270921	
-4.1692458704	-1851.49891194	
-4.1743872699	-1851.50512526	
-4.17950237056	-1851.51134866	
-4.18459144007	-1851.51758165	
-4.18965474203	-1851.52382373	
-4.19469253606	-1851.53007442	
-4.19970507788	-1851.53633326	
-4.20469261939	-1851.5425998	
-4.20965540873	-1851.54887359	
-4.21459369037	-1851.55515419	
-4.21950770518	-1851.56144119	
-4.22439769047	-1851.56773418	
-4.22926388012	-1851.57403275	
-4.2341065046	-1851.58033651	
-4.23892579103	-1851.58664509	
-4.2437219633	-1851.59295809	
-4.24849524205	-1851.59927517	
-4.25324584481	-1851.60559597	
-4.257973986	-1851.61192014	
-4.26267987704	-1851.61824733	
-4.26736372635	-1851.62457723	
-4.27202573946	-1851.63090951	
-4.27666611902	-1851.63724385	
-4.28128506487	-1851.64357994	
-4.28588277412	-1851.6499175	
-4.29045944115	-1851.65625621	
-4.29501525768	-1851.66259581	
-4.29955041285	-1851.668936	
-4.3040650932	-1851.67527652	
-4.30855948279	-1851.6816171	
-4.31303376319	-1851.68795748	
-4.31748811354	-1851.69429741	
-4.3219227106	-1851.70063665	
-4.32633772881	-1851.70697494	
-4.33073334029	-1851.71331206	
-4.33510971489	-1851.71964777	
-4.33946702026	-1851.72598185	
-4.34380542185	-1851.73231408	
-4.348125083	-1851.73864425	
-4.3524261649	-1851.74497215	
-4.35670882669	-1851.75129757	
-4.36097322548	-1851.75762032	
-4.36521951636	-1851.7639402	
-4.36944785247	-1851.77025702	
-4.373658385	-1851.7765706	
-4.37785126326	-1851.78288076	
-4.38202663467	-1851.78918731	
-4.38618464482	-1851.79549009	
-4.39032543749	-1851.80178893	
-4.39444915467	-1851.80808367	
-4.39855593663	-1851.81437414	
-4.40264592188	-1851.82066019	
-4.40671924726	-1851.82694167	
-4.41077604796	-1851.83321843	
-4.4148164575	-1851.83949032	
-4.4188406078	-1851.8457572	
-4.42284862919	-1851.85201893	
-4.42684065046	-1851.85827539	
-4.43081679884	-1851.86452643	
-4.43477720006	-1851.87077192	
-4.43872197835	-1851.87701175	
-4.44265125649	-1851.88324579	
-4.44656515581	-1851.88947393	
-4.45046379623	-1851.89569603	
-4.45434729625	-1851.901912	
-4.45821577303	-1851.90812172	
-4.46206934235	-1851.91432508	
-4.46590811865	-1851.92052199	
-4.46973221509	-1851.92671232	
-4.47354174351	-1851.93289599	
-4.47733681448	-1851.9390729	
-4.48111753732	-1851.94524295	
-4.48488402011	-1851.95140605	
-4.48863636973	-1851.95756211	
-4.49237469184	-1851.96371104	
-4.49609909093	-1851.96985275	
-4.49980967033	-1851.97598717	
-4.50350653221	-1851.9821142	
-4.50718977763	-1851.98823378	
-4.51085950652	-1851.99434582	
-4.51451581772	-1852.00045024	
-4.518158809	-1852.00654698	
-4.52178857705	-1852.01263596	
-4.52540521752	-1852.01871712	
-4.52900882502	-1852.02479038	
-4.53259949315	-1852.03085568	
-4.5361773145	-1852.03691296	
-4.53974238067	-1852.04296214	
-4.54329478227	-1852.04900318	
-4.54683460898	-1852.05503601	
-4.55036194949	-1852.06106058	
-4.5538768916	-1852.06707683	
-4.55737952215	-1852.0730847	
-4.56086992709	-1852.07908414	
-4.56434819147	-1852.0850751	
-4.56781439944	-1852.09105754	
-4.57126863431	-1852.09703139	
-4.5747109785	-1852.10299662	
-4.5781415136	-1852.10895318	
-4.58156032035	-1852.11490102	
-4.58496747867	-1852.12084011	
-4.58836306767	-1852.1267704	
-4.59174716566	-1852.13269184	
-4.59511985013	-1852.1386044	
-4.59848119784	-1852.14450805	
-4.60183128472	-1852.15040274	
-4.60517018599	-1852.15628844	
-4.60849797608	-1852.16216512	
-4.61181472871	-1852.16803274	
-4.61512051684	-1852.17389126	
-4.61841541274	-1852.17974066	
-4.62169948794	-1852.18558091	
-4.62497281328	-1852.19141198	
-4.62823545892	-1852.19723383	
-4.63148749431	-1852.20304645	
-4.63472898823	-1852.2088498	
-4.63796000881	-1852.21464386	
-4.64118062351	-1852.22042861	
-4.64439089914	-1852.22620402	
-4.64759090187	-1852.23197007	
-4.65078069724	-1852.23772673	
-4.65396035016	-1852.24347399	
-4.65712992492	-1852.24921183	
-4.66028948521	-1852.25494022	
-4.66343909411	-1852.26065915	
-4.66657881412	-1852.26636861	
-4.66970870713	-1852.27206856	
-4.67282883446	-1852.277759	
-4.67593925688	-1852.28343991	
-4.67904003455	-1852.28911128	
-4.68213122712	-1852.29477309	
-4.68521289366	-1852.30042532	
-4.6882850927	-1852.30606798	
-4.69134788223	-1852.31170103	
-4.69440131972	-1852.31732448	
-4.6974454621	-1852.32293831	
-4.70048036579	-1852.32854251	
-4.70350608671	-1852.33413708	
-4.70652268025	-1852.33972199	
-4.70953020131	-1852.34529725	
-4.71252870431	-1852.35086284	
-4.71551824316	-1852.35641876	
-4.7184988713	-1852.36196501	
-4.72147064168	-1852.36750157	
-4.72443360681	-1852.37302844	
-4.72738781871	-1852.37854561	
-4.73033332894	-1852.38405308	
-4.73327018862	-1852.38955085	
-4.73619844839	-1852.39503892	
-4.7391181585	-1852.40051727	
-4.74202936871	-1852.4059859	
-4.74493212836	-1852.41144482	
-4.74782648639	-1852.41689403	
-4.75071249128	-1852.42233351	
-4.75359019111	-1852.42776327	
-4.75645963353	-1852.43318332	
-4.75932086582	-1852.43859364	
-4.7621739348	-1852.44399424	
-4.76501888693	-1852.44938512	
-4.76785576827	-1852.45476628	
-4.77068462447	-1852.46013772	
-4.77350550081	-1852.46549945	
-4.77631844218	-1852.47085146	
-4.77912349311	-1852.47619376	
-4.78192069773	-1852.48152636	
-4.78471009982	-1852.48684924	
-4.78749174278	-1852.49216243	
-4.79026566966	-1852.49746592	
-4.79303192316	-1852.50275971	
-4.7957905456	-1852.50804382	
-4.79854157897	-1852.51331824	
-4.80128506491	-1852.51858298	
-4.80402104473	-1852.52383805	
-4.80674955939	-1852.52908345	
-4.8094706495	-1852.53431919	
-4.81218435537	-1852.53954527	
-4.81489071697	-1852.5447617	
-4.81758977394	-1852.54996849	
-4.82028156561	-1852.55516565	
-4.82296613098	-1852.56035317	
-4.82564350875	-1852.56553108	
-4.8283137373	-1852.57069937	
-4.83097685472	-1852.57585805	
-4.83363289878	-1852.58100714	
-4.83628190695	-1852.58614665	
-4.83892391641	-1852.59127657	
-4.84155896405	-1852.59639692	
-4.84418708646	-1852.60150771	
-4.84680831994	-1852.60660895	
-4.84942270051	-1852.61170065	
-4.85203026392	-1852.61678281	
-4.85463104562	-1852.62185545	
-4.8572250808	-1852.62691858	
-4.85981240436	-1852.6319722	
-4.86239305096	-1852.63701634	
-4.86496705495	-1852.64205099	
-4.86753445046	-1852.64707617	
-4.87009527132	-1852.65209189	
-4.87264955112	-1852.65709817	
-4.8751973232	-1852.66209501	
-4.87773862063	-1852.66708242	
-4.88027347623	-1852.67206042	
-4.88280192259	-1852.67702902	
-4.88532399202	-1852.68198823	
-4.88783971662	-1852.68693806	
-4.89034912822	-1852.69187853	
-4.89285225844	-1852.69680964	
-4.89534913864	-1852.70173141	
-4.89783979995	-1852.70664386	
-4.90032427328	-1852.71154699	
-4.90280258929	-1852.71644082	
-4.90527477844	-1852.72132537	
-4.90774087093	-1852.72620063	
-4.91020089677	-1852.73106664	
-4.91265488574	-1852.73592339	
-4.91510286737	-1852.74077091	
-4.91754487103	-1852.74560921	
-4.91998092583	-1852.7504383	
-4.92241106068	-1852.7552582	
-4.92483530429	-1852.76006892	
-4.92725368516	-1852.76487047	
-4.92966623156	-1852.76966287	
-4.93207297159	-1852.77444613	
-4.93447393313	-1852.77922027	
-4.93686914386	-1852.78398531	
-4.93925863125	-1852.78874124	
-4.94164242261	-1852.7934881	
-4.94402054501	-1852.79822589	
-4.94639302537	-1852.80295464	
-4.94875989038	-1852.80767434	
-4.95112116656	-1852.81238503	
-4.95347688026	-1852.81708671	
-4.9558270576	-1852.82177941	
-4.95817172456	-1852.82646312	
-4.96051090691	-1852.83113788	
-4.96284463026	-1852.83580369	
-4.96517292002	-1852.84046057	
-4.96749580144	-1852.84510854	
-4.96981329958	-1852.84974761	
-4.97212543933	-1852.8543778	
-4.97443224543	-1852.85899912	
-4.97673374242	-1852.86361159	
-4.97902995468	-1852.86821522	
-4.98132090643	-1852.87281003	
-4.98360662171	-1852.87739604	
-4.98588712441	-1852.88197326	
-4.98816243824	-1852.88654171	
-4.99043258678	-1852.8911014	
-4.99269759341	-1852.89565234	
-4.99495748138	-1852.90019457	
-4.99721227376	-1852.90472808	
-4.9994619935	-1852.9092529	
-5.00170666335	-1852.91376905	
-5.00394630595	-1852.91827653	
-5.00618094375	-1852.92277537	
-5.00841059907	-1852.92726558	
-5.0106352941	-1852.93174719	
-5.01285505083	-1852.93622019	
-5.01506989116	-1852.94068461	
-5.01727983681	-1852.94514048	
-5.01948490937	-1852.94958779	
-5.02168513028	-1852.95402658	
-5.02388052085	-1852.95845685	
-5.02607110223	-1852.96287863	
-5.02825689545	-1852.96729192	
-5.03043792139	-1852.97169675	
-5.03261420082	-1852.97609313	
-5.03478575433	-1852.98048109	
-5.03695260241	-1852.98486062	
-5.03911476542	-1852.98923176	
-5.04127226356	-1852.99359452	
-5.04342511692	-1852.99794891	
-5.04557334546	-1853.00229496	
-5.047716969	-1853.00663267	
-5.04985600725	-1853.01096207	
-5.05199047978	-1853.01528317	
-5.05412040604	-1853.01959599	
-5.05624580535	-1853.02390054	
-5.05836669692	-1853.02819684	
-5.06048309982	-1853.03248492	
-5.06259503303	-1853.03676478	
-5.06470251537	-1853.04103644	
-5.06680556556	-1853.04529992	
-5.06890420222	-1853.04955523	
-5.07099844382	-1853.0538024	
-5.07308830874	-1853.05804143	
-5.07517381523	-1853.06227236	
-5.07725498144	-1853.06649518	
-5.07933182538	-1853.07070992	
-5.08140436498	-1853.0749166	
-5.08347261805	-1853.07911523	
-5.08553660227	-1853.08330583	
-5.08759633523	-1853.08748842	
-5.08965183441	-1853.09166301	
-5.09170311719	-1853.09582961	
-5.09375020081	-1853.09998826	
-5.09579310244	-1853.10413896	
-5.09783183913	-1853.10828172	
-5.09986642782	-1853.11241658	
-5.10189688537	-1853.11654353	
-5.10392322852	-1853.12066261	
-5.1059454739	-1853.12477382	
-5.10796363806	-1853.12887718	
-5.10997773743	-1853.13297272	
-5.11198778836	-1853.13706044	
-5.11399380708	-1853.14114036	
-5.11599580975	-1853.14521251	
-5.11799381242	-1853.14927689	
-5.11998783102	-1853.15333352	
-5.12197788143	-1853.15738242	
-5.1239639794	-1853.16142361	
-5.12594614061	-1853.1654571	
-5.12792438062	-1853.16948291	
-5.12989871492	-1853.17350106	
-5.13186915891	-1853.17751155	
-5.13383572788	-1853.18151442	
-5.13579843705	-1853.18550967	
-5.13775730154	-1853.18949733	
-5.13971233637	-1853.1934774	
-5.1416635565	-1853.19744991	
-5.14361097679	-1853.20141487	
-5.145554612	-1853.20537229	
-5.14749447681	-1853.2093222	
-5.14943058584	-1853.21326462	
-5.15136295359	-1853.21719954	
-5.1532915945	-1853.22112701	
-5.15521652291	-1853.22504702	
-5.15713775309	-1853.22895959	
-5.15905529921	-1853.23286475	
-5.1609691754	-1853.23676251	
-5.16287939565	-1853.24065288	
-5.16478597392	-1853.24453589	
-5.16668892407	-1853.24841154	
-5.16858825987	-1853.25227985	
-5.17048399504	-1853.25614085	
-5.17237614319	-1853.25999454	
-5.17426471788	-1853.26384094	
-5.17614973257	-1853.26768007	
-5.17803120067	-1853.27151194	
-5.1799091355	-1853.27533658	
-5.18178355029	-1853.27915399	
-5.18365445823	-1853.28296419	
-5.1855218724	-1853.2867672	
-5.18738580584	-1853.29056304	
-5.18924627149	-1853.29435171	
-5.19110328224	-1853.29813325	
-5.19295685089	-1853.30190765	
-5.19480699018	-1853.30567494	
-5.19665371277	-1853.30943514	
-5.19849703127	-1853.31318825	
-5.20033695819	-1853.31693431	
-5.202173506	-1853.32067331	
-5.20400668708	-1853.32440528	
-5.20583651375	-1853.32813023	
-5.20766299828	-1853.33184818	
-5.20948615284	-1853.33555915	
-5.21130598956	-1853.33926315	
-5.21312252048	-1853.34296019	
-5.21493575761	-1853.34665029	
-5.21674571285	-1853.35033347	
-5.21855239808	-1853.35400974	
-5.22035582508	-1853.35767912	
-5.22215600558	-1853.36134162	
-5.22395295126	-1853.36499726	
-5.22574667371	-1853.36864606	
-5.22753718449	-1853.37228802	
-5.22932449506	-1853.37592317	
-5.23110861685	-1853.37955152	
-5.23288956123	-1853.38317309	
-5.23466733947	-1853.38678789	
-5.23644196283	-1853.39039593	
-5.23821344248	-1853.39399723	
-5.23998178954	-1853.39759181	
-5.24174701506	-1853.40117969	
-5.24350913005	-1853.40476087	
-5.24526814546	-1853.40833537	
-5.24702407216	-1853.41190321	
-5.24877692099	-1853.4154644	
-5.25052670271	-1853.41901896	
-5.25227342805	-1853.42256691	
-5.25401710765	-1853.42610825	
-5.25575775213	-1853.429643	
-5.25749537203	-1853.43317118	
-5.25922997784	-1853.4366928	
-5.26096158	-1853.44020788	
-5.2626901889	-1853.44371643	
-5.26441581487	-1853.44721847	
-5.26613846818	-1853.45071401	
-5.26785815906	-1853.45420307	
-5.26957489768	-1853.45768565	
-5.27128869416	-1853.46116179	
-5.27299955856	-1853.46463148	
-5.27470750091	-1853.46809475	
-5.27641253116	-1853.4715516	
-5.27811465923	-1853.47500207	
-5.27981389498	-1853.47844615	
-5.28151024823	-1853.48188386	
-5.28320372874	-1853.48531522	
-5.28489434622	-1853.48874025	
-5.28658211033	-1853.49215895	
-5.28826703069	-1853.49557134	
-5.28994911688	-1853.49897744	
-5.2916283784	-1853.50237725	
-5.29330482472	-1853.5057708	
-5.29497846528	-1853.5091581	
-5.29664930945	-1853.51253916	
-5.29831736655	-1853.515914	
-5.29998264587	-1853.51928263	
-5.30164515664	-1853.52264506	
-5.30330490806	-1853.52600132	
-5.30496190927	-1853.5293514	
-5.30661616936	-1853.53269534	
-5.3082676974	-1853.53603313	
-5.30991650239	-1853.5393648	
-5.3115625933	-1853.54269036	
-5.31320597904	-1853.54600982	
-5.3148466685	-1853.5493232	
-5.3164846705	-1853.55263051	
-5.31811999384	-1853.55593176	
-5.31975264727	-1853.55922698	
-5.32138263948	-1853.56251616	
-5.32300997914	-1853.56579933	
-5.32463467487	-1853.56907651	
-5.32625673524	-1853.57234769	
-5.32787616879	-1853.5756129	
-5.32949298402	-1853.57887215	
-5.33110718937	-1853.58212546	
-5.33271879327	-1853.58537284	
-5.33432780407	-1853.58861429	
-5.33593423012	-1853.59184984	
-5.3375380797	-1853.5950795	
-5.33913936107	-1853.59830328	
-5.34073808243	-1853.6015212	
-5.34233425196	-1853.60473326	
-5.3439278778	-1853.60793949	
-5.34551896803	-1853.61113989	
-5.34710753072	-1853.61433448	
-5.34869357387	-1853.61752327	
-5.35027710548	-1853.62070627	
-5.35185813348	-1853.62388351	
-5.35343666577	-1853.62705498	
-5.35501271022	-1853.63022071	
-5.35658627467	-1853.63338071	
-5.3581573669	-1853.63653499	
-5.35972599468	-1853.63968356	
-5.36129216571	-1853.64282643	
-5.36285588769	-1853.64596363	
-5.36441716825	-1853.64909516	
-5.36597601502	-1853.65222103	
-5.36753243557	-1853.65534127	
-5.36908643744	-1853.65845587	
-5.37063802813	-1853.66156486	
-5.37218721511	-1853.66466824	
-5.37373400583	-1853.66776603	
-5.37527840768	-1853.67085825	
-5.37682042804	-1853.6739449	
-5.37836007422	-1853.677026	
-5.37989735354	-1853.68010155	
-5.38143227326	-1853.68317158	
-5.38296484061	-1853.6862361	
-5.38449506279	-1853.68929511	
-5.38602294697	-1853.69234863	
-5.38754850028	-1853.69539668	
-5.38907172982	-1853.69843926	
-5.39059264266	-1853.70147639	
-5.39211124583	-1853.70450808	
-5.39362754635	-1853.70753434	
-5.39514155118	-1853.71055518	
-5.39665326727	-1853.71357062	
-5.39816270152	-1853.71658067	
-5.39966986081	-1853.71958535	
-5.40117475199	-1853.72258465	
-5.40267738187	-1853.7255786	
-5.40417775725	-1853.72856721	
-5.40567588487	-1853.73155049	
-5.40717177146	-1853.73452845	
-5.40866542372	-1853.73750111	
-5.4101568483	-1853.74046847	
-5.41164605186	-1853.74343055	
-5.41313304098	-1853.74638736	
-5.41461782224	-1853.74933892	
-5.4161004022	-1853.75228522	
-5.41758078737	-1853.75522629	
-5.41905898424	-1853.75816214	
-5.42053499927	-1853.76109278	
-5.42200883889	-1853.76401822	
-5.4234805095	-1853.76693848	
-5.42495001748	-1853.76985356	
-5.42641736918	-1853.77276347	
-5.4278825709	-1853.77566823	
-5.42934562895	-1853.77856786	
-5.43080654959	-1853.78146235	
-5.43226533906	-1853.78435173	
-5.43372200355	-1853.787236	
-5.43517654927	-1853.79011518	
-5.43662898235	-1853.79298927	
-5.43807930892	-1853.7958583	
-5.4395275351	-1853.79872226	
-5.44097366695	-1853.80158118	
-5.44241771052	-1853.80443506	
-5.44385967184	-1853.80728392	
-5.4452995569	-1853.81012776	
-5.44673737167	-1853.8129666	
-5.44817312209	-1853.81580044	
-5.44960681409	-1853.81862931	
-5.45103845357	-1853.8214532	
-5.45246804638	-1853.82427214	
-5.45389559837	-1853.82708614	
-5.45532111536	-1853.82989519	
-5.45674460314	-1853.83269933	
-5.45816606749	-1853.83549854	
-5.45958551414	-1853.83829286	
-5.46100294883	-1853.84108229	
-5.46241837723	-1853.84386683	
-5.46383180503	-1853.84664651	
-5.46524323786	-1853.84942132	
-5.46665268137	-1853.85219129	
-5.46806014114	-1853.85495642	
-5.46946562274	-1853.85771673	
-5.47086913175	-1853.86047222	
-5.47227067367	-1853.86322291	
-5.47367025403	-1853.8659688	
-5.47506787829	-1853.86870991	
-5.47646355193	-1853.87144625	
-5.47785728038	-1853.87417783	
-5.47924906905	-1853.87690465	
-5.48063892334	-1853.87962674	
-5.48202684862	-1853.8823441	
-5.48341285022	-1853.88505673	
-5.48479693349	-1853.88776466	
-5.48617910372	-1853.89046789	
-5.48755936619	-1853.89316644	
-5.48893772616	-1853.89586031	
-5.49031418887	-1853.89854951	
-5.49168875953	-1853.90123405	
-5.49306144334	-1853.90391395	
-5.49443224547	-1853.90658921	
-5.49580117108	-1853.90925985	
-5.49716822529	-1853.91192587	
-5.49853341322	-1853.91458729	
-5.49989673995	-1853.91724412	
-5.50125821054	-1853.91989636	
-5.50261783006	-1853.92254402	
-5.50397560352	-1853.92518713	
-5.50533153593	-1853.92782568	
-5.50668563228	-1853.93045968	
-5.50803789753	-1853.93308916	
-5.50938833663	-1853.93571411	
-5.5107369545	-1853.93833454	
-5.51208375605	-1853.94095048	
-5.51342874616	-1853.94356192	
-5.51477192971	-1853.94616887	
-5.51611331154	-1853.94877136	
-5.51745289646	-1853.95136938	
-5.51879068931	-1853.95396295	
-5.52012669485	-1853.95655207	
-5.52146091786	-1853.95913676	
-5.5227933631	-1853.96171702	
-5.52412403528	-1853.96429288	
-5.52545293913	-1853.96686432	
-5.52678007934	-1853.96943138	
-5.52810546058	-1853.97199404	
-5.52942908751	-1853.97455234	
-5.53075096477	-1853.97710626	
-5.53207109697	-1853.97965583	
-5.53338948873	-1853.98220106	
-5.53470614461	-1853.98474195	
-5.53602106919	-1853.98727851	
-5.53733426702	-1853.98981075	
-5.53864574262	-1853.99233868	
-5.5399555005	-1853.99486232	
-5.54126354516	-1853.99738167	
-5.54256988107	-1853.99989673	
-5.5438745127	-1854.00240753	
-5.54517744448	-1854.00491406	
-5.54647868084	-1854.00741635	
-5.54777822618	-1854.00991439	
-5.5490760849	-1854.0124082	
-5.55037226136	-1854.01489778	
-5.55166675992	-1854.01738315	
-5.55295958492	-1854.01986432	
-5.55425074069	-1854.02234129	
-5.55554023152	-1854.02481407	
-5.5568280617	-1854.02728268	
-5.55811423551	-1854.02974711	
-5.5593987572	-1854.03220739	
-5.56068163102	-1854.03466352	
-5.56196286117	-1854.0371155	
-5.56324245188	-1854.03956336	
-5.56452040732	-1854.04200709	
-5.56579673168	-1854.04444671	
-5.56707142911	-1854.04688222	
-5.56834450376	-1854.04931363	
-5.56961595975	-1854.05174096	
-5.57088580119	-1854.05416421	
-5.57215403218	-1854.05658339	
-5.57342065679	-1854.05899851	
-5.5746856791	-1854.06140958	
-5.57594910315	-1854.06381661	
-5.57721093297	-1854.0662196	
-5.57847117258	-1854.06861857	
-5.57972982599	-1854.07101352	
-5.58098689718	-1854.07340446	
-5.58224239012	-1854.07579141	
-5.58349630878	-1854.07817436	
-5.5847486571	-1854.08055333	
-5.585999439	-1854.08292833	
-5.5872486584	-1854.08529936	
-5.5884963192	-1854.08766644	
-5.58974242528	-1854.09002957	
-5.59098698051	-1854.09238877	
-5.59222998875	-1854.09474403	
-5.59347145384	-1854.09709537	
-5.5947113796	-1854.0994428	
-5.59594976985	-1854.10178632	
-5.59718662839	-1854.10412594	
-5.598421959	-1854.10646168	
-5.59965576545	-1854.10879354	
-5.60088805149	-1854.11112153	
-5.60211882088	-1854.11344566	
-5.60334807733	-1854.11576593	
-5.60457582457	-1854.11808235	
-5.6058020663	-1854.12039494	
-5.60702680619	-1854.1227037	
-5.60825004793	-1854.12500863	
-5.60947179518	-1854.12730976	
-5.61069205159	-1854.12960707	
-5.61191082078	-1854.1319006	
-5.61312810639	-1854.13419033	
-5.61434391201	-1854.13647628	
-5.61555824124	-1854.13875846	
-5.61677109767	-1854.14103688	
-5.61798248485	-1854.14331154	
-5.61919240636	-1854.14558245	
-5.62040086572	-1854.14784963	
-5.62160786647	-1854.15011307	
-5.62281341212	-1854.15237278	
-5.62401750619	-1854.15462878	
-5.62522015215	-1854.15688108	
-5.6264213535	-1854.15912967	
-5.62762111369	-1854.16137457	
-5.62881943618	-1854.16361579	
-5.63001632442	-1854.16585333	
-5.63121178182	-1854.1680872	
-5.63240581181	-1854.17031741	
-5.6335984178	-1854.17254397	
-5.63478960317	-1854.17476688	
-5.6359793713	-1854.17698615	
-5.63716772557	-1854.1792018	
-5.63835466933	-1854.18141382	
-5.63954020593	-1854.18362223	
-5.64072433869	-1854.18582704	
-5.64190707094	-1854.18802824	
-5.64308840598	-1854.19022586	
-5.64426834712	-1854.19241989	
-5.64544689764	-1854.19461034	
-5.64662406082	-1854.19679723	
-5.64779983991	-1854.19898055	
-5.64897423816	-1854.20116032	
-5.65014725882	-1854.20333655	
-5.65131890512	-1854.20550924	
-5.65248918027	-1854.2076784	
-5.65365808747	-1854.20984403	
-5.65482562993	-1854.21200615	
-5.65599181082	-1854.21416476	
-5.65715663332	-1854.21631987	
-5.65832010058	-1854.21847149	
-5.65948221576	-1854.22061962	
-5.660642982	-1854.22276427	
-5.66180240242	-1854.22490545	
-5.66296048014	-1854.22704317	
-5.66411721826	-1854.22917743	
-5.66527261989	-1854.23130824	
-5.66642668811	-1854.2334356	
-5.66757942599	-1854.23555954	
-5.6687308366	-1854.23768004	
-5.66988092298	-1854.23979713	
-5.67102968818	-1854.2419108	
-5.67217713524	-1854.24402107	
-5.67332326717	-1854.24612793	
-5.67446808699	-1854.24823141	
-5.67561159769	-1854.2503315	
-5.67675380227	-1854.25242821	
-5.6778947037	-1854.25452155	
-5.67903430497	-1854.25661153	
-5.68017260902	-1854.25869816	
-5.6813096188	-1854.26078143	
-5.68244533727	-1854.26286136	
-5.68357976734	-1854.26493796	
-5.68471291194	-1854.26701123	
-5.68584477397	-1854.26908117	
-5.68697535634	-1854.2711478	
-5.68810466194	-1854.27321113	
-5.68923269364	-1854.27527115	
-5.69035945432	-1854.27732788	
-5.69148494685	-1854.27938133	
-5.69260917406	-1854.28143149	
-5.6937321388	-1854.28347838	
-5.69485384391	-1854.285522	
-5.69597429221	-1854.28756237	
-5.69709348651	-1854.28959948	
-5.69821142961	-1854.29163334	
-5.69932812431	-1854.29366397	
-5.70044357339	-1854.29569136	
-5.70155777963	-1854.29771553	
-5.7026707458	-1854.29973648	
-5.70378247466	-1854.30175422	
-5.70489296894	-1854.30376875	
-5.70600223139	-1854.30578008	
-5.70711026475	-1854.30778822	
-5.70821707172	-1854.30979317	
-5.70932265503	-1854.31179495	
-5.71042701737	-1854.31379355	
-5.71153016145	-1854.31578898	
-5.71263208993	-1854.31778126	
-5.71373280551	-1854.31977038	
-5.71483231084	-1854.32175636	
-5.71593060859	-1854.32373919	
-5.71702770141	-1854.3257189	
-5.71812359193	-1854.32769547	
-5.71921828279	-1854.32966893	
-5.72031177661	-1854.33163927	
-5.72140407601	-1854.3336065	
-5.72249518359	-1854.33557063	
-5.72358510195	-1854.33753167	
-5.72467383369	-1854.33948961	
-5.72576138137	-1854.34144448	
-5.72684774759	-1854.34339627	
-5.72793293489	-1854.34534499	
-5.72901694583	-1854.34729065	
-5.73009978297	-1854.34923325	
-5.73118144884	-1854.35117279	
-5.73226194598	-1854.3531093	
-5.7333412769	-1854.35504276	
-5.73441944412	-1854.3569732	
-5.73549645015	-1854.35890061	
-5.73657229748	-1854.36082499	
-5.73764698861	-1854.36274637	
-5.73872052602	-1854.36466474	
-5.73979291218	-1854.3665801	
-5.74086414956	-1854.36849247	
-5.74193424062	-1854.37040186	
-5.74300318781	-1854.37230825	
-5.74407099357	-1854.37421168	
-5.74513766034	-1854.37611213	
-5.74620319054	-1854.37800962	
-5.7472675866	-1854.37990415	
-5.74833085092	-1854.38179572	
-5.74939298591	-1854.38368435	
-5.75045399397	-1854.38557004	
-5.75151387748	-1854.38745279	
-5.75257263883	-1854.38933262	
-5.75363028038	-1854.39120952	
-5.75468680452	-1854.39308351	
-5.75574221359	-1854.39495458	
-5.75679650994	-1854.39682275	
-5.75784969593	-1854.39868803	
-5.75890177388	-1854.4005504	
-5.75995274612	-1854.40240989	
-5.76100261499	-1854.4042665	
-5.76205138278	-1854.40612024	
-5.76309905181	-1854.4079711	
-5.76414562438	-1854.4098191	
-5.76519110278	-1854.41166424	
-5.7662354893	-1854.41350653	
-5.76727878622	-1854.41534597	
-5.76832099579	-1854.41718258	
-5.7693621203	-1854.41901634	
-5.770402162	-1854.42084728	
-5.77144112313	-1854.42267539	
-5.77247900594	-1854.42450069	
-5.77351581267	-1854.42632317	
-5.77455154554	-1854.42814284	
-5.77558620679	-1854.42995972	
-5.77661979861	-1854.4317738	
-5.77765232322	-1854.43358509	
-5.77868378283	-1854.43539359	
-5.77971417962	-1854.43719932	
-5.78074351579	-1854.43900227	
-5.78177179352	-1854.44080245	
-5.78279901497	-1854.44259988	
-5.78382518233	-1854.44439454	
-5.78485029774	-1854.44618646	
-5.78587436337	-1854.44797563	
-5.78689738137	-1854.44976206	
-5.78791935386	-1854.45154575	
-5.788940283	-1854.45332672	
-5.7899601709	-1854.45510496	
-5.79097901969	-1854.45688048	
-5.79199683148	-1854.4586533	
-5.79301360838	-1854.4604234	
-5.7940293525	-1854.4621908	
-5.79504406593	-1854.46395551	
-5.79605775077	-1854.46571752	
-5.79707040908	-1854.46747685	
-5.79808204295	-1854.4692335	
-5.79909265446	-1854.47098747	
-5.80010224566	-1854.47273877	
-5.80111081862	-1854.47448741	
-5.80211837538	-1854.47623339	
-5.80312491799	-1854.47797672	
-5.80413044849	-1854.47971739	
-5.80513496892	-1854.48145543	
-5.80613848129	-1854.48319082	
-5.80714098764	-1854.48492358	
-5.80814248998	-1854.48665372	
-5.80914299031	-1854.48838123	
