# log_p 	 lnL 	 
0.0	-1584.99057377	
-0.287682072452	-1585.01067383	
-0.510825623766	-1585.05163528	
-0.69314718056	-1585.0946906	
-0.847297860387	-1585.13254104	
-0.980829253012	-1585.16317325	
-1.09861228867	-1585.18658989	
-1.20397280433	-1585.20344978	
-1.29928298413	-1585.21455729	
-1.38629436112	-1585.22069223	
-1.46633706879	-1585.22256537	
-1.54044504095	-1585.22081503	
-1.60943791243	-1585.21601395	
-1.67397643357	-1585.20867673	
-1.73460105539	-1585.19926557	
-1.79175946923	-1585.18819461	
-1.8458266905	-1585.17583325	
-1.89711998489	-1585.1625091	
-1.94591014906	-1585.14851077	
-1.99243016469	-1585.13409072	
-2.03688192726	-1585.11946812	
-2.07944154168	-1585.10483168	
-2.1202635362	-1585.09034258	
-2.15948424935	-1585.07613717	
-2.19722457734	-1585.06232967	
-2.23359222151	-1585.04901462	
-2.26868354132	-1585.03626922	
-2.30258509299	-1585.02415546	
-2.33537491582	-1585.01272205	
-2.36712361413	-1585.00200617	
-2.3978952728	-1584.99203502	
-2.42774823595	-1584.98282726	
-2.45673577282	-1584.9743942	
-2.48490664979	-1584.96674092	
-2.51230562398	-1584.95986722	
-2.53897387106	-1584.95376846	
-2.56494935746	-1584.94843631	
-2.59026716545	-1584.94385937	
-2.61495977804	-1584.9400237	
-2.63905732962	-1584.93691336	
-2.66258782703	-1584.93451078	
-2.68557734525	-1584.93279711	
-2.7080502011	-1584.93175255	
-2.73002910782	-1584.93135661	
-2.75153531304	-1584.9315883	
-2.77258872224	-1584.93242636	
-2.79320800944	-1584.93384939	
-2.81341071676	-1584.935836	
-2.83321334406	-1584.93836491	
-2.85263142991	-1584.94141506	
-2.87167962488	-1584.94496566	
-2.8903717579	-1584.94899631	
-2.90872089656	-1584.95348696	
-2.92673940207	-1584.95841804	
-2.94443897917	-1584.96377045	
-2.96183072188	-1584.96952558	
-2.97892515524	-1584.97566533	
-2.99573227355	-1584.98217214	
-3.01226157551	-1584.98902899	
-3.02852209638	-1584.99621939	
-3.04452243772	-1585.00372739	
-3.06027079469	-1585.01153756	
-3.07577498123	-1585.01963504	
-3.09104245336	-1585.02800546	
-3.10608033072	-1585.03663498	
-3.12089541651	-1585.04551026	
-3.13549421593	-1585.05461845	
-3.14988295338	-1585.0639472	
-3.16406758837	-1585.07348461	
-3.17805383035	-1585.08321925	
-3.19184715248	-1585.09314013	
-3.20545280454	-1585.1032367	
-3.21887582487	-1585.1134988	
-3.23212105162	-1585.12391671	
-3.24519313319	-1585.13448108	
-3.25809653802	-1585.14518294	
-3.2708355638	-1585.15601369	
-3.28341434601	-1585.16696509	
-3.295836866	-1585.17802921	
-3.3081069586	-1585.18919848	
-3.32022831913	-1585.20046563	
-3.33220451018	-1585.2118237	
-3.34403896782	-1585.22326601	
-3.35573500759	-1585.23478617	
-3.36729582999	-1585.24637806	
-3.37872452581	-1585.25803582	
-3.39002408106	-1585.26975384	
-3.40119738166	-1585.28152675	
-3.41224721785	-1585.29334941	
-3.42317628838	-1585.3052169	
-3.43398720449	-1585.31712451	
-3.4446824936	-1585.32906775	
-3.45526460293	-1585.34104232	
-3.4657359028	-1585.35304409	
-3.47609868984	-1585.36506914	
-3.48635519	-1585.3771137	
-3.49650756147	-1585.38917417	
-3.50655789732	-1585.40124714	
-3.51650822817	-1585.41332931	
-3.52636052462	-1585.42541755	
-3.53611669956	-1585.43750887	
-3.54577861047	-1585.44960042	
-3.55534806149	-1585.46168947	
-3.56482680544	-1585.47377342	
-3.57421654579	-1585.48584979	
-3.58351893846	-1585.49791621	
-3.59273559356	-1585.50997043	
-3.60186807712	-1585.5220103	
-3.61091791264	-1585.53403376	
-3.61988658263	-1585.54603888	
-3.62877553004	-1585.55802378	
-3.63758615973	-1585.5699867	
-3.6463198397	-1585.58192597	
-3.65497790244	-1585.59383996	
-3.66356164613	-1585.60572718	
-3.6720723358	-1585.61758616	
-3.68051120444	-1585.62941554	
-3.68887945411	-1585.64121401	
-3.69717825693	-1585.65298033	
-3.70540875607	-1585.66471333	
-3.7135720667	-1585.67641191	
-3.72166927694	-1585.688075	
-3.72970144863	-1585.6997016	
-3.73766961828	-1585.71129078	
-3.74557479779	-1585.72284165	
-3.75341797525	-1585.73435336	
-3.76120011569	-1585.74582512	
-3.76892216179	-1585.75725618	
-3.77658503453	-1585.76864584	
-3.78418963392	-1585.77999343	
-3.79173683955	-1585.79129834	
-3.79922751128	-1585.80255998	
-3.80666248977	-1585.81377779	
-3.81404259707	-1585.82495129	
-3.82136863716	-1585.83607997	
-3.82864139649	-1585.84716341	
-3.83586164446	-1585.85820118	
-3.84303013394	-1585.86919291	
-3.85014760171	-1585.88013823	
-3.85721476893	-1585.89103682	
-3.86423234159	-1585.90188839	
-3.87120101091	-1585.91269264	
-3.87812145375	-1585.92344934	
-3.88499433304	-1585.93415825	
-3.89182029811	-1585.94481916	
-3.8985999851	-1585.95543189	
-3.90533401728	-1585.96599627	
-3.91202300543	-1585.97651216	
-3.91866754815	-1585.98697943	
-3.92526823218	-1585.99739797	
-3.93182563272	-1586.00776769	
-3.93834031375	-1586.0180885	
-3.94481282825	-1586.02836036	
-3.95124371858	-1586.0385832	
-3.95763351668	-1586.04875701	
-3.96398274436	-1586.05888176	
-3.97029191355	-1586.06895745	
-3.97656152657	-1586.07898407	
-3.98279207632	-1586.08896166	
-3.98898404656	-1586.09889025	
-3.99513791214	-1586.10876986	
-4.00125413916	-1586.11860056	
-4.00733318523	-1586.12838241	
-4.01337549969	-1586.13811547	
-4.01938152375	-1586.14779982	
-4.02535169074	-1586.15743556	
-4.03128642625	-1586.16702278	
-4.03718614838	-1586.17656159	
-4.04305126783	-1586.18605208	
-4.04888218815	-1586.1954944	
-4.05467930583	-1586.20488864	
-4.06044301055	-1586.21423496	
-4.06617368526	-1586.22353349	
-4.07187170637	-1586.23278436	
-4.07753744391	-1586.24198774	
-4.08317126162	-1586.25114377	
-4.08877351717	-1586.2602526	
-4.09434456222	-1586.26931442	
-4.0998847426	-1586.27832938	
-4.10539439841	-1586.28729765	
-4.11087386417	-1586.29621941	
-4.11632346894	-1586.30509484	
-4.12174353641	-1586.31392413	
-4.12713438505	-1586.32270746	
-4.13249632819	-1586.33144502	
-4.13782967416	-1586.340137	
-4.14313472639	-1586.34878359	
-4.14841178349	-1586.35738501	
-4.15366113938	-1586.36594144	
-4.15888308336	-1586.37445309	
-4.16407790024	-1586.38292017	
-4.1692458704	-1586.39134287	
-4.1743872699	-1586.39972142	
-4.17950237056	-1586.40805601	
-4.18459144007	-1586.41634687	
-4.18965474203	-1586.4245942	
-4.19469253606	-1586.43279822	
-4.19970507788	-1586.44095914	
-4.20469261939	-1586.44907719	
-4.20965540873	-1586.45715258	
-4.21459369037	-1586.46518553	
-4.21950770518	-1586.47317626	
-4.22439769047	-1586.48112499	
-4.22926388012	-1586.48903194	
-4.2341065046	-1586.49689733	
-4.23892579103	-1586.50472138	
-4.2437219633	-1586.51250432	
-4.24849524205	-1586.52024637	
-4.25324584481	-1586.52794776	
-4.257973986	-1586.5356087	
-4.26267987704	-1586.54322942	
-4.26736372635	-1586.55081014	
-4.27202573946	-1586.55835108	
-4.27666611902	-1586.56585248	
-4.28128506487	-1586.57331455	
-4.28588277412	-1586.58073751	
-4.29045944115	-1586.58812159	
-4.29501525768	-1586.59546701	
-4.29955041285	-1586.602774	
-4.3040650932	-1586.61004276	
-4.30855948279	-1586.61727354	
-4.31303376319	-1586.62446654	
-4.31748811354	-1586.63162198	
-4.3219227106	-1586.6387401	
-4.32633772881	-1586.64582109	
-4.33073334029	-1586.6528652	
-4.33510971489	-1586.65987263	
-4.33946702026	-1586.66684359	
-4.34380542185	-1586.67377832	
-4.348125083	-1586.68067702	
-4.3524261649	-1586.6875399	
-4.35670882669	-1586.69436719	
-4.36097322548	-1586.7011591	
-4.36521951636	-1586.70791584	
-4.36944785247	-1586.71463762	
-4.373658385	-1586.72132465	
-4.37785126326	-1586.72797715	
-4.38202663467	-1586.73459533	
-4.38618464482	-1586.74117938	
-4.39032543749	-1586.74772953	
-4.39444915467	-1586.75424597	
-4.39855593663	-1586.76072892	
-4.40264592188	-1586.76717858	
-4.40671924726	-1586.77359515	
-4.41077604796	-1586.77997883	
-4.4148164575	-1586.78632984	
-4.4188406078	-1586.79264836	
-4.42284862919	-1586.7989346	
-4.42684065046	-1586.80518876	
-4.43081679884	-1586.81141104	
-4.43477720006	-1586.81760163	
-4.43872197835	-1586.82376073	
-4.44265125649	-1586.82988853	
-4.44656515581	-1586.83598524	
-4.45046379623	-1586.84205103	
-4.45434729625	-1586.84808611	
-4.45821577303	-1586.85409066	
-4.46206934235	-1586.86006488	
-4.46590811865	-1586.86600895	
-4.46973221509	-1586.87192306	
-4.47354174351	-1586.87780739	
-4.47733681448	-1586.88366214	
-4.48111753732	-1586.88948748	
-4.48488402011	-1586.8952836	
-4.48863636973	-1586.90105068	
-4.49237469184	-1586.90678891	
-4.49609909093	-1586.91249846	
-4.49980967033	-1586.91817951	
-4.50350653221	-1586.92383224	
-4.50718977763	-1586.92945683	
-4.51085950652	-1586.93505344	
-4.51451581772	-1586.94062227	
-4.518158809	-1586.94616347	
-4.52178857705	-1586.95167723	
-4.52540521752	-1586.95716371	
-4.52900882502	-1586.96262309	
-4.53259949315	-1586.96805553	
-4.5361773145	-1586.9734612	
-4.53974238067	-1586.97884027	
-4.54329478227	-1586.9841929	
-4.54683460898	-1586.98951927	
-4.55036194949	-1586.99481952	
-4.5538768916	-1587.00009384	
-4.55737952215	-1587.00534237	
-4.56086992709	-1587.01056528	
-4.56434819147	-1587.01576273	
-4.56781439944	-1587.02093488	
-4.57126863431	-1587.02608188	
-4.5747109785	-1587.0312039	
-4.5781415136	-1587.03630108	
-4.58156032035	-1587.04137358	
-4.58496747867	-1587.04642156	
-4.58836306767	-1587.05144517	
-4.59174716566	-1587.05644456	
-4.59511985013	-1587.06141987	
-4.59848119784	-1587.06637127	
-4.60183128472	-1587.07129889	
-4.60517018599	-1587.07620289	
-4.60849797608	-1587.08108341	
-4.61181472871	-1587.0859406	
-4.61512051684	-1587.0907746	
-4.61841541274	-1587.09558555	
-4.62169948794	-1587.10037361	
-4.62497281328	-1587.1051389	
-4.62823545892	-1587.10988157	
-4.63148749431	-1587.11460177	
-4.63472898823	-1587.11929962	
-4.63796000881	-1587.12397527	
-4.64118062351	-1587.12862885	
-4.64439089914	-1587.1332605	
-4.64759090187	-1587.13787036	
-4.65078069724	-1587.14245855	
-4.65396035016	-1587.14702522	
-4.65712992492	-1587.15157049	
-4.66028948521	-1587.1560945	
-4.66343909411	-1587.16059737	
-4.66657881412	-1587.16507924	
-4.66970870713	-1587.16954024	
-4.67282883446	-1587.17398048	
-4.67593925688	-1587.1784001	
-4.67904003455	-1587.18279923	
-4.68213122712	-1587.18717799	
-4.68521289366	-1587.19153651	
-4.6882850927	-1587.1958749	
-4.69134788223	-1587.20019329	
-4.69440131972	-1587.20449181	
-4.6974454621	-1587.20877057	
-4.70048036579	-1587.21302969	
-4.70350608671	-1587.21726929	
-4.70652268025	-1587.2214895	
-4.70953020131	-1587.22569042	
-4.71252870431	-1587.22987218	
-4.71551824316	-1587.23403489	
-4.7184988713	-1587.23817867	
-4.72147064168	-1587.24230363	
-4.72443360681	-1587.24640988	
-4.72738781871	-1587.25049754	
-4.73033332894	-1587.25456672	
-4.73327018862	-1587.25861753	
-4.73619844839	-1587.26265008	
-4.7391181585	-1587.26666448	
-4.74202936871	-1587.27066085	
-4.74493212836	-1587.27463928	
-4.74782648639	-1587.27859988	
-4.75071249128	-1587.28254277	
-4.75359019111	-1587.28646805	
-4.75645963353	-1587.29037582	
-4.75932086582	-1587.29426618	
-4.7621739348	-1587.29813925	
-4.76501888693	-1587.30199512	
-4.76785576827	-1587.3058339	
-4.77068462447	-1587.30965569	
-4.77350550081	-1587.31346059	
-4.77631844218	-1587.3172487	
-4.77912349311	-1587.32102011	
-4.78192069773	-1587.32477494	
-4.78471009982	-1587.32851327	
-4.78749174278	-1587.3322352	
-4.79026566966	-1587.33594084	
-4.79303192316	-1587.33963027	
-4.7957905456	-1587.34330359	
-4.79854157897	-1587.3469609	
-4.80128506491	-1587.3506023	
-4.80402104473	-1587.35422786	
-4.80674955939	-1587.35783769	
-4.8094706495	-1587.36143189	
-4.81218435537	-1587.36501053	
-4.81489071697	-1587.36857372	
-4.81758977394	-1587.37212153	
-4.82028156561	-1587.37565407	
-4.82296613098	-1587.37917143	
-4.82564350875	-1587.38267368	
-4.8283137373	-1587.38616091	
-4.83097685472	-1587.38963323	
-4.83363289878	-1587.3930907	
-4.83628190695	-1587.39653342	
-4.83892391641	-1587.39996148	
-4.84155896405	-1587.40337495	
-4.84418708646	-1587.40677392	
-4.84680831994	-1587.41015848	
-4.84942270051	-1587.41352871	
-4.85203026392	-1587.41688469	
-4.85463104562	-1587.4202265	
-4.8572250808	-1587.42355423	
-4.85981240436	-1587.42686795	
-4.86239305096	-1587.43016775	
-4.86496705495	-1587.43345371	
-4.86753445046	-1587.4367259	
-4.87009527132	-1587.4399844	
-4.87264955112	-1587.4432293	
-4.8751973232	-1587.44646066	
-4.87773862063	-1587.44967857	
-4.88027347623	-1587.4528831	
-4.88280192259	-1587.45607434	
-4.88532399202	-1587.45925235	
-4.88783971662	-1587.4624172	
-4.89034912822	-1587.46556898	
-4.89285225844	-1587.46870776	
-4.89534913864	-1587.47183361	
-4.89783979995	-1587.47494661	
-4.90032427328	-1587.47804682	
-4.90280258929	-1587.48113432	
-4.90527477844	-1587.48420919	
-4.90774087093	-1587.48727148	
-4.91020089677	-1587.49032128	
-4.91265488574	-1587.49335864	
-4.91510286737	-1587.49638365	
-4.91754487103	-1587.49939637	
-4.91998092583	-1587.50239688	
-4.92241106068	-1587.50538522	
-4.92483530429	-1587.50836149	
-4.92725368516	-1587.51132574	
-4.92966623156	-1587.51427803	
-4.93207297159	-1587.51721844	
-4.93447393313	-1587.52014704	
-4.93686914386	-1587.52306388	
-4.93925863125	-1587.52596904	
-4.94164242261	-1587.52886257	
-4.94402054501	-1587.53174454	
-4.94639302537	-1587.53461502	
-4.94875989038	-1587.53747407	
-4.95112116656	-1587.54032175	
-4.95347688026	-1587.54315812	
-4.9558270576	-1587.54598325	
-4.95817172456	-1587.5487972	
-4.96051090691	-1587.55160002	
-4.96284463026	-1587.55439179	
-4.96517292002	-1587.55717255	
-4.96749580144	-1587.55994238	
-4.96981329958	-1587.56270133	
-4.97212543933	-1587.56544945	
-4.97443224543	-1587.56818681	
-4.97673374242	-1587.57091347	
-4.97902995468	-1587.57362949	
-4.98132090643	-1587.57633491	
-4.98360662171	-1587.57902981	
-4.98588712441	-1587.58171423	
-4.98816243824	-1587.58438824	
-4.99043258678	-1587.58705188	
-4.99269759341	-1587.58970522	
-4.99495748138	-1587.59234832	
-4.99721227376	-1587.59498121	
-4.9994619935	-1587.59760397	
-5.00170666335	-1587.60021664	
-5.00394630595	-1587.60281928	
-5.00618094375	-1587.60541194	
-5.00841059907	-1587.60799468	
-5.0106352941	-1587.61056755	
-5.01285505083	-1587.6131306	
-5.01506989116	-1587.61568388	
-5.01727983681	-1587.61822745	
-5.01948490937	-1587.62076136	
-5.02168513028	-1587.62328565	
-5.02388052085	-1587.62580038	
-5.02607110223	-1587.6283056	
-5.02825689545	-1587.63080137	
-5.03043792139	-1587.63328772	
-5.03261420082	-1587.63576471	
-5.03478575433	-1587.6382324	
-5.03695260241	-1587.64069082	
-5.03911476542	-1587.64314002	
-5.04127226356	-1587.64558006	
-5.04342511692	-1587.64801099	
-5.04557334546	-1587.65043284	
-5.047716969	-1587.65284568	
-5.04985600725	-1587.65524954	
-5.05199047978	-1587.65764447	
-5.05412040604	-1587.66003052	
-5.05624580535	-1587.66240773	
-5.05836669692	-1587.66477616	
-5.06048309982	-1587.66713584	
-5.06259503303	-1587.66948683	
-5.06470251537	-1587.67182916	
-5.06680556556	-1587.67416288	
-5.06890420222	-1587.67648804	
-5.07099844382	-1587.67880468	
-5.07308830874	-1587.68111284	
-5.07517381523	-1587.68341257	
-5.07725498144	-1587.68570391	
-5.07933182538	-1587.68798691	
-5.08140436498	-1587.6902616	
-5.08347261805	-1587.69252804	
-5.08553660227	-1587.69478625	
-5.08759633523	-1587.69703629	
-5.08965183441	-1587.69927819	
-5.09170311719	-1587.701512	
-5.09375020081	-1587.70373776	
-5.09579310244	-1587.70595551	
-5.09783183913	-1587.70816529	
-5.09986642782	-1587.71036714	
-5.10189688537	-1587.7125611	
-5.10392322852	-1587.71474721	
-5.1059454739	-1587.71692551	
-5.10796363806	-1587.71909603	
-5.10997773743	-1587.72125883	
-5.11198778836	-1587.72341394	
-5.11399380708	-1587.72556139	
-5.11599580975	-1587.72770123	
-5.11799381242	-1587.72983349	
-5.11998783102	-1587.73195821	
-5.12197788143	-1587.73407542	
-5.1239639794	-1587.73618518	
-5.12594614061	-1587.73828751	
-5.12792438062	-1587.74038245	
-5.12989871492	-1587.74247004	
-5.13186915891	-1587.74455031	
-5.13383572788	-1587.7466233	
-5.13579843705	-1587.74868905	
-5.13775730154	-1587.75074759	
-5.13971233637	-1587.75279895	
-5.1416635565	-1587.75484319	
-5.14361097679	-1587.75688032	
-5.145554612	-1587.75891038	
-5.14749447681	-1587.76093341	
-5.14943058584	-1587.76294945	
-5.15136295359	-1587.76495852	
-5.1532915945	-1587.76696067	
-5.15521652291	-1587.76895592	
-5.15713775309	-1587.77094431	
-5.15905529921	-1587.77292588	
-5.1609691754	-1587.77490065	
-5.16287939565	-1587.77686866	
-5.16478597392	-1587.77882994	
-5.16668892407	-1587.78078453	
-5.16858825987	-1587.78273245	
-5.17048399504	-1587.78467375	
-5.17237614319	-1587.78660845	
-5.17426471788	-1587.78853658	
-5.17614973257	-1587.79045818	
-5.17803120067	-1587.79237328	
-5.1799091355	-1587.79428191	
-5.18178355029	-1587.79618409	
-5.18365445823	-1587.79807987	
-5.1855218724	-1587.79996927	
-5.18738580584	-1587.80185233	
-5.18924627149	-1587.80372906	
-5.19110328224	-1587.80559951	
-5.19295685089	-1587.80746371	
-5.19480699018	-1587.80932168	
-5.19665371277	-1587.81117345	
-5.19849703127	-1587.81301905	
-5.20033695819	-1587.81485852	
-5.202173506	-1587.81669187	
-5.20400668708	-1587.81851915	
-5.20583651375	-1587.82034038	
-5.20766299828	-1587.82215559	
-5.20948615284	-1587.8239648	
-5.21130598956	-1587.82576804	
-5.21312252048	-1587.82756535	
-5.21493575761	-1587.82935676	
-5.21674571285	-1587.83114228	
-5.21855239808	-1587.83292194	
-5.22035582508	-1587.83469578	
-5.22215600558	-1587.83646383	
-5.22395295126	-1587.8382261	
-5.22574667371	-1587.83998262	
-5.22753718449	-1587.84173343	
-5.22932449506	-1587.84347855	
-5.23110861685	-1587.84521801	
-5.23288956123	-1587.84695182	
-5.23466733947	-1587.84868003	
-5.23644196283	-1587.85040265	
-5.23821344248	-1587.85211971	
-5.23998178954	-1587.85383124	
-5.24174701506	-1587.85553726	
-5.24350913005	-1587.85723779	
-5.24526814546	-1587.85893287	
-5.24702407216	-1587.86062252	
-5.24877692099	-1587.86230676	
-5.25052670271	-1587.86398562	
-5.25227342805	-1587.86565912	
-5.25401710765	-1587.86732729	
-5.25575775213	-1587.86899015	
-5.25749537203	-1587.87064773	
-5.25922997784	-1587.87230005	
-5.26096158	-1587.87394713	
-5.2626901889	-1587.875589	
-5.26441581487	-1587.87722568	
-5.26613846818	-1587.8788572	
-5.26785815906	-1587.88048358	
-5.26957489768	-1587.88210484	
-5.27128869416	-1587.88372101	
-5.27299955856	-1587.8853321	
-5.27470750091	-1587.88693815	
-5.27641253116	-1587.88853917	
-5.27811465923	-1587.89013519	
-5.27981389498	-1587.89172623	
-5.28151024823	-1587.89331231	
-5.28320372874	-1587.89489346	
-5.28489434622	-1587.8964697	
-5.28658211033	-1587.89804104	
-5.28826703069	-1587.89960752	
-5.28994911688	-1587.90116914	
-5.2916283784	-1587.90272595	
-5.29330482472	-1587.90427794	
-5.29497846528	-1587.90582516	
-5.29664930945	-1587.90736762	
-5.29831736655	-1587.90890533	
-5.29998264587	-1587.91043833	
-5.30164515664	-1587.91196663	
-5.30330490806	-1587.91349025	
-5.30496190927	-1587.91500922	
-5.30661616936	-1587.91652355	
-5.3082676974	-1587.91803326	
-5.30991650239	-1587.91953839	
-5.3115625933	-1587.92103893	
-5.31320597904	-1587.92253493	
-5.3148466685	-1587.92402638	
-5.3164846705	-1587.92551333	
-5.31811999384	-1587.92699578	
-5.31975264727	-1587.92847375	
-5.32138263948	-1587.92994728	
-5.32300997914	-1587.93141636	
-5.32463467487	-1587.93288103	
-5.32625673524	-1587.9343413	
-5.32787616879	-1587.9357972	
-5.32949298402	-1587.93724873	
-5.33110718937	-1587.93869593	
-5.33271879327	-1587.9401388	
-5.33432780407	-1587.94157738	
-5.33593423012	-1587.94301167	
-5.3375380797	-1587.94444169	
-5.33913936107	-1587.94586747	
-5.34073808243	-1587.94728902	
-5.34233425196	-1587.94870637	
-5.3439278778	-1587.95011951	
-5.34551896803	-1587.95152849	
-5.34710753072	-1587.95293331	
-5.34869357387	-1587.95433399	
-5.35027710548	-1587.95573056	
-5.35185813348	-1587.95712302	
-5.35343666577	-1587.95851139	
-5.35501271022	-1587.9598957	
-5.35658627467	-1587.96127596	
-5.3581573669	-1587.96265219	
-5.35972599468	-1587.9640244	
-5.36129216571	-1587.96539261	
-5.36285588769	-1587.96675684	
-5.36441716825	-1587.96811711	
-5.36597601502	-1587.96947342	
-5.36753243557	-1587.97082581	
-5.36908643744	-1587.97217429	
-5.37063802813	-1587.97351886	
-5.37218721511	-1587.97485955	
-5.37373400583	-1587.97619638	
-5.37527840768	-1587.97752936	
-5.37682042804	-1587.97885851	
-5.37836007422	-1587.98018384	
-5.37989735354	-1587.98150537	
-5.38143227326	-1587.98282312	
-5.38296484061	-1587.9841371	
-5.38449506279	-1587.98544732	
-5.38602294697	-1587.98675381	
-5.38754850028	-1587.98805658	
-5.38907172982	-1587.98935564	
-5.39059264266	-1587.99065101	
-5.39211124583	-1587.9919427	
-5.39362754635	-1587.99323074	
-5.39514155118	-1587.99451513	
-5.39665326727	-1587.99579589	
-5.39816270152	-1587.99707303	
-5.39966986081	-1587.99834658	
-5.40117475199	-1587.99961654	
-5.40267738187	-1588.00088293	
-5.40417775725	-1588.00214576	
-5.40567588487	-1588.00340506	
-5.40717177146	-1588.00466083	
-5.40866542372	-1588.00591308	
-5.4101568483	-1588.00716184	
-5.41164605186	-1588.00840712	
-5.41313304098	-1588.00964892	
-5.41461782224	-1588.01088728	
-5.4161004022	-1588.01212219	
-5.41758078737	-1588.01335368	
-5.41905898424	-1588.01458175	
-5.42053499927	-1588.01580642	
-5.42200883889	-1588.01702771	
-5.4234805095	-1588.01824563	
-5.42495001748	-1588.01946019	
-5.42641736918	-1588.02067141	
-5.4278825709	-1588.0218793	
-5.42934562895	-1588.02308387	
-5.43080654959	-1588.02428513	
-5.43226533906	-1588.02548311	
-5.43372200355	-1588.02667781	
-5.43517654927	-1588.02786925	
-5.43662898235	-1588.02905743	
-5.43807930892	-1588.03024238	
-5.4395275351	-1588.0314241	
-5.44097366695	-1588.03260262	
-5.44241771052	-1588.03377793	
-5.44385967184	-1588.03495006	
-5.4452995569	-1588.03611901	
-5.44673737167	-1588.0372848	
-5.44817312209	-1588.03844745	
-5.44960681409	-1588.03960696	
-5.45103845357	-1588.04076334	
-5.45246804638	-1588.04191662	
-5.45389559837	-1588.0430668	
-5.45532111536	-1588.04421389	
-5.45674460314	-1588.0453579	
-5.45816606749	-1588.04649886	
-5.45958551414	-1588.04763677	
-5.46100294883	-1588.04877163	
-5.46241837723	-1588.04990348	
-5.46383180503	-1588.05103231	
-5.46524323786	-1588.05215813	
-5.46665268137	-1588.05328097	
-5.46806014114	-1588.05440083	
-5.46946562274	-1588.05551772	
-5.47086913175	-1588.05663165	
-5.47227067367	-1588.05774265	
-5.47367025403	-1588.05885071	
-5.47506787829	-1588.05995585	
-5.47646355193	-1588.06105808	
-5.47785728038	-1588.06215741	
-5.47924906905	-1588.06325385	
-5.48063892334	-1588.06434742	
-5.48202684862	-1588.06543813	
-5.48341285022	-1588.06652598	
-5.48479693349	-1588.06761099	
-5.48617910372	-1588.06869316	
-5.48755936619	-1588.06977252	
-5.48893772616	-1588.07084907	
-5.49031418887	-1588.07192282	
-5.49168875953	-1588.07299378	
-5.49306144334	-1588.07406196	
-5.49443224547	-1588.07512738	
-5.49580117108	-1588.07619004	
-5.49716822529	-1588.07724996	
-5.49853341322	-1588.07830714	
-5.49989673995	-1588.07936159	
-5.50125821054	-1588.08041333	
-5.50261783006	-1588.08146237	
-5.50397560352	-1588.08250872	
-5.50533153593	-1588.08355238	
-5.50668563228	-1588.08459337	
-5.50803789753	-1588.08563169	
-5.50938833663	-1588.08666736	
-5.5107369545	-1588.08770039	
-5.51208375605	-1588.08873079	
-5.51342874616	-1588.08975856	
-5.51477192971	-1588.09078372	
-5.51611331154	-1588.09180628	
-5.51745289646	-1588.09282625	
-5.51879068931	-1588.09384363	
-5.52012669485	-1588.09485844	
-5.52146091786	-1588.09587068	
-5.5227933631	-1588.09688037	
-5.52412403528	-1588.09788751	
-5.52545293913	-1588.09889212	
-5.52678007934	-1588.0998942	
-5.52810546058	-1588.10089376	
-5.52942908751	-1588.10189082	
-5.53075096477	-1588.10288538	
-5.53207109697	-1588.10387745	
-5.53338948873	-1588.10486705	
-5.53470614461	-1588.10585417	
-5.53602106919	-1588.10683883	
-5.53733426702	-1588.10782104	
-5.53864574262	-1588.1088008	
-5.5399555005	-1588.10977814	
-5.54126354516	-1588.11075304	
-5.54256988107	-1588.11172554	
-5.5438745127	-1588.11269562	
-5.54517744448	-1588.11366331	
-5.54647868084	-1588.11462861	
-5.54777822618	-1588.11559152	
-5.5490760849	-1588.11655207	
-5.55037226136	-1588.11751025	
-5.55166675992	-1588.11846608	
-5.55295958492	-1588.11941956	
-5.55425074069	-1588.12037071	
-5.55554023152	-1588.12131952	
-5.5568280617	-1588.12226602	
-5.55811423551	-1588.1232102	
-5.5593987572	-1588.12415208	
-5.56068163102	-1588.12509167	
-5.56196286117	-1588.12602897	
-5.56324245188	-1588.12696399	
-5.56452040732	-1588.12789674	
-5.56579673168	-1588.12882723	
-5.56707142911	-1588.12975546	
-5.56834450376	-1588.13068145	
-5.56961595975	-1588.1316052	
-5.57088580119	-1588.13252673	
-5.57215403218	-1588.13344603	
-5.57342065679	-1588.13436311	
-5.5746856791	-1588.135278	
-5.57594910315	-1588.13619068	
-5.57721093297	-1588.13710117	
-5.57847117258	-1588.13800949	
-5.57972982599	-1588.13891563	
-5.58098689718	-1588.1398196	
-5.58224239012	-1588.14072141	
-5.58349630878	-1588.14162107	
-5.5847486571	-1588.14251859	
-5.585999439	-1588.14341398	
-5.5872486584	-1588.14430723	
-5.5884963192	-1588.14519837	
-5.58974242528	-1588.14608739	
-5.59098698051	-1588.1469743	
-5.59222998875	-1588.14785912	
-5.59347145384	-1588.14874185	
-5.5947113796	-1588.14962249	
-5.59594976985	-1588.15050106	
-5.59718662839	-1588.15137756	
-5.598421959	-1588.152252	
-5.59965576545	-1588.15312438	
-5.60088805149	-1588.15399472	
-5.60211882088	-1588.15486302	
-5.60334807733	-1588.15572928	
-5.60457582457	-1588.15659352	
-5.6058020663	-1588.15745574	
-5.60702680619	-1588.15831595	
-5.60825004793	-1588.15917416	
-5.60947179518	-1588.16003037	
-5.61069205159	-1588.16088458	
-5.61191082078	-1588.16173682	
-5.61312810639	-1588.16258707	
-5.61434391201	-1588.16343536	
-5.61555824124	-1588.16428169	
-5.61677109767	-1588.16512606	
-5.61798248485	-1588.16596847	
-5.61919240636	-1588.16680895	
-5.62040086572	-1588.16764749	
-5.62160786647	-1588.1684841	
-5.62281341212	-1588.16931879	
-5.62401750619	-1588.17015157	
-5.62522015215	-1588.17098243	
-5.6264213535	-1588.17181139	
-5.62762111369	-1588.17263845	
-5.62881943618	-1588.17346363	
-5.63001632442	-1588.17428692	
-5.63121178182	-1588.17510833	
-5.63240581181	-1588.17592788	
-5.6335984178	-1588.17674556	
-5.63478960317	-1588.17756138	
-5.6359793713	-1588.17837535	
-5.63716772557	-1588.17918748	
-5.63835466933	-1588.17999776	
-5.63954020593	-1588.18080622	
-5.64072433869	-1588.18161284	
-5.64190707094	-1588.18241765	
-5.64308840598	-1588.18322064	
-5.64426834712	-1588.18402183	
-5.64544689764	-1588.18482121	
-5.64662406082	-1588.1856188	
-5.64779983991	-1588.1864146	
-5.64897423816	-1588.18720861	
-5.65014725882	-1588.18800085	
-5.65131890512	-1588.18879132	
-5.65248918027	-1588.18958002	
-5.65365808747	-1588.19036696	
-5.65482562993	-1588.19115214	
-5.65599181082	-1588.19193558	
-5.65715663332	-1588.19271727	
-5.65832010058	-1588.19349723	
-5.65948221576	-1588.19427546	
-5.660642982	-1588.19505196	
-5.66180240242	-1588.19582675	
-5.66296048014	-1588.19659982	
-5.66411721826	-1588.19737118	
-5.66527261989	-1588.19814084	
-5.66642668811	-1588.19890881	
-5.66757942599	-1588.19967508	
-5.6687308366	-1588.20043967	
-5.66988092298	-1588.20120258	
-5.67102968818	-1588.20196382	
-5.67217713524	-1588.20272338	
-5.67332326717	-1588.20348129	
-5.67446808699	-1588.20423753	
-5.67561159769	-1588.20499213	
-5.67675380227	-1588.20574507	
-5.6778947037	-1588.20649638	
-5.67903430497	-1588.20724605	
-5.68017260902	-1588.20799409	
-5.6813096188	-1588.2087405	
-5.68244533727	-1588.2094853	
-5.68357976734	-1588.21022848	
-5.68471291194	-1588.21097005	
-5.68584477397	-1588.21171002	
-5.68697535634	-1588.21244838	
-5.68810466194	-1588.21318516	
-5.68923269364	-1588.21392034	
-5.69035945432	-1588.21465394	
-5.69148494685	-1588.21538597	
-5.69260917406	-1588.21611642	
-5.6937321388	-1588.2168453	
-5.69485384391	-1588.21757262	
-5.69597429221	-1588.21829838	
-5.69709348651	-1588.21902259	
-5.69821142961	-1588.21974525	
-5.69932812431	-1588.22046637	
-5.70044357339	-1588.22118595	
-5.70155777963	-1588.221904	
-5.7026707458	-1588.22262052	
-5.70378247466	-1588.22333551	
-5.70489296894	-1588.22404899	
-5.70600223139	-1588.22476096	
-5.70711026475	-1588.22547141	
-5.70821707172	-1588.22618036	
-5.70932265503	-1588.22688782	
-5.71042701737	-1588.22759378	
-5.71153016145	-1588.22829824	
-5.71263208993	-1588.22900123	
-5.71373280551	-1588.22970273	
-5.71483231084	-1588.23040276	
-5.71593060859	-1588.23110132	
-5.71702770141	-1588.23179841	
-5.71812359193	-1588.23249405	
-5.71921828279	-1588.23318822	
-5.72031177661	-1588.23388094	
-5.72140407601	-1588.23457222	
-5.72249518359	-1588.23526205	
-5.72358510195	-1588.23595044	
-5.72467383369	-1588.2366374	
-5.72576138137	-1588.23732294	
-5.72684774759	-1588.23800704	
-5.72793293489	-1588.23868973	
-5.72901694583	-1588.239371	
-5.73009978297	-1588.24005085	
-5.73118144884	-1588.2407293	
-5.73226194598	-1588.24140635	
-5.7333412769	-1588.242082	
-5.73441944412	-1588.24275626	
-5.73549645015	-1588.24342912	
-5.73657229748	-1588.24410061	
-5.73764698861	-1588.24477071	
-5.73872052602	-1588.24543943	
-5.73979291218	-1588.24610678	
-5.74086414956	-1588.24677276	
-5.74193424062	-1588.24743738	
-5.74300318781	-1588.24810064	
-5.74407099357	-1588.24876254	
-5.74513766034	-1588.2494231	
-5.74620319054	-1588.2500823	
-5.7472675866	-1588.25074016	
-5.74833085092	-1588.25139669	
-5.74939298591	-1588.25205187	
-5.75045399397	-1588.25270573	
-5.75151387748	-1588.25335826	
-5.75257263883	-1588.25400947	
-5.75363028038	-1588.25465936	
-5.75468680452	-1588.25530794	
-5.75574221359	-1588.2559552	
-5.75679650994	-1588.25660116	
-5.75784969593	-1588.25724582	
-5.75890177388	-1588.25788918	
-5.75995274612	-1588.25853124	
-5.76100261499	-1588.25917201	
-5.76205138278	-1588.2598115	
-5.76309905181	-1588.2604497	
-5.76414562438	-1588.26108663	
-5.76519110278	-1588.26172228	
-5.7662354893	-1588.26235666	
-5.76727878622	-1588.26298977	
-5.76832099579	-1588.26362162	
-5.7693621203	-1588.26425221	
-5.770402162	-1588.26488154	
-5.77144112313	-1588.26550962	
-5.77247900594	-1588.26613646	
-5.77351581267	-1588.26676204	
-5.77455154554	-1588.26738639	
-5.77558620679	-1588.2680095	
-5.77661979861	-1588.26863138	
-5.77765232322	-1588.26925203	
-5.77868378283	-1588.26987145	
-5.77971417962	-1588.27048965	
-5.78074351579	-1588.27110663	
-5.78177179352	-1588.2717224	
-5.78279901497	-1588.27233695	
-5.78382518233	-1588.2729503	
-5.78485029774	-1588.27356244	
-5.78587436337	-1588.27417339	
-5.78689738137	-1588.27478313	
-5.78791935386	-1588.27539168	
-5.788940283	-1588.27599905	
-5.7899601709	-1588.27660522	
-5.79097901969	-1588.27721022	
-5.79199683148	-1588.27781403	
-5.79301360838	-1588.27841667	
-5.7940293525	-1588.27901813	
-5.79504406593	-1588.27961843	
-5.79605775077	-1588.28021756	
-5.79707040908	-1588.28081553	
-5.79808204295	-1588.28141234	
-5.79909265446	-1588.282008	
-5.80010224566	-1588.2826025	
-5.80111081862	-1588.28319586	
-5.80211837538	-1588.28378807	
-5.80312491799	-1588.28437914	
-5.80413044849	-1588.28496907	
-5.80513496892	-1588.28555786	
-5.80613848129	-1588.28614552	
-5.80714098764	-1588.28673206	
-5.80814248998	-1588.28731747	
-5.80914299031	-1588.28790176	
