#Site	lnL	
0	-9.68111029838
1	-25.9516507475
2	-29.7915228495
3	-17.2686494644
4	-14.0885068229
5	-12.3314304003
6	-11.5210398958
7	-15.7479072573
8	-11.4759936002
9	-24.125735645
10	-20.2715196822
11	-11.6522571026
12	-11.5210398958
13	-24.562366916
14	-21.6424645048
15	-37.7930677242
16	-28.7653082303
17	-24.7219444355
18	-10.5276058547
19	-11.0737228997
20	-13.4506318677
21	-18.7399998956
22	-16.874966356
23	-17.0055830655
24	-16.9048592521
25	-23.7436341113
26	-11.2674697619
27	-17.1069284705
28	-38.3360959474
29	-16.4493991547
30	-18.1377211913
31	-30.1203380782
32	-13.9813001734
33	-10.7389088888
34	-16.9048592521
35	-22.7470330485
36	-19.6986994039
37	-18.9341739448
38	-10.3366437799
39	-16.3875352562
40	-10.3019987518
41	-31.5190184073
42	-10.5840025173
43	-23.071395125
44	-10.5276058547
45	-28.6105634539
46	-17.7014769163
47	-17.4586739898
48	-18.0002976572
49	-13.9363406023
50	-19.380063616
51	-15.0272732074
52	-17.6061492422
53	-13.0718455632
54	-14.5939641897
55	-10.5276058547
56	-11.1662727767
57	-14.5351779955
58	-14.372580804
59	-15.9708674744
60	-25.165620931
61	-22.0746407322
62	-15.8242754521
63	-26.199038908
64	-11.6440394306
65	-43.8878021478
66	-11.2071265468
67	-18.115261339
68	-14.6567970639
69	-22.1741737531
70	-17.4696341535
71	-35.977006113
72	-11.6440393822
73	-14.8229088417
74	-23.7592032264
75	-27.8788758384
76	-21.161368969
77	-17.8400432964
78	-22.2285360011
79	-19.284774946
80	-18.6478394471
81	-16.3967184068
82	-27.2775451897
83	-17.0949262501
84	-10.263024114
85	-14.9856330984
86	-15.0768359555
87	-15.2309564589
88	-19.3567725835
89	-17.1762489632
90	-14.5903724548
91	-36.1882178039
92	-37.8441950884
93	-12.0533634139
94	-11.0391270827
95	-10.738908823
96	-17.4753501579
97	-14.0384386271
98	-23.5893193088
99	-19.1693447779
100	-19.6470595378
101	-15.7352254743
102	-11.6440393822
103	-30.4844271355
104	-19.8068853324
105	-14.8484286427
106	-14.5903724548
107	-14.096958507
108	-11.1044087768
109	-16.5260198211
110	-10.6652862403
111	-16.5045462212
112	-25.8442862562
113	-13.7668887607
114	-13.9363406023
115	-11.0737228997
116	-27.6946945042
117	-16.8159145264
118	-16.3410021403
119	-9.50785205029
120	-11.4900338522
121	-14.5252636076
122	-24.1099664994
123	-13.9174021167
124	-21.4353456501
125	-21.7704875133
126	-16.8831564929
127	-17.7608764353
128	-16.818758867
129	-16.9523929174
130	-14.4083059958
131	-17.9267748036
132	-10.6766634456
133	-13.3754386521
134	-25.1524218365
135	-18.922315377
136	-13.5096843914
137	-11.2417743322
138	-15.4432014926
139	-25.896609931
140	-42.8518875805
141	-23.902023048
142	-14.0885068229
143	-22.7220878772
144	-16.3166580224
145	-9.45074139941
146	-19.1003322978
147	-25.1633973062
148	-23.9124361039
149	-12.0533634139
150	-10.3072295911
151	-26.1074768344
152	-16.4334660554
153	-10.5276058547
154	-16.2296387357
155	-18.3352802955
156	-17.4696341535
157	-16.387153659
158	-18.0936718673
159	-27.4618720578
160	-14.946259098
161	-39.3205626324
162	-9.68111029838
