-7.599209869882437296e-01
-5.040370871441354206e-01
-8.976071540677109661e-01
2.431317214796375303e+00
-8.419941005991613547e-01
2.426578995757795898e+00
-1.857355218394843632e+00
-3.477513924652483546e+00
-4.509727355851624431e+00
-4.706853063414644822e+00
-4.442072461237148495e+00
-4.203496035520720042e+00
-6.533008104026318819e+00
-6.727969767476624341e+00
-6.452314554110309075e+00
-4.771477816441266562e+00
-5.784977796482380086e+00
-6.160612972619183836e+00
-5.110527141050501321e+00
-6.362579476056821726e+00
