#Site	lnL	
0	-1.32917736844
1	-1.27603031816
2	-5.21647326258
3	-1.80819340088
4	-1.30294414027
5	-6.11719782087
6	-1.34919260971
7	-1.74181820164
8	-4.77716127787
9	-1.80819340088
10	-1.27603031816
11	-4.62238671366
12	-8.73075882576
13	-1.27603031816
14	-5.66657304716
15	-1.63233682344
16	-1.56460852976
17	-3.25210804356
18	-1.32917736844
19	-1.30294414027
20	-9.59966032638
21	-6.76244056213
22	-1.56460852976
23	-10.4025868573
24	-1.80819340088
25	-1.30294414027
26	-4.62238671366
27	-1.80819340088
28	-1.30294414027
29	-8.81575812399
30	-1.34919260971
31	-1.30294414027
32	-9.68311006571
33	-1.32917736844
34	-1.74181820164
35	-10.4827942168
36	-1.32917736844
37	-1.30294414027
38	-7.59104694549
39	-1.63233682344
40	-1.56460852976
41	-4.77716127787
42	-1.63233682344
43	-1.30294414027
44	-10.8652257985
45	-6.79302057265
46	-1.30294414027
47	-5.80124128525
48	-1.34919260971
49	-1.74181820164
50	-3.25210804356
51	-1.80819340088
52	-1.27603031816
53	-10.0011670695
54	-1.34919260971
55	-1.56460852976
56	-4.80077544337
57	-1.34919260971
58	-1.30294414027
59	-3.25210804356
60	-1.32917736844
61	-1.30294414027
62	-9.12492735256
63	-1.34919260971
64	-1.30294414027
65	-5.21647326258
66	-1.63233682344
67	-1.27603031816
68	-3.25210804356
69	-1.63233682344
70	-1.56460852976
71	-13.8323241468
72	-1.32917736844
73	-1.27603031816
74	-9.75786846209
75	-1.32917736844
76	-1.56460852976
77	-11.037859616
78	-7.45852957904
79	-1.30294414027
80	-7.61906320088
81	-1.34919260971
82	-1.27603031816
83	-4.94623022235
84	-1.34919260971
85	-1.74181820164
86	-6.26272378064
87	-1.63233682344
88	-1.30294414027
89	-3.48866766592
90	-1.34919260971
91	-1.74181820164
92	-3.25210804356
93	-1.32917736844
94	-1.56460852976
95	-4.80077544337
96	-1.34919260971
97	-1.74181820164
98	-13.5083329264
99	-1.80819340088
100	-6.77493495419
101	-4.62238671366
102	-1.80819340088
103	-1.27603031816
104	-3.25210804356
105	-1.34919260971
106	-1.27603031816
107	-7.39652685947
108	-1.34919260971
109	-1.56460852976
110	-8.47929938807
111	-1.32917736844
112	-1.56460852976
113	-9.16923378919
114	-6.76244056213
115	-1.30294414027
116	-6.9758423225
117	-1.32917736844
118	-1.27603031816
119	-8.6599042339
120	-1.34919260971
121	-1.30294414027
122	-4.94623022235
123	-1.32917736844
124	-1.56460852976
125	-5.63269900234
126	-1.32917736844
127	-1.30294414027
128	-9.83635693091
129	-1.63233682344
130	-1.27603031816
131	-8.47787103761
132	-1.32917736844
133	-1.27603031816
134	-6.06382570318
135	-1.63233682344
136	-1.27603031816
137	-5.3409235321
138	-1.32917736844
139	-1.74181820164
140	-8.5977959785
141	-1.63233682344
142	-1.30294414027
143	-7.67112496495
144	-1.32917736844
145	-1.74181820164
146	-6.97124596649
147	-6.0022897188
148	-1.27603031816
149	-4.44828094733
150	-1.32917736844
151	-1.74181820164
152	-4.62238671366
153	-1.32917736844
154	-1.27603031816
155	-9.0977760877
156	-1.32917736844
157	-1.27603031816
158	-4.44828094733
159	-1.63233682344
160	-1.30294414027
161	-3.48866766592
162	-1.32917736844
163	-1.27603031816
164	-9.03567761293
165	-1.63233682344
166	-1.27603031816
167	-16.1349559011
168	-1.32917736844
169	-1.27603031816
170	-8.37310274806
171	-1.63233682344
172	-1.30294414027
173	-14.5475702389
174	-1.80819340088
175	-1.30294414027
176	-4.94623022235
177	-1.34919260971
178	-1.27603031816
179	-10.9769692371
180	-1.80819340088
181	-1.30294414027
182	-3.25210804356
183	-1.32917736844
184	-1.27603031816
185	-10.2018115717
186	-1.32917736844
187	-1.30294414027
188	-4.80077544337
189	-1.34919260971
190	-1.30294414027
191	-10.8398336564
192	-1.34919260971
193	-1.56460852976
194	-9.36682647034
195	-1.34919260971
196	-1.30294414027
197	-12.4386235509
198	-1.32917736844
199	-1.56460852976
200	-4.99061718174
201	-1.32917736844
202	-1.56460852976
203	-7.61805314278
204	-1.32917736844
205	-1.30294414027
206	-4.62238671366
207	-1.34919260971
208	-1.27603031816
209	-4.94623022235
210	-1.63233682344
211	-1.30294414027
212	-5.74958998191
213	-6.40992911618
214	-1.27603031816
215	-3.25210804356
216	-1.80819340088
217	-1.30294414027
218	-9.48520904175
219	-1.80819340088
220	-1.74181820164
221	-6.05117315627
222	-1.63233682344
223	-1.56460852976
224	-8.89197508298
225	-1.32917736844
226	-6.80633092933
227	-7.42896535894
228	-8.61851118286
229	-1.30294414027
230	-7.65527876055
231	-1.63233682344
232	-1.27603031816
233	-3.48866766592
234	-1.32917736844
235	-1.30294414027
236	-3.25210804356
237	-1.34919260971
238	-1.30294414027
239	-7.98675017166
240	-7.07444152614
241	-1.30294414027
242	-7.74238530423
243	-1.32917736844
244	-1.30294414027
245	-12.506413402
246	-1.34919260971
247	-1.27603031816
248	-3.48866766592
249	-1.34919260971
250	-1.27603031816
251	-4.99061718174
252	-1.80819340088
253	-1.56460852976
254	-7.72959606843
255	-1.32917736844
256	-1.27603031816
257	-4.44828094733
258	-1.80819340088
259	-1.74181820164
260	-9.40741373548
261	-1.34919260971
262	-1.74181820164
263	-3.48866766592
264	-1.34919260971
265	-1.30294414027
266	-6.08556994709
267	-1.32917736844
268	-1.56460852976
269	-11.9810684917
270	-7.31624090989
271	-1.27603031816
272	-4.77716127787
273	-1.32917736844
274	-1.56460852976
275	-3.25210804356
276	-1.80819340088
277	-1.56460852976
278	-3.25210804356
279	-1.34919260971
280	-1.56460852976
281	-7.74289685947
282	-1.34919260971
283	-1.56460852976
284	-4.77716127787
285	-1.63233682344
286	-1.30294414027
287	-5.31258705791
288	-1.32917736844
289	-1.56460852976
290	-4.99061718174
291	-1.32917736844
292	-1.30294414027
293	-13.7832245221
294	-1.34919260971
295	-1.27603031816
296	-4.99061718174
297	-1.63233682344
298	-1.56460852976
299	-10.5128931753
300	-1.34919260971
301	-1.27603031816
302	-8.25694407538
303	-6.20877500182
304	-1.27603031816
305	-7.00474951543
306	-1.32917736844
307	-1.30294414027
308	-3.48866766592
309	-1.80819340088
310	-1.27603031816
311	-9.41640157691
312	-1.63233682344
313	-1.27603031816
314	-7.01684095389
315	-1.32917736844
316	-1.56460852976
317	-6.46564091422
318	-12.4198472824
319	-1.56460852976
320	-9.03558726409
321	-6.24246833565
322	-1.30294414027
323	-10.697681575
324	-10.6142297141
325	-1.27603031816
326	-6.31532669642
327	-7.00379385548
328	-1.74181820164
329	-11.4437601174
330	-1.80819340088
331	-1.30294414027
332	-9.24542002608
333	-1.80819340088
334	-1.27603031816
335	-4.94623022235
336	-1.32917736844
337	-1.56460852976
338	-7.42786681339
339	-6.45646717379
340	-1.27603031816
341	-13.1703974063
342	-8.29623951603
343	-7.02028340912
344	-7.23120114142
345	-8.81569143122
346	-1.30294414027
347	-3.48866766592
348	-1.63233682344
349	-1.30294414027
350	-8.95765071391
351	-1.34919260971
352	-1.30294414027
353	-7.42896535894
354	-1.32917736844
355	-1.56460852976
356	-4.99061718174
357	-1.34919260971
358	-1.27603031816
359	-6.08556994709
360	-1.63233682344
361	-1.30294414027
362	-6.87389730953
363	-1.32917736844
364	-1.74181820164
365	-7.74238530423
366	-1.63233682344
367	-1.74181820164
368	-6.97124596649
369	-1.63233682344
370	-1.56460852976
371	-4.77716127787
372	-1.34919260971
373	-1.27603031816
374	-3.25210804356
375	-1.80819340088
376	-1.27603031816
377	-3.25210804356
378	-1.32917736844
379	-1.27603031816
380	-13.189786425
381	-1.63233682344
382	-1.30294414027
383	-3.48866766592
384	-1.63233682344
385	-1.27603031816
386	-5.25688296844
387	-1.80819340088
388	-1.27603031816
389	-11.2680716487
390	-1.34919260971
391	-1.27603031816
392	-12.0829169851
393	-1.34919260971
394	-1.30294414027
395	-8.38555072914
396	-1.80819340088
397	-1.56460852976
398	-5.74958998191
399	-7.19721054238
400	-1.30294414027
401	-8.20309797759
402	-1.32917736844
403	-1.27603031816
404	-6.99377578684
405	-1.32917736844
406	-1.27603031816
407	-10.1000264043
408	-1.63233682344
409	-1.27603031816
410	-4.62238671366
411	-1.63233682344
412	-1.74181820164
413	-5.8464788518
414	-1.63233682344
415	-1.30294414027
416	-6.08556994709
417	-1.32917736844
418	-1.30294414027
419	-5.74958998191
420	-1.32917736844
421	-1.27603031816
422	-3.25210804356
423	-1.63233682344
424	-1.74181820164
425	-14.7752402373
426	-1.80819340088
427	-1.27603031816
428	-5.21647326258
429	-1.63233682344
430	-1.30294414027
431	-3.25210804356
432	-1.34919260971
433	-1.56460852976
434	-8.73058107495
435	-1.32917736844
436	-1.27603031816
437	-6.51639729066
438	-1.63233682344
439	-1.56460852976
440	-3.48866766592
441	-1.80819340088
442	-1.27603031816
443	-5.74958998191
444	-1.34919260971
445	-9.78651415583
446	-3.25210804356
447	-1.63233682344
448	-1.56460852976
449	-8.58843999155
450	-9.40517715043
451	-1.30294414027
452	-3.25210804356
453	-1.80819340088
454	-1.27603031816
455	-14.5448975995
456	-1.63233682344
457	-1.30294414027
458	-3.25210804356
459	-1.63233682344
460	-1.30294414027
461	-4.62238671366
462	-1.32917736844
463	-1.56460852976
464	-3.25210804356
465	-1.34919260971
466	-1.56460852976
467	-3.25210804356
468	-1.80819340088
469	-9.6466200976
470	-9.27728845072
471	-9.37052741253
472	-1.56460852976
473	-4.77716127787
474	-1.32917736844
475	-1.27603031816
476	-10.8220286957
477	-1.32917736844
478	-1.27603031816
479	-9.11129460125
480	-1.80819340088
481	-1.74181820164
482	-4.62238671366
483	-1.34919260971
484	-1.30294414027
485	-5.84117793869
486	-1.34919260971
487	-1.27603031816
488	-12.4592671322
