#Site	lnL	
0	-5.13938235919
1	-8.15979033708
2	-8.99472247949
3	-8.18627648088
4	-4.92689751083
5	-4.33079359773
6	-12.1744630293
7	-4.7534490819
8	-12.0770366375
9	-6.98256397914
10	-13.1216168335
11	-8.9569632751
12	-11.2444682858
13	-21.3337208389
14	-16.0303127912
15	-7.80578925769
16	-15.1908162201
17	-6.05437718419
18	-9.64196583318
19	-16.0345218386
20	-7.73283302248
21	-4.04189012498
22	-9.48757351914
23	-18.5035520467
24	-12.274523195
25	-7.07504675039
26	-8.20189108259
27	-11.7390096438
28	-10.6287785523
29	-11.5881964016
30	-10.0077633431
31	-20.1645466622
32	-11.1713413311
33	-9.41245029733
34	-19.3738738983
35	-16.2953182062
36	-12.0409465582
37	-19.9741517659
38	-13.6592313818
39	-19.01797898
40	-5.4117823652
41	-8.43025843224
42	-18.036622973
43	-4.75134086688
44	-11.3467849357
45	-15.1746915783
46	-8.00522390596
47	-7.79509969194
48	-4.75134086688
49	-12.4450590312
50	-10.8299399562
51	-11.9526270525
52	-7.32661303681
53	-15.802497421
54	-12.9733544671
55	-6.65648428462
56	-14.9393034171
57	-17.3277610625
58	-5.59716826157
59	-6.00497457038
60	-11.0104160077
61	-23.8273271628
62	-7.96599293318
63	-20.8767708864
64	-13.234547758
65	-4.79159652936
66	-5.13938235919
67	-9.64504845382
68	-16.0951810135
69	-10.9630119323
70	-13.063036257
71	-4.56164508238
72	-8.54633776666
73	-9.39321725392
74	-8.6003301191
75	-8.79634985312
76	-16.5248875005
77	-4.7534490819
78	-8.74702183682
79	-5.36930153759
80	-7.81932057058
81	-5.13938235919
82	-16.2438905095
83	-15.5465207421
84	-13.2797818582
85	-11.0489817868
86	-9.82334986819
87	-4.04189012498
88	-5.92691990501
89	-4.75134086688
90	-13.4343319228
91	-12.7928334254
92	-9.53747324107
93	-7.96599293318
94	-4.79469415127
95	-18.6393057294
96	-5.16385515272
97	-9.36952125
98	-20.9768390133
99	-4.74268260922
100	-5.98372451296
101	-7.32661303681
102	-10.0150208507
103	-19.4110726624
104	-18.6733500665
105	-12.5199516671
106	-9.23157603935
107	-7.79187033846
108	-7.26217532189
109	-4.7534490819
110	-13.4175605053
111	-8.75188701463
112	-5.32477797725
113	-5.4117823652
114	-7.51003095
115	-10.4800837382
116	-10.6851154453
117	-4.92689751083
118	-5.16385515272
119	-10.6478784992
120	-4.33079359773
121	-9.98129155445
122	-12.1691804465
123	-9.18795318339
124	-8.47328101365
125	-12.9356396434
126	-8.386206637
127	-10.0542578965
128	-4.92689751083
129	-7.24225060117
130	-5.46917777488
131	-12.1358633085
132	-4.74268260922
133	-16.997632563
134	-10.473353317
135	-8.5831626796
136	-16.5804297571
137	-15.854802224
138	-11.0269418755
139	-5.74155598755
140	-10.6516725004
141	-12.4542555248
142	-17.5761565094
143	-13.6105320463
144	-13.2175552524
145	-6.89746617595
146	-10.2951250646
147	-8.22579056988
148	-9.15634256791
149	-5.16385515272
150	-7.92898606884
151	-8.9316078809
152	-12.1249110243
153	-7.55749783451
154	-10.2249964105
155	-9.89249146882
156	-5.65453166599
157	-10.6362191527
158	-12.507833582
159	-14.5752047611
160	-5.65453166599
161	-13.8921054506
162	-9.09288435786
