# log_p 	 lnL 	 
0.0	-1703.49172223	
-0.287682072452	-1703.46585321	
-0.510825623766	-1703.43628444	
-0.69314718056	-1703.40660909	
-0.847297860387	-1703.37847276	
-0.980829253012	-1703.35250615	
-1.09861228867	-1703.32886165	
-1.20397280433	-1703.3074731	
-1.29928298413	-1703.28817806	
-1.38629436112	-1703.27077645	
-1.46633706879	-1703.25505966	
-1.54044504095	-1703.24082565	
-1.60943791243	-1703.22788671	
-1.67397643357	-1703.21607317	
-1.73460105539	-1703.20523479	
-1.79175946923	-1703.19524056	
-1.8458266905	-1703.18597774	
-1.89711998489	-1703.17735027	
-1.94591014906	-1703.16927705	
-1.99243016469	-1703.16169008	
-2.03688192726	-1703.15453263	
-2.07944154168	-1703.14775766	
-2.1202635362	-1703.14132623	
-2.15948424935	-1703.13520617	
-2.19722457734	-1703.12937093	
-2.23359222151	-1703.12379856	
-2.26868354132	-1703.11847087	
-2.30258509299	-1703.11337269	
-2.33537491582	-1703.10849128	
-2.36712361413	-1703.10381586	
-2.3978952728	-1703.09933719	
-2.42774823595	-1703.09504723	
-2.45673577282	-1703.09093893	
-2.48490664979	-1703.08700594	
-2.51230562398	-1703.0832425	
-2.53897387106	-1703.0796433	
-2.56494935746	-1703.07620337	
-2.59026716545	-1703.072918	
-2.61495977804	-1703.06978266	
-2.63905732962	-1703.06679302	
-2.66258782703	-1703.06394482	
-2.68557734525	-1703.06123395	
-2.7080502011	-1703.05865634	
-2.73002910782	-1703.05620802	
-2.75153531304	-1703.05388507	
-2.77258872224	-1703.05168362	
-2.79320800944	-1703.0495999	
-2.81341071676	-1703.04763014	
-2.83321334406	-1703.04577068	
-2.85263142991	-1703.04401789	
-2.87167962488	-1703.04236822	
-2.8903717579	-1703.04081818	
-2.90872089656	-1703.03936437	
-2.92673940207	-1703.03800342	
-2.94443897917	-1703.03673207	
-2.96183072188	-1703.03554712	
-2.97892515524	-1703.03444545	
-2.99573227355	-1703.03342402	
-3.01226157551	-1703.03247987	
-3.02852209638	-1703.03161013	
-3.04452243772	-1703.03081197	
-3.06027079469	-1703.0300827	
-3.07577498123	-1703.02941967	
-3.09104245336	-1703.02882031	
-3.10608033072	-1703.02828214	
-3.12089541651	-1703.02780277	
-3.13549421593	-1703.02737987	
-3.14988295338	-1703.02701119	
-3.16406758837	-1703.02669455	
-3.17805383035	-1703.02642785	
-3.19184715248	-1703.02620906	
-3.20545280454	-1703.02603621	
-3.21887582487	-1703.02590743	
-3.23212105162	-1703.02582088	
-3.24519313319	-1703.0257748	
-3.25809653802	-1703.02576749	
-3.2708355638	-1703.02579732	
-3.28341434601	-1703.02586271	
-3.295836866	-1703.02596215	
-3.3081069586	-1703.02609416	
-3.32022831913	-1703.02625734	
-3.33220451018	-1703.02645033	
-3.34403896782	-1703.02667182	
-3.35573500759	-1703.02692057	
-3.36729582999	-1703.02719535	
-3.37872452581	-1703.027495	
-3.39002408106	-1703.02781841	
-3.40119738166	-1703.02816449	
-3.41224721785	-1703.02853221	
-3.42317628838	-1703.02892057	
-3.43398720449	-1703.02932861	
-3.4446824936	-1703.0297554	
-3.45526460293	-1703.03020007	
-3.4657359028	-1703.03066175	
-3.47609868984	-1703.03113963	
-3.48635519	-1703.03163292	
-3.49650756147	-1703.03214085	
-3.50655789732	-1703.0326627	
-3.51650822817	-1703.03319776	
-3.52636052462	-1703.03374537	
-3.53611669956	-1703.03430487	
-3.54577861047	-1703.03487563	
-3.55534806149	-1703.03545707	
-3.56482680544	-1703.0360486	
-3.57421654579	-1703.03664967	
-3.58351893846	-1703.03725974	
-3.59273559356	-1703.03787831	
-3.60186807712	-1703.03850488	
-3.61091791264	-1703.03913898	
-3.61988658263	-1703.03978016	
-3.62877553004	-1703.04042797	
-3.63758615973	-1703.04108199	
-3.6463198397	-1703.04174183	
-3.65497790244	-1703.04240709	
-3.66356164613	-1703.0430774	
-3.6720723358	-1703.0437524	
-3.68051120444	-1703.04443174	
-3.68887945411	-1703.0451151	
-3.69717825693	-1703.04580216	
-3.70540875607	-1703.0464926	
-3.7135720667	-1703.04718614	
-3.72166927694	-1703.04788249	
-3.72970144863	-1703.04858139	
-3.73766961828	-1703.04928256	
-3.74557479779	-1703.04998575	
-3.75341797525	-1703.05069074	
-3.76120011569	-1703.05139728	
-3.76892216179	-1703.05210515	
-3.77658503453	-1703.05281414	
-3.78418963392	-1703.05352404	
-3.79173683955	-1703.05423466	
-3.79922751128	-1703.0549458	
-3.80666248977	-1703.05565729	
-3.81404259707	-1703.05636895	
-3.82136863716	-1703.05708061	
-3.82864139649	-1703.05779211	
-3.83586164446	-1703.0585033	
-3.84303013394	-1703.05921403	
-3.85014760171	-1703.05992415	
-3.85721476893	-1703.06063354	
-3.86423234159	-1703.06134205	
-3.87120101091	-1703.06204956	
-3.87812145375	-1703.06275596	
-3.88499433304	-1703.06346113	
-3.89182029811	-1703.06416495	
-3.8985999851	-1703.06486732	
-3.90533401728	-1703.06556814	
-3.91202300543	-1703.06626732	
-3.91866754815	-1703.06696475	
-3.92526823218	-1703.06766035	
-3.93182563272	-1703.06835404	
-3.93834031375	-1703.06904573	
-3.94481282825	-1703.06973535	
-3.95124371858	-1703.07042282	
-3.95763351668	-1703.07110806	
-3.96398274436	-1703.07179102	
-3.97029191355	-1703.07247162	
-3.97656152657	-1703.07314981	
-3.98279207632	-1703.07382553	
-3.98898404656	-1703.07449871	
-3.99513791214	-1703.07516931	
-4.00125413916	-1703.07583727	
-4.00733318523	-1703.07650255	
-4.01337549969	-1703.0771651	
-4.01938152375	-1703.07782488	
-4.02535169074	-1703.07848184	
-4.03128642625	-1703.07913594	
-4.03718614838	-1703.07978716	
-4.04305126783	-1703.08043544	
-4.04888218815	-1703.08108076	
-4.05467930583	-1703.08172309	
-4.06044301055	-1703.08236239	
-4.06617368526	-1703.08299865	
-4.07187170637	-1703.08363182	
-4.07753744391	-1703.0842619	
-4.08317126162	-1703.08488884	
-4.08877351717	-1703.08551264	
-4.09434456222	-1703.08613327	
-4.0998847426	-1703.08675072	
-4.10539439841	-1703.08736496	
-4.11087386417	-1703.08797598	
-4.11632346894	-1703.08858376	
-4.12174353641	-1703.08918829	
-4.12713438505	-1703.08978956	
-4.13249632819	-1703.09038755	
-4.13782967416	-1703.09098226	
-4.14313472639	-1703.09157368	
-4.14841178349	-1703.09216179	
-4.15366113938	-1703.09274659	
-4.15888308336	-1703.09332808	
-4.16407790024	-1703.09390624	
-4.1692458704	-1703.09448107	
-4.1743872699	-1703.09505258	
-4.17950237056	-1703.09562074	
-4.18459144007	-1703.09618558	
-4.18965474203	-1703.09674707	
-4.19469253606	-1703.09730522	
-4.19970507788	-1703.09786003	
-4.20469261939	-1703.09841151	
-4.20965540873	-1703.09895964	
-4.21459369037	-1703.09950444	
-4.21950770518	-1703.1000459	
-4.22439769047	-1703.10058403	
-4.22926388012	-1703.10111884	
-4.2341065046	-1703.10165032	
-4.23892579103	-1703.10217848	
-4.2437219633	-1703.10270332	
-4.24849524205	-1703.10322486	
-4.25324584481	-1703.10374309	
-4.257973986	-1703.10425803	
-4.26267987704	-1703.10476967	
-4.26736372635	-1703.10527803	
-4.27202573946	-1703.10578312	
-4.27666611902	-1703.10628494	
-4.28128506487	-1703.10678349	
-4.28588277412	-1703.1072788	
-4.29045944115	-1703.10777086	
-4.29501525768	-1703.1082597	
-4.29955041285	-1703.10874531	
-4.3040650932	-1703.1092277	
-4.30855948279	-1703.10970689	
-4.31303376319	-1703.11018289	
-4.31748811354	-1703.11065571	
-4.3219227106	-1703.11112535	
-4.32633772881	-1703.11159184	
-4.33073334029	-1703.11205517	
-4.33510971489	-1703.11251537	
-4.33946702026	-1703.11297244	
-4.34380542185	-1703.1134264	
-4.348125083	-1703.11387725	
-4.3524261649	-1703.11432502	
-4.35670882669	-1703.11476971	
-4.36097322548	-1703.11521133	
-4.36521951636	-1703.11564991	
-4.36944785247	-1703.11608544	
-4.373658385	-1703.11651795	
-4.37785126326	-1703.11694745	
-4.38202663467	-1703.11737395	
-4.38618464482	-1703.11779746	
-4.39032543749	-1703.118218	
-4.39444915467	-1703.11863558	
-4.39855593663	-1703.11905021	
-4.40264592188	-1703.11946192	
-4.40671924726	-1703.1198707	
-4.41077604796	-1703.12027659	
-4.4148164575	-1703.12067958	
-4.4188406078	-1703.1210797	
-4.42284862919	-1703.12147695	
-4.42684065046	-1703.12187137	
-4.43081679884	-1703.12226294	
-4.43477720006	-1703.1226517	
-4.43872197835	-1703.12303766	
-4.44265125649	-1703.12342082	
-4.44656515581	-1703.12380121	
-4.45046379623	-1703.12417884	
-4.45434729625	-1703.12455373	
-4.45821577303	-1703.12492588	
-4.46206934235	-1703.12529532	
-4.46590811865	-1703.12566205	
-4.46973221509	-1703.12602609	
-4.47354174351	-1703.12638746	
-4.47733681448	-1703.12674618	
-4.48111753732	-1703.12710224	
-4.48488402011	-1703.12745568	
-4.48863636973	-1703.1278065	
-4.49237469184	-1703.12815473	
-4.49609909093	-1703.12850036	
-4.49980967033	-1703.12884343	
-4.50350653221	-1703.12918394	
-4.50718977763	-1703.1295219	
-4.51085950652	-1703.12985734	
-4.51451581772	-1703.13019027	
-4.518158809	-1703.13052069	
-4.52178857705	-1703.13084864	
-4.52540521752	-1703.13117411	
-4.52900882502	-1703.13149713	
-4.53259949315	-1703.1318177	
-4.5361773145	-1703.13213585	
-4.53974238067	-1703.13245159	
-4.54329478227	-1703.13276493	
-4.54683460898	-1703.13307588	
-4.55036194949	-1703.13338447	
-4.5538768916	-1703.1336907	
-4.55737952215	-1703.13399458	
-4.56086992709	-1703.13429615	
-4.56434819147	-1703.13459539	
-4.56781439944	-1703.13489234	
-4.57126863431	-1703.13518701	
-4.5747109785	-1703.1354794	
-4.5781415136	-1703.13576953	
-4.58156032035	-1703.13605743	
-4.58496747867	-1703.13634309	
-4.58836306767	-1703.13662654	
-4.59174716566	-1703.13690778	
-4.59511985013	-1703.13718684	
-4.59848119784	-1703.13746372	
-4.60183128472	-1703.13773843	
-4.60517018599	-1703.13801101	
-4.60849797608	-1703.13828144	
-4.61181472871	-1703.13854976	
-4.61512051684	-1703.13881596	
-4.61841541274	-1703.13908008	
-4.62169948794	-1703.13934211	
-4.62497281328	-1703.13960207	
-4.62823545892	-1703.13985998	
-4.63148749431	-1703.14011584	
-4.63472898823	-1703.14036968	
-4.63796000881	-1703.1406215	
-4.64118062351	-1703.14087132	
-4.64439089914	-1703.14111914	
-4.64759090187	-1703.14136499	
-4.65078069724	-1703.14160887	
-4.65396035016	-1703.1418508	
-4.65712992492	-1703.14209079	
-4.66028948521	-1703.14232885	
-4.66343909411	-1703.142565	
-4.66657881412	-1703.14279924	
-4.66970870713	-1703.1430316	
-4.67282883446	-1703.14326207	
-4.67593925688	-1703.14349068	
-4.67904003455	-1703.14371744	
-4.68213122712	-1703.14394235	
-4.68521289366	-1703.14416543	
-4.6882850927	-1703.1443867	
-4.69134788223	-1703.14460616	
-4.69440131972	-1703.14482382	
-4.6974454621	-1703.1450397	
-4.70048036579	-1703.14525381	
-4.70350608671	-1703.14546616	
-4.70652268025	-1703.14567677	
-4.70953020131	-1703.14588563	
-4.71252870431	-1703.14609278	
-4.71551824316	-1703.1462982	
-4.7184988713	-1703.14650193	
-4.72147064168	-1703.14670397	
-4.72443360681	-1703.14690432	
-4.72738781871	-1703.14710301	
-4.73033332894	-1703.14730004	
-4.73327018862	-1703.14749542	
-4.73619844839	-1703.14768916	
-4.7391181585	-1703.14788129	
-4.74202936871	-1703.14807179	
-4.74493212836	-1703.14826069	
-4.74782648639	-1703.148448	
-4.75071249128	-1703.14863373	
-4.75359019111	-1703.14881789	
-4.75645963353	-1703.14900048	
-4.75932086582	-1703.14918153	
-4.7621739348	-1703.14936103	
-4.76501888693	-1703.149539	
-4.76785576827	-1703.14971545	
-4.77068462447	-1703.1498904	
-4.77350550081	-1703.15006384	
-4.77631844218	-1703.15023579	
-4.77912349311	-1703.15040627	
-4.78192069773	-1703.15057527	
-4.78471009982	-1703.15074281	
-4.78749174278	-1703.15090891	
-4.79026566966	-1703.15107356	
-4.79303192316	-1703.15123678	
-4.7957905456	-1703.15139858	
-4.79854157897	-1703.15155897	
-4.80128506491	-1703.15171796	
-4.80402104473	-1703.15187555	
-4.80674955939	-1703.15203176	
-4.8094706495	-1703.1521866	
-4.81218435537	-1703.15234007	
-4.81489071697	-1703.15249218	
-4.81758977394	-1703.15264295	
-4.82028156561	-1703.15279239	
-4.82296613098	-1703.15294049	
-4.82564350875	-1703.15308727	
-4.8283137373	-1703.15323275	
-4.83097685472	-1703.15337692	
-4.83363289878	-1703.1535198	
-4.83628190695	-1703.15366139	
-4.83892391641	-1703.15380171	
-4.84155896405	-1703.15394077	
-4.84418708646	-1703.15407856	
-4.84680831994	-1703.1542151	
-4.84942270051	-1703.15435041	
-4.85203026392	-1703.15448448	
-4.85463104562	-1703.15461732	
-4.8572250808	-1703.15474895	
-4.85981240436	-1703.15487938	
-4.86239305096	-1703.1550086	
-4.86496705495	-1703.15513663	
-4.86753445046	-1703.15526348	
-4.87009527132	-1703.15538915	
-4.87264955112	-1703.15551365	
-4.8751973232	-1703.155637	
-4.87773862063	-1703.15575919	
-4.88027347623	-1703.15588024	
-4.88280192259	-1703.15600015	
-4.88532399202	-1703.15611893	
-4.88783971662	-1703.1562366	
-4.89034912822	-1703.15635315	
-4.89285225844	-1703.15646859	
-4.89534913864	-1703.15658294	
-4.89783979995	-1703.15669619	
-4.90032427328	-1703.15680837	
-4.90280258929	-1703.15691946	
-4.90527477844	-1703.15702949	
-4.90774087093	-1703.15713846	
-4.91020089677	-1703.15724637	
-4.91265488574	-1703.15735324	
-4.91510286737	-1703.15745907	
-4.91754487103	-1703.15756386	
-4.91998092583	-1703.15766763	
-4.92241106068	-1703.15777038	
-4.92483530429	-1703.15787212	
-4.92725368516	-1703.15797286	
-4.92966623156	-1703.15807259	
-4.93207297159	-1703.15817134	
-4.93447393313	-1703.1582691	
-4.93686914386	-1703.15836588	
-4.93925863125	-1703.15846169	
-4.94164242261	-1703.15855654	
-4.94402054501	-1703.15865043	
-4.94639302537	-1703.15874337	
-4.94875989038	-1703.15883537	
-4.95112116656	-1703.15892642	
-4.95347688026	-1703.15901655	
-4.9558270576	-1703.15910575	
-4.95817172456	-1703.15919403	
-4.96051090691	-1703.15928139	
-4.96284463026	-1703.15936785	
-4.96517292002	-1703.15945341	
-4.96749580144	-1703.15953808	
-4.96981329958	-1703.15962185	
-4.97212543933	-1703.15970475	
-4.97443224543	-1703.15978677	
-4.97673374242	-1703.15986792	
-4.97902995468	-1703.1599482	
-4.98132090643	-1703.16002763	
-4.98360662171	-1703.1601062	
-4.98588712441	-1703.16018393	
-4.98816243824	-1703.16026081	
-4.99043258678	-1703.16033686	
-4.99269759341	-1703.16041208	
-4.99495748138	-1703.16048648	
-4.99721227376	-1703.16056006	
-4.9994619935	-1703.16063283	
-5.00170666335	-1703.16070479	
-5.00394630595	-1703.16077595	
-5.00618094375	-1703.16084631	
-5.00841059907	-1703.16091588	
-5.0106352941	-1703.16098467	
-5.01285505083	-1703.16105268	
-5.01506989116	-1703.16111991	
-5.01727983681	-1703.16118637	
-5.01948490937	-1703.16125207	
-5.02168513028	-1703.16131701	
-5.02388052085	-1703.1613812	
-5.02607110223	-1703.16144464	
-5.02825689545	-1703.16150734	
-5.03043792139	-1703.16156929	
-5.03261420082	-1703.16163052	
-5.03478575433	-1703.16169101	
-5.03695260241	-1703.16175079	
-5.03911476542	-1703.16180984	
-5.04127226356	-1703.16186818	
-5.04342511692	-1703.16192582	
-5.04557334546	-1703.16198275	
-5.047716969	-1703.16203898	
-5.04985600725	-1703.16209452	
-5.05199047978	-1703.16214937	
-5.05412040604	-1703.16220353	
-5.05624580535	-1703.16225701	
-5.05836669692	-1703.16230982	
-5.06048309982	-1703.16236196	
-5.06259503303	-1703.16241343	
-5.06470251537	-1703.16246424	
-5.06680556556	-1703.1625144	
-5.06890420222	-1703.1625639	
-5.07099844382	-1703.16261275	
-5.07308830874	-1703.16266096	
-5.07517381523	-1703.16270854	
-5.07725498144	-1703.16275547	
-5.07933182538	-1703.16280178	
-5.08140436498	-1703.16284746	
-5.08347261805	-1703.16289252	
-5.08553660227	-1703.16293696	
-5.08759633523	-1703.16298078	
-5.08965183441	-1703.163024	
-5.09170311719	-1703.16306662	
-5.09375020081	-1703.16310863	
-5.09579310244	-1703.16315005	
-5.09783183913	-1703.16319087	
-5.09986642782	-1703.1632311	
-5.10189688537	-1703.16327075	
-5.10392322852	-1703.16330982	
-5.1059454739	-1703.16334832	
-5.10796363806	-1703.16338624	
-5.10997773743	-1703.16342359	
-5.11198778836	-1703.16346038	
-5.11399380708	-1703.1634966	
-5.11599580975	-1703.16353227	
-5.11799381242	-1703.16356739	
-5.11998783102	-1703.16360196	
-5.12197788143	-1703.16363598	
-5.1239639794	-1703.16366945	
-5.12594614061	-1703.1637024	
-5.12792438062	-1703.1637348	
-5.12989871492	-1703.16376668	
-5.13186915891	-1703.16379802	
-5.13383572788	-1703.16382885	
-5.13579843705	-1703.16385915	
-5.13775730154	-1703.16388894	
-5.13971233637	-1703.16391822	
-5.1416635565	-1703.16394698	
-5.14361097679	-1703.16397524	
-5.145554612	-1703.164003	
-5.14749447681	-1703.16403025	
-5.14943058584	-1703.16405702	
-5.15136295359	-1703.16408329	
-5.1532915945	-1703.16410907	
-5.15521652291	-1703.16413436	
-5.15713775309	-1703.16415918	
-5.15905529921	-1703.16418351	
-5.1609691754	-1703.16420737	
-5.16287939565	-1703.16423076	
-5.16478597392	-1703.16425367	
-5.16668892407	-1703.16427612	
-5.16858825987	-1703.16429811	
-5.17048399504	-1703.16431964	
-5.17237614319	-1703.16434072	
-5.17426471788	-1703.16436134	
-5.17614973257	-1703.16438151	
-5.17803120067	-1703.16440123	
-5.1799091355	-1703.16442051	
-5.18178355029	-1703.16443934	
-5.18365445823	-1703.16445774	
-5.1855218724	-1703.16447571	
-5.18738580584	-1703.16449324	
-5.18924627149	-1703.16451035	
-5.19110328224	-1703.16452703	
-5.19295685089	-1703.16454328	
-5.19480699018	-1703.16455912	
-5.19665371277	-1703.16457453	
-5.19849703127	-1703.16458954	
-5.20033695819	-1703.16460413	
-5.202173506	-1703.16461831	
-5.20400668708	-1703.16463209	
-5.20583651375	-1703.16464546	
-5.20766299828	-1703.16465844	
-5.20948615284	-1703.16467101	
-5.21130598956	-1703.1646832	
-5.21312252048	-1703.16469499	
-5.21493575761	-1703.16470639	
-5.21674571285	-1703.1647174	
-5.21855239808	-1703.16472803	
-5.22035582508	-1703.16473828	
-5.22215600558	-1703.16474815	
-5.22395295126	-1703.16475764	
-5.22574667371	-1703.16476676	
-5.22753718449	-1703.16477551	
-5.22932449506	-1703.16478389	
-5.23110861685	-1703.1647919	
-5.23288956123	-1703.16479955	
-5.23466733947	-1703.16480684	
-5.23644196283	-1703.16481377	
-5.23821344248	-1703.16482035	
-5.23998178954	-1703.16482657	
-5.24174701506	-1703.16483244	
-5.24350913005	-1703.16483796	
-5.24526814546	-1703.16484314	
-5.24702407216	-1703.16484797	
-5.24877692099	-1703.16485246	
-5.25052670271	-1703.16485661	
-5.25227342805	-1703.16486043	
-5.25401710765	-1703.16486391	
-5.25575775213	-1703.16486705	
-5.25749537203	-1703.16486987	
-5.25922997784	-1703.16487236	
-5.26096158	-1703.16487453	
-5.2626901889	-1703.16487637	
-5.26441581487	-1703.16487789	
-5.26613846818	-1703.1648791	
-5.26785815906	-1703.16487999	
-5.26957489768	-1703.16488056	
-5.27128869416	-1703.16488082	
-5.27299955856	-1703.16488077	
-5.27470750091	-1703.16488041	
-5.27641253116	-1703.16487975	
-5.27811465923	-1703.16487879	
-5.27981389498	-1703.16487752	
-5.28151024823	-1703.16487595	
-5.28320372874	-1703.16487409	
-5.28489434622	-1703.16487193	
-5.28658211033	-1703.16486948	
-5.28826703069	-1703.16486674	
-5.28994911688	-1703.16486371	
-5.2916283784	-1703.16486039	
-5.29330482472	-1703.16485679	
-5.29497846528	-1703.16485291	
-5.29664930945	-1703.16484874	
-5.29831736655	-1703.16484429	
-5.29998264587	-1703.16483957	
-5.30164515664	-1703.16483457	
-5.30330490806	-1703.1648293	
-5.30496190927	-1703.16482376	
-5.30661616936	-1703.16481795	
-5.3082676974	-1703.16481187	
-5.30991650239	-1703.16480552	
-5.3115625933	-1703.16479891	
-5.31320597904	-1703.16479204	
-5.3148466685	-1703.16478491	
-5.3164846705	-1703.16477752	
-5.31811999384	-1703.16476988	
-5.31975264727	-1703.16476198	
-5.32138263948	-1703.16475383	
-5.32300997914	-1703.16474542	
-5.32463467487	-1703.16473677	
-5.32625673524	-1703.16472787	
-5.32787616879	-1703.16471872	
-5.32949298402	-1703.16470933	
-5.33110718937	-1703.16469969	
-5.33271879327	-1703.16468982	
-5.33432780407	-1703.1646797	
-5.33593423012	-1703.16466935	
-5.3375380797	-1703.16465877	
-5.33913936107	-1703.16464795	
-5.34073808243	-1703.16463689	
-5.34233425196	-1703.16462561	
-5.3439278778	-1703.1646141	
-5.34551896803	-1703.16460235	
-5.34710753072	-1703.16459039	
-5.34869357387	-1703.1645782	
-5.35027710548	-1703.16456578	
-5.35185813348	-1703.16455315	
-5.35343666577	-1703.16454029	
-5.35501271022	-1703.16452722	
-5.35658627467	-1703.16451393	
-5.3581573669	-1703.16450043	
-5.35972599468	-1703.16448671	
-5.36129216571	-1703.16447278	
-5.36285588769	-1703.16445864	
-5.36441716825	-1703.16444429	
-5.36597601502	-1703.16442974	
-5.36753243557	-1703.16441498	
-5.36908643744	-1703.16440001	
-5.37063802813	-1703.16438484	
-5.37218721511	-1703.16436947	
-5.37373400583	-1703.1643539	
-5.37527840768	-1703.16433813	
-5.37682042804	-1703.16432216	
-5.37836007422	-1703.164306	
-5.37989735354	-1703.16428964	
-5.38143227326	-1703.16427309	
-5.38296484061	-1703.16425635	
-5.38449506279	-1703.16423941	
-5.38602294697	-1703.16422229	
-5.38754850028	-1703.16420498	
-5.38907172982	-1703.16418749	
-5.39059264266	-1703.1641698	
-5.39211124583	-1703.16415194	
-5.39362754635	-1703.16413389	
-5.39514155118	-1703.16411567	
-5.39665326727	-1703.16409726	
-5.39816270152	-1703.16407867	
-5.39966986081	-1703.16405991	
-5.40117475199	-1703.16404097	
-5.40267738187	-1703.16402186	
-5.40417775725	-1703.16400257	
-5.40567588487	-1703.16398311	
-5.40717177146	-1703.16396348	
-5.40866542372	-1703.16394368	
-5.4101568483	-1703.16392372	
-5.41164605186	-1703.16390358	
-5.41313304098	-1703.16388328	
-5.41461782224	-1703.16386282	
-5.4161004022	-1703.16384219	
-5.41758078737	-1703.1638214	
-5.41905898424	-1703.16380044	
-5.42053499927	-1703.16377933	
-5.42200883889	-1703.16375806	
-5.4234805095	-1703.16373663	
-5.42495001748	-1703.16371505	
-5.42641736918	-1703.16369331	
-5.4278825709	-1703.16367141	
-5.42934562895	-1703.16364937	
-5.43080654959	-1703.16362717	
-5.43226533906	-1703.16360482	
-5.43372200355	-1703.16358232	
-5.43517654927	-1703.16355967	
-5.43662898235	-1703.16353687	
-5.43807930892	-1703.16351393	
-5.4395275351	-1703.16349084	
-5.44097366695	-1703.16346761	
-5.44241771052	-1703.16344423	
-5.44385967184	-1703.16342071	
-5.4452995569	-1703.16339706	
-5.44673737167	-1703.16337326	
-5.44817312209	-1703.16334932	
-5.44960681409	-1703.16332524	
-5.45103845357	-1703.16330103	
-5.45246804638	-1703.16327668	
-5.45389559837	-1703.1632522	
-5.45532111536	-1703.16322758	
-5.45674460314	-1703.16320283	
-5.45816606749	-1703.16317795	
-5.45958551414	-1703.16315293	
-5.46100294883	-1703.16312779	
-5.46241837723	-1703.16310252	
-5.46383180503	-1703.16307712	
-5.46524323786	-1703.16305159	
-5.46665268137	-1703.16302594	
-5.46806014114	-1703.16300016	
-5.46946562274	-1703.16297426	
-5.47086913175	-1703.16294823	
-5.47227067367	-1703.16292208	
-5.47367025403	-1703.16289581	
-5.47506787829	-1703.16286942	
-5.47646355193	-1703.16284291	
-5.47785728038	-1703.16281628	
-5.47924906905	-1703.16278954	
-5.48063892334	-1703.16276267	
-5.48202684862	-1703.16273569	
-5.48341285022	-1703.1627086	
-5.48479693349	-1703.16268139	
-5.48617910372	-1703.16265407	
-5.48755936619	-1703.16262664	
-5.48893772616	-1703.16259909	
-5.49031418887	-1703.16257143	
-5.49168875953	-1703.16254367	
-5.49306144334	-1703.16251579	
-5.49443224547	-1703.16248781	
-5.49580117108	-1703.16245972	
-5.49716822529	-1703.16243152	
-5.49853341322	-1703.16240321	
-5.49989673995	-1703.16237481	
-5.50125821054	-1703.16234629	
-5.50261783006	-1703.16231768	
-5.50397560352	-1703.16228896	
-5.50533153593	-1703.16226014	
-5.50668563228	-1703.16223122	
-5.50803789753	-1703.1622022	
-5.50938833663	-1703.16217308	
-5.5107369545	-1703.16214386	
-5.51208375605	-1703.16211454	
-5.51342874616	-1703.16208513	
-5.51477192971	-1703.16205562	
-5.51611331154	-1703.16202602	
-5.51745289646	-1703.16199632	
-5.51879068931	-1703.16196652	
-5.52012669485	-1703.16193664	
-5.52146091786	-1703.16190666	
-5.5227933631	-1703.16187658	
-5.52412403528	-1703.16184642	
-5.52545293913	-1703.16181617	
-5.52678007934	-1703.16178583	
-5.52810546058	-1703.1617554	
-5.52942908751	-1703.16172488	
-5.53075096477	-1703.16169427	
-5.53207109697	-1703.16166358	
-5.53338948873	-1703.1616328	
-5.53470614461	-1703.16160194	
-5.53602106919	-1703.16157099	
-5.53733426702	-1703.16153995	
-5.53864574262	-1703.16150884	
-5.5399555005	-1703.16147764	
-5.54126354516	-1703.16144636	
-5.54256988107	-1703.161415	
-5.5438745127	-1703.16138356	
-5.54517744448	-1703.16135203	
-5.54647868084	-1703.16132043	
-5.54777822618	-1703.16128875	
-5.5490760849	-1703.16125699	
-5.55037226136	-1703.16122516	
-5.55166675992	-1703.16119325	
-5.55295958492	-1703.16116126	
-5.55425074069	-1703.1611292	
-5.55554023152	-1703.16109706	
-5.5568280617	-1703.16106485	
-5.55811423551	-1703.16103256	
-5.5593987572	-1703.1610002	
-5.56068163102	-1703.16096777	
-5.56196286117	-1703.16093527	
-5.56324245188	-1703.16090269	
-5.56452040732	-1703.16087005	
-5.56579673168	-1703.16083734	
-5.56707142911	-1703.16080455	
-5.56834450376	-1703.1607717	
-5.56961595975	-1703.16073878	
-5.57088580119	-1703.16070579	
-5.57215403218	-1703.16067274	
-5.57342065679	-1703.16063962	
-5.5746856791	-1703.16060643	
-5.57594910315	-1703.16057318	
-5.57721093297	-1703.16053986	
-5.57847117258	-1703.16050648	
-5.57972982599	-1703.16047304	
-5.58098689718	-1703.16043953	
-5.58224239012	-1703.16040596	
-5.58349630878	-1703.16037233	
-5.5847486571	-1703.16033864	
-5.585999439	-1703.16030488	
-5.5872486584	-1703.16027107	
-5.5884963192	-1703.1602372	
-5.58974242528	-1703.16020326	
-5.59098698051	-1703.16016927	
-5.59222998875	-1703.16013522	
-5.59347145384	-1703.16010112	
-5.5947113796	-1703.16006695	
-5.59594976985	-1703.16003273	
-5.59718662839	-1703.15999845	
-5.598421959	-1703.15996412	
-5.59965576545	-1703.15992973	
-5.60088805149	-1703.15989529	
-5.60211882088	-1703.15986079	
-5.60334807733	-1703.15982624	
-5.60457582457	-1703.15979164	
-5.6058020663	-1703.15975698	
-5.60702680619	-1703.15972228	
-5.60825004793	-1703.15968752	
-5.60947179518	-1703.15965271	
-5.61069205159	-1703.15961785	
-5.61191082078	-1703.15958293	
-5.61312810639	-1703.15954797	
-5.61434391201	-1703.15951296	
-5.61555824124	-1703.1594779	
-5.61677109767	-1703.1594428	
-5.61798248485	-1703.15940764	
-5.61919240636	-1703.15937244	
-5.62040086572	-1703.15933719	
-5.62160786647	-1703.15930189	
-5.62281341212	-1703.15926655	
-5.62401750619	-1703.15923116	
-5.62522015215	-1703.15919573	
-5.6264213535	-1703.15916025	
-5.62762111369	-1703.15912473	
-5.62881943618	-1703.15908916	
-5.63001632442	-1703.15905355	
-5.63121178182	-1703.1590179	
-5.63240581181	-1703.1589822	
-5.6335984178	-1703.15894646	
-5.63478960317	-1703.15891069	
-5.6359793713	-1703.15887487	
-5.63716772557	-1703.158839	
-5.63835466933	-1703.1588031	
-5.63954020593	-1703.15876716	
-5.64072433869	-1703.15873118	
-5.64190707094	-1703.15869516	
-5.64308840598	-1703.1586591	
-5.64426834712	-1703.158623	
-5.64544689764	-1703.15858686	
-5.64662406082	-1703.15855069	
-5.64779983991	-1703.15851448	
-5.64897423816	-1703.15847823	
-5.65014725882	-1703.15844194	
-5.65131890512	-1703.15840562	
-5.65248918027	-1703.15836927	
-5.65365808747	-1703.15833287	
-5.65482562993	-1703.15829645	
-5.65599181082	-1703.15825998	
-5.65715663332	-1703.15822349	
-5.65832010058	-1703.15818696	
-5.65948221576	-1703.15815039	
-5.660642982	-1703.1581138	
-5.66180240242	-1703.15807717	
-5.66296048014	-1703.15804051	
-5.66411721826	-1703.15800381	
-5.66527261989	-1703.15796709	
-5.66642668811	-1703.15793033	
-5.66757942599	-1703.15789354	
-5.6687308366	-1703.15785673	
-5.66988092298	-1703.15781988	
-5.67102968818	-1703.157783	
-5.67217713524	-1703.15774609	
-5.67332326717	-1703.15770915	
-5.67446808699	-1703.15767219	
-5.67561159769	-1703.15763519	
-5.67675380227	-1703.15759817	
-5.6778947037	-1703.15756112	
-5.67903430497	-1703.15752404	
-5.68017260902	-1703.15748693	
-5.6813096188	-1703.1574498	
-5.68244533727	-1703.15741264	
-5.68357976734	-1703.15737545	
-5.68471291194	-1703.15733824	
-5.68584477397	-1703.15730101	
-5.68697535634	-1703.15726374	
-5.68810466194	-1703.15722646	
-5.68923269364	-1703.15718914	
-5.69035945432	-1703.15715181	
-5.69148494685	-1703.15711445	
-5.69260917406	-1703.15707706	
-5.6937321388	-1703.15703965	
-5.69485384391	-1703.15700222	
-5.69597429221	-1703.15696477	
-5.69709348651	-1703.15692729	
-5.69821142961	-1703.15688979	
-5.69932812431	-1703.15685227	
-5.70044357339	-1703.15681473	
-5.70155777963	-1703.15677717	
-5.7026707458	-1703.15673958	
-5.70378247466	-1703.15670198	
-5.70489296894	-1703.15666435	
-5.70600223139	-1703.1566267	
-5.70711026475	-1703.15658904	
-5.70821707172	-1703.15655135	
-5.70932265503	-1703.15651365	
-5.71042701737	-1703.15647592	
-5.71153016145	-1703.15643818	
-5.71263208993	-1703.15640042	
-5.71373280551	-1703.15636264	
-5.71483231084	-1703.15632484	
-5.71593060859	-1703.15628702	
-5.71702770141	-1703.15624919	
-5.71812359193	-1703.15621134	
-5.71921828279	-1703.15617347	
-5.72031177661	-1703.15613559	
-5.72140407601	-1703.15609769	
-5.72249518359	-1703.15605977	
-5.72358510195	-1703.15602184	
-5.72467383369	-1703.15598389	
-5.72576138137	-1703.15594593	
-5.72684774759	-1703.15590795	
-5.72793293489	-1703.15586996	
-5.72901694583	-1703.15583195	
-5.73009978297	-1703.15579393	
-5.73118144884	-1703.15575589	
-5.73226194598	-1703.15571784	
-5.7333412769	-1703.15567978	
-5.73441944412	-1703.1556417	
-5.73549645015	-1703.15560361	
-5.73657229748	-1703.15556551	
-5.73764698861	-1703.15552739	
-5.73872052602	-1703.15548926	
-5.73979291218	-1703.15545112	
-5.74086414956	-1703.15541297	
-5.74193424062	-1703.1553748	
-5.74300318781	-1703.15533663	
-5.74407099357	-1703.15529844	
-5.74513766034	-1703.15526024	
-5.74620319054	-1703.15522203	
-5.7472675866	-1703.15518381	
-5.74833085092	-1703.15514558	
-5.74939298591	-1703.15510734	
-5.75045399397	-1703.15506909	
-5.75151387748	-1703.15503083	
-5.75257263883	-1703.15499256	
-5.75363028038	-1703.15495429	
-5.75468680452	-1703.154916	
-5.75574221359	-1703.1548777	
-5.75679650994	-1703.1548394	
-5.75784969593	-1703.15480108	
-5.75890177388	-1703.15476276	
-5.75995274612	-1703.15472443	
-5.76100261499	-1703.15468609	
-5.76205138278	-1703.15464775	
-5.76309905181	-1703.15460939	
-5.76414562438	-1703.15457103	
-5.76519110278	-1703.15453267	
-5.7662354893	-1703.15449429	
-5.76727878622	-1703.15445591	
-5.76832099579	-1703.15441753	
-5.7693621203	-1703.15437913	
-5.770402162	-1703.15434073	
-5.77144112313	-1703.15430233	
-5.77247900594	-1703.15426392	
-5.77351581267	-1703.1542255	
-5.77455154554	-1703.15418708	
-5.77558620679	-1703.15414866	
-5.77661979861	-1703.15411023	
-5.77765232322	-1703.15407179	
-5.77868378283	-1703.15403335	
-5.77971417962	-1703.15399491	
-5.78074351579	-1703.15395646	
-5.78177179352	-1703.153918	
-5.78279901497	-1703.15387955	
-5.78382518233	-1703.15384109	
-5.78485029774	-1703.15380262	
-5.78587436337	-1703.15376416	
-5.78689738137	-1703.15372569	
-5.78791935386	-1703.15368722	
-5.788940283	-1703.15364874	
-5.7899601709	-1703.15361026	
-5.79097901969	-1703.15357178	
-5.79199683148	-1703.1535333	
-5.79301360838	-1703.15349482	
-5.7940293525	-1703.15345633	
-5.79504406593	-1703.15341784	
-5.79605775077	-1703.15337935	
-5.79707040908	-1703.15334086	
-5.79808204295	-1703.15330237	
-5.79909265446	-1703.15326388	
-5.80010224566	-1703.15322539	
-5.80111081862	-1703.15318689	
-5.80211837538	-1703.1531484	
-5.80312491799	-1703.1531099	
-5.80413044849	-1703.15307141	
-5.80513496892	-1703.15303291	
-5.80613848129	-1703.15299441	
-5.80714098764	-1703.15295592	
-5.80814248998	-1703.15291742	
-5.80914299031	-1703.15287893	
