#Site	lnL	
0	-4.42302245259
1	-8.9123985757
2	-13.0965738443
3	-15.8004962215
4	-8.96573180363
5	-4.82402994256
6	-5.21120267651
7	-4.27299263009
8	-10.4491677234
9	-8.06183482397
10	-11.9684846572
11	-5.24037144034
12	-5.96095242602
13	-6.69136584604
14	-8.65689467207
15	-7.47246917016
16	-12.9015452487
17	-7.95853747281
18	-5.11479594813
19	-16.2249466585
20	-6.30367418757
21	-7.67608490809
22	-11.4071473122
23	-11.9906470737
24	-8.41125845378
25	-8.68800000701
26	-10.1978147963
27	-4.27951124629
28	-10.7273389831
29	-4.0874850052
30	-8.66938635268
31	-5.73510043383
32	-5.01090299926
33	-12.5845897776
34	-6.62355179745
35	-7.17676004731
36	-9.95351618713
37	-8.94925634852
38	-4.12221893656
39	-10.1128232763
40	-8.96403329517
41	-8.38563345971
42	-14.4964753652
43	-4.61342432189
44	-12.0488469353
45	-6.43817111489
46	-6.46069263771
47	-8.9123985757
48	-7.17676004731
49	-10.0669733367
50	-16.334652625
51	-14.410151423
52	-5.01090299926
53	-4.4915412696
54	-5.4865256375
55	-11.0167618756
56	-13.0940729311
57	-11.0199673456
58	-21.2731922251
59	-5.1574366324
60	-11.5782808042
61	-7.62713560892
62	-15.5468923805
63	-5.04009466959
64	-7.50587665982
65	-4.27951124629
66	-7.32200803631
67	-18.7579527065
68	-15.4191838767
69	-7.30969548368
70	-11.6655496494
71	-8.1080217365
72	-9.55290757787
73	-18.3164509846
74	-13.7780331605
75	-9.02803090841
76	-4.4915412696
77	-13.235888227
78	-6.30367418757
79	-9.53366366799
80	-11.0154723574
81	-4.4915412696
82	-4.82402994256
83	-13.245384712
84	-17.2621815496
85	-11.1328779567
86	-15.376487881
87	-7.32473363903
88	-7.88877516036
89	-7.67513812873
90	-15.9432070209
91	-4.27951124629
92	-4.12221893656
93	-11.8472272051
94	-13.580778849
95	-5.21120267651
96	-4.82497993291
97	-5.94161865107
98	-11.2693187524
99	-5.24037144034
100	-19.1777883042
101	-11.0558021123
102	-9.17987057816
103	-11.0276805108
104	-4.61342432189
105	-11.7071721745
106	-4.27951124629
107	-5.38959200461
108	-5.57548406809
109	-20.0384367271
110	-13.5330070185
111	-13.0446041438
112	-5.53771526177
113	-18.9062593421
114	-17.1098211886
115	-8.2310021534
116	-4.85420944941
117	-16.8357526783
118	-4.0874850052
119	-4.27299263009
120	-14.6269301878
121	-9.8223008068
122	-10.8024500337
123	-13.814039302
124	-9.9880299068
125	-9.81084132125
126	-14.8912380807
127	-11.8447626963
128	-12.0688516224
129	-7.9715883926
130	-12.4736134649
131	-15.8341070336
132	-10.5056374494
133	-18.9264158869
134	-5.24210395382
135	-9.48687345394
136	-12.2003620373
137	-7.37990396469
138	-12.4051489883
139	-10.1840716529
140	-16.5587888794
141	-7.64363963977
142	-7.59809510418
143	-13.3373189771
144	-15.9004238002
145	-10.339371855
146	-5.38065571604
147	-4.12221893656
148	-23.2321669249
149	-9.57668096024
150	-6.988020055
151	-7.2760094241
152	-17.5508788876
153	-7.67608490809
154	-4.85420944941
155	-9.5138549057
156	-4.4915412696
157	-10.3637158957
158	-7.15037432367
159	-10.642860244
160	-4.12221893656
161	-12.5534065199
162	-10.6714575764
