#Site	lnL	
0	-1.24519541706
1	-1.41906273627
2	-9.18247333936
3	-1.57469699727
4	-1.41906273627
5	-6.68152933715
6	-1.56408113953
7	-1.2387922539
8	-9.15828227005
9	-1.57469699727
10	-1.2387922539
11	-9.67193172585
12	-1.56408113953
13	-1.55678062015
14	-8.2531771965
15	-1.57469699727
16	-1.55678062015
17	-2.20222239172
18	-1.4255167168
19	-1.56609469981
20	-2.39923910206
21	-1.56408113953
22	-1.55678062015
23	-2.20222239172
24	-1.57469699727
25	-1.56609469981
26	-2.670931037
27	-1.24519541706
28	-1.56609469981
29	-7.6034541009
30	-1.4255167168
31	-1.56609469981
32	-7.28638717811
33	-1.4255167168
34	-1.2387922539
35	-2.20222239172
36	-1.57469699727
37	-1.2387922539
38	-7.6149903599
39	-1.56408113953
40	-1.41906273627
41	-11.4815148454
42	-1.4255167168
43	-1.55678062015
44	-4.20789568305
45	-1.24519541706
46	-1.41906273627
47	-5.00280025376
48	-1.56408113953
49	-1.2387922539
50	-2.39923910206
51	-1.4255167168
52	-1.56609469981
53	-6.43168230006
54	-1.4255167168
55	-1.41906273627
56	-2.39923910206
57	-12.3625385751
58	-1.41906273627
59	-2.39923910206
60	-1.4255167168
61	-1.2387922539
62	-2.39923910206
63	-1.56408113953
64	-1.2387922539
65	-2.39923910206
66	-1.57469699727
67	-1.41906273627
68	-4.33654079787
69	-1.56408113953
70	-1.41906273627
71	-8.41194991357
72	-1.4255167168
73	-1.56609469981
74	-6.11137176356
75	-1.24519541706
76	-1.41906273627
77	-14.5630390764
78	-1.56408113953
79	-1.2387922539
80	-8.25360992217
81	-1.56408113953
82	-1.2387922539
83	-7.13465793569
84	-10.311453208
85	-1.56609469981
86	-5.33078444247
87	-1.24519541706
88	-1.2387922539
89	-15.5606445889
90	-6.08985895915
91	-1.41906273627
92	-2.87730294971
93	-1.4255167168
94	-1.55678062015
95	-10.8073675968
96	-1.24519541706
97	-1.55678062015
98	-5.95804540649
99	-1.56408113953
100	-1.55678062015
101	-4.20789568305
102	-1.56408113953
103	-1.56609469981
104	-6.26919736735
105	-1.56408113953
106	-1.41906273627
107	-5.83293879215
108	-1.24519541706
109	-1.55678062015
110	-17.9701291787
111	-1.56408113953
112	-1.56609469981
113	-8.23073878686
114	-1.4255167168
115	-1.41906273627
116	-9.18895495803
117	-1.56408113953
118	-1.56609469981
119	-8.4689763277
120	-1.24519541706
121	-1.2387922539
122	-2.20222239172
123	-1.4255167168
124	-1.56609469981
125	-5.00280025376
126	-1.56408113953
127	-1.55678062015
128	-6.54288869605
129	-1.4255167168
130	-1.55678062015
131	-6.05429650354
132	-1.57469699727
133	-1.2387922539
134	-9.33911330481
135	-1.56408113953
136	-7.03526169658
137	-4.02616378728
138	-1.4255167168
139	-1.2387922539
140	-12.7194287776
141	-1.24519541706
142	-1.2387922539
143	-7.97875513356
144	-1.4255167168
145	-1.55678062015
146	-5.09083195351
147	-1.24519541706
148	-1.56609469981
149	-8.98610014947
150	-1.56408113953
151	-1.41906273627
152	-7.96425188627
153	-1.24519541706
154	-1.2387922539
155	-2.20222239172
156	-1.57469699727
157	-1.56609469981
158	-5.11757607302
159	-1.24519541706
160	-1.41906273627
161	-8.52243669677
162	-1.24519541706
163	-1.2387922539
164	-5.09083195351
165	-1.57469699727
166	-1.41906273627
167	-6.0311803933
168	-1.56408113953
169	-1.55678062015
170	-6.43168230006
171	-1.4255167168
172	-9.08565895822
173	-5.65853608189
174	-1.24519541706
175	-7.71560347708
176	-4.33654079787
177	-1.57469699727
178	-1.41906273627
179	-9.6836810084
180	-1.24519541706
181	-1.56609469981
182	-5.69975483249
183	-1.4255167168
184	-1.41906273627
185	-5.11757607302
186	-1.24519541706
187	-1.41906273627
188	-5.01911454392
189	-1.56408113953
190	-1.41906273627
191	-9.46857318706
192	-1.4255167168
193	-1.41906273627
194	-5.52393881108
195	-1.57469699727
196	-1.2387922539
197	-2.670931037
198	-1.57469699727
199	-1.2387922539
200	-2.20222239172
201	-1.56408113953
202	-1.41906273627
203	-7.14758329844
204	-1.4255167168
205	-1.56609469981
206	-8.88874632336
207	-1.56408113953
208	-1.56609469981
209	-2.670931037
210	-1.57469699727
211	-1.55678062015
212	-8.23954831229
213	-1.24519541706
214	-1.2387922539
215	-7.6369796908
216	-1.4255167168
217	-1.55678062015
218	-8.08880576238
219	-1.57469699727
220	-1.55678062015
221	-9.65503547578
222	-1.24519541706
223	-1.41906273627
224	-5.52393881108
225	-1.24519541706
226	-1.55678062015
227	-8.64294031085
228	-1.24519541706
229	-1.41906273627
230	-6.43168230006
231	-1.4255167168
232	-1.41906273627
233	-5.11757607302
234	-1.24519541706
235	-1.2387922539
236	-2.39923910206
237	-1.57469699727
238	-1.2387922539
239	-5.95804540649
240	-1.4255167168
241	-6.92177681001
242	-5.75597547007
243	-1.4255167168
244	-1.41906273627
245	-5.01911454392
246	-1.57469699727
247	-1.41906273627
248	-5.00280025376
249	-1.57469699727
250	-6.22992464496
251	-5.00280025376
252	-1.24519541706
253	-1.41906273627
254	-5.68023968342
255	-1.24519541706
256	-1.2387922539
257	-2.670931037
258	-1.24519541706
259	-1.56609469981
260	-4.89311637694
261	-1.4255167168
262	-1.2387922539
263	-2.39923910206
264	-1.4255167168
265	-1.55678062015
266	-2.39923910206
267	-1.24519541706
268	-1.2387922539
269	-6.5812348439
270	-1.56408113953
271	-1.41906273627
272	-4.32744354601
273	-1.4255167168
274	-1.2387922539
275	-2.39923910206
276	-1.4255167168
277	-1.55678062015
278	-9.01879782932
279	-1.56408113953
280	-1.2387922539
281	-2.20222239172
282	-1.56408113953
283	-1.55678062015
284	-7.98980882737
285	-1.24519541706
286	-1.41906273627
287	-11.8097086255
288	-1.57469699727
289	-1.2387922539
290	-11.9503622983
291	-8.82868007235
292	-1.41906273627
293	-8.56314111194
294	-1.56408113953
295	-1.41906273627
296	-13.3936376191
297	-1.24519541706
298	-1.2387922539
299	-4.89311637694
300	-1.24519541706
301	-1.55678062015
302	-5.99381915464
303	-1.24519541706
304	-1.41906273627
305	-16.5666891975
306	-1.24519541706
307	-1.2387922539
308	-5.04139358961
309	-1.4255167168
310	-1.2387922539
311	-12.3817249549
312	-1.57469699727
313	-1.2387922539
314	-8.68959771815
315	-1.24519541706
316	-1.56609469981
317	-5.65853608189
318	-1.4255167168
319	-1.41906273627
320	-2.39923910206
321	-1.4255167168
322	-1.2387922539
323	-10.2999219852
324	-1.57469699727
325	-1.55678062015
326	-4.86748393019
327	-1.4255167168
328	-1.55678062015
329	-10.191189053
330	-1.56408113953
331	-1.56609469981
332	-6.05429650354
333	-1.24519541706
334	-1.56609469981
335	-4.02616378728
336	-1.24519541706
337	-1.2387922539
338	-7.78056906008
339	-1.24519541706
340	-1.56609469981
341	-4.33654079787
342	-1.4255167168
343	-1.41906273627
344	-2.20222239172
345	-1.57469699727
346	-1.55678062015
347	-13.3483339333
348	-1.57469699727
349	-1.56609469981
350	-2.87730294971
351	-12.5839754445
352	-1.55678062015
353	-2.20222239172
354	-1.4255167168
355	-1.55678062015
356	-11.8582049967
357	-1.57469699727
358	-1.55678062015
359	-17.8803378555
360	-1.57469699727
361	-1.2387922539
362	-7.64931546665
363	-6.97472268719
364	-6.40132594074
365	-6.20819617007
366	-1.56408113953
367	-1.2387922539
368	-6.16765472965
369	-1.24519541706
370	-1.55678062015
371	-9.38864802441
372	-1.56408113953
373	-1.55678062015
374	-4.32744354601
375	-1.24519541706
376	-1.55678062015
377	-5.89461527172
378	-1.24519541706
379	-1.56609469981
380	-7.13246130141
381	-1.56408113953
382	-1.41906273627
383	-13.3382962938
384	-1.57469699727
385	-1.41906273627
386	-10.2133402656
387	-1.56408113953
388	-1.41906273627
389	-10.2850989149
390	-1.4255167168
391	-1.56609469981
392	-2.87730294971
393	-1.24519541706
394	-1.41906273627
395	-2.670931037
396	-1.4255167168
397	-1.56609469981
398	-4.20789568305
399	-7.7935372931
400	-1.55678062015
401	-2.670931037
402	-1.56408113953
403	-1.2387922539
404	-7.74458154468
405	-1.57469699727
406	-1.41906273627
407	-17.0729142437
408	-1.56408113953
409	-1.2387922539
410	-8.25360992217
411	-1.24519541706
412	-7.87780397167
413	-2.39923910206
414	-1.24519541706
415	-1.56609469981
416	-5.52249957517
417	-1.56408113953
418	-1.41906273627
419	-5.89461527172
420	-1.24519541706
421	-1.55678062015
422	-6.09922321265
423	-1.4255167168
424	-1.41906273627
425	-6.99916931668
426	-1.57469699727
427	-1.2387922539
428	-6.09922321265
429	-1.57469699727
430	-1.41906273627
431	-2.39923910206
432	-1.57469699727
433	-1.2387922539
434	-9.97822571199
435	-1.24519541706
436	-7.04363781134
437	-2.20222239172
438	-1.57469699727
439	-1.55678062015
440	-8.87473953782
441	-1.56408113953
442	-1.56609469981
443	-2.20222239172
444	-1.57469699727
445	-1.2387922539
446	-5.01911454392
447	-1.24519541706
448	-1.2387922539
449	-10.9648022915
450	-1.24519541706
451	-1.2387922539
452	-9.24654238907
453	-1.24519541706
454	-1.41906273627
455	-7.68282260521
456	-1.4255167168
457	-1.55678062015
458	-7.7993810464
459	-1.57469699727
460	-1.41906273627
461	-7.13834234912
462	-1.56408113953
463	-1.41906273627
464	-4.02616378728
465	-1.4255167168
466	-1.56609469981
467	-2.20222239172
468	-6.98125456479
469	-1.55678062015
470	-2.20222239172
471	-6.97472268719
472	-1.2387922539
473	-2.87730294971
474	-1.24519541706
475	-1.41906273627
476	-2.20222239172
477	-1.57469699727
478	-1.56609469981
479	-5.9511788941
480	-1.24519541706
481	-1.41906273627
482	-9.05121961059
483	-1.24519541706
484	-1.41906273627
485	-2.670931037
486	-1.24519541706
487	-1.41906273627
488	-9.01907450185
