#Site	lnL	
0	-4.88525923127
1	-4.55091391967
2	-8.3514239075
3	-4.88525923127
4	-4.52400137382
5	-16.9272701692
6	-4.60346135024
7	-4.55091391967
8	-8.4154962747
9	-4.88525923127
10	-12.1264428596
11	-11.423040626
12	-4.88525923127
13	-5.09014965192
14	-8.12916615022
15	-4.88525923127
16	-4.52400137382
17	-6.79029128336
18	-4.65407903175
19	-5.09014965192
20	-7.45049667783
21	-4.60346135024
22	-5.09014965192
23	-10.770585007
24	-5.214726609
25	-4.52400137382
26	-8.4154962747
27	-4.88525923127
28	-5.09014965192
29	-13.7447505627
30	-4.60346135024
31	-13.7278851374
32	-7.45049667783
33	-5.214726609
34	-4.55091391967
35	-14.1648152031
36	-4.88525923127
37	-4.52400137382
38	-9.36340049186
39	-8.51999702396
40	-4.76271050283
41	-15.4188805044
42	-4.60346135024
43	-5.09014965192
44	-7.45049667783
45	-4.88525923127
46	-4.52400137382
47	-13.9059883017
48	-4.65407903175
49	-4.76271050283
50	-15.0985454882
51	-8.75940132417
52	-4.52400137382
53	-15.0837903505
54	-4.60346135024
55	-4.76271050283
56	-10.5806397031
57	-4.60346135024
58	-13.3853317449
59	-10.9537503097
60	-4.65407903175
61	-4.55091391967
62	-14.2037374025
63	-4.60346135024
64	-4.52400137382
65	-9.91255611651
66	-5.214726609
67	-14.227077584
68	-11.6123939848
69	-4.60346135024
70	-4.52400137382
71	-14.0413497645
72	-9.09007193821
73	-4.52400137382
74	-11.2500193653
75	-5.214726609
76	-14.2205787001
77	-7.45049667783
78	-4.88525923127
79	-4.52400137382
80	-8.31053314119
81	-4.88525923127
82	-4.55091391967
83	-7.45049667783
84	-4.60346135024
85	-5.09014965192
86	-15.8214961063
87	-4.65407903175
88	-4.76271050283
89	-10.4103771825
90	-4.88525923127
91	-4.55091391967
92	-8.59456133562
93	-5.214726609
94	-9.37023949159
95	-10.1014913584
96	-5.214726609
97	-4.55091391967
98	-9.10948498281
99	-5.214726609
100	-4.52400137382
101	-9.51275763163
102	-12.2601864454
103	-4.76271050283
104	-13.1824620461
105	-4.88525923127
106	-4.55091391967
107	-12.816966432
108	-5.214726609
109	-4.55091391967
110	-6.79029128336
111	-4.65407903175
112	-4.52400137382
113	-8.28396521975
114	-9.42042875758
115	-4.52400137382
116	-15.5352083369
117	-4.88525923127
118	-4.76271050283
119	-13.8455711001
120	-4.88525923127
121	-5.09014965192
122	-11.0945517806
123	-4.65407903175
124	-4.52400137382
125	-9.51275763163
126	-4.60346135024
127	-4.55091391967
128	-12.8156360255
129	-4.65407903175
130	-13.407421183
131	-7.45049667783
132	-4.60346135024
133	-4.55091391967
134	-8.59456133562
135	-4.88525923127
136	-4.52400137382
137	-12.5277377827
138	-4.60346135024
139	-4.55091391967
140	-8.8153461734
141	-4.65407903175
142	-4.55091391967
143	-9.78903988223
144	-4.88525923127
145	-4.52400137382
146	-8.59456133562
147	-4.60346135024
148	-4.55091391967
149	-11.4929334388
150	-4.60346135024
151	-5.09014965192
152	-15.1268852515
153	-4.88525923127
154	-4.52400137382
155	-7.45049667783
156	-4.65407903175
157	-4.76271050283
158	-13.7466966088
159	-9.42042875758
160	-4.52400137382
161	-10.3909086012
162	-4.65407903175
163	-4.52400137382
164	-10.8511352433
165	-5.214726609
166	-4.55091391967
167	-18.3764608921
168	-4.88525923127
169	-5.09014965192
170	-8.28396521975
171	-4.88525923127
172	-4.55091391967
173	-12.620365752
174	-4.65407903175
175	-4.76271050283
176	-8.3514239075
177	-5.214726609
178	-4.76271050283
179	-13.0008330929
180	-4.65407903175
181	-4.52400137382
182	-11.5458993036
183	-4.60346135024
184	-13.6930937331
185	-6.79029128336
186	-4.60346135024
187	-4.52400137382
188	-9.36340049186
189	-4.60346135024
190	-4.52400137382
191	-15.7878426349
192	-8.75940132417
193	-4.52400137382
194	-7.45049667783
195	-4.65407903175
196	-4.55091391967
197	-8.28396521975
198	-4.60346135024
199	-4.76271050283
200	-8.59456133562
201	-4.60346135024
202	-4.52400137382
203	-8.28396521975
204	-10.9384766229
205	-4.55091391967
206	-10.7883356108
207	-4.65407903175
208	-4.52400137382
209	-12.4516588951
210	-4.88525923127
211	-5.09014965192
212	-16.7004245216
213	-10.8148279219
214	-4.55091391967
215	-10.7009078669
216	-4.60346135024
217	-4.55091391967
218	-9.36340049186
219	-10.787449389
220	-4.76271050283
221	-10.1698755176
222	-10.3958353516
223	-4.55091391967
224	-8.28396521975
225	-4.65407903175
226	-4.52400137382
227	-13.905106532
228	-4.88525923127
229	-4.52400137382
230	-10.5308389486
231	-8.81305267564
232	-4.55091391967
233	-11.7400584706
234	-4.60346135024
235	-13.5876593582
236	-10.7239845103
237	-10.541793528
238	-4.76271050283
239	-13.3030972943
240	-4.88525923127
241	-4.55091391967
242	-9.74471459011
243	-19.710366198
244	-5.09014965192
245	-6.79029128336
246	-4.60346135024
247	-4.52400137382
248	-7.45049667783
249	-4.88525923127
250	-5.09014965192
251	-9.0009973834
252	-4.65407903175
253	-4.52400137382
254	-6.79029128336
255	-4.60346135024
256	-4.55091391967
257	-8.28396521975
258	-16.986557546
259	-4.76271050283
260	-11.813600868
261	-10.9808049251
262	-4.55091391967
263	-10.4414900221
264	-4.88525923127
265	-4.52400137382
266	-11.8309939659
267	-5.214726609
268	-4.52400137382
269	-6.79029128336
270	-4.88525923127
271	-4.52400137382
272	-22.0999192059
273	-4.65407903175
274	-4.55091391967
275	-18.6639091389
276	-10.7663880356
277	-5.09014965192
278	-12.5277377827
279	-4.88525923127
280	-4.76271050283
281	-8.28396521975
282	-4.60346135024
283	-4.52400137382
284	-9.20240949961
285	-4.60346135024
286	-4.76271050283
287	-8.28396521975
288	-5.214726609
289	-4.76271050283
290	-6.79029128336
291	-4.88525923127
292	-4.52400137382
293	-11.0945517806
294	-4.60346135024
295	-4.55091391967
296	-12.4516588951
297	-4.88525923127
298	-9.03152205012
299	-11.5042949916
300	-5.214726609
301	-5.09014965192
302	-11.8309939659
303	-4.60346135024
304	-4.52400137382
305	-7.45049667783
306	-4.65407903175
307	-4.55091391967
308	-9.79508013028
309	-8.85457131754
310	-4.76271050283
311	-8.28396521975
312	-15.233848142
313	-4.55091391967
314	-9.20240949961
315	-4.88525923127
316	-26.8768315666
317	-15.1009241597
318	-4.60346135024
319	-4.55091391967
320	-6.79029128336
321	-4.60346135024
322	-4.55091391967
323	-9.20240949961
324	-11.0485980296
325	-11.8192940075
326	-15.6760045173
327	-11.0697010499
328	-4.76271050283
329	-15.1031029343
330	-4.65407903175
331	-4.76271050283
332	-11.1692089896
333	-4.60346135024
334	-5.09014965192
335	-10.770585007
336	-4.65407903175
337	-4.76271050283
338	-8.59456133562
339	-4.65407903175
340	-4.52400137382
341	-8.8153461734
342	-4.65407903175
343	-4.76271050283
344	-6.79029128336
345	-4.65407903175
346	-5.09014965192
347	-6.79029128336
348	-4.65407903175
349	-4.52400137382
350	-25.0284284045
351	-4.88525923127
352	-4.76271050283
353	-6.79029128336
354	-5.214726609
355	-5.09014965192
356	-12.0167048344
357	-4.60346135024
358	-4.55091391967
359	-9.95075169454
360	-4.60346135024
361	-4.55091391967
362	-12.5217953505
363	-5.214726609
364	-4.76271050283
365	-10.2122977573
366	-5.214726609
367	-4.55091391967
368	-6.79029128336
369	-4.60346135024
370	-4.55091391967
371	-9.75386488726
372	-4.65407903175
373	-4.55091391967
374	-9.75386488726
375	-4.88525923127
376	-4.55091391967
377	-6.79029128336
378	-8.83334987452
379	-9.01109859838
380	-10.1483474497
381	-13.2570600356
382	-5.09014965192
383	-11.9985956983
384	-5.214726609
385	-4.55091391967
386	-10.8640644193
387	-4.88525923127
388	-14.7715879078
389	-9.55019288937
390	-4.88525923127
391	-4.52400137382
392	-11.052632644
393	-4.60346135024
394	-4.55091391967
395	-15.7137428305
396	-5.214726609
397	-4.52400137382
398	-9.23416105371
399	-5.214726609
400	-5.09014965192
401	-11.9840675185
402	-4.65407903175
403	-5.09014965192
404	-14.8601466843
405	-18.1434999646
406	-4.55091391967
407	-8.59456133562
408	-4.60346135024
409	-4.52400137382
410	-10.4414900221
411	-4.60346135024
412	-4.76271050283
413	-9.63086302174
414	-4.88525923127
415	-4.55091391967
416	-11.052632644
417	-5.214726609
418	-4.55091391967
419	-8.8153461734
420	-4.65407903175
421	-5.09014965192
422	-8.31053314119
423	-4.88525923127
424	-4.55091391967
425	-6.79029128336
426	-4.60346135024
427	-14.1899459967
428	-13.9465935445
429	-4.60346135024
430	-4.55091391967
431	-12.7589540466
432	-4.65407903175
433	-5.09014965192
434	-10.0508690716
435	-5.214726609
436	-4.76271050283
437	-8.28396521975
438	-10.4367879712
439	-9.08147040745
440	-8.28396521975
441	-4.65407903175
442	-5.09014965192
443	-11.2387087158
444	-18.6978571821
445	-4.52400137382
446	-8.4154962747
447	-9.09007193821
448	-4.76271050283
449	-9.20240949961
450	-5.214726609
451	-4.76271050283
452	-9.75386488726
453	-4.65407903175
454	-4.76271050283
455	-14.9539455713
456	-8.81305267564
457	-5.09014965192
458	-6.79029128336
459	-4.65407903175
460	-4.55091391967
461	-11.4529460138
462	-8.51999702396
463	-4.52400137382
464	-6.79029128336
465	-4.65407903175
466	-4.55091391967
467	-8.28396521975
468	-4.65407903175
469	-11.7670018231
470	-12.3702048321
471	-4.88525923127
472	-4.55091391967
473	-10.4155769129
474	-4.88525923127
475	-5.09014965192
476	-10.7933456525
477	-4.88525923127
478	-4.76271050283
479	-12.3869117351
480	-4.60346135024
481	-4.52400137382
482	-11.5558769683
483	-10.7663880356
484	-4.76271050283
485	-11.0527674128
486	-10.4367879712
487	-5.09014965192
488	-15.5428747132
