-8.368808630540940374e-01
-4.682628729299916359e-01
-8.254503846851426463e-01
2.668294183663772134e+00
-1.036349039858462495e+00
2.508695714957814626e+00
1.488063973929677264e+00
-4.604085816428990507e-02
-3.998926515940044446e+00
-5.710853514981865331e+00
-3.979127953224423031e+00
-4.762614539975289496e+00
-6.823263355089739690e+00
-5.551576243421970425e+00
-5.880530377751626681e+00
-5.400427381810264826e+00
-7.442498825601768786e+00
-5.739744688611764900e+00
-5.420279989673371546e+00
-6.177226743479784510e+00
