# log_p 	 lnL 	 
0.0	-1730.28981571	
-0.287682072452	-1730.28476601	
-0.510825623766	-1730.2781994	
-0.69314718056	-1730.27062678	
-0.847297860387	-1730.26235705	
-0.980829253012	-1730.25357099	
-1.09861228867	-1730.24436375	
-1.20397280433	-1730.23477752	
-1.29928298413	-1730.22482928	
-1.38629436112	-1730.21453091	
-1.46633706879	-1730.20390096	
-1.54044504095	-1730.19296946	
-1.60943791243	-1730.18177816	
-1.67397643357	-1730.17037818	
-1.73460105539	-1730.15882667	
-1.79175946923	-1730.14718343	
-1.8458266905	-1730.13550788	
-1.89711998489	-1730.12385675	
-1.94591014906	-1730.11228234	
-1.99243016469	-1730.10083144	
-2.03688192726	-1730.08954475	
-2.07944154168	-1730.07845664	
-2.1202635362	-1730.06759527	
-2.15948424935	-1730.05698284	
-2.19722457734	-1730.04663606	
-2.23359222151	-1730.03656661	
-2.26868354132	-1730.02678169	
-2.30258509299	-1730.01728461	
-2.33537491582	-1730.00807528	
-2.36712361413	-1729.99915075	
-2.3978952728	-1729.99050567	
-2.42774823595	-1729.98213276	
-2.45673577282	-1729.97402317	
-2.48490664979	-1729.96616683	
-2.51230562398	-1729.95855282	
-2.53897387106	-1729.95116955	
-2.56494935746	-1729.94400507	
-2.59026716545	-1729.93704721	
-2.61495977804	-1729.93028379	
-2.63905732962	-1729.92370273	
-2.66258782703	-1729.91729218	
-2.68557734525	-1729.91104059	
-2.7080502011	-1729.90493681	
-2.73002910782	-1729.89897012	
-2.75153531304	-1729.89313027	
-2.77258872224	-1729.88740752	
-2.79320800944	-1729.88179263	
-2.81341071676	-1729.87627691	
-2.83321334406	-1729.87085218	
-2.85263142991	-1729.86551078	
-2.87167962488	-1729.86024555	
-2.8903717579	-1729.85504982	
-2.90872089656	-1729.84991742	
-2.92673940207	-1729.84484259	
-2.94443897917	-1729.83982005	
-2.96183072188	-1729.83484489	
-2.97892515524	-1729.82991262	
-2.99573227355	-1729.82501909	
-3.01226157551	-1729.82016051	
-3.02852209638	-1729.81533342	
-3.04452243772	-1729.81053464	
-3.06027079469	-1729.80576129	
-3.07577498123	-1729.80101075	
-3.09104245336	-1729.79628063	
-3.10608033072	-1729.79156878	
-3.12089541651	-1729.78687327	
-3.13549421593	-1729.78219235	
-3.14988295338	-1729.77752444	
-3.16406758837	-1729.77286817	
-3.17805383035	-1729.76822228	
-3.19184715248	-1729.76358569	
-3.20545280454	-1729.75895744	
-3.21887582487	-1729.75433668	
-3.23212105162	-1729.7497227	
-3.24519313319	-1729.74511488	
-3.25809653802	-1729.74051272	
-3.2708355638	-1729.73591578	
-3.28341434601	-1729.73132372	
-3.295836866	-1729.7267363	
-3.3081069586	-1729.72215332	
-3.32022831913	-1729.71757467	
-3.33220451018	-1729.71300029	
-3.34403896782	-1729.70843018	
-3.35573500759	-1729.70386441	
-3.36729582999	-1729.69930308	
-3.37872452581	-1729.69474634	
-3.39002408106	-1729.69019439	
-3.40119738166	-1729.68564746	
-3.41224721785	-1729.68110584	
-3.42317628838	-1729.67656981	
-3.43398720449	-1729.67203973	
-3.4446824936	-1729.66751595	
-3.45526460293	-1729.66299885	
-3.4657359028	-1729.65848886	
-3.47609868984	-1729.65398641	
-3.48635519	-1729.64949194	
-3.49650756147	-1729.64500592	
-3.50655789732	-1729.64052884	
-3.51650822817	-1729.63606118	
-3.52636052462	-1729.63160346	
-3.53611669956	-1729.62715619	
-3.54577861047	-1729.6227199	
-3.55534806149	-1729.6182951	
-3.56482680544	-1729.61388233	
-3.57421654579	-1729.60948214	
-3.58351893846	-1729.60509506	
-3.59273559356	-1729.60072163	
-3.60186807712	-1729.59636239	
-3.61091791264	-1729.59201787	
-3.61988658263	-1729.58768862	
-3.62877553004	-1729.58337517	
-3.63758615973	-1729.57907805	
-3.6463198397	-1729.57479778	
-3.65497790244	-1729.57053487	
-3.66356164613	-1729.56628985	
-3.6720723358	-1729.5620632	
-3.68051120444	-1729.55785544	
-3.68887945411	-1729.55366705	
-3.69717825693	-1729.5494985	
-3.70540875607	-1729.54535027	
-3.7135720667	-1729.54122281	
-3.72166927694	-1729.53711658	
-3.72970144863	-1729.53303201	
-3.73766961828	-1729.52896953	
-3.74557479779	-1729.52492956	
-3.75341797525	-1729.5209125	
-3.76120011569	-1729.51691874	
-3.76892216179	-1729.51294867	
-3.77658503453	-1729.50900265	
-3.78418963392	-1729.50508104	
-3.79173683955	-1729.50118418	
-3.79922751128	-1729.49731241	
-3.80666248977	-1729.49346605	
-3.81404259707	-1729.48964539	
-3.82136863716	-1729.48585074	
-3.82864139649	-1729.48208238	
-3.83586164446	-1729.47834058	
-3.84303013394	-1729.47462559	
-3.85014760171	-1729.47093765	
-3.85721476893	-1729.46727701	
-3.86423234159	-1729.46364388	
-3.87120101091	-1729.46003847	
-3.87812145375	-1729.45646098	
-3.88499433304	-1729.45291159	
-3.89182029811	-1729.44939048	
-3.8985999851	-1729.4458978	
-3.90533401728	-1729.44243371	
-3.91202300543	-1729.43899835	
-3.91866754815	-1729.43559185	
-3.92526823218	-1729.43221432	
-3.93182563272	-1729.42886588	
-3.93834031375	-1729.42554662	
-3.94481282825	-1729.42225663	
-3.95124371858	-1729.41899598	
-3.95763351668	-1729.41576476	
-3.96398274436	-1729.412563	
-3.97029191355	-1729.40939078	
-3.97656152657	-1729.40624812	
-3.98279207632	-1729.40313506	
-3.98898404656	-1729.40005162	
-3.99513791214	-1729.39699782	
-4.00125413916	-1729.39397367	
-4.00733318523	-1729.39097916	
-4.01337549969	-1729.38801429	
-4.01938152375	-1729.38507904	
-4.02535169074	-1729.38217339	
-4.03128642625	-1729.37929731	
-4.03718614838	-1729.37645077	
-4.04305126783	-1729.37363372	
-4.04888218815	-1729.37084612	
-4.05467930583	-1729.3680879	
-4.06044301055	-1729.36535901	
-4.06617368526	-1729.36265938	
-4.07187170637	-1729.35998895	
-4.07753744391	-1729.35734762	
-4.08317126162	-1729.35473532	
-4.08877351717	-1729.35215197	
-4.09434456222	-1729.34959747	
-4.0998847426	-1729.34707172	
-4.10539439841	-1729.34457463	
-4.11087386417	-1729.34210608	
-4.11632346894	-1729.33966597	
-4.12174353641	-1729.33725419	
-4.12713438505	-1729.33487062	
-4.13249632819	-1729.33251514	
-4.13782967416	-1729.33018762	
-4.14313472639	-1729.32788794	
-4.14841178349	-1729.32561597	
-4.15366113938	-1729.32337157	
-4.15888308336	-1729.32115462	
-4.16407790024	-1729.31896496	
-4.1692458704	-1729.31680247	
-4.1743872699	-1729.31466699	
-4.17950237056	-1729.31255839	
-4.18459144007	-1729.3104765	
-4.18965474203	-1729.3084212	
-4.19469253606	-1729.30639231	
-4.19970507788	-1729.30438969	
-4.20469261939	-1729.30241319	
-4.20965540873	-1729.30046265	
-4.21459369037	-1729.2985379	
-4.21950770518	-1729.29663879	
-4.22439769047	-1729.29476516	
-4.22926388012	-1729.29291685	
-4.2341065046	-1729.29109369	
-4.23892579103	-1729.28929552	
-4.2437219633	-1729.28752217	
-4.24849524205	-1729.28577348	
-4.25324584481	-1729.28404928	
-4.257973986	-1729.28234941	
-4.26267987704	-1729.28067369	
-4.26736372635	-1729.27902196	
-4.27202573946	-1729.27739404	
-4.27666611902	-1729.27578978	
-4.28128506487	-1729.27420899	
-4.28588277412	-1729.27265151	
-4.29045944115	-1729.27111717	
-4.29501525768	-1729.2696058	
-4.29955041285	-1729.26811723	
-4.3040650932	-1729.26665128	
-4.30855948279	-1729.26520779	
-4.31303376319	-1729.26378659	
-4.31748811354	-1729.2623875	
-4.3219227106	-1729.26101036	
-4.32633772881	-1729.25965499	
-4.33073334029	-1729.25832123	
-4.33510971489	-1729.25700891	
-4.33946702026	-1729.25571785	
-4.34380542185	-1729.25444789	
-4.348125083	-1729.25319887	
-4.3524261649	-1729.2519706	
-4.35670882669	-1729.25076293	
-4.36097322548	-1729.24957569	
-4.36521951636	-1729.24840871	
-4.36944785247	-1729.24726182	
-4.373658385	-1729.24613486	
-4.37785126326	-1729.24502767	
-4.38202663467	-1729.24394008	
-4.38618464482	-1729.24287193	
-4.39032543749	-1729.24182305	
-4.39444915467	-1729.24079329	
-4.39855593663	-1729.23978247	
-4.40264592188	-1729.23879045	
-4.40671924726	-1729.23781706	
-4.41077604796	-1729.23686214	
-4.4148164575	-1729.23592554	
-4.4188406078	-1729.23500709	
-4.42284862919	-1729.23410664	
-4.42684065046	-1729.23322404	
-4.43081679884	-1729.23235913	
-4.43477720006	-1729.23151175	
-4.43872197835	-1729.23068175	
-4.44265125649	-1729.22986898	
-4.44656515581	-1729.2290733	
-4.45046379623	-1729.22829454	
-4.45434729625	-1729.22753256	
-4.45821577303	-1729.2267872	
-4.46206934235	-1729.22605834	
-4.46590811865	-1729.2253458	
-4.46973221509	-1729.22464946	
-4.47354174351	-1729.22396916	
-4.47733681448	-1729.22330477	
-4.48111753732	-1729.22265613	
-4.48488402011	-1729.22202311	
-4.48863636973	-1729.22140556	
-4.49237469184	-1729.22080335	
-4.49609909093	-1729.22021634	
-4.49980967033	-1729.21964438	
-4.50350653221	-1729.21908735	
-4.50718977763	-1729.2185451	
-4.51085950652	-1729.2180175	
-4.51451581772	-1729.21750442	
-4.518158809	-1729.21700572	
-4.52178857705	-1729.21652127	
-4.52540521752	-1729.21605095	
-4.52900882502	-1729.21559461	
-4.53259949315	-1729.21515213	
-4.5361773145	-1729.21472339	
-4.53974238067	-1729.21430825	
-4.54329478227	-1729.21390659	
-4.54683460898	-1729.21351829	
-4.55036194949	-1729.21314322	
-4.5538768916	-1729.21278125	
-4.55737952215	-1729.21243226	
-4.56086992709	-1729.21209614	
-4.56434819147	-1729.21177277	
-4.56781439944	-1729.21146201	
-4.57126863431	-1729.21116377	
-4.5747109785	-1729.2108779	
-4.5781415136	-1729.21060431	
-4.58156032035	-1729.21034288	
-4.58496747867	-1729.21009349	
-4.58836306767	-1729.20985602	
-4.59174716566	-1729.20963037	
-4.59511985013	-1729.20941642	
-4.59848119784	-1729.20921407	
-4.60183128472	-1729.20902319	
-4.60517018599	-1729.20884369	
-4.60849797608	-1729.20867546	
-4.61181472871	-1729.20851838	
-4.61512051684	-1729.20837235	
-4.61841541274	-1729.20823727	
-4.62169948794	-1729.20811304	
-4.62497281328	-1729.20799954	
-4.62823545892	-1729.20789667	
-4.63148749431	-1729.20780434	
-4.63472898823	-1729.20772245	
-4.63796000881	-1729.20765088	
-4.64118062351	-1729.20758955	
-4.64439089914	-1729.20753836	
-4.64759090187	-1729.2074972	
-4.65078069724	-1729.20746598	
-4.65396035016	-1729.20744461	
-4.65712992492	-1729.20743299	
-4.66028948521	-1729.20743103	
-4.66343909411	-1729.20743863	
-4.66657881412	-1729.2074557	
-4.66970870713	-1729.20748215	
-4.67282883446	-1729.20751789	
-4.67593925688	-1729.20756282	
-4.67904003455	-1729.20761687	
-4.68213122712	-1729.20767993	
-4.68521289366	-1729.20775193	
-4.6882850927	-1729.20783277	
-4.69134788223	-1729.20792238	
-4.69440131972	-1729.20802065	
-4.6974454621	-1729.20812752	
-4.70048036579	-1729.20824289	
-4.70350608671	-1729.20836669	
-4.70652268025	-1729.20849882	
-4.70953020131	-1729.20863922	
-4.71252870431	-1729.20878779	
-4.71551824316	-1729.20894446	
-4.7184988713	-1729.20910915	
-4.72147064168	-1729.20928178	
-4.72443360681	-1729.20946227	
-4.72738781871	-1729.20965054	
-4.73033332894	-1729.20984652	
-4.73327018862	-1729.21005013	
-4.73619844839	-1729.2102613	
-4.7391181585	-1729.21047995	
-4.74202936871	-1729.21070601	
-4.74493212836	-1729.21093941	
-4.74782648639	-1729.21118006	
-4.75071249128	-1729.21142791	
-4.75359019111	-1729.21168287	
-4.75645963353	-1729.21194488	
-4.75932086582	-1729.21221388	
-4.7621739348	-1729.21248978	
-4.76501888693	-1729.21277252	
-4.76785576827	-1729.21306203	
-4.77068462447	-1729.21335825	
-4.77350550081	-1729.2136611	
-4.77631844218	-1729.21397053	
-4.77912349311	-1729.21428646	
-4.78192069773	-1729.21460883	
-4.78471009982	-1729.21493758	
-4.78749174278	-1729.21527265	
-4.79026566966	-1729.21561396	
-4.79303192316	-1729.21596146	
-4.7957905456	-1729.21631508	
-4.79854157897	-1729.21667477	
-4.80128506491	-1729.21704045	
-4.80402104473	-1729.21741208	
-4.80674955939	-1729.21778959	
-4.8094706495	-1729.21817293	
-4.81218435537	-1729.21856202	
-4.81489071697	-1729.21895682	
-4.81758977394	-1729.21935727	
-4.82028156561	-1729.21976331	
-4.82296613098	-1729.22017488	
-4.82564350875	-1729.22059193	
-4.8283137373	-1729.2210144	
-4.83097685472	-1729.22144223	
-4.83363289878	-1729.22187538	
-4.83628190695	-1729.22231378	
-4.83892391641	-1729.22275739	
-4.84155896405	-1729.22320615	
-4.84418708646	-1729.22366	
-4.84680831994	-1729.2241189	
-4.84942270051	-1729.2245828	
-4.85203026392	-1729.22505163	
-4.85463104562	-1729.22552536	
-4.8572250808	-1729.22600393	
-4.85981240436	-1729.22648729	
-4.86239305096	-1729.2269754	
-4.86496705495	-1729.22746819	
-4.86753445046	-1729.22796563	
-4.87009527132	-1729.22846767	
-4.87264955112	-1729.22897425	
-4.8751973232	-1729.22948534	
-4.87773862063	-1729.23000088	
-4.88027347623	-1729.23052083	
-4.88280192259	-1729.23104514	
-4.88532399202	-1729.23157377	
-4.88783971662	-1729.23210667	
-4.89034912822	-1729.23264379	
-4.89285225844	-1729.2331851	
-4.89534913864	-1729.23373055	
-4.89783979995	-1729.23428009	
-4.90032427328	-1729.23483368	
-4.90280258929	-1729.23539128	
-4.90527477844	-1729.23595285	
-4.90774087093	-1729.23651835	
-4.91020089677	-1729.23708772	
-4.91265488574	-1729.23766094	
-4.91510286737	-1729.23823796	
-4.91754487103	-1729.23881874	
-4.91998092583	-1729.23940324	
-4.92241106068	-1729.23999143	
-4.92483530429	-1729.24058325	
-4.92725368516	-1729.24117868	
-4.92966623156	-1729.24177767	
-4.93207297159	-1729.24238018	
-4.93447393313	-1729.24298618	
-4.93686914386	-1729.24359564	
-4.93925863125	-1729.2442085	
-4.94164242261	-1729.24482474	
-4.94402054501	-1729.24544432	
-4.94639302537	-1729.2460672	
-4.94875989038	-1729.24669335	
-4.95112116656	-1729.24732273	
-4.95347688026	-1729.24795531	
-4.9558270576	-1729.24859104	
-4.95817172456	-1729.24922991	
-4.96051090691	-1729.24987186	
-4.96284463026	-1729.25051687	
-4.96517292002	-1729.25116491	
-4.96749580144	-1729.25181593	
-4.96981329958	-1729.25246992	
-4.97212543933	-1729.25312682	
-4.97443224543	-1729.25378662	
-4.97673374242	-1729.25444928	
-4.97902995468	-1729.25511477	
-4.98132090643	-1729.25578305	
-4.98360662171	-1729.2564541	
-4.98588712441	-1729.25712788	
-4.98816243824	-1729.25780436	
-4.99043258678	-1729.25848351	
-4.99269759341	-1729.25916531	
-4.99495748138	-1729.25984971	
-4.99721227376	-1729.2605367	
-4.9994619935	-1729.26122624	
-5.00170666335	-1729.2619183	
-5.00394630595	-1729.26261286	
-5.00618094375	-1729.26330988	
-5.00841059907	-1729.26400934	
-5.0106352941	-1729.26471121	
-5.01285505083	-1729.26541546	
-5.01506989116	-1729.26612206	
-5.01727983681	-1729.26683099	
-5.01948490937	-1729.26754221	
-5.02168513028	-1729.26825571	
-5.02388052085	-1729.26897145	
-5.02607110223	-1729.2696894	
-5.02825689545	-1729.27040955	
-5.03043792139	-1729.27113187	
-5.03261420082	-1729.27185632	
-5.03478575433	-1729.27258289	
-5.03695260241	-1729.27331155	
-5.03911476542	-1729.27404227	
-5.04127226356	-1729.27477503	
-5.04342511692	-1729.27550981	
-5.04557334546	-1729.27624657	
-5.047716969	-1729.2769853	
-5.04985600725	-1729.27772598	
-5.05199047978	-1729.27846857	
-5.05412040604	-1729.27921305	
-5.05624580535	-1729.2799594	
-5.05836669692	-1729.2807076	
-5.06048309982	-1729.28145763	
-5.06259503303	-1729.28220946	
-5.06470251537	-1729.28296306	
-5.06680556556	-1729.28371843	
-5.06890420222	-1729.28447553	
-5.07099844382	-1729.28523434	
-5.07308830874	-1729.28599484	
-5.07517381523	-1729.28675701	
-5.07725498144	-1729.28752082	
-5.07933182538	-1729.28828627	
-5.08140436498	-1729.28905332	
-5.08347261805	-1729.28982195	
-5.08553660227	-1729.29059215	
-5.08759633523	-1729.29136389	
-5.08965183441	-1729.29213716	
-5.09170311719	-1729.29291192	
-5.09375020081	-1729.29368817	
-5.09579310244	-1729.29446589	
-5.09783183913	-1729.29524504	
-5.09986642782	-1729.29602562	
-5.10189688537	-1729.29680761	
-5.10392322852	-1729.29759098	
-5.1059454739	-1729.29837572	
-5.10796363806	-1729.29916181	
-5.10997773743	-1729.29994922	
-5.11198778836	-1729.30073795	
-5.11399380708	-1729.30152797	
-5.11599580975	-1729.30231926	
-5.11799381242	-1729.30311181	
-5.11998783102	-1729.3039056	
-5.12197788143	-1729.30470061	
-5.1239639794	-1729.30549683	
-5.12594614061	-1729.30629423	
-5.12792438062	-1729.3070928	
-5.12989871492	-1729.30789252	
-5.13186915891	-1729.30869338	
-5.13383572788	-1729.30949536	
-5.13579843705	-1729.31029844	
-5.13775730154	-1729.3111026	
-5.13971233637	-1729.31190783	
-5.1416635565	-1729.31271412	
-5.14361097679	-1729.31352144	
-5.145554612	-1729.31432979	
-5.14749447681	-1729.31513913	
-5.14943058584	-1729.31594947	
-5.15136295359	-1729.31676079	
-5.1532915945	-1729.31757306	
-5.15521652291	-1729.31838627	
-5.15713775309	-1729.31920042	
-5.15905529921	-1729.32001548	
-5.1609691754	-1729.32083143	
-5.16287939565	-1729.32164827	
-5.16478597392	-1729.32246599	
-5.16668892407	-1729.32328455	
-5.16858825987	-1729.32410396	
-5.17048399504	-1729.32492419	
-5.17237614319	-1729.32574524	
-5.17426471788	-1729.32656708	
-5.17614973257	-1729.32738971	
-5.17803120067	-1729.32821311	
-5.1799091355	-1729.32903727	
-5.18178355029	-1729.32986217	
-5.18365445823	-1729.33068781	
-5.1855218724	-1729.33151416	
-5.18738580584	-1729.33234122	
-5.18924627149	-1729.33316896	
-5.19110328224	-1729.33399739	
-5.19295685089	-1729.33482648	
-5.19480699018	-1729.33565622	
-5.19665371277	-1729.33648661	
-5.19849703127	-1729.33731762	
-5.20033695819	-1729.33814925	
-5.202173506	-1729.33898148	
-5.20400668708	-1729.33981431	
-5.20583651375	-1729.34064771	
-5.20766299828	-1729.34148168	
-5.20948615284	-1729.34231621	
-5.21130598956	-1729.34315128	
-5.21312252048	-1729.34398688	
-5.21493575761	-1729.34482301	
-5.21674571285	-1729.34565964	
-5.21855239808	-1729.34649677	
-5.22035582508	-1729.34733439	
-5.22215600558	-1729.34817249	
-5.22395295126	-1729.34901105	
-5.22574667371	-1729.34985006	
-5.22753718449	-1729.35068952	
-5.22932449506	-1729.35152941	
-5.23110861685	-1729.35236972	
-5.23288956123	-1729.35321044	
-5.23466733947	-1729.35405156	
-5.23644196283	-1729.35489307	
-5.23821344248	-1729.35573497	
-5.23998178954	-1729.35657723	
-5.24174701506	-1729.35741985	
-5.24350913005	-1729.35826282	
-5.24526814546	-1729.35910613	
-5.24702407216	-1729.35994978	
-5.24877692099	-1729.36079374	
-5.25052670271	-1729.36163801	
-5.25227342805	-1729.36248258	
-5.25401710765	-1729.36332745	
-5.25575775213	-1729.3641726	
-5.25749537203	-1729.36501802	
-5.25922997784	-1729.3658637	
-5.26096158	-1729.36670964	
-5.2626901889	-1729.36755582	
-5.26441581487	-1729.36840224	
-5.26613846818	-1729.36924888	
-5.26785815906	-1729.37009575	
-5.26957489768	-1729.37094282	
-5.27128869416	-1729.3717901	
-5.27299955856	-1729.37263756	
-5.27470750091	-1729.37348521	
-5.27641253116	-1729.37433304	
-5.27811465923	-1729.37518103	
-5.27981389498	-1729.37602918	
-5.28151024823	-1729.37687748	
-5.28320372874	-1729.37772592	
-5.28489434622	-1729.3785745	
-5.28658211033	-1729.3794232	
-5.28826703069	-1729.38027202	
-5.28994911688	-1729.38112095	
-5.2916283784	-1729.38196998	
-5.29330482472	-1729.38281911	
-5.29497846528	-1729.38366832	
-5.29664930945	-1729.38451761	
-5.29831736655	-1729.38536698	
-5.29998264587	-1729.3862164	
-5.30164515664	-1729.38706588	
-5.30330490806	-1729.38791542	
-5.30496190927	-1729.38876499	
-5.30661616936	-1729.3896146	
-5.3082676974	-1729.39046423	
-5.30991650239	-1729.39131389	
-5.3115625933	-1729.39216355	
-5.31320597904	-1729.39301323	
-5.3148466685	-1729.3938629	
-5.3164846705	-1729.39471257	
-5.31811999384	-1729.39556222	
-5.31975264727	-1729.39641185	
-5.32138263948	-1729.39726145	
-5.32300997914	-1729.39811101	
-5.32463467487	-1729.39896054	
-5.32625673524	-1729.39981001	
-5.32787616879	-1729.40065944	
-5.32949298402	-1729.4015088	
-5.33110718937	-1729.40235809	
-5.33271879327	-1729.40320732	
-5.33432780407	-1729.40405646	
-5.33593423012	-1729.40490551	
-5.3375380797	-1729.40575448	
-5.33913936107	-1729.40660334	
-5.34073808243	-1729.4074521	
-5.34233425196	-1729.40830076	
-5.3439278778	-1729.40914929	
-5.34551896803	-1729.40999771	
-5.34710753072	-1729.41084599	
-5.34869357387	-1729.41169414	
-5.35027710548	-1729.41254216	
-5.35185813348	-1729.41339003	
-5.35343666577	-1729.41423775	
-5.35501271022	-1729.41508531	
-5.35658627467	-1729.41593271	
-5.3581573669	-1729.41677994	
-5.35972599468	-1729.417627	
-5.36129216571	-1729.41847389	
-5.36285588769	-1729.41932059	
-5.36441716825	-1729.4201671	
-5.36597601502	-1729.42101342	
-5.36753243557	-1729.42185954	
-5.36908643744	-1729.42270545	
-5.37063802813	-1729.42355116	
-5.37218721511	-1729.42439665	
-5.37373400583	-1729.42524193	
-5.37527840768	-1729.42608698	
-5.37682042804	-1729.4269318	
-5.37836007422	-1729.42777638	
-5.37989735354	-1729.42862073	
-5.38143227326	-1729.42946484	
-5.38296484061	-1729.43030869	
-5.38449506279	-1729.4311523	
-5.38602294697	-1729.43199564	
-5.38754850028	-1729.43283873	
-5.38907172982	-1729.43368154	
-5.39059264266	-1729.43452409	
-5.39211124583	-1729.43536636	
-5.39362754635	-1729.43620835	
-5.39514155118	-1729.43705006	
-5.39665326727	-1729.43789147	
-5.39816270152	-1729.4387326	
-5.39966986081	-1729.43957342	
-5.40117475199	-1729.44041395	
-5.40267738187	-1729.44125416	
-5.40417775725	-1729.44209407	
-5.40567588487	-1729.44293367	
-5.40717177146	-1729.44377294	
-5.40866542372	-1729.44461189	
-5.4101568483	-1729.44545052	
-5.41164605186	-1729.44628882	
-5.41313304098	-1729.44712678	
-5.41461782224	-1729.4479644	
-5.4161004022	-1729.44880168	
-5.41758078737	-1729.44963861	
-5.41905898424	-1729.4504752	
-5.42053499927	-1729.45131143	
-5.42200883889	-1729.4521473	
-5.4234805095	-1729.45298282	
-5.42495001748	-1729.45381796	
-5.42641736918	-1729.45465274	
-5.4278825709	-1729.45548715	
-5.42934562895	-1729.45632118	
-5.43080654959	-1729.45715484	
-5.43226533906	-1729.45798811	
-5.43372200355	-1729.45882099	
-5.43517654927	-1729.45965349	
-5.43662898235	-1729.46048559	
-5.43807930892	-1729.46131729	
-5.4395275351	-1729.4621486	
-5.44097366695	-1729.4629795	
-5.44241771052	-1729.46381	
-5.44385967184	-1729.46464009	
-5.4452995569	-1729.46546976	
-5.44673737167	-1729.46629902	
-5.44817312209	-1729.46712786	
-5.44960681409	-1729.46795628	
-5.45103845357	-1729.46878427	
-5.45246804638	-1729.46961183	
-5.45389559837	-1729.47043896	
-5.45532111536	-1729.47126566	
-5.45674460314	-1729.47209192	
-5.45816606749	-1729.47291774	
-5.45958551414	-1729.47374312	
-5.46100294883	-1729.47456805	
-5.46241837723	-1729.47539254	
-5.46383180503	-1729.47621657	
-5.46524323786	-1729.47704014	
-5.46665268137	-1729.47786326	
-5.46806014114	-1729.47868592	
-5.46946562274	-1729.47950811	
-5.47086913175	-1729.48032984	
-5.47227067367	-1729.4811511	
-5.47367025403	-1729.48197189	
-5.47506787829	-1729.48279221	
-5.47646355193	-1729.48361205	
-5.47785728038	-1729.48443141	
-5.47924906905	-1729.48525029	
-5.48063892334	-1729.48606869	
-5.48202684862	-1729.4868866	
-5.48341285022	-1729.48770402	
-5.48479693349	-1729.48852095	
-5.48617910372	-1729.48933739	
-5.48755936619	-1729.49015333	
-5.48893772616	-1729.49096877	
-5.49031418887	-1729.49178371	
-5.49168875953	-1729.49259815	
-5.49306144334	-1729.49341208	
-5.49443224547	-1729.49422551	
-5.49580117108	-1729.49503842	
-5.49716822529	-1729.49585082	
-5.49853341322	-1729.49666271	
-5.49989673995	-1729.49747408	
-5.50125821054	-1729.49828493	
-5.50261783006	-1729.49909526	
-5.50397560352	-1729.49990507	
-5.50533153593	-1729.50071435	
-5.50668563228	-1729.50152311	
-5.50803789753	-1729.50233134	
-5.50938833663	-1729.50313903	
-5.5107369545	-1729.50394619	
-5.51208375605	-1729.50475282	
-5.51342874616	-1729.5055589	
-5.51477192971	-1729.50636445	
-5.51611331154	-1729.50716946	
-5.51745289646	-1729.50797392	
-5.51879068931	-1729.50877784	
-5.52012669485	-1729.50958121	
-5.52146091786	-1729.51038404	
-5.5227933631	-1729.51118631	
-5.52412403528	-1729.51198803	
-5.52545293913	-1729.51278919	
-5.52678007934	-1729.5135898	
-5.52810546058	-1729.51438985	
-5.52942908751	-1729.51518934	
-5.53075096477	-1729.51598827	
-5.53207109697	-1729.51678664	
-5.53338948873	-1729.51758444	
-5.53470614461	-1729.51838168	
-5.53602106919	-1729.51917835	
-5.53733426702	-1729.51997444	
-5.53864574262	-1729.52076997	
-5.5399555005	-1729.52156492	
-5.54126354516	-1729.5223593	
-5.54256988107	-1729.5231531	
-5.5438745127	-1729.52394633	
-5.54517744448	-1729.52473898	
-5.54647868084	-1729.52553104	
-5.54777822618	-1729.52632252	
-5.5490760849	-1729.52711342	
-5.55037226136	-1729.52790374	
-5.55166675992	-1729.52869347	
-5.55295958492	-1729.52948261	
-5.55425074069	-1729.53027116	
-5.55554023152	-1729.53105912	
-5.5568280617	-1729.53184649	
-5.55811423551	-1729.53263326	
-5.5593987572	-1729.53341944	
-5.56068163102	-1729.53420502	
-5.56196286117	-1729.53499001	
-5.56324245188	-1729.53577439	
-5.56452040732	-1729.53655818	
-5.56579673168	-1729.53734137	
-5.56707142911	-1729.53812395	
-5.56834450376	-1729.53890593	
-5.56961595975	-1729.5396873	
-5.57088580119	-1729.54046807	
-5.57215403218	-1729.54124823	
-5.57342065679	-1729.54202778	
-5.5746856791	-1729.54280672	
-5.57594910315	-1729.54358506	
-5.57721093297	-1729.54436277	
-5.57847117258	-1729.54513988	
-5.57972982599	-1729.54591637	
-5.58098689718	-1729.54669225	
-5.58224239012	-1729.54746751	
-5.58349630878	-1729.54824215	
-5.5847486571	-1729.54901617	
-5.585999439	-1729.54978957	
-5.5872486584	-1729.55056236	
-5.5884963192	-1729.55133452	
-5.58974242528	-1729.55210606	
-5.59098698051	-1729.55287697	
-5.59222998875	-1729.55364726	
-5.59347145384	-1729.55441693	
-5.5947113796	-1729.55518596	
-5.59594976985	-1729.55595437	
-5.59718662839	-1729.55672216	
-5.598421959	-1729.55748931	
-5.59965576545	-1729.55825583	
-5.60088805149	-1729.55902172	
-5.60211882088	-1729.55978698	
-5.60334807733	-1729.56055161	
-5.60457582457	-1729.5613156	
-5.6058020663	-1729.56207896	
-5.60702680619	-1729.56284168	
-5.60825004793	-1729.56360377	
-5.60947179518	-1729.56436522	
-5.61069205159	-1729.56512603	
-5.61191082078	-1729.5658862	
-5.61312810639	-1729.56664574	
-5.61434391201	-1729.56740463	
-5.61555824124	-1729.56816288	
-5.61677109767	-1729.56892049	
-5.61798248485	-1729.56967746	
-5.61919240636	-1729.57043379	
-5.62040086572	-1729.57118947	
-5.62160786647	-1729.57194451	
-5.62281341212	-1729.5726989	
-5.62401750619	-1729.57345265	
-5.62522015215	-1729.57420575	
-5.6264213535	-1729.5749582	
-5.62762111369	-1729.57571001	
-5.62881943618	-1729.57646117	
-5.63001632442	-1729.57721168	
-5.63121178182	-1729.57796154	
-5.63240581181	-1729.57871074	
-5.6335984178	-1729.5794593	
-5.63478960317	-1729.58020721	
-5.6359793713	-1729.58095447	
-5.63716772557	-1729.58170107	
-5.63835466933	-1729.58244702	
-5.63954020593	-1729.58319231	
-5.64072433869	-1729.58393696	
-5.64190707094	-1729.58468094	
-5.64308840598	-1729.58542428	
-5.64426834712	-1729.58616695	
-5.64544689764	-1729.58690897	
-5.64662406082	-1729.58765034	
-5.64779983991	-1729.58839104	
-5.64897423816	-1729.58913109	
-5.65014725882	-1729.58987049	
-5.65131890512	-1729.59060922	
-5.65248918027	-1729.59134729	
-5.65365808747	-1729.59208471	
-5.65482562993	-1729.59282146	
-5.65599181082	-1729.59355756	
-5.65715663332	-1729.594293	
-5.65832010058	-1729.59502777	
-5.65948221576	-1729.59576188	
-5.660642982	-1729.59649533	
-5.66180240242	-1729.59722812	
-5.66296048014	-1729.59796025	
-5.66411721826	-1729.59869171	
-5.66527261989	-1729.59942251	
-5.66642668811	-1729.60015265	
-5.66757942599	-1729.60088212	
-5.6687308366	-1729.60161093	
-5.66988092298	-1729.60233908	
-5.67102968818	-1729.60306656	
-5.67217713524	-1729.60379337	
-5.67332326717	-1729.60451952	
-5.67446808699	-1729.60524501	
-5.67561159769	-1729.60596983	
-5.67675380227	-1729.60669398	
-5.6778947037	-1729.60741747	
-5.67903430497	-1729.60814029	
-5.68017260902	-1729.60886244	
-5.6813096188	-1729.60958392	
-5.68244533727	-1729.61030474	
-5.68357976734	-1729.61102489	
-5.68471291194	-1729.61174438	
-5.68584477397	-1729.61246319	
-5.68697535634	-1729.61318134	
-5.68810466194	-1729.61389882	
-5.68923269364	-1729.61461562	
-5.69035945432	-1729.61533177	
-5.69148494685	-1729.61604724	
-5.69260917406	-1729.61676204	
-5.6937321388	-1729.61747617	
-5.69485384391	-1729.61818964	
-5.69597429221	-1729.61890243	
-5.69709348651	-1729.61961456	
-5.69821142961	-1729.62032601	
-5.69932812431	-1729.6210368	
-5.70044357339	-1729.62174691	
-5.70155777963	-1729.62245636	
-5.7026707458	-1729.62316513	
-5.70378247466	-1729.62387323	
-5.70489296894	-1729.62458067	
-5.70600223139	-1729.62528743	
-5.70711026475	-1729.62599352	
-5.70821707172	-1729.62669894	
-5.70932265503	-1729.62740369	
-5.71042701737	-1729.62810777	
-5.71153016145	-1729.62881118	
-5.71263208993	-1729.62951392	
-5.71373280551	-1729.63021598	
-5.71483231084	-1729.63091738	
-5.71593060859	-1729.6316181	
-5.71702770141	-1729.63231815	
-5.71812359193	-1729.63301753	
-5.71921828279	-1729.63371624	
-5.72031177661	-1729.63441428	
-5.72140407601	-1729.63511165	
-5.72249518359	-1729.63580835	
-5.72358510195	-1729.63650437	
-5.72467383369	-1729.63719972	
-5.72576138137	-1729.63789441	
-5.72684774759	-1729.63858842	
-5.72793293489	-1729.63928176	
-5.72901694583	-1729.63997442	
-5.73009978297	-1729.64066642	
-5.73118144884	-1729.64135775	
-5.73226194598	-1729.6420484	
-5.7333412769	-1729.64273839	
-5.73441944412	-1729.6434277	
-5.73549645015	-1729.64411634	
-5.73657229748	-1729.64480431	
-5.73764698861	-1729.64549161	
-5.73872052602	-1729.64617824	
-5.73979291218	-1729.6468642	
-5.74086414956	-1729.64754948	
-5.74193424062	-1729.6482341	
-5.74300318781	-1729.64891805	
-5.74407099357	-1729.64960132	
-5.74513766034	-1729.65028393	
-5.74620319054	-1729.65096587	
-5.7472675866	-1729.65164713	
-5.74833085092	-1729.65232773	
-5.74939298591	-1729.65300765	
-5.75045399397	-1729.65368691	
-5.75151387748	-1729.6543655	
-5.75257263883	-1729.65504341	
-5.75363028038	-1729.65572066	
-5.75468680452	-1729.65639724	
-5.75574221359	-1729.65707315	
-5.75679650994	-1729.65774839	
-5.75784969593	-1729.65842296	
-5.75890177388	-1729.65909687	
-5.75995274612	-1729.6597701	
-5.76100261499	-1729.66044267	
-5.76205138278	-1729.66111457	
-5.76309905181	-1729.6617858	
-5.76414562438	-1729.66245636	
-5.76519110278	-1729.66312626	
-5.7662354893	-1729.66379549	
-5.76727878622	-1729.66446405	
-5.76832099579	-1729.66513194	
-5.7693621203	-1729.66579917	
-5.770402162	-1729.66646573	
-5.77144112313	-1729.66713162	
-5.77247900594	-1729.66779685	
-5.77351581267	-1729.66846141	
-5.77455154554	-1729.66912531	
-5.77558620679	-1729.66978854	
-5.77661979861	-1729.67045111	
-5.77765232322	-1729.67111301	
-5.77868378283	-1729.67177424	
-5.77971417962	-1729.67243481	
-5.78074351579	-1729.67309472	
-5.78177179352	-1729.67375396	
-5.78279901497	-1729.67441254	
-5.78382518233	-1729.67507046	
-5.78485029774	-1729.67572771	
-5.78587436337	-1729.67638429	
-5.78689738137	-1729.67704022	
-5.78791935386	-1729.67769548	
-5.788940283	-1729.67835008	
-5.7899601709	-1729.67900402	
-5.79097901969	-1729.6796573	
-5.79199683148	-1729.68030991	
-5.79301360838	-1729.68096186	
-5.7940293525	-1729.68161315	
-5.79504406593	-1729.68226379	
-5.79605775077	-1729.68291376	
-5.79707040908	-1729.68356307	
-5.79808204295	-1729.68421172	
-5.79909265446	-1729.68485971	
-5.80010224566	-1729.68550704	
-5.80111081862	-1729.68615371	
-5.80211837538	-1729.68679973	
-5.80312491799	-1729.68744508	
-5.80413044849	-1729.68808978	
-5.80513496892	-1729.68873382	
-5.80613848129	-1729.6893772	
-5.80714098764	-1729.69001993	
-5.80814248998	-1729.69066199	
-5.80914299031	-1729.6913034	
