# log_p 	 lnL 	 
0.0	-1619.07932536	
-0.287682072452	-1619.01678575	
-0.510825623766	-1618.94349317	
-0.69314718056	-1618.87682246	
-0.847297860387	-1618.82202781	
-0.980829253012	-1618.77956017	
-1.09861228867	-1618.74820338	
-1.20397280433	-1618.72631042	
-1.29928298413	-1618.71226508	
-1.38629436112	-1618.70463349	
-1.46633706879	-1618.7021944	
-1.54044504095	-1618.70392558	
-1.60943791243	-1618.70897742	
-1.67397643357	-1618.71664574	
-1.73460105539	-1618.72634759	
-1.79175946923	-1618.73760095	
-1.8458266905	-1618.75000801	
-1.89711998489	-1618.76324136	
-1.94591014906	-1618.77703267	
-1.99243016469	-1618.79116316	
-2.03688192726	-1618.80545574	
-2.07944154168	-1618.81976831	
-2.1202635362	-1618.83398809	
-2.15948424935	-1618.84802685	
-2.19722457734	-1618.86181682	
-2.23359222151	-1618.87530724	
-2.26868354132	-1618.88846141	
-2.30258509299	-1618.9012542	
-2.33537491582	-1618.91366989	
-2.36712361413	-1618.92570047	
-2.3978952728	-1618.93734405	
-2.42774823595	-1618.94860365	
-2.45673577282	-1618.95948612	
-2.48490664979	-1618.97000126	
-2.51230562398	-1618.98016111	
-2.53897387106	-1618.98997933	
-2.56494935746	-1618.99947067	
-2.59026716545	-1619.00865065	
-2.61495977804	-1619.01753515	
-2.63905732962	-1619.02614019	
-2.66258782703	-1619.03448173	
-2.68557734525	-1619.04257546	
-2.7080502011	-1619.05043672	
-2.73002910782	-1619.05808037	
-2.75153531304	-1619.06552075	
-2.77258872224	-1619.07277162	
-2.79320800944	-1619.07984611	
-2.81341071676	-1619.08675672	
-2.83321334406	-1619.09351531	
-2.85263142991	-1619.1001331	
-2.87167962488	-1619.10662068	
-2.8903717579	-1619.112988	
-2.90872089656	-1619.11924443	
-2.92673940207	-1619.12539875	
-2.94443897917	-1619.13145919	
-2.96183072188	-1619.13743343	
-2.97892515524	-1619.14332863	
-2.99573227355	-1619.1491515	
-3.01226157551	-1619.15490826	
-3.02852209638	-1619.16060469	
-3.04452243772	-1619.16624618	
-3.06027079469	-1619.17183772	
-3.07577498123	-1619.17738393	
-3.09104245336	-1619.18288909	
-3.10608033072	-1619.18835716	
-3.12089541651	-1619.1937918	
-3.13549421593	-1619.19919639	
-3.14988295338	-1619.20457402	
-3.16406758837	-1619.20992758	
-3.17805383035	-1619.21525967	
-3.19184715248	-1619.22057273	
-3.20545280454	-1619.22586897	
-3.21887582487	-1619.23115041	
-3.23212105162	-1619.23641891	
-3.24519313319	-1619.24167616	
-3.25809653802	-1619.2469237	
-3.2708355638	-1619.25216292	
-3.28341434601	-1619.2573951	
-3.295836866	-1619.26262139	
-3.3081069586	-1619.26784282	
-3.32022831913	-1619.27306032	
-3.33220451018	-1619.27827473	
-3.34403896782	-1619.28348679	
-3.35573500759	-1619.28869716	
-3.36729582999	-1619.29390643	
-3.37872452581	-1619.29911512	
-3.39002408106	-1619.30432366	
-3.40119738166	-1619.30953246	
-3.41224721785	-1619.31474183	
-3.42317628838	-1619.31995207	
-3.43398720449	-1619.3251634	
-3.4446824936	-1619.33037602	
-3.45526460293	-1619.33559007	
-3.4657359028	-1619.34080567	
-3.47609868984	-1619.34602289	
-3.48635519	-1619.35124178	
-3.49650756147	-1619.35646236	
-3.50655789732	-1619.36168463	
-3.51650822817	-1619.36690855	
-3.52636052462	-1619.37213407	
-3.53611669956	-1619.37736112	
-3.54577861047	-1619.38258961	
-3.55534806149	-1619.38781943	
-3.56482680544	-1619.39305047	
-3.57421654579	-1619.3982826	
-3.58351893846	-1619.40351566	
-3.59273559356	-1619.4087495	
-3.60186807712	-1619.41398397	
-3.61091791264	-1619.41921888	
-3.61988658263	-1619.42445406	
-3.62877553004	-1619.42968932	
-3.63758615973	-1619.43492447	
-3.6463198397	-1619.44015932	
-3.65497790244	-1619.44539367	
-3.66356164613	-1619.45062731	
-3.6720723358	-1619.45586004	
-3.68051120444	-1619.46109165	
-3.68887945411	-1619.46632194	
-3.69717825693	-1619.47155069	
-3.70540875607	-1619.47677769	
-3.7135720667	-1619.48200274	
-3.72166927694	-1619.48722562	
-3.72970144863	-1619.49244613	
-3.73766961828	-1619.49766405	
-3.74557479779	-1619.50287918	
-3.75341797525	-1619.50809132	
-3.76120011569	-1619.51330024	
-3.76892216179	-1619.51850577	
-3.77658503453	-1619.52370769	
-3.78418963392	-1619.5289058	
-3.79173683955	-1619.53409991	
-3.79922751128	-1619.53928983	
-3.80666248977	-1619.54447536	
-3.81404259707	-1619.54965632	
-3.82136863716	-1619.55483251	
-3.82864139649	-1619.56000377	
-3.83586164446	-1619.5651699	
-3.84303013394	-1619.57033073	
-3.85014760171	-1619.57548609	
-3.85721476893	-1619.58063581	
-3.86423234159	-1619.58577971	
-3.87120101091	-1619.59091764	
-3.87812145375	-1619.59604942	
-3.88499433304	-1619.60117492	
-3.89182029811	-1619.60629396	
-3.8985999851	-1619.6114064	
-3.90533401728	-1619.61651209	
-3.91202300543	-1619.62161088	
-3.91866754815	-1619.62670263	
-3.92526823218	-1619.63178721	
-3.93182563272	-1619.63686447	
-3.93834031375	-1619.64193429	
-3.94481282825	-1619.64699653	
-3.95124371858	-1619.65205106	
-3.95763351668	-1619.65709777	
-3.96398274436	-1619.66213654	
-3.97029191355	-1619.66716723	
-3.97656152657	-1619.67218975	
-3.98279207632	-1619.67720398	
-3.98898404656	-1619.6822098	
-3.99513791214	-1619.68720712	
-4.00125413916	-1619.69219583	
-4.00733318523	-1619.69717583	
-4.01337549969	-1619.70214702	
-4.01938152375	-1619.70710931	
-4.02535169074	-1619.7120626	
-4.03128642625	-1619.71700681	
-4.03718614838	-1619.72194184	
-4.04305126783	-1619.72686762	
-4.04888218815	-1619.73178405	
-4.05467930583	-1619.73669106	
-4.06044301055	-1619.74158858	
-4.06617368526	-1619.74647652	
-4.07187170637	-1619.75135481	
-4.07753744391	-1619.75622339	
-4.08317126162	-1619.76108218	
-4.08877351717	-1619.76593112	
-4.09434456222	-1619.77077014	
-4.0998847426	-1619.77559918	
-4.10539439841	-1619.78041818	
-4.11087386417	-1619.78522709	
-4.11632346894	-1619.79002585	
-4.12174353641	-1619.7948144	
-4.12713438505	-1619.79959268	
-4.13249632819	-1619.80436066	
-4.13782967416	-1619.80911829	
-4.14313472639	-1619.8138655	
-4.14841178349	-1619.81860227	
-4.15366113938	-1619.82332854	
-4.15888308336	-1619.82804428	
-4.16407790024	-1619.83274945	
-4.1692458704	-1619.837444	
-4.1743872699	-1619.84212791	
-4.17950237056	-1619.84680112	
-4.18459144007	-1619.85146363	
-4.18965474203	-1619.85611538	
-4.19469253606	-1619.86075635	
-4.19970507788	-1619.8653865	
-4.20469261939	-1619.87000583	
-4.20965540873	-1619.87461428	
-4.21459369037	-1619.87921185	
-4.21950770518	-1619.8837985	
-4.22439769047	-1619.88837422	
-4.22926388012	-1619.89293898	
-4.2341065046	-1619.89749276	
-4.23892579103	-1619.90203554	
-4.2437219633	-1619.90656731	
-4.24849524205	-1619.91108805	
-4.25324584481	-1619.91559774	
-4.257973986	-1619.92009637	
-4.26267987704	-1619.92458393	
-4.26736372635	-1619.9290604	
-4.27202573946	-1619.93352577	
-4.27666611902	-1619.93798004	
-4.28128506487	-1619.94242319	
-4.28588277412	-1619.94685521	
-4.29045944115	-1619.9512761	
-4.29501525768	-1619.95568585	
-4.29955041285	-1619.96008445	
-4.3040650932	-1619.96447191	
-4.30855948279	-1619.96884821	
-4.31303376319	-1619.97321336	
-4.31748811354	-1619.97756735	
-4.3219227106	-1619.98191017	
-4.32633772881	-1619.98624184	
-4.33073334029	-1619.99056235	
-4.33510971489	-1619.9948717	
-4.33946702026	-1619.99916989	
-4.34380542185	-1620.00345693	
-4.348125083	-1620.00773281	
-4.3524261649	-1620.01199755	
-4.35670882669	-1620.01625114	
-4.36097322548	-1620.02049359	
-4.36521951636	-1620.02472491	
-4.36944785247	-1620.0289451	
-4.373658385	-1620.03315418	
-4.37785126326	-1620.03735214	
-4.38202663467	-1620.041539	
-4.38618464482	-1620.04571476	
-4.39032543749	-1620.04987943	
-4.39444915467	-1620.05403303	
-4.39855593663	-1620.05817556	
-4.40264592188	-1620.06230704	
-4.40671924726	-1620.06642747	
-4.41077604796	-1620.07053686	
-4.4148164575	-1620.07463524	
-4.4188406078	-1620.07872261	
-4.42284862919	-1620.08279899	
-4.42684065046	-1620.08686438	
-4.43081679884	-1620.09091881	
-4.43477720006	-1620.09496228	
-4.43872197835	-1620.09899482	
-4.44265125649	-1620.10301643	
-4.44656515581	-1620.10702714	
-4.45046379623	-1620.11102696	
-4.45434729625	-1620.1150159	
-4.45821577303	-1620.11899398	
-4.46206934235	-1620.12296122	
-4.46590811865	-1620.12691764	
-4.46973221509	-1620.13086325	
-4.47354174351	-1620.13479807	
-4.47733681448	-1620.13872213	
-4.48111753732	-1620.14263543	
-4.48488402011	-1620.146538	
-4.48863636973	-1620.15042986	
-4.49237469184	-1620.15431103	
-4.49609909093	-1620.15818152	
-4.49980967033	-1620.16204136	
-4.50350653221	-1620.16589057	
-4.50718977763	-1620.16972916	
-4.51085950652	-1620.17355717	
-4.51451581772	-1620.1773746	
-4.518158809	-1620.18118148	
-4.52178857705	-1620.18497784	
-4.52540521752	-1620.18876369	
-4.52900882502	-1620.19253906	
-4.53259949315	-1620.19630396	
-4.5361773145	-1620.20005843	
-4.53974238067	-1620.20380247	
-4.54329478227	-1620.20753613	
-4.54683460898	-1620.21125941	
-4.55036194949	-1620.21497235	
-4.5538768916	-1620.21867496	
-4.55737952215	-1620.22236727	
-4.56086992709	-1620.2260493	
-4.56434819147	-1620.22972108	
-4.56781439944	-1620.23338262	
-4.57126863431	-1620.23703396	
-4.5747109785	-1620.24067512	
-4.5781415136	-1620.24430612	
-4.58156032035	-1620.24792699	
-4.58496747867	-1620.25153775	
-4.58836306767	-1620.25513843	
-4.59174716566	-1620.25872904	
-4.59511985013	-1620.26230963	
-4.59848119784	-1620.2658802	
-4.60183128472	-1620.26944079	
-4.60517018599	-1620.27299142	
-4.60849797608	-1620.27653212	
-4.61181472871	-1620.2800629	
-4.61512051684	-1620.28358381	
-4.61841541274	-1620.28709486	
-4.62169948794	-1620.29059608	
-4.62497281328	-1620.29408749	
-4.62823545892	-1620.29756912	
-4.63148749431	-1620.301041	
-4.63472898823	-1620.30450315	
-4.63796000881	-1620.30795559	
-4.64118062351	-1620.31139837	
-4.64439089914	-1620.31483149	
-4.64759090187	-1620.31825499	
-4.65078069724	-1620.32166889	
-4.65396035016	-1620.32507322	
-4.65712992492	-1620.328468	
-4.66028948521	-1620.33185327	
-4.66343909411	-1620.33522904	
-4.66657881412	-1620.33859535	
-4.66970870713	-1620.34195222	
-4.67282883446	-1620.34529968	
-4.67593925688	-1620.34863775	
-4.67904003455	-1620.35196647	
-4.68213122712	-1620.35528585	
-4.68521289366	-1620.35859592	
-4.6882850927	-1620.36189671	
-4.69134788223	-1620.36518825	
-4.69440131972	-1620.36847057	
-4.6974454621	-1620.37174368	
-4.70048036579	-1620.37500762	
-4.70350608671	-1620.37826242	
-4.70652268025	-1620.38150809	
-4.70953020131	-1620.38474468	
-4.71252870431	-1620.38797219	
-4.71551824316	-1620.39119067	
-4.7184988713	-1620.39440014	
-4.72147064168	-1620.39760061	
-4.72443360681	-1620.40079213	
-4.72738781871	-1620.40397472	
-4.73033332894	-1620.4071484	
-4.73327018862	-1620.4103132	
-4.73619844839	-1620.41346915	
-4.7391181585	-1620.41661627	
-4.74202936871	-1620.41975459	
-4.74493212836	-1620.42288414	
-4.74782648639	-1620.42600494	
-4.75071249128	-1620.42911703	
-4.75359019111	-1620.43222042	
-4.75645963353	-1620.43531514	
-4.75932086582	-1620.43840122	
-4.7621739348	-1620.44147869	
-4.76501888693	-1620.44454757	
-4.76785576827	-1620.44760789	
-4.77068462447	-1620.45065968	
-4.77350550081	-1620.45370296	
-4.77631844218	-1620.45673775	
-4.77912349311	-1620.4597641	
-4.78192069773	-1620.46278201	
-4.78471009982	-1620.46579151	
-4.78749174278	-1620.46879265	
-4.79026566966	-1620.47178543	
-4.79303192316	-1620.47476988	
-4.7957905456	-1620.47774604	
-4.79854157897	-1620.48071392	
-4.80128506491	-1620.48367356	
-4.80402104473	-1620.48662497	
-4.80674955939	-1620.48956819	
-4.8094706495	-1620.49250325	
-4.81218435537	-1620.49543016	
-4.81489071697	-1620.49834895	
-4.81758977394	-1620.50125965	
-4.82028156561	-1620.50416228	
-4.82296613098	-1620.50705687	
-4.82564350875	-1620.50994345	
-4.8283137373	-1620.51282203	
-4.83097685472	-1620.51569266	
-4.83363289878	-1620.51855534	
-4.83628190695	-1620.52141011	
-4.83892391641	-1620.524257	
-4.84155896405	-1620.52709602	
-4.84418708646	-1620.5299272	
-4.84680831994	-1620.53275057	
-4.84942270051	-1620.53556615	
-4.85203026392	-1620.53837397	
-4.85463104562	-1620.54117405	
-4.8572250808	-1620.54396642	
-4.85981240436	-1620.5467511	
-4.86239305096	-1620.54952812	
-4.86496705495	-1620.5522975	
-4.86753445046	-1620.55505926	
-4.87009527132	-1620.55781344	
-4.87264955112	-1620.56056005	
-4.8751973232	-1620.56329912	
-4.87773862063	-1620.56603068	
-4.88027347623	-1620.56875474	
-4.88280192259	-1620.57147134	
-4.88532399202	-1620.5741805	
-4.88783971662	-1620.57688223	
-4.89034912822	-1620.57957657	
-4.89285225844	-1620.58226355	
-4.89534913864	-1620.58494317	
-4.89783979995	-1620.58761547	
-4.90032427328	-1620.59028047	
-4.90280258929	-1620.5929382	
-4.90527477844	-1620.59558868	
-4.90774087093	-1620.59823193	
-4.91020089677	-1620.60086797	
-4.91265488574	-1620.60349683	
-4.91510286737	-1620.60611854	
-4.91754487103	-1620.60873311	
-4.91998092583	-1620.61134058	
-4.92241106068	-1620.61394095	
-4.92483530429	-1620.61653426	
-4.92725368516	-1620.61912053	
-4.92966623156	-1620.62169978	
-4.93207297159	-1620.62427204	
-4.93447393313	-1620.62683732	
-4.93686914386	-1620.62939566	
-4.93925863125	-1620.63194707	
-4.94164242261	-1620.63449157	
-4.94402054501	-1620.6370292	
-4.94639302537	-1620.63955996	
-4.94875989038	-1620.64208389	
-4.95112116656	-1620.644601	
-4.95347688026	-1620.64711133	
-4.9558270576	-1620.64961488	
-4.95817172456	-1620.65211169	
-4.96051090691	-1620.65460177	
-4.96284463026	-1620.65708515	
-4.96517292002	-1620.65956185	
-4.96749580144	-1620.66203189	
-4.96981329958	-1620.6644953	
-4.97212543933	-1620.66695208	
-4.97443224543	-1620.66940228	
-4.97673374242	-1620.6718459	
-4.97902995468	-1620.67428298	
-4.98132090643	-1620.67671352	
-4.98360662171	-1620.67913756	
-4.98588712441	-1620.68155511	
-4.98816243824	-1620.68396619	
-4.99043258678	-1620.68637084	
-4.99269759341	-1620.68876906	
-4.99495748138	-1620.69116088	
-4.99721227376	-1620.69354632	
-4.9994619935	-1620.6959254	
-5.00170666335	-1620.69829814	
-5.00394630595	-1620.70066456	
-5.00618094375	-1620.70302469	
-5.00841059907	-1620.70537854	
-5.0106352941	-1620.70772614	
-5.01285505083	-1620.7100675	
-5.01506989116	-1620.71240265	
-5.01727983681	-1620.7147316	
-5.01948490937	-1620.71705438	
-5.02168513028	-1620.719371	
-5.02388052085	-1620.7216815	
-5.02607110223	-1620.72398587	
-5.02825689545	-1620.72628416	
-5.03043792139	-1620.72857637	
-5.03261420082	-1620.73086253	
-5.03478575433	-1620.73314265	
-5.03695260241	-1620.73541676	
-5.03911476542	-1620.73768488	
-5.04127226356	-1620.73994702	
-5.04342511692	-1620.74220321	
-5.04557334546	-1620.74445346	
-5.047716969	-1620.74669779	
-5.04985600725	-1620.74893623	
-5.05199047978	-1620.75116879	
-5.05412040604	-1620.7533955	
-5.05624580535	-1620.75561636	
-5.05836669692	-1620.7578314	
-5.06048309982	-1620.76004065	
-5.06259503303	-1620.76224411	
-5.06470251537	-1620.7644418	
-5.06680556556	-1620.76663375	
-5.06890420222	-1620.76881998	
-5.07099844382	-1620.7710005	
-5.07308830874	-1620.77317533	
-5.07517381523	-1620.77534449	
-5.07725498144	-1620.777508	
-5.07933182538	-1620.77966588	
-5.08140436498	-1620.78181814	
-5.08347261805	-1620.7839648	
-5.08553660227	-1620.78610589	
-5.08759633523	-1620.78824142	
-5.08965183441	-1620.7903714	
-5.09170311719	-1620.79249586	
-5.09375020081	-1620.79461481	
-5.09579310244	-1620.79672828	
-5.09783183913	-1620.79883627	
-5.09986642782	-1620.80093882	
-5.10189688537	-1620.80303592	
-5.10392322852	-1620.80512761	
-5.1059454739	-1620.8072139	
-5.10796363806	-1620.80929481	
-5.10997773743	-1620.81137035	
-5.11198778836	-1620.81344054	
-5.11399380708	-1620.81550541	
-5.11599580975	-1620.81756496	
-5.11799381242	-1620.81961921	
-5.11998783102	-1620.82166818	
-5.12197788143	-1620.8237119	
-5.1239639794	-1620.82575036	
-5.12594614061	-1620.8277836	
-5.12792438062	-1620.82981163	
-5.12989871492	-1620.83183446	
-5.13186915891	-1620.83385212	
-5.13383572788	-1620.83586461	
-5.13579843705	-1620.83787196	
-5.13775730154	-1620.83987418	
-5.13971233637	-1620.84187129	
-5.1416635565	-1620.84386331	
-5.14361097679	-1620.84585024	
-5.145554612	-1620.84783212	
-5.14749447681	-1620.84980894	
-5.14943058584	-1620.85178074	
-5.15136295359	-1620.85374752	
-5.1532915945	-1620.8557093	
-5.15521652291	-1620.85766611	
-5.15713775309	-1620.85961794	
-5.15905529921	-1620.86156483	
-5.1609691754	-1620.86350678	
-5.16287939565	-1620.86544381	
-5.16478597392	-1620.86737594	
-5.16668892407	-1620.86930318	
-5.16858825987	-1620.87122555	
-5.17048399504	-1620.87314306	
-5.17237614319	-1620.87505573	
-5.17426471788	-1620.87696358	
-5.17614973257	-1620.87886662	
-5.17803120067	-1620.88076486	
-5.1799091355	-1620.88265832	
-5.18178355029	-1620.88454701	
-5.18365445823	-1620.88643096	
-5.1855218724	-1620.88831017	
-5.18738580584	-1620.89018466	
-5.18924627149	-1620.89205445	
-5.19110328224	-1620.89391955	
-5.19295685089	-1620.89577997	
-5.19480699018	-1620.89763574	
-5.19665371277	-1620.89948685	
-5.19849703127	-1620.90133334	
-5.20033695819	-1620.90317521	
-5.202173506	-1620.90501248	
-5.20400668708	-1620.90684516	
-5.20583651375	-1620.90867327	
-5.20766299828	-1620.91049682	
-5.20948615284	-1620.91231582	
-5.21130598956	-1620.9141303	
-5.21312252048	-1620.91594026	
-5.21493575761	-1620.91774572	
-5.21674571285	-1620.91954669	
-5.21855239808	-1620.92134319	
-5.22035582508	-1620.92313522	
-5.22215600558	-1620.92492282	
-5.22395295126	-1620.92670598	
-5.22574667371	-1620.92848472	
-5.22753718449	-1620.93025906	
-5.22932449506	-1620.93202901	
-5.23110861685	-1620.93379459	
-5.23288956123	-1620.9355558	
-5.23466733947	-1620.93731266	
-5.23644196283	-1620.93906518	
-5.23821344248	-1620.94081338	
-5.23998178954	-1620.94255728	
-5.24174701506	-1620.94429688	
-5.24350913005	-1620.94603219	
-5.24526814546	-1620.94776324	
-5.24702407216	-1620.94949003	
-5.24877692099	-1620.95121258	
-5.25052670271	-1620.9529309	
-5.25227342805	-1620.954645	
-5.25401710765	-1620.9563549	
-5.25575775213	-1620.95806061	
-5.25749537203	-1620.95976214	
-5.25922997784	-1620.96145951	
-5.26096158	-1620.96315272	
-5.2626901889	-1620.9648418	
-5.26441581487	-1620.96652675	
-5.26613846818	-1620.96820758	
-5.26785815906	-1620.96988432	
-5.26957489768	-1620.97155697	
-5.27128869416	-1620.97322554	
-5.27299955856	-1620.97489004	
-5.27470750091	-1620.9765505	
-5.27641253116	-1620.97820692	
-5.27811465923	-1620.97985931	
-5.27981389498	-1620.98150769	
-5.28151024823	-1620.98315207	
-5.28320372874	-1620.98479245	
-5.28489434622	-1620.98642886	
-5.28658211033	-1620.98806131	
-5.28826703069	-1620.9896898	
-5.28994911688	-1620.99131435	
-5.2916283784	-1620.99293497	
-5.29330482472	-1620.99455167	
-5.29497846528	-1620.99616447	
-5.29664930945	-1620.99777338	
-5.29831736655	-1620.9993784	
-5.29998264587	-1621.00097955	
-5.30164515664	-1621.00257685	
-5.30330490806	-1621.0041703	
-5.30496190927	-1621.00575991	
-5.30661616936	-1621.00734571	
-5.3082676974	-1621.00892768	
-5.30991650239	-1621.01050586	
-5.3115625933	-1621.01208025	
-5.31320597904	-1621.01365087	
-5.3148466685	-1621.01521771	
-5.3164846705	-1621.01678081	
-5.31811999384	-1621.01834015	
-5.31975264727	-1621.01989577	
-5.32138263948	-1621.02144767	
-5.32300997914	-1621.02299585	
-5.32463467487	-1621.02454034	
-5.32625673524	-1621.02608114	
-5.32787616879	-1621.02761826	
-5.32949298402	-1621.02915172	
-5.33110718937	-1621.03068152	
-5.33271879327	-1621.03220768	
-5.33432780407	-1621.0337302	
-5.33593423012	-1621.0352491	
-5.3375380797	-1621.0367644	
-5.33913936107	-1621.03827609	
-5.34073808243	-1621.03978419	
-5.34233425196	-1621.04128871	
-5.3439278778	-1621.04278966	
-5.34551896803	-1621.04428706	
-5.34710753072	-1621.04578091	
-5.34869357387	-1621.04727122	
-5.35027710548	-1621.048758	
-5.35185813348	-1621.05024127	
-5.35343666577	-1621.05172103	
-5.35501271022	-1621.0531973	
-5.35658627467	-1621.05467008	
-5.3581573669	-1621.05613939	
-5.35972599468	-1621.05760523	
-5.36129216571	-1621.05906762	
-5.36285588769	-1621.06052657	
-5.36441716825	-1621.06198208	
-5.36597601502	-1621.06343416	
-5.36753243557	-1621.06488284	
-5.36908643744	-1621.06632811	
-5.37063802813	-1621.06776998	
-5.37218721511	-1621.06920847	
-5.37373400583	-1621.07064359	
-5.37527840768	-1621.07207534	
-5.37682042804	-1621.07350374	
-5.37836007422	-1621.07492879	
-5.37989735354	-1621.07635051	
-5.38143227326	-1621.0777689	
-5.38296484061	-1621.07918398	
-5.38449506279	-1621.08059576	
-5.38602294697	-1621.08200423	
-5.38754850028	-1621.08340942	
-5.38907172982	-1621.08481133	
-5.39059264266	-1621.08620998	
-5.39211124583	-1621.08760537	
-5.39362754635	-1621.08899751	
-5.39514155118	-1621.09038641	
-5.39665326727	-1621.09177207	
-5.39816270152	-1621.09315452	
-5.39966986081	-1621.09453376	
-5.40117475199	-1621.0959098	
-5.40267738187	-1621.09728264	
-5.40417775725	-1621.0986523	
-5.40567588487	-1621.10001879	
-5.40717177146	-1621.10138211	
-5.40866542372	-1621.10274227	
-5.4101568483	-1621.10409929	
-5.41164605186	-1621.10545317	
-5.41313304098	-1621.10680392	
-5.41461782224	-1621.10815155	
-5.4161004022	-1621.10949607	
-5.41758078737	-1621.11083749	
-5.41905898424	-1621.11217581	
-5.42053499927	-1621.11351105	
-5.42200883889	-1621.11484321	
-5.4234805095	-1621.11617231	
-5.42495001748	-1621.11749835	
-5.42641736918	-1621.11882134	
-5.4278825709	-1621.12014129	
-5.42934562895	-1621.12145821	
-5.43080654959	-1621.1227721	
-5.43226533906	-1621.12408298	
-5.43372200355	-1621.12539085	
-5.43517654927	-1621.12669572	
-5.43662898235	-1621.12799761	
-5.43807930892	-1621.12929652	
-5.4395275351	-1621.13059245	
-5.44097366695	-1621.13188542	
-5.44241771052	-1621.13317543	
-5.44385967184	-1621.1344625	
-5.4452995569	-1621.13574662	
-5.44673737167	-1621.13702782	
-5.44817312209	-1621.13830609	
-5.44960681409	-1621.13958145	
-5.45103845357	-1621.14085391	
-5.45246804638	-1621.14212346	
-5.45389559837	-1621.14339013	
-5.45532111536	-1621.14465392	
-5.45674460314	-1621.14591483	
-5.45816606749	-1621.14717288	
-5.45958551414	-1621.14842807	
-5.46100294883	-1621.14968041	
-5.46241837723	-1621.15092991	
-5.46383180503	-1621.15217657	
-5.46524323786	-1621.15342041	
-5.46665268137	-1621.15466143	
-5.46806014114	-1621.15589965	
-5.46946562274	-1621.15713506	
-5.47086913175	-1621.15836768	
-5.47227067367	-1621.15959751	
-5.47367025403	-1621.16082456	
-5.47506787829	-1621.16204884	
-5.47646355193	-1621.16327036	
-5.47785728038	-1621.16448912	
-5.47924906905	-1621.16570514	
-5.48063892334	-1621.16691841	
-5.48202684862	-1621.16812896	
-5.48341285022	-1621.16933677	
-5.48479693349	-1621.17054187	
-5.48617910372	-1621.17174426	
-5.48755936619	-1621.17294395	
-5.48893772616	-1621.17414094	
-5.49031418887	-1621.17533525	
-5.49168875953	-1621.17652687	
-5.49306144334	-1621.17771583	
-5.49443224547	-1621.17890211	
-5.49580117108	-1621.18008574	
-5.49716822529	-1621.18126672	
-5.49853341322	-1621.18244505	
-5.49989673995	-1621.18362075	
-5.50125821054	-1621.18479382	
-5.50261783006	-1621.18596427	
-5.50397560352	-1621.1871321	
-5.50533153593	-1621.18829732	
-5.50668563228	-1621.18945995	
-5.50803789753	-1621.19061998	
-5.50938833663	-1621.19177742	
-5.5107369545	-1621.19293229	
-5.51208375605	-1621.19408458	
-5.51342874616	-1621.19523431	
-5.51477192971	-1621.19638148	
-5.51611331154	-1621.1975261	
-5.51745289646	-1621.19866817	
-5.51879068931	-1621.19980771	
-5.52012669485	-1621.20094472	
-5.52146091786	-1621.2020792	
-5.5227933631	-1621.20321117	
-5.52412403528	-1621.20434063	
-5.52545293913	-1621.20546758	
-5.52678007934	-1621.20659204	
-5.52810546058	-1621.207714	
-5.52942908751	-1621.20883349	
-5.53075096477	-1621.2099505	
-5.53207109697	-1621.21106504	
-5.53338948873	-1621.21217711	
-5.53470614461	-1621.21328673	
-5.53602106919	-1621.2143939	
-5.53733426702	-1621.21549863	
-5.53864574262	-1621.21660092	
-5.5399555005	-1621.21770078	
-5.54126354516	-1621.21879822	
-5.54256988107	-1621.21989324	
-5.5438745127	-1621.22098585	
-5.54517744448	-1621.22207606	
-5.54647868084	-1621.22316387	
-5.54777822618	-1621.22424929	
-5.5490760849	-1621.22533232	
-5.55037226136	-1621.22641298	
-5.55166675992	-1621.22749126	
-5.55295958492	-1621.22856718	
-5.55425074069	-1621.22964074	
-5.55554023152	-1621.23071194	
-5.5568280617	-1621.2317808	
-5.55811423551	-1621.23284732	
-5.5593987572	-1621.2339115	
-5.56068163102	-1621.23497336	
-5.56196286117	-1621.23603289	
-5.56324245188	-1621.23709011	
-5.56452040732	-1621.23814502	
-5.56579673168	-1621.23919762	
-5.56707142911	-1621.24024793	
-5.56834450376	-1621.24129594	
-5.56961595975	-1621.24234168	
-5.57088580119	-1621.24338513	
-5.57215403218	-1621.24442631	
-5.57342065679	-1621.24546522	
-5.5746856791	-1621.24650187	
-5.57594910315	-1621.24753626	
-5.57721093297	-1621.24856841	
-5.57847117258	-1621.24959831	
-5.57972982599	-1621.25062597	
-5.58098689718	-1621.25165141	
-5.58224239012	-1621.25267461	
-5.58349630878	-1621.2536956	
-5.5847486571	-1621.25471437	
-5.585999439	-1621.25573094	
-5.5872486584	-1621.2567453	
-5.5884963192	-1621.25775747	
-5.58974242528	-1621.25876744	
-5.59098698051	-1621.25977523	
-5.59222998875	-1621.26078084	
-5.59347145384	-1621.26178428	
-5.5947113796	-1621.26278555	
-5.59594976985	-1621.26378465	
-5.59718662839	-1621.2647816	
-5.598421959	-1621.2657764	
-5.59965576545	-1621.26676905	
-5.60088805149	-1621.26775956	
-5.60211882088	-1621.26874794	
-5.60334807733	-1621.26973419	
-5.60457582457	-1621.27071831	
-5.6058020663	-1621.27170032	
-5.60702680619	-1621.27268022	
-5.60825004793	-1621.273658	
-5.60947179518	-1621.27463369	
-5.61069205159	-1621.27560728	
-5.61191082078	-1621.27657878	
-5.61312810639	-1621.27754819	
-5.61434391201	-1621.27851553	
-5.61555824124	-1621.27948079	
-5.61677109767	-1621.28044398	
-5.61798248485	-1621.28140511	
-5.61919240636	-1621.28236418	
-5.62040086572	-1621.28332119	
-5.62160786647	-1621.28427616	
-5.62281341212	-1621.28522908	
-5.62401750619	-1621.28617997	
-5.62522015215	-1621.28712883	
-5.6264213535	-1621.28807566	
-5.62762111369	-1621.28902046	
-5.62881943618	-1621.28996325	
-5.63001632442	-1621.29090403	
-5.63121178182	-1621.29184281	
-5.63240581181	-1621.29277958	
-5.6335984178	-1621.29371435	
-5.63478960317	-1621.29464714	
-5.6359793713	-1621.29557794	
-5.63716772557	-1621.29650676	
-5.63835466933	-1621.2974336	
-5.63954020593	-1621.29835847	
-5.64072433869	-1621.29928138	
-5.64190707094	-1621.30020232	
-5.64308840598	-1621.30112131	
-5.64426834712	-1621.30203835	
-5.64544689764	-1621.30295345	
-5.64662406082	-1621.3038666	
-5.64779983991	-1621.30477782	
-5.64897423816	-1621.30568711	
-5.65014725882	-1621.30659447	
-5.65131890512	-1621.30749991	
-5.65248918027	-1621.30840343	
-5.65365808747	-1621.30930504	
-5.65482562993	-1621.31020475	
-5.65599181082	-1621.31110255	
-5.65715663332	-1621.31199846	
-5.65832010058	-1621.31289248	
-5.65948221576	-1621.3137846	
-5.660642982	-1621.31467485	
-5.66180240242	-1621.31556322	
-5.66296048014	-1621.31644971	
-5.66411721826	-1621.31733433	
-5.66527261989	-1621.3182171	
-5.66642668811	-1621.319098	
-5.66757942599	-1621.31997705	
-5.6687308366	-1621.32085425	
-5.66988092298	-1621.3217296	
-5.67102968818	-1621.32260311	
-5.67217713524	-1621.32347479	
-5.67332326717	-1621.32434464	
-5.67446808699	-1621.32521266	
-5.67561159769	-1621.32607885	
-5.67675380227	-1621.32694323	
-5.6778947037	-1621.3278058	
-5.67903430497	-1621.32866656	
-5.68017260902	-1621.32952552	
-5.6813096188	-1621.33038267	
-5.68244533727	-1621.33123803	
-5.68357976734	-1621.3320916	
-5.68471291194	-1621.33294339	
-5.68584477397	-1621.33379339	
-5.68697535634	-1621.33464161	
-5.68810466194	-1621.33548807	
-5.68923269364	-1621.33633275	
-5.69035945432	-1621.33717567	
-5.69148494685	-1621.33801683	
-5.69260917406	-1621.33885624	
-5.6937321388	-1621.33969389	
-5.69485384391	-1621.3405298	
-5.69597429221	-1621.34136397	
-5.69709348651	-1621.3421964	
-5.69821142961	-1621.34302709	
-5.69932812431	-1621.34385606	
-5.70044357339	-1621.3446833	
-5.70155777963	-1621.34550882	
-5.7026707458	-1621.34633262	
-5.70378247466	-1621.34715472	
-5.70489296894	-1621.3479751	
-5.70600223139	-1621.34879378	
-5.70711026475	-1621.34961076	
-5.70821707172	-1621.35042604	
-5.70932265503	-1621.35123964	
-5.71042701737	-1621.35205154	
-5.71153016145	-1621.35286177	
-5.71263208993	-1621.35367031	
-5.71373280551	-1621.35447718	
-5.71483231084	-1621.35528238	
-5.71593060859	-1621.35608592	
-5.71702770141	-1621.35688779	
-5.71812359193	-1621.357688	
-5.71921828279	-1621.35848656	
-5.72031177661	-1621.35928346	
-5.72140407601	-1621.36007873	
-5.72249518359	-1621.36087235	
-5.72358510195	-1621.36166433	
-5.72467383369	-1621.36245467	
-5.72576138137	-1621.36324339	
-5.72684774759	-1621.36403048	
-5.72793293489	-1621.36481595	
-5.72901694583	-1621.3655998	
-5.73009978297	-1621.36638204	
-5.73118144884	-1621.36716266	
-5.73226194598	-1621.36794168	
-5.7333412769	-1621.3687191	
-5.73441944412	-1621.36949492	
-5.73549645015	-1621.37026914	
-5.73657229748	-1621.37104177	
-5.73764698861	-1621.37181282	
-5.73872052602	-1621.37258228	
-5.73979291218	-1621.37335016	
-5.74086414956	-1621.37411647	
-5.74193424062	-1621.3748812	
-5.74300318781	-1621.37564437	
-5.74407099357	-1621.37640597	
-5.74513766034	-1621.37716602	
-5.74620319054	-1621.3779245	
-5.7472675866	-1621.37868144	
-5.74833085092	-1621.37943682	
-5.74939298591	-1621.38019066	
-5.75045399397	-1621.38094296	
-5.75151387748	-1621.38169371	
-5.75257263883	-1621.38244294	
-5.75363028038	-1621.38319063	
-5.75468680452	-1621.3839368	
-5.75574221359	-1621.38468145	
-5.75679650994	-1621.38542457	
-5.75784969593	-1621.38616618	
-5.75890177388	-1621.38690628	
-5.75995274612	-1621.38764486	
-5.76100261499	-1621.38838195	
-5.76205138278	-1621.38911753	
-5.76309905181	-1621.38985161	
-5.76414562438	-1621.3905842	
-5.76519110278	-1621.3913153	
-5.7662354893	-1621.39204491	
-5.76727878622	-1621.39277304	
-5.76832099579	-1621.39349969	
-5.7693621203	-1621.39422486	
-5.770402162	-1621.39494856	
-5.77144112313	-1621.39567079	
-5.77247900594	-1621.39639155	
-5.77351581267	-1621.39711085	
-5.77455154554	-1621.3978287	
-5.77558620679	-1621.39854508	
-5.77661979861	-1621.39926002	
-5.77765232322	-1621.3999735	
-5.77868378283	-1621.40068554	
-5.77971417962	-1621.40139614	
-5.78074351579	-1621.4021053	
-5.78177179352	-1621.40281303	
-5.78279901497	-1621.40351933	
-5.78382518233	-1621.40422419	
-5.78485029774	-1621.40492763	
-5.78587436337	-1621.40562966	
-5.78689738137	-1621.40633026	
-5.78791935386	-1621.40702945	
-5.788940283	-1621.40772722	
-5.7899601709	-1621.40842359	
-5.79097901969	-1621.40911856	
-5.79199683148	-1621.40981212	
-5.79301360838	-1621.41050429	
-5.7940293525	-1621.41119506	
-5.79504406593	-1621.41188444	
-5.79605775077	-1621.41257243	
-5.79707040908	-1621.41325904	
-5.79808204295	-1621.41394426	
-5.79909265446	-1621.41462811	
-5.80010224566	-1621.41531058	
-5.80111081862	-1621.41599168	
-5.80211837538	-1621.41667141	
-5.80312491799	-1621.41734978	
-5.80413044849	-1621.41802678	
-5.80513496892	-1621.41870243	
-5.80613848129	-1621.41937672	
-5.80714098764	-1621.42004965	
-5.80814248998	-1621.42072124	
-5.80914299031	-1621.42139148	
