# log_p 	 lnL 	 
0.0	-1687.34667077	
-0.287682072452	-1687.33901592	
-0.510825623766	-1687.331389	
-0.69314718056	-1687.32489563	
-0.847297860387	-1687.31960585	
-0.980829253012	-1687.31521065	
-1.09861228867	-1687.31135496	
-1.20397280433	-1687.30774524	
-1.29928298413	-1687.30416537	
-1.38629436112	-1687.30046542	
-1.46633706879	-1687.29654615	
-1.54044504095	-1687.29234575	
-1.60943791243	-1687.28782967	
-1.67397643357	-1687.28298311	
-1.73460105539	-1687.2778054	
-1.79175946923	-1687.27230584	
-1.8458266905	-1687.26650062	
-1.89711998489	-1687.26041046	
-1.94591014906	-1687.25405889	
-1.99243016469	-1687.24747091	
-2.03688192726	-1687.24067208	
-2.07944154168	-1687.2336878	
-2.1202635362	-1687.22654282	
-2.15948424935	-1687.21926091	
-2.19722457734	-1687.21186458	
-2.23359222151	-1687.20437503	
-2.26868354132	-1687.19681201	
-2.30258509299	-1687.1891938	
-2.33537491582	-1687.18153726	
-2.36712361413	-1687.17385781	
-2.3978952728	-1687.16616955	
-2.42774823595	-1687.15848527	
-2.45673577282	-1687.15081652	
-2.48490664979	-1687.14317374	
-2.51230562398	-1687.13556627	
-2.53897387106	-1687.12800248	
-2.56494935746	-1687.1204898	
-2.59026716545	-1687.11303484	
-2.61495977804	-1687.1056434	
-2.63905732962	-1687.0983206	
-2.66258782703	-1687.09107087	
-2.68557734525	-1687.08389806	
-2.7080502011	-1687.07680549	
-2.73002910782	-1687.06979597	
-2.75153531304	-1687.06287186	
-2.77258872224	-1687.05603512	
-2.79320800944	-1687.04928733	
-2.81341071676	-1687.04262977	
-2.83321334406	-1687.03606337	
-2.85263142991	-1687.02958884	
-2.87167962488	-1687.02320661	
-2.8903717579	-1687.01691692	
-2.90872089656	-1687.01071979	
-2.92673940207	-1687.0046151	
-2.94443897917	-1686.99860253	
-2.96183072188	-1686.99268166	
-2.97892515524	-1686.98685194	
-2.99573227355	-1686.98111269	
-3.01226157551	-1686.97546317	
-3.02852209638	-1686.96990253	
-3.04452243772	-1686.96442986	
-3.06027079469	-1686.95904418	
-3.07577498123	-1686.95374447	
-3.09104245336	-1686.94852965	
-3.10608033072	-1686.9433986	
-3.12089541651	-1686.93835019	
-3.13549421593	-1686.93338323	
-3.14988295338	-1686.92849653	
-3.16406758837	-1686.92368887	
-3.17805383035	-1686.91895905	
-3.19184715248	-1686.91430581	
-3.20545280454	-1686.90972793	
-3.21887582487	-1686.90522416	
-3.23212105162	-1686.90079326	
-3.24519313319	-1686.896434	
-3.25809653802	-1686.89214515	
-3.2708355638	-1686.88792547	
-3.28341434601	-1686.88377375	
-3.295836866	-1686.87968878	
-3.3081069586	-1686.87566938	
-3.32022831913	-1686.87171435	
-3.33220451018	-1686.86782253	
-3.34403896782	-1686.86399276	
-3.35573500759	-1686.8602239	
-3.36729582999	-1686.85651482	
-3.37872452581	-1686.85286443	
-3.39002408106	-1686.84927162	
-3.40119738166	-1686.84573533	
-3.41224721785	-1686.84225449	
-3.42317628838	-1686.83882807	
-3.43398720449	-1686.83545504	
-3.4446824936	-1686.83213439	
-3.45526460293	-1686.82886515	
-3.4657359028	-1686.82564635	
-3.47609868984	-1686.82247702	
-3.48635519	-1686.81935624	
-3.49650756147	-1686.81628309	
-3.50655789732	-1686.81325667	
-3.51650822817	-1686.81027611	
-3.52636052462	-1686.80734053	
-3.53611669956	-1686.80444908	
-3.54577861047	-1686.80160095	
-3.55534806149	-1686.79879531	
-3.56482680544	-1686.79603137	
-3.57421654579	-1686.79330834	
-3.58351893846	-1686.79062546	
-3.59273559356	-1686.78798198	
-3.60186807712	-1686.78537717	
-3.61091791264	-1686.7828103	
-3.61988658263	-1686.78028066	
-3.62877553004	-1686.77778758	
-3.63758615973	-1686.77533037	
-3.6463198397	-1686.77290837	
-3.65497790244	-1686.77052093	
-3.66356164613	-1686.76816742	
-3.6720723358	-1686.76584722	
-3.68051120444	-1686.76355971	
-3.68887945411	-1686.76130431	
-3.69717825693	-1686.75908043	
-3.70540875607	-1686.75688749	
-3.7135720667	-1686.75472494	
-3.72166927694	-1686.75259224	
-3.72970144863	-1686.75048883	
-3.73766961828	-1686.74841421	
-3.74557479779	-1686.74636786	
-3.75341797525	-1686.74434927	
-3.76120011569	-1686.74235795	
-3.76892216179	-1686.74039342	
-3.77658503453	-1686.7384552	
-3.78418963392	-1686.73654284	
-3.79173683955	-1686.73465588	
-3.79922751128	-1686.73279388	
-3.80666248977	-1686.7309564	
-3.81404259707	-1686.72914302	
-3.82136863716	-1686.72735333	
-3.82864139649	-1686.7255869	
-3.83586164446	-1686.72384335	
-3.84303013394	-1686.72212229	
-3.85014760171	-1686.72042332	
-3.85721476893	-1686.71874608	
-3.86423234159	-1686.71709019	
-3.87120101091	-1686.71545531	
-3.87812145375	-1686.71384106	
-3.88499433304	-1686.71224711	
-3.89182029811	-1686.71067312	
-3.8985999851	-1686.70911876	
-3.90533401728	-1686.7075837	
-3.91202300543	-1686.70606762	
-3.91866754815	-1686.70457021	
-3.92526823218	-1686.70309117	
-3.93182563272	-1686.70163019	
-3.93834031375	-1686.70018698	
-3.94481282825	-1686.69876125	
-3.95124371858	-1686.69735271	
-3.95763351668	-1686.6959611	
-3.96398274436	-1686.69458614	
-3.97029191355	-1686.69322757	
-3.97656152657	-1686.69188512	
-3.98279207632	-1686.69055853	
-3.98898404656	-1686.68924756	
-3.99513791214	-1686.68795196	
-4.00125413916	-1686.68667148	
-4.00733318523	-1686.6854059	
-4.01337549969	-1686.68415498	
-4.01938152375	-1686.68291849	
-4.02535169074	-1686.6816962	
-4.03128642625	-1686.68048791	
-4.03718614838	-1686.67929339	
-4.04305126783	-1686.67811243	
-4.04888218815	-1686.67694482	
-4.05467930583	-1686.67579037	
-4.06044301055	-1686.67464887	
-4.06617368526	-1686.67352013	
-4.07187170637	-1686.67240396	
-4.07753744391	-1686.67130016	
-4.08317126162	-1686.67020855	
-4.08877351717	-1686.66912896	
-4.09434456222	-1686.66806119	
-4.0998847426	-1686.66700509	
-4.10539439841	-1686.66596047	
-4.11087386417	-1686.66492717	
-4.11632346894	-1686.66390502	
-4.12174353641	-1686.66289386	
-4.12713438505	-1686.66189353	
-4.13249632819	-1686.66090388	
-4.13782967416	-1686.65992474	
-4.14313472639	-1686.65895597	
-4.14841178349	-1686.65799742	
-4.15366113938	-1686.65704894	
-4.15888308336	-1686.6561104	
-4.16407790024	-1686.65518164	
-4.1692458704	-1686.65426254	
-4.1743872699	-1686.65335295	
-4.17950237056	-1686.65245275	
-4.18459144007	-1686.6515618	
-4.18965474203	-1686.65067997	
-4.19469253606	-1686.64980713	
-4.19970507788	-1686.64894317	
-4.20469261939	-1686.64808795	
-4.20965540873	-1686.64724137	
-4.21459369037	-1686.64640329	
-4.21950770518	-1686.64557361	
-4.22439769047	-1686.64475222	
-4.22926388012	-1686.64393899	
-4.2341065046	-1686.64313381	
-4.23892579103	-1686.64233659	
-4.2437219633	-1686.64154721	
-4.24849524205	-1686.64076557	
-4.25324584481	-1686.63999157	
-4.257973986	-1686.63922509	
-4.26267987704	-1686.63846606	
-4.26736372635	-1686.63771436	
-4.27202573946	-1686.63696989	
-4.27666611902	-1686.63623258	
-4.28128506487	-1686.63550231	
-4.28588277412	-1686.634779	
-4.29045944115	-1686.63406257	
-4.29501525768	-1686.63335291	
-4.29955041285	-1686.63264995	
-4.3040650932	-1686.63195359	
-4.30855948279	-1686.63126376	
-4.31303376319	-1686.63058037	
-4.31748811354	-1686.62990333	
-4.3219227106	-1686.62923257	
-4.32633772881	-1686.62856801	
-4.33073334029	-1686.62790957	
-4.33510971489	-1686.62725717	
-4.33946702026	-1686.62661073	
-4.34380542185	-1686.62597019	
-4.348125083	-1686.62533547	
-4.3524261649	-1686.6247065	
-4.35670882669	-1686.6240832	
-4.36097322548	-1686.62346551	
-4.36521951636	-1686.62285335	
-4.36944785247	-1686.62224667	
-4.373658385	-1686.62164538	
-4.37785126326	-1686.62104944	
-4.38202663467	-1686.62045877	
-4.38618464482	-1686.6198733	
-4.39032543749	-1686.61929298	
-4.39444915467	-1686.61871775	
-4.39855593663	-1686.61814754	
-4.40264592188	-1686.61758229	
-4.40671924726	-1686.61702194	
-4.41077604796	-1686.61646645	
-4.4148164575	-1686.61591574	
-4.4188406078	-1686.61536976	
-4.42284862919	-1686.61482846	
-4.42684065046	-1686.61429178	
-4.43081679884	-1686.61375966	
-4.43477720006	-1686.61323207	
-4.43872197835	-1686.61270893	
-4.44265125649	-1686.61219021	
-4.44656515581	-1686.61167584	
-4.45046379623	-1686.61116578	
-4.45434729625	-1686.61065999	
-4.45821577303	-1686.6101584	
-4.46206934235	-1686.60966098	
-4.46590811865	-1686.60916767	
-4.46973221509	-1686.60867843	
-4.47354174351	-1686.60819322	
-4.47733681448	-1686.60771198	
-4.48111753732	-1686.60723468	
-4.48488402011	-1686.60676126	
-4.48863636973	-1686.60629169	
-4.49237469184	-1686.60582592	
-4.49609909093	-1686.60536392	
-4.49980967033	-1686.60490563	
-4.50350653221	-1686.60445102	
-4.50718977763	-1686.60400005	
-4.51085950652	-1686.60355267	
-4.51451581772	-1686.60310885	
-4.518158809	-1686.60266855	
-4.52178857705	-1686.60223173	
-4.52540521752	-1686.60179836	
-4.52900882502	-1686.60136839	
-4.53259949315	-1686.60094179	
-4.5361773145	-1686.60051852	
-4.53974238067	-1686.60009855	
-4.54329478227	-1686.59968183	
-4.54683460898	-1686.59926835	
-4.55036194949	-1686.59885806	
-4.5538768916	-1686.59845093	
-4.55737952215	-1686.59804692	
-4.56086992709	-1686.59764601	
-4.56434819147	-1686.59724815	
-4.56781439944	-1686.59685332	
-4.57126863431	-1686.59646149	
-4.5747109785	-1686.59607262	
-4.5781415136	-1686.59568669	
-4.58156032035	-1686.59530366	
-4.58496747867	-1686.5949235	
-4.58836306767	-1686.59454619	
-4.59174716566	-1686.59417169	
-4.59511985013	-1686.59379998	
-4.59848119784	-1686.59343102	
-4.60183128472	-1686.59306479	
-4.60517018599	-1686.59270127	
-4.60849797608	-1686.59234041	
-4.61181472871	-1686.59198221	
-4.61512051684	-1686.59162662	
-4.61841541274	-1686.59127363	
-4.62169948794	-1686.5909232	
-4.62497281328	-1686.59057532	
-4.62823545892	-1686.59022995	
-4.63148749431	-1686.58988707	
-4.63472898823	-1686.58954666	
-4.63796000881	-1686.58920869	
-4.64118062351	-1686.58887314	
-4.64439089914	-1686.58853999	
-4.64759090187	-1686.5882092	
-4.65078069724	-1686.58788076	
-4.65396035016	-1686.58755465	
-4.65712992492	-1686.58723084	
-4.66028948521	-1686.5869093	
-4.66343909411	-1686.58659002	
-4.66657881412	-1686.58627298	
-4.66970870713	-1686.58595816	
-4.67282883446	-1686.58564552	
-4.67593925688	-1686.58533506	
-4.67904003455	-1686.58502674	
-4.68213122712	-1686.58472056	
-4.68521289366	-1686.58441648	
-4.6882850927	-1686.5841145	
-4.69134788223	-1686.58381458	
-4.69440131972	-1686.58351672	
-4.6974454621	-1686.58322088	
-4.70048036579	-1686.58292706	
-4.70350608671	-1686.58263523	
-4.70652268025	-1686.58234537	
-4.70953020131	-1686.58205747	
-4.71252870431	-1686.58177151	
-4.71551824316	-1686.58148747	
-4.7184988713	-1686.58120533	
-4.72147064168	-1686.58092507	
-4.72443360681	-1686.58064668	
-4.72738781871	-1686.58037014	
-4.73033332894	-1686.58009543	
-4.73327018862	-1686.57982253	
-4.73619844839	-1686.57955144	
-4.7391181585	-1686.57928213	
-4.74202936871	-1686.57901458	
-4.74493212836	-1686.57874879	
-4.74782648639	-1686.57848473	
-4.75071249128	-1686.57822239	
-4.75359019111	-1686.57796175	
-4.75645963353	-1686.57770281	
-4.75932086582	-1686.57744553	
-4.7621739348	-1686.57718991	
-4.76501888693	-1686.57693594	
-4.76785576827	-1686.57668359	
-4.77068462447	-1686.57643286	
-4.77350550081	-1686.57618373	
-4.77631844218	-1686.57593619	
-4.77912349311	-1686.57569022	
-4.78192069773	-1686.5754458	
-4.78471009982	-1686.57520293	
-4.78749174278	-1686.57496159	
-4.79026566966	-1686.57472177	
-4.79303192316	-1686.57448345	
-4.7957905456	-1686.57424663	
-4.79854157897	-1686.57401128	
-4.80128506491	-1686.5737774	
-4.80402104473	-1686.57354497	
-4.80674955939	-1686.57331398	
-4.8094706495	-1686.57308442	
-4.81218435537	-1686.57285628	
-4.81489071697	-1686.57262954	
-4.81758977394	-1686.57240419	
-4.82028156561	-1686.57218022	
-4.82296613098	-1686.57195762	
-4.82564350875	-1686.57173637	
-4.8283137373	-1686.57151648	
-4.83097685472	-1686.57129791	
-4.83363289878	-1686.57108067	
-4.83628190695	-1686.57086474	
-4.83892391641	-1686.57065011	
-4.84155896405	-1686.57043677	
-4.84418708646	-1686.57022471	
-4.84680831994	-1686.57001392	
-4.84942270051	-1686.56980438	
-4.85203026392	-1686.5695961	
-4.85463104562	-1686.56938905	
-4.8572250808	-1686.56918322	
-4.85981240436	-1686.56897862	
-4.86239305096	-1686.56877522	
-4.86496705495	-1686.56857301	
-4.86753445046	-1686.568372	
-4.87009527132	-1686.56817216	
-4.87264955112	-1686.56797349	
-4.8751973232	-1686.56777598	
-4.87773862063	-1686.56757962	
-4.88027347623	-1686.5673844	
-4.88280192259	-1686.56719031	
-4.88532399202	-1686.56699734	
-4.88783971662	-1686.56680548	
-4.89034912822	-1686.56661473	
-4.89285225844	-1686.56642507	
-4.89534913864	-1686.56623649	
-4.89783979995	-1686.566049	
-4.90032427328	-1686.56586257	
-4.90280258929	-1686.56567721	
-4.90527477844	-1686.5654929	
-4.90774087093	-1686.56530963	
-4.91020089677	-1686.56512739	
-4.91265488574	-1686.56494618	
-4.91510286737	-1686.564766	
-4.91754487103	-1686.56458682	
-4.91998092583	-1686.56440865	
-4.92241106068	-1686.56423147	
-4.92483530429	-1686.56405529	
-4.92725368516	-1686.56388008	
-4.92966623156	-1686.56370584	
-4.93207297159	-1686.56353257	
-4.93447393313	-1686.56336026	
-4.93686914386	-1686.5631889	
-4.93925863125	-1686.56301848	
-4.94164242261	-1686.562849	
-4.94402054501	-1686.56268044	
-4.94639302537	-1686.56251281	
-4.94875989038	-1686.56234609	
-4.95112116656	-1686.56218028	
-4.95347688026	-1686.56201538	
-4.9558270576	-1686.56185136	
-4.95817172456	-1686.56168823	
-4.96051090691	-1686.56152599	
-4.96284463026	-1686.56136462	
-4.96517292002	-1686.56120411	
-4.96749580144	-1686.56104447	
-4.96981329958	-1686.56088568	
-4.97212543933	-1686.56072774	
-4.97443224543	-1686.56057064	
-4.97673374242	-1686.56041437	
-4.97902995468	-1686.56025894	
-4.98132090643	-1686.56010433	
-4.98360662171	-1686.55995054	
-4.98588712441	-1686.55979755	
-4.98816243824	-1686.55964538	
-4.99043258678	-1686.559494	
-4.99269759341	-1686.55934342	
-4.99495748138	-1686.55919362	
-4.99721227376	-1686.55904461	
-4.9994619935	-1686.55889637	
-5.00170666335	-1686.5587489	
-5.00394630595	-1686.5586022	
-5.00618094375	-1686.55845626	
-5.00841059907	-1686.55831107	
-5.0106352941	-1686.55816663	
-5.01285505083	-1686.55802293	
-5.01506989116	-1686.55787997	
-5.01727983681	-1686.55773775	
-5.01948490937	-1686.55759625	
-5.02168513028	-1686.55745547	
-5.02388052085	-1686.55731542	
-5.02607110223	-1686.55717607	
-5.02825689545	-1686.55703743	
-5.03043792139	-1686.55689949	
-5.03261420082	-1686.55676225	
-5.03478575433	-1686.5566257	
-5.03695260241	-1686.55648984	
-5.03911476542	-1686.55635466	
-5.04127226356	-1686.55622016	
-5.04342511692	-1686.55608633	
-5.04557334546	-1686.55595317	
-5.047716969	-1686.55582067	
-5.04985600725	-1686.55568884	
-5.05199047978	-1686.55555765	
-5.05412040604	-1686.55542712	
-5.05624580535	-1686.55529723	
-5.05836669692	-1686.55516798	
-5.06048309982	-1686.55503937	
-5.06259503303	-1686.55491139	
-5.06470251537	-1686.55478404	
-5.06680556556	-1686.55465732	
-5.06890420222	-1686.55453121	
-5.07099844382	-1686.55440571	
-5.07308830874	-1686.55428083	
-5.07517381523	-1686.55415656	
-5.07725498144	-1686.55403288	
-5.07933182538	-1686.55390981	
-5.08140436498	-1686.55378733	
-5.08347261805	-1686.55366544	
-5.08553660227	-1686.55354413	
-5.08759633523	-1686.55342341	
-5.08965183441	-1686.55330327	
-5.09170311719	-1686.5531837	
-5.09375020081	-1686.55306471	
-5.09579310244	-1686.55294628	
-5.09783183913	-1686.55282841	
-5.09986642782	-1686.5527111	
-5.10189688537	-1686.55259435	
-5.10392322852	-1686.55247815	
-5.1059454739	-1686.5523625	
-5.10796363806	-1686.5522474	
-5.10997773743	-1686.55213283	
-5.11198778836	-1686.5520188	
-5.11399380708	-1686.55190531	
-5.11599580975	-1686.55179235	
-5.11799381242	-1686.55167992	
-5.11998783102	-1686.55156801	
-5.12197788143	-1686.55145662	
-5.1239639794	-1686.55134574	
-5.12594614061	-1686.55123538	
-5.12792438062	-1686.55112553	
-5.12989871492	-1686.55101619	
-5.13186915891	-1686.55090735	
-5.13383572788	-1686.55079901	
-5.13579843705	-1686.55069117	
-5.13775730154	-1686.55058383	
-5.13971233637	-1686.55047697	
-5.1416635565	-1686.5503706	
-5.14361097679	-1686.55026472	
-5.145554612	-1686.55015932	
-5.14749447681	-1686.5500544	
-5.14943058584	-1686.54994995	
-5.15136295359	-1686.54984597	
-5.1532915945	-1686.54974247	
-5.15521652291	-1686.54963943	
-5.15713775309	-1686.54953685	
-5.15905529921	-1686.54943474	
-5.1609691754	-1686.54933308	
-5.16287939565	-1686.54923188	
-5.16478597392	-1686.54913113	
-5.16668892407	-1686.54903083	
-5.16858825987	-1686.54893097	
-5.17048399504	-1686.54883156	
-5.17237614319	-1686.54873259	
-5.17426471788	-1686.54863406	
-5.17614973257	-1686.54853596	
-5.17803120067	-1686.5484383	
-5.1799091355	-1686.54834106	
-5.18178355029	-1686.54824426	
-5.18365445823	-1686.54814787	
-5.1855218724	-1686.54805191	
-5.18738580584	-1686.54795637	
-5.18924627149	-1686.54786125	
-5.19110328224	-1686.54776654	
-5.19295685089	-1686.54767224	
-5.19480699018	-1686.54757836	
-5.19665371277	-1686.54748488	
-5.19849703127	-1686.5473918	
-5.20033695819	-1686.54729913	
-5.202173506	-1686.54720685	
-5.20400668708	-1686.54711497	
-5.20583651375	-1686.54702349	
-5.20766299828	-1686.5469324	
-5.20948615284	-1686.5468417	
-5.21130598956	-1686.54675139	
-5.21312252048	-1686.54666146	
-5.21493575761	-1686.54657191	
-5.21674571285	-1686.54648275	
-5.21855239808	-1686.54639396	
-5.22035582508	-1686.54630556	
-5.22215600558	-1686.54621752	
-5.22395295126	-1686.54612986	
-5.22574667371	-1686.54604256	
-5.22753718449	-1686.54595564	
-5.22932449506	-1686.54586908	
-5.23110861685	-1686.54578288	
-5.23288956123	-1686.54569704	
-5.23466733947	-1686.54561156	
-5.23644196283	-1686.54552644	
-5.23821344248	-1686.54544167	
-5.23998178954	-1686.54535726	
-5.24174701506	-1686.54527319	
-5.24350913005	-1686.54518948	
-5.24526814546	-1686.54510611	
-5.24702407216	-1686.54502308	
-5.24877692099	-1686.5449404	
-5.25052670271	-1686.54485806	
-5.25227342805	-1686.54477606	
-5.25401710765	-1686.54469439	
-5.25575775213	-1686.54461306	
-5.25749537203	-1686.54453206	
-5.25922997784	-1686.54445139	
-5.26096158	-1686.54437105	
-5.2626901889	-1686.54429103	
-5.26441581487	-1686.54421134	
-5.26613846818	-1686.54413198	
-5.26785815906	-1686.54405294	
-5.26957489768	-1686.54397421	
-5.27128869416	-1686.5438958	
-5.27299955856	-1686.54381771	
-5.27470750091	-1686.54373994	
-5.27641253116	-1686.54366247	
-5.27811465923	-1686.54358532	
-5.27981389498	-1686.54350848	
-5.28151024823	-1686.54343194	
-5.28320372874	-1686.54335571	
-5.28489434622	-1686.54327978	
-5.28658211033	-1686.54320415	
-5.28826703069	-1686.54312882	
-5.28994911688	-1686.5430538	
-5.2916283784	-1686.54297907	
-5.29330482472	-1686.54290463	
-5.29497846528	-1686.54283049	
-5.29664930945	-1686.54275664	
-5.29831736655	-1686.54268308	
-5.29998264587	-1686.54260981	
-5.30164515664	-1686.54253683	
-5.30330490806	-1686.54246413	
-5.30496190927	-1686.54239172	
-5.30661616936	-1686.54231959	
-5.3082676974	-1686.54224774	
-5.30991650239	-1686.54217617	
-5.3115625933	-1686.54210487	
-5.31320597904	-1686.54203386	
-5.3148466685	-1686.54196311	
-5.3164846705	-1686.54189265	
-5.31811999384	-1686.54182245	
-5.31975264727	-1686.54175252	
-5.32138263948	-1686.54168287	
-5.32300997914	-1686.54161348	
-5.32463467487	-1686.54154436	
-5.32625673524	-1686.5414755	
-5.32787616879	-1686.5414069	
-5.32949298402	-1686.54133857	
-5.33110718937	-1686.54127049	
-5.33271879327	-1686.54120268	
-5.33432780407	-1686.54113512	
-5.33593423012	-1686.54106782	
-5.3375380797	-1686.54100078	
-5.33913936107	-1686.54093398	
-5.34073808243	-1686.54086744	
-5.34233425196	-1686.54080115	
-5.3439278778	-1686.54073511	
-5.34551896803	-1686.54066932	
-5.34710753072	-1686.54060378	
-5.34869357387	-1686.54053848	
-5.35027710548	-1686.54047342	
-5.35185813348	-1686.54040861	
-5.35343666577	-1686.54034404	
-5.35501271022	-1686.54027971	
-5.35658627467	-1686.54021562	
-5.3581573669	-1686.54015177	
-5.35972599468	-1686.54008815	
-5.36129216571	-1686.54002477	
-5.36285588769	-1686.53996162	
-5.36441716825	-1686.53989871	
-5.36597601502	-1686.53983602	
-5.36753243557	-1686.53977357	
-5.36908643744	-1686.53971135	
-5.37063802813	-1686.53964935	
-5.37218721511	-1686.53958759	
-5.37373400583	-1686.53952605	
-5.37527840768	-1686.53946473	
-5.37682042804	-1686.53940364	
-5.37836007422	-1686.53934276	
-5.37989735354	-1686.53928211	
-5.38143227326	-1686.53922168	
-5.38296484061	-1686.53916147	
-5.38449506279	-1686.53910148	
-5.38602294697	-1686.5390417	
-5.38754850028	-1686.53898214	
-5.38907172982	-1686.5389228	
-5.39059264266	-1686.53886366	
-5.39211124583	-1686.53880474	
-5.39362754635	-1686.53874603	
-5.39514155118	-1686.53868754	
-5.39665326727	-1686.53862925	
-5.39816270152	-1686.53857116	
-5.39966986081	-1686.53851329	
-5.40117475199	-1686.53845562	
-5.40267738187	-1686.53839816	
-5.40417775725	-1686.5383409	
-5.40567588487	-1686.53828384	
-5.40717177146	-1686.53822698	
-5.40866542372	-1686.53817033	
-5.4101568483	-1686.53811388	
-5.41164605186	-1686.53805762	
-5.41313304098	-1686.53800156	
-5.41461782224	-1686.5379457	
-5.4161004022	-1686.53789004	
-5.41758078737	-1686.53783457	
-5.41905898424	-1686.53777929	
-5.42053499927	-1686.53772421	
-5.42200883889	-1686.53766932	
-5.4234805095	-1686.53761462	
-5.42495001748	-1686.53756011	
-5.42641736918	-1686.53750579	
-5.4278825709	-1686.53745166	
-5.42934562895	-1686.53739772	
-5.43080654959	-1686.53734396	
-5.43226533906	-1686.53729039	
-5.43372200355	-1686.537237	
-5.43517654927	-1686.5371838	
-5.43662898235	-1686.53713078	
-5.43807930892	-1686.53707794	
-5.4395275351	-1686.53702528	
-5.44097366695	-1686.5369728	
-5.44241771052	-1686.53692051	
-5.44385967184	-1686.53686839	
-5.4452995569	-1686.53681645	
-5.44673737167	-1686.53676468	
-5.44817312209	-1686.53671309	
-5.44960681409	-1686.53666168	
-5.45103845357	-1686.53661044	
-5.45246804638	-1686.53655937	
-5.45389559837	-1686.53650848	
-5.45532111536	-1686.53645776	
-5.45674460314	-1686.53640721	
-5.45816606749	-1686.53635683	
-5.45958551414	-1686.53630662	
-5.46100294883	-1686.53625657	
-5.46241837723	-1686.5362067	
-5.46383180503	-1686.53615699	
-5.46524323786	-1686.53610745	
-5.46665268137	-1686.53605807	
-5.46806014114	-1686.53600886	
-5.46946562274	-1686.53595981	
-5.47086913175	-1686.53591093	
-5.47227067367	-1686.53586221	
-5.47367025403	-1686.53581365	
-5.47506787829	-1686.53576525	
-5.47646355193	-1686.53571701	
-5.47785728038	-1686.53566892	
-5.47924906905	-1686.535621	
-5.48063892334	-1686.53557324	
-5.48202684862	-1686.53552563	
-5.48341285022	-1686.53547818	
-5.48479693349	-1686.53543088	
-5.48617910372	-1686.53538374	
-5.48755936619	-1686.53533676	
-5.48893772616	-1686.53528992	
-5.49031418887	-1686.53524324	
-5.49168875953	-1686.53519671	
-5.49306144334	-1686.53515034	
-5.49443224547	-1686.53510411	
-5.49580117108	-1686.53505803	
-5.49716822529	-1686.53501211	
-5.49853341322	-1686.53496633	
-5.49989673995	-1686.5349207	
-5.50125821054	-1686.53487521	
-5.50261783006	-1686.53482987	
-5.50397560352	-1686.53478468	
-5.50533153593	-1686.53473964	
-5.50668563228	-1686.53469474	
-5.50803789753	-1686.53464998	
-5.50938833663	-1686.53460536	
-5.5107369545	-1686.53456089	
-5.51208375605	-1686.53451656	
-5.51342874616	-1686.53447237	
-5.51477192971	-1686.53442833	
-5.51611331154	-1686.53438442	
-5.51745289646	-1686.53434065	
-5.51879068931	-1686.53429702	
-5.52012669485	-1686.53425353	
-5.52146091786	-1686.53421017	
-5.5227933631	-1686.53416696	
-5.52412403528	-1686.53412388	
-5.52545293913	-1686.53408093	
-5.52678007934	-1686.53403812	
-5.52810546058	-1686.53399544	
-5.52942908751	-1686.5339529	
-5.53075096477	-1686.53391049	
-5.53207109697	-1686.53386822	
-5.53338948873	-1686.53382607	
-5.53470614461	-1686.53378406	
-5.53602106919	-1686.53374218	
-5.53733426702	-1686.53370043	
-5.53864574262	-1686.53365881	
-5.5399555005	-1686.53361732	
-5.54126354516	-1686.53357595	
-5.54256988107	-1686.53353472	
-5.5438745127	-1686.53349361	
-5.54517744448	-1686.53345263	
-5.54647868084	-1686.53341178	
-5.54777822618	-1686.53337105	
-5.5490760849	-1686.53333045	
-5.55037226136	-1686.53328997	
-5.55166675992	-1686.53324961	
-5.55295958492	-1686.53320938	
-5.55425074069	-1686.53316928	
-5.55554023152	-1686.53312929	
-5.5568280617	-1686.53308943	
-5.55811423551	-1686.53304969	
-5.5593987572	-1686.53301007	
-5.56068163102	-1686.53297057	
-5.56196286117	-1686.53293119	
-5.56324245188	-1686.53289193	
-5.56452040732	-1686.53285279	
-5.56579673168	-1686.53281377	
-5.56707142911	-1686.53277486	
-5.56834450376	-1686.53273607	
-5.56961595975	-1686.5326974	
-5.57088580119	-1686.53265885	
-5.57215403218	-1686.53262041	
-5.57342065679	-1686.53258209	
-5.5746856791	-1686.53254388	
-5.57594910315	-1686.53250579	
-5.57721093297	-1686.53246781	
-5.57847117258	-1686.53242994	
-5.57972982599	-1686.53239219	
-5.58098689718	-1686.53235455	
-5.58224239012	-1686.53231702	
-5.58349630878	-1686.53227961	
-5.5847486571	-1686.5322423	
-5.585999439	-1686.53220511	
-5.5872486584	-1686.53216802	
-5.5884963192	-1686.53213105	
-5.58974242528	-1686.53209418	
-5.59098698051	-1686.53205742	
-5.59222998875	-1686.53202078	
-5.59347145384	-1686.53198423	
-5.5947113796	-1686.5319478	
-5.59594976985	-1686.53191148	
-5.59718662839	-1686.53187526	
-5.598421959	-1686.53183914	
-5.59965576545	-1686.53180313	
-5.60088805149	-1686.53176723	
-5.60211882088	-1686.53173143	
-5.60334807733	-1686.53169574	
-5.60457582457	-1686.53166015	
-5.6058020663	-1686.53162466	
-5.60702680619	-1686.53158928	
-5.60825004793	-1686.531554	
-5.60947179518	-1686.53151882	
-5.61069205159	-1686.53148374	
-5.61191082078	-1686.53144877	
-5.61312810639	-1686.53141389	
-5.61434391201	-1686.53137912	
-5.61555824124	-1686.53134445	
-5.61677109767	-1686.53130987	
-5.61798248485	-1686.5312754	
-5.61919240636	-1686.53124102	
-5.62040086572	-1686.53120675	
-5.62160786647	-1686.53117257	
-5.62281341212	-1686.53113849	
-5.62401750619	-1686.5311045	
-5.62522015215	-1686.53107061	
-5.6264213535	-1686.53103682	
-5.62762111369	-1686.53100313	
-5.62881943618	-1686.53096953	
-5.63001632442	-1686.53093603	
-5.63121178182	-1686.53090262	
-5.63240581181	-1686.5308693	
-5.6335984178	-1686.53083608	
-5.63478960317	-1686.53080296	
-5.6359793713	-1686.53076993	
-5.63716772557	-1686.53073699	
-5.63835466933	-1686.53070414	
-5.63954020593	-1686.53067139	
-5.64072433869	-1686.53063872	
-5.64190707094	-1686.53060615	
-5.64308840598	-1686.53057367	
-5.64426834712	-1686.53054128	
-5.64544689764	-1686.53050899	
-5.64662406082	-1686.53047678	
-5.64779983991	-1686.53044466	
-5.64897423816	-1686.53041263	
-5.65014725882	-1686.53038069	
-5.65131890512	-1686.53034884	
-5.65248918027	-1686.53031708	
-5.65365808747	-1686.5302854	
-5.65482562993	-1686.53025382	
-5.65599181082	-1686.53022232	
-5.65715663332	-1686.5301909	
-5.65832010058	-1686.53015958	
-5.65948221576	-1686.53012834	
-5.660642982	-1686.53009718	
-5.66180240242	-1686.53006612	
-5.66296048014	-1686.53003513	
-5.66411721826	-1686.53000424	
-5.66527261989	-1686.52997342	
-5.66642668811	-1686.52994269	
-5.66757942599	-1686.52991205	
-5.6687308366	-1686.52988149	
-5.66988092298	-1686.52985101	
-5.67102968818	-1686.52982061	
-5.67217713524	-1686.5297903	
-5.67332326717	-1686.52976007	
-5.67446808699	-1686.52972993	
-5.67561159769	-1686.52969986	
-5.67675380227	-1686.52966987	
-5.6778947037	-1686.52963997	
-5.67903430497	-1686.52961015	
-5.68017260902	-1686.52958041	
-5.6813096188	-1686.52955074	
-5.68244533727	-1686.52952116	
-5.68357976734	-1686.52949166	
-5.68471291194	-1686.52946223	
-5.68584477397	-1686.52943289	
-5.68697535634	-1686.52940362	
-5.68810466194	-1686.52937444	
-5.68923269364	-1686.52934533	
-5.69035945432	-1686.5293163	
-5.69148494685	-1686.52928734	
-5.69260917406	-1686.52925846	
-5.6937321388	-1686.52922966	
-5.69485384391	-1686.52920094	
-5.69597429221	-1686.52917229	
-5.69709348651	-1686.52914372	
-5.69821142961	-1686.52911523	
-5.69932812431	-1686.5290868	
-5.70044357339	-1686.52905846	
-5.70155777963	-1686.52903019	
-5.7026707458	-1686.52900199	
-5.70378247466	-1686.52897387	
-5.70489296894	-1686.52894582	
-5.70600223139	-1686.52891785	
-5.70711026475	-1686.52888995	
-5.70821707172	-1686.52886212	
-5.70932265503	-1686.52883437	
-5.71042701737	-1686.52880669	
-5.71153016145	-1686.52877908	
-5.71263208993	-1686.52875154	
-5.71373280551	-1686.52872408	
-5.71483231084	-1686.52869668	
-5.71593060859	-1686.52866936	
-5.71702770141	-1686.52864211	
-5.71812359193	-1686.52861493	
-5.71921828279	-1686.52858782	
-5.72031177661	-1686.52856078	
-5.72140407601	-1686.52853381	
-5.72249518359	-1686.52850691	
-5.72358510195	-1686.52848008	
-5.72467383369	-1686.52845332	
-5.72576138137	-1686.52842662	
-5.72684774759	-1686.5284	
-5.72793293489	-1686.52837345	
-5.72901694583	-1686.52834696	
-5.73009978297	-1686.52832054	
-5.73118144884	-1686.52829419	
-5.73226194598	-1686.5282679	
-5.7333412769	-1686.52824169	
-5.73441944412	-1686.52821554	
-5.73549645015	-1686.52818945	
-5.73657229748	-1686.52816344	
-5.73764698861	-1686.52813749	
-5.73872052602	-1686.5281116	
-5.73979291218	-1686.52808579	
-5.74086414956	-1686.52806003	
-5.74193424062	-1686.52803434	
-5.74300318781	-1686.52800872	
-5.74407099357	-1686.52798316	
-5.74513766034	-1686.52795767	
-5.74620319054	-1686.52793224	
-5.7472675866	-1686.52790688	
-5.74833085092	-1686.52788158	
-5.74939298591	-1686.52785634	
-5.75045399397	-1686.52783116	
-5.75151387748	-1686.52780605	
-5.75257263883	-1686.52778101	
-5.75363028038	-1686.52775602	
-5.75468680452	-1686.5277311	
-5.75574221359	-1686.52770624	
-5.75679650994	-1686.52768144	
-5.75784969593	-1686.52765671	
-5.75890177388	-1686.52763203	
-5.75995274612	-1686.52760742	
-5.76100261499	-1686.52758287	
-5.76205138278	-1686.52755838	
-5.76309905181	-1686.52753394	
-5.76414562438	-1686.52750958	
-5.76519110278	-1686.52748527	
-5.7662354893	-1686.52746102	
-5.76727878622	-1686.52743683	
-5.76832099579	-1686.5274127	
-5.7693621203	-1686.52738863	
-5.770402162	-1686.52736462	
-5.77144112313	-1686.52734067	
-5.77247900594	-1686.52731677	
-5.77351581267	-1686.52729294	
-5.77455154554	-1686.52726916	
-5.77558620679	-1686.52724545	
-5.77661979861	-1686.52722179	
-5.77765232322	-1686.52719819	
-5.77868378283	-1686.52717464	
-5.77971417962	-1686.52715116	
-5.78074351579	-1686.52712773	
-5.78177179352	-1686.52710435	
-5.78279901497	-1686.52708104	
-5.78382518233	-1686.52705778	
-5.78485029774	-1686.52703458	
-5.78587436337	-1686.52701143	
-5.78689738137	-1686.52698834	
-5.78791935386	-1686.52696531	
-5.788940283	-1686.52694233	
-5.7899601709	-1686.52691941	
-5.79097901969	-1686.52689654	
-5.79199683148	-1686.52687373	
-5.79301360838	-1686.52685097	
-5.7940293525	-1686.52682827	
-5.79504406593	-1686.52680562	
-5.79605775077	-1686.52678302	
-5.79707040908	-1686.52676048	
-5.79808204295	-1686.526738	
-5.79909265446	-1686.52671557	
-5.80010224566	-1686.52669319	
-5.80111081862	-1686.52667086	
-5.80211837538	-1686.52664859	
-5.80312491799	-1686.52662637	
-5.80413044849	-1686.52660421	
-5.80513496892	-1686.52658209	
-5.80613848129	-1686.52656003	
-5.80714098764	-1686.52653802	
-5.80814248998	-1686.52651607	
-5.80914299031	-1686.52649416	
