#Site	lnL	
0	-1.80819340088
1	-1.27603031816
2	-4.80077544337
3	-1.34919260971
4	-1.56460852976
5	-10.3389152274
6	-1.34919260971
7	-1.30294414027
8	-5.80124128525
9	-1.34919260971
10	-1.30294414027
11	-8.14895288352
12	-1.32917736844
13	-1.27603031816
14	-7.01684095389
15	-1.34919260971
16	-8.49782981031
17	-3.48866766592
18	-1.34919260971
19	-1.30294414027
20	-4.62238671366
21	-1.32917736844
22	-1.30294414027
23	-6.14350021704
24	-1.32917736844
25	-1.30294414027
26	-7.65878578005
27	-1.63233682344
28	-1.56460852976
29	-3.25210804356
30	-1.80819340088
31	-7.55821946153
32	-7.00474951543
33	-1.32917736844
34	-1.27603031816
35	-5.6332901417
36	-6.99537902276
37	-1.74181820164
38	-8.97938998465
39	-1.63233682344
40	-1.74181820164
41	-8.50356297162
42	-1.34919260971
43	-1.27603031816
44	-8.5921597792
45	-1.32917736844
46	-1.74181820164
47	-6.78719120711
48	-1.34919260971
49	-1.27603031816
50	-7.81961748255
51	-6.45646717379
52	-1.27603031816
53	-6.51639729066
54	-1.32917736844
55	-1.30294414027
56	-8.18085684475
57	-1.32917736844
58	-1.27603031816
59	-3.25210804356
60	-1.63233682344
61	-1.56460852976
62	-7.85318636298
63	-1.34919260971
64	-1.30294414027
65	-5.80124128525
66	-1.34919260971
67	-1.30294414027
68	-10.9073730933
69	-1.32917736844
70	-1.27603031816
71	-12.4946108243
72	-1.32917736844
73	-1.30294414027
74	-7.15953789045
75	-1.63233682344
76	-1.27603031816
77	-6.67183550128
78	-1.63233682344
79	-1.30294414027
80	-3.25210804356
81	-1.63233682344
82	-1.30294414027
83	-7.25582191788
84	-1.32917736844
85	-1.56460852976
86	-4.44828094733
87	-1.80819340088
88	-1.30294414027
89	-4.62238671366
90	-1.32917736844
91	-1.56460852976
92	-8.54578713765
93	-1.32917736844
94	-1.56460852976
95	-5.84117793869
96	-1.34919260971
97	-1.74181820164
98	-7.42896535894
99	-1.80819340088
100	-7.77908952735
101	-5.43484685793
102	-1.34919260971
103	-1.27603031816
104	-6.67168052559
105	-1.63233682344
106	-1.30294414027
107	-6.14983470698
108	-1.34919260971
109	-1.56460852976
110	-4.80077544337
111	-6.24373685215
112	-1.74181820164
113	-5.84117793869
114	-1.63233682344
115	-1.30294414027
116	-6.67168052559
117	-1.80819340088
118	-1.27603031816
119	-6.51639729066
120	-1.32917736844
121	-1.74181820164
122	-4.44828094733
123	-1.63233682344
124	-1.74181820164
125	-8.85922821603
126	-1.32917736844
127	-1.74181820164
128	-6.98960806132
129	-1.34919260971
130	-1.30294414027
131	-8.81838981105
132	-1.63233682344
133	-1.27603031816
134	-7.42896535894
135	-1.32917736844
136	-1.74181820164
137	-6.98449188715
138	-7.45852957904
139	-1.27603031816
140	-7.28834129715
141	-1.80819340088
142	-1.56460852976
143	-6.06382570318
144	-1.32917736844
145	-1.56460852976
146	-3.25210804356
147	-1.34919260971
148	-1.27603031816
149	-6.14350021704
150	-1.63233682344
151	-1.27603031816
152	-7.2069830104
153	-1.63233682344
154	-1.56460852976
155	-6.78719120711
156	-1.80819340088
157	-1.27603031816
158	-7.57349338431
159	-1.63233682344
160	-1.74181820164
161	-5.8464788518
162	-1.32917736844
163	-1.27603031816
164	-9.32592073028
165	-1.34919260971
166	-1.30294414027
167	-7.75786027876
168	-1.63233682344
169	-1.30294414027
170	-4.80077544337
171	-1.32917736844
172	-7.77908952735
173	-3.25210804356
174	-1.34919260971
175	-1.56460852976
176	-3.48866766592
177	-1.34919260971
178	-1.30294414027
179	-4.44828094733
180	-1.34919260971
181	-1.30294414027
182	-3.48866766592
183	-7.22222642644
184	-1.27603031816
185	-11.5854005629
186	-1.34919260971
187	-1.30294414027
188	-12.2490003438
189	-1.34919260971
190	-1.74181820164
191	-6.14983470698
192	-1.80819340088
193	-1.27603031816
194	-12.6185787603
195	-1.63233682344
196	-1.30294414027
197	-4.99061718174
198	-1.34919260971
199	-1.74181820164
200	-10.70081084
201	-7.01350059507
202	-1.30294414027
203	-9.03446208187
204	-6.03259553468
205	-1.27603031816
206	-6.31532669642
207	-1.80819340088
208	-1.27603031816
209	-7.74238530423
210	-1.32917736844
211	-1.27603031816
212	-7.30503156015
213	-1.80819340088
214	-6.58511677384
215	-6.11719782087
216	-1.34919260971
217	-1.56460852976
218	-8.37930692649
219	-1.63233682344
220	-1.30294414027
221	-4.44828094733
222	-1.34919260971
223	-1.56460852976
224	-3.25210804356
225	-8.82116119715
226	-1.74181820164
227	-10.0053612249
228	-1.34919260971
229	-1.27603031816
230	-4.99061718174
231	-1.32917736844
232	-1.56460852976
233	-3.25210804356
234	-6.20190368333
235	-1.30294414027
236	-9.371920335
237	-7.01350059507
238	-1.27603031816
239	-5.43484685793
240	-1.32917736844
241	-1.56460852976
242	-4.99061718174
243	-1.63233682344
244	-1.74181820164
245	-5.84117793869
246	-1.32917736844
247	-1.27603031816
248	-4.44828094733
249	-1.32917736844
250	-6.78808682683
251	-5.84117793869
252	-1.32917736844
253	-1.74181820164
254	-5.80124128525
255	-1.80819340088
256	-1.56460852976
257	-10.5832147954
258	-1.80819340088
259	-1.74181820164
260	-3.48866766592
261	-8.11292548271
262	-1.30294414027
263	-3.25210804356
264	-1.80819340088
265	-1.74181820164
266	-8.41413508084
267	-1.80819340088
268	-1.56460852976
269	-6.78719120711
270	-7.07444152614
271	-1.27603031816
272	-5.6332901417
273	-1.34919260971
274	-1.30294414027
275	-6.31532669642
276	-1.63233682344
277	-1.74181820164
278	-3.48866766592
279	-9.45044185468
280	-1.56460852976
281	-7.01684095389
282	-1.34919260971
283	-1.56460852976
284	-6.1037814248
285	-1.80819340088
286	-1.56460852976
287	-5.48279474247
288	-1.80819340088
289	-1.27603031816
290	-3.48866766592
291	-1.80819340088
292	-1.27603031816
293	-7.67112496495
294	-1.63233682344
295	-1.56460852976
296	-6.14983470698
297	-1.80819340088
298	-6.9950931832
299	-10.2333040916
300	-1.32917736844
301	-1.30294414027
302	-5.71312658688
303	-1.34919260971
304	-1.27603031816
305	-8.50356297162
306	-1.63233682344
307	-1.27603031816
308	-5.84117793869
309	-1.63233682344
310	-6.80633092933
311	-6.14350021704
312	-1.63233682344
313	-7.65708281785
314	-4.80077544337
315	-7.31624090989
316	-1.30294414027
317	-3.48866766592
318	-1.80819340088
319	-1.27603031816
320	-11.5438772937
321	-1.63233682344
322	-1.56460852976
323	-5.3409235321
324	-1.32917736844
325	-1.74181820164
326	-12.6175961687
327	-11.4835959172
328	-1.30294414027
329	-4.77716127787
330	-1.34919260971
331	-1.30294414027
332	-4.62238671366
333	-1.63233682344
334	-1.27603031816
335	-5.8464788518
336	-1.32917736844
337	-1.30294414027
338	-3.25210804356
339	-1.34919260971
340	-1.56460852976
341	-6.51639729066
342	-1.32917736844
343	-1.27603031816
344	-4.94623022235
345	-1.80819340088
346	-1.30294414027
347	-6.05117315627
348	-1.80819340088
349	-1.74181820164
350	-7.41337256558
351	-1.63233682344
352	-1.30294414027
353	-11.5841478708
354	-1.34919260971
355	-1.30294414027
356	-3.48866766592
357	-1.34919260971
358	-1.27603031816
359	-8.58385210258
360	-9.54039687633
361	-1.30294414027
362	-11.8861968352
363	-1.80819340088
364	-8.70762250732
365	-9.75117199521
366	-1.63233682344
367	-1.27603031816
368	-5.21647326258
369	-1.63233682344
370	-1.30294414027
371	-11.0911805874
372	-1.80819340088
373	-1.27603031816
374	-8.49559929731
375	-1.34919260971
376	-1.74181820164
377	-6.08556994709
378	-1.32917736844
379	-1.56460852976
380	-8.9152985629
381	-1.80819340088
382	-1.27603031816
383	-3.25210804356
384	-1.34919260971
385	-1.30294414027
386	-3.48866766592
387	-1.63233682344
388	-1.27603031816
389	-14.7216856686
390	-1.32917736844
391	-1.56460852976
392	-4.94623022235
393	-1.32917736844
394	-1.74181820164
395	-9.33463592008
396	-1.63233682344
397	-1.27603031816
398	-8.96719965562
399	-6.0022897188
400	-1.74181820164
401	-4.80077544337
402	-1.80819340088
403	-1.27603031816
404	-3.25210804356
405	-1.80819340088
406	-1.74181820164
407	-9.09319869172
408	-1.34919260971
409	-1.56460852976
410	-7.83207832957
411	-1.80819340088
412	-1.74181820164
413	-3.48866766592
414	-1.34919260971
415	-1.56460852976
416	-3.25210804356
417	-1.32917736844
418	-1.74181820164
419	-5.31258705791
420	-1.63233682344
421	-1.27603031816
422	-19.3142321046
423	-1.32917736844
424	-1.30294414027
425	-7.26242730948
426	-1.34919260971
427	-1.74181820164
428	-14.6254079903
429	-1.80819340088
430	-1.30294414027
431	-4.62238671366
432	-1.63233682344
433	-1.56460852976
434	-7.81468385703
435	-1.63233682344
436	-1.56460852976
437	-4.99061718174
438	-1.34919260971
439	-1.56460852976
440	-5.6332901417
441	-1.63233682344
442	-1.27603031816
443	-10.2416634766
444	-1.63233682344
445	-1.30294414027
446	-9.29078513283
447	-6.20877500182
448	-1.27603031816
449	-11.8345532575
450	-1.63233682344
451	-1.56460852976
452	-3.48866766592
453	-1.63233682344
454	-1.27603031816
455	-4.44828094733
456	-1.34919260971
457	-1.30294414027
458	-8.32783478055
459	-1.32917736844
460	-1.27603031816
461	-3.25210804356
462	-1.32917736844
463	-1.56460852976
464	-7.78051148368
465	-1.34919260971
466	-1.30294414027
467	-7.00474951543
468	-1.63233682344
469	-6.79750827455
470	-10.2102591075
471	-1.34919260971
472	-1.30294414027
473	-7.2069830104
474	-1.32917736844
475	-1.56460852976
476	-3.25210804356
477	-1.80819340088
478	-1.74181820164
479	-5.71312658688
480	-1.32917736844
481	-1.30294414027
482	-6.05117315627
483	-1.80819340088
484	-1.30294414027
485	-8.48289194289
486	-1.34919260971
487	-1.27603031816
488	-6.78719120711
