#Site	lnL	
0	-1.32983577734
1	-1.60042719499
2	-9.05861869742
3	-6.79167270608
4	-1.3643481264
5	-4.98815036256
6	-1.7704477508
7	-1.33453589742
8	-5.17604256739
9	-1.59458055033
10	-1.33453589742
11	-6.17247803002
12	-1.36028594193
13	-1.60042719499
14	-6.24943777744
15	-1.32983577734
16	-1.77611908738
17	-12.822297232
18	-9.68804353325
19	-1.3643481264
20	-7.93448608521
21	-1.32983577734
22	-1.77611908738
23	-4.92050958111
24	-1.36028594193
25	-1.33453589742
26	-12.6247810394
27	-1.36028594193
28	-1.60042719499
29	-10.5053481622
30	-1.59458055033
31	-6.12014191009
32	-1.79292511846
33	-1.36028594193
34	-1.60042719499
35	-1.79292511846
36	-1.32983577734
37	-1.3643481264
38	-12.5837709928
39	-8.11109865097
40	-1.77611908738
41	-11.1226424041
42	-1.32983577734
43	-1.3643481264
44	-7.17094785437
45	-7.00226877693
46	-1.33453589742
47	-1.82961128233
48	-1.36028594193
49	-1.33453589742
50	-5.00518631023
51	-1.59458055033
52	-1.33453589742
53	-6.59041867534
54	-1.36028594193
55	-1.3643481264
56	-7.19635048483
57	-1.32983577734
58	-6.49749720818
59	-4.84013466704
60	-1.59458055033
61	-1.60042719499
62	-10.1844294776
63	-1.36028594193
64	-6.14163941038
65	-17.19742544
66	-1.59458055033
67	-1.77611908738
68	-1.82961128233
69	-1.32983577734
70	-1.3643481264
71	-7.38936353443
72	-1.7704477508
73	-1.77611908738
74	-5.00518631023
75	-1.32983577734
76	-1.60042719499
77	-1.79292511846
78	-1.36028594193
79	-1.3643481264
80	-15.1120406109
81	-6.29116981563
82	-1.77611908738
83	-8.87093424446
84	-1.36028594193
85	-1.60042719499
86	-5.36820287199
87	-1.59458055033
88	-1.77611908738
89	-6.39136896736
90	-1.32983577734
91	-10.5153608776
92	-7.37409376958
93	-1.7704477508
94	-1.77611908738
95	-10.507827478
96	-1.7704477508
97	-1.60042719499
98	-14.8180375625
99	-1.32983577734
100	-1.77611908738
101	-8.87093424446
102	-1.32983577734
103	-1.3643481264
104	-9.76767754144
105	-1.59458055033
106	-1.33453589742
107	-16.1208419146
108	-1.36028594193
109	-1.77611908738
110	-1.82961128233
111	-1.32983577734
112	-1.77611908738
113	-6.29861930013
114	-1.32983577734
115	-6.34052130388
116	-15.6674646739
117	-1.32983577734
118	-1.33453589742
119	-8.55001059649
120	-5.97033673771
121	-1.60042719499
122	-10.2267817428
123	-1.36028594193
124	-1.3643481264
125	-1.79292511846
126	-1.7704477508
127	-1.77611908738
128	-8.48268155949
129	-1.36028594193
130	-1.60042719499
131	-4.84990341957
132	-1.7704477508
133	-1.3643481264
134	-5.17134176235
135	-1.32983577734
136	-1.77611908738
137	-10.3071242597
138	-8.0480038604
139	-12.0902504042
140	-8.19233109317
141	-1.32983577734
142	-1.33453589742
143	-8.87001065096
144	-1.59458055033
145	-1.60042719499
146	-1.82961128233
147	-1.7704477508
148	-1.77611908738
149	-1.82961128233
150	-8.26968119396
151	-1.33453589742
152	-12.0380760947
153	-6.29116981563
154	-1.77611908738
155	-5.66855025497
156	-1.32983577734
157	-6.34052130388
158	-9.01378171537
159	-7.57953599657
160	-6.99887445846
161	-9.14915407261
162	-1.36028594193
163	-1.3643481264
164	-8.075694031
165	-1.7704477508
166	-8.9176238509
167	-8.44952135869
168	-1.32983577734
169	-1.33453589742
170	-22.6510228829
171	-6.34486482966
172	-1.33453589742
173	-7.19635048483
174	-1.7704477508
175	-1.33453589742
176	-15.0583938973
177	-1.36028594193
178	-1.3643481264
179	-7.48122210092
180	-1.32983577734
181	-1.33453589742
182	-12.4799785708
183	-1.36028594193
184	-1.60042719499
185	-1.82961128233
186	-1.59458055033
187	-6.77848644984
188	-8.90869996454
189	-1.32983577734
190	-1.60042719499
191	-8.33461984256
192	-6.13396760578
193	-1.60042719499
194	-5.36820287199
195	-1.32983577734
196	-1.77611908738
197	-1.79292511846
198	-1.36028594193
199	-1.33453589742
200	-10.1359908378
201	-6.29116981563
202	-1.60042719499
203	-2.37755376613
204	-1.59458055033
205	-1.33453589742
206	-6.58974188953
207	-1.32983577734
208	-1.3643481264
209	-4.92050958111
210	-1.32983577734
211	-1.60042719499
212	-2.21863768709
213	-1.7704477508
214	-1.33453589742
215	-12.1315162817
216	-1.32983577734
217	-1.3643481264
218	-1.79292511846
219	-1.36028594193
220	-1.3643481264
221	-9.98439551469
222	-1.59458055033
223	-1.3643481264
224	-5.08110506786
225	-1.36028594193
226	-1.33453589742
227	-1.82961128233
228	-1.36028594193
229	-1.3643481264
230	-1.82961128233
231	-6.50190634356
232	-1.33453589742
233	-2.37755376613
234	-1.32983577734
235	-1.60042719499
236	-1.79292511846
237	-1.32983577734
238	-6.12007608293
239	-12.9978610287
240	-1.32983577734
241	-1.60042719499
242	-2.21863768709
243	-1.7704477508
244	-1.3643481264
245	-4.92050958111
246	-1.59458055033
247	-1.60042719499
248	-1.82961128233
249	-1.36028594193
250	-1.33453589742
251	-4.92050958111
252	-1.59458055033
253	-1.3643481264
254	-14.618903751
255	-1.7704477508
256	-1.33453589742
257	-11.8150663877
258	-1.32983577734
259	-1.3643481264
260	-5.66855025497
261	-1.32983577734
262	-1.77611908738
263	-1.79292511846
264	-1.32983577734
265	-1.60042719499
266	-7.19635048483
267	-1.32983577734
268	-1.77611908738
269	-14.6759245686
270	-1.7704477508
271	-1.60042719499
272	-1.79292511846
273	-1.59458055033
274	-1.3643481264
275	-11.512927317
276	-1.59458055033
277	-1.60042719499
278	-4.98815036256
279	-1.36028594193
280	-1.3643481264
281	-2.37755376613
282	-1.32983577734
283	-1.3643481264
284	-7.44045048086
285	-1.36028594193
286	-1.77611908738
287	-1.79292511846
288	-1.32983577734
289	-1.77611908738
290	-1.79292511846
291	-1.36028594193
292	-6.12007608293
293	-9.0304109607
294	-1.59458055033
295	-1.3643481264
296	-8.120676632
297	-1.7704477508
298	-1.3643481264
299	-10.8521837534
300	-1.59458055033
301	-10.3188181252
302	-8.99754765749
303	-1.59458055033
304	-1.77611908738
305	-1.82961128233
306	-1.32983577734
307	-1.33453589742
308	-7.44045048086
309	-1.59458055033
310	-5.93134225723
311	-6.45264382106
312	-1.36028594193
313	-1.77611908738
314	-1.79292511846
315	-1.36028594193
316	-1.77611908738
317	-5.52414813833
318	-1.36028594193
319	-1.3643481264
320	-12.5947065517
321	-1.59458055033
322	-1.33453589742
323	-9.53802648938
324	-1.36028594193
325	-1.60042719499
326	-4.84013466704
327	-1.7704477508
328	-9.00164563586
329	-2.37755376613
330	-1.36028594193
331	-1.33453589742
332	-10.6983352164
333	-1.7704477508
334	-1.3643481264
335	-11.1785977713
336	-1.7704477508
337	-1.77611908738
338	-4.85863622228
339	-1.59458055033
340	-1.77611908738
341	-4.7033020418
342	-1.32983577734
343	-1.3643481264
344	-5.20304393524
345	-1.7704477508
346	-1.60042719499
347	-1.82961128233
348	-6.158884542
349	-1.60042719499
350	-1.82961128233
351	-1.7704477508
352	-1.3643481264
353	-7.96217927346
354	-1.36028594193
355	-1.33453589742
356	-5.02587987711
357	-1.32983577734
358	-1.33453589742
359	-8.03237343182
360	-1.36028594193
361	-1.3643481264
362	-9.46126365557
363	-1.36028594193
364	-6.12007608293
365	-6.85592648221
366	-9.19715404876
367	-1.60042719499
368	-7.37409376958
369	-1.7704477508
370	-6.34992951795
371	-5.17604256739
372	-1.32983577734
373	-1.3643481264
374	-5.00518631023
375	-6.38845131277
376	-1.77611908738
377	-5.66855025497
378	-1.59458055033
379	-1.60042719499
380	-8.61606929305
381	-1.32983577734
382	-1.33453589742
383	-8.58511625284
384	-1.59458055033
385	-5.93134225723
386	-7.72758641331
387	-1.59458055033
388	-1.3643481264
389	-7.90732589707
390	-1.7704477508
391	-7.68371108937
392	-4.85863622228
393	-1.7704477508
394	-1.60042719499
395	-8.120676632
396	-1.36028594193
397	-1.3643481264
398	-8.05483510814
399	-1.7704477508
400	-1.33453589742
401	-18.6836198574
402	-1.32983577734
403	-1.3643481264
404	-7.45031174305
405	-1.32983577734
406	-1.77611908738
407	-8.01989675586
408	-1.59458055033
409	-1.77611908738
410	-11.8628868233
411	-1.59458055033
412	-1.3643481264
413	-1.79292511846
414	-1.36028594193
415	-1.3643481264
416	-5.87156186607
417	-1.32983577734
418	-1.77611908738
419	-12.1463897851
420	-1.32983577734
421	-1.3643481264
422	-11.2423065081
423	-1.59458055033
424	-1.60042719499
425	-5.08110506786
426	-6.15807519401
427	-1.77611908738
428	-7.44045048086
429	-1.32983577734
430	-1.3643481264
431	-1.82961128233
432	-1.36028594193
433	-1.3643481264
434	-7.45031174305
435	-1.59458055033
436	-1.33453589742
437	-10.4493021045
438	-1.36028594193
439	-1.33453589742
440	-6.36298436175
441	-1.59458055033
442	-1.60042719499
443	-9.63090483636
444	-1.36028594193
445	-1.60042719499
446	-2.37755376613
447	-1.36028594193
448	-1.33453589742
449	-1.82961128233
450	-1.7704477508
451	-1.3643481264
452	-10.8801504756
453	-1.36028594193
454	-1.60042719499
455	-10.3964231747
456	-1.59458055033
457	-1.60042719499
458	-5.17604256739
459	-1.7704477508
460	-1.33453589742
461	-10.673631356
462	-1.36028594193
463	-1.77611908738
464	-5.17134176235
465	-1.36028594193
466	-1.77611908738
467	-6.70627254037
468	-1.59458055033
469	-1.60042719499
470	-1.79292511846
471	-1.59458055033
472	-1.33453589742
473	-4.98815036256
474	-1.59458055033
475	-1.33453589742
476	-4.84013466704
477	-1.32983577734
478	-1.60042719499
479	-1.82961128233
480	-1.59458055033
481	-1.60042719499
482	-1.79292511846
483	-1.36028594193
484	-1.33453589742
485	-5.08110506786
486	-1.7704477508
487	-1.60042719499
488	-11.085917585
