#Site	lnL	
0	-19.6637684531
1	-13.5188341096
2	-15.1202784107
3	-7.6421477023
4	-17.0025484008
5	-13.2137866172
6	-14.3152251482
7	-12.5915891977
8	-9.96253359043
9	-7.49747183349
10	-14.7725454201
11	-7.66962781799
12	-8.70133516512
13	-12.9448321688
14	-21.170316354
15	-14.6101179565
16	-10.3801149907
17	-16.4108774878
18	-17.8276507398
19	-7.03212785934
20	-13.7422965419
21	-26.2521869712
22	-21.8975422514
23	-24.9143853585
24	-19.991705946
25	-7.6421477023
26	-14.5995887055
27	-7.6421477023
28	-35.6440802658
29	-11.1284770628
30	-18.7009909667
31	-12.5041473292
32	-18.9925592697
33	-18.0769655356
34	-16.4772878875
35	-13.056572475
36	-16.4271890021
37	-7.3230482873
38	-12.3962264153
39	-15.8926463786
40	-10.581488288
41	-11.5973163985
42	-15.3315640379
43	-14.6900247425
44	-6.77596138527
45	-10.3801149907
46	-18.5482054973
47	-11.4944247008
48	-13.7427529005
49	-13.2006931806
50	-11.4643167342
51	-11.5792414917
52	-8.36045331261
53	-12.3538720338
54	-13.1584490691
55	-15.0884896353
56	-10.4705400766
57	-8.84164823661
58	-15.4356135471
59	-18.7918464487
60	-13.7841718266
61	-23.3196817166
62	-36.2613579762
63	-11.9646338402
64	-18.211804459
65	-12.7508052646
66	-7.87732979799
67	-13.644186897
68	-25.912075143
69	-8.34376823114
70	-16.5999593566
71	-8.50667725473
72	-25.3252440426
73	-13.7657364071
74	-16.2899979467
75	-7.6421477023
76	-7.6421477023
77	-21.2759653696
78	-8.63416705021
79	-8.80732828015
80	-28.0878505796
81	-18.583157325
82	-12.9294734885
83	-9.20925106091
84	-9.3209838367
85	-12.1659228229
86	-16.2588566017
87	-10.6560830554
88	-18.0897050232
89	-7.03212785934
90	-20.9224392454
91	-11.1542610911
92	-17.8652617616
93	-12.1585080355
94	-10.1921205356
95	-14.7239240931
96	-19.0255663328
97	-15.099673938
98	-11.2747777467
99	-6.77596138527
100	-11.6403825719
101	-10.0200084218
102	-9.08954782407
103	-17.7211516736
104	-13.5115975093
105	-14.1868923736
106	-14.6845121195
107	-11.4489794652
108	-18.3257261078
109	-12.1497181589
110	-12.0528347349
111	-19.2580979391
112	-15.9139810385
113	-12.0961143594
114	-12.6917461843
115	-19.2108644854
116	-19.3771496001
117	-12.1564039196
118	-10.3483119185
119	-19.212480171
120	-9.14632432599
121	-11.5675274487
122	-9.22117923947
123	-15.9231366082
124	-12.4880166617
125	-14.199312694
126	-17.2462091974
127	-7.64575813337
128	-8.50667725473
129	-16.2710339296
130	-7.3230482873
131	-8.35597890191
132	-13.7823091716
133	-15.5333598882
134	-18.0204110811
135	-7.64575813337
136	-16.3845814024
137	-17.6378049295
138	-8.0700529661
139	-13.3437586874
140	-10.4355933726
141	-17.949100941
142	-15.922992005
143	-11.9238726728
144	-16.17901322
145	-14.3177830109
146	-8.00332607115
147	-15.7340594082
148	-15.6884857996
149	-14.6696829196
150	-8.53415905971
151	-14.779868996
152	-10.3007980523
153	-7.3230482873
154	-29.2353660044
155	-7.64575813337
156	-22.9003626966
157	-8.35569590702
158	-14.0507397667
159	-17.6430335588
160	-26.3066271944
161	-11.8057155479
162	-17.8006454827
