# log_p 	 lnL 	 
0.0	-1676.7067352	
-0.287682072452	-1676.59501111	
-0.510825623766	-1676.4684884	
-0.69314718056	-1676.32235127	
-0.847297860387	-1676.16459982	
-0.980829253012	-1676.00215745	
-1.09861228867	-1675.83923684	
-1.20397280433	-1675.67806329	
-1.29928298413	-1675.51968532	
-1.38629436112	-1675.36451503	
-1.46633706879	-1675.21264081	
-1.54044504095	-1675.06399745	
-1.60943791243	-1674.91845527	
-1.67397643357	-1674.77586524	
-1.73460105539	-1674.63608065	
-1.79175946923	-1674.49896669	
-1.8458266905	-1674.36440388	
-1.89711998489	-1674.23228835	
-1.94591014906	-1674.1025308	
-1.99243016469	-1673.97505481	
-2.03688192726	-1673.84979506	
-2.07944154168	-1673.72669551	
-2.1202635362	-1673.60570789	
-2.15948424935	-1673.48679016	
-2.19722457734	-1673.36990538	
-2.23359222151	-1673.25502059	
-2.26868354132	-1673.14210594	
-2.30258509299	-1673.03113392	
-2.33537491582	-1672.92207879	
-2.36712361413	-1672.81491604	
-2.3978952728	-1672.709622	
-2.42774823595	-1672.60617349	
-2.45673577282	-1672.5045476	
-2.48490664979	-1672.40472147	
-2.51230562398	-1672.30667214	
-2.53897387106	-1672.21037647	
-2.56494935746	-1672.11581106	
-2.59026716545	-1672.02295218	
-2.61495977804	-1671.93177578	
-2.63905732962	-1671.84225749	
-2.66258782703	-1671.75437262	
-2.68557734525	-1671.66809616	
-2.7080502011	-1671.58340287	
-2.73002910782	-1671.50026724	
-2.75153531304	-1671.4186636	
-2.77258872224	-1671.33856613	
-2.79320800944	-1671.25994888	
-2.81341071676	-1671.18278587	
-2.83321334406	-1671.10705109	
-2.85263142991	-1671.03271856	
-2.87167962488	-1670.95976234	
-2.8903717579	-1670.88815663	
-2.90872089656	-1670.81787574	
-2.92673940207	-1670.74889416	
-2.94443897917	-1670.68118658	
-2.96183072188	-1670.61472793	
-2.97892515524	-1670.54949337	
-2.99573227355	-1670.48545837	
-3.01226157551	-1670.42259867	
-3.02852209638	-1670.36089035	
-3.04452243772	-1670.3003098	
-3.06027079469	-1670.24083378	
-3.07577498123	-1670.18243939	
-3.09104245336	-1670.12510411	
-3.10608033072	-1670.0688058	
-3.12089541651	-1670.01352269	
-3.13549421593	-1669.95923341	
-3.14988295338	-1669.90591698	
-3.16406758837	-1669.85355283	
-3.17805383035	-1669.80212076	
-3.19184715248	-1669.751601	
-3.20545280454	-1669.70197414	
-3.21887582487	-1669.65322121	
-3.23212105162	-1669.60532361	
-3.24519313319	-1669.55826312	
-3.25809653802	-1669.51202195	
-3.2708355638	-1669.46658265	
-3.28341434601	-1669.42192817	
-3.295836866	-1669.37804185	
-3.3081069586	-1669.33490738	
-3.32022831913	-1669.29250882	
-3.33220451018	-1669.2508306	
-3.34403896782	-1669.20985749	
-3.35573500759	-1669.16957462	
-3.36729582999	-1669.12996746	
-3.37872452581	-1669.0910218	
-3.39002408106	-1669.05272379	
-3.40119738166	-1669.01505988	
-3.41224721785	-1668.97801683	
-3.42317628838	-1668.94158173	
-3.43398720449	-1668.90574196	
-3.4446824936	-1668.87048521	
-3.45526460293	-1668.83579943	
-3.4657359028	-1668.80167289	
-3.47609868984	-1668.76809412	
-3.48635519	-1668.73505192	
-3.49650756147	-1668.70253535	
-3.50655789732	-1668.67053375	
-3.51650822817	-1668.63903668	
-3.52636052462	-1668.60803397	
-3.53611669956	-1668.57751569	
-3.54577861047	-1668.54747213	
-3.55534806149	-1668.51789382	
-3.56482680544	-1668.48877151	
-3.57421654579	-1668.46009616	
-3.58351893846	-1668.43185896	
-3.59273559356	-1668.40405129	
-3.60186807712	-1668.37666475	
-3.61091791264	-1668.34969111	
-3.61988658263	-1668.32312235	
-3.62877553004	-1668.29695064	
-3.63758615973	-1668.27116832	
-3.6463198397	-1668.24576791	
-3.65497790244	-1668.22074212	
-3.66356164613	-1668.1960838	
-3.6720723358	-1668.17178598	
-3.68051120444	-1668.14784185	
-3.68887945411	-1668.12424477	
-3.69717825693	-1668.10098821	
-3.70540875607	-1668.07806584	
-3.7135720667	-1668.05547143	
-3.72166927694	-1668.03319892	
-3.72970144863	-1668.01124238	
-3.73766961828	-1667.989596	
-3.74557479779	-1667.96825412	
-3.75341797525	-1667.9472112	
-3.76120011569	-1667.92646181	
-3.76892216179	-1667.90600066	
-3.77658503453	-1667.88582257	
-3.78418963392	-1667.86592247	
-3.79173683955	-1667.8462954	
-3.79922751128	-1667.82693652	
-3.80666248977	-1667.8078411	
-3.81404259707	-1667.78900448	
-3.82136863716	-1667.77042215	
-3.82864139649	-1667.75208965	
-3.83586164446	-1667.73400265	
-3.84303013394	-1667.7161569	
-3.85014760171	-1667.69854824	
-3.85721476893	-1667.6811726	
-3.86423234159	-1667.66402601	
-3.87120101091	-1667.64710455	
-3.87812145375	-1667.63040442	
-3.88499433304	-1667.61392187	
-3.89182029811	-1667.59765327	
-3.8985999851	-1667.58159501	
-3.90533401728	-1667.5657436	
-3.91202300543	-1667.5500956	
-3.91866754815	-1667.53464765	
-3.92526823218	-1667.51939646	
-3.93182563272	-1667.5043388	
-3.93834031375	-1667.48947152	
-3.94481282825	-1667.4747915	
-3.95124371858	-1667.46029574	
-3.95763351668	-1667.44598124	
-3.96398274436	-1667.4318451	
-3.97029191355	-1667.41788447	
-3.97656152657	-1667.40409655	
-3.98279207632	-1667.3904786	
-3.98898404656	-1667.37702793	
-3.99513791214	-1667.36374192	
-4.00125413916	-1667.35061797	
-4.00733318523	-1667.33765357	
-4.01337549969	-1667.32484622	
-4.01938152375	-1667.3121935	
-4.02535169074	-1667.29969302	
-4.03128642625	-1667.28734243	
-4.03718614838	-1667.27513946	
-4.04305126783	-1667.26308184	
-4.04888218815	-1667.25116736	
-4.05467930583	-1667.23939387	
-4.06044301055	-1667.22775924	
-4.06617368526	-1667.21626138	
-4.07187170637	-1667.20489825	
-4.07753744391	-1667.19366785	
-4.08317126162	-1667.1825682	
-4.08877351717	-1667.17159737	
-4.09434456222	-1667.16075346	
-4.0998847426	-1667.15003462	
-4.10539439841	-1667.13943901	
-4.11087386417	-1667.12896485	
-4.11632346894	-1667.11861037	
-4.12174353641	-1667.10837384	
-4.12713438505	-1667.09825356	
-4.13249632819	-1667.08824788	
-4.13782967416	-1667.07835515	
-4.14313472639	-1667.06857376	
-4.14841178349	-1667.05890214	
-4.15366113938	-1667.04933874	
-4.15888308336	-1667.03988203	
-4.16407790024	-1667.03053052	
-4.1692458704	-1667.02128273	
-4.1743872699	-1667.01213723	
-4.17950237056	-1667.0030926	
-4.18459144007	-1666.99414744	
-4.18965474203	-1666.98530038	
-4.19469253606	-1666.97655008	
-4.19970507788	-1666.96789521	
-4.20469261939	-1666.95933448	
-4.20965540873	-1666.9508666	
-4.21459369037	-1666.94249033	
-4.21950770518	-1666.93420442	
-4.22439769047	-1666.92600767	
-4.22926388012	-1666.91789888	
-4.2341065046	-1666.90987688	
-4.23892579103	-1666.90194051	
-4.2437219633	-1666.89408865	
-4.24849524205	-1666.88632017	
-4.25324584481	-1666.87863398	
-4.257973986	-1666.87102901	
-4.26267987704	-1666.86350418	
-4.26736372635	-1666.85605846	
-4.27202573946	-1666.84869083	
-4.27666611902	-1666.84140027	
-4.28128506487	-1666.83418579	
-4.28588277412	-1666.82704641	
-4.29045944115	-1666.81998118	
-4.29501525768	-1666.81298914	
-4.29955041285	-1666.80606937	
-4.3040650932	-1666.79922095	
-4.30855948279	-1666.79244299	
-4.31303376319	-1666.78573458	
-4.31748811354	-1666.77909487	
-4.3219227106	-1666.77252299	
-4.32633772881	-1666.7660181	
-4.33073334029	-1666.75957937	
-4.33510971489	-1666.75320597	
-4.33946702026	-1666.74689711	
-4.34380542185	-1666.74065198	
-4.348125083	-1666.7344698	
-4.3524261649	-1666.72834982	
-4.35670882669	-1666.72229126	
-4.36097322548	-1666.71629339	
-4.36521951636	-1666.71035546	
-4.36944785247	-1666.70447676	
-4.373658385	-1666.69865657	
-4.37785126326	-1666.6928942	
-4.38202663467	-1666.68718894	
-4.38618464482	-1666.68154012	
-4.39032543749	-1666.67594708	
-4.39444915467	-1666.67040914	
-4.39855593663	-1666.66492566	
-4.40264592188	-1666.659496	
-4.40671924726	-1666.65411952	
-4.41077604796	-1666.64879561	
-4.4148164575	-1666.64352365	
-4.4188406078	-1666.63830303	
-4.42284862919	-1666.63313317	
-4.42684065046	-1666.62801347	
-4.43081679884	-1666.62294336	
-4.43477720006	-1666.61792227	
-4.43872197835	-1666.61294963	
-4.44265125649	-1666.60802489	
-4.44656515581	-1666.60314752	
-4.45046379623	-1666.59831696	
-4.45434729625	-1666.59353269	
-4.45821577303	-1666.58879419	
-4.46206934235	-1666.58410094	
-4.46590811865	-1666.57945244	
-4.46973221509	-1666.57484818	
-4.47354174351	-1666.57028767	
-4.47733681448	-1666.56577043	
-4.48111753732	-1666.56129596	
-4.48488402011	-1666.55686381	
-4.48863636973	-1666.55247351	
-4.49237469184	-1666.54812459	
-4.49609909093	-1666.54381659	
-4.49980967033	-1666.53954908	
-4.50350653221	-1666.53532161	
-4.50718977763	-1666.53113375	
-4.51085950652	-1666.52698506	
-4.51451581772	-1666.52287513	
-4.518158809	-1666.51880353	
-4.52178857705	-1666.51476985	
-4.52540521752	-1666.51077369	
-4.52900882502	-1666.50681464	
-4.53259949315	-1666.50289231	
-4.5361773145	-1666.49900631	
-4.53974238067	-1666.49515625	
-4.54329478227	-1666.49134176	
-4.54683460898	-1666.48756245	
-4.55036194949	-1666.48381796	
-4.5538768916	-1666.48010792	
-4.55737952215	-1666.47643197	
-4.56086992709	-1666.47278975	
-4.56434819147	-1666.46918092	
-4.56781439944	-1666.46560513	
-4.57126863431	-1666.46206203	
-4.5747109785	-1666.45855129	
-4.5781415136	-1666.45507257	
-4.58156032035	-1666.45162554	
-4.58496747867	-1666.44820989	
-4.58836306767	-1666.44482529	
-4.59174716566	-1666.44147142	
-4.59511985013	-1666.43814796	
-4.59848119784	-1666.43485463	
-4.60183128472	-1666.43159109	
-4.60517018599	-1666.42835707	
-4.60849797608	-1666.42515225	
-4.61181472871	-1666.42197635	
-4.61512051684	-1666.41882907	
-4.61841541274	-1666.41571013	
-4.62169948794	-1666.41261925	
-4.62497281328	-1666.40955615	
-4.62823545892	-1666.40652056	
-4.63148749431	-1666.40351219	
-4.63472898823	-1666.40053079	
-4.63796000881	-1666.39757608	
-4.64118062351	-1666.39464781	
-4.64439089914	-1666.39174571	
-4.64759090187	-1666.38886954	
-4.65078069724	-1666.38601903	
-4.65396035016	-1666.38319394	
-4.65712992492	-1666.38039402	
-4.66028948521	-1666.37761903	
-4.66343909411	-1666.37486873	
-4.66657881412	-1666.37214287	
-4.66970870713	-1666.36944123	
-4.67282883446	-1666.36676357	
-4.67593925688	-1666.36410966	
-4.67904003455	-1666.36147928	
-4.68213122712	-1666.3588722	
-4.68521289366	-1666.35628821	
-4.6882850927	-1666.35372707	
-4.69134788223	-1666.35118858	
-4.69440131972	-1666.34867253	
-4.6974454621	-1666.34617869	
-4.70048036579	-1666.34370687	
-4.70350608671	-1666.34125685	
-4.70652268025	-1666.33882844	
-4.70953020131	-1666.33642143	
-4.71252870431	-1666.33403562	
-4.71551824316	-1666.33167082	
-4.7184988713	-1666.32932683	
-4.72147064168	-1666.32700346	
-4.72443360681	-1666.32470051	
-4.72738781871	-1666.32241781	
-4.73033332894	-1666.32015517	
-4.73327018862	-1666.31791239	
-4.73619844839	-1666.3156893	
-4.7391181585	-1666.31348573	
-4.74202936871	-1666.31130149	
-4.74493212836	-1666.3091364	
-4.74782648639	-1666.3069903	
-4.75071249128	-1666.30486301	
-4.75359019111	-1666.30275437	
-4.75645963353	-1666.3006642	
-4.75932086582	-1666.29859234	
-4.7621739348	-1666.29653862	
-4.76501888693	-1666.29450289	
-4.76785576827	-1666.29248498	
-4.77068462447	-1666.29048473	
-4.77350550081	-1666.28850199	
-4.77631844218	-1666.2865366	
-4.77912349311	-1666.28458841	
-4.78192069773	-1666.28265727	
-4.78471009982	-1666.28074302	
-4.78749174278	-1666.27884552	
-4.79026566966	-1666.27696462	
-4.79303192316	-1666.27510018	
-4.7957905456	-1666.27325205	
-4.79854157897	-1666.27142008	
-4.80128506491	-1666.26960415	
-4.80402104473	-1666.26780411	
-4.80674955939	-1666.26601982	
-4.8094706495	-1666.26425114	
-4.81218435537	-1666.26249794	
-4.81489071697	-1666.2607601	
-4.81758977394	-1666.25903746	
-4.82028156561	-1666.25732992	
-4.82296613098	-1666.25563733	
-4.82564350875	-1666.25395956	
-4.8283137373	-1666.2522965	
-4.83097685472	-1666.25064802	
-4.83363289878	-1666.24901399	
-4.83628190695	-1666.24739429	
-4.83892391641	-1666.2457888	
-4.84155896405	-1666.24419739	
-4.84418708646	-1666.24261996	
-4.84680831994	-1666.24105638	
-4.84942270051	-1666.23950654	
-4.85203026392	-1666.23797032	
-4.85463104562	-1666.23644761	
-4.8572250808	-1666.23493829	
-4.85981240436	-1666.23344225	
-4.86239305096	-1666.23195939	
-4.86496705495	-1666.23048959	
-4.86753445046	-1666.22903275	
-4.87009527132	-1666.22758875	
-4.87264955112	-1666.2261575	
-4.8751973232	-1666.22473889	
-4.87773862063	-1666.22333281	
-4.88027347623	-1666.22193915	
-4.88280192259	-1666.22055783	
-4.88532399202	-1666.21918874	
-4.88783971662	-1666.21783177	
-4.89034912822	-1666.21648684	
-4.89285225844	-1666.21515383	
-4.89534913864	-1666.21383266	
-4.89783979995	-1666.21252323	
-4.90032427328	-1666.21122544	
-4.90280258929	-1666.2099392	
-4.90527477844	-1666.20866442	
-4.90774087093	-1666.20740101	
-4.91020089677	-1666.20614887	
-4.91265488574	-1666.20490791	
-4.91510286737	-1666.20367804	
-4.91754487103	-1666.20245918	
-4.91998092583	-1666.20125124	
-4.92241106068	-1666.20005413	
-4.92483530429	-1666.19886776	
-4.92725368516	-1666.19769205	
-4.92966623156	-1666.19652692	
-4.93207297159	-1666.19537228	
-4.93447393313	-1666.19422805	
-4.93686914386	-1666.19309414	
-4.93925863125	-1666.19197048	
-4.94164242261	-1666.19085699	
-4.94402054501	-1666.18975358	
-4.94639302537	-1666.18866017	
-4.94875989038	-1666.1875767	
-4.95112116656	-1666.18650307	
-4.95347688026	-1666.18543923	
-4.9558270576	-1666.18438508	
-4.95817172456	-1666.18334055	
-4.96051090691	-1666.18230557	
-4.96284463026	-1666.18128007	
-4.96517292002	-1666.18026397	
-4.96749580144	-1666.17925719	
-4.96981329958	-1666.17825968	
-4.97212543933	-1666.17727135	
-4.97443224543	-1666.17629214	
-4.97673374242	-1666.17532198	
-4.97902995468	-1666.17436079	
-4.98132090643	-1666.17340851	
-4.98360662171	-1666.17246508	
-4.98588712441	-1666.17153041	
-4.98816243824	-1666.17060446	
-4.99043258678	-1666.16968714	
-4.99269759341	-1666.1687784	
-4.99495748138	-1666.16787818	
-4.99721227376	-1666.1669864	
-4.9994619935	-1666.166103	
-5.00170666335	-1666.16522792	
-5.00394630595	-1666.1643611	
-5.00618094375	-1666.16350248	
-5.00841059907	-1666.16265199	
-5.0106352941	-1666.16180957	
-5.01285505083	-1666.16097517	
-5.01506989116	-1666.16014872	
-5.01727983681	-1666.15933017	
-5.01948490937	-1666.15851945	
-5.02168513028	-1666.15771652	
-5.02388052085	-1666.1569213	
-5.02607110223	-1666.15613374	
-5.02825689545	-1666.15535379	
-5.03043792139	-1666.1545814	
-5.03261420082	-1666.15381649	
-5.03478575433	-1666.15305903	
-5.03695260241	-1666.15230895	
-5.03911476542	-1666.15156621	
-5.04127226356	-1666.15083074	
-5.04342511692	-1666.1501025	
-5.04557334546	-1666.14938143	
-5.047716969	-1666.14866748	
-5.04985600725	-1666.14796059	
-5.05199047978	-1666.14726073	
-5.05412040604	-1666.14656782	
-5.05624580535	-1666.14588184	
-5.05836669692	-1666.14520272	
-5.06048309982	-1666.14453041	
-5.06259503303	-1666.14386488	
-5.06470251537	-1666.14320606	
-5.06680556556	-1666.14255391	
-5.06890420222	-1666.14190838	
-5.07099844382	-1666.14126942	
-5.07308830874	-1666.140637	
-5.07517381523	-1666.14001105	
-5.07725498144	-1666.13939154	
-5.07933182538	-1666.13877841	
-5.08140436498	-1666.13817163	
-5.08347261805	-1666.13757115	
-5.08553660227	-1666.13697692	
-5.08759633523	-1666.1363889	
-5.08965183441	-1666.13580705	
-5.09170311719	-1666.13523131	
-5.09375020081	-1666.13466166	
-5.09579310244	-1666.13409804	
-5.09783183913	-1666.13354041	
-5.09986642782	-1666.13298873	
-5.10189688537	-1666.13244296	
-5.10392322852	-1666.13190306	
-5.1059454739	-1666.13136899	
-5.10796363806	-1666.1308407	
-5.10997773743	-1666.13031816	
-5.11198778836	-1666.12980132	
-5.11399380708	-1666.12929015	
-5.11599580975	-1666.1287846	
-5.11799381242	-1666.12828465	
-5.11998783102	-1666.12779024	
-5.12197788143	-1666.12730134	
-5.1239639794	-1666.12681791	
-5.12594614061	-1666.12633991	
-5.12792438062	-1666.12586731	
-5.12989871492	-1666.12540007	
-5.13186915891	-1666.12493816	
-5.13383572788	-1666.12448153	
-5.13579843705	-1666.12403014	
-5.13775730154	-1666.12358398	
-5.13971233637	-1666.12314299	
-5.1416635565	-1666.12270714	
-5.14361097679	-1666.1222764	
-5.145554612	-1666.12185073	
-5.14749447681	-1666.1214301	
-5.14943058584	-1666.12101447	
-5.15136295359	-1666.12060381	
-5.1532915945	-1666.12019809	
-5.15521652291	-1666.11979727	
-5.15713775309	-1666.11940132	
-5.15905529921	-1666.11901021	
-5.1609691754	-1666.11862389	
-5.16287939565	-1666.11824236	
-5.16478597392	-1666.11786555	
-5.16668892407	-1666.11749346	
-5.16858825987	-1666.11712604	
-5.17048399504	-1666.11676327	
-5.17237614319	-1666.11640511	
-5.17426471788	-1666.11605153	
-5.17614973257	-1666.1157025	
-5.17803120067	-1666.11535799	
-5.1799091355	-1666.11501797	
-5.18178355029	-1666.11468242	
-5.18365445823	-1666.11435129	
-5.1855218724	-1666.11402457	
-5.18738580584	-1666.11370222	
-5.18924627149	-1666.11338421	
-5.19110328224	-1666.11307052	
-5.19295685089	-1666.11276111	
-5.19480699018	-1666.11245596	
-5.19665371277	-1666.11215504	
-5.19849703127	-1666.11185832	
-5.20033695819	-1666.11156577	
-5.202173506	-1666.11127737	
-5.20400668708	-1666.11099309	
-5.20583651375	-1666.11071291	
-5.20766299828	-1666.11043678	
-5.20948615284	-1666.1101647	
-5.21130598956	-1666.10989663	
-5.21312252048	-1666.10963254	
-5.21493575761	-1666.10937241	
-5.21674571285	-1666.10911622	
-5.21855239808	-1666.10886393	
-5.22035582508	-1666.10861553	
-5.22215600558	-1666.10837099	
-5.22395295126	-1666.10813028	
-5.22574667371	-1666.10789337	
-5.22753718449	-1666.10766025	
-5.22932449506	-1666.10743089	
-5.23110861685	-1666.10720526	
-5.23288956123	-1666.10698334	
-5.23466733947	-1666.10676511	
-5.23644196283	-1666.10655054	
-5.23821344248	-1666.1063396	
-5.23998178954	-1666.10613229	
-5.24174701506	-1666.10592856	
-5.24350913005	-1666.10572841	
-5.24526814546	-1666.1055318	
-5.24702407216	-1666.10533871	
-5.24877692099	-1666.10514912	
-5.25052670271	-1666.10496301	
-5.25227342805	-1666.10478036	
-5.25401710765	-1666.10460114	
-5.25575775213	-1666.10442534	
-5.25749537203	-1666.10425292	
-5.25922997784	-1666.10408387	
-5.26096158	-1666.10391817	
-5.2626901889	-1666.1037558	
-5.26441581487	-1666.10359673	
-5.26613846818	-1666.10344094	
-5.26785815906	-1666.10328842	
-5.26957489768	-1666.10313914	
-5.27128869416	-1666.10299308	
-5.27299955856	-1666.10285023	
-5.27470750091	-1666.10271055	
-5.27641253116	-1666.10257404	
-5.27811465923	-1666.10244067	
-5.27981389498	-1666.10231041	
-5.28151024823	-1666.10218327	
-5.28320372874	-1666.1020592	
-5.28489434622	-1666.1019382	
-5.28658211033	-1666.10182024	
-5.28826703069	-1666.1017053	
-5.28994911688	-1666.10159338	
-5.2916283784	-1666.10148444	
-5.29330482472	-1666.10137846	
-5.29497846528	-1666.10127544	
-5.29664930945	-1666.10117535	
-5.29831736655	-1666.10107817	
-5.29998264587	-1666.10098389	
-5.30164515664	-1666.10089248	
-5.30330490806	-1666.10080394	
-5.30496190927	-1666.10071823	
-5.30661616936	-1666.10063535	
-5.3082676974	-1666.10055528	
-5.30991650239	-1666.10047799	
-5.3115625933	-1666.10040348	
-5.31320597904	-1666.10033172	
-5.3148466685	-1666.1002627	
-5.3164846705	-1666.1001964	
-5.31811999384	-1666.1001328	
-5.31975264727	-1666.1000719	
-5.32138263948	-1666.10001366	
-5.32300997914	-1666.09995807	
-5.32463467487	-1666.09990513	
-5.32625673524	-1666.0998548	
-5.32787616879	-1666.09980708	
-5.32949298402	-1666.09976196	
-5.33110718937	-1666.0997194	
-5.33271879327	-1666.0996794	
-5.33432780407	-1666.09964195	
-5.33593423012	-1666.09960702	
-5.3375380797	-1666.09957461	
-5.33913936107	-1666.09954469	
-5.34073808243	-1666.09951725	
-5.34233425196	-1666.09949228	
-5.3439278778	-1666.09946975	
-5.34551896803	-1666.09944967	
-5.34710753072	-1666.099432	
-5.34869357387	-1666.09941674	
-5.35027710548	-1666.09940388	
-5.35185813348	-1666.09939339	
-5.35343666577	-1666.09938526	
-5.35501271022	-1666.09937949	
-5.35658627467	-1666.09937604	
-5.3581573669	-1666.09937492	
-5.35972599468	-1666.0993761	
-5.36129216571	-1666.09937958	
-5.36285588769	-1666.09938533	
-5.36441716825	-1666.09939335	
-5.36597601502	-1666.09940362	
-5.36753243557	-1666.09941613	
-5.36908643744	-1666.09943086	
-5.37063802813	-1666.09944781	
-5.37218721511	-1666.09946695	
-5.37373400583	-1666.09948827	
-5.37527840768	-1666.09951177	
-5.37682042804	-1666.09953743	
-5.37836007422	-1666.09956523	
-5.37989735354	-1666.09959516	
-5.38143227326	-1666.09962721	
-5.38296484061	-1666.09966137	
-5.38449506279	-1666.09969762	
-5.38602294697	-1666.09973596	
-5.38754850028	-1666.09977636	
-5.38907172982	-1666.09981883	
-5.39059264266	-1666.09986333	
-5.39211124583	-1666.09990987	
-5.39362754635	-1666.09995844	
-5.39514155118	-1666.10000901	
-5.39665326727	-1666.10006157	
-5.39816270152	-1666.10011612	
-5.39966986081	-1666.10017265	
-5.40117475199	-1666.10023113	
-5.40267738187	-1666.10029157	
-5.40417775725	-1666.10035394	
-5.40567588487	-1666.10041825	
-5.40717177146	-1666.10048446	
-5.40866542372	-1666.10055258	
-5.4101568483	-1666.1006226	
-5.41164605186	-1666.10069449	
-5.41313304098	-1666.10076826	
-5.41461782224	-1666.10084388	
-5.4161004022	-1666.10092136	
-5.41758078737	-1666.10100067	
-5.41905898424	-1666.10108181	
-5.42053499927	-1666.10116476	
-5.42200883889	-1666.10124952	
-5.4234805095	-1666.10133608	
-5.42495001748	-1666.10142441	
-5.42641736918	-1666.10151453	
-5.4278825709	-1666.1016064	
-5.42934562895	-1666.10170003	
-5.43080654959	-1666.10179541	
-5.43226533906	-1666.10189251	
-5.43372200355	-1666.10199134	
-5.43517654927	-1666.10209188	
-5.43662898235	-1666.10219412	
-5.43807930892	-1666.10229806	
-5.4395275351	-1666.10240367	
-5.44097366695	-1666.10251096	
-5.44241771052	-1666.10261992	
-5.44385967184	-1666.10273053	
-5.4452995569	-1666.10284278	
-5.44673737167	-1666.10295666	
-5.44817312209	-1666.10307217	
-5.44960681409	-1666.10318929	
-5.45103845357	-1666.10330802	
-5.45246804638	-1666.10342835	
-5.45389559837	-1666.10355026	
-5.45532111536	-1666.10367375	
-5.45674460314	-1666.10379882	
-5.45816606749	-1666.10392544	
-5.45958551414	-1666.10405361	
-5.46100294883	-1666.10418332	
-5.46241837723	-1666.10431456	
-5.46383180503	-1666.10444733	
-5.46524323786	-1666.10458162	
-5.46665268137	-1666.10471741	
-5.46806014114	-1666.10485469	
-5.46946562274	-1666.10499347	
-5.47086913175	-1666.10513373	
-5.47227067367	-1666.10527546	
-5.47367025403	-1666.10541865	
-5.47506787829	-1666.10556329	
-5.47646355193	-1666.10570939	
-5.47785728038	-1666.10585692	
-5.47924906905	-1666.10600588	
-5.48063892334	-1666.10615626	
-5.48202684862	-1666.10630806	
-5.48341285022	-1666.10646126	
-5.48479693349	-1666.10661586	
-5.48617910372	-1666.10677184	
-5.48755936619	-1666.10692921	
-5.48893772616	-1666.10708796	
-5.49031418887	-1666.10724806	
-5.49168875953	-1666.10740953	
-5.49306144334	-1666.10757234	
-5.49443224547	-1666.1077365	
-5.49580117108	-1666.10790199	
-5.49716822529	-1666.10806881	
-5.49853341322	-1666.10823694	
-5.49989673995	-1666.10840639	
-5.50125821054	-1666.10857714	
-5.50261783006	-1666.10874919	
-5.50397560352	-1666.10892253	
-5.50533153593	-1666.10909715	
-5.50668563228	-1666.10927304	
-5.50803789753	-1666.1094502	
-5.50938833663	-1666.10962862	
-5.5107369545	-1666.10980829	
-5.51208375605	-1666.10998921	
-5.51342874616	-1666.11017137	
-5.51477192971	-1666.11035475	
-5.51611331154	-1666.11053937	
-5.51745289646	-1666.1107252	
-5.51879068931	-1666.11091224	
-5.52012669485	-1666.11110048	
-5.52146091786	-1666.11128992	
-5.5227933631	-1666.11148055	
-5.52412403528	-1666.11167236	
-5.52545293913	-1666.11186535	
-5.52678007934	-1666.11205951	
-5.52810546058	-1666.11225483	
-5.52942908751	-1666.11245131	
-5.53075096477	-1666.11264894	
-5.53207109697	-1666.11284771	
-5.53338948873	-1666.11304761	
-5.53470614461	-1666.11324865	
-5.53602106919	-1666.11345081	
-5.53733426702	-1666.11365409	
-5.53864574262	-1666.11385848	
-5.5399555005	-1666.11406398	
-5.54126354516	-1666.11427057	
-5.54256988107	-1666.11447826	
-5.5438745127	-1666.11468703	
-5.54517744448	-1666.11489688	
-5.54647868084	-1666.1151078	
-5.54777822618	-1666.1153198	
-5.5490760849	-1666.11553285	
-5.55037226136	-1666.11574696	
-5.55166675992	-1666.11596212	
-5.55295958492	-1666.11617833	
-5.55425074069	-1666.11639557	
-5.55554023152	-1666.11661384	
-5.5568280617	-1666.11683314	
-5.55811423551	-1666.11705346	
-5.5593987572	-1666.11727479	
-5.56068163102	-1666.11749714	
-5.56196286117	-1666.11772048	
-5.56324245188	-1666.11794483	
-5.56452040732	-1666.11817016	
-5.56579673168	-1666.11839648	
-5.56707142911	-1666.11862378	
-5.56834450376	-1666.11885206	
-5.56961595975	-1666.1190813	
-5.57088580119	-1666.11931151	
-5.57215403218	-1666.11954268	
-5.57342065679	-1666.1197748	
-5.5746856791	-1666.12000787	
-5.57594910315	-1666.12024189	
-5.57721093297	-1666.12047683	
-5.57847117258	-1666.12071271	
-5.57972982599	-1666.12094952	
-5.58098689718	-1666.12118725	
-5.58224239012	-1666.12142589	
-5.58349630878	-1666.12166545	
-5.5847486571	-1666.12190591	
-5.585999439	-1666.12214727	
-5.5872486584	-1666.12238953	
-5.5884963192	-1666.12263268	
-5.58974242528	-1666.12287671	
-5.59098698051	-1666.12312162	
-5.59222998875	-1666.12336741	
-5.59347145384	-1666.12361407	
-5.5947113796	-1666.1238616	
-5.59594976985	-1666.12410998	
-5.59718662839	-1666.12435922	
-5.598421959	-1666.12460932	
-5.59965576545	-1666.12486025	
-5.60088805149	-1666.12511203	
-5.60211882088	-1666.12536465	
-5.60334807733	-1666.1256181	
-5.60457582457	-1666.12587238	
-5.6058020663	-1666.12612748	
-5.60702680619	-1666.12638339	
-5.60825004793	-1666.12664012	
-5.60947179518	-1666.12689766	
-5.61069205159	-1666.127156	
-5.61191082078	-1666.12741515	
-5.61312810639	-1666.12767508	
-5.61434391201	-1666.12793581	
-5.61555824124	-1666.12819733	
-5.61677109767	-1666.12845962	
-5.61798248485	-1666.1287227	
-5.61919240636	-1666.12898655	
-5.62040086572	-1666.12925116	
-5.62160786647	-1666.12951654	
-5.62281341212	-1666.12978268	
-5.62401750619	-1666.13004958	
-5.62522015215	-1666.13031722	
-5.6264213535	-1666.13058562	
-5.62762111369	-1666.13085475	
-5.62881943618	-1666.13112463	
-5.63001632442	-1666.13139524	
-5.63121178182	-1666.13166658	
-5.63240581181	-1666.13193864	
-5.6335984178	-1666.13221143	
-5.63478960317	-1666.13248494	
-5.6359793713	-1666.13275916	
-5.63716772557	-1666.13303409	
-5.63835466933	-1666.13330973	
-5.63954020593	-1666.13358606	
-5.64072433869	-1666.1338631	
-5.64190707094	-1666.13414083	
-5.64308840598	-1666.13441925	
-5.64426834712	-1666.13469836	
-5.64544689764	-1666.13497815	
-5.64662406082	-1666.13525861	
-5.64779983991	-1666.13553976	
-5.64897423816	-1666.13582157	
-5.65014725882	-1666.13610405	
-5.65131890512	-1666.13638719	
-5.65248918027	-1666.13667099	
-5.65365808747	-1666.13695545	
-5.65482562993	-1666.13724056	
-5.65599181082	-1666.13752632	
-5.65715663332	-1666.13781272	
-5.65832010058	-1666.13809976	
-5.65948221576	-1666.13838744	
-5.660642982	-1666.13867576	
-5.66180240242	-1666.1389647	
-5.66296048014	-1666.13925428	
-5.66411721826	-1666.13954447	
-5.66527261989	-1666.13983528	
-5.66642668811	-1666.14012671	
-5.66757942599	-1666.14041875	
-5.6687308366	-1666.1407114	
-5.66988092298	-1666.14100466	
-5.67102968818	-1666.14129852	
-5.67217713524	-1666.14159297	
-5.67332326717	-1666.14188803	
-5.67446808699	-1666.14218367	
-5.67561159769	-1666.1424799	
-5.67675380227	-1666.14277672	
-5.6778947037	-1666.14307411	
-5.67903430497	-1666.14337209	
-5.68017260902	-1666.14367064	
-5.6813096188	-1666.14396977	
-5.68244533727	-1666.14426946	
-5.68357976734	-1666.14456972	
-5.68471291194	-1666.14487053	
-5.68584477397	-1666.14517191	
-5.68697535634	-1666.14547385	
-5.68810466194	-1666.14577633	
-5.68923269364	-1666.14607937	
-5.69035945432	-1666.14638295	
-5.69148494685	-1666.14668707	
-5.69260917406	-1666.14699174	
-5.6937321388	-1666.14729694	
-5.69485384391	-1666.14760267	
-5.69597429221	-1666.14790894	
-5.69709348651	-1666.14821573	
-5.69821142961	-1666.14852305	
-5.69932812431	-1666.14883089	
-5.70044357339	-1666.14913924	
-5.70155777963	-1666.14944812	
-5.7026707458	-1666.1497575	
-5.70378247466	-1666.1500674	
-5.70489296894	-1666.1503778	
-5.70600223139	-1666.15068871	
-5.70711026475	-1666.15100011	
-5.70821707172	-1666.15131202	
-5.70932265503	-1666.15162442	
-5.71042701737	-1666.15193731	
-5.71153016145	-1666.15225069	
-5.71263208993	-1666.15256456	
-5.71373280551	-1666.15287891	
-5.71483231084	-1666.15319374	
-5.71593060859	-1666.15350905	
-5.71702770141	-1666.15382484	
-5.71812359193	-1666.1541411	
-5.71921828279	-1666.15445783	
-5.72031177661	-1666.15477502	
-5.72140407601	-1666.15509268	
-5.72249518359	-1666.1554108	
-5.72358510195	-1666.15572939	
-5.72467383369	-1666.15604842	
-5.72576138137	-1666.15636791	
-5.72684774759	-1666.15668786	
-5.72793293489	-1666.15700825	
-5.72901694583	-1666.15732908	
-5.73009978297	-1666.15765036	
-5.73118144884	-1666.15797208	
-5.73226194598	-1666.15829424	
-5.7333412769	-1666.15861684	
-5.73441944412	-1666.15893986	
-5.73549645015	-1666.15926332	
-5.73657229748	-1666.15958721	
-5.73764698861	-1666.15991152	
-5.73872052602	-1666.16023625	
-5.73979291218	-1666.16056141	
-5.74086414956	-1666.16088698	
-5.74193424062	-1666.16121297	
-5.74300318781	-1666.16153937	
-5.74407099357	-1666.16186618	
-5.74513766034	-1666.1621934	
-5.74620319054	-1666.16252102	
-5.7472675866	-1666.16284905	
-5.74833085092	-1666.16317748	
-5.74939298591	-1666.16350631	
-5.75045399397	-1666.16383553	
-5.75151387748	-1666.16416515	
-5.75257263883	-1666.16449516	
-5.75363028038	-1666.16482556	
-5.75468680452	-1666.16515635	
-5.75574221359	-1666.16548752	
-5.75679650994	-1666.16581907	
-5.75784969593	-1666.166151	
-5.75890177388	-1666.16648331	
-5.75995274612	-1666.166816	
-5.76100261499	-1666.16714906	
-5.76205138278	-1666.16748249	
-5.76309905181	-1666.16781629	
-5.76414562438	-1666.16815046	
-5.76519110278	-1666.16848499	
-5.7662354893	-1666.16881988	
-5.76727878622	-1666.16915513	
-5.76832099579	-1666.16949075	
-5.7693621203	-1666.16982671	
-5.770402162	-1666.17016303	
-5.77144112313	-1666.17049971	
-5.77247900594	-1666.17083673	
-5.77351581267	-1666.1711741	
-5.77455154554	-1666.17151181	
-5.77558620679	-1666.17184987	
-5.77661979861	-1666.17218827	
-5.77765232322	-1666.172527	
-5.77868378283	-1666.17286608	
-5.77971417962	-1666.17320549	
-5.78074351579	-1666.17354523	
-5.78177179352	-1666.1738853	
-5.78279901497	-1666.1742257	
-5.78382518233	-1666.17456643	
-5.78485029774	-1666.17490748	
-5.78587436337	-1666.17524886	
-5.78689738137	-1666.17559055	
-5.78791935386	-1666.17593257	
-5.788940283	-1666.1762749	
-5.7899601709	-1666.17661755	
-5.79097901969	-1666.17696051	
-5.79199683148	-1666.17730378	
-5.79301360838	-1666.17764736	
-5.7940293525	-1666.17799125	
-5.79504406593	-1666.17833544	
-5.79605775077	-1666.17867994	
-5.79707040908	-1666.17902473	
-5.79808204295	-1666.17936983	
-5.79909265446	-1666.17971523	
-5.80010224566	-1666.18006092	
-5.80111081862	-1666.1804069	
-5.80211837538	-1666.18075318	
-5.80312491799	-1666.18109975	
-5.80413044849	-1666.18144661	
-5.80513496892	-1666.18179375	
-5.80613848129	-1666.18214118	
-5.80714098764	-1666.18248889	
-5.80814248998	-1666.18283689	
-5.80914299031	-1666.18318516	
