-7.568856636755119105e-01
-4.558354087345166672e-01
-9.006227183375091760e-01
2.964187804930416004e+00
-4.697264011192029964e-01
2.675758851486988110e+00
-6.318316561835550793e-01
-2.254513149805274619e+00
-4.894762211222000836e+00
-5.539841153596131385e+00
-4.359928177568350272e+00
-4.296809425071068667e+00
-7.540256587857155246e+00
-6.098808962406072176e+00
-6.506518691043863711e+00
-5.648871431332921134e+00
-6.245767813103458188e+00
-5.382136737516640679e+00
-5.511854648734887618e+00
-7.327963642012773171e+00
