# log_p 	 lnL 	 
0.0	-1618.32252989	
-0.287682072452	-1618.3361429	
-0.510825623766	-1618.34808035	
-0.69314718056	-1618.35701144	
-0.847297860387	-1618.36423753	
-0.980829253012	-1618.37048285	
-1.09861228867	-1618.37608854	
-1.20397280433	-1618.38123442	
-1.29928298413	-1618.38603422	
-1.38629436112	-1618.39056943	
-1.46633706879	-1618.3949009	
-1.54044504095	-1618.39907365	
-1.60943791243	-1618.40311995	
-1.67397643357	-1618.40706193	
-1.73460105539	-1618.41091394	
-1.79175946923	-1618.41468456	
-1.8458266905	-1618.4183783	
-1.89711998489	-1618.42199688	
-1.94591014906	-1618.42554025	
-1.99243016469	-1618.42900729	
-2.03688192726	-1618.43239636	
-2.07944154168	-1618.43570564	
-2.1202635362	-1618.4389334	
-2.15948424935	-1618.44207807	
-2.19722457734	-1618.44513842	
-2.23359222151	-1618.44811353	
-2.26868354132	-1618.45100286	
-2.30258509299	-1618.45380619	
-2.33537491582	-1618.45652363	
-2.36712361413	-1618.45915559	
-2.3978952728	-1618.46170275	
-2.42774823595	-1618.46416602	
-2.45673577282	-1618.46654651	
-2.48490664979	-1618.46884552	
-2.51230562398	-1618.47106448	
-2.53897387106	-1618.47320495	
-2.56494935746	-1618.47526858	
-2.59026716545	-1618.47725711	
-2.61495977804	-1618.47917233	
-2.63905732962	-1618.48101608	
-2.66258782703	-1618.48279023	
-2.68557734525	-1618.48449664	
-2.7080502011	-1618.48613722	
-2.73002910782	-1618.48771385	
-2.75153531304	-1618.4892284	
-2.77258872224	-1618.49068273	
-2.79320800944	-1618.49207868	
-2.81341071676	-1618.49341804	
-2.83321334406	-1618.49470261	
-2.85263142991	-1618.49593411	
-2.87167962488	-1618.49711426	
-2.8903717579	-1618.49824472	
-2.90872089656	-1618.49932712	
-2.92673940207	-1618.50036304	
-2.94443897917	-1618.50135404	
-2.96183072188	-1618.50230161	
-2.97892515524	-1618.50320721	
-2.99573227355	-1618.50407226	
-3.01226157551	-1618.50489813	
-3.02852209638	-1618.50568617	
-3.04452243772	-1618.50643766	
-3.06027079469	-1618.50715385	
-3.07577498123	-1618.50783596	
-3.09104245336	-1618.50848517	
-3.10608033072	-1618.5091026	
-3.12089541651	-1618.50968936	
-3.13549421593	-1618.51024651	
-3.14988295338	-1618.51077507	
-3.16406758837	-1618.51127604	
-3.17805383035	-1618.51175038	
-3.19184715248	-1618.51219901	
-3.20545280454	-1618.51262282	
-3.21887582487	-1618.51302269	
-3.23212105162	-1618.51339945	
-3.24519313319	-1618.5137539	
-3.25809653802	-1618.51408682	
-3.2708355638	-1618.51439896	
-3.28341434601	-1618.51469105	
-3.295836866	-1618.51496379	
-3.3081069586	-1618.51521785	
-3.32022831913	-1618.51545388	
-3.33220451018	-1618.51567252	
-3.34403896782	-1618.51587438	
-3.35573500759	-1618.51606004	
-3.36729582999	-1618.51623006	
-3.37872452581	-1618.516385	
-3.39002408106	-1618.51652538	
-3.40119738166	-1618.51665171	
-3.41224721785	-1618.51676448	
-3.42317628838	-1618.51686417	
-3.43398720449	-1618.51695124	
-3.4446824936	-1618.51702613	
-3.45526460293	-1618.51708927	
-3.4657359028	-1618.51714107	
-3.47609868984	-1618.51718192	
-3.48635519	-1618.51721222	
-3.49650756147	-1618.51723233	
-3.50655789732	-1618.51724262	
-3.51650822817	-1618.51724343	
-3.52636052462	-1618.5172351	
-3.53611669956	-1618.51721794	
-3.54577861047	-1618.51719228	
-3.55534806149	-1618.51715841	
-3.56482680544	-1618.51711662	
-3.57421654579	-1618.51706721	
-3.58351893846	-1618.51701043	
-3.59273559356	-1618.51694655	
-3.60186807712	-1618.51687584	
-3.61091791264	-1618.51679852	
-3.61988658263	-1618.51671484	
-3.62877553004	-1618.51662504	
-3.63758615973	-1618.51652932	
-3.6463198397	-1618.51642792	
-3.65497790244	-1618.51632102	
-3.66356164613	-1618.51620884	
-3.6720723358	-1618.51609157	
-3.68051120444	-1618.51596939	
-3.68887945411	-1618.51584249	
-3.69717825693	-1618.51571104	
-3.70540875607	-1618.51557522	
-3.7135720667	-1618.51543517	
-3.72166927694	-1618.51529107	
-3.72970144863	-1618.51514307	
-3.73766961828	-1618.51499132	
-3.74557479779	-1618.51483595	
-3.75341797525	-1618.51467711	
-3.76120011569	-1618.51451493	
-3.76892216179	-1618.51434955	
-3.77658503453	-1618.51418108	
-3.78418963392	-1618.51400966	
-3.79173683955	-1618.51383539	
-3.79922751128	-1618.51365839	
-3.80666248977	-1618.51347877	
-3.81404259707	-1618.51329664	
-3.82136863716	-1618.51311211	
-3.82864139649	-1618.51292526	
-3.83586164446	-1618.51273621	
-3.84303013394	-1618.51254503	
-3.85014760171	-1618.51235183	
-3.85721476893	-1618.51215669	
-3.86423234159	-1618.51195969	
-3.87120101091	-1618.51176092	
-3.87812145375	-1618.51156046	
-3.88499433304	-1618.51135838	
-3.89182029811	-1618.51115476	
-3.8985999851	-1618.51094968	
-3.90533401728	-1618.51074319	
-3.91202300543	-1618.51053537	
-3.91866754815	-1618.51032629	
-3.92526823218	-1618.510116	
-3.93182563272	-1618.50990458	
-3.93834031375	-1618.50969207	
-3.94481282825	-1618.50947854	
-3.95124371858	-1618.50926404	
-3.95763351668	-1618.50904863	
-3.96398274436	-1618.50883236	
-3.97029191355	-1618.50861528	
-3.97656152657	-1618.50839743	
-3.98279207632	-1618.50817888	
-3.98898404656	-1618.50795965	
-3.99513791214	-1618.5077398	
-4.00125413916	-1618.50751937	
-4.00733318523	-1618.5072984	
-4.01337549969	-1618.50707694	
-4.01938152375	-1618.50685501	
-4.02535169074	-1618.50663266	
-4.03128642625	-1618.50640993	
-4.03718614838	-1618.50618685	
-4.04305126783	-1618.50596346	
-4.04888218815	-1618.50573979	
-4.05467930583	-1618.50551586	
-4.06044301055	-1618.50529172	
-4.06617368526	-1618.5050674	
-4.07187170637	-1618.50484291	
-4.07753744391	-1618.50461829	
-4.08317126162	-1618.50439358	
-4.08877351717	-1618.50416878	
-4.09434456222	-1618.50394394	
-4.0998847426	-1618.50371907	
-4.10539439841	-1618.5034942	
-4.11087386417	-1618.50326935	
-4.11632346894	-1618.50304454	
-4.12174353641	-1618.5028198	
-4.12713438505	-1618.50259515	
-4.13249632819	-1618.50237061	
-4.13782967416	-1618.50214619	
-4.14313472639	-1618.50192192	
-4.14841178349	-1618.50169781	
-4.15366113938	-1618.50147389	
-4.15888308336	-1618.50125016	
-4.16407790024	-1618.50102665	
-4.1692458704	-1618.50080338	
-4.1743872699	-1618.50058035	
-4.17950237056	-1618.50035758	
-4.18459144007	-1618.50013509	
-4.18965474203	-1618.49991289	
-4.19469253606	-1618.499691	
-4.19970507788	-1618.49946942	
-4.20469261939	-1618.49924818	
-4.20965540873	-1618.49902727	
-4.21459369037	-1618.49880672	
-4.21950770518	-1618.49858654	
-4.22439769047	-1618.49836673	
-4.22926388012	-1618.49814731	
-4.2341065046	-1618.49792829	
-4.23892579103	-1618.49770967	
-4.2437219633	-1618.49749147	
-4.24849524205	-1618.49727369	
-4.25324584481	-1618.49705635	
-4.257973986	-1618.49683945	
-4.26267987704	-1618.496623	
-4.26736372635	-1618.496407	
-4.27202573946	-1618.49619148	
-4.27666611902	-1618.49597642	
-4.28128506487	-1618.49576185	
-4.28588277412	-1618.49554776	
-4.29045944115	-1618.49533417	
-4.29501525768	-1618.49512107	
-4.29955041285	-1618.49490848	
-4.3040650932	-1618.4946964	
-4.30855948279	-1618.49448483	
-4.31303376319	-1618.49427378	
-4.31748811354	-1618.49406326	
-4.3219227106	-1618.49385328	
-4.32633772881	-1618.49364382	
-4.33073334029	-1618.49343491	
-4.33510971489	-1618.49322653	
-4.33946702026	-1618.49301871	
-4.34380542185	-1618.49281144	
-4.348125083	-1618.49260472	
-4.3524261649	-1618.49239855	
-4.35670882669	-1618.49219295	
-4.36097322548	-1618.49198792	
-4.36521951636	-1618.49178345	
-4.36944785247	-1618.49157955	
-4.373658385	-1618.49137622	
-4.37785126326	-1618.49117347	
-4.38202663467	-1618.49097129	
-4.38618464482	-1618.4907697	
-4.39032543749	-1618.49056868	
-4.39444915467	-1618.49036825	
-4.39855593663	-1618.4901684	
-4.40264592188	-1618.48996914	
-4.40671924726	-1618.48977047	
-4.41077604796	-1618.48957239	
-4.4148164575	-1618.48937489	
-4.4188406078	-1618.48917799	
-4.42284862919	-1618.48898168	
-4.42684065046	-1618.48878597	
-4.43081679884	-1618.48859085	
-4.43477720006	-1618.48839633	
-4.43872197835	-1618.4882024	
-4.44265125649	-1618.48800907	
-4.44656515581	-1618.48781633	
-4.45046379623	-1618.4876242	
-4.45434729625	-1618.48743266	
-4.45821577303	-1618.48724172	
-4.46206934235	-1618.48705138	
-4.46590811865	-1618.48686163	
-4.46973221509	-1618.48667249	
-4.47354174351	-1618.48648394	
-4.47733681448	-1618.48629599	
-4.48111753732	-1618.48610864	
-4.48488402011	-1618.48592189	
-4.48863636973	-1618.48573574	
-4.49237469184	-1618.48555018	
-4.49609909093	-1618.48536522	
-4.49980967033	-1618.48518086	
-4.50350653221	-1618.48499709	
-4.50718977763	-1618.48481392	
-4.51085950652	-1618.48463134	
-4.51451581772	-1618.48444936	
-4.518158809	-1618.48426797	
-4.52178857705	-1618.48408717	
-4.52540521752	-1618.48390697	
-4.52900882502	-1618.48372735	
-4.53259949315	-1618.48354833	
-4.5361773145	-1618.48336989	
-4.53974238067	-1618.48319204	
-4.54329478227	-1618.48301478	
-4.54683460898	-1618.4828381	
-4.55036194949	-1618.48266201	
-4.5538768916	-1618.4824865	
-4.55737952215	-1618.48231158	
-4.56086992709	-1618.48213723	
-4.56434819147	-1618.48196347	
-4.56781439944	-1618.48179029	
-4.57126863431	-1618.48161768	
-4.5747109785	-1618.48144564	
-4.5781415136	-1618.48127419	
-4.58156032035	-1618.4811033	
-4.58496747867	-1618.48093299	
-4.58836306767	-1618.48076325	
-4.59174716566	-1618.48059408	
-4.59511985013	-1618.48042547	
-4.59848119784	-1618.48025743	
-4.60183128472	-1618.48008996	
-4.60517018599	-1618.47992305	
-4.60849797608	-1618.4797567	
-4.61181472871	-1618.47959091	
-4.61512051684	-1618.47942568	
-4.61841541274	-1618.479261	
-4.62169948794	-1618.47909688	
-4.62497281328	-1618.47893332	
-4.62823545892	-1618.4787703	
-4.63148749431	-1618.47860784	
-4.63472898823	-1618.47844593	
-4.63796000881	-1618.47828456	
-4.64118062351	-1618.47812373	
-4.64439089914	-1618.47796345	
-4.64759090187	-1618.47780372	
-4.65078069724	-1618.47764452	
-4.65396035016	-1618.47748586	
-4.65712992492	-1618.47732774	
-4.66028948521	-1618.47717015	
-4.66343909411	-1618.47701309	
-4.66657881412	-1618.47685657	
-4.66970870713	-1618.47670057	
-4.67282883446	-1618.47654511	
-4.67593925688	-1618.47639016	
-4.67904003455	-1618.47623575	
-4.68213122712	-1618.47608185	
-4.68521289366	-1618.47592848	
-4.6882850927	-1618.47577562	
-4.69134788223	-1618.47562328	
-4.69440131972	-1618.47547146	
-4.6974454621	-1618.47532015	
-4.70048036579	-1618.47516935	
-4.70350608671	-1618.47501906	
-4.70652268025	-1618.47486927	
-4.70953020131	-1618.47472	
-4.71252870431	-1618.47457122	
-4.71551824316	-1618.47442295	
-4.7184988713	-1618.47427518	
-4.72147064168	-1618.47412791	
-4.72443360681	-1618.47398113	
-4.72738781871	-1618.47383485	
-4.73033332894	-1618.47368906	
-4.73327018862	-1618.47354376	
-4.73619844839	-1618.47339896	
-4.7391181585	-1618.47325463	
-4.74202936871	-1618.4731108	
-4.74493212836	-1618.47296745	
-4.74782648639	-1618.47282458	
-4.75071249128	-1618.47268218	
-4.75359019111	-1618.47254027	
-4.75645963353	-1618.47239883	
-4.75932086582	-1618.47225787	
-4.7621739348	-1618.47211738	
-4.76501888693	-1618.47197736	
-4.76785576827	-1618.47183781	
-4.77068462447	-1618.47169873	
-4.77350550081	-1618.47156011	
-4.77631844218	-1618.47142195	
-4.77912349311	-1618.47128426	
-4.78192069773	-1618.47114702	
-4.78471009982	-1618.47101024	
-4.78749174278	-1618.47087392	
-4.79026566966	-1618.47073806	
-4.79303192316	-1618.47060264	
-4.7957905456	-1618.47046768	
-4.79854157897	-1618.47033316	
-4.80128506491	-1618.47019909	
-4.80402104473	-1618.47006547	
-4.80674955939	-1618.46993229	
-4.8094706495	-1618.46979955	
-4.81218435537	-1618.46966725	
-4.81489071697	-1618.46953539	
-4.81758977394	-1618.46940396	
-4.82028156561	-1618.46927297	
-4.82296613098	-1618.46914241	
-4.82564350875	-1618.46901228	
-4.8283137373	-1618.46888258	
-4.83097685472	-1618.46875331	
-4.83363289878	-1618.46862447	
-4.83628190695	-1618.46849604	
-4.83892391641	-1618.46836804	
-4.84155896405	-1618.46824046	
-4.84418708646	-1618.4681133	
-4.84680831994	-1618.46798656	
-4.84942270051	-1618.46786023	
-4.85203026392	-1618.46773431	
-4.85463104562	-1618.46760881	
-4.8572250808	-1618.46748371	
-4.85981240436	-1618.46735902	
-4.86239305096	-1618.46723475	
-4.86496705495	-1618.46711087	
-4.86753445046	-1618.4669874	
-4.87009527132	-1618.46686433	
-4.87264955112	-1618.46674166	
-4.8751973232	-1618.46661939	
-4.87773862063	-1618.46649751	
-4.88027347623	-1618.46637603	
-4.88280192259	-1618.46625494	
-4.88532399202	-1618.46613425	
-4.88783971662	-1618.46601394	
-4.89034912822	-1618.46589402	
-4.89285225844	-1618.46577449	
-4.89534913864	-1618.46565535	
-4.89783979995	-1618.46553658	
-4.90032427328	-1618.4654182	
-4.90280258929	-1618.4653002	
-4.90527477844	-1618.46518258	
-4.90774087093	-1618.46506534	
-4.91020089677	-1618.46494847	
-4.91265488574	-1618.46483198	
-4.91510286737	-1618.46471585	
-4.91754487103	-1618.4646001	
-4.91998092583	-1618.46448472	
-4.92241106068	-1618.4643697	
-4.92483530429	-1618.46425506	
-4.92725368516	-1618.46414077	
-4.92966623156	-1618.46402685	
-4.93207297159	-1618.46391329	
-4.93447393313	-1618.46380009	
-4.93686914386	-1618.46368725	
-4.93925863125	-1618.46357477	
-4.94164242261	-1618.46346264	
-4.94402054501	-1618.46335086	
-4.94639302537	-1618.46323944	
-4.94875989038	-1618.46312837	
-4.95112116656	-1618.46301765	
-4.95347688026	-1618.46290728	
-4.9558270576	-1618.46279725	
-4.95817172456	-1618.46268757	
-4.96051090691	-1618.46257823	
-4.96284463026	-1618.46246924	
-4.96517292002	-1618.46236059	
-4.96749580144	-1618.46225227	
-4.96981329958	-1618.46214429	
-4.97212543933	-1618.46203665	
-4.97443224543	-1618.46192935	
-4.97673374242	-1618.46182238	
-4.97902995468	-1618.46171574	
-4.98132090643	-1618.46160943	
-4.98360662171	-1618.46150345	
-4.98588712441	-1618.4613978	
-4.98816243824	-1618.46129248	
-4.99043258678	-1618.46118748	
-4.99269759341	-1618.46108281	
-4.99495748138	-1618.46097846	
-4.99721227376	-1618.46087443	
-4.9994619935	-1618.46077072	
-5.00170666335	-1618.46066733	
-5.00394630595	-1618.46056426	
-5.00618094375	-1618.4604615	
-5.00841059907	-1618.46035906	
-5.0106352941	-1618.46025693	
-5.01285505083	-1618.46015511	
-5.01506989116	-1618.4600536	
-5.01727983681	-1618.45995241	
-5.01948490937	-1618.45985152	
-5.02168513028	-1618.45975094	
-5.02388052085	-1618.45965066	
-5.02607110223	-1618.45955069	
-5.02825689545	-1618.45945102	
-5.03043792139	-1618.45935166	
-5.03261420082	-1618.45925259	
-5.03478575433	-1618.45915382	
-5.03695260241	-1618.45905536	
-5.03911476542	-1618.45895718	
-5.04127226356	-1618.45885931	
-5.04342511692	-1618.45876173	
-5.04557334546	-1618.45866444	
-5.047716969	-1618.45856744	
-5.04985600725	-1618.45847074	
-5.05199047978	-1618.45837432	
-5.05412040604	-1618.45827819	
-5.05624580535	-1618.45818235	
-5.05836669692	-1618.4580868	
-5.06048309982	-1618.45799153	
-5.06259503303	-1618.45789654	
-5.06470251537	-1618.45780184	
-5.06680556556	-1618.45770742	
-5.06890420222	-1618.45761327	
-5.07099844382	-1618.45751941	
-5.07308830874	-1618.45742583	
-5.07517381523	-1618.45733252	
-5.07725498144	-1618.45723948	
-5.07933182538	-1618.45714673	
-5.08140436498	-1618.45705424	
-5.08347261805	-1618.45696203	
-5.08553660227	-1618.45687008	
-5.08759633523	-1618.45677841	
-5.08965183441	-1618.45668701	
-5.09170311719	-1618.45659587	
-5.09375020081	-1618.456505	
-5.09579310244	-1618.4564144	
-5.09783183913	-1618.45632406	
-5.09986642782	-1618.45623399	
-5.10189688537	-1618.45614417	
-5.10392322852	-1618.45605462	
-5.1059454739	-1618.45596533	
-5.10796363806	-1618.4558763	
-5.10997773743	-1618.45578752	
-5.11198778836	-1618.455699	
-5.11399380708	-1618.45561074	
-5.11599580975	-1618.45552274	
-5.11799381242	-1618.45543498	
-5.11998783102	-1618.45534748	
-5.12197788143	-1618.45526024	
-5.1239639794	-1618.45517324	
-5.12594614061	-1618.45508649	
-5.12792438062	-1618.45499999	
-5.12989871492	-1618.45491374	
-5.13186915891	-1618.45482774	
-5.13383572788	-1618.45474198	
-5.13579843705	-1618.45465647	
-5.13775730154	-1618.4545712	
-5.13971233637	-1618.45448617	
-5.1416635565	-1618.45440139	
-5.14361097679	-1618.45431684	
-5.145554612	-1618.45423254	
-5.14749447681	-1618.45414847	
-5.14943058584	-1618.45406465	
-5.15136295359	-1618.45398106	
-5.1532915945	-1618.4538977	
-5.15521652291	-1618.45381459	
-5.15713775309	-1618.4537317	
-5.15905529921	-1618.45364905	
-5.1609691754	-1618.45356663	
-5.16287939565	-1618.45348445	
-5.16478597392	-1618.45340249	
-5.16668892407	-1618.45332076	
-5.16858825987	-1618.45323927	
-5.17048399504	-1618.453158	
-5.17237614319	-1618.45307695	
-5.17426471788	-1618.45299614	
-5.17614973257	-1618.45291554	
-5.17803120067	-1618.45283518	
-5.1799091355	-1618.45275503	
-5.18178355029	-1618.45267511	
-5.18365445823	-1618.45259541	
-5.1855218724	-1618.45251593	
-5.18738580584	-1618.45243667	
-5.18924627149	-1618.45235763	
-5.19110328224	-1618.45227881	
-5.19295685089	-1618.4522002	
-5.19480699018	-1618.45212181	
-5.19665371277	-1618.45204364	
-5.19849703127	-1618.45196568	
-5.20033695819	-1618.45188793	
-5.202173506	-1618.4518104	
-5.20400668708	-1618.45173308	
-5.20583651375	-1618.45165597	
-5.20766299828	-1618.45157908	
-5.20948615284	-1618.45150239	
-5.21130598956	-1618.45142591	
-5.21312252048	-1618.45134964	
-5.21493575761	-1618.45127357	
-5.21674571285	-1618.45119772	
-5.21855239808	-1618.45112207	
-5.22035582508	-1618.45104662	
-5.22215600558	-1618.45097138	
-5.22395295126	-1618.45089634	
-5.22574667371	-1618.4508215	
-5.22753718449	-1618.45074687	
-5.22932449506	-1618.45067243	
-5.23110861685	-1618.4505982	
-5.23288956123	-1618.45052416	
-5.23466733947	-1618.45045033	
-5.23644196283	-1618.45037669	
-5.23821344248	-1618.45030325	
-5.23998178954	-1618.45023001	
-5.24174701506	-1618.45015696	
-5.24350913005	-1618.4500841	
-5.24526814546	-1618.45001144	
-5.24702407216	-1618.44993898	
-5.24877692099	-1618.4498667	
-5.25052670271	-1618.44979462	
-5.25227342805	-1618.44972273	
-5.25401710765	-1618.44965103	
-5.25575775213	-1618.44957952	
-5.25749537203	-1618.4495082	
-5.25922997784	-1618.44943707	
-5.26096158	-1618.44936612	
-5.2626901889	-1618.44929536	
-5.26441581487	-1618.44922479	
-5.26613846818	-1618.4491544	
-5.26785815906	-1618.4490842	
-5.26957489768	-1618.44901418	
-5.27128869416	-1618.44894435	
-5.27299955856	-1618.4488747	
-5.27470750091	-1618.44880523	
-5.27641253116	-1618.44873594	
-5.27811465923	-1618.44866683	
-5.27981389498	-1618.4485979	
-5.28151024823	-1618.44852915	
-5.28320372874	-1618.44846058	
-5.28489434622	-1618.44839219	
-5.28658211033	-1618.44832398	
-5.28826703069	-1618.44825594	
-5.28994911688	-1618.44818807	
-5.2916283784	-1618.44812039	
-5.29330482472	-1618.44805287	
-5.29497846528	-1618.44798554	
-5.29664930945	-1618.44791837	
-5.29831736655	-1618.44785138	
-5.29998264587	-1618.44778456	
-5.30164515664	-1618.44771791	
-5.30330490806	-1618.44765143	
-5.30496190927	-1618.44758512	
-5.30661616936	-1618.44751898	
-5.3082676974	-1618.44745301	
-5.30991650239	-1618.44738721	
-5.3115625933	-1618.44732158	
-5.31320597904	-1618.44725611	
-5.3148466685	-1618.44719081	
-5.3164846705	-1618.44712568	
-5.31811999384	-1618.44706071	
-5.31975264727	-1618.4469959	
-5.32138263948	-1618.44693126	
-5.32300997914	-1618.44686678	
-5.32463467487	-1618.44680247	
-5.32625673524	-1618.44673832	
-5.32787616879	-1618.44667433	
-5.32949298402	-1618.4466105	
-5.33110718937	-1618.44654683	
-5.33271879327	-1618.44648332	
-5.33432780407	-1618.44641997	
-5.33593423012	-1618.44635678	
-5.3375380797	-1618.44629374	
-5.33913936107	-1618.44623087	
-5.34073808243	-1618.44616815	
-5.34233425196	-1618.44610558	
-5.3439278778	-1618.44604318	
-5.34551896803	-1618.44598093	
-5.34710753072	-1618.44591883	
-5.34869357387	-1618.44585689	
-5.35027710548	-1618.4457951	
-5.35185813348	-1618.44573346	
-5.35343666577	-1618.44567198	
-5.35501271022	-1618.44561065	
-5.35658627467	-1618.44554947	
-5.3581573669	-1618.44548844	
-5.35972599468	-1618.44542756	
-5.36129216571	-1618.44536683	
-5.36285588769	-1618.44530625	
-5.36441716825	-1618.44524582	
-5.36597601502	-1618.44518554	
-5.36753243557	-1618.4451254	
-5.36908643744	-1618.44506541	
-5.37063802813	-1618.44500557	
-5.37218721511	-1618.44494588	
-5.37373400583	-1618.44488633	
-5.37527840768	-1618.44482692	
-5.37682042804	-1618.44476766	
-5.37836007422	-1618.44470854	
-5.37989735354	-1618.44464957	
-5.38143227326	-1618.44459074	
-5.38296484061	-1618.44453205	
-5.38449506279	-1618.44447351	
-5.38602294697	-1618.44441511	
-5.38754850028	-1618.44435684	
-5.38907172982	-1618.44429872	
-5.39059264266	-1618.44424074	
-5.39211124583	-1618.4441829	
-5.39362754635	-1618.44412519	
-5.39514155118	-1618.44406763	
-5.39665326727	-1618.4440102	
-5.39816270152	-1618.44395291	
-5.39966986081	-1618.44389576	
-5.40117475199	-1618.44383874	
-5.40267738187	-1618.44378186	
-5.40417775725	-1618.44372512	
-5.40567588487	-1618.44366851	
-5.40717177146	-1618.44361204	
-5.40866542372	-1618.4435557	
-5.4101568483	-1618.44349949	
-5.41164605186	-1618.44344342	
-5.41313304098	-1618.44338748	
-5.41461782224	-1618.44333167	
-5.4161004022	-1618.443276	
-5.41758078737	-1618.44322045	
-5.41905898424	-1618.44316504	
-5.42053499927	-1618.44310976	
-5.42200883889	-1618.44305461	
-5.4234805095	-1618.44299958	
-5.42495001748	-1618.44294469	
-5.42641736918	-1618.44288993	
-5.4278825709	-1618.44283529	
-5.42934562895	-1618.44278078	
-5.43080654959	-1618.4427264	
-5.43226533906	-1618.44267215	
-5.43372200355	-1618.44261802	
-5.43517654927	-1618.44256402	
-5.43662898235	-1618.44251015	
-5.43807930892	-1618.4424564	
-5.4395275351	-1618.44240278	
-5.44097366695	-1618.44234928	
-5.44241771052	-1618.4422959	
-5.44385967184	-1618.44224265	
-5.4452995569	-1618.44218952	
-5.44673737167	-1618.44213651	
-5.44817312209	-1618.44208363	
-5.44960681409	-1618.44203087	
-5.45103845357	-1618.44197823	
-5.45246804638	-1618.44192571	
-5.45389559837	-1618.44187331	
-5.45532111536	-1618.44182103	
-5.45674460314	-1618.44176887	
-5.45816606749	-1618.44171684	
-5.45958551414	-1618.44166492	
-5.46100294883	-1618.44161312	
-5.46241837723	-1618.44156143	
-5.46383180503	-1618.44150987	
-5.46524323786	-1618.44145842	
-5.46665268137	-1618.44140709	
-5.46806014114	-1618.44135588	
-5.46946562274	-1618.44130478	
-5.47086913175	-1618.4412538	
-5.47227067367	-1618.44120294	
-5.47367025403	-1618.44115219	
-5.47506787829	-1618.44110156	
-5.47646355193	-1618.44105104	
-5.47785728038	-1618.44100063	
-5.47924906905	-1618.44095034	
-5.48063892334	-1618.44090016	
-5.48202684862	-1618.44085009	
-5.48341285022	-1618.44080014	
-5.48479693349	-1618.4407503	
-5.48617910372	-1618.44070057	
-5.48755936619	-1618.44065095	
-5.48893772616	-1618.44060144	
-5.49031418887	-1618.44055205	
-5.49168875953	-1618.44050276	
-5.49306144334	-1618.44045359	
-5.49443224547	-1618.44040452	
-5.49580117108	-1618.44035556	
-5.49716822529	-1618.44030672	
-5.49853341322	-1618.44025798	
-5.49989673995	-1618.44020935	
-5.50125821054	-1618.44016082	
-5.50261783006	-1618.44011241	
-5.50397560352	-1618.4400641	
-5.50533153593	-1618.4400159	
-5.50668563228	-1618.4399678	
-5.50803789753	-1618.43991981	
-5.50938833663	-1618.43987193	
-5.5107369545	-1618.43982415	
-5.51208375605	-1618.43977648	
-5.51342874616	-1618.43972891	
-5.51477192971	-1618.43968145	
-5.51611331154	-1618.43963409	
-5.51745289646	-1618.43958683	
-5.51879068931	-1618.43953968	
-5.52012669485	-1618.43949263	
-5.52146091786	-1618.43944569	
-5.5227933631	-1618.43939884	
-5.52412403528	-1618.4393521	
-5.52545293913	-1618.43930546	
-5.52678007934	-1618.43925893	
-5.52810546058	-1618.43921249	
-5.52942908751	-1618.43916615	
-5.53075096477	-1618.43911992	
-5.53207109697	-1618.43907378	
-5.53338948873	-1618.43902774	
-5.53470614461	-1618.43898181	
-5.53602106919	-1618.43893597	
-5.53733426702	-1618.43889023	
-5.53864574262	-1618.43884459	
-5.5399555005	-1618.43879905	
-5.54126354516	-1618.43875361	
-5.54256988107	-1618.43870826	
-5.5438745127	-1618.43866302	
-5.54517744448	-1618.43861786	
-5.54647868084	-1618.43857281	
-5.54777822618	-1618.43852785	
-5.5490760849	-1618.43848299	
-5.55037226136	-1618.43843822	
-5.55166675992	-1618.43839355	
-5.55295958492	-1618.43834898	
-5.55425074069	-1618.4383045	
-5.55554023152	-1618.43826011	
-5.5568280617	-1618.43821582	
-5.55811423551	-1618.43817162	
-5.5593987572	-1618.43812752	
-5.56068163102	-1618.43808351	
-5.56196286117	-1618.43803959	
-5.56324245188	-1618.43799577	
-5.56452040732	-1618.43795204	
-5.56579673168	-1618.4379084	
-5.56707142911	-1618.43786485	
-5.56834450376	-1618.43782139	
-5.56961595975	-1618.43777803	
-5.57088580119	-1618.43773476	
-5.57215403218	-1618.43769157	
-5.57342065679	-1618.43764848	
-5.5746856791	-1618.43760548	
-5.57594910315	-1618.43756257	
-5.57721093297	-1618.43751975	
-5.57847117258	-1618.43747702	
-5.57972982599	-1618.43743437	
-5.58098689718	-1618.43739182	
-5.58224239012	-1618.43734936	
-5.58349630878	-1618.43730698	
-5.5847486571	-1618.43726469	
-5.585999439	-1618.43722249	
-5.5872486584	-1618.43718038	
-5.5884963192	-1618.43713835	
-5.58974242528	-1618.43709641	
-5.59098698051	-1618.43705456	
-5.59222998875	-1618.43701279	
-5.59347145384	-1618.43697111	
-5.5947113796	-1618.43692952	
-5.59594976985	-1618.43688801	
-5.59718662839	-1618.43684659	
-5.598421959	-1618.43680525	
-5.59965576545	-1618.436764	
-5.60088805149	-1618.43672283	
-5.60211882088	-1618.43668175	
-5.60334807733	-1618.43664075	
-5.60457582457	-1618.43659984	
-5.6058020663	-1618.43655901	
-5.60702680619	-1618.43651826	
-5.60825004793	-1618.43647759	
-5.60947179518	-1618.43643701	
-5.61069205159	-1618.43639651	
-5.61191082078	-1618.4363561	
-5.61312810639	-1618.43631576	
-5.61434391201	-1618.43627551	
-5.61555824124	-1618.43623534	
-5.61677109767	-1618.43619525	
-5.61798248485	-1618.43615524	
-5.61919240636	-1618.43611531	
-5.62040086572	-1618.43607547	
-5.62160786647	-1618.4360357	
-5.62281341212	-1618.43599602	
-5.62401750619	-1618.43595641	
-5.62522015215	-1618.43591688	
-5.6264213535	-1618.43587744	
-5.62762111369	-1618.43583807	
-5.62881943618	-1618.43579878	
-5.63001632442	-1618.43575957	
-5.63121178182	-1618.43572044	
-5.63240581181	-1618.43568139	
-5.6335984178	-1618.43564241	
-5.63478960317	-1618.43560352	
-5.6359793713	-1618.4355647	
-5.63716772557	-1618.43552596	
-5.63835466933	-1618.43548729	
-5.63954020593	-1618.4354487	
-5.64072433869	-1618.43541019	
-5.64190707094	-1618.43537176	
-5.64308840598	-1618.4353334	
-5.64426834712	-1618.43529512	
-5.64544689764	-1618.43525691	
-5.64662406082	-1618.43521878	
-5.64779983991	-1618.43518073	
-5.64897423816	-1618.43514275	
-5.65014725882	-1618.43510484	
-5.65131890512	-1618.43506701	
-5.65248918027	-1618.43502926	
-5.65365808747	-1618.43499158	
-5.65482562993	-1618.43495397	
-5.65599181082	-1618.43491644	
-5.65715663332	-1618.43487898	
-5.65832010058	-1618.43484159	
-5.65948221576	-1618.43480428	
-5.660642982	-1618.43476704	
-5.66180240242	-1618.43472987	
-5.66296048014	-1618.43469278	
-5.66411721826	-1618.43465575	
-5.66527261989	-1618.4346188	
-5.66642668811	-1618.43458193	
-5.66757942599	-1618.43454512	
-5.6687308366	-1618.43450839	
-5.66988092298	-1618.43447172	
-5.67102968818	-1618.43443513	
-5.67217713524	-1618.43439861	
-5.67332326717	-1618.43436216	
-5.67446808699	-1618.43432578	
-5.67561159769	-1618.43428947	
-5.67675380227	-1618.43425323	
-5.6778947037	-1618.43421706	
-5.67903430497	-1618.43418096	
-5.68017260902	-1618.43414493	
-5.6813096188	-1618.43410897	
-5.68244533727	-1618.43407308	
-5.68357976734	-1618.43403725	
-5.68471291194	-1618.4340015	
-5.68584477397	-1618.43396582	
-5.68697535634	-1618.4339302	
-5.68810466194	-1618.43389465	
-5.68923269364	-1618.43385917	
-5.69035945432	-1618.43382376	
-5.69148494685	-1618.43378841	
-5.69260917406	-1618.43375313	
-5.6937321388	-1618.43371792	
-5.69485384391	-1618.43368278	
-5.69597429221	-1618.4336477	
-5.69709348651	-1618.43361269	
-5.69821142961	-1618.43357774	
-5.69932812431	-1618.43354287	
-5.70044357339	-1618.43350806	
-5.70155777963	-1618.43347331	
-5.7026707458	-1618.43343863	
-5.70378247466	-1618.43340402	
-5.70489296894	-1618.43336947	
-5.70600223139	-1618.43333498	
-5.70711026475	-1618.43330056	
-5.70821707172	-1618.43326621	
-5.70932265503	-1618.43323192	
-5.71042701737	-1618.43319769	
-5.71153016145	-1618.43316353	
-5.71263208993	-1618.43312944	
-5.71373280551	-1618.4330954	
-5.71483231084	-1618.43306143	
-5.71593060859	-1618.43302753	
-5.71702770141	-1618.43299369	
-5.71812359193	-1618.43295991	
-5.71921828279	-1618.43292619	
-5.72031177661	-1618.43289254	
-5.72140407601	-1618.43285895	
-5.72249518359	-1618.43282542	
-5.72358510195	-1618.43279195	
-5.72467383369	-1618.43275855	
-5.72576138137	-1618.43272521	
-5.72684774759	-1618.43269193	
-5.72793293489	-1618.43265871	
-5.72901694583	-1618.43262555	
-5.73009978297	-1618.43259246	
-5.73118144884	-1618.43255942	
-5.73226194598	-1618.43252645	
-5.7333412769	-1618.43249354	
-5.73441944412	-1618.43246069	
-5.73549645015	-1618.4324279	
-5.73657229748	-1618.43239517	
-5.73764698861	-1618.43236249	
-5.73872052602	-1618.43232988	
-5.73979291218	-1618.43229733	
-5.74086414956	-1618.43226484	
-5.74193424062	-1618.43223241	
-5.74300318781	-1618.43220004	
-5.74407099357	-1618.43216772	
-5.74513766034	-1618.43213547	
-5.74620319054	-1618.43210327	
-5.7472675866	-1618.43207114	
-5.74833085092	-1618.43203906	
-5.74939298591	-1618.43200704	
-5.75045399397	-1618.43197508	
-5.75151387748	-1618.43194317	
-5.75257263883	-1618.43191133	
-5.75363028038	-1618.43187954	
-5.75468680452	-1618.43184781	
-5.75574221359	-1618.43181614	
-5.75679650994	-1618.43178452	
-5.75784969593	-1618.43175296	
-5.75890177388	-1618.43172146	
-5.75995274612	-1618.43169002	
-5.76100261499	-1618.43165863	
-5.76205138278	-1618.4316273	
-5.76309905181	-1618.43159602	
-5.76414562438	-1618.43156481	
-5.76519110278	-1618.43153364	
-5.7662354893	-1618.43150254	
-5.76727878622	-1618.43147149	
-5.76832099579	-1618.43144049	
-5.7693621203	-1618.43140955	
-5.770402162	-1618.43137867	
-5.77144112313	-1618.43134784	
-5.77247900594	-1618.43131706	
-5.77351581267	-1618.43128634	
-5.77455154554	-1618.43125568	
-5.77558620679	-1618.43122507	
-5.77661979861	-1618.43119451	
-5.77765232322	-1618.43116401	
-5.77868378283	-1618.43113356	
-5.77971417962	-1618.43110317	
-5.78074351579	-1618.43107283	
-5.78177179352	-1618.43104255	
-5.78279901497	-1618.43101231	
-5.78382518233	-1618.43098214	
-5.78485029774	-1618.43095201	
-5.78587436337	-1618.43092194	
-5.78689738137	-1618.43089192	
-5.78791935386	-1618.43086195	
-5.788940283	-1618.43083204	
-5.7899601709	-1618.43080218	
-5.79097901969	-1618.43077237	
-5.79199683148	-1618.43074262	
-5.79301360838	-1618.43071291	
-5.7940293525	-1618.43068326	
-5.79504406593	-1618.43065366	
-5.79605775077	-1618.43062412	
-5.79707040908	-1618.43059462	
-5.79808204295	-1618.43056518	
-5.79909265446	-1618.43053578	
-5.80010224566	-1618.43050644	
-5.80111081862	-1618.43047715	
-5.80211837538	-1618.43044791	
-5.80312491799	-1618.43041872	
-5.80413044849	-1618.43038958	
-5.80513496892	-1618.4303605	
-5.80613848129	-1618.43033146	
-5.80714098764	-1618.43030247	
-5.80814248998	-1618.43027354	
-5.80914299031	-1618.43024465	
