# log_p 	 lnL 	 
0.0	-1702.56287529	
-0.287682072452	-1702.55029104	
-0.510825623766	-1702.54555034	
-0.69314718056	-1702.55228868	
-0.847297860387	-1702.57084073	
-0.980829253012	-1702.59963744	
-1.09861228867	-1702.63646408	
-1.20397280433	-1702.67914334	
-1.29928298413	-1702.72581022	
-1.38629436112	-1702.77497587	
-1.46633706879	-1702.82550036	
-1.54044504095	-1702.87653515	
-1.60943791243	-1702.92746201	
-1.67397643357	-1702.97783912	
-1.73460105539	-1703.02735709	
-1.79175946923	-1703.07580458	
-1.8458266905	-1703.12304222	
-1.89711998489	-1703.16898307	
-1.94591014906	-1703.21357811	
-1.99243016469	-1703.25680568	
-2.03688192726	-1703.29866357	
-2.07944154168	-1703.33916343	
-2.1202635362	-1703.37832655	
-2.15948424935	-1703.41618086	
-2.19722457734	-1703.45275872	
-2.23359222151	-1703.48809535	
-2.26868354132	-1703.52222764	
-2.30258509299	-1703.55519334	
-2.33537491582	-1703.58703041	
-2.36712361413	-1703.61777664	
-2.3978952728	-1703.64746934	
-2.42774823595	-1703.67614506	
-2.45673577282	-1703.70383953	
-2.48490664979	-1703.73058749	
-2.51230562398	-1703.75642268	
-2.53897387106	-1703.78137776	
-2.56494935746	-1703.80548434	
-2.59026716545	-1703.82877293	
-2.61495977804	-1703.85127298	
-2.63905732962	-1703.8730129	
-2.66258782703	-1703.89402006	
-2.68557734525	-1703.91432083	
-2.7080502011	-1703.93394059	
-2.73002910782	-1703.95290379	
-2.75153531304	-1703.97123395	
-2.77258872224	-1703.98895371	
-2.79320800944	-1704.00608485	
-2.81341071676	-1704.02264831	
-2.83321334406	-1704.03866426	
-2.85263142991	-1704.05415207	
-2.87167962488	-1704.06913041	
-2.8903717579	-1704.0836172	
-2.90872089656	-1704.09762971	
-2.92673940207	-1704.11118452	
-2.94443897917	-1704.12429762	
-2.96183072188	-1704.13698435	
-2.97892515524	-1704.1492595	
-2.99573227355	-1704.16113729	
-3.01226157551	-1704.17263139	
-3.02852209638	-1704.18375497	
-3.04452243772	-1704.1945207	
-3.06027079469	-1704.20494076	
-3.07577498123	-1704.2150269	
-3.09104245336	-1704.22479041	
-3.10608033072	-1704.23424217	
-3.12089541651	-1704.24339264	
-3.13549421593	-1704.25225191	
-3.14988295338	-1704.26082969	
-3.16406758837	-1704.26913533	
-3.17805383035	-1704.27717783	
-3.19184715248	-1704.28496588	
-3.20545280454	-1704.29250784	
-3.21887582487	-1704.29981176	
-3.23212105162	-1704.30688541	
-3.24519313319	-1704.31373627	
-3.25809653802	-1704.32037155	
-3.2708355638	-1704.32679821	
-3.28341434601	-1704.33302296	
-3.295836866	-1704.33905226	
-3.3081069586	-1704.34489234	
-3.32022831913	-1704.35054923	
-3.33220451018	-1704.35602873	
-3.34403896782	-1704.36133644	
-3.35573500759	-1704.36647776	
-3.36729582999	-1704.37145791	
-3.37872452581	-1704.37628192	
-3.39002408106	-1704.38095465	
-3.40119738166	-1704.38548079	
-3.41224721785	-1704.38986487	
-3.42317628838	-1704.39411128	
-3.43398720449	-1704.39822423	
-3.4446824936	-1704.4022078	
-3.45526460293	-1704.40606595	
-3.4657359028	-1704.40980248	
-3.47609868984	-1704.41342108	
-3.48635519	-1704.4169253	
-3.49650756147	-1704.42031858	
-3.50655789732	-1704.42360426	
-3.51650822817	-1704.42678555	
-3.52636052462	-1704.42986556	
-3.53611669956	-1704.4328473	
-3.54577861047	-1704.43573368	
-3.55534806149	-1704.4385275	
-3.56482680544	-1704.44123151	
-3.57421654579	-1704.44384832	
-3.58351893846	-1704.4463805	
-3.59273559356	-1704.44883051	
-3.60186807712	-1704.45120073	
-3.61091791264	-1704.45349349	
-3.61988658263	-1704.45571101	
-3.62877553004	-1704.45785548	
-3.63758615973	-1704.45992899	
-3.6463198397	-1704.46193357	
-3.65497790244	-1704.46387119	
-3.66356164613	-1704.46574377	
-3.6720723358	-1704.46755316	
-3.68051120444	-1704.46930113	
-3.68887945411	-1704.47098944	
-3.69717825693	-1704.47261977	
-3.70540875607	-1704.47419374	
-3.7135720667	-1704.47571295	
-3.72166927694	-1704.47717891	
-3.72970144863	-1704.47859313	
-3.73766961828	-1704.47995704	
-3.74557479779	-1704.48127205	
-3.75341797525	-1704.4825395	
-3.76120011569	-1704.48376072	
-3.76892216179	-1704.48493698	
-3.77658503453	-1704.48606952	
-3.78418963392	-1704.48715955	
-3.79173683955	-1704.48820822	
-3.79922751128	-1704.48921668	
-3.80666248977	-1704.49018603	
-3.81404259707	-1704.49111732	
-3.82136863716	-1704.49201161	
-3.82864139649	-1704.49286988	
-3.83586164446	-1704.49369312	
-3.84303013394	-1704.49448228	
-3.85014760171	-1704.49523829	
-3.85721476893	-1704.49596202	
-3.86423234159	-1704.49665436	
-3.87120101091	-1704.49731615	
-3.87812145375	-1704.49794821	
-3.88499433304	-1704.49855134	
-3.89182029811	-1704.49912631	
-3.8985999851	-1704.49967387	
-3.90533401728	-1704.50019476	
-3.91202300543	-1704.5006897	
-3.91866754815	-1704.50115936	
-3.92526823218	-1704.50160442	
-3.93182563272	-1704.50202555	
-3.93834031375	-1704.50242336	
-3.94481282825	-1704.50279849	
-3.95124371858	-1704.50315153	
-3.95763351668	-1704.50348307	
-3.96398274436	-1704.50379367	
-3.97029191355	-1704.50408389	
-3.97656152657	-1704.50435427	
-3.98279207632	-1704.50460533	
-3.98898404656	-1704.50483759	
-3.99513791214	-1704.50505153	
-4.00125413916	-1704.50524764	
-4.00733318523	-1704.50542639	
-4.01337549969	-1704.50558823	
-4.01938152375	-1704.50573362	
-4.02535169074	-1704.50586298	
-4.03128642625	-1704.50597673	
-4.03718614838	-1704.50607529	
-4.04305126783	-1704.50615906	
-4.04888218815	-1704.50622842	
-4.05467930583	-1704.50628376	
-4.06044301055	-1704.50632544	
-4.06617368526	-1704.50635382	
-4.07187170637	-1704.50636925	
-4.07753744391	-1704.50637207	
-4.08317126162	-1704.50636262	
-4.08877351717	-1704.50634122	
-4.09434456222	-1704.50630817	
-4.0998847426	-1704.5062638	
-4.10539439841	-1704.5062084	
-4.11087386417	-1704.50614226	
-4.11632346894	-1704.50606566	
-4.12174353641	-1704.50597889	
-4.12713438505	-1704.5058822	
-4.13249632819	-1704.50577587	
-4.13782967416	-1704.50566015	
-4.14313472639	-1704.50553529	
-4.14841178349	-1704.50540153	
-4.15366113938	-1704.50525911	
-4.15888308336	-1704.50510826	
-4.16407790024	-1704.50494921	
-4.1692458704	-1704.50478217	
-4.1743872699	-1704.50460737	
-4.17950237056	-1704.50442501	
-4.18459144007	-1704.50423529	
-4.18965474203	-1704.50403842	
-4.19469253606	-1704.50383458	
-4.19970507788	-1704.50362396	
-4.20469261939	-1704.50340676	
-4.20965540873	-1704.50318315	
-4.21459369037	-1704.5029533	
-4.21950770518	-1704.50271739	
-4.22439769047	-1704.50247558	
-4.22926388012	-1704.50222804	
-4.2341065046	-1704.50197492	
-4.23892579103	-1704.50171638	
-4.2437219633	-1704.50145257	
-4.24849524205	-1704.50118365	
-4.25324584481	-1704.50090974	
-4.257973986	-1704.500631	
-4.26267987704	-1704.50034756	
-4.26736372635	-1704.50005955	
-4.27202573946	-1704.49976711	
-4.27666611902	-1704.49947035	
-4.28128506487	-1704.49916942	
-4.28588277412	-1704.49886442	
-4.29045944115	-1704.49855548	
-4.29501525768	-1704.4982427	
-4.29955041285	-1704.49792622	
-4.3040650932	-1704.49760612	
-4.30855948279	-1704.49728253	
-4.31303376319	-1704.49695555	
-4.31748811354	-1704.49662527	
-4.3219227106	-1704.4962918	
-4.32633772881	-1704.49595524	
-4.33073334029	-1704.49561568	
-4.33510971489	-1704.49527322	
-4.33946702026	-1704.49492794	
-4.34380542185	-1704.49457994	
-4.348125083	-1704.4942293	
-4.3524261649	-1704.4938761	
-4.35670882669	-1704.49352043	
-4.36097322548	-1704.49316237	
-4.36521951636	-1704.492802	
-4.36944785247	-1704.49243939	
-4.373658385	-1704.49207463	
-4.37785126326	-1704.49170777	
-4.38202663467	-1704.4913389	
-4.38618464482	-1704.49096808	
-4.39032543749	-1704.49059539	
-4.39444915467	-1704.49022088	
-4.39855593663	-1704.48984463	
-4.40264592188	-1704.48946669	
-4.40671924726	-1704.48908714	
-4.41077604796	-1704.48870603	
-4.4148164575	-1704.48832341	
-4.4188406078	-1704.48793935	
-4.42284862919	-1704.48755391	
-4.42684065046	-1704.48716713	
-4.43081679884	-1704.48677908	
-4.43477720006	-1704.48638981	
-4.43872197835	-1704.48599936	
-4.44265125649	-1704.48560778	
-4.44656515581	-1704.48521514	
-4.45046379623	-1704.48482146	
-4.45434729625	-1704.48442681	
-4.45821577303	-1704.48403123	
-4.46206934235	-1704.48363475	
-4.46590811865	-1704.48323743	
-4.46973221509	-1704.48283931	
-4.47354174351	-1704.48244042	
-4.47733681448	-1704.48204081	
-4.48111753732	-1704.48164052	
-4.48488402011	-1704.48123959	
-4.48863636973	-1704.48083806	
-4.49237469184	-1704.48043595	
-4.49609909093	-1704.48003332	
-4.49980967033	-1704.47963019	
-4.50350653221	-1704.47922659	
-4.50718977763	-1704.47882257	
-4.51085950652	-1704.47841815	
-4.51451581772	-1704.47801336	
-4.518158809	-1704.47760825	
-4.52178857705	-1704.47720283	
-4.52540521752	-1704.47679714	
-4.52900882502	-1704.4763912	
-4.53259949315	-1704.47598505	
-4.5361773145	-1704.47557872	
-4.53974238067	-1704.47517222	
-4.54329478227	-1704.47476559	
-4.54683460898	-1704.47435885	
-4.55036194949	-1704.47395203	
-4.5538768916	-1704.47354515	
-4.55737952215	-1704.47313824	
-4.56086992709	-1704.47273131	
-4.56434819147	-1704.4723244	
-4.56781439944	-1704.47191752	
-4.57126863431	-1704.4715107	
-4.5747109785	-1704.47110396	
-4.5781415136	-1704.47069732	
-4.58156032035	-1704.47029079	
-4.58496747867	-1704.4698844	
-4.58836306767	-1704.46947817	
-4.59174716566	-1704.46907212	
-4.59511985013	-1704.46866626	
-4.59848119784	-1704.46826062	
-4.60183128472	-1704.4678552	
-4.60517018599	-1704.46745004	
-4.60849797608	-1704.46704513	
-4.61181472871	-1704.46664051	
-4.61512051684	-1704.46623619	
-4.61841541274	-1704.46583217	
-4.62169948794	-1704.46542848	
-4.62497281328	-1704.46502514	
-4.62823545892	-1704.46462215	
-4.63148749431	-1704.46421953	
-4.63472898823	-1704.46381729	
-4.63796000881	-1704.46341545	
-4.64118062351	-1704.46301401	
-4.64439089914	-1704.462613	
-4.64759090187	-1704.46221243	
-4.65078069724	-1704.4618123	
-4.65396035016	-1704.46141263	
-4.65712992492	-1704.46101342	
-4.66028948521	-1704.4606147	
-4.66343909411	-1704.46021647	
-4.66657881412	-1704.45981874	
-4.66970870713	-1704.45942152	
-4.67282883446	-1704.45902483	
-4.67593925688	-1704.45862866	
-4.67904003455	-1704.45823304	
-4.68213122712	-1704.45783797	
-4.68521289366	-1704.45744345	
-4.6882850927	-1704.4570495	
-4.69134788223	-1704.45665613	
-4.69440131972	-1704.45626334	
-4.6974454621	-1704.45587115	
-4.70048036579	-1704.45547955	
-4.70350608671	-1704.45508857	
-4.70652268025	-1704.45469819	
-4.70953020131	-1704.45430844	
-4.71252870431	-1704.45391932	
-4.71551824316	-1704.45353083	
-4.7184988713	-1704.45314299	
-4.72147064168	-1704.45275579	
-4.72443360681	-1704.45236925	
-4.72738781871	-1704.45198337	
-4.73033332894	-1704.45159815	
-4.73327018862	-1704.45121361	
-4.73619844839	-1704.45082974	
-4.7391181585	-1704.45044656	
-4.74202936871	-1704.45006406	
-4.74493212836	-1704.44968226	
-4.74782648639	-1704.44930115	
-4.75071249128	-1704.44892075	
-4.75359019111	-1704.44854105	
-4.75645963353	-1704.44816206	
-4.75932086582	-1704.44778379	
-4.7621739348	-1704.44740624	
-4.76501888693	-1704.44702941	
-4.76785576827	-1704.4466533	
-4.77068462447	-1704.44627793	
-4.77350550081	-1704.44590329	
-4.77631844218	-1704.44552939	
-4.77912349311	-1704.44515623	
-4.78192069773	-1704.44478381	
-4.78471009982	-1704.44441214	
-4.78749174278	-1704.44404122	
-4.79026566966	-1704.44367105	
-4.79303192316	-1704.44330163	
-4.7957905456	-1704.44293298	
-4.79854157897	-1704.44256508	
-4.80128506491	-1704.44219795	
-4.80402104473	-1704.44183158	
-4.80674955939	-1704.44146598	
-4.8094706495	-1704.44110114	
-4.81218435537	-1704.44073708	
-4.81489071697	-1704.44037379	
-4.81758977394	-1704.44001128	
-4.82028156561	-1704.43964954	
-4.82296613098	-1704.43928858	
-4.82564350875	-1704.4389284	
-4.8283137373	-1704.438569	
-4.83097685472	-1704.43821038	
-4.83363289878	-1704.43785255	
-4.83628190695	-1704.4374955	
-4.83892391641	-1704.43713923	
-4.84155896405	-1704.43678376	
-4.84418708646	-1704.43642907	
-4.84680831994	-1704.43607517	
-4.84942270051	-1704.43572206	
-4.85203026392	-1704.43536974	
-4.85463104562	-1704.43501821	
-4.8572250808	-1704.43466747	
-4.85981240436	-1704.43431752	
-4.86239305096	-1704.43396837	
-4.86496705495	-1704.43362001	
-4.86753445046	-1704.43327245	
-4.87009527132	-1704.43292568	
-4.87264955112	-1704.4325797	
-4.8751973232	-1704.43223451	
-4.87773862063	-1704.43189013	
-4.88027347623	-1704.43154653	
-4.88280192259	-1704.43120373	
-4.88532399202	-1704.43086173	
-4.88783971662	-1704.43052052	
-4.89034912822	-1704.4301801	
-4.89285225844	-1704.42984048	
-4.89534913864	-1704.42950166	
-4.89783979995	-1704.42916363	
-4.90032427328	-1704.42882639	
-4.90280258929	-1704.42848994	
-4.90527477844	-1704.42815429	
-4.90774087093	-1704.42781943	
-4.91020089677	-1704.42748536	
-4.91265488574	-1704.42715209	
-4.91510286737	-1704.4268196	
-4.91754487103	-1704.42648791	
-4.91998092583	-1704.426157	
-4.92241106068	-1704.42582689	
-4.92483530429	-1704.42549756	
-4.92725368516	-1704.42516903	
-4.92966623156	-1704.42484127	
-4.93207297159	-1704.42451431	
-4.93447393313	-1704.42418813	
-4.93686914386	-1704.42386274	
-4.93925863125	-1704.42353813	
-4.94164242261	-1704.4232143	
-4.94402054501	-1704.42289126	
-4.94639302537	-1704.42256899	
-4.94875989038	-1704.42224751	
-4.95112116656	-1704.4219268	
-4.95347688026	-1704.42160688	
-4.9558270576	-1704.42128773	
-4.95817172456	-1704.42096936	
-4.96051090691	-1704.42065176	
-4.96284463026	-1704.42033493	
-4.96517292002	-1704.42001888	
-4.96749580144	-1704.4197036	
-4.96981329958	-1704.41938909	
-4.97212543933	-1704.41907535	
-4.97443224543	-1704.41876238	
-4.97673374242	-1704.41845017	
-4.97902995468	-1704.41813873	
-4.98132090643	-1704.41782805	
-4.98360662171	-1704.41751813	
-4.98588712441	-1704.41720898	
-4.98816243824	-1704.41690058	
-4.99043258678	-1704.41659295	
-4.99269759341	-1704.41628607	
-4.99495748138	-1704.41597994	
-4.99721227376	-1704.41567458	
-4.9994619935	-1704.41536996	
-5.00170666335	-1704.41506609	
-5.00394630595	-1704.41476298	
-5.00618094375	-1704.41446061	
-5.00841059907	-1704.41415899	
-5.0106352941	-1704.41385812	
-5.01285505083	-1704.41355799	
-5.01506989116	-1704.4132586	
-5.01727983681	-1704.41295995	
-5.01948490937	-1704.41266204	
-5.02168513028	-1704.41236487	
-5.02388052085	-1704.41206844	
-5.02607110223	-1704.41177274	
-5.02825689545	-1704.41147777	
-5.03043792139	-1704.41118354	
-5.03261420082	-1704.41089003	
-5.03478575433	-1704.41059725	
-5.03695260241	-1704.4103052	
-5.03911476542	-1704.41001387	
-5.04127226356	-1704.40972327	
-5.04342511692	-1704.40943339	
-5.04557334546	-1704.40914422	
-5.047716969	-1704.40885578	
-5.04985600725	-1704.40856805	
-5.05199047978	-1704.40828104	
-5.05412040604	-1704.40799473	
-5.05624580535	-1704.40770914	
-5.05836669692	-1704.40742426	
-5.06048309982	-1704.40714009	
-5.06259503303	-1704.40685663	
-5.06470251537	-1704.40657386	
-5.06680556556	-1704.4062918	
-5.06890420222	-1704.40601045	
-5.07099844382	-1704.40572979	
-5.07308830874	-1704.40544982	
-5.07517381523	-1704.40517056	
-5.07725498144	-1704.40489199	
-5.07933182538	-1704.40461411	
-5.08140436498	-1704.40433692	
-5.08347261805	-1704.40406041	
-5.08553660227	-1704.4037846	
-5.08759633523	-1704.40350947	
-5.08965183441	-1704.40323502	
-5.09170311719	-1704.40296126	
-5.09375020081	-1704.40268817	
-5.09579310244	-1704.40241577	
-5.09783183913	-1704.40214403	
-5.09986642782	-1704.40187298	
-5.10189688537	-1704.40160259	
-5.10392322852	-1704.40133288	
-5.1059454739	-1704.40106383	
-5.10796363806	-1704.40079545	
-5.10997773743	-1704.40052774	
-5.11198778836	-1704.40026069	
-5.11399380708	-1704.3999943	
-5.11599580975	-1704.39972858	
-5.11799381242	-1704.39946351	
-5.11998783102	-1704.39919909	
-5.12197788143	-1704.39893533	
-5.1239639794	-1704.39867223	
-5.12594614061	-1704.39840977	
-5.12792438062	-1704.39814797	
-5.12989871492	-1704.39788681	
-5.13186915891	-1704.39762629	
-5.13383572788	-1704.39736642	
-5.13579843705	-1704.39710719	
-5.13775730154	-1704.39684861	
-5.13971233637	-1704.39659066	
-5.1416635565	-1704.39633334	
-5.14361097679	-1704.39607666	
-5.145554612	-1704.39582062	
-5.14749447681	-1704.3955652	
-5.14943058584	-1704.39531042	
-5.15136295359	-1704.39505626	
-5.1532915945	-1704.39480272	
-5.15521652291	-1704.39454981	
-5.15713775309	-1704.39429753	
-5.15905529921	-1704.39404586	
-5.1609691754	-1704.39379481	
-5.16287939565	-1704.39354438	
-5.16478597392	-1704.39329456	
-5.16668892407	-1704.39304536	
-5.16858825987	-1704.39279677	
-5.17048399504	-1704.39254878	
-5.17237614319	-1704.39230141	
-5.17426471788	-1704.39205464	
-5.17614973257	-1704.39180847	
-5.17803120067	-1704.39156291	
-5.1799091355	-1704.39131795	
-5.18178355029	-1704.39107359	
-5.18365445823	-1704.39082982	
-5.1855218724	-1704.39058665	
-5.18738580584	-1704.39034407	
-5.18924627149	-1704.39010209	
-5.19110328224	-1704.38986069	
-5.19295685089	-1704.38961988	
-5.19480699018	-1704.38937966	
-5.19665371277	-1704.38914003	
-5.19849703127	-1704.38890098	
-5.20033695819	-1704.38866251	
-5.202173506	-1704.38842461	
-5.20400668708	-1704.3881873	
-5.20583651375	-1704.38795056	
-5.20766299828	-1704.3877144	
-5.20948615284	-1704.38747881	
-5.21130598956	-1704.38724379	
-5.21312252048	-1704.38700934	
-5.21493575761	-1704.38677546	
-5.21674571285	-1704.38654214	
-5.21855239808	-1704.38630939	
-5.22035582508	-1704.3860772	
-5.22215600558	-1704.38584557	
-5.22395295126	-1704.3856145	
-5.22574667371	-1704.38538399	
-5.22753718449	-1704.38515404	
-5.22932449506	-1704.38492463	
-5.23110861685	-1704.38469578	
-5.23288956123	-1704.38446748	
-5.23466733947	-1704.38423973	
-5.23644196283	-1704.38401253	
-5.23821344248	-1704.38378587	
-5.23998178954	-1704.38355976	
-5.24174701506	-1704.38333419	
-5.24350913005	-1704.38310916	
-5.24526814546	-1704.38288467	
-5.24702407216	-1704.38266071	
-5.24877692099	-1704.3824373	
-5.25052670271	-1704.38221441	
-5.25227342805	-1704.38199206	
-5.25401710765	-1704.38177024	
-5.25575775213	-1704.38154895	
-5.25749537203	-1704.38132819	
-5.25922997784	-1704.38110795	
-5.26096158	-1704.38088824	
-5.2626901889	-1704.38066905	
-5.26441581487	-1704.38045038	
-5.26613846818	-1704.38023223	
-5.26785815906	-1704.3800146	
-5.26957489768	-1704.37979748	
-5.27128869416	-1704.37958088	
-5.27299955856	-1704.37936479	
-5.27470750091	-1704.37914922	
-5.27641253116	-1704.37893415	
-5.27811465923	-1704.3787196	
-5.27981389498	-1704.37850555	
-5.28151024823	-1704.378292	
-5.28320372874	-1704.37807896	
-5.28489434622	-1704.37786643	
-5.28658211033	-1704.37765439	
-5.28826703069	-1704.37744285	
-5.28994911688	-1704.37723181	
-5.2916283784	-1704.37702127	
-5.29330482472	-1704.37681122	
-5.29497846528	-1704.37660166	
-5.29664930945	-1704.3763926	
-5.29831736655	-1704.37618402	
-5.29998264587	-1704.37597594	
-5.30164515664	-1704.37576834	
-5.30330490806	-1704.37556123	
-5.30496190927	-1704.3753546	
-5.30661616936	-1704.37514845	
-5.3082676974	-1704.37494279	
-5.30991650239	-1704.3747376	
-5.3115625933	-1704.37453289	
-5.31320597904	-1704.37432866	
-5.3148466685	-1704.37412491	
-5.3164846705	-1704.37392162	
-5.31811999384	-1704.37371881	
-5.31975264727	-1704.37351648	
-5.32138263948	-1704.37331461	
-5.32300997914	-1704.3731132	
-5.32463467487	-1704.37291227	
-5.32625673524	-1704.3727118	
-5.32787616879	-1704.37251179	
-5.32949298402	-1704.37231225	
-5.33110718937	-1704.37211316	
-5.33271879327	-1704.37191454	
-5.33432780407	-1704.37171637	
-5.33593423012	-1704.37151866	
-5.3375380797	-1704.37132141	
-5.33913936107	-1704.37112461	
-5.34073808243	-1704.37092826	
-5.34233425196	-1704.37073236	
-5.3439278778	-1704.37053691	
-5.34551896803	-1704.37034191	
-5.34710753072	-1704.37014736	
-5.34869357387	-1704.36995325	
-5.35027710548	-1704.36975958	
-5.35185813348	-1704.36956636	
-5.35343666577	-1704.36937358	
-5.35501271022	-1704.36918124	
-5.35658627467	-1704.36898934	
-5.3581573669	-1704.36879787	
-5.35972599468	-1704.36860684	
-5.36129216571	-1704.36841625	
-5.36285588769	-1704.36822609	
-5.36441716825	-1704.36803636	
-5.36597601502	-1704.36784706	
-5.36753243557	-1704.36765819	
-5.36908643744	-1704.36746975	
-5.37063802813	-1704.36728173	
-5.37218721511	-1704.36709414	
-5.37373400583	-1704.36690697	
-5.37527840768	-1704.36672023	
-5.37682042804	-1704.36653391	
-5.37836007422	-1704.366348	
-5.37989735354	-1704.36616252	
-5.38143227326	-1704.36597745	
-5.38296484061	-1704.3657928	
-5.38449506279	-1704.36560857	
-5.38602294697	-1704.36542475	
-5.38754850028	-1704.36524134	
-5.38907172982	-1704.36505834	
-5.39059264266	-1704.36487575	
-5.39211124583	-1704.36469357	
-5.39362754635	-1704.3645118	
-5.39514155118	-1704.36433043	
-5.39665326727	-1704.36414947	
-5.39816270152	-1704.36396891	
-5.39966986081	-1704.36378876	
-5.40117475199	-1704.363609	
-5.40267738187	-1704.36342965	
-5.40417775725	-1704.36325069	
-5.40567588487	-1704.36307213	
-5.40717177146	-1704.36289397	
-5.40866542372	-1704.3627162	
-5.4101568483	-1704.36253883	
-5.41164605186	-1704.36236185	
-5.41313304098	-1704.36218526	
-5.41461782224	-1704.36200906	
-5.4161004022	-1704.36183325	
-5.41758078737	-1704.36165783	
-5.41905898424	-1704.36148279	
-5.42053499927	-1704.36130814	
-5.42200883889	-1704.36113388	
-5.4234805095	-1704.36096	
-5.42495001748	-1704.3607865	
-5.42641736918	-1704.36061338	
-5.4278825709	-1704.36044064	
-5.42934562895	-1704.36026828	
-5.43080654959	-1704.36009629	
-5.43226533906	-1704.35992469	
-5.43372200355	-1704.35975345	
-5.43517654927	-1704.35958259	
-5.43662898235	-1704.35941211	
-5.43807930892	-1704.359242	
-5.4395275351	-1704.35907225	
-5.44097366695	-1704.35890288	
-5.44241771052	-1704.35873387	
-5.44385967184	-1704.35856524	
-5.4452995569	-1704.35839696	
-5.44673737167	-1704.35822906	
-5.44817312209	-1704.35806151	
-5.44960681409	-1704.35789433	
-5.45103845357	-1704.35772752	
-5.45246804638	-1704.35756106	
-5.45389559837	-1704.35739496	
-5.45532111536	-1704.35722922	
-5.45674460314	-1704.35706384	
-5.45816606749	-1704.35689881	
-5.45958551414	-1704.35673414	
-5.46100294883	-1704.35656983	
-5.46241837723	-1704.35640586	
-5.46383180503	-1704.35624225	
-5.46524323786	-1704.35607899	
-5.46665268137	-1704.35591608	
-5.46806014114	-1704.35575352	
-5.46946562274	-1704.35559131	
-5.47086913175	-1704.35542944	
-5.47227067367	-1704.35526792	
-5.47367025403	-1704.35510674	
-5.47506787829	-1704.35494591	
-5.47646355193	-1704.35478542	
-5.47785728038	-1704.35462528	
-5.47924906905	-1704.35446547	
-5.48063892334	-1704.354306	
-5.48202684862	-1704.35414687	
-5.48341285022	-1704.35398808	
-5.48479693349	-1704.35382963	
-5.48617910372	-1704.35367151	
-5.48755936619	-1704.35351372	
-5.48893772616	-1704.35335627	
-5.49031418887	-1704.35319915	
-5.49168875953	-1704.35304237	
-5.49306144334	-1704.35288591	
-5.49443224547	-1704.35272979	
-5.49580117108	-1704.35257399	
-5.49716822529	-1704.35241852	
-5.49853341322	-1704.35226338	
-5.49989673995	-1704.35210856	
-5.50125821054	-1704.35195407	
-5.50261783006	-1704.3517999	
-5.50397560352	-1704.35164606	
-5.50533153593	-1704.35149253	
-5.50668563228	-1704.35133933	
-5.50803789753	-1704.35118645	
-5.50938833663	-1704.35103388	
-5.5107369545	-1704.35088164	
-5.51208375605	-1704.35072971	
-5.51342874616	-1704.3505781	
-5.51477192971	-1704.3504268	
-5.51611331154	-1704.35027582	
-5.51745289646	-1704.35012516	
-5.51879068931	-1704.3499748	
-5.52012669485	-1704.34982476	
-5.52146091786	-1704.34967502	
-5.5227933631	-1704.3495256	
-5.52412403528	-1704.34937649	
-5.52545293913	-1704.34922768	
-5.52678007934	-1704.34907918	
-5.52810546058	-1704.34893099	
-5.52942908751	-1704.3487831	
-5.53075096477	-1704.34863552	
-5.53207109697	-1704.34848824	
-5.53338948873	-1704.34834127	
-5.53470614461	-1704.34819459	
-5.53602106919	-1704.34804822	
-5.53733426702	-1704.34790215	
-5.53864574262	-1704.34775637	
-5.5399555005	-1704.3476109	
-5.54126354516	-1704.34746572	
-5.54256988107	-1704.34732084	
-5.5438745127	-1704.34717625	
-5.54517744448	-1704.34703196	
-5.54647868084	-1704.34688796	
-5.54777822618	-1704.34674426	
-5.5490760849	-1704.34660085	
-5.55037226136	-1704.34645773	
-5.55166675992	-1704.3463149	
-5.55295958492	-1704.34617236	
-5.55425074069	-1704.34603011	
-5.55554023152	-1704.34588815	
-5.5568280617	-1704.34574647	
-5.55811423551	-1704.34560508	
-5.5593987572	-1704.34546398	
-5.56068163102	-1704.34532316	
-5.56196286117	-1704.34518263	
-5.56324245188	-1704.34504238	
-5.56452040732	-1704.34490241	
-5.56579673168	-1704.34476272	
-5.56707142911	-1704.34462332	
-5.56834450376	-1704.34448419	
-5.56961595975	-1704.34434534	
-5.57088580119	-1704.34420678	
-5.57215403218	-1704.34406848	
-5.57342065679	-1704.34393047	
-5.5746856791	-1704.34379273	
-5.57594910315	-1704.34365527	
-5.57721093297	-1704.34351808	
-5.57847117258	-1704.34338117	
-5.57972982599	-1704.34324452	
-5.58098689718	-1704.34310815	
-5.58224239012	-1704.34297206	
-5.58349630878	-1704.34283623	
-5.5847486571	-1704.34270067	
-5.585999439	-1704.34256538	
-5.5872486584	-1704.34243036	
-5.5884963192	-1704.34229561	
-5.58974242528	-1704.34216112	
-5.59098698051	-1704.3420269	
-5.59222998875	-1704.34189294	
-5.59347145384	-1704.34175925	
-5.5947113796	-1704.34162582	
-5.59594976985	-1704.34149266	
-5.59718662839	-1704.34135976	
-5.598421959	-1704.34122712	
-5.59965576545	-1704.34109474	
-5.60088805149	-1704.34096262	
-5.60211882088	-1704.34083075	
-5.60334807733	-1704.34069915	
-5.60457582457	-1704.34056781	
-5.6058020663	-1704.34043672	
-5.60702680619	-1704.34030589	
-5.60825004793	-1704.34017532	
-5.60947179518	-1704.340045	
-5.61069205159	-1704.33991493	
-5.61191082078	-1704.33978512	
-5.61312810639	-1704.33965556	
-5.61434391201	-1704.33952625	
-5.61555824124	-1704.33939719	
-5.61677109767	-1704.33926839	
-5.61798248485	-1704.33913983	
-5.61919240636	-1704.33901153	
-5.62040086572	-1704.33888347	
-5.62160786647	-1704.33875566	
-5.62281341212	-1704.3386281	
-5.62401750619	-1704.33850078	
-5.62522015215	-1704.33837371	
-5.6264213535	-1704.33824689	
-5.62762111369	-1704.33812031	
-5.62881943618	-1704.33799397	
-5.63001632442	-1704.33786788	
-5.63121178182	-1704.33774203	
-5.63240581181	-1704.33761642	
-5.6335984178	-1704.33749105	
-5.63478960317	-1704.33736592	
-5.6359793713	-1704.33724103	
-5.63716772557	-1704.33711639	
-5.63835466933	-1704.33699198	
-5.63954020593	-1704.3368678	
-5.64072433869	-1704.33674387	
-5.64190707094	-1704.33662017	
-5.64308840598	-1704.33649671	
-5.64426834712	-1704.33637348	
-5.64544689764	-1704.33625049	
-5.64662406082	-1704.33612773	
-5.64779983991	-1704.3360052	
-5.64897423816	-1704.33588291	
-5.65014725882	-1704.33576085	
-5.65131890512	-1704.33563902	
-5.65248918027	-1704.33551742	
-5.65365808747	-1704.33539605	
-5.65482562993	-1704.33527491	
-5.65599181082	-1704.335154	
-5.65715663332	-1704.33503332	
-5.65832010058	-1704.33491287	
-5.65948221576	-1704.33479264	
-5.660642982	-1704.33467264	
-5.66180240242	-1704.33455286	
-5.66296048014	-1704.33443331	
-5.66411721826	-1704.33431399	
-5.66527261989	-1704.33419489	
-5.66642668811	-1704.33407601	
-5.66757942599	-1704.33395735	
-5.6687308366	-1704.33383892	
-5.66988092298	-1704.33372071	
-5.67102968818	-1704.33360272	
-5.67217713524	-1704.33348494	
-5.67332326717	-1704.33336739	
-5.67446808699	-1704.33325006	
-5.67561159769	-1704.33313295	
-5.67675380227	-1704.33301605	
-5.6778947037	-1704.33289937	
-5.67903430497	-1704.33278291	
-5.68017260902	-1704.33266667	
-5.6813096188	-1704.33255064	
-5.68244533727	-1704.33243482	
-5.68357976734	-1704.33231922	
-5.68471291194	-1704.33220384	
-5.68584477397	-1704.33208867	
-5.68697535634	-1704.33197371	
-5.68810466194	-1704.33185896	
-5.68923269364	-1704.33174442	
-5.69035945432	-1704.3316301	
-5.69148494685	-1704.33151598	
-5.69260917406	-1704.33140208	
-5.6937321388	-1704.33128838	
-5.69485384391	-1704.3311749	
-5.69597429221	-1704.33106162	
-5.69709348651	-1704.33094855	
-5.69821142961	-1704.33083568	
-5.69932812431	-1704.33072303	
-5.70044357339	-1704.33061058	
-5.70155777963	-1704.33049833	
-5.7026707458	-1704.33038629	
-5.70378247466	-1704.33027445	
-5.70489296894	-1704.33016282	
-5.70600223139	-1704.33005139	
-5.70711026475	-1704.32994017	
-5.70821707172	-1704.32982914	
-5.70932265503	-1704.32971832	
-5.71042701737	-1704.3296077	
-5.71153016145	-1704.32949728	
-5.71263208993	-1704.32938706	
-5.71373280551	-1704.32927704	
-5.71483231084	-1704.32916722	
-5.71593060859	-1704.3290576	
-5.71702770141	-1704.32894817	
-5.71812359193	-1704.32883895	
-5.71921828279	-1704.32872992	
-5.72031177661	-1704.32862108	
-5.72140407601	-1704.32851244	
-5.72249518359	-1704.328404	
-5.72358510195	-1704.32829576	
-5.72467383369	-1704.3281877	
-5.72576138137	-1704.32807984	
-5.72684774759	-1704.32797218	
-5.72793293489	-1704.32786471	
-5.72901694583	-1704.32775743	
-5.73009978297	-1704.32765034	
-5.73118144884	-1704.32754344	
-5.73226194598	-1704.32743673	
-5.7333412769	-1704.32733022	
-5.73441944412	-1704.32722389	
-5.73549645015	-1704.32711776	
-5.73657229748	-1704.32701181	
-5.73764698861	-1704.32690605	
-5.73872052602	-1704.32680048	
-5.73979291218	-1704.3266951	
-5.74086414956	-1704.3265899	
-5.74193424062	-1704.32648489	
-5.74300318781	-1704.32638007	
-5.74407099357	-1704.32627543	
-5.74513766034	-1704.32617098	
-5.74620319054	-1704.32606671	
-5.7472675866	-1704.32596263	
-5.74833085092	-1704.32585873	
-5.74939298591	-1704.32575501	
-5.75045399397	-1704.32565147	
-5.75151387748	-1704.32554812	
-5.75257263883	-1704.32544495	
-5.75363028038	-1704.32534196	
-5.75468680452	-1704.32523915	
-5.75574221359	-1704.32513652	
-5.75679650994	-1704.32503408	
-5.75784969593	-1704.32493181	
-5.75890177388	-1704.32482972	
-5.75995274612	-1704.32472781	
-5.76100261499	-1704.32462607	
-5.76205138278	-1704.32452452	
-5.76309905181	-1704.32442314	
-5.76414562438	-1704.32432194	
-5.76519110278	-1704.32422091	
-5.7662354893	-1704.32412006	
-5.76727878622	-1704.32401939	
-5.76832099579	-1704.32391889	
-5.7693621203	-1704.32381857	
-5.770402162	-1704.32371842	
-5.77144112313	-1704.32361844	
-5.77247900594	-1704.32351864	
-5.77351581267	-1704.32341901	
-5.77455154554	-1704.32331955	
-5.77558620679	-1704.32322026	
-5.77661979861	-1704.32312115	
-5.77765232322	-1704.3230222	
-5.77868378283	-1704.32292343	
-5.77971417962	-1704.32282482	
-5.78074351579	-1704.32272639	
-5.78177179352	-1704.32262813	
-5.78279901497	-1704.32253003	
-5.78382518233	-1704.3224321	
-5.78485029774	-1704.32233434	
-5.78587436337	-1704.32223675	
-5.78689738137	-1704.32213933	
-5.78791935386	-1704.32204207	
-5.788940283	-1704.32194498	
-5.7899601709	-1704.32184805	
-5.79097901969	-1704.32175129	
-5.79199683148	-1704.3216547	
-5.79301360838	-1704.32155827	
-5.7940293525	-1704.321462	
-5.79504406593	-1704.3213659	
-5.79605775077	-1704.32126996	
-5.79707040908	-1704.32117419	
-5.79808204295	-1704.32107858	
-5.79909265446	-1704.32098313	
-5.80010224566	-1704.32088784	
-5.80111081862	-1704.32079271	
-5.80211837538	-1704.32069775	
-5.80312491799	-1704.32060294	
-5.80413044849	-1704.32050829	
-5.80513496892	-1704.32041381	
-5.80613848129	-1704.32031948	
-5.80714098764	-1704.32022532	
-5.80814248998	-1704.32013131	
-5.80914299031	-1704.32003746	
