#Site	lnL	
0	-1.37928122206
1	-1.34095685418
2	-12.8944979573
3	-1.39463375595
4	-1.7064934373
5	-5.02501714898
6	-1.37928122206
7	-1.33746818381
8	-6.78112599803
9	-1.76361702046
10	-1.33746818381
11	-11.71412815
12	-9.28766974532
13	-1.33746818381
14	-4.83190229122
15	-1.45967238698
16	-1.40302193402
17	-5.84576084044
18	-1.45967238698
19	-1.40302193402
20	-4.83190229122
21	-1.45967238698
22	-1.40302193402
23	-7.55274661311
24	-1.37928122206
25	-1.33746818381
26	-6.78871188769
27	-1.45967238698
28	-1.33746818381
29	-4.92074332584
30	-1.39463375595
31	-1.33746818381
32	-9.32737356938
33	-1.45967238698
34	-1.33746818381
35	-6.78112599803
36	-1.76361702046
37	-1.34095685418
38	-8.1662987174
39	-1.45967238698
40	-1.40302193402
41	-3.13472851744
42	-1.45967238698
43	-1.7064934373
44	-2.74537763635
45	-1.37928122206
46	-1.33746818381
47	-8.65931882976
48	-1.37928122206
49	-1.34095685418
50	-5.79515980508
51	-1.37928122206
52	-1.40302193402
53	-8.97916118517
54	-1.76361702046
55	-1.33746818381
56	-9.32009497175
57	-1.37928122206
58	-1.34095685418
59	-3.13472851744
60	-1.45967238698
61	-1.34095685418
62	-7.93303971197
63	-1.37928122206
64	-1.34095685418
65	-3.13472851744
66	-1.45967238698
67	-1.40302193402
68	-8.67764976957
69	-1.45967238698
70	-1.33746818381
71	-6.93491389651
72	-1.76361702046
73	-1.7064934373
74	-6.80943641264
75	-1.45967238698
76	-1.33746818381
77	-5.98246685791
78	-1.39463375595
79	-6.94074664077
80	-11.7701867402
81	-1.76361702046
82	-1.34095685418
83	-6.53490418455
84	-1.39463375595
85	-1.7064934373
86	-9.64931443209
87	-1.45967238698
88	-1.7064934373
89	-4.74237083952
90	-1.37928122206
91	-1.40302193402
92	-3.30353725005
93	-6.5461343217
94	-1.33746818381
95	-3.13472851744
96	-1.37928122206
97	-1.34095685418
98	-8.1958290265
99	-1.37928122206
100	-1.34095685418
101	-3.13472851744
102	-1.37928122206
103	-1.34095685418
104	-12.2686714286
105	-1.37928122206
106	-1.7064934373
107	-7.42703764339
108	-1.45967238698
109	-1.40302193402
110	-3.13472851744
111	-1.39463375595
112	-1.40302193402
113	-8.69598676479
114	-1.39463375595
115	-1.7064934373
116	-8.49592495877
117	-1.76361702046
118	-1.34095685418
119	-2.74537763635
120	-1.37928122206
121	-1.33746818381
122	-10.268650714
123	-1.76361702046
124	-1.40302193402
125	-8.33353886398
126	-1.37928122206
127	-1.34095685418
128	-3.13472851744
129	-1.76361702046
130	-1.40302193402
131	-9.09585226928
132	-1.76361702046
133	-1.33746818381
134	-8.82759440629
135	-1.45967238698
136	-1.33746818381
137	-6.84923544175
138	-1.39463375595
139	-1.33746818381
140	-5.02501714898
141	-1.39463375595
142	-1.33746818381
143	-6.41719371026
144	-1.76361702046
145	-1.33746818381
146	-2.74537763635
147	-10.90552272
148	-7.19360841584
149	-9.50521782532
150	-1.37928122206
151	-1.33746818381
152	-9.63415473832
153	-1.45967238698
154	-1.33746818381
155	-4.93144411852
156	-1.76361702046
157	-1.34095685418
158	-2.74537763635
159	-1.39463375595
160	-1.7064934373
161	-3.30353725005
162	-1.45967238698
163	-1.34095685418
164	-8.92468708478
165	-1.37928122206
166	-1.34095685418
167	-7.34252465186
168	-1.45967238698
169	-1.33746818381
170	-2.74537763635
171	-1.39463375595
172	-1.40302193402
173	-7.93339910286
174	-1.39463375595
175	-1.33746818381
176	-9.5326989328
177	-1.39463375595
178	-1.7064934373
179	-8.66240467492
180	-1.37928122206
181	-1.7064934373
182	-6.71685608641
183	-1.39463375595
184	-1.7064934373
185	-2.74537763635
186	-1.37928122206
187	-1.34095685418
188	-6.23665205396
189	-1.45967238698
190	-1.40302193402
191	-9.68456116416
192	-1.37928122206
193	-1.33746818381
194	-6.77842004713
195	-1.39463375595
196	-1.34095685418
197	-7.11821932726
198	-6.2338188398
199	-1.40302193402
200	-6.80943641264
201	-1.45967238698
202	-1.7064934373
203	-3.30353725005
204	-8.07081254627
205	-9.07506160037
206	-6.69970620184
207	-6.5902002688
208	-1.33746818381
209	-8.72538311116
210	-1.45967238698
211	-1.34095685418
212	-5.29058997043
213	-1.39463375595
214	-1.34095685418
215	-3.13472851744
216	-1.37928122206
217	-1.7064934373
218	-3.66596058663
219	-1.37928122206
220	-1.40302193402
221	-5.98246685791
222	-1.76361702046
223	-1.40302193402
224	-6.77842004713
225	-1.39463375595
226	-1.34095685418
227	-11.4189367972
228	-1.39463375595
229	-1.34095685418
230	-6.97703847923
231	-1.45967238698
232	-1.33746818381
233	-6.15534667735
234	-1.37928122206
235	-1.40302193402
236	-5.27705037718
237	-1.39463375595
238	-1.7064934373
239	-5.48099939281
240	-6.22816227444
241	-1.7064934373
242	-3.30353725005
243	-1.37928122206
244	-1.40302193402
245	-9.16392232356
246	-1.39463375595
247	-1.34095685418
248	-7.42127265123
249	-1.37928122206
250	-1.33746818381
251	-3.30353725005
252	-1.37928122206
253	-1.7064934373
254	-3.30353725005
255	-1.37928122206
256	-1.7064934373
257	-13.8480091802
258	-1.37928122206
259	-1.40302193402
260	-10.7880014709
261	-1.39463375595
262	-1.33746818381
263	-2.74537763635
264	-1.39463375595
265	-1.34095685418
266	-9.93872187819
267	-1.39463375595
268	-1.7064934373
269	-11.7524049032
270	-1.39463375595
271	-1.34095685418
272	-6.23665205396
273	-1.39463375595
274	-1.34095685418
275	-6.47482186446
276	-1.37928122206
277	-1.33746818381
278	-8.11153926108
279	-1.76361702046
280	-1.33746818381
281	-3.13472851744
282	-11.2838204208
283	-1.34095685418
284	-2.74537763635
285	-1.39463375595
286	-1.34095685418
287	-9.51226963459
288	-1.45967238698
289	-1.40302193402
290	-4.85713689273
291	-1.76361702046
292	-1.33746818381
293	-14.3955616299
294	-1.37928122206
295	-1.40302193402
296	-3.30353725005
297	-1.39463375595
298	-1.40302193402
299	-2.74537763635
300	-1.45967238698
301	-1.33746818381
302	-2.74537763635
303	-1.45967238698
304	-1.33746818381
305	-4.83190229122
306	-7.75605644695
307	-1.33746818381
308	-3.13472851744
309	-1.37928122206
310	-1.7064934373
311	-6.1685636525
312	-1.39463375595
313	-1.33746818381
314	-3.66596058663
315	-1.39463375595
316	-1.40302193402
317	-11.7028224216
318	-1.76361702046
319	-1.34095685418
320	-2.74537763635
321	-1.37928122206
322	-1.7064934373
323	-8.13040992865
324	-1.39463375595
325	-1.7064934373
326	-6.78871188769
327	-1.76361702046
328	-1.33746818381
329	-11.2340069368
330	-1.37928122206
331	-1.34095685418
332	-9.32130841574
333	-1.39463375595
334	-1.7064934373
335	-3.30353725005
336	-1.45967238698
337	-1.7064934373
338	-3.13472851744
339	-1.76361702046
340	-1.34095685418
341	-7.26098316531
342	-1.76361702046
343	-9.8437304326
344	-12.5128226109
345	-6.22816227444
346	-1.7064934373
347	-6.47482186446
348	-1.45967238698
349	-1.33746818381
350	-4.79000039632
351	-1.45967238698
352	-1.7064934373
353	-3.30353725005
354	-1.45967238698
355	-1.33746818381
356	-3.13472851744
357	-8.37852808548
358	-1.34095685418
359	-8.14712756756
360	-1.76361702046
361	-6.89347482379
362	-5.90599150314
363	-1.45967238698
364	-1.40302193402
365	-7.97127263904
366	-1.45967238698
367	-1.7064934373
368	-8.12864484603
369	-1.39463375595
370	-1.40302193402
371	-12.2662691925
372	-8.07027573428
373	-1.34095685418
374	-8.45450861262
375	-1.37928122206
376	-8.75922543451
377	-8.88719379332
378	-1.45967238698
379	-1.34095685418
380	-2.74537763635
381	-1.39463375595
382	-1.40302193402
383	-4.85713689273
384	-1.45967238698
385	-1.7064934373
386	-5.02501714898
387	-1.37928122206
388	-1.7064934373
389	-9.57503631338
390	-1.37928122206
391	-1.34095685418
392	-4.8950651579
393	-1.37928122206
394	-1.33746818381
395	-11.1953292424
396	-1.45967238698
397	-8.85863823854
398	-6.73217847159
399	-1.37928122206
400	-1.34095685418
401	-4.85713689273
402	-1.37928122206
403	-8.85630380305
404	-9.22611944363
405	-6.55928627674
406	-1.40302193402
407	-6.93491389651
408	-1.39463375595
409	-1.40302193402
410	-5.39776317124
411	-1.76361702046
412	-1.7064934373
413	-8.87166100899
414	-9.15013783817
415	-1.33746818381
416	-3.66596058663
417	-1.45967238698
418	-1.33746818381
419	-5.02501714898
420	-6.5461343217
421	-1.7064934373
422	-5.48099939281
423	-1.37928122206
424	-1.34095685418
425	-2.74537763635
426	-1.76361702046
427	-1.33746818381
428	-6.1685636525
429	-1.39463375595
430	-1.34095685418
431	-3.13472851744
432	-1.45967238698
433	-1.33746818381
434	-11.2681278239
435	-1.45967238698
436	-1.7064934373
437	-9.09853337856
438	-1.37928122206
439	-1.40302193402
440	-3.66596058663
441	-1.76361702046
442	-1.7064934373
443	-9.04370552673
444	-1.37928122206
445	-1.34095685418
446	-2.74537763635
447	-10.4939835912
448	-1.7064934373
449	-6.93491389651
450	-1.37928122206
451	-1.40302193402
452	-10.4543469169
453	-1.45967238698
454	-1.34095685418
455	-6.55124221263
456	-1.45967238698
457	-1.33746818381
458	-3.13472851744
459	-1.37928122206
460	-1.34095685418
461	-6.61760721369
462	-1.45967238698
463	-1.7064934373
464	-9.06468028395
465	-1.45967238698
466	-1.40302193402
467	-9.05445517871
468	-1.37928122206
469	-1.40302193402
470	-11.0240897716
471	-1.39463375595
472	-1.40302193402
473	-6.79289585919
474	-1.45967238698
475	-1.34095685418
476	-9.00550621842
477	-1.76361702046
478	-1.40302193402
479	-7.90976336458
480	-1.39463375595
481	-1.40302193402
482	-5.56807337485
483	-1.45967238698
484	-1.33746818381
485	-3.30353725005
486	-1.45967238698
487	-1.7064934373
488	-9.72413368871
