#Site	lnL	
0	-11.1940037939
1	-8.88941459364
2	-29.1148988639
3	-6.86417039621
4	-7.66487053608
5	-14.6770108253
6	-14.9153477403
7	-13.3023749886
8	-14.4850995303
9	-8.92354060097
10	-7.16336902781
11	-10.3118953988
12	-7.53204745638
13	-11.9895763792
14	-15.7471603757
15	-7.68774365628
16	-11.403774903
17	-8.04390477167
18	-18.8238511653
19	-17.5133399061
20	-10.6011752829
21	-15.8864855606
22	-16.0204323595
23	-14.35353889
24	-6.69949922452
25	-7.43732160455
26	-14.2490466815
27	-6.30459579149
28	-6.69949922452
29	-16.3893523451
30	-7.42772129819
31	-8.98604054407
32	-10.0387716908
33	-15.641516408
34	-9.67435481215
35	-11.6529812581
36	-7.66487053608
37	-12.5768891397
38	-10.9986775006
39	-12.8502335875
40	-12.737244317
41	-7.19749534037
42	-10.8990466887
43	-15.0173353264
44	-18.9940880168
45	-10.1340053282
46	-10.1462108517
47	-6.09368314483
48	-7.42772129819
49	-6.86417039621
50	-9.08978856653
51	-16.3025214305
52	-6.09368314483
53	-6.66833414035
54	-7.43732160455
55	-10.8990466887
56	-10.2994830695
57	-7.16026219459
58	-11.2806076852
59	-13.5631515486
60	-12.0566440224
61	-13.3696659645
62	-17.6549665963
63	-15.2955545685
64	-26.6091517114
65	-7.67962633795
66	-7.67962633795
67	-14.1414187051
68	-14.1074383798
69	-28.4196997329
70	-9.8406414391
71	-12.4498807253
72	-11.3682880866
73	-8.80150132076
74	-9.71733829785
75	-32.015625724
76	-7.89161190732
77	-10.0285696315
78	-12.6060254382
79	-31.0973869213
80	-8.41816219672
81	-14.8701307586
82	-25.4971203658
83	-21.8837219187
84	-6.30459579149
85	-14.7900968626
86	-13.7327954054
87	-9.22632280427
88	-27.0464418917
89	-10.3866303944
90	-21.5700147864
91	-22.1349965801
92	-11.8912851892
93	-6.66226978837
94	-20.990796632
95	-12.480830979
96	-6.30459579149
97	-12.6382913533
98	-19.405205134
99	-11.7328875654
100	-10.7866948146
101	-12.4608378341
102	-10.6011752829
103	-16.3724508351
104	-21.4276920323
105	-9.67435481215
106	-10.2296468758
107	-10.29020094
108	-14.3773180439
109	-19.8953760079
110	-13.4843096946
111	-21.1644720795
112	-21.5833916604
113	-9.56841381888
114	-21.9314397948
115	-11.1295485692
116	-7.68774365628
117	-6.69949922452
118	-11.5255678106
119	-15.6021146901
120	-9.95235250798
121	-7.53204745638
122	-13.321792362
123	-13.5665855235
124	-25.5783370196
125	-15.4089204867
126	-14.954086013
127	-8.43201714362
128	-26.4819870955
129	-11.0105983796
130	-12.3867186343
131	-10.7102279918
132	-11.5610581397
133	-14.7105564506
134	-18.9956062254
135	-26.0682699895
136	-8.7669494621
137	-24.2105834791
138	-7.68774365628
139	-22.4177582907
140	-23.67505638
141	-13.5668637214
142	-14.7444516341
143	-31.7168943328
144	-8.41816219672
145	-18.6353265364
146	-16.6281210059
147	-7.47145102302
148	-18.4517075873
149	-16.375701453
150	-14.7332760259
151	-6.86417039621
152	-14.8140184325
153	-6.69949922452
154	-18.6638238135
155	-11.1748730106
156	-9.65331277068
157	-10.3843959762
158	-19.6742311669
159	-8.31366491642
160	-7.01842962397
161	-29.9877930108
162	-10.3787960288
