# log_p 	 lnL 	 
0.0	-1707.13606689	
-0.287682072452	-1707.02355437	
-0.510825623766	-1706.86436106	
-0.69314718056	-1706.69348261	
-0.847297860387	-1706.5302551	
-0.980829253012	-1706.38310278	
-1.09861228867	-1706.25444817	
-1.20397280433	-1706.14379571	
-1.29928298413	-1706.04941598	
-1.38629436112	-1705.96919897	
-1.46633706879	-1705.9010569	
-1.54044504095	-1705.84309473	
-1.60943791243	-1705.79366565	
-1.67397643357	-1705.75137261	
-1.73460105539	-1705.71504684	
-1.79175946923	-1705.68371841	
-1.8458266905	-1705.6565862	
-1.89711998489	-1705.63299004	
-1.94591014906	-1705.61238654	
-1.99243016469	-1705.59432837	
-2.03688192726	-1705.57844705	
-2.07944154168	-1705.56443865	
-2.1202635362	-1705.55205203	
-2.15948424935	-1705.54107927	
-2.19722457734	-1705.53134773	
-2.23359222151	-1705.5227137	
-2.26868354132	-1705.51505714	
-2.30258509299	-1705.50827742	
-2.33537491582	-1705.50228985	
-2.36712361413	-1705.49702282	
-2.3978952728	-1705.49241552	
-2.42774823595	-1705.48841604	
-2.45673577282	-1705.4849798	
-2.48490664979	-1705.48206832	
-2.51230562398	-1705.47964817	
-2.53897387106	-1705.47769012	
-2.56494935746	-1705.47616846	
-2.59026716545	-1705.47506041	
-2.61495977804	-1705.47434564	
-2.63905732962	-1705.47400592	
-2.66258782703	-1705.47402476	
-2.68557734525	-1705.47438718	
-2.7080502011	-1705.47507946	
-2.73002910782	-1705.47608897	
-2.75153531304	-1705.47740404	
-2.77258872224	-1705.47901379	
-2.79320800944	-1705.48090808	
-2.81341071676	-1705.48307736	
-2.83321334406	-1705.48551265	
-2.85263142991	-1705.48820546	
-2.87167962488	-1705.49114772	
-2.8903717579	-1705.49433177	
-2.90872089656	-1705.49775029	
-2.92673940207	-1705.50139627	
-2.94443897917	-1705.50526302	
-2.96183072188	-1705.5093441	
-2.97892515524	-1705.51363334	
-2.99573227355	-1705.51812477	
-3.01226157551	-1705.52281266	
-3.02852209638	-1705.52769148	
-3.04452243772	-1705.53275587	
-3.06027079469	-1705.53800068	
-3.07577498123	-1705.5434209	
-3.09104245336	-1705.5490117	
-3.10608033072	-1705.55476838	
-3.12089541651	-1705.56068642	
-3.13549421593	-1705.56676139	
-3.14988295338	-1705.57298905	
-3.16406758837	-1705.57936523	
-3.17805383035	-1705.58588593	
-3.19184715248	-1705.59254722	
-3.20545280454	-1705.59934532	
-3.21887582487	-1705.60627654	
-3.23212105162	-1705.61333729	
-3.24519313319	-1705.62052408	
-3.25809653802	-1705.62783354	
-3.2708355638	-1705.63526236	
-3.28341434601	-1705.64280733	
-3.295836866	-1705.65046534	
-3.3081069586	-1705.65823333	
-3.32022831913	-1705.66610837	
-3.33220451018	-1705.67408755	
-3.34403896782	-1705.68216809	
-3.35573500759	-1705.69034724	
-3.36729582999	-1705.69862233	
-3.37872452581	-1705.70699079	
-3.39002408106	-1705.71545006	
-3.40119738166	-1705.7239977	
-3.41224721785	-1705.73263129	
-3.42317628838	-1705.74134848	
-3.43398720449	-1705.750147	
-3.4446824936	-1705.7590246	
-3.45526460293	-1705.76797912	
-3.4657359028	-1705.77700842	
-3.47609868984	-1705.78611044	
-3.48635519	-1705.79528315	
-3.49650756147	-1705.80452458	
-3.50655789732	-1705.81383279	
-3.51650822817	-1705.8232059	
-3.52636052462	-1705.83264208	
-3.53611669956	-1705.84213953	
-3.54577861047	-1705.85169649	
-3.55534806149	-1705.86131125	
-3.56482680544	-1705.87098214	
-3.57421654579	-1705.88070752	
-3.58351893846	-1705.89048579	
-3.59273559356	-1705.90031538	
-3.60186807712	-1705.91019478	
-3.61091791264	-1705.92012248	
-3.61988658263	-1705.93009704	
-3.62877553004	-1705.94011701	
-3.63758615973	-1705.95018102	
-3.6463198397	-1705.96028768	
-3.65497790244	-1705.97043568	
-3.66356164613	-1705.9806237	
-3.6720723358	-1705.99085046	
-3.68051120444	-1706.00111473	
-3.68887945411	-1706.01141528	
-3.69717825693	-1706.02175091	
-3.70540875607	-1706.03212046	
-3.7135720667	-1706.04252279	
-3.72166927694	-1706.05295677	
-3.72970144863	-1706.06342132	
-3.73766961828	-1706.07391535	
-3.74557479779	-1706.08443784	
-3.75341797525	-1706.09498774	
-3.76120011569	-1706.10556405	
-3.76892216179	-1706.11616581	
-3.77658503453	-1706.12679203	
-3.78418963392	-1706.13744179	
-3.79173683955	-1706.14811416	
-3.79922751128	-1706.15880825	
-3.80666248977	-1706.16952316	
-3.81404259707	-1706.18025804	
-3.82136863716	-1706.19101204	
-3.82864139649	-1706.20178434	
-3.83586164446	-1706.21257412	
-3.84303013394	-1706.22338059	
-3.85014760171	-1706.23420298	
-3.85721476893	-1706.24504053	
-3.86423234159	-1706.25589249	
-3.87120101091	-1706.26675813	
-3.87812145375	-1706.27763675	
-3.88499433304	-1706.28852764	
-3.89182029811	-1706.29943012	
-3.8985999851	-1706.31034352	
-3.90533401728	-1706.32126719	
-3.91202300543	-1706.33220049	
-3.91866754815	-1706.34314278	
-3.92526823218	-1706.35409346	
-3.93182563272	-1706.36505191	
-3.93834031375	-1706.37601756	
-3.94481282825	-1706.38698983	
-3.95124371858	-1706.39796814	
-3.95763351668	-1706.40895195	
-3.96398274436	-1706.41994072	
-3.97029191355	-1706.43093392	
-3.97656152657	-1706.44193102	
-3.98279207632	-1706.45293152	
-3.98898404656	-1706.46393492	
-3.99513791214	-1706.47494074	
-4.00125413916	-1706.48594849	
-4.00733318523	-1706.49695772	
-4.01337549969	-1706.50796796	
-4.01938152375	-1706.51897877	
-4.02535169074	-1706.5299897	
-4.03128642625	-1706.54100034	
-4.03718614838	-1706.55201026	
-4.04305126783	-1706.56301905	
-4.04888218815	-1706.57402631	
-4.05467930583	-1706.58503164	
-4.06044301055	-1706.59603467	
-4.06617368526	-1706.607035	
-4.07187170637	-1706.61803228	
-4.07753744391	-1706.62902615	
-4.08317126162	-1706.64001624	
-4.08877351717	-1706.65100222	
-4.09434456222	-1706.66198374	
-4.0998847426	-1706.67296048	
-4.10539439841	-1706.68393211	
-4.11087386417	-1706.69489831	
-4.11632346894	-1706.70585878	
-4.12174353641	-1706.7168132	
-4.12713438505	-1706.72776129	
-4.13249632819	-1706.73870275	
-4.13782967416	-1706.7496373	
-4.14313472639	-1706.76056465	
-4.14841178349	-1706.77148455	
-4.15366113938	-1706.78239672	
-4.15888308336	-1706.7933009	
-4.16407790024	-1706.80419683	
-4.1692458704	-1706.81508428	
-4.1743872699	-1706.82596299	
-4.17950237056	-1706.83683273	
-4.18459144007	-1706.84769326	
-4.18965474203	-1706.85854436	
-4.19469253606	-1706.8693858	
-4.19970507788	-1706.88021737	
-4.20469261939	-1706.89103886	
-4.20965540873	-1706.90185005	
-4.21459369037	-1706.91265075	
-4.21950770518	-1706.92344076	
-4.22439769047	-1706.93421987	
-4.22926388012	-1706.94498791	
-4.2341065046	-1706.95574469	
-4.23892579103	-1706.96649002	
-4.2437219633	-1706.97722373	
-4.24849524205	-1706.98794565	
-4.25324584481	-1706.99865561	
-4.257973986	-1707.00935345	
-4.26267987704	-1707.020039	
-4.26736372635	-1707.0307121	
-4.27202573946	-1707.04137261	
-4.27666611902	-1707.05202037	
-4.28128506487	-1707.06265524	
-4.28588277412	-1707.07327708	
-4.29045944115	-1707.08388575	
-4.29501525768	-1707.09448111	
-4.29955041285	-1707.10506302	
-4.3040650932	-1707.11563137	
-4.30855948279	-1707.12618602	
-4.31303376319	-1707.13672686	
-4.31748811354	-1707.14725375	
-4.3219227106	-1707.1577666	
-4.32633772881	-1707.16826527	
-4.33073334029	-1707.17874967	
-4.33510971489	-1707.18921968	
-4.33946702026	-1707.1996752	
-4.34380542185	-1707.21011613	
-4.348125083	-1707.22054236	
-4.3524261649	-1707.23095381	
-4.35670882669	-1707.24135037	
-4.36097322548	-1707.25173195	
-4.36521951636	-1707.26209847	
-4.36944785247	-1707.27244984	
-4.373658385	-1707.28278596	
-4.37785126326	-1707.29310677	
-4.38202663467	-1707.30341219	
-4.38618464482	-1707.31370212	
-4.39032543749	-1707.3239765	
-4.39444915467	-1707.33423526	
-4.39855593663	-1707.34447832	
-4.40264592188	-1707.35470562	
-4.40671924726	-1707.36491708	
-4.41077604796	-1707.37511265	
-4.4148164575	-1707.38529225	
-4.4188406078	-1707.39545584	
-4.42284862919	-1707.40560334	
-4.42684065046	-1707.41573471	
-4.43081679884	-1707.42584989	
-4.43477720006	-1707.43594882	
-4.43872197835	-1707.44603145	
-4.44265125649	-1707.45609773	
-4.44656515581	-1707.46614762	
-4.45046379623	-1707.47618106	
-4.45434729625	-1707.48619802	
-4.45821577303	-1707.49619844	
-4.46206934235	-1707.50618229	
-4.46590811865	-1707.51614952	
-4.46973221509	-1707.52610011	
-4.47354174351	-1707.536034	
-4.47733681448	-1707.54595116	
-4.48111753732	-1707.55585157	
-4.48488402011	-1707.56573518	
-4.48863636973	-1707.57560196	
-4.49237469184	-1707.58545189	
-4.49609909093	-1707.59528493	
-4.49980967033	-1707.60510106	
-4.50350653221	-1707.61490025	
-4.50718977763	-1707.62468248	
-4.51085950652	-1707.63444771	
-4.51451581772	-1707.64419594	
-4.518158809	-1707.65392713	
-4.52178857705	-1707.66364127	
-4.52540521752	-1707.67333834	
-4.52900882502	-1707.68301831	
-4.53259949315	-1707.69268118	
-4.5361773145	-1707.70232692	
-4.53974238067	-1707.71195553	
-4.54329478227	-1707.72156698	
-4.54683460898	-1707.73116126	
-4.55036194949	-1707.74073836	
-4.5538768916	-1707.75029828	
-4.55737952215	-1707.75984099	
-4.56086992709	-1707.7693665	
-4.56434819147	-1707.77887479	
-4.56781439944	-1707.78836586	
-4.57126863431	-1707.79783969	
-4.5747109785	-1707.80729629	
-4.5781415136	-1707.81673565	
-4.58156032035	-1707.82615776	
-4.58496747867	-1707.83556263	
-4.58836306767	-1707.84495024	
-4.59174716566	-1707.85432061	
-4.59511985013	-1707.86367372	
-4.59848119784	-1707.87300957	
-4.60183128472	-1707.88232818	
-4.60517018599	-1707.89162954	
-4.60849797608	-1707.90091364	
-4.61181472871	-1707.9101805	
-4.61512051684	-1707.91943012	
-4.61841541274	-1707.92866251	
-4.62169948794	-1707.93787766	
-4.62497281328	-1707.94707558	
-4.62823545892	-1707.95625628	
-4.63148749431	-1707.96541977	
-4.63472898823	-1707.97456605	
-4.63796000881	-1707.98369513	
-4.64118062351	-1707.99280702	
-4.64439089914	-1708.00190172	
-4.64759090187	-1708.01097926	
-4.65078069724	-1708.02003963	
-4.65396035016	-1708.02908286	
-4.65712992492	-1708.03810894	
-4.66028948521	-1708.0471179	
-4.66343909411	-1708.05610974	
-4.66657881412	-1708.06508447	
-4.66970870713	-1708.07404212	
-4.67282883446	-1708.08298269	
-4.67593925688	-1708.0919062	
-4.67904003455	-1708.10081267	
-4.68213122712	-1708.1097021	
-4.68521289366	-1708.11857451	
-4.6882850927	-1708.12742992	
-4.69134788223	-1708.13626835	
-4.69440131972	-1708.14508981	
-4.6974454621	-1708.15389432	
-4.70048036579	-1708.1626819	
-4.70350608671	-1708.17145256	
-4.70652268025	-1708.18020632	
-4.70953020131	-1708.18894321	
-4.71252870431	-1708.19766324	
-4.71551824316	-1708.20636642	
-4.7184988713	-1708.21505279	
-4.72147064168	-1708.22372236	
-4.72443360681	-1708.23237515	
-4.72738781871	-1708.24101118	
-4.73033332894	-1708.24963047	
-4.73327018862	-1708.25823304	
-4.73619844839	-1708.26681892	
-4.7391181585	-1708.27538813	
-4.74202936871	-1708.28394068	
-4.74493212836	-1708.29247661	
-4.74782648639	-1708.30099593	
-4.75071249128	-1708.30949867	
-4.75359019111	-1708.31798484	
-4.75645963353	-1708.32645449	
-4.75932086582	-1708.33490762	
-4.7621739348	-1708.34334426	
-4.76501888693	-1708.35176444	
-4.76785576827	-1708.36016817	
-4.77068462447	-1708.3685555	
-4.77350550081	-1708.37692643	
-4.77631844218	-1708.385281	
-4.77912349311	-1708.39361923	
-4.78192069773	-1708.40194115	
-4.78471009982	-1708.41024678	
-4.78749174278	-1708.41853614	
-4.79026566966	-1708.42680927	
-4.79303192316	-1708.4350662	
-4.7957905456	-1708.44330694	
-4.79854157897	-1708.45153152	
-4.80128506491	-1708.45973997	
-4.80402104473	-1708.46793232	
-4.80674955939	-1708.4761086	
-4.8094706495	-1708.48426883	
-4.81218435537	-1708.49241303	
-4.81489071697	-1708.50054125	
-4.81758977394	-1708.5086535	
-4.82028156561	-1708.51674982	
-4.82296613098	-1708.52483022	
-4.82564350875	-1708.53289475	
-4.8283137373	-1708.54094342	
-4.83097685472	-1708.54897627	
-4.83363289878	-1708.55699333	
-4.83628190695	-1708.56499462	
-4.83892391641	-1708.57298017	
-4.84155896405	-1708.58095002	
-4.84418708646	-1708.58890418	
-4.84680831994	-1708.5968427	
-4.84942270051	-1708.60476559	
-4.85203026392	-1708.61267289	
-4.85463104562	-1708.62056464	
-4.8572250808	-1708.62844085	
-4.85981240436	-1708.63630156	
-4.86239305096	-1708.64414679	
-4.86496705495	-1708.65197658	
-4.86753445046	-1708.65979096	
-4.87009527132	-1708.66758996	
-4.87264955112	-1708.6753736	
-4.8751973232	-1708.68314193	
-4.87773862063	-1708.69089495	
-4.88027347623	-1708.69863272	
-4.88280192259	-1708.70635526	
-4.88532399202	-1708.71406259	
-4.88783971662	-1708.72175476	
-4.89034912822	-1708.72943178	
-4.89285225844	-1708.7370937	
-4.89534913864	-1708.74474053	
-4.89783979995	-1708.75237232	
-4.90032427328	-1708.75998909	
-4.90280258929	-1708.76759088	
-4.90527477844	-1708.7751777	
-4.90774087093	-1708.78274961	
-4.91020089677	-1708.79030662	
-4.91265488574	-1708.79784877	
-4.91510286737	-1708.80537608	
-4.91754487103	-1708.8128886	
-4.91998092583	-1708.82038634	
-4.92241106068	-1708.82786935	
-4.92483530429	-1708.83533765	
-4.92725368516	-1708.84279127	
-4.92966623156	-1708.85023025	
-4.93207297159	-1708.85765462	
-4.93447393313	-1708.8650644	
-4.93686914386	-1708.87245963	
-4.93925863125	-1708.87984034	
-4.94164242261	-1708.88720657	
-4.94402054501	-1708.89455833	
-4.94639302537	-1708.90189567	
-4.94875989038	-1708.90921861	
-4.95112116656	-1708.9165272	
-4.95347688026	-1708.92382144	
-4.9558270576	-1708.93110139	
-4.95817172456	-1708.93836707	
-4.96051090691	-1708.94561851	
-4.96284463026	-1708.95285575	
-4.96517292002	-1708.96007881	
-4.96749580144	-1708.96728772	
-4.96981329958	-1708.97448253	
-4.97212543933	-1708.98166325	
-4.97443224543	-1708.98882992	
-4.97673374242	-1708.99598257	
-4.97902995468	-1709.00312124	
-4.98132090643	-1709.01024595	
-4.98360662171	-1709.01735674	
-4.98588712441	-1709.02445363	
-4.98816243824	-1709.03153666	
-4.99043258678	-1709.03860586	
-4.99269759341	-1709.04566126	
-4.99495748138	-1709.0527029	
-4.99721227376	-1709.05973079	
-4.9994619935	-1709.06674498	
-5.00170666335	-1709.0737455	
-5.00394630595	-1709.08073237	
-5.00618094375	-1709.08770563	
-5.00841059907	-1709.09466531	
-5.0106352941	-1709.10161144	
-5.01285505083	-1709.10854406	
-5.01506989116	-1709.11546318	
-5.01727983681	-1709.12236885	
-5.01948490937	-1709.12926109	
-5.02168513028	-1709.13613994	
-5.02388052085	-1709.14300542	
-5.02607110223	-1709.14985757	
-5.02825689545	-1709.15669642	
-5.03043792139	-1709.163522	
-5.03261420082	-1709.17033434	
-5.03478575433	-1709.17713347	
-5.03695260241	-1709.18391942	
-5.03911476542	-1709.19069222	
-5.04127226356	-1709.19745191	
-5.04342511692	-1709.20419851	
-5.04557334546	-1709.21093205	
-5.047716969	-1709.21765257	
-5.04985600725	-1709.22436009	
-5.05199047978	-1709.23105465	
-5.05412040604	-1709.23773628	
-5.05624580535	-1709.244405	
-5.05836669692	-1709.25106085	
-5.06048309982	-1709.25770386	
-5.06259503303	-1709.26433405	
-5.06470251537	-1709.27095147	
-5.06680556556	-1709.27755613	
-5.06890420222	-1709.28414807	
-5.07099844382	-1709.29072732	
-5.07308830874	-1709.29729391	
-5.07517381523	-1709.30384787	
-5.07725498144	-1709.31038923	
-5.07933182538	-1709.31691802	
-5.08140436498	-1709.32343426	
-5.08347261805	-1709.329938	
-5.08553660227	-1709.33642925	
-5.08759633523	-1709.34290805	
-5.08965183441	-1709.34937443	
-5.09170311719	-1709.35582842	
-5.09375020081	-1709.36227005	
-5.09579310244	-1709.36869934	
-5.09783183913	-1709.37511633	
-5.09986642782	-1709.38152105	
-5.10189688537	-1709.38791352	
-5.10392322852	-1709.39429378	
-5.1059454739	-1709.40066185	
-5.10796363806	-1709.40701777	
-5.10997773743	-1709.41336156	
-5.11198778836	-1709.41969325	
-5.11399380708	-1709.42601287	
-5.11599580975	-1709.43232046	
-5.11799381242	-1709.43861603	
-5.11998783102	-1709.44489962	
-5.12197788143	-1709.45117126	
-5.1239639794	-1709.45743098	
-5.12594614061	-1709.4636788	
-5.12792438062	-1709.46991476	
-5.12989871492	-1709.47613887	
-5.13186915891	-1709.48235118	
-5.13383572788	-1709.48855171	
-5.13579843705	-1709.49474049	
-5.13775730154	-1709.50091755	
-5.13971233637	-1709.50708291	
-5.1416635565	-1709.51323661	
-5.14361097679	-1709.51937866	
-5.145554612	-1709.52550911	
-5.14749447681	-1709.53162798	
-5.14943058584	-1709.53773529	
-5.15136295359	-1709.54383108	
-5.1532915945	-1709.54991538	
-5.15521652291	-1709.5559882	
-5.15713775309	-1709.56204958	
-5.15905529921	-1709.56809955	
-5.1609691754	-1709.57413814	
-5.16287939565	-1709.58016537	
-5.16478597392	-1709.58618126	
-5.16668892407	-1709.59218586	
-5.16858825987	-1709.59817918	
-5.17048399504	-1709.60416126	
-5.17237614319	-1709.61013211	
-5.17426471788	-1709.61609177	
-5.17614973257	-1709.62204027	
-5.17803120067	-1709.62797763	
-5.1799091355	-1709.63390389	
-5.18178355029	-1709.63981905	
-5.18365445823	-1709.64572317	
-5.1855218724	-1709.65161625	
-5.18738580584	-1709.65749833	
-5.18924627149	-1709.66336944	
-5.19110328224	-1709.6692296	
-5.19295685089	-1709.67507884	
-5.19480699018	-1709.68091718	
-5.19665371277	-1709.68674466	
-5.19849703127	-1709.69256129	
-5.20033695819	-1709.69836711	
-5.202173506	-1709.70416215	
-5.20400668708	-1709.70994642	
-5.20583651375	-1709.71571995	
-5.20766299828	-1709.72148278	
-5.20948615284	-1709.72723493	
-5.21130598956	-1709.73297642	
-5.21312252048	-1709.73870728	
-5.21493575761	-1709.74442753	
-5.21674571285	-1709.75013721	
-5.21855239808	-1709.75583634	
-5.22035582508	-1709.76152494	
-5.22215600558	-1709.76720304	
-5.22395295126	-1709.77287066	
-5.22574667371	-1709.77852784	
-5.22753718449	-1709.78417459	
-5.22932449506	-1709.78981095	
-5.23110861685	-1709.79543694	
-5.23288956123	-1709.80105257	
-5.23466733947	-1709.80665789	
-5.23644196283	-1709.81225292	
-5.23821344248	-1709.81783767	
-5.23998178954	-1709.82341218	
-5.24174701506	-1709.82897646	
-5.24350913005	-1709.83453056	
-5.24526814546	-1709.84007448	
-5.24702407216	-1709.84560826	
-5.24877692099	-1709.85113192	
-5.25052670271	-1709.85664549	
-5.25227342805	-1709.86214898	
-5.25401710765	-1709.86764243	
-5.25575775213	-1709.87312586	
-5.25749537203	-1709.8785993	
-5.25922997784	-1709.88406276	
-5.26096158	-1709.88951628	
-5.2626901889	-1709.89495987	
-5.26441581487	-1709.90039357	
-5.26613846818	-1709.90581739	
-5.26785815906	-1709.91123137	
-5.26957489768	-1709.91663552	
-5.27128869416	-1709.92202986	
-5.27299955856	-1709.92741444	
-5.27470750091	-1709.93278926	
-5.27641253116	-1709.93815435	
-5.27811465923	-1709.94350973	
-5.27981389498	-1709.94885544	
-5.28151024823	-1709.95419148	
-5.28320372874	-1709.9595179	
-5.28489434622	-1709.9648347	
-5.28658211033	-1709.97014192	
-5.28826703069	-1709.97543958	
-5.28994911688	-1709.9807277	
-5.2916283784	-1709.9860063	
-5.29330482472	-1709.99127541	
-5.29497846528	-1709.99653505	
-5.29664930945	-1710.00178524	
-5.29831736655	-1710.00702602	
-5.29998264587	-1710.01225739	
-5.30164515664	-1710.01747939	
-5.30330490806	-1710.02269203	
-5.30496190927	-1710.02789535	
-5.30661616936	-1710.03308935	
-5.3082676974	-1710.03827407	
-5.30991650239	-1710.04344953	
-5.3115625933	-1710.04861576	
-5.31320597904	-1710.05377276	
-5.3148466685	-1710.05892057	
-5.3164846705	-1710.06405921	
-5.31811999384	-1710.0691887	
-5.31975264727	-1710.07430907	
-5.32138263948	-1710.07942033	
-5.32300997914	-1710.08452251	
-5.32463467487	-1710.08961563	
-5.32625673524	-1710.09469971	
-5.32787616879	-1710.09977478	
-5.32949298402	-1710.10484086	
-5.33110718937	-1710.10989796	
-5.33271879327	-1710.11494612	
-5.33432780407	-1710.11998535	
-5.33593423012	-1710.12501567	
-5.3375380797	-1710.13003711	
-5.33913936107	-1710.13504969	
-5.34073808243	-1710.14005343	
-5.34233425196	-1710.14504835	
-5.3439278778	-1710.15003447	
-5.34551896803	-1710.15501182	
-5.34710753072	-1710.15998041	
-5.34869357387	-1710.16494027	
-5.35027710548	-1710.16989143	
-5.35185813348	-1710.17483389	
-5.35343666577	-1710.17976768	
-5.35501271022	-1710.18469282	
-5.35658627467	-1710.18960934	
-5.3581573669	-1710.19451726	
-5.35972599468	-1710.19941659	
-5.36129216571	-1710.20430735	
-5.36285588769	-1710.20918958	
-5.36441716825	-1710.21406328	
-5.36597601502	-1710.21892848	
-5.36753243557	-1710.2237852	
-5.36908643744	-1710.22863346	
-5.37063802813	-1710.23347329	
-5.37218721511	-1710.23830469	
-5.37373400583	-1710.2431277	
-5.37527840768	-1710.24794233	
-5.37682042804	-1710.2527486	
-5.37836007422	-1710.25754653	
-5.37989735354	-1710.26233615	
-5.38143227326	-1710.26711748	
-5.38296484061	-1710.27189052	
-5.38449506279	-1710.27665532	
-5.38602294697	-1710.28141187	
-5.38754850028	-1710.28616021	
-5.38907172982	-1710.29090036	
-5.39059264266	-1710.29563232	
-5.39211124583	-1710.30035614	
-5.39362754635	-1710.30507181	
-5.39514155118	-1710.30977937	
-5.39665326727	-1710.31447883	
-5.39816270152	-1710.31917022	
-5.39966986081	-1710.32385354	
-5.40117475199	-1710.32852883	
-5.40267738187	-1710.3331961	
-5.40417775725	-1710.33785537	
-5.40567588487	-1710.34250667	
-5.40717177146	-1710.34715	
-5.40866542372	-1710.35178539	
-5.4101568483	-1710.35641285	
-5.41164605186	-1710.36103242	
-5.41313304098	-1710.3656441	
-5.41461782224	-1710.37024791	
-5.4161004022	-1710.37484388	
-5.41758078737	-1710.37943202	
-5.41905898424	-1710.38401236	
-5.42053499927	-1710.3885849	
-5.42200883889	-1710.39314968	
-5.4234805095	-1710.3977067	
-5.42495001748	-1710.40225599	
-5.42641736918	-1710.40679757	
-5.4278825709	-1710.41133145	
-5.42934562895	-1710.41585765	
-5.43080654959	-1710.4203762	
-5.43226533906	-1710.4248871	
-5.43372200355	-1710.42939038	
-5.43517654927	-1710.43388606	
-5.43662898235	-1710.43837416	
-5.43807930892	-1710.44285468	
-5.4395275351	-1710.44732766	
-5.44097366695	-1710.45179311	
-5.44241771052	-1710.45625104	
-5.44385967184	-1710.46070148	
-5.4452995569	-1710.46514445	
-5.44673737167	-1710.46957995	
-5.44817312209	-1710.47400801	
-5.44960681409	-1710.47842865	
-5.45103845357	-1710.48284189	
-5.45246804638	-1710.48724774	
-5.45389559837	-1710.49164622	
-5.45532111536	-1710.49603734	
-5.45674460314	-1710.50042113	
-5.45816606749	-1710.50479761	
-5.45958551414	-1710.50916678	
-5.46100294883	-1710.51352868	
-5.46241837723	-1710.51788331	
-5.46383180503	-1710.52223069	
-5.46524323786	-1710.52657084	
-5.46665268137	-1710.53090378	
-5.46806014114	-1710.53522952	
-5.46946562274	-1710.53954809	
-5.47086913175	-1710.54385949	
-5.47227067367	-1710.54816375	
-5.47367025403	-1710.55246088	
-5.47506787829	-1710.55675091	
-5.47646355193	-1710.56103383	
-5.47785728038	-1710.56530969	
-5.47924906905	-1710.56957848	
-5.48063892334	-1710.57384023	
-5.48202684862	-1710.57809496	
-5.48341285022	-1710.58234267	
-5.48479693349	-1710.58658339	
-5.48617910372	-1710.59081714	
-5.48755936619	-1710.59504393	
-5.48893772616	-1710.59926377	
-5.49031418887	-1710.60347669	
-5.49168875953	-1710.6076827	
-5.49306144334	-1710.61188181	
-5.49443224547	-1710.61607405	
-5.49580117108	-1710.62025942	
-5.49716822529	-1710.62443795	
-5.49853341322	-1710.62860965	
-5.49989673995	-1710.63277454	
-5.50125821054	-1710.63693263	
-5.50261783006	-1710.64108395	
-5.50397560352	-1710.64522849	
-5.50533153593	-1710.64936629	
-5.50668563228	-1710.65349736	
-5.50803789753	-1710.65762171	
-5.50938833663	-1710.66173936	
-5.5107369545	-1710.66585032	
-5.51208375605	-1710.66995462	
-5.51342874616	-1710.67405226	
-5.51477192971	-1710.67814327	
-5.51611331154	-1710.68222765	
-5.51745289646	-1710.68630542	
-5.51879068931	-1710.69037661	
-5.52012669485	-1710.69444122	
-5.52146091786	-1710.69849926	
-5.5227933631	-1710.70255077	
-5.52412403528	-1710.70659574	
-5.52545293913	-1710.7106342	
-5.52678007934	-1710.71466616	
-5.52810546058	-1710.71869164	
-5.52942908751	-1710.72271065	
-5.53075096477	-1710.72672321	
-5.53207109697	-1710.73072933	
-5.53338948873	-1710.73472902	
-5.53470614461	-1710.73872231	
-5.53602106919	-1710.7427092	
-5.53733426702	-1710.74668972	
-5.53864574262	-1710.75066387	
-5.5399555005	-1710.75463168	
-5.54126354516	-1710.75859315	
-5.54256988107	-1710.7625483	
-5.5438745127	-1710.76649715	
-5.54517744448	-1710.77043971	
-5.54647868084	-1710.77437599	
-5.54777822618	-1710.77830602	
-5.5490760849	-1710.78222979	
-5.55037226136	-1710.78614734	
-5.55166675992	-1710.79005867	
-5.55295958492	-1710.7939638	
-5.55425074069	-1710.79786275	
-5.55554023152	-1710.80175552	
-5.5568280617	-1710.80564213	
-5.55811423551	-1710.80952259	
-5.5593987572	-1710.81339693	
-5.56068163102	-1710.81726515	
-5.56196286117	-1710.82112726	
-5.56324245188	-1710.82498329	
-5.56452040732	-1710.82883325	
-5.56579673168	-1710.83267715	
-5.56707142911	-1710.836515	
-5.56834450376	-1710.84034682	
-5.56961595975	-1710.84417262	
-5.57088580119	-1710.84799242	
-5.57215403218	-1710.85180623	
-5.57342065679	-1710.85561406	
-5.5746856791	-1710.85941593	
-5.57594910315	-1710.86321185	
-5.57721093297	-1710.86700184	
-5.57847117258	-1710.8707859	
-5.57972982599	-1710.87456406	
-5.58098689718	-1710.87833632	
-5.58224239012	-1710.88210271	
-5.58349630878	-1710.88586323	
-5.5847486571	-1710.88961789	
-5.585999439	-1710.89336671	
-5.5872486584	-1710.89710971	
-5.5884963192	-1710.9008469	
-5.58974242528	-1710.90457828	
-5.59098698051	-1710.90830388	
-5.59222998875	-1710.9120237	
-5.59347145384	-1710.91573777	
-5.5947113796	-1710.91944609	
-5.59594976985	-1710.92314867	
-5.59718662839	-1710.92684554	
-5.598421959	-1710.9305367	
-5.59965576545	-1710.93422216	
-5.60088805149	-1710.93790194	
-5.60211882088	-1710.94157606	
-5.60334807733	-1710.94524451	
-5.60457582457	-1710.94890733	
-5.6058020663	-1710.95256452	
-5.60702680619	-1710.95621609	
-5.60825004793	-1710.95986205	
-5.60947179518	-1710.96350243	
-5.61069205159	-1710.96713722	
-5.61191082078	-1710.97076645	
-5.61312810639	-1710.97439013	
-5.61434391201	-1710.97800827	
-5.61555824124	-1710.98162088	
-5.61677109767	-1710.98522797	
-5.61798248485	-1710.98882956	
-5.61919240636	-1710.99242566	
-5.62040086572	-1710.99601628	
-5.62160786647	-1710.99960144	
-5.62281341212	-1711.00318114	
-5.62401750619	-1711.00675541	
-5.62522015215	-1711.01032424	
-5.6264213535	-1711.01388766	
-5.62762111369	-1711.01744568	
-5.62881943618	-1711.0209983	
-5.63001632442	-1711.02454554	
-5.63121178182	-1711.02808742	
-5.63240581181	-1711.03162394	
-5.6335984178	-1711.03515512	
-5.63478960317	-1711.03868097	
-5.6359793713	-1711.04220149	
-5.63716772557	-1711.04571672	
-5.63835466933	-1711.04922664	
-5.63954020593	-1711.05273128	
-5.64072433869	-1711.05623066	
-5.64190707094	-1711.05972477	
-5.64308840598	-1711.06321363	
-5.64426834712	-1711.06669726	
-5.64544689764	-1711.07017566	
-5.64662406082	-1711.07364886	
-5.64779983991	-1711.07711685	
-5.64897423816	-1711.08057965	
-5.65014725882	-1711.08403727	
-5.65131890512	-1711.08748973	
-5.65248918027	-1711.09093704	
-5.65365808747	-1711.0943792	
-5.65482562993	-1711.09781623	
-5.65599181082	-1711.10124814	
-5.65715663332	-1711.10467494	
-5.65832010058	-1711.10809665	
-5.65948221576	-1711.11151327	
-5.660642982	-1711.11492482	
-5.66180240242	-1711.1183313	
-5.66296048014	-1711.12173273	
-5.66411721826	-1711.12512912	
-5.66527261989	-1711.12852049	
-5.66642668811	-1711.13190683	
-5.66757942599	-1711.13528817	
-5.6687308366	-1711.13866451	
-5.66988092298	-1711.14203587	
-5.67102968818	-1711.14540225	
-5.67217713524	-1711.14876367	
-5.67332326717	-1711.15212014	
-5.67446808699	-1711.15547167	
-5.67561159769	-1711.15881827	
-5.67675380227	-1711.16215995	
-5.6778947037	-1711.16549673	
-5.67903430497	-1711.16882861	
-5.68017260902	-1711.1721556	
-5.6813096188	-1711.17547771	
-5.68244533727	-1711.17879496	
-5.68357976734	-1711.18210736	
-5.68471291194	-1711.18541492	
-5.68584477397	-1711.18871764	
-5.68697535634	-1711.19201554	
-5.68810466194	-1711.19530863	
-5.68923269364	-1711.19859692	
-5.69035945432	-1711.20188042	
-5.69148494685	-1711.20515914	
-5.69260917406	-1711.20843309	
-5.6937321388	-1711.21170229	
-5.69485384391	-1711.21496673	
-5.69597429221	-1711.21822644	
-5.69709348651	-1711.22148142	
-5.69821142961	-1711.22473169	
-5.69932812431	-1711.22797724	
-5.70044357339	-1711.23121811	
-5.70155777963	-1711.23445428	
-5.7026707458	-1711.23768579	
-5.70378247466	-1711.24091262	
-5.70489296894	-1711.2441348	
-5.70600223139	-1711.24735234	
-5.70711026475	-1711.25056524	
-5.70821707172	-1711.25377352	
-5.70932265503	-1711.25697718	
-5.71042701737	-1711.26017624	
-5.71153016145	-1711.2633707	
-5.71263208993	-1711.26656058	
-5.71373280551	-1711.26974589	
-5.71483231084	-1711.27292663	
-5.71593060859	-1711.27610282	
-5.71702770141	-1711.27927446	
-5.71812359193	-1711.28244157	
-5.71921828279	-1711.28560415	
-5.72031177661	-1711.28876222	
-5.72140407601	-1711.29191578	
-5.72249518359	-1711.29506485	
-5.72358510195	-1711.29820943	
-5.72467383369	-1711.30134953	
-5.72576138137	-1711.30448517	
-5.72684774759	-1711.30761636	
-5.72793293489	-1711.31074309	
-5.72901694583	-1711.31386539	
-5.73009978297	-1711.31698326	
-5.73118144884	-1711.32009671	
-5.73226194598	-1711.32320576	
-5.7333412769	-1711.3263104	
-5.73441944412	-1711.32941066	
-5.73549645015	-1711.33250653	
-5.73657229748	-1711.33559804	
-5.73764698861	-1711.33868518	
-5.73872052602	-1711.34176797	
-5.73979291218	-1711.34484642	
-5.74086414956	-1711.34792053	
-5.74193424062	-1711.35099033	
-5.74300318781	-1711.3540558	
-5.74407099357	-1711.35711697	
-5.74513766034	-1711.36017385	
-5.74620319054	-1711.36322644	
-5.7472675866	-1711.36627475	
-5.74833085092	-1711.36931879	
-5.74939298591	-1711.37235857	
-5.75045399397	-1711.37539411	
-5.75151387748	-1711.3784254	
-5.75257263883	-1711.38145246	
-5.75363028038	-1711.38447529	
-5.75468680452	-1711.38749392	
-5.75574221359	-1711.39050833	
-5.75679650994	-1711.39351855	
-5.75784969593	-1711.39652459	
-5.75890177388	-1711.39952644	
-5.75995274612	-1711.40252413	
-5.76100261499	-1711.40551766	
-5.76205138278	-1711.40850703	
-5.76309905181	-1711.41149226	
-5.76414562438	-1711.41447336	
-5.76519110278	-1711.41745033	
-5.7662354893	-1711.42042319	
-5.76727878622	-1711.42339194	
-5.76832099579	-1711.42635658	
-5.7693621203	-1711.42931714	
-5.770402162	-1711.43227362	
-5.77144112313	-1711.43522603	
-5.77247900594	-1711.43817437	
-5.77351581267	-1711.44111865	
-5.77455154554	-1711.44405889	
-5.77558620679	-1711.44699509	
-5.77661979861	-1711.44992725	
-5.77765232322	-1711.4528554	
-5.77868378283	-1711.45577954	
-5.77971417962	-1711.45869966	
-5.78074351579	-1711.4616158	
-5.78177179352	-1711.46452794	
-5.78279901497	-1711.46743611	
-5.78382518233	-1711.4703403	
-5.78485029774	-1711.47324054	
-5.78587436337	-1711.47613681	
-5.78689738137	-1711.47902915	
-5.78791935386	-1711.48191754	
-5.788940283	-1711.48480201	
-5.7899601709	-1711.48768255	
-5.79097901969	-1711.49055918	
-5.79199683148	-1711.4934319	
-5.79301360838	-1711.49630073	
-5.7940293525	-1711.49916567	
-5.79504406593	-1711.50202674	
-5.79605775077	-1711.50488392	
-5.79707040908	-1711.50773725	
-5.79808204295	-1711.51058672	
-5.79909265446	-1711.51343234	
-5.80010224566	-1711.51627412	
-5.80111081862	-1711.51911206	
-5.80211837538	-1711.52194619	
-5.80312491799	-1711.5247765	
-5.80413044849	-1711.527603	
-5.80513496892	-1711.5304257	
-5.80613848129	-1711.5332446	
-5.80714098764	-1711.53605973	
-5.80814248998	-1711.53887107	
-5.80914299031	-1711.54167865	
