#Site	lnL	
0	-7.78670596912
1	-3.29957186588
2	-5.8637259561
3	-7.81106955881
4	-3.29957186588
5	-7.5951605605
6	-3.26710983831
7	-3.22729748141
8	-8.17687147703
9	-3.78661536085
10	-3.7273119798
11	-8.28809409627
12	-3.34385058209
13	-3.59173826909
14	-13.6041288802
15	-9.66801632318
16	-3.7273119798
17	-5.07233224655
18	-7.71517144697
19	-3.7273119798
20	-8.17687147703
21	-3.64769207095
22	-3.59173826909
23	-9.49261609651
24	-17.2300065709
25	-3.29957186588
26	-9.21410447152
27	-3.34385058209
28	-3.7273119798
29	-15.7043354808
30	-3.34385058209
31	-3.29957186588
32	-13.4397644575
33	-3.64769207095
34	-3.22729748141
35	-9.75114903014
36	-3.34385058209
37	-3.59173826909
38	-12.1459407236
39	-3.26710983831
40	-3.7273119798
41	-22.2101408773
42	-3.64769207095
43	-3.59173826909
44	-8.62349857275
45	-3.64769207095
46	-3.22729748141
47	-13.7590379428
48	-3.34385058209
49	-15.7017766638
50	-10.6838514651
51	-3.78661536085
52	-3.59173826909
53	-15.4795761104
54	-3.34385058209
55	-3.22729748141
56	-11.7560316715
57	-3.78661536085
58	-3.59173826909
59	-8.02144206603
60	-3.26710983831
61	-3.29957186588
62	-6.79316665865
63	-3.64769207095
64	-3.22729748141
65	-7.34381941077
66	-3.26710983831
67	-3.7273119798
68	-5.07233224655
69	-3.26710983831
70	-3.22729748141
71	-5.8637259561
72	-3.34385058209
73	-3.22729748141
74	-16.8969629002
75	-3.34385058209
76	-3.29957186588
77	-5.8637259561
78	-3.64769207095
79	-3.59173826909
80	-10.5018887062
81	-3.34385058209
82	-3.29957186588
83	-7.28100460765
84	-3.78661536085
85	-9.10167860721
86	-16.7520166571
87	-3.26710983831
88	-3.22729748141
89	-6.79316665865
90	-3.64769207095
91	-3.29957186588
92	-13.2515327364
93	-10.0185204723
94	-3.29957186588
95	-8.79014765208
96	-7.71517144697
97	-3.29957186588
98	-9.97703677834
99	-3.78661536085
100	-3.22729748141
101	-8.55966279169
102	-3.64769207095
103	-3.22729748141
104	-6.15091785817
105	-3.64769207095
106	-3.22729748141
107	-10.1569002843
108	-3.26710983831
109	-3.22729748141
110	-10.955530277
111	-3.26710983831
112	-3.22729748141
113	-4.81714531436
114	-3.78661536085
115	-3.29957186588
116	-15.8455085223
117	-3.64769207095
118	-3.29957186588
119	-10.7753766796
120	-3.26710983831
121	-3.29957186588
122	-8.02144206603
123	-3.26710983831
124	-3.22729748141
125	-6.79316665865
126	-3.34385058209
127	-3.22729748141
128	-4.81714531436
129	-3.64769207095
130	-3.22729748141
131	-10.302223265
132	-3.78661536085
133	-3.59173826909
134	-8.55841965218
135	-3.26710983831
136	-12.0816455629
137	-4.81714531436
138	-3.26710983831
139	-3.29957186588
140	-5.8637259561
141	-3.78661536085
142	-3.29957186588
143	-7.80061791281
144	-9.20276740068
145	-3.7273119798
146	-11.8938611846
147	-3.34385058209
148	-3.29957186588
149	-5.8637259561
150	-3.64769207095
151	-3.29957186588
152	-12.5681335741
153	-3.26710983831
154	-3.29957186588
155	-9.97703677834
156	-7.88646424976
157	-3.22729748141
158	-7.89315421218
159	-3.34385058209
160	-3.59173826909
161	-6.15091785817
162	-3.26710983831
163	-3.59173826909
164	-8.75242714825
165	-8.43185156803
166	-13.8935811687
167	-10.5018887062
168	-3.26710983831
169	-3.29957186588
170	-5.07233224655
171	-3.26710983831
172	-3.22729748141
173	-7.49438122869
174	-3.26710983831
175	-3.22729748141
176	-5.07233224655
177	-3.34385058209
178	-9.13423453402
179	-5.8637259561
180	-3.26710983831
181	-3.29957186588
182	-5.07233224655
183	-9.20276740068
184	-3.29957186588
185	-8.79014765208
186	-7.76980102059
187	-8.14215198228
188	-8.33001346339
189	-3.78661536085
190	-3.7273119798
191	-9.96070299922
192	-3.26710983831
193	-3.22729748141
194	-8.546995142
195	-3.64769207095
196	-3.22729748141
197	-5.07233224655
198	-13.9925368143
199	-3.29957186588
200	-4.81714531436
201	-3.34385058209
202	-3.29957186588
203	-15.1027029512
204	-3.34385058209
205	-3.29957186588
206	-8.30651884228
207	-3.34385058209
208	-20.0088102851
209	-5.8637259561
210	-3.34385058209
211	-3.29957186588
212	-9.20535994073
213	-3.26710983831
214	-3.7273119798
215	-7.80061791281
216	-7.88646424976
217	-3.22729748141
218	-14.6359678807
219	-3.26710983831
220	-3.22729748141
221	-11.4951374411
222	-3.64769207095
223	-3.59173826909
224	-4.81714531436
225	-3.26710983831
226	-3.7273119798
227	-6.67962564501
228	-3.78661536085
229	-3.22729748141
230	-14.6592415551
231	-3.78661536085
232	-14.482189819
233	-12.1123129254
234	-13.7810328551
235	-3.29957186588
236	-7.19729729196
237	-3.26710983831
238	-3.22729748141
239	-10.0367452512
240	-3.64769207095
241	-3.7273119798
242	-8.62349857275
243	-3.34385058209
244	-3.59173826909
245	-8.75242714825
246	-3.26710983831
247	-3.22729748141
248	-8.50060231317
249	-7.82973555359
250	-3.7273119798
251	-9.01429019004
252	-3.78661536085
253	-3.22729748141
254	-13.5356865939
255	-3.34385058209
256	-3.29957186588
257	-4.81714531436
258	-3.26710983831
259	-3.29957186588
260	-4.81714531436
261	-3.34385058209
262	-3.59173826909
263	-6.79316665865
264	-3.78661536085
265	-3.22729748141
266	-4.81714531436
267	-3.26710983831
268	-3.29957186588
269	-5.07233224655
270	-3.64769207095
271	-9.36946009757
272	-5.07233224655
273	-3.64769207095
274	-3.59173826909
275	-4.81714531436
276	-3.26710983831
277	-9.45789014103
278	-6.15091785817
279	-3.64769207095
280	-3.59173826909
281	-8.45877841606
282	-10.2202192745
283	-3.22729748141
284	-6.79316665865
285	-3.26710983831
286	-3.7273119798
287	-5.07233224655
288	-3.26710983831
289	-3.59173826909
290	-5.07233224655
291	-3.26710983831
292	-3.7273119798
293	-6.82810767358
294	-8.73682724423
295	-3.59173826909
296	-7.34381941077
297	-3.26710983831
298	-3.59173826909
299	-6.60858096646
300	-3.64769207095
301	-3.59173826909
302	-12.3209398501
303	-3.26710983831
304	-3.7273119798
305	-5.07233224655
306	-3.26710983831
307	-3.59173826909
308	-13.5519398582
309	-3.34385058209
310	-3.7273119798
311	-5.8637259561
312	-3.34385058209
313	-3.22729748141
314	-9.44781571052
315	-7.69488228812
316	-3.29957186588
317	-4.81714531436
318	-3.26710983831
319	-3.22729748141
320	-6.7906388054
321	-3.64769207095
322	-9.17421343056
323	-5.07233224655
324	-3.26710983831
325	-3.7273119798
326	-5.07233224655
327	-3.26710983831
328	-3.59173826909
329	-17.5713393178
330	-3.34385058209
331	-3.22729748141
332	-5.07233224655
333	-3.34385058209
334	-8.73804240965
335	-12.5463967437
336	-3.34385058209
337	-3.29957186588
338	-13.3130892798
339	-3.64769207095
340	-3.59173826909
341	-8.14678877261
342	-3.78661536085
343	-3.7273119798
344	-10.1073975457
345	-3.78661536085
346	-3.22729748141
347	-11.7482751642
348	-3.26710983831
349	-3.22729748141
350	-6.15091785817
351	-3.34385058209
352	-3.59173826909
353	-13.5023375868
354	-3.34385058209
355	-3.7273119798
356	-6.15091785817
357	-3.78661536085
358	-3.22729748141
359	-8.20368372884
360	-3.78661536085
361	-3.59173826909
362	-7.19729729196
363	-7.69488228812
364	-3.59173826909
365	-9.87049048745
366	-3.78661536085
367	-3.59173826909
368	-17.3759066582
369	-3.34385058209
370	-3.7273119798
371	-9.2499206936
372	-3.26710983831
373	-3.22729748141
374	-4.81714531436
375	-3.34385058209
376	-3.29957186588
377	-16.735564339
378	-3.26710983831
379	-3.7273119798
380	-7.19729729196
381	-3.34385058209
382	-3.59173826909
383	-11.3251702458
384	-3.64769207095
385	-3.59173826909
386	-11.5484350073
387	-3.34385058209
388	-3.22729748141
389	-13.3271986866
390	-8.50742631367
391	-3.59173826909
392	-11.0988762503
393	-3.78661536085
394	-3.22729748141
395	-7.61671711732
396	-3.64769207095
397	-3.59173826909
398	-5.8637259561
399	-3.64769207095
400	-3.59173826909
401	-14.848383757
402	-3.34385058209
403	-3.22729748141
404	-13.3431958469
405	-8.78900517992
406	-3.22729748141
407	-6.60858096646
408	-3.26710983831
409	-3.7273119798
410	-7.28100460765
411	-3.34385058209
412	-3.22729748141
413	-9.21732044062
414	-3.64769207095
415	-3.7273119798
416	-9.39435402624
417	-3.34385058209
418	-3.59173826909
419	-5.8637259561
420	-3.26710983831
421	-3.7273119798
422	-9.1846268603
423	-3.34385058209
424	-3.22729748141
425	-4.81714531436
426	-3.64769207095
427	-3.29957186588
428	-5.07233224655
429	-3.64769207095
430	-3.7273119798
431	-8.20721081884
432	-3.34385058209
433	-3.59173826909
434	-7.80061791281
435	-3.78661536085
436	-3.59173826909
437	-9.2499206936
438	-3.34385058209
439	-3.22729748141
440	-9.47918178151
441	-3.64769207095
442	-3.59173826909
443	-5.07233224655
444	-3.26710983831
445	-3.7273119798
446	-12.5203759392
447	-3.78661536085
448	-3.59173826909
449	-10.4996665676
450	-3.64769207095
451	-3.59173826909
452	-14.9263058938
453	-3.26710983831
454	-3.7273119798
455	-10.8326753944
456	-3.64769207095
457	-3.29957186588
458	-9.77987225141
459	-3.78661536085
460	-3.22729748141
461	-5.07233224655
462	-3.34385058209
463	-3.29957186588
464	-8.78094396841
465	-3.26710983831
466	-3.29957186588
467	-13.2680963393
468	-3.78661536085
469	-8.21444857076
470	-4.81714531436
471	-3.78661536085
472	-3.22729748141
473	-10.9242400766
474	-3.34385058209
475	-3.29957186588
476	-8.71073143282
477	-3.34385058209
478	-8.11903608018
479	-14.3096510775
480	-3.78661536085
481	-8.0251552089
482	-7.19729729196
483	-3.78661536085
484	-3.22729748141
485	-19.9214564895
486	-3.26710983831
487	-3.22729748141
488	-8.04573021421
