# log_p 	 lnL 	 
0.0	-1851.53154484	
-0.287682072452	-1851.1506897	
-0.510825623766	-1850.86030819	
-0.69314718056	-1850.60890019	
-0.847297860387	-1850.37718751	
-0.980829253012	-1850.15756883	
-1.09861228867	-1849.94695173	
-1.20397280433	-1849.74407264	
-1.29928298413	-1849.5484129	
-1.38629436112	-1849.35973611	
-1.46633706879	-1849.17788928	
-1.54044504095	-1849.00272223	
-1.60943791243	-1848.83406062	
-1.67397643357	-1848.67170236	
-1.73460105539	-1848.51542319	
-1.79175946923	-1848.36498467	
-1.8458266905	-1848.22014174	
-1.89711998489	-1848.08064893	
-1.94591014906	-1847.9462649	
-1.99243016469	-1847.81675559	
-2.03688192726	-1847.69189615	
-2.07944154168	-1847.57147207	
-2.1202635362	-1847.4552796	
-2.15948424935	-1847.34312583	
-2.19722457734	-1847.2348284	
-2.23359222151	-1847.13021511	
-2.26868354132	-1847.02912338	
-2.30258509299	-1846.93139967	
-2.33537491582	-1846.83689896	
-2.36712361413	-1846.74548412	
-2.3978952728	-1846.65702542	
-2.42774823595	-1846.57139998	
-2.45673577282	-1846.48849137	
-2.48490664979	-1846.40818909	
-2.51230562398	-1846.33038824	
-2.53897387106	-1846.25498912	
-2.56494935746	-1846.1818969	
-2.59026716545	-1846.11102133	
-2.61495977804	-1846.04227645	
-2.63905732962	-1845.97558032	
-2.66258782703	-1845.91085483	
-2.68557734525	-1845.84802542	
-2.7080502011	-1845.78702092	
-2.73002910782	-1845.72777337	
-2.75153531304	-1845.67021781	
-2.77258872224	-1845.61429216	
-2.79320800944	-1845.55993706	
-2.81341071676	-1845.5070957	
-2.83321334406	-1845.45571374	
-2.85263142991	-1845.40573916	
-2.87167962488	-1845.35712214	
-2.8903717579	-1845.30981498	
-2.90872089656	-1845.26377195	
-2.92673940207	-1845.21894924	
-2.94443897917	-1845.17530488	
-2.96183072188	-1845.13279857	
-2.97892515524	-1845.09139172	
-2.99573227355	-1845.05104727	
-3.01226157551	-1845.01172968	
-3.02852209638	-1844.97340483	
-3.04452243772	-1844.93603997	
-3.06027079469	-1844.89960365	
-3.07577498123	-1844.86406566	
-3.09104245336	-1844.829397	
-3.10608033072	-1844.79556979	
-3.12089541651	-1844.76255723	
-3.13549421593	-1844.73033357	
-3.14988295338	-1844.69887405	
-3.16406758837	-1844.66815486	
-3.17805383035	-1844.63815308	
-3.19184715248	-1844.60884669	
-3.20545280454	-1844.58021447	
-3.21887582487	-1844.55223601	
-3.23212105162	-1844.52489167	
-3.24519313319	-1844.49816252	
-3.25809653802	-1844.47203033	
-3.2708355638	-1844.44647755	
-3.28341434601	-1844.42148726	
-3.295836866	-1844.39704317	
-3.3081069586	-1844.37312955	
-3.32022831913	-1844.34973126	
-3.33220451018	-1844.32683368	
-3.34403896782	-1844.30442273	
-3.35573500759	-1844.2824848	
-3.36729582999	-1844.26100678	
-3.37872452581	-1844.23997601	
-3.39002408106	-1844.21938026	
-3.40119738166	-1844.19920774	
-3.41224721785	-1844.17944704	
-3.42317628838	-1844.16008716	
-3.43398720449	-1844.14111745	
-3.4446824936	-1844.12252765	
-3.45526460293	-1844.10430783	
-3.4657359028	-1844.08644836	
-3.47609868984	-1844.06893998	
-3.48635519	-1844.05177371	
-3.49650756147	-1844.03494084	
-3.50655789732	-1844.018433	
-3.51650822817	-1844.00224203	
-3.52636052462	-1843.98636008	
-3.53611669956	-1843.97077952	
-3.54577861047	-1843.95549297	
-3.55534806149	-1843.9404933	
-3.56482680544	-1843.92577358	
-3.57421654579	-1843.9113271	
-3.58351893846	-1843.89714738	
-3.59273559356	-1843.88322812	
-3.60186807712	-1843.8695632	
-3.61091791264	-1843.85614673	
-3.61988658263	-1843.84297295	
-3.62877553004	-1843.83003631	
-3.63758615973	-1843.8173314	
-3.6463198397	-1843.80485299	
-3.65497790244	-1843.79259599	
-3.66356164613	-1843.78055547	
-3.6720723358	-1843.76872663	
-3.68051120444	-1843.75710484	
-3.68887945411	-1843.74568557	
-3.69717825693	-1843.73446443	
-3.70540875607	-1843.72343716	
-3.7135720667	-1843.71259963	
-3.72166927694	-1843.7019478	
-3.72970144863	-1843.69147776	
-3.73766961828	-1843.68118571	
-3.74557479779	-1843.67106795	
-3.75341797525	-1843.66112089	
-3.76120011569	-1843.65134102	
-3.76892216179	-1843.64172494	
-3.77658503453	-1843.63226934	
-3.78418963392	-1843.622971	
-3.79173683955	-1843.61382678	
-3.79922751128	-1843.60483362	
-3.80666248977	-1843.59598855	
-3.81404259707	-1843.58728868	
-3.82136863716	-1843.57873118	
-3.82864139649	-1843.57031331	
-3.83586164446	-1843.56203239	
-3.84303013394	-1843.55388582	
-3.85014760171	-1843.54587103	
-3.85721476893	-1843.53798557	
-3.86423234159	-1843.53022701	
-3.87120101091	-1843.522593	
-3.87812145375	-1843.51508123	
-3.88499433304	-1843.50768948	
-3.89182029811	-1843.50041554	
-3.8985999851	-1843.49325729	
-3.90533401728	-1843.48621265	
-3.91202300543	-1843.47927958	
-3.91866754815	-1843.4724561	
-3.92526823218	-1843.46574027	
-3.93182563272	-1843.4591302	
-3.93834031375	-1843.45262406	
-3.94481282825	-1843.44622002	
-3.95124371858	-1843.43991634	
-3.95763351668	-1843.43371129	
-3.96398274436	-1843.42760319	
-3.97029191355	-1843.42159039	
-3.97656152657	-1843.4156713	
-3.98279207632	-1843.40984433	
-3.98898404656	-1843.40410796	
-3.99513791214	-1843.39846068	
-4.00125413916	-1843.39290103	
-4.00733318523	-1843.38742757	
-4.01337549969	-1843.3820389	
-4.01938152375	-1843.37673363	
-4.02535169074	-1843.37151044	
-4.03128642625	-1843.366368	
-4.03718614838	-1843.36130503	
-4.04305126783	-1843.35632026	
-4.04888218815	-1843.35141247	
-4.05467930583	-1843.34658044	
-4.06044301055	-1843.341823	
-4.06617368526	-1843.33713898	
-4.07187170637	-1843.33252725	
-4.07753744391	-1843.3279867	
-4.08317126162	-1843.32351624	
-4.08877351717	-1843.31911481	
-4.09434456222	-1843.31478137	
-4.0998847426	-1843.31051487	
-4.10539439841	-1843.30631434	
-4.11087386417	-1843.30217877	
-4.11632346894	-1843.29810721	
-4.12174353641	-1843.29409871	
-4.12713438505	-1843.29015234	
-4.13249632819	-1843.2862672	
-4.13782967416	-1843.2824424	
-4.14313472639	-1843.27867705	
-4.14841178349	-1843.2749703	
-4.15366113938	-1843.27132132	
-4.15888308336	-1843.26772927	
-4.16407790024	-1843.26419334	
-4.1692458704	-1843.26071275	
-4.1743872699	-1843.2572867	
-4.17950237056	-1843.25391443	
-4.18459144007	-1843.2505952	
-4.18965474203	-1843.24732826	
-4.19469253606	-1843.24411289	
-4.19970507788	-1843.24094838	
-4.20469261939	-1843.23783402	
-4.20965540873	-1843.23476914	
-4.21459369037	-1843.23175306	
-4.21950770518	-1843.22878511	
-4.22439769047	-1843.22586464	
-4.22926388012	-1843.22299102	
-4.2341065046	-1843.22016362	
-4.23892579103	-1843.21738182	
-4.2437219633	-1843.21464502	
-4.24849524205	-1843.21195261	
-4.25324584481	-1843.20930402	
-4.257973986	-1843.20669866	
-4.26267987704	-1843.20413597	
-4.26736372635	-1843.2016154	
-4.27202573946	-1843.19913639	
-4.27666611902	-1843.19669841	
-4.28128506487	-1843.19430094	
-4.28588277412	-1843.19194344	
-4.29045944115	-1843.1896254	
-4.29501525768	-1843.18734633	
-4.29955041285	-1843.18510573	
-4.3040650932	-1843.18290311	
-4.30855948279	-1843.18073799	
-4.31303376319	-1843.1786099	
-4.31748811354	-1843.17651838	
-4.3219227106	-1843.17446297	
-4.32633772881	-1843.17244321	
-4.33073334029	-1843.17045867	
-4.33510971489	-1843.16850891	
-4.33946702026	-1843.16659351	
-4.34380542185	-1843.16471203	
-4.348125083	-1843.16286407	
-4.3524261649	-1843.16104922	
-4.35670882669	-1843.15926707	
-4.36097322548	-1843.15751722	
-4.36521951636	-1843.15579929	
-4.36944785247	-1843.1541129	
-4.373658385	-1843.15245765	
-4.37785126326	-1843.15083319	
-4.38202663467	-1843.14923913	
-4.38618464482	-1843.14767513	
-4.39032543749	-1843.14614082	
-4.39444915467	-1843.14463585	
-4.39855593663	-1843.14315988	
-4.40264592188	-1843.14171256	
-4.40671924726	-1843.14029356	
-4.41077604796	-1843.13890255	
-4.4148164575	-1843.13753919	
-4.4188406078	-1843.13620318	
-4.42284862919	-1843.13489419	
-4.42684065046	-1843.1336119	
-4.43081679884	-1843.13235602	
-4.43477720006	-1843.13112623	
-4.43872197835	-1843.12992225	
-4.44265125649	-1843.12874376	
-4.44656515581	-1843.12759049	
-4.45046379623	-1843.12646214	
-4.45434729625	-1843.12535843	
-4.45821577303	-1843.12427909	
-4.46206934235	-1843.12322383	
-4.46590811865	-1843.12219239	
-4.46973221509	-1843.1211845	
-4.47354174351	-1843.12019989	
-4.47733681448	-1843.11923831	
-4.48111753732	-1843.1182995	
-4.48488402011	-1843.1173832	
-4.48863636973	-1843.11648916	
-4.49237469184	-1843.11561714	
-4.49609909093	-1843.11476689	
-4.49980967033	-1843.11393818	
-4.50350653221	-1843.11313077	
-4.50718977763	-1843.11234442	
-4.51085950652	-1843.11157891	
-4.51451581772	-1843.110834	
-4.518158809	-1843.11010947	
-4.52178857705	-1843.1094051	
-4.52540521752	-1843.10872067	
-4.52900882502	-1843.10805597	
-4.53259949315	-1843.10741078	
-4.5361773145	-1843.10678489	
-4.53974238067	-1843.1061781	
-4.54329478227	-1843.10559019	
-4.54683460898	-1843.10502098	
-4.55036194949	-1843.10447025	
-4.5538768916	-1843.10393781	
-4.55737952215	-1843.10342346	
-4.56086992709	-1843.10292702	
-4.56434819147	-1843.10244829	
-4.56781439944	-1843.10198709	
-4.57126863431	-1843.10154323	
-4.5747109785	-1843.10111652	
-4.5781415136	-1843.1007068	
-4.58156032035	-1843.10031387	
-4.58496747867	-1843.09993757	
-4.58836306767	-1843.09957771	
-4.59174716566	-1843.09923414	
-4.59511985013	-1843.09890667	
-4.59848119784	-1843.09859514	
-4.60183128472	-1843.09829939	
-4.60517018599	-1843.09801925	
-4.60849797608	-1843.09775456	
-4.61181472871	-1843.09750516	
-4.61512051684	-1843.09727089	
-4.61841541274	-1843.0970516	
-4.62169948794	-1843.09684713	
-4.62497281328	-1843.09665733	
-4.62823545892	-1843.09648206	
-4.63148749431	-1843.09632115	
-4.63472898823	-1843.09617448	
-4.63796000881	-1843.09604188	
-4.64118062351	-1843.09592322	
-4.64439089914	-1843.09581836	
-4.64759090187	-1843.09572715	
-4.65078069724	-1843.09564946	
-4.65396035016	-1843.09558515	
-4.65712992492	-1843.09553408	
-4.66028948521	-1843.09549613	
-4.66343909411	-1843.09547116	
-4.66657881412	-1843.09545904	
-4.66970870713	-1843.09545964	
-4.67282883446	-1843.09547284	
-4.67593925688	-1843.0954985	
-4.67904003455	-1843.0955365	
-4.68213122712	-1843.09558673	
-4.68521289366	-1843.09564905	
-4.6882850927	-1843.09572335	
-4.69134788223	-1843.09580951	
-4.69440131972	-1843.09590741	
-4.6974454621	-1843.09601693	
-4.70048036579	-1843.09613797	
-4.70350608671	-1843.0962704	
-4.70652268025	-1843.09641411	
-4.70953020131	-1843.096569	
-4.71252870431	-1843.09673494	
-4.71551824316	-1843.09691185	
-4.7184988713	-1843.09709959	
-4.72147064168	-1843.09729808	
-4.72443360681	-1843.0975072	
-4.72738781871	-1843.09772685	
-4.73033332894	-1843.09795693	
-4.73327018862	-1843.09819734	
-4.73619844839	-1843.09844796	
-4.7391181585	-1843.09870872	
-4.74202936871	-1843.0989795	
-4.74493212836	-1843.09926021	
-4.74782648639	-1843.09955075	
-4.75071249128	-1843.09985103	
-4.75359019111	-1843.10016096	
-4.75645963353	-1843.10048043	
-4.75932086582	-1843.10080936	
-4.7621739348	-1843.10114766	
-4.76501888693	-1843.10149523	
-4.76785576827	-1843.10185199	
-4.77068462447	-1843.10221785	
-4.77350550081	-1843.10259272	
-4.77631844218	-1843.10297651	
-4.77912349311	-1843.10336914	
-4.78192069773	-1843.10377053	
-4.78471009982	-1843.10418058	
-4.78749174278	-1843.10459922	
-4.79026566966	-1843.10502637	
-4.79303192316	-1843.10546194	
-4.7957905456	-1843.10590585	
-4.79854157897	-1843.10635803	
-4.80128506491	-1843.10681839	
-4.80402104473	-1843.10728685	
-4.80674955939	-1843.10776335	
-4.8094706495	-1843.1082478	
-4.81218435537	-1843.10874012	
-4.81489071697	-1843.10924025	
-4.81758977394	-1843.10974811	
-4.82028156561	-1843.11026363	
-4.82296613098	-1843.11078672	
-4.82564350875	-1843.11131733	
-4.8283137373	-1843.11185538	
-4.83097685472	-1843.1124008	
-4.83363289878	-1843.11295352	
-4.83628190695	-1843.11351347	
-4.83892391641	-1843.11408058	
-4.84155896405	-1843.11465479	
-4.84418708646	-1843.11523603	
-4.84680831994	-1843.11582423	
-4.84942270051	-1843.11641933	
-4.85203026392	-1843.11702126	
-4.85463104562	-1843.11762996	
-4.8572250808	-1843.11824536	
-4.85981240436	-1843.1188674	
-4.86239305096	-1843.11949603	
-4.86496705495	-1843.12013117	
-4.86753445046	-1843.12077277	
-4.87009527132	-1843.12142076	
-4.87264955112	-1843.12207509	
-4.8751973232	-1843.1227357	
-4.87773862063	-1843.12340252	
-4.88027347623	-1843.12407551	
-4.88280192259	-1843.1247546	
-4.88532399202	-1843.12543973	
-4.88783971662	-1843.12613085	
-4.89034912822	-1843.12682791	
-4.89285225844	-1843.12753084	
-4.89534913864	-1843.1282396	
-4.89783979995	-1843.12895412	
-4.90032427328	-1843.12967436	
-4.90280258929	-1843.13040026	
-4.90527477844	-1843.13113177	
-4.90774087093	-1843.13186884	
-4.91020089677	-1843.13261141	
-4.91265488574	-1843.13335944	
-4.91510286737	-1843.13411287	
-4.91754487103	-1843.13487165	
-4.91998092583	-1843.13563574	
-4.92241106068	-1843.13640508	
-4.92483530429	-1843.13717962	
-4.92725368516	-1843.13795932	
-4.92966623156	-1843.13874413	
-4.93207297159	-1843.139534	
-4.93447393313	-1843.14032888	
-4.93686914386	-1843.14112874	
-4.93925863125	-1843.14193351	
-4.94164242261	-1843.14274316	
-4.94402054501	-1843.14355764	
-4.94639302537	-1843.1443769	
-4.94875989038	-1843.14520091	
-4.95112116656	-1843.14602961	
-4.95347688026	-1843.14686297	
-4.9558270576	-1843.14770094	
-4.95817172456	-1843.14854348	
-4.96051090691	-1843.14939054	
-4.96284463026	-1843.15024208	
-4.96517292002	-1843.15109807	
-4.96749580144	-1843.15195846	
-4.96981329958	-1843.1528232	
-4.97212543933	-1843.15369227	
-4.97443224543	-1843.15456561	
-4.97673374242	-1843.1554432	
-4.97902995468	-1843.15632498	
-4.98132090643	-1843.15721093	
-4.98360662171	-1843.15810099	
-4.98588712441	-1843.15899515	
-4.98816243824	-1843.15989335	
-4.99043258678	-1843.16079555	
-4.99269759341	-1843.16170173	
-4.99495748138	-1843.16261184	
-4.99721227376	-1843.16352585	
-4.9994619935	-1843.16444373	
-5.00170666335	-1843.16536542	
-5.00394630595	-1843.16629091	
-5.00618094375	-1843.16722015	
-5.00841059907	-1843.16815312	
-5.0106352941	-1843.16908976	
-5.01285505083	-1843.17003006	
-5.01506989116	-1843.17097398	
-5.01727983681	-1843.17192148	
-5.01948490937	-1843.17287252	
-5.02168513028	-1843.17382709	
-5.02388052085	-1843.17478514	
-5.02607110223	-1843.17574664	
-5.02825689545	-1843.17671156	
-5.03043792139	-1843.17767986	
-5.03261420082	-1843.17865153	
-5.03478575433	-1843.17962651	
-5.03695260241	-1843.18060479	
-5.03911476542	-1843.18158633	
-5.04127226356	-1843.1825711	
-5.04342511692	-1843.18355908	
-5.04557334546	-1843.18455022	
-5.047716969	-1843.18554451	
-5.04985600725	-1843.1865419	
-5.05199047978	-1843.18754238	
-5.05412040604	-1843.18854592	
-5.05624580535	-1843.18955248	
-5.05836669692	-1843.19056203	
-5.06048309982	-1843.19157456	
-5.06259503303	-1843.19259002	
-5.06470251537	-1843.1936084	
-5.06680556556	-1843.19462966	
-5.06890420222	-1843.19565378	
-5.07099844382	-1843.19668073	
-5.07308830874	-1843.19771048	
-5.07517381523	-1843.19874302	
-5.07725498144	-1843.1997783	
-5.07933182538	-1843.20081631	
-5.08140436498	-1843.20185701	
-5.08347261805	-1843.20290039	
-5.08553660227	-1843.20394642	
-5.08759633523	-1843.20499507	
-5.08965183441	-1843.20604632	
-5.09170311719	-1843.20710014	
-5.09375020081	-1843.20815651	
-5.09579310244	-1843.20921541	
-5.09783183913	-1843.2102768	
-5.09986642782	-1843.21134067	
-5.10189688537	-1843.21240699	
-5.10392322852	-1843.21347574	
-5.1059454739	-1843.2145469	
-5.10796363806	-1843.21562043	
-5.10997773743	-1843.21669633	
-5.11198778836	-1843.21777457	
-5.11399380708	-1843.21885511	
-5.11599580975	-1843.21993795	
-5.11799381242	-1843.22102306	
-5.11998783102	-1843.22211042	
-5.12197788143	-1843.2232	
-5.1239639794	-1843.22429178	
-5.12594614061	-1843.22538575	
-5.12792438062	-1843.22648188	
-5.12989871492	-1843.22758015	
-5.13186915891	-1843.22868053	
-5.13383572788	-1843.22978302	
-5.13579843705	-1843.23088758	
-5.13775730154	-1843.23199421	
-5.13971233637	-1843.23310286	
-5.1416635565	-1843.23421354	
-5.14361097679	-1843.23532621	
-5.145554612	-1843.23644087	
-5.14749447681	-1843.23755748	
-5.14943058584	-1843.23867602	
-5.15136295359	-1843.23979649	
-5.1532915945	-1843.24091886	
-5.15521652291	-1843.24204311	
-5.15713775309	-1843.24316922	
-5.15905529921	-1843.24429718	
-5.1609691754	-1843.24542696	
-5.16287939565	-1843.24655855	
-5.16478597392	-1843.24769193	
-5.16668892407	-1843.24882708	
-5.16858825987	-1843.24996398	
-5.17048399504	-1843.25110262	
-5.17237614319	-1843.25224298	
-5.17426471788	-1843.25338503	
-5.17614973257	-1843.25452877	
-5.17803120067	-1843.25567418	
-5.1799091355	-1843.25682124	
-5.18178355029	-1843.25796993	
-5.18365445823	-1843.25912023	
-5.1855218724	-1843.26027214	
-5.18738580584	-1843.26142563	
-5.18924627149	-1843.26258068	
-5.19110328224	-1843.26373728	
-5.19295685089	-1843.26489542	
-5.19480699018	-1843.26605508	
-5.19665371277	-1843.26721624	
-5.19849703127	-1843.26837888	
-5.20033695819	-1843.269543	
-5.202173506	-1843.27070858	
-5.20400668708	-1843.27187559	
-5.20583651375	-1843.27304403	
-5.20766299828	-1843.27421388	
-5.20948615284	-1843.27538513	
-5.21130598956	-1843.27655775	
-5.21312252048	-1843.27773175	
-5.21493575761	-1843.27890709	
-5.21674571285	-1843.28008377	
-5.21855239808	-1843.28126178	
-5.22035582508	-1843.28244109	
-5.22215600558	-1843.2836217	
-5.22395295126	-1843.28480359	
-5.22574667371	-1843.28598674	
-5.22753718449	-1843.28717115	
-5.22932449506	-1843.2883568	
-5.23110861685	-1843.28954367	
-5.23288956123	-1843.29073175	
-5.23466733947	-1843.29192104	
-5.23644196283	-1843.29311151	
-5.23821344248	-1843.29430315	
-5.23998178954	-1843.29549595	
-5.24174701506	-1843.2966899	
-5.24350913005	-1843.29788499	
-5.24526814546	-1843.29908119	
-5.24702407216	-1843.3002785	
-5.24877692099	-1843.30147691	
-5.25052670271	-1843.3026764	
-5.25227342805	-1843.30387697	
-5.25401710765	-1843.30507859	
-5.25575775213	-1843.30628126	
-5.25749537203	-1843.30748497	
-5.25922997784	-1843.3086897	
-5.26096158	-1843.30989544	
-5.2626901889	-1843.31110218	
-5.26441581487	-1843.31230991	
-5.26613846818	-1843.31351861	
-5.26785815906	-1843.31472828	
-5.26957489768	-1843.3159389	
-5.27128869416	-1843.31715047	
-5.27299955856	-1843.31836297	
-5.27470750091	-1843.31957638	
-5.27641253116	-1843.32079071	
-5.27811465923	-1843.32200593	
-5.27981389498	-1843.32322204	
-5.28151024823	-1843.32443903	
-5.28320372874	-1843.32565689	
-5.28489434622	-1843.32687559	
-5.28658211033	-1843.32809515	
-5.28826703069	-1843.32931554	
-5.28994911688	-1843.33053675	
-5.2916283784	-1843.33175877	
-5.29330482472	-1843.3329816	
-5.29497846528	-1843.33420523	
-5.29664930945	-1843.33542963	
-5.29831736655	-1843.33665481	
-5.29998264587	-1843.33788075	
-5.30164515664	-1843.33910745	
-5.30330490806	-1843.34033489	
-5.30496190927	-1843.34156307	
-5.30661616936	-1843.34279197	
-5.3082676974	-1843.34402158	
-5.30991650239	-1843.3452519	
-5.3115625933	-1843.34648292	
-5.31320597904	-1843.34771462	
-5.3148466685	-1843.34894701	
-5.3164846705	-1843.35018006	
-5.31811999384	-1843.35141377	
-5.31975264727	-1843.35264813	
-5.32138263948	-1843.35388314	
-5.32300997914	-1843.35511878	
-5.32463467487	-1843.35635504	
-5.32625673524	-1843.35759192	
-5.32787616879	-1843.3588294	
-5.32949298402	-1843.36006748	
-5.33110718937	-1843.36130616	
-5.33271879327	-1843.36254541	
-5.33432780407	-1843.36378524	
-5.33593423012	-1843.36502563	
-5.3375380797	-1843.36626658	
-5.33913936107	-1843.36750807	
-5.34073808243	-1843.36875011	
-5.34233425196	-1843.36999268	
-5.3439278778	-1843.37123577	
-5.34551896803	-1843.37247938	
-5.34710753072	-1843.3737235	
-5.34869357387	-1843.37496811	
-5.35027710548	-1843.37621322	
-5.35185813348	-1843.37745882	
-5.35343666577	-1843.37870489	
-5.35501271022	-1843.37995143	
-5.35658627467	-1843.38119843	
-5.3581573669	-1843.38244589	
-5.35972599468	-1843.38369379	
-5.36129216571	-1843.38494214	
-5.36285588769	-1843.38619091	
-5.36441716825	-1843.38744011	
-5.36597601502	-1843.38868973	
-5.36753243557	-1843.38993976	
-5.36908643744	-1843.3911902	
-5.37063802813	-1843.39244103	
-5.37218721511	-1843.39369225	
-5.37373400583	-1843.39494385	
-5.37527840768	-1843.39619583	
-5.37682042804	-1843.39744818	
-5.37836007422	-1843.39870089	
-5.37989735354	-1843.39995396	
-5.38143227326	-1843.40120737	
-5.38296484061	-1843.40246113	
-5.38449506279	-1843.40371522	
-5.38602294697	-1843.40496965	
-5.38754850028	-1843.40622439	
-5.38907172982	-1843.40747945	
-5.39059264266	-1843.40873482	
-5.39211124583	-1843.4099905	
-5.39362754635	-1843.41124647	
-5.39514155118	-1843.41250273	
-5.39665326727	-1843.41375928	
-5.39816270152	-1843.41501611	
-5.39966986081	-1843.41627321	
-5.40117475199	-1843.41753058	
-5.40267738187	-1843.4187882	
-5.40417775725	-1843.42004608	
-5.40567588487	-1843.42130421	
-5.40717177146	-1843.42256259	
-5.40866542372	-1843.4238212	
-5.4101568483	-1843.42508004	
-5.41164605186	-1843.42633911	
-5.41313304098	-1843.42759839	
-5.41461782224	-1843.42885789	
-5.4161004022	-1843.4301176	
-5.41758078737	-1843.43137752	
-5.41905898424	-1843.43263763	
-5.42053499927	-1843.43389793	
-5.42200883889	-1843.43515842	
-5.4234805095	-1843.43641909	
-5.42495001748	-1843.43767993	
-5.42641736918	-1843.43894095	
-5.4278825709	-1843.44020213	
-5.42934562895	-1843.44146347	
-5.43080654959	-1843.44272497	
-5.43226533906	-1843.44398662	
-5.43372200355	-1843.44524841	
-5.43517654927	-1843.44651034	
-5.43662898235	-1843.4477724	
-5.43807930892	-1843.4490346	
-5.4395275351	-1843.45029692	
-5.44097366695	-1843.45155935	
-5.44241771052	-1843.45282191	
-5.44385967184	-1843.45408457	
-5.4452995569	-1843.45534733	
-5.44673737167	-1843.4566102	
-5.44817312209	-1843.45787316	
-5.44960681409	-1843.45913622	
-5.45103845357	-1843.46039936	
-5.45246804638	-1843.46166258	
-5.45389559837	-1843.46292587	
-5.45532111536	-1843.46418924	
-5.45674460314	-1843.46545268	
-5.45816606749	-1843.46671618	
-5.45958551414	-1843.46797974	
-5.46100294883	-1843.46924335	
-5.46241837723	-1843.47050702	
-5.46383180503	-1843.47177072	
-5.46524323786	-1843.47303447	
-5.46665268137	-1843.47429826	
-5.46806014114	-1843.47556208	
-5.46946562274	-1843.47682592	
-5.47086913175	-1843.47808979	
-5.47227067367	-1843.47935368	
-5.47367025403	-1843.48061759	
-5.47506787829	-1843.48188151	
-5.47646355193	-1843.48314543	
-5.47785728038	-1843.48440936	
-5.47924906905	-1843.48567329	
-5.48063892334	-1843.48693721	
-5.48202684862	-1843.48820113	
-5.48341285022	-1843.48946503	
-5.48479693349	-1843.49072892	
-5.48617910372	-1843.49199278	
-5.48755936619	-1843.49325662	
-5.48893772616	-1843.49452044	
-5.49031418887	-1843.49578422	
-5.49168875953	-1843.49704796	
-5.49306144334	-1843.49831167	
-5.49443224547	-1843.49957533	
-5.49580117108	-1843.50083895	
-5.49716822529	-1843.50210252	
-5.49853341322	-1843.50336603	
-5.49989673995	-1843.50462949	
-5.50125821054	-1843.50589288	
-5.50261783006	-1843.50715621	
-5.50397560352	-1843.50841947	
-5.50533153593	-1843.50968266	
-5.50668563228	-1843.51094578	
-5.50803789753	-1843.51220881	
-5.50938833663	-1843.51347177	
-5.5107369545	-1843.51473464	
-5.51208375605	-1843.51599742	
-5.51342874616	-1843.51726011	
-5.51477192971	-1843.5185227	
-5.51611331154	-1843.51978519	
-5.51745289646	-1843.52104759	
-5.51879068931	-1843.52230987	
-5.52012669485	-1843.52357205	
-5.52146091786	-1843.52483412	
-5.5227933631	-1843.52609607	
-5.52412403528	-1843.52735791	
-5.52545293913	-1843.52861962	
-5.52678007934	-1843.52988121	
-5.52810546058	-1843.53114267	
-5.52942908751	-1843.532404	
-5.53075096477	-1843.5336652	
-5.53207109697	-1843.53492626	
-5.53338948873	-1843.53618719	
-5.53470614461	-1843.53744797	
-5.53602106919	-1843.5387086	
-5.53733426702	-1843.53996909	
-5.53864574262	-1843.54122943	
-5.5399555005	-1843.54248961	
-5.54126354516	-1843.54374964	
-5.54256988107	-1843.54500951	
-5.5438745127	-1843.54626921	
-5.54517744448	-1843.54752875	
-5.54647868084	-1843.54878812	
-5.54777822618	-1843.55004733	
-5.5490760849	-1843.55130635	
-5.55037226136	-1843.55256521	
-5.55166675992	-1843.55382388	
-5.55295958492	-1843.55508237	
-5.55425074069	-1843.55634068	
-5.55554023152	-1843.5575988	
-5.5568280617	-1843.55885673	
-5.55811423551	-1843.56011447	
-5.5593987572	-1843.56137202	
-5.56068163102	-1843.56262937	
-5.56196286117	-1843.56388652	
-5.56324245188	-1843.56514347	
-5.56452040732	-1843.56640021	
-5.56579673168	-1843.56765675	
-5.56707142911	-1843.56891308	
-5.56834450376	-1843.57016919	
-5.56961595975	-1843.5714251	
-5.57088580119	-1843.57268078	
-5.57215403218	-1843.57393625	
-5.57342065679	-1843.57519149	
-5.5746856791	-1843.57644651	
-5.57594910315	-1843.57770131	
-5.57721093297	-1843.57895588	
-5.57847117258	-1843.58021021	
-5.57972982599	-1843.58146432	
-5.58098689718	-1843.58271819	
-5.58224239012	-1843.58397182	
-5.58349630878	-1843.58522521	
-5.5847486571	-1843.58647836	
-5.585999439	-1843.58773127	
-5.5872486584	-1843.58898393	
-5.5884963192	-1843.59023634	
-5.58974242528	-1843.5914885	
-5.59098698051	-1843.59274041	
-5.59222998875	-1843.59399207	
-5.59347145384	-1843.59524347	
-5.5947113796	-1843.59649461	
-5.59594976985	-1843.59774549	
-5.59718662839	-1843.59899611	
-5.598421959	-1843.60024646	
-5.59965576545	-1843.60149654	
-5.60088805149	-1843.60274636	
-5.60211882088	-1843.60399591	
-5.60334807733	-1843.60524518	
-5.60457582457	-1843.60649418	
-5.6058020663	-1843.6077429	
-5.60702680619	-1843.60899134	
-5.60825004793	-1843.61023951	
-5.60947179518	-1843.61148739	
-5.61069205159	-1843.61273498	
-5.61191082078	-1843.61398229	
-5.61312810639	-1843.61522932	
-5.61434391201	-1843.61647605	
-5.61555824124	-1843.61772249	
-5.61677109767	-1843.61896864	
-5.61798248485	-1843.6202145	
-5.61919240636	-1843.62146005	
-5.62040086572	-1843.62270531	
-5.62160786647	-1843.62395027	
-5.62281341212	-1843.62519492	
-5.62401750619	-1843.62643928	
-5.62522015215	-1843.62768332	
-5.6264213535	-1843.62892706	
-5.62762111369	-1843.63017049	
-5.62881943618	-1843.63141362	
-5.63001632442	-1843.63265642	
-5.63121178182	-1843.63389892	
-5.63240581181	-1843.6351411	
-5.6335984178	-1843.63638296	
-5.63478960317	-1843.6376245	
-5.6359793713	-1843.63886573	
-5.63716772557	-1843.64010663	
-5.63835466933	-1843.64134721	
-5.63954020593	-1843.64258746	
-5.64072433869	-1843.64382739	
-5.64190707094	-1843.64506699	
-5.64308840598	-1843.64630626	
-5.64426834712	-1843.6475452	
-5.64544689764	-1843.64878381	
-5.64662406082	-1843.65002208	
-5.64779983991	-1843.65126002	
-5.64897423816	-1843.65249762	
-5.65014725882	-1843.65373488	
-5.65131890512	-1843.65497181	
-5.65248918027	-1843.65620839	
-5.65365808747	-1843.65744463	
-5.65482562993	-1843.65868053	
-5.65599181082	-1843.65991608	
-5.65715663332	-1843.66115128	
-5.65832010058	-1843.66238614	
-5.65948221576	-1843.66362064	
-5.660642982	-1843.6648548	
-5.66180240242	-1843.66608861	
-5.66296048014	-1843.66732206	
-5.66411721826	-1843.66855515	
-5.66527261989	-1843.6697879	
-5.66642668811	-1843.67102028	
-5.66757942599	-1843.6722523	
-5.6687308366	-1843.67348397	
-5.66988092298	-1843.67471528	
-5.67102968818	-1843.67594622	
-5.67217713524	-1843.6771768	
-5.67332326717	-1843.67840701	
-5.67446808699	-1843.67963686	
-5.67561159769	-1843.68086634	
-5.67675380227	-1843.68209546	
-5.6778947037	-1843.6833242	
-5.67903430497	-1843.68455257	
-5.68017260902	-1843.68578058	
-5.6813096188	-1843.68700821	
-5.68244533727	-1843.68823546	
-5.68357976734	-1843.68946234	
-5.68471291194	-1843.69068884	
-5.68584477397	-1843.69191497	
-5.68697535634	-1843.69314072	
-5.68810466194	-1843.69436609	
-5.68923269364	-1843.69559107	
-5.69035945432	-1843.69681568	
-5.69148494685	-1843.6980399	
-5.69260917406	-1843.69926374	
-5.6937321388	-1843.7004872	
-5.69485384391	-1843.70171026	
-5.69597429221	-1843.70293295	
-5.69709348651	-1843.70415524	
-5.69821142961	-1843.70537714	
-5.69932812431	-1843.70659866	
-5.70044357339	-1843.70781978	
-5.70155777963	-1843.70904051	
-5.7026707458	-1843.71026085	
-5.70378247466	-1843.71148079	
-5.70489296894	-1843.71270034	
-5.70600223139	-1843.7139195	
-5.70711026475	-1843.71513825	
-5.70821707172	-1843.71635661	
-5.70932265503	-1843.71757457	
-5.71042701737	-1843.71879213	
-5.71153016145	-1843.72000929	
-5.71263208993	-1843.72122605	
-5.71373280551	-1843.7224424	
-5.71483231084	-1843.72365836	
-5.71593060859	-1843.72487391	
-5.71702770141	-1843.72608905	
-5.71812359193	-1843.72730379	
-5.71921828279	-1843.72851812	
-5.72031177661	-1843.72973204	
-5.72140407601	-1843.73094556	
-5.72249518359	-1843.73215866	
-5.72358510195	-1843.73337136	
-5.72467383369	-1843.73458364	
-5.72576138137	-1843.73579552	
-5.72684774759	-1843.73700698	
-5.72793293489	-1843.73821802	
-5.72901694583	-1843.73942866	
-5.73009978297	-1843.74063887	
-5.73118144884	-1843.74184868	
-5.73226194598	-1843.74305806	
-5.7333412769	-1843.74426703	
-5.73441944412	-1843.74547558	
-5.73549645015	-1843.74668372	
-5.73657229748	-1843.74789143	
-5.73764698861	-1843.74909872	
-5.73872052602	-1843.75030559	
-5.73979291218	-1843.75151204	
-5.74086414956	-1843.75271807	
-5.74193424062	-1843.75392368	
-5.74300318781	-1843.75512886	
-5.74407099357	-1843.75633361	
-5.74513766034	-1843.75753795	
-5.74620319054	-1843.75874185	
-5.7472675866	-1843.75994533	
-5.74833085092	-1843.76114838	
-5.74939298591	-1843.76235101	
-5.75045399397	-1843.7635532	
-5.75151387748	-1843.76475497	
-5.75257263883	-1843.76595631	
-5.75363028038	-1843.76715721	
-5.75468680452	-1843.76835769	
-5.75574221359	-1843.76955773	
-5.75679650994	-1843.77075734	
-5.75784969593	-1843.77195652	
-5.75890177388	-1843.77315527	
-5.75995274612	-1843.77435358	
-5.76100261499	-1843.77555145	
-5.76205138278	-1843.7767489	
-5.76309905181	-1843.7779459	
-5.76414562438	-1843.77914247	
-5.76519110278	-1843.7803386	
-5.7662354893	-1843.7815343	
-5.76727878622	-1843.78272955	
-5.76832099579	-1843.78392437	
-5.7693621203	-1843.78511875	
-5.770402162	-1843.78631269	
-5.77144112313	-1843.78750618	
-5.77247900594	-1843.78869924	
-5.77351581267	-1843.78989186	
-5.77455154554	-1843.79108403	
-5.77558620679	-1843.79227576	
-5.77661979861	-1843.79346705	
-5.77765232322	-1843.7946579	
-5.77868378283	-1843.7958483	
-5.77971417962	-1843.79703825	
-5.78074351579	-1843.79822777	
-5.78177179352	-1843.79941683	
-5.78279901497	-1843.80060545	
-5.78382518233	-1843.80179363	
-5.78485029774	-1843.80298136	
-5.78587436337	-1843.80416864	
-5.78689738137	-1843.80535547	
-5.78791935386	-1843.80654185	
-5.788940283	-1843.80772779	
-5.7899601709	-1843.80891328	
-5.79097901969	-1843.81009831	
-5.79199683148	-1843.8112829	
-5.79301360838	-1843.81246704	
-5.7940293525	-1843.81365072	
-5.79504406593	-1843.81483396	
-5.79605775077	-1843.81601674	
-5.79707040908	-1843.81719907	
-5.79808204295	-1843.81838095	
-5.79909265446	-1843.81956238	
-5.80010224566	-1843.82074335	
-5.80111081862	-1843.82192387	
-5.80211837538	-1843.82310393	
-5.80312491799	-1843.82428355	
-5.80413044849	-1843.8254627	
-5.80513496892	-1843.8266414	
-5.80613848129	-1843.82781965	
-5.80714098764	-1843.82899744	
-5.80814248998	-1843.83017477	
-5.80914299031	-1843.83135165	
