# log_p 	 lnL 	 
0.0	-1827.38867714	
-0.287682072452	-1827.38789984	
-0.510825623766	-1827.38643252	
-0.69314718056	-1827.38437062	
-0.847297860387	-1827.38187322	
-0.980829253012	-1827.3790873	
-1.09861228867	-1827.37612808	
-1.20397280433	-1827.37307988	
-1.29928298413	-1827.37000232	
-1.38629436112	-1827.3669366	
-1.46633706879	-1827.36391062	
-1.54044504095	-1827.36094282	
-1.60943791243	-1827.35804493	
-1.67397643357	-1827.35522403	
-1.73460105539	-1827.35248392	
-1.79175946923	-1827.34982613	
-1.8458266905	-1827.34725062	
-1.89711998489	-1827.34475631	
-1.94591014906	-1827.34234141	
-1.99243016469	-1827.34000367	
-2.03688192726	-1827.33774058	
-2.07944154168	-1827.33554946	
-2.1202635362	-1827.33342759	
-2.15948424935	-1827.33137223	
-2.19722457734	-1827.32938068	
-2.23359222151	-1827.32745032	
-2.26868354132	-1827.32557859	
-2.30258509299	-1827.32376305	
-2.33537491582	-1827.32200135	
-2.36712361413	-1827.32029124	
-2.3978952728	-1827.31863057	
-2.42774823595	-1827.31701731	
-2.45673577282	-1827.31544952	
-2.48490664979	-1827.31392533	
-2.51230562398	-1827.31244301	
-2.53897387106	-1827.31100088	
-2.56494935746	-1827.30959735	
-2.59026716545	-1827.30823092	
-2.61495977804	-1827.30690016	
-2.63905732962	-1827.3056037	
-2.66258782703	-1827.30434025	
-2.68557734525	-1827.30310858	
-2.7080502011	-1827.30190751	
-2.73002910782	-1827.30073593	
-2.75153531304	-1827.29959277	
-2.77258872224	-1827.29847702	
-2.79320800944	-1827.29738771	
-2.81341071676	-1827.29632392	
-2.83321334406	-1827.29528478	
-2.85263142991	-1827.29426943	
-2.87167962488	-1827.29327708	
-2.8903717579	-1827.29230695	
-2.90872089656	-1827.29135832	
-2.92673940207	-1827.29043048	
-2.94443897917	-1827.28952276	
-2.96183072188	-1827.28863452	
-2.97892515524	-1827.28776513	
-2.99573227355	-1827.28691402	
-3.01226157551	-1827.2860806	
-3.02852209638	-1827.28526434	
-3.04452243772	-1827.28446472	
-3.06027079469	-1827.28368124	
-3.07577498123	-1827.28291341	
-3.09104245336	-1827.28216077	
-3.10608033072	-1827.28142288	
-3.12089541651	-1827.28069931	
-3.13549421593	-1827.27998965	
-3.14988295338	-1827.27929351	
-3.16406758837	-1827.2786105	
-3.17805383035	-1827.27794025	
-3.19184715248	-1827.27728243	
-3.20545280454	-1827.27663667	
-3.21887582487	-1827.27600267	
-3.23212105162	-1827.27538009	
-3.24519313319	-1827.27476864	
-3.25809653802	-1827.27416803	
-3.2708355638	-1827.27357795	
-3.28341434601	-1827.27299816	
-3.295836866	-1827.27242837	
-3.3081069586	-1827.27186833	
-3.32022831913	-1827.2713178	
-3.33220451018	-1827.27077654	
-3.34403896782	-1827.27024431	
-3.35573500759	-1827.26972089	
-3.36729582999	-1827.26920607	
-3.37872452581	-1827.26869964	
-3.39002408106	-1827.26820139	
-3.40119738166	-1827.26771112	
-3.41224721785	-1827.26722866	
-3.42317628838	-1827.26675381	
-3.43398720449	-1827.2662864	
-3.4446824936	-1827.26582625	
-3.45526460293	-1827.2653732	
-3.4657359028	-1827.26492708	
-3.47609868984	-1827.26448774	
-3.48635519	-1827.26405502	
-3.49650756147	-1827.26362878	
-3.50655789732	-1827.26320887	
-3.51650822817	-1827.26279515	
-3.52636052462	-1827.26238749	
-3.53611669956	-1827.26198576	
-3.54577861047	-1827.26158982	
-3.55534806149	-1827.26119955	
-3.56482680544	-1827.26081484	
-3.57421654579	-1827.26043557	
-3.58351893846	-1827.26006161	
-3.59273559356	-1827.25969287	
-3.60186807712	-1827.25932923	
-3.61091791264	-1827.25897058	
-3.61988658263	-1827.25861683	
-3.62877553004	-1827.25826788	
-3.63758615973	-1827.25792363	
-3.6463198397	-1827.25758399	
-3.65497790244	-1827.25724886	
-3.66356164613	-1827.25691815	
-3.6720723358	-1827.25659178	
-3.68051120444	-1827.25626967	
-3.68887945411	-1827.25595173	
-3.69717825693	-1827.25563788	
-3.70540875607	-1827.25532804	
-3.7135720667	-1827.25502214	
-3.72166927694	-1827.2547201	
-3.72970144863	-1827.25442185	
-3.73766961828	-1827.25412732	
-3.74557479779	-1827.25383644	
-3.75341797525	-1827.25354914	
-3.76120011569	-1827.25326536	
-3.76892216179	-1827.25298504	
-3.77658503453	-1827.2527081	
-3.78418963392	-1827.2524345	
-3.79173683955	-1827.25216416	
-3.79922751128	-1827.25189704	
-3.80666248977	-1827.25163307	
-3.81404259707	-1827.2513722	
-3.82136863716	-1827.25111438	
-3.82864139649	-1827.25085955	
-3.83586164446	-1827.25060766	
-3.84303013394	-1827.25035866	
-3.85014760171	-1827.2501125	
-3.85721476893	-1827.24986914	
-3.86423234159	-1827.24962852	
-3.87120101091	-1827.2493906	
-3.87812145375	-1827.24915534	
-3.88499433304	-1827.24892268	
-3.89182029811	-1827.2486926	
-3.8985999851	-1827.24846504	
-3.90533401728	-1827.24823996	
-3.91202300543	-1827.24801733	
-3.91866754815	-1827.2477971	
-3.92526823218	-1827.24757923	
-3.93182563272	-1827.2473637	
-3.93834031375	-1827.24715045	
-3.94481282825	-1827.24693946	
-3.95124371858	-1827.24673069	
-3.95763351668	-1827.2465241	
-3.96398274436	-1827.24631966	
-3.97029191355	-1827.24611734	
-3.97656152657	-1827.2459171	
-3.98279207632	-1827.24571892	
-3.98898404656	-1827.24552275	
-3.99513791214	-1827.24532858	
-4.00125413916	-1827.24513636	
-4.00733318523	-1827.24494608	
-4.01337549969	-1827.24475769	
-4.01938152375	-1827.24457119	
-4.02535169074	-1827.24438652	
-4.03128642625	-1827.24420368	
-4.03718614838	-1827.24402262	
-4.04305126783	-1827.24384334	
-4.04888218815	-1827.24366579	
-4.05467930583	-1827.24348995	
-4.06044301055	-1827.24331581	
-4.06617368526	-1827.24314333	
-4.07187170637	-1827.2429725	
-4.07753744391	-1827.24280328	
-4.08317126162	-1827.24263566	
-4.08877351717	-1827.24246961	
-4.09434456222	-1827.24230511	
-4.0998847426	-1827.24214215	
-4.10539439841	-1827.24198069	
-4.11087386417	-1827.24182072	
-4.11632346894	-1827.24166222	
-4.12174353641	-1827.24150516	
-4.12713438505	-1827.24134953	
-4.13249632819	-1827.24119532	
-4.13782967416	-1827.24104248	
-4.14313472639	-1827.24089102	
-4.14841178349	-1827.24074092	
-4.15366113938	-1827.24059214	
-4.15888308336	-1827.24044469	
-4.16407790024	-1827.24029853	
-4.1692458704	-1827.24015365	
-4.1743872699	-1827.24001004	
-4.17950237056	-1827.23986768	
-4.18459144007	-1827.23972655	
-4.18965474203	-1827.23958664	
-4.19469253606	-1827.23944793	
-4.19970507788	-1827.23931041	
-4.20469261939	-1827.23917405	
-4.20965540873	-1827.23903885	
-4.21459369037	-1827.23890479	
-4.21950770518	-1827.23877186	
-4.22439769047	-1827.23864004	
-4.22926388012	-1827.23850932	
-4.2341065046	-1827.23837969	
-4.23892579103	-1827.23825113	
-4.2437219633	-1827.23812362	
-4.24849524205	-1827.23799716	
-4.25324584481	-1827.23787174	
-4.257973986	-1827.23774733	
-4.26267987704	-1827.23762393	
-4.26736372635	-1827.23750153	
-4.27202573946	-1827.23738011	
-4.27666611902	-1827.23725966	
-4.28128506487	-1827.23714017	
-4.28588277412	-1827.23702163	
-4.29045944115	-1827.23690403	
-4.29501525768	-1827.23678735	
-4.29955041285	-1827.23667159	
-4.3040650932	-1827.23655674	
-4.30855948279	-1827.23644277	
-4.31303376319	-1827.2363297	
-4.31748811354	-1827.23621749	
-4.3219227106	-1827.23610615	
-4.32633772881	-1827.23599566	
-4.33073334029	-1827.23588602	
-4.33510971489	-1827.23577721	
-4.33946702026	-1827.23566923	
-4.34380542185	-1827.23556206	
-4.348125083	-1827.2354557	
-4.3524261649	-1827.23535013	
-4.35670882669	-1827.23524535	
-4.36097322548	-1827.23514135	
-4.36521951636	-1827.23503813	
-4.36944785247	-1827.23493566	
-4.373658385	-1827.23483395	
-4.37785126326	-1827.23473298	
-4.38202663467	-1827.23463276	
-4.38618464482	-1827.23453326	
-4.39032543749	-1827.23443448	
-4.39444915467	-1827.23433642	
-4.39855593663	-1827.23423906	
-4.40264592188	-1827.2341424	
-4.40671924726	-1827.23404643	
-4.41077604796	-1827.23395114	
-4.4148164575	-1827.23385653	
-4.4188406078	-1827.23376259	
-4.42284862919	-1827.23366932	
-4.42684065046	-1827.23357669	
-4.43081679884	-1827.23348472	
-4.43477720006	-1827.23339339	
-4.43872197835	-1827.23330269	
-4.44265125649	-1827.23321262	
-4.44656515581	-1827.23312317	
-4.45046379623	-1827.23303433	
-4.45434729625	-1827.23294611	
-4.45821577303	-1827.23285849	
-4.46206934235	-1827.23277146	
-4.46590811865	-1827.23268502	
-4.46973221509	-1827.23259917	
-4.47354174351	-1827.2325139	
-4.47733681448	-1827.2324292	
-4.48111753732	-1827.23234507	
-4.48488402011	-1827.2322615	
-4.48863636973	-1827.23217848	
-4.49237469184	-1827.23209601	
-4.49609909093	-1827.23201409	
-4.49980967033	-1827.23193271	
-4.50350653221	-1827.23185186	
-4.50718977763	-1827.23177155	
-4.51085950652	-1827.23169175	
-4.51451581772	-1827.23161247	
-4.518158809	-1827.23153371	
-4.52178857705	-1827.23145546	
-4.52540521752	-1827.23137771	
-4.52900882502	-1827.23130045	
-4.53259949315	-1827.2312237	
-4.5361773145	-1827.23114743	
-4.53974238067	-1827.23107164	
-4.54329478227	-1827.23099634	
-4.54683460898	-1827.23092151	
-4.55036194949	-1827.23084715	
-4.5538768916	-1827.23077326	
-4.55737952215	-1827.23069983	
-4.56086992709	-1827.23062686	
-4.56434819147	-1827.23055435	
-4.56781439944	-1827.23048228	
-4.57126863431	-1827.23041066	
-4.5747109785	-1827.23033947	
-4.5781415136	-1827.23026873	
-4.58156032035	-1827.23019842	
-4.58496747867	-1827.23012854	
-4.58836306767	-1827.23005908	
-4.59174716566	-1827.22999004	
-4.59511985013	-1827.22992143	
-4.59848119784	-1827.22985322	
-4.60183128472	-1827.22978543	
-4.60517018599	-1827.22971804	
-4.60849797608	-1827.22965105	
-4.61181472871	-1827.22958447	
-4.61512051684	-1827.22951828	
-4.61841541274	-1827.22945248	
-4.62169948794	-1827.22938707	
-4.62497281328	-1827.22932204	
-4.62823545892	-1827.2292574	
-4.63148749431	-1827.22919313	
-4.63472898823	-1827.22912924	
-4.63796000881	-1827.22906573	
-4.64118062351	-1827.22900258	
-4.64439089914	-1827.22893979	
-4.64759090187	-1827.22887737	
-4.65078069724	-1827.22881531	
-4.65396035016	-1827.2287536	
-4.65712992492	-1827.22869224	
-4.66028948521	-1827.22863124	
-4.66343909411	-1827.22857058	
-4.66657881412	-1827.22851027	
-4.66970870713	-1827.2284503	
-4.67282883446	-1827.22839066	
-4.67593925688	-1827.22833136	
-4.67904003455	-1827.2282724	
-4.68213122712	-1827.22821376	
-4.68521289366	-1827.22815545	
-4.6882850927	-1827.22809747	
-4.69134788223	-1827.2280398	
-4.69440131972	-1827.22798246	
-4.6974454621	-1827.22792543	
-4.70048036579	-1827.22786872	
-4.70350608671	-1827.22781231	
-4.70652268025	-1827.22775622	
-4.70953020131	-1827.22770043	
-4.71252870431	-1827.22764494	
-4.71551824316	-1827.22758976	
-4.7184988713	-1827.22753487	
-4.72147064168	-1827.22748028	
-4.72443360681	-1827.22742598	
-4.72738781871	-1827.22737198	
-4.73033332894	-1827.22731826	
-4.73327018862	-1827.22726483	
-4.73619844839	-1827.22721169	
-4.7391181585	-1827.22715883	
-4.74202936871	-1827.22710624	
-4.74493212836	-1827.22705394	
-4.74782648639	-1827.22700191	
-4.75071249128	-1827.22695015	
-4.75359019111	-1827.22689867	
-4.75645963353	-1827.22684745	
-4.75932086582	-1827.22679651	
-4.7621739348	-1827.22674582	
-4.76501888693	-1827.2266954	
-4.76785576827	-1827.22664524	
-4.77068462447	-1827.22659534	
-4.77350550081	-1827.2265457	
-4.77631844218	-1827.22649631	
-4.77912349311	-1827.22644717	
-4.78192069773	-1827.22639829	
-4.78471009982	-1827.22634965	
-4.78749174278	-1827.22630126	
-4.79026566966	-1827.22625312	
-4.79303192316	-1827.22620522	
-4.7957905456	-1827.22615756	
-4.79854157897	-1827.22611014	
-4.80128506491	-1827.22606296	
-4.80402104473	-1827.22601601	
-4.80674955939	-1827.2259693	
-4.8094706495	-1827.22592282	
-4.81218435537	-1827.22587657	
-4.81489071697	-1827.22583055	
-4.81758977394	-1827.22578476	
-4.82028156561	-1827.2257392	
-4.82296613098	-1827.22569386	
-4.82564350875	-1827.22564874	
-4.8283137373	-1827.22560384	
-4.83097685472	-1827.22555916	
-4.83363289878	-1827.2255147	
-4.83628190695	-1827.22547046	
-4.83892391641	-1827.22542643	
-4.84155896405	-1827.22538261	
-4.84418708646	-1827.225339	
-4.84680831994	-1827.22529561	
-4.84942270051	-1827.22525242	
-4.85203026392	-1827.22520944	
-4.85463104562	-1827.22516666	
-4.8572250808	-1827.22512409	
-4.85981240436	-1827.22508172	
-4.86239305096	-1827.22503956	
-4.86496705495	-1827.22499759	
-4.86753445046	-1827.22495582	
-4.87009527132	-1827.22491424	
-4.87264955112	-1827.22487286	
-4.8751973232	-1827.22483168	
-4.87773862063	-1827.22479069	
-4.88027347623	-1827.22474989	
-4.88280192259	-1827.22470928	
-4.88532399202	-1827.22466886	
-4.88783971662	-1827.22462862	
-4.89034912822	-1827.22458857	
-4.89285225844	-1827.22454871	
-4.89534913864	-1827.22450903	
-4.89783979995	-1827.22446953	
-4.90032427328	-1827.22443021	
-4.90280258929	-1827.22439108	
-4.90527477844	-1827.22435212	
-4.90774087093	-1827.22431334	
-4.91020089677	-1827.22427473	
-4.91265488574	-1827.2242363	
-4.91510286737	-1827.22419804	
-4.91754487103	-1827.22415996	
-4.91998092583	-1827.22412205	
-4.92241106068	-1827.2240843	
-4.92483530429	-1827.22404673	
-4.92725368516	-1827.22400932	
-4.92966623156	-1827.22397208	
-4.93207297159	-1827.22393501	
-4.93447393313	-1827.2238981	
-4.93686914386	-1827.22386136	
-4.93925863125	-1827.22382477	
-4.94164242261	-1827.22378835	
-4.94402054501	-1827.22375209	
-4.94639302537	-1827.22371599	
-4.94875989038	-1827.22368004	
-4.95112116656	-1827.22364426	
-4.95347688026	-1827.22360862	
-4.9558270576	-1827.22357315	
-4.95817172456	-1827.22353783	
-4.96051090691	-1827.22350266	
-4.96284463026	-1827.22346764	
-4.96517292002	-1827.22343278	
-4.96749580144	-1827.22339806	
-4.96981329958	-1827.22336349	
-4.97212543933	-1827.22332908	
-4.97443224543	-1827.22329481	
-4.97673374242	-1827.22326068	
-4.97902995468	-1827.2232267	
-4.98132090643	-1827.22319287	
-4.98360662171	-1827.22315918	
-4.98588712441	-1827.22312563	
-4.98816243824	-1827.22309222	
-4.99043258678	-1827.22305895	
-4.99269759341	-1827.22302583	
-4.99495748138	-1827.22299284	
-4.99721227376	-1827.22295999	
-4.9994619935	-1827.22292728	
-5.00170666335	-1827.2228947	
-5.00394630595	-1827.22286226	
-5.00618094375	-1827.22282996	
-5.00841059907	-1827.22279779	
-5.0106352941	-1827.22276575	
-5.01285505083	-1827.22273384	
-5.01506989116	-1827.22270207	
-5.01727983681	-1827.22267042	
-5.01948490937	-1827.22263891	
-5.02168513028	-1827.22260753	
-5.02388052085	-1827.22257627	
-5.02607110223	-1827.22254514	
-5.02825689545	-1827.22251414	
-5.03043792139	-1827.22248326	
-5.03261420082	-1827.22245251	
-5.03478575433	-1827.22242188	
-5.03695260241	-1827.22239138	
-5.03911476542	-1827.222361	
-5.04127226356	-1827.22233074	
-5.04342511692	-1827.2223006	
-5.04557334546	-1827.22227058	
-5.047716969	-1827.22224069	
-5.04985600725	-1827.22221091	
-5.05199047978	-1827.22218125	
-5.05412040604	-1827.22215171	
-5.05624580535	-1827.22212229	
-5.05836669692	-1827.22209298	
-5.06048309982	-1827.22206379	
-5.06259503303	-1827.22203471	
-5.06470251537	-1827.22200575	
-5.06680556556	-1827.2219769	
-5.06890420222	-1827.22194816	
-5.07099844382	-1827.22191954	
-5.07308830874	-1827.22189103	
-5.07517381523	-1827.22186263	
-5.07725498144	-1827.22183434	
-5.07933182538	-1827.22180616	
-5.08140436498	-1827.22177809	
-5.08347261805	-1827.22175012	
-5.08553660227	-1827.22172227	
-5.08759633523	-1827.22169452	
-5.08965183441	-1827.22166688	
-5.09170311719	-1827.22163935	
-5.09375020081	-1827.22161192	
-5.09579310244	-1827.22158459	
-5.09783183913	-1827.22155737	
-5.09986642782	-1827.22153025	
-5.10189688537	-1827.22150324	
-5.10392322852	-1827.22147633	
-5.1059454739	-1827.22144952	
-5.10796363806	-1827.22142281	
-5.10997773743	-1827.2213962	
-5.11198778836	-1827.22136969	
-5.11399380708	-1827.22134329	
-5.11599580975	-1827.22131698	
-5.11799381242	-1827.22129077	
-5.11998783102	-1827.22126465	
-5.12197788143	-1827.22123864	
-5.1239639794	-1827.22121272	
-5.12594614061	-1827.2211869	
-5.12792438062	-1827.22116117	
-5.12989871492	-1827.22113554	
-5.13186915891	-1827.22111	
-5.13383572788	-1827.22108456	
-5.13579843705	-1827.22105921	
-5.13775730154	-1827.22103396	
-5.13971233637	-1827.22100879	
-5.1416635565	-1827.22098372	
-5.14361097679	-1827.22095874	
-5.145554612	-1827.22093385	
-5.14749447681	-1827.22090905	
-5.14943058584	-1827.22088435	
-5.15136295359	-1827.22085973	
-5.1532915945	-1827.2208352	
-5.15521652291	-1827.22081076	
-5.15713775309	-1827.22078641	
-5.15905529921	-1827.22076214	
-5.1609691754	-1827.22073797	
-5.16287939565	-1827.22071387	
-5.16478597392	-1827.22068987	
-5.16668892407	-1827.22066595	
-5.16858825987	-1827.22064212	
-5.17048399504	-1827.22061837	
-5.17237614319	-1827.22059471	
-5.17426471788	-1827.22057113	
-5.17614973257	-1827.22054763	
-5.17803120067	-1827.22052422	
-5.1799091355	-1827.22050089	
-5.18178355029	-1827.22047764	
-5.18365445823	-1827.22045447	
-5.1855218724	-1827.22043139	
-5.18738580584	-1827.22040838	
-5.18924627149	-1827.22038546	
-5.19110328224	-1827.22036262	
-5.19295685089	-1827.22033985	
-5.19480699018	-1827.22031717	
-5.19665371277	-1827.22029456	
-5.19849703127	-1827.22027203	
-5.20033695819	-1827.22024958	
-5.202173506	-1827.22022721	
-5.20400668708	-1827.22020492	
-5.20583651375	-1827.2201827	
-5.20766299828	-1827.22016056	
-5.20948615284	-1827.22013849	
-5.21130598956	-1827.2201165	
-5.21312252048	-1827.22009459	
-5.21493575761	-1827.22007275	
-5.21674571285	-1827.22005099	
-5.21855239808	-1827.22002929	
-5.22035582508	-1827.22000768	
-5.22215600558	-1827.21998613	
-5.22395295126	-1827.21996466	
-5.22574667371	-1827.21994326	
-5.22753718449	-1827.21992194	
-5.22932449506	-1827.21990068	
-5.23110861685	-1827.2198795	
-5.23288956123	-1827.21985839	
-5.23466733947	-1827.21983735	
-5.23644196283	-1827.21981638	
-5.23821344248	-1827.21979548	
-5.23998178954	-1827.21977465	
-5.24174701506	-1827.21975389	
-5.24350913005	-1827.21973319	
-5.24526814546	-1827.21971257	
-5.24702407216	-1827.21969202	
-5.24877692099	-1827.21967153	
-5.25052670271	-1827.21965111	
-5.25227342805	-1827.21963076	
-5.25401710765	-1827.21961047	
-5.25575775213	-1827.21959026	
-5.25749537203	-1827.2195701	
-5.25922997784	-1827.21955002	
-5.26096158	-1827.21953	
-5.2626901889	-1827.21951004	
-5.26441581487	-1827.21949015	
-5.26613846818	-1827.21947033	
-5.26785815906	-1827.21945057	
-5.26957489768	-1827.21943087	
-5.27128869416	-1827.21941124	
-5.27299955856	-1827.21939167	
-5.27470750091	-1827.21937216	
-5.27641253116	-1827.21935272	
-5.27811465923	-1827.21933334	
-5.27981389498	-1827.21931402	
-5.28151024823	-1827.21929476	
-5.28320372874	-1827.21927557	
-5.28489434622	-1827.21925644	
-5.28658211033	-1827.21923736	
-5.28826703069	-1827.21921835	
-5.28994911688	-1827.2191994	
-5.2916283784	-1827.21918051	
-5.29330482472	-1827.21916168	
-5.29497846528	-1827.21914291	
-5.29664930945	-1827.2191242	
-5.29831736655	-1827.21910555	
-5.29998264587	-1827.21908695	
-5.30164515664	-1827.21906842	
-5.30330490806	-1827.21904994	
-5.30496190927	-1827.21903152	
-5.30661616936	-1827.21901316	
-5.3082676974	-1827.21899486	
-5.30991650239	-1827.21897661	
-5.3115625933	-1827.21895842	
-5.31320597904	-1827.21894029	
-5.3148466685	-1827.21892221	
-5.3164846705	-1827.21890419	
-5.31811999384	-1827.21888622	
-5.31975264727	-1827.21886831	
-5.32138263948	-1827.21885046	
-5.32300997914	-1827.21883266	
-5.32463467487	-1827.21881492	
-5.32625673524	-1827.21879723	
-5.32787616879	-1827.21877959	
-5.32949298402	-1827.21876201	
-5.33110718937	-1827.21874448	
-5.33271879327	-1827.21872701	
-5.33432780407	-1827.21870959	
-5.33593423012	-1827.21869222	
-5.3375380797	-1827.21867491	
-5.33913936107	-1827.21865764	
-5.34073808243	-1827.21864044	
-5.34233425196	-1827.21862328	
-5.3439278778	-1827.21860617	
-5.34551896803	-1827.21858912	
-5.34710753072	-1827.21857212	
-5.34869357387	-1827.21855516	
-5.35027710548	-1827.21853826	
-5.35185813348	-1827.21852141	
-5.35343666577	-1827.21850461	
-5.35501271022	-1827.21848787	
-5.35658627467	-1827.21847117	
-5.3581573669	-1827.21845452	
-5.35972599468	-1827.21843792	
-5.36129216571	-1827.21842137	
-5.36285588769	-1827.21840487	
-5.36441716825	-1827.21838842	
-5.36597601502	-1827.21837201	
-5.36753243557	-1827.21835566	
-5.36908643744	-1827.21833935	
-5.37063802813	-1827.21832309	
-5.37218721511	-1827.21830688	
-5.37373400583	-1827.21829072	
-5.37527840768	-1827.2182746	
-5.37682042804	-1827.21825853	
-5.37836007422	-1827.21824251	
-5.37989735354	-1827.21822654	
-5.38143227326	-1827.21821061	
-5.38296484061	-1827.21819473	
-5.38449506279	-1827.21817889	
-5.38602294697	-1827.21816311	
-5.38754850028	-1827.21814736	
-5.38907172982	-1827.21813166	
-5.39059264266	-1827.21811601	
-5.39211124583	-1827.21810041	
-5.39362754635	-1827.21808484	
-5.39514155118	-1827.21806933	
-5.39665326727	-1827.21805385	
-5.39816270152	-1827.21803842	
-5.39966986081	-1827.21802304	
-5.40117475199	-1827.2180077	
-5.40267738187	-1827.2179924	
-5.40417775725	-1827.21797715	
-5.40567588487	-1827.21796194	
-5.40717177146	-1827.21794678	
-5.40866542372	-1827.21793166	
-5.4101568483	-1827.21791658	
-5.41164605186	-1827.21790154	
-5.41313304098	-1827.21788654	
-5.41461782224	-1827.21787159	
-5.4161004022	-1827.21785668	
-5.41758078737	-1827.21784182	
-5.41905898424	-1827.21782699	
-5.42053499927	-1827.21781221	
-5.42200883889	-1827.21779746	
-5.4234805095	-1827.21778276	
-5.42495001748	-1827.2177681	
-5.42641736918	-1827.21775348	
-5.4278825709	-1827.21773891	
-5.42934562895	-1827.21772437	
-5.43080654959	-1827.21770987	
-5.43226533906	-1827.21769541	
-5.43372200355	-1827.217681	
-5.43517654927	-1827.21766662	
-5.43662898235	-1827.21765228	
-5.43807930892	-1827.21763799	
-5.4395275351	-1827.21762373	
-5.44097366695	-1827.21760951	
-5.44241771052	-1827.21759533	
-5.44385967184	-1827.21758119	
-5.4452995569	-1827.21756709	
-5.44673737167	-1827.21755303	
-5.44817312209	-1827.217539	
-5.44960681409	-1827.21752502	
-5.45103845357	-1827.21751107	
-5.45246804638	-1827.21749716	
-5.45389559837	-1827.21748329	
-5.45532111536	-1827.21746945	
-5.45674460314	-1827.21745566	
-5.45816606749	-1827.2174419	
-5.45958551414	-1827.21742817	
-5.46100294883	-1827.21741449	
-5.46241837723	-1827.21740084	
-5.46383180503	-1827.21738723	
-5.46524323786	-1827.21737366	
-5.46665268137	-1827.21736012	
-5.46806014114	-1827.21734662	
-5.46946562274	-1827.21733315	
-5.47086913175	-1827.21731972	
-5.47227067367	-1827.21730633	
-5.47367025403	-1827.21729297	
-5.47506787829	-1827.21727965	
-5.47646355193	-1827.21726636	
-5.47785728038	-1827.21725311	
-5.47924906905	-1827.2172399	
-5.48063892334	-1827.21722672	
-5.48202684862	-1827.21721357	
-5.48341285022	-1827.21720046	
-5.48479693349	-1827.21718739	
-5.48617910372	-1827.21717434	
-5.48755936619	-1827.21716134	
-5.48893772616	-1827.21714836	
-5.49031418887	-1827.21713542	
-5.49168875953	-1827.21712252	
-5.49306144334	-1827.21710965	
-5.49443224547	-1827.21709681	
-5.49580117108	-1827.21708401	
-5.49716822529	-1827.21707124	
-5.49853341322	-1827.2170585	
-5.49989673995	-1827.2170458	
-5.50125821054	-1827.21703313	
-5.50261783006	-1827.21702049	
-5.50397560352	-1827.21700788	
-5.50533153593	-1827.21699531	
-5.50668563228	-1827.21698277	
-5.50803789753	-1827.21697026	
-5.50938833663	-1827.21695779	
-5.5107369545	-1827.21694535	
-5.51208375605	-1827.21693294	
-5.51342874616	-1827.21692056	
-5.51477192971	-1827.21690821	
-5.51611331154	-1827.2168959	
-5.51745289646	-1827.21688361	
-5.51879068931	-1827.21687136	
-5.52012669485	-1827.21685914	
-5.52146091786	-1827.21684695	
-5.5227933631	-1827.21683479	
-5.52412403528	-1827.21682266	
-5.52545293913	-1827.21681057	
-5.52678007934	-1827.2167985	
-5.52810546058	-1827.21678646	
-5.52942908751	-1827.21677446	
-5.53075096477	-1827.21676248	
-5.53207109697	-1827.21675054	
-5.53338948873	-1827.21673863	
-5.53470614461	-1827.21672674	
-5.53602106919	-1827.21671489	
-5.53733426702	-1827.21670306	
-5.53864574262	-1827.21669127	
-5.5399555005	-1827.2166795	
-5.54126354516	-1827.21666777	
-5.54256988107	-1827.21665606	
-5.5438745127	-1827.21664438	
-5.54517744448	-1827.21663274	
-5.54647868084	-1827.21662112	
-5.54777822618	-1827.21660953	
-5.5490760849	-1827.21659797	
-5.55037226136	-1827.21658643	
-5.55166675992	-1827.21657493	
-5.55295958492	-1827.21656345	
-5.55425074069	-1827.21655201	
-5.55554023152	-1827.21654059	
-5.5568280617	-1827.2165292	
-5.55811423551	-1827.21651784	
-5.5593987572	-1827.2165065	
-5.56068163102	-1827.2164952	
-5.56196286117	-1827.21648392	
-5.56324245188	-1827.21647267	
-5.56452040732	-1827.21646144	
-5.56579673168	-1827.21645025	
-5.56707142911	-1827.21643908	
-5.56834450376	-1827.21642794	
-5.56961595975	-1827.21641682	
-5.57088580119	-1827.21640573	
-5.57215403218	-1827.21639467	
-5.57342065679	-1827.21638364	
-5.5746856791	-1827.21637263	
-5.57594910315	-1827.21636165	
-5.57721093297	-1827.2163507	
-5.57847117258	-1827.21633977	
-5.57972982599	-1827.21632887	
-5.58098689718	-1827.216318	
-5.58224239012	-1827.21630715	
-5.58349630878	-1827.21629633	
-5.5847486571	-1827.21628553	
-5.585999439	-1827.21627476	
-5.5872486584	-1827.21626402	
-5.5884963192	-1827.2162533	
-5.58974242528	-1827.21624261	
-5.59098698051	-1827.21623194	
-5.59222998875	-1827.2162213	
-5.59347145384	-1827.21621068	
-5.5947113796	-1827.21620009	
-5.59594976985	-1827.21618952	
-5.59718662839	-1827.21617898	
-5.598421959	-1827.21616847	
-5.59965576545	-1827.21615798	
-5.60088805149	-1827.21614751	
-5.60211882088	-1827.21613707	
-5.60334807733	-1827.21612665	
-5.60457582457	-1827.21611626	
-5.6058020663	-1827.21610589	
-5.60702680619	-1827.21609555	
-5.60825004793	-1827.21608523	
-5.60947179518	-1827.21607493	
-5.61069205159	-1827.21606466	
-5.61191082078	-1827.21605442	
-5.61312810639	-1827.21604419	
-5.61434391201	-1827.21603399	
-5.61555824124	-1827.21602382	
-5.61677109767	-1827.21601367	
-5.61798248485	-1827.21600354	
-5.61919240636	-1827.21599344	
-5.62040086572	-1827.21598335	
-5.62160786647	-1827.2159733	
-5.62281341212	-1827.21596326	
-5.62401750619	-1827.21595325	
-5.62522015215	-1827.21594326	
-5.6264213535	-1827.2159333	
-5.62762111369	-1827.21592336	
-5.62881943618	-1827.21591344	
-5.63001632442	-1827.21590354	
-5.63121178182	-1827.21589367	
-5.63240581181	-1827.21588382	
-5.6335984178	-1827.21587399	
-5.63478960317	-1827.21586419	
-5.6359793713	-1827.2158544	
-5.63716772557	-1827.21584464	
-5.63835466933	-1827.2158349	
-5.63954020593	-1827.21582519	
-5.64072433869	-1827.21581549	
-5.64190707094	-1827.21580582	
-5.64308840598	-1827.21579617	
-5.64426834712	-1827.21578654	
-5.64544689764	-1827.21577694	
-5.64662406082	-1827.21576735	
-5.64779983991	-1827.21575779	
-5.64897423816	-1827.21574825	
-5.65014725882	-1827.21573873	
-5.65131890512	-1827.21572923	
-5.65248918027	-1827.21571975	
-5.65365808747	-1827.2157103	
-5.65482562993	-1827.21570086	
-5.65599181082	-1827.21569145	
-5.65715663332	-1827.21568206	
-5.65832010058	-1827.21567269	
-5.65948221576	-1827.21566333	
-5.660642982	-1827.21565401	
-5.66180240242	-1827.2156447	
-5.66296048014	-1827.21563541	
-5.66411721826	-1827.21562614	
-5.66527261989	-1827.2156169	
-5.66642668811	-1827.21560767	
-5.66757942599	-1827.21559846	
-5.6687308366	-1827.21558928	
-5.66988092298	-1827.21558011	
-5.67102968818	-1827.21557097	
-5.67217713524	-1827.21556185	
-5.67332326717	-1827.21555274	
-5.67446808699	-1827.21554366	
-5.67561159769	-1827.21553459	
-5.67675380227	-1827.21552555	
-5.6778947037	-1827.21551653	
-5.67903430497	-1827.21550752	
-5.68017260902	-1827.21549854	
-5.6813096188	-1827.21548957	
-5.68244533727	-1827.21548063	
-5.68357976734	-1827.2154717	
-5.68471291194	-1827.21546279	
-5.68584477397	-1827.21545391	
-5.68697535634	-1827.21544504	
-5.68810466194	-1827.21543619	
-5.68923269364	-1827.21542736	
-5.69035945432	-1827.21541855	
-5.69148494685	-1827.21540976	
-5.69260917406	-1827.21540099	
-5.6937321388	-1827.21539224	
-5.69485384391	-1827.2153835	
-5.69597429221	-1827.21537479	
-5.69709348651	-1827.21536609	
-5.69821142961	-1827.21535741	
-5.69932812431	-1827.21534876	
-5.70044357339	-1827.21534012	
-5.70155777963	-1827.21533149	
-5.7026707458	-1827.21532289	
-5.70378247466	-1827.21531431	
-5.70489296894	-1827.21530574	
-5.70600223139	-1827.21529719	
-5.70711026475	-1827.21528866	
-5.70821707172	-1827.21528015	
-5.70932265503	-1827.21527166	
-5.71042701737	-1827.21526318	
-5.71153016145	-1827.21525472	
-5.71263208993	-1827.21524628	
-5.71373280551	-1827.21523786	
-5.71483231084	-1827.21522946	
-5.71593060859	-1827.21522107	
-5.71702770141	-1827.21521271	
-5.71812359193	-1827.21520436	
-5.71921828279	-1827.21519602	
-5.72031177661	-1827.21518771	
-5.72140407601	-1827.21517941	
-5.72249518359	-1827.21517113	
-5.72358510195	-1827.21516287	
-5.72467383369	-1827.21515462	
-5.72576138137	-1827.21514639	
-5.72684774759	-1827.21513818	
-5.72793293489	-1827.21512999	
-5.72901694583	-1827.21512181	
-5.73009978297	-1827.21511365	
-5.73118144884	-1827.21510551	
-5.73226194598	-1827.21509739	
-5.7333412769	-1827.21508928	
-5.73441944412	-1827.21508119	
-5.73549645015	-1827.21507311	
-5.73657229748	-1827.21506505	
-5.73764698861	-1827.21505701	
-5.73872052602	-1827.21504899	
-5.73979291218	-1827.21504098	
-5.74086414956	-1827.21503299	
-5.74193424062	-1827.21502501	
-5.74300318781	-1827.21501705	
-5.74407099357	-1827.21500911	
-5.74513766034	-1827.21500119	
-5.74620319054	-1827.21499328	
-5.7472675866	-1827.21498538	
-5.74833085092	-1827.21497751	
-5.74939298591	-1827.21496964	
-5.75045399397	-1827.2149618	
-5.75151387748	-1827.21495397	
-5.75257263883	-1827.21494616	
-5.75363028038	-1827.21493836	
-5.75468680452	-1827.21493058	
-5.75574221359	-1827.21492282	
-5.75679650994	-1827.21491507	
-5.75784969593	-1827.21490733	
-5.75890177388	-1827.21489962	
-5.75995274612	-1827.21489191	
-5.76100261499	-1827.21488423	
-5.76205138278	-1827.21487656	
-5.76309905181	-1827.2148689	
-5.76414562438	-1827.21486126	
-5.76519110278	-1827.21485364	
-5.7662354893	-1827.21484603	
-5.76727878622	-1827.21483843	
-5.76832099579	-1827.21483086	
-5.7693621203	-1827.21482329	
-5.770402162	-1827.21481574	
-5.77144112313	-1827.21480821	
-5.77247900594	-1827.21480069	
-5.77351581267	-1827.21479319	
-5.77455154554	-1827.2147857	
-5.77558620679	-1827.21477823	
-5.77661979861	-1827.21477077	
-5.77765232322	-1827.21476333	
-5.77868378283	-1827.2147559	
-5.77971417962	-1827.21474849	
-5.78074351579	-1827.21474109	
-5.78177179352	-1827.21473371	
-5.78279901497	-1827.21472634	
-5.78382518233	-1827.21471898	
-5.78485029774	-1827.21471164	
-5.78587436337	-1827.21470432	
-5.78689738137	-1827.21469701	
-5.78791935386	-1827.21468971	
-5.788940283	-1827.21468243	
-5.7899601709	-1827.21467516	
-5.79097901969	-1827.21466791	
-5.79199683148	-1827.21466067	
-5.79301360838	-1827.21465344	
-5.7940293525	-1827.21464623	
-5.79504406593	-1827.21463904	
-5.79605775077	-1827.21463185	
-5.79707040908	-1827.21462468	
-5.79808204295	-1827.21461753	
-5.79909265446	-1827.21461039	
-5.80010224566	-1827.21460326	
-5.80111081862	-1827.21459615	
-5.80211837538	-1827.21458905	
-5.80312491799	-1827.21458197	
-5.80413044849	-1827.2145749	
-5.80513496892	-1827.21456784	
-5.80613848129	-1827.2145608	
-5.80714098764	-1827.21455377	
-5.80814248998	-1827.21454675	
-5.80914299031	-1827.21453975	
