#Site	lnL	
0	-7.61721325487
1	-1.3081660554
2	-11.9514691226
3	-1.69993897177
4	-1.3081660554
5	-5.07240464044
6	-1.39565214017
7	-1.60053259626
8	-7.35403574083
9	-1.69993897177
10	-1.33442473534
11	-3.99309675136
12	-1.57877488195
13	-1.3081660554
14	-7.69003804806
15	-1.69993897177
16	-1.60053259626
17	-5.54858528622
18	-1.39565214017
19	-7.82839243448
20	-18.2050465589
21	-1.57877488195
22	-1.33442473534
23	-8.0573946682
24	-6.18949297591
25	-1.33442473534
26	-13.4409891008
27	-1.69993897177
28	-1.47768624282
29	-3.99309675136
30	-1.39565214017
31	-1.60053259626
32	-8.60329352824
33	-1.69993897177
34	-1.47768624282
35	-5.54858528622
36	-1.39565214017
37	-1.33442473534
38	-13.1434905293
39	-1.69993897177
40	-1.60053259626
41	-7.67966188204
42	-1.57877488195
43	-1.60053259626
44	-7.35403574083
45	-9.78209874228
46	-1.47768624282
47	-3.99309675136
48	-1.39565214017
49	-1.60053259626
50	-12.6371305892
51	-1.41397080546
52	-1.33442473534
53	-7.94987553617
54	-1.39565214017
55	-1.33442473534
56	-7.21275156054
57	-1.41397080546
58	-1.3081660554
59	-12.3090843425
60	-1.41397080546
61	-1.33442473534
62	-3.99309675136
63	-1.57877488195
64	-1.33442473534
65	-8.6310188178
66	-1.57877488195
67	-1.33442473534
68	-4.62298981522
69	-1.69993897177
70	-1.3081660554
71	-5.78691985104
72	-1.57877488195
73	-1.60053259626
74	-3.79790581347
75	-1.39565214017
76	-1.47768624282
77	-3.79790581347
78	-1.41397080546
79	-1.33442473534
80	-3.99309675136
81	-1.39565214017
82	-1.33442473534
83	-5.36330198531
84	-1.39565214017
85	-1.33442473534
86	-4.62298981522
87	-1.57877488195
88	-1.47768624282
89	-11.5198896096
90	-1.57877488195
91	-1.3081660554
92	-7.40798541947
93	-1.41397080546
94	-1.33442473534
95	-9.48301408791
96	-1.57877488195
97	-1.47768624282
98	-9.86689898587
99	-1.69993897177
100	-1.60053259626
101	-7.61280967539
102	-1.41397080546
103	-1.47768624282
104	-10.0717669802
105	-1.57877488195
106	-1.47768624282
107	-5.78691985104
108	-1.57877488195
109	-1.3081660554
110	-7.53487983213
111	-1.57877488195
112	-1.47768624282
113	-5.94265793481
114	-1.69993897177
115	-1.47768624282
116	-9.82906272758
117	-1.57877488195
118	-1.60053259626
119	-5.66024063205
120	-1.41397080546
121	-1.33442473534
122	-7.20430431405
123	-1.57877488195
124	-1.3081660554
125	-5.94265793481
126	-6.70320223862
127	-1.47768624282
128	-6.967589551
129	-6.12972458996
130	-1.33442473534
131	-3.99309675136
132	-1.57877488195
133	-1.3081660554
134	-8.91522669629
135	-6.85369860723
136	-1.33442473534
137	-3.99309675136
138	-1.69993897177
139	-1.3081660554
140	-5.12282141821
141	-1.41397080546
142	-1.47768624282
143	-3.79790581347
144	-1.69993897177
145	-1.3081660554
146	-7.21275156054
147	-1.69993897177
148	-1.3081660554
149	-10.8771665943
150	-1.57877488195
151	-1.3081660554
152	-15.2055574754
153	-1.57877488195
154	-1.3081660554
155	-10.4227137597
156	-1.39565214017
157	-1.47768624282
158	-12.7802797184
159	-1.69993897177
160	-1.33442473534
161	-6.74046488691
162	-1.41397080546
163	-1.47768624282
164	-9.40361742227
165	-1.39565214017
166	-1.60053259626
167	-10.9495676485
168	-8.81571713287
169	-1.47768624282
170	-11.7324328722
171	-1.39565214017
172	-1.3081660554
173	-8.38097592472
174	-9.69597305395
175	-1.3081660554
176	-3.79790581347
177	-1.41397080546
178	-1.33442473534
179	-7.85926185929
180	-1.41397080546
181	-1.3081660554
182	-8.1633428436
183	-1.69993897177
184	-1.3081660554
185	-7.98050072211
186	-1.69993897177
187	-7.1767550673
188	-8.36189599108
189	-1.57877488195
190	-1.33442473534
191	-7.47466271144
192	-1.39565214017
193	-1.33442473534
194	-5.94265793481
195	-1.57877488195
196	-1.33442473534
197	-6.74046488691
198	-1.41397080546
199	-1.33442473534
200	-3.99309675136
201	-1.39565214017
202	-1.33442473534
203	-16.5821904994
204	-1.57877488195
205	-1.3081660554
206	-3.79790581347
207	-1.41397080546
208	-1.3081660554
209	-5.35727549966
210	-1.39565214017
211	-1.3081660554
212	-13.7267454685
213	-1.39565214017
214	-1.47768624282
215	-10.9679556783
216	-1.41397080546
217	-1.3081660554
218	-3.79790581347
219	-1.69993897177
220	-1.33442473534
221	-8.20679384377
222	-1.41397080546
223	-1.47768624282
224	-5.30132972035
225	-1.57877488195
226	-1.47768624282
227	-10.8700727489
228	-1.41397080546
229	-1.3081660554
230	-4.62298981522
231	-1.41397080546
232	-1.3081660554
233	-5.66024063205
234	-1.69993897177
235	-1.3081660554
236	-9.64242672909
237	-1.41397080546
238	-1.3081660554
239	-8.07223147662
240	-1.39565214017
241	-1.60053259626
242	-6.62972569821
243	-1.69993897177
244	-1.33442473534
245	-8.53361930826
246	-1.41397080546
247	-1.60053259626
248	-8.88580458549
249	-1.39565214017
250	-1.3081660554
251	-12.1712031288
252	-1.57877488195
253	-1.47768624282
254	-13.1479123707
255	-1.41397080546
256	-1.47768624282
257	-5.69990919132
258	-1.57877488195
259	-1.47768624282
260	-6.33589540482
261	-1.41397080546
262	-1.60053259626
263	-9.59691979721
264	-1.57877488195
265	-1.33442473534
266	-7.86935546891
267	-1.41397080546
268	-1.60053259626
269	-8.18958422703
270	-1.39565214017
271	-1.47768624282
272	-7.98377549016
273	-1.39565214017
274	-1.60053259626
275	-11.7074178514
276	-1.57877488195
277	-7.1767550673
278	-5.79982020031
279	-1.39565214017
280	-1.3081660554
281	-9.96121757555
282	-8.09569761086
283	-1.47768624282
284	-8.73694214885
285	-1.69993897177
286	-1.60053259626
287	-3.79790581347
288	-1.41397080546
289	-1.3081660554
290	-6.77253091467
291	-1.39565214017
292	-1.47768624282
293	-6.87238600546
294	-1.39565214017
295	-1.3081660554
296	-4.62298981522
297	-1.39565214017
298	-1.60053259626
299	-8.11244043833
300	-1.41397080546
301	-1.3081660554
302	-10.9915063541
303	-1.39565214017
304	-1.60053259626
305	-6.91583495907
306	-1.69993897177
307	-9.2499510122
308	-10.5479614424
309	-1.69993897177
310	-1.47768624282
311	-6.85823350248
312	-1.57877488195
313	-1.3081660554
314	-3.99309675136
315	-1.39565214017
316	-8.26969396123
317	-7.66321503186
318	-6.70320223862
319	-1.3081660554
320	-3.79790581347
321	-1.57877488195
322	-1.47768624282
323	-3.99309675136
324	-1.57877488195
325	-1.33442473534
326	-8.82202082401
327	-1.41397080546
328	-1.47768624282
329	-4.73877885728
330	-19.3469395314
331	-1.3081660554
332	-3.79790581347
333	-8.70877823326
334	-1.33442473534
335	-3.99309675136
336	-6.02078778265
337	-1.60053259626
338	-4.73877885728
339	-1.69993897177
340	-1.33442473534
341	-3.79790581347
342	-1.57877488195
343	-1.3081660554
344	-5.4675771056
345	-1.39565214017
346	-1.3081660554
347	-8.80674994756
348	-1.39565214017
349	-1.3081660554
350	-9.33437775473
351	-1.69993897177
352	-1.33442473534
353	-3.79790581347
354	-1.57877488195
355	-1.60053259626
356	-16.1066014565
357	-1.57877488195
358	-7.83371295808
359	-4.73877885728
360	-1.39565214017
361	-1.60053259626
362	-6.62972569821
363	-1.41397080546
364	-1.47768624282
365	-13.2012036597
366	-1.41397080546
367	-1.33442473534
368	-11.6099795804
369	-1.69993897177
370	-1.33442473534
371	-5.36330198531
372	-1.39565214017
373	-1.33442473534
374	-7.66521143167
375	-1.57877488195
376	-1.3081660554
377	-6.31991398263
378	-1.57877488195
379	-1.33442473534
380	-10.9060336053
381	-8.44010458412
382	-1.47768624282
383	-12.8692173657
384	-1.39565214017
385	-1.60053259626
386	-3.99309675136
387	-6.16305486355
388	-1.60053259626
389	-7.78212132993
390	-1.39565214017
391	-1.47768624282
392	-3.79790581347
393	-11.1295843087
394	-1.33442473534
395	-5.07240464044
396	-6.69884780984
397	-1.33442473534
398	-3.79790581347
399	-1.39565214017
400	-1.3081660554
401	-8.55779109168
402	-1.41397080546
403	-1.3081660554
404	-3.79790581347
405	-1.41397080546
406	-1.3081660554
407	-6.91583495907
408	-1.69993897177
409	-1.33442473534
410	-5.54858528622
411	-1.57877488195
412	-1.3081660554
413	-5.79982020031
414	-1.41397080546
415	-1.47768624282
416	-5.35727549966
417	-1.69993897177
418	-1.3081660554
419	-9.84374078855
420	-1.41397080546
421	-1.47768624282
422	-9.67710692121
423	-1.39565214017
424	-1.3081660554
425	-7.13255149972
426	-1.41397080546
427	-1.47768624282
428	-5.6497526836
429	-6.15678764361
430	-1.3081660554
431	-5.54858528622
432	-1.69993897177
433	-1.33442473534
434	-8.4026414037
435	-1.41397080546
436	-1.33442473534
437	-9.10630981661
438	-1.39565214017
439	-1.33442473534
440	-7.21275156054
441	-1.57877488195
442	-1.47768624282
443	-8.41403452591
444	-1.41397080546
445	-1.60053259626
446	-3.99309675136
447	-1.41397080546
448	-1.3081660554
449	-11.1696314116
450	-1.41397080546
451	-1.33442473534
452	-7.66321503186
453	-1.41397080546
454	-1.60053259626
455	-4.73877885728
456	-1.57877488195
457	-1.33442473534
458	-7.52660908168
459	-1.57877488195
460	-1.33442473534
461	-5.94265793481
462	-10.5814114373
463	-1.33442473534
464	-9.19978728733
465	-1.39565214017
466	-1.33442473534
467	-8.42323816076
468	-1.41397080546
469	-1.60053259626
470	-3.99309675136
471	-1.39565214017
472	-1.60053259626
473	-4.62298981522
474	-1.69993897177
475	-1.3081660554
476	-4.73877885728
477	-1.41397080546
478	-1.60053259626
479	-11.2505356058
480	-1.39565214017
481	-1.60053259626
482	-8.95308281895
483	-1.41397080546
484	-1.47768624282
485	-11.3759069225
486	-1.57877488195
487	-1.33442473534
488	-8.45502752291
