#Site	lnL	
0	-3.05519981056
1	-3.5764345944
2	-9.07244488271
3	-3.05519981056
4	-3.35243676835
5	-10.5886743768
6	-3.03934556217
7	-3.35243676835
8	-7.49414919469
9	-3.05519981056
10	-3.5764345944
11	-10.2641745969
12	-3.05519981056
13	-3.35243676835
14	-4.38589577941
15	-3.05519981056
16	-2.98898650683
17	-6.43279785826
18	-3.42123260506
19	-3.5764345944
20	-4.38589577941
21	-3.42123260506
22	-2.98898650683
23	-4.38589577941
24	-3.42123260506
25	-2.98898650683
26	-7.27085763909
27	-3.03934556217
28	-3.01317658702
29	-15.0621500091
30	-3.64390066035
31	-2.98898650683
32	-4.38589577941
33	-3.03934556217
34	-15.0453208281
35	-10.1983257727
36	-7.52745731359
37	-3.35243676835
38	-12.9422077123
39	-3.64390066035
40	-3.5764345944
41	-11.1854849607
42	-3.64390066035
43	-2.98898650683
44	-4.62225255263
45	-3.05519981056
46	-3.35243676835
47	-4.62225255263
48	-3.03934556217
49	-3.35243676835
50	-10.8442567975
51	-3.05519981056
52	-2.98898650683
53	-4.62225255263
54	-3.03934556217
55	-13.7564272789
56	-5.84171985818
57	-3.03934556217
58	-14.0548815389
59	-10.486913106
60	-3.03934556217
61	-2.98898650683
62	-15.4477273035
63	-14.4774067038
64	-2.98898650683
65	-5.84171985818
66	-3.42123260506
67	-15.0098325195
68	-11.1451047418
69	-3.05519981056
70	-3.35243676835
71	-7.64424353159
72	-3.42123260506
73	-3.01317658702
74	-4.38589577941
75	-3.42123260506
76	-3.5764345944
77	-6.8329812627
78	-3.05519981056
79	-3.35243676835
80	-4.38589577941
81	-3.03934556217
82	-3.01317658702
83	-4.62225255263
84	-3.05519981056
85	-3.01317658702
86	-6.32384173236
87	-3.05519981056
88	-3.01317658702
89	-10.5148814268
90	-3.42123260506
91	-3.5764345944
92	-11.0388958074
93	-3.05519981056
94	-3.5764345944
95	-7.60561169604
96	-10.9133455363
97	-2.98898650683
98	-7.9272318826
99	-3.05519981056
100	-3.35243676835
101	-15.3086502745
102	-3.64390066035
103	-3.5764345944
104	-4.38589577941
105	-3.03934556217
106	-3.5764345944
107	-9.91534219554
108	-3.03934556217
109	-2.98898650683
110	-14.9238990823
111	-3.42123260506
112	-3.01317658702
113	-4.62225255263
114	-3.03934556217
115	-3.01317658702
116	-13.1468198479
117	-3.03934556217
118	-3.5764345944
119	-8.95596866598
120	-3.42123260506
121	-3.35243676835
122	-5.84171985818
123	-3.42123260506
124	-13.3828848799
125	-7.77739371767
126	-3.64390066035
127	-3.35243676835
128	-4.62225255263
129	-3.03934556217
130	-2.98898650683
131	-5.84171985818
132	-3.05519981056
133	-3.35243676835
134	-8.37885856152
135	-9.91009922158
136	-2.98898650683
137	-7.05020638596
138	-3.64390066035
139	-3.01317658702
140	-4.38589577941
141	-3.03934556217
142	-2.98898650683
143	-11.4210832239
144	-3.05519981056
145	-3.35243676835
146	-9.12868508448
147	-3.05519981056
148	-3.01317658702
149	-12.117777625
150	-3.42123260506
151	-2.98898650683
152	-12.410616904
153	-3.42123260506
154	-2.98898650683
155	-4.62225255263
156	-3.05519981056
157	-3.01317658702
158	-7.06329655838
159	-3.42123260506
160	-2.98898650683
161	-6.24128864509
162	-3.05519981056
163	-2.98898650683
164	-4.38589577941
165	-3.05519981056
166	-2.98898650683
167	-7.29322181843
168	-3.42123260506
169	-3.01317658702
170	-7.64424353159
171	-3.03934556217
172	-3.35243676835
173	-4.62225255263
174	-3.05519981056
175	-2.98898650683
176	-7.05020638596
177	-3.64390066035
178	-2.98898650683
179	-10.9063361959
180	-3.05519981056
181	-3.35243676835
182	-6.32384173236
183	-3.42123260506
184	-2.98898650683
185	-7.91567252934
186	-3.03934556217
187	-3.5764345944
188	-10.995789385
189	-3.42123260506
190	-3.35243676835
191	-7.78171736973
192	-3.03934556217
193	-2.98898650683
194	-9.07244488271
195	-3.05519981056
196	-3.5764345944
197	-4.62225255263
198	-3.03934556217
199	-2.98898650683
200	-8.15785759794
201	-3.05519981056
202	-3.5764345944
203	-9.08562146634
204	-3.03934556217
205	-3.01317658702
206	-4.38589577941
207	-3.03934556217
208	-3.01317658702
209	-4.38589577941
210	-3.03934556217
211	-3.35243676835
212	-9.57334755059
213	-3.03934556217
214	-3.35243676835
215	-4.62225255263
216	-3.42123260506
217	-3.01317658702
218	-11.8188347784
219	-7.52745731359
220	-3.01317658702
221	-7.26626460818
222	-3.03934556217
223	-3.01317658702
224	-6.43279785826
225	-3.03934556217
226	-2.98898650683
227	-10.0454803412
228	-3.64390066035
229	-2.98898650683
230	-9.33436435011
231	-3.42123260506
232	-3.35243676835
233	-4.62225255263
234	-3.03934556217
235	-3.5764345944
236	-4.38589577941
237	-3.42123260506
238	-3.01317658702
239	-4.38589577941
240	-3.05519981056
241	-3.35243676835
242	-4.38589577941
243	-3.05519981056
244	-2.98898650683
245	-9.91652718079
246	-3.03934556217
247	-3.35243676835
248	-9.26321283606
249	-3.03934556217
250	-2.98898650683
251	-12.1971461445
252	-3.03934556217
253	-2.98898650683
254	-12.409659936
255	-3.05519981056
256	-2.98898650683
257	-10.7096826721
258	-3.42123260506
259	-3.35243676835
260	-10.0080632612
261	-3.42123260506
262	-3.35243676835
263	-7.95180162995
264	-3.03934556217
265	-2.98898650683
266	-5.84171985818
267	-3.42123260506
268	-11.280058091
269	-7.6904684615
270	-3.64390066035
271	-3.01317658702
272	-11.9863959199
273	-3.42123260506
274	-3.01317658702
275	-9.84787856819
276	-3.05519981056
277	-3.01317658702
278	-8.47574176887
279	-7.74671852556
280	-3.5764345944
281	-10.3680783443
282	-3.05519981056
283	-3.35243676835
284	-13.5498357891
285	-3.05519981056
286	-2.98898650683
287	-10.3021353727
288	-3.03934556217
289	-3.35243676835
290	-4.38589577941
291	-3.42123260506
292	-3.01317658702
293	-11.2638930473
294	-8.76819403429
295	-3.35243676835
296	-4.38589577941
297	-3.05519981056
298	-3.35243676835
299	-7.33720446951
300	-3.03934556217
301	-2.98898650683
302	-4.38589577941
303	-3.03934556217
304	-3.5764345944
305	-11.1987092609
306	-3.64390066035
307	-3.01317658702
308	-5.63123976391
309	-3.05519981056
310	-3.35243676835
311	-4.38589577941
312	-3.03934556217
313	-3.01317658702
314	-10.3877257667
315	-11.8173922688
316	-3.35243676835
317	-10.484497402
318	-3.05519981056
319	-3.35243676835
320	-4.62225255263
321	-3.05519981056
322	-3.01317658702
323	-10.7128881722
324	-3.03934556217
325	-3.01317658702
326	-6.37769754565
327	-3.03934556217
328	-3.35243676835
329	-11.6028827377
330	-7.47110568598
331	-3.01317658702
332	-12.2134489645
333	-3.03934556217
334	-3.35243676835
335	-16.4215539721
336	-3.64390066035
337	-3.01317658702
338	-6.24128864509
339	-3.05519981056
340	-3.35243676835
341	-7.60561169604
342	-3.64390066035
343	-3.5764345944
344	-13.8283810559
345	-3.64390066035
346	-3.5764345944
347	-11.1982743497
348	-3.03934556217
349	-3.01317658702
350	-9.74460070446
351	-7.78239951554
352	-2.98898650683
353	-14.4931371914
354	-3.03934556217
355	-2.98898650683
356	-6.43279785826
357	-3.03934556217
358	-13.1498784261
359	-10.4231546263
360	-3.42123260506
361	-3.01317658702
362	-8.55598672459
363	-3.42123260506
364	-3.5764345944
365	-9.47485235374
366	-7.74671852556
367	-3.35243676835
368	-13.1680630605
369	-3.42123260506
370	-3.01317658702
371	-6.8329812627
372	-3.05519981056
373	-3.35243676835
374	-16.9900314178
375	-3.05519981056
376	-2.98898650683
377	-4.38589577941
378	-9.3572068194
379	-3.01317658702
380	-8.88523772007
381	-3.42123260506
382	-3.35243676835
383	-8.7657494542
384	-3.64390066035
385	-2.98898650683
386	-7.29322181843
387	-9.32431348497
388	-3.01317658702
389	-5.84171985818
390	-3.03934556217
391	-2.98898650683
392	-4.38589577941
393	-3.03934556217
394	-8.60303851626
395	-5.63123976391
396	-3.64390066035
397	-3.5764345944
398	-16.590515566
399	-3.05519981056
400	-2.98898650683
401	-7.14520714134
402	-3.05519981056
403	-3.01317658702
404	-12.6987724804
405	-3.05519981056
406	-3.5764345944
407	-7.64424353159
408	-3.03934556217
409	-3.01317658702
410	-7.15044906865
411	-7.78252000848
412	-3.35243676835
413	-11.73407215
414	-3.03934556217
415	-3.01317658702
416	-4.38589577941
417	-3.03934556217
418	-3.5764345944
419	-5.84171985818
420	-3.05519981056
421	-2.98898650683
422	-5.63123976391
423	-3.03934556217
424	-2.98898650683
425	-8.21891091501
426	-3.05519981056
427	-3.5764345944
428	-6.43279785826
429	-7.78252000848
430	-3.35243676835
431	-9.79905415259
432	-11.8900778095
433	-3.01317658702
434	-6.43279785826
435	-3.05519981056
436	-3.35243676835
437	-13.5873407745
438	-3.05519981056
439	-3.01317658702
440	-5.84171985818
441	-3.42123260506
442	-2.98898650683
443	-10.6006125971
444	-3.64390066035
445	-3.01317658702
446	-8.15785759794
447	-3.42123260506
448	-2.98898650683
449	-19.6538257549
450	-3.03934556217
451	-3.35243676835
452	-8.21891091501
453	-3.64390066035
454	-2.98898650683
455	-6.65761331128
456	-3.42123260506
457	-3.01317658702
458	-4.38589577941
459	-3.05519981056
460	-3.5764345944
461	-5.84171985818
462	-3.03934556217
463	-3.01317658702
464	-9.3179229685
465	-3.05519981056
466	-3.5764345944
467	-8.17607126154
468	-3.03934556217
469	-3.01317658702
470	-6.37769754565
471	-3.03934556217
472	-3.01317658702
473	-9.60043208771
474	-3.05519981056
475	-2.98898650683
476	-5.84171985818
477	-10.6345303605
478	-2.98898650683
479	-10.1427542335
480	-3.03934556217
481	-3.01317658702
482	-4.62225255263
483	-3.03934556217
484	-18.8857468578
485	-4.38589577941
486	-3.05519981056
487	-3.01317658702
488	-17.3831938694
