# log_p 	 lnL 	 
0.0	-1754.46635385	
-0.287682072452	-1754.45511788	
-0.510825623766	-1754.44139647	
-0.69314718056	-1754.42601377	
-0.847297860387	-1754.40943383	
-0.980829253012	-1754.39198901	
-1.09861228867	-1754.37394122	
-1.20397280433	-1754.35549871	
-1.29928298413	-1754.33682599	
-1.38629436112	-1754.31805232	
-1.46633706879	-1754.29927895	
-1.54044504095	-1754.28058489	
-1.60943791243	-1754.26203122	
-1.67397643357	-1754.24366463	
-1.73460105539	-1754.22552004	
-1.79175946923	-1754.20762286	
-1.8458266905	-1754.18999076	
-1.89711998489	-1754.17263523	
-1.94591014906	-1754.15556278	
-1.99243016469	-1754.13877606	
-2.03688192726	-1754.12227471	
-2.07944154168	-1754.10605609	
-2.1202635362	-1754.09011589	
-2.15948424935	-1754.07444861	
-2.19722457734	-1754.05904794	
-2.23359222151	-1754.04390709	
-2.26868354132	-1754.029019	
-2.30258509299	-1754.01437656	
-2.33537491582	-1753.9999727	
-2.36712361413	-1753.98580053	
-2.3978952728	-1753.97185338	
-2.42774823595	-1753.95812488	
-2.45673577282	-1753.94460895	
-2.48490664979	-1753.93129981	
-2.51230562398	-1753.91819202	
-2.53897387106	-1753.90528046	
-2.56494935746	-1753.89256027	
-2.59026716545	-1753.88002692	
-2.61495977804	-1753.86767612	
-2.63905732962	-1753.85550383	
-2.66258782703	-1753.84350626	
-2.68557734525	-1753.8316798	
-2.7080502011	-1753.82002105	
-2.73002910782	-1753.80852678	
-2.75153531304	-1753.79719391	
-2.77258872224	-1753.7860195	
-2.79320800944	-1753.77500076	
-2.81341071676	-1753.76413498	
-2.83321334406	-1753.75341958	
-2.85263142991	-1753.74285205	
-2.87167962488	-1753.73242998	
-2.8903717579	-1753.72215103	
-2.90872089656	-1753.71201292	
-2.92673940207	-1753.70201343	
-2.94443897917	-1753.69215041	
-2.96183072188	-1753.68242174	
-2.97892515524	-1753.67282535	
-2.99573227355	-1753.66335923	
-3.01226157551	-1753.65402137	
-3.02852209638	-1753.64480984	
-3.04452243772	-1753.63572271	
-3.06027079469	-1753.62675809	
-3.07577498123	-1753.61791413	
-3.09104245336	-1753.609189	
-3.10608033072	-1753.60058089	
-3.12089541651	-1753.59208802	
-3.13549421593	-1753.58370865	
-3.14988295338	-1753.57544104	
-3.16406758837	-1753.56728348	
-3.17805383035	-1753.5592343	
-3.19184715248	-1753.55129183	
-3.20545280454	-1753.54345444	
-3.21887582487	-1753.53572051	
-3.23212105162	-1753.52808844	
-3.24519313319	-1753.52055668	
-3.25809653802	-1753.51312365	
-3.2708355638	-1753.50578784	
-3.28341434601	-1753.49854774	
-3.295836866	-1753.49140186	
-3.3081069586	-1753.48434873	
-3.32022831913	-1753.47738692	
-3.33220451018	-1753.47051499	
-3.34403896782	-1753.46373154	
-3.35573500759	-1753.45703519	
-3.36729582999	-1753.45042458	
-3.37872452581	-1753.44389837	
-3.39002408106	-1753.43745523	
-3.40119738166	-1753.43109387	
-3.41224721785	-1753.424813	
-3.42317628838	-1753.41861136	
-3.43398720449	-1753.41248771	
-3.4446824936	-1753.40644082	
-3.45526460293	-1753.40046951	
-3.4657359028	-1753.39457257	
-3.47609868984	-1753.38874886	
-3.48635519	-1753.38299722	
-3.49650756147	-1753.37731652	
-3.50655789732	-1753.37170566	
-3.51650822817	-1753.36616356	
-3.52636052462	-1753.36068912	
-3.53611669956	-1753.35528132	
-3.54577861047	-1753.34993909	
-3.55534806149	-1753.34466144	
-3.56482680544	-1753.33944735	
-3.57421654579	-1753.33429585	
-3.58351893846	-1753.32920596	
-3.59273559356	-1753.32417673	
-3.60186807712	-1753.31920722	
-3.61091791264	-1753.31429653	
-3.61988658263	-1753.30944374	
-3.62877553004	-1753.30464796	
-3.63758615973	-1753.29990833	
-3.6463198397	-1753.29522399	
-3.65497790244	-1753.29059408	
-3.66356164613	-1753.2860178	
-3.6720723358	-1753.28149431	
-3.68051120444	-1753.27702283	
-3.68887945411	-1753.27260256	
-3.69717825693	-1753.26823274	
-3.70540875607	-1753.2639126	
-3.7135720667	-1753.2596414	
-3.72166927694	-1753.2554184	
-3.72970144863	-1753.2512429	
-3.73766961828	-1753.24711417	
-3.74557479779	-1753.24303154	
-3.75341797525	-1753.2389943	
-3.76120011569	-1753.23500179	
-3.76892216179	-1753.23105336	
-3.77658503453	-1753.22714835	
-3.78418963392	-1753.22328613	
-3.79173683955	-1753.21946607	
-3.79922751128	-1753.21568756	
-3.80666248977	-1753.21194999	
-3.81404259707	-1753.20825277	
-3.82136863716	-1753.20459531	
-3.82864139649	-1753.20097705	
-3.83586164446	-1753.19739742	
-3.84303013394	-1753.19385587	
-3.85014760171	-1753.19035185	
-3.85721476893	-1753.18688482	
-3.86423234159	-1753.18345427	
-3.87120101091	-1753.18005967	
-3.87812145375	-1753.17670052	
-3.88499433304	-1753.17337632	
-3.89182029811	-1753.17008657	
-3.8985999851	-1753.1668308	
-3.90533401728	-1753.16360852	
-3.91202300543	-1753.16041929	
-3.91866754815	-1753.15726263	
-3.92526823218	-1753.15413809	
-3.93182563272	-1753.15104524	
-3.93834031375	-1753.14798364	
-3.94481282825	-1753.14495285	
-3.95124371858	-1753.14195247	
-3.95763351668	-1753.13898207	
-3.96398274436	-1753.13604124	
-3.97029191355	-1753.1331296	
-3.97656152657	-1753.13024673	
-3.98279207632	-1753.12739227	
-3.98898404656	-1753.12456582	
-3.99513791214	-1753.12176701	
-4.00125413916	-1753.11899547	
-4.00733318523	-1753.11625085	
-4.01337549969	-1753.11353278	
-4.01938152375	-1753.11084091	
-4.02535169074	-1753.1081749	
-4.03128642625	-1753.10553442	
-4.03718614838	-1753.10291912	
-4.04305126783	-1753.10032868	
-4.04888218815	-1753.09776277	
-4.05467930583	-1753.09522108	
-4.06044301055	-1753.0927033	
-4.06617368526	-1753.09020911	
-4.07187170637	-1753.08773822	
-4.07753744391	-1753.08529032	
-4.08317126162	-1753.08286513	
-4.08877351717	-1753.08046235	
-4.09434456222	-1753.0780817	
-4.0998847426	-1753.0757229	
-4.10539439841	-1753.07338568	
-4.11087386417	-1753.07106976	
-4.11632346894	-1753.06877488	
-4.12174353641	-1753.06650078	
-4.12713438505	-1753.06424719	
-4.13249632819	-1753.06201387	
-4.13782967416	-1753.05980056	
-4.14313472639	-1753.05760702	
-4.14841178349	-1753.055433	
-4.15366113938	-1753.05327826	
-4.15888308336	-1753.05114258	
-4.16407790024	-1753.04902571	
-4.1692458704	-1753.04692743	
-4.1743872699	-1753.04484751	
-4.17950237056	-1753.04278574	
-4.18459144007	-1753.04074189	
-4.18965474203	-1753.03871576	
-4.19469253606	-1753.03670712	
-4.19970507788	-1753.03471577	
-4.20469261939	-1753.0327415	
-4.20965540873	-1753.03078412	
-4.21459369037	-1753.02884342	
-4.21950770518	-1753.02691921	
-4.22439769047	-1753.02501129	
-4.22926388012	-1753.02311948	
-4.2341065046	-1753.02124358	
-4.23892579103	-1753.01938341	
-4.2437219633	-1753.0175388	
-4.24849524205	-1753.01570955	
-4.25324584481	-1753.01389549	
-4.257973986	-1753.01209645	
-4.26267987704	-1753.01031225	
-4.26736372635	-1753.00854273	
-4.27202573946	-1753.00678772	
-4.27666611902	-1753.00504706	
-4.28128506487	-1753.00332057	
-4.28588277412	-1753.00160811	
-4.29045944115	-1752.99990952	
-4.29501525768	-1752.99822463	
-4.29955041285	-1752.9965533	
-4.3040650932	-1752.99489537	
-4.30855948279	-1752.9932507	
-4.31303376319	-1752.99161914	
-4.31748811354	-1752.99000055	
-4.3219227106	-1752.98839477	
-4.32633772881	-1752.98680168	
-4.33073334029	-1752.98522113	
-4.33510971489	-1752.98365298	
-4.33946702026	-1752.9820971	
-4.34380542185	-1752.98055336	
-4.348125083	-1752.97902163	
-4.3524261649	-1752.97750177	
-4.35670882669	-1752.97599366	
-4.36097322548	-1752.97449717	
-4.36521951636	-1752.97301218	
-4.36944785247	-1752.97153857	
-4.373658385	-1752.9700762	
-4.37785126326	-1752.96862498	
-4.38202663467	-1752.96718477	
-4.38618464482	-1752.96575546	
-4.39032543749	-1752.96433694	
-4.39444915467	-1752.96292909	
-4.39855593663	-1752.9615318	
-4.40264592188	-1752.96014496	
-4.40671924726	-1752.95876847	
-4.41077604796	-1752.95740221	
-4.4148164575	-1752.95604608	
-4.4188406078	-1752.95469997	
-4.42284862919	-1752.95336379	
-4.42684065046	-1752.95203743	
-4.43081679884	-1752.95072079	
-4.43477720006	-1752.94941377	
-4.43872197835	-1752.94811627	
-4.44265125649	-1752.9468282	
-4.44656515581	-1752.94554945	
-4.45046379623	-1752.94427995	
-4.45434729625	-1752.94301959	
-4.45821577303	-1752.94176828	
-4.46206934235	-1752.94052593	
-4.46590811865	-1752.93929246	
-4.46973221509	-1752.93806777	
-4.47354174351	-1752.93685178	
-4.47733681448	-1752.93564439	
-4.48111753732	-1752.93444554	
-4.48488402011	-1752.93325512	
-4.48863636973	-1752.93207307	
-4.49237469184	-1752.93089929	
-4.49609909093	-1752.92973371	
-4.49980967033	-1752.92857624	
-4.50350653221	-1752.92742682	
-4.50718977763	-1752.92628535	
-4.51085950652	-1752.92515176	
-4.51451581772	-1752.92402599	
-4.518158809	-1752.92290794	
-4.52178857705	-1752.92179756	
-4.52540521752	-1752.92069476	
-4.52900882502	-1752.91959947	
-4.53259949315	-1752.91851162	
-4.5361773145	-1752.91743114	
-4.53974238067	-1752.91635797	
-4.54329478227	-1752.91529202	
-4.54683460898	-1752.91423324	
-4.55036194949	-1752.91318156	
-4.5538768916	-1752.9121369	
-4.55737952215	-1752.91109921	
-4.56086992709	-1752.91006843	
-4.56434819147	-1752.90904447	
-4.56781439944	-1752.90802729	
-4.57126863431	-1752.90701682	
-4.5747109785	-1752.906013	
-4.5781415136	-1752.90501576	
-4.58156032035	-1752.90402505	
-4.58496747867	-1752.90304081	
-4.58836306767	-1752.90206298	
-4.59174716566	-1752.90109149	
-4.59511985013	-1752.9001263	
-4.59848119784	-1752.89916734	
-4.60183128472	-1752.89821456	
-4.60517018599	-1752.8972679	
-4.60849797608	-1752.89632731	
-4.61181472871	-1752.89539273	
-4.61512051684	-1752.89446412	
-4.61841541274	-1752.89354141	
-4.62169948794	-1752.89262455	
-4.62497281328	-1752.89171349	
-4.62823545892	-1752.89080819	
-4.63148749431	-1752.88990859	
-4.63472898823	-1752.88901463	
-4.63796000881	-1752.88812628	
-4.64118062351	-1752.88724347	
-4.64439089914	-1752.88636617	
-4.64759090187	-1752.88549432	
-4.65078069724	-1752.88462788	
-4.65396035016	-1752.8837668	
-4.65712992492	-1752.88291103	
-4.66028948521	-1752.88206053	
-4.66343909411	-1752.88121525	
-4.66657881412	-1752.88037515	
-4.66970870713	-1752.87954018	
-4.67282883446	-1752.8787103	
-4.67593925688	-1752.87788547	
-4.67904003455	-1752.87706564	
-4.68213122712	-1752.87625076	
-4.68521289366	-1752.87544081	
-4.6882850927	-1752.87463573	
-4.69134788223	-1752.87383549	
-4.69440131972	-1752.87304004	
-4.6974454621	-1752.87224934	
-4.70048036579	-1752.87146336	
-4.70350608671	-1752.87068205	
-4.70652268025	-1752.86990538	
-4.70953020131	-1752.86913331	
-4.71252870431	-1752.86836579	
-4.71551824316	-1752.8676028	
-4.7184988713	-1752.86684429	
-4.72147064168	-1752.86609023	
-4.72443360681	-1752.86534058	
-4.72738781871	-1752.8645953	
-4.73033332894	-1752.86385436	
-4.73327018862	-1752.86311773	
-4.73619844839	-1752.86238536	
-4.7391181585	-1752.86165722	
-4.74202936871	-1752.86093329	
-4.74493212836	-1752.86021352	
-4.74782648639	-1752.85949788	
-4.75071249128	-1752.85878633	
-4.75359019111	-1752.85807886	
-4.75645963353	-1752.85737541	
-4.75932086582	-1752.85667597	
-4.7621739348	-1752.85598049	
-4.76501888693	-1752.85528895	
-4.76785576827	-1752.85460132	
-4.77068462447	-1752.85391756	
-4.77350550081	-1752.85323764	
-4.77631844218	-1752.85256154	
-4.77912349311	-1752.85188922	
-4.78192069773	-1752.85122065	
-4.78471009982	-1752.85055581	
-4.78749174278	-1752.84989466	
-4.79026566966	-1752.84923718	
-4.79303192316	-1752.84858333	
-4.7957905456	-1752.8479331	
-4.79854157897	-1752.84728645	
-4.80128506491	-1752.84664335	
-4.80402104473	-1752.84600377	
-4.80674955939	-1752.8453677	
-4.8094706495	-1752.84473509	
-4.81218435537	-1752.84410594	
-4.81489071697	-1752.8434802	
-4.81758977394	-1752.84285785	
-4.82028156561	-1752.84223887	
-4.82296613098	-1752.84162323	
-4.82564350875	-1752.84101091	
-4.8283137373	-1752.84040188	
-4.83097685472	-1752.83979612	
-4.83363289878	-1752.83919359	
-4.83628190695	-1752.83859429	
-4.83892391641	-1752.83799817	
-4.84155896405	-1752.83740523	
-4.84418708646	-1752.83681543	
-4.84680831994	-1752.83622875	
-4.84942270051	-1752.83564517	
-4.85203026392	-1752.83506466	
-4.85463104562	-1752.83448721	
-4.8572250808	-1752.83391279	
-4.85981240436	-1752.83334137	
-4.86239305096	-1752.83277294	
-4.86496705495	-1752.83220748	
-4.86753445046	-1752.83164495	
-4.87009527132	-1752.83108535	
-4.87264955112	-1752.83052864	
-4.8751973232	-1752.82997481	
-4.87773862063	-1752.82942384	
-4.88027347623	-1752.82887571	
-4.88280192259	-1752.82833039	
-4.88532399202	-1752.82778786	
-4.88783971662	-1752.82724811	
-4.89034912822	-1752.82671112	
-4.89285225844	-1752.82617686	
-4.89534913864	-1752.82564531	
-4.89783979995	-1752.82511647	
-4.90032427328	-1752.82459029	
-4.90280258929	-1752.82406678	
-4.90527477844	-1752.8235459	
-4.90774087093	-1752.82302765	
-4.91020089677	-1752.82251199	
-4.91265488574	-1752.82199892	
-4.91510286737	-1752.82148842	
-4.91754487103	-1752.82098046	
-4.91998092583	-1752.82047503	
-4.92241106068	-1752.81997211	
-4.92483530429	-1752.81947168	
-4.92725368516	-1752.81897373	
-4.92966623156	-1752.81847824	
-4.93207297159	-1752.81798519	
-4.93447393313	-1752.81749456	
-4.93686914386	-1752.81700634	
-4.93925863125	-1752.81652052	
-4.94164242261	-1752.81603706	
-4.94402054501	-1752.81555597	
-4.94639302537	-1752.81507722	
-4.94875989038	-1752.81460079	
-4.95112116656	-1752.81412667	
-4.95347688026	-1752.81365485	
-4.9558270576	-1752.81318531	
-4.95817172456	-1752.81271803	
-4.96051090691	-1752.812253	
-4.96284463026	-1752.8117902	
-4.96517292002	-1752.81132961	
-4.96749580144	-1752.81087123	
-4.96981329958	-1752.81041504	
-4.97212543933	-1752.80996102	
-4.97443224543	-1752.80950915	
-4.97673374242	-1752.80905944	
-4.97902995468	-1752.80861184	
-4.98132090643	-1752.80816637	
-4.98360662171	-1752.807723	
-4.98588712441	-1752.80728171	
-4.98816243824	-1752.80684249	
-4.99043258678	-1752.80640534	
-4.99269759341	-1752.80597023	
-4.99495748138	-1752.80553715	
-4.99721227376	-1752.80510609	
-4.9994619935	-1752.80467704	
-5.00170666335	-1752.80424998	
-5.00394630595	-1752.80382489	
-5.00618094375	-1752.80340178	
-5.00841059907	-1752.80298061	
-5.0106352941	-1752.80256139	
-5.01285505083	-1752.8021441	
-5.01506989116	-1752.80172872	
-5.01727983681	-1752.80131524	
-5.01948490937	-1752.80090366	
-5.02168513028	-1752.80049395	
-5.02388052085	-1752.80008611	
-5.02607110223	-1752.79968012	
-5.02825689545	-1752.79927598	
-5.03043792139	-1752.79887367	
-5.03261420082	-1752.79847317	
-5.03478575433	-1752.79807449	
-5.03695260241	-1752.79767759	
-5.03911476542	-1752.79728249	
-5.04127226356	-1752.79688915	
-5.04342511692	-1752.79649758	
-5.04557334546	-1752.79610776	
-5.047716969	-1752.79571968	
-5.04985600725	-1752.79533332	
-5.05199047978	-1752.79494869	
-5.05412040604	-1752.79456576	
-5.05624580535	-1752.79418452	
-5.05836669692	-1752.79380497	
-5.06048309982	-1752.7934271	
-5.06259503303	-1752.79305089	
-5.06470251537	-1752.79267634	
-5.06680556556	-1752.79230343	
-5.06890420222	-1752.79193215	
-5.07099844382	-1752.79156249	
-5.07308830874	-1752.79119445	
-5.07517381523	-1752.79082802	
-5.07725498144	-1752.79046317	
-5.07933182538	-1752.79009991	
-5.08140436498	-1752.78973823	
-5.08347261805	-1752.7893781	
-5.08553660227	-1752.78901954	
-5.08759633523	-1752.78866251	
-5.08965183441	-1752.78830703	
-5.09170311719	-1752.78795307	
-5.09375020081	-1752.78760063	
-5.09579310244	-1752.78724969	
-5.09783183913	-1752.78690026	
-5.09986642782	-1752.78655231	
-5.10189688537	-1752.78620585	
-5.10392322852	-1752.78586085	
-5.1059454739	-1752.78551732	
-5.10796363806	-1752.78517525	
-5.10997773743	-1752.78483462	
-5.11198778836	-1752.78449542	
-5.11399380708	-1752.78415766	
-5.11599580975	-1752.78382131	
-5.11799381242	-1752.78348638	
-5.11998783102	-1752.78315285	
-5.12197788143	-1752.78282071	
-5.1239639794	-1752.78248996	
-5.12594614061	-1752.78216059	
-5.12792438062	-1752.78183259	
-5.12989871492	-1752.78150595	
-5.13186915891	-1752.78118066	
-5.13383572788	-1752.78085672	
-5.13579843705	-1752.78053412	
-5.13775730154	-1752.78021284	
-5.13971233637	-1752.77989289	
-5.1416635565	-1752.77957426	
-5.14361097679	-1752.77925693	
-5.145554612	-1752.7789409	
-5.14749447681	-1752.77862616	
-5.14943058584	-1752.77831271	
-5.15136295359	-1752.77800054	
-5.1532915945	-1752.77768963	
-5.15521652291	-1752.77737999	
-5.15713775309	-1752.7770716	
-5.15905529921	-1752.77676446	
-5.1609691754	-1752.77645856	
-5.16287939565	-1752.77615389	
-5.16478597392	-1752.77585045	
-5.16668892407	-1752.77554823	
-5.16858825987	-1752.77524722	
-5.17048399504	-1752.77494742	
-5.17237614319	-1752.77464881	
-5.17426471788	-1752.7743514	
-5.17614973257	-1752.77405517	
-5.17803120067	-1752.77376013	
-5.1799091355	-1752.77346625	
-5.18178355029	-1752.77317354	
-5.18365445823	-1752.77288198	
-5.1855218724	-1752.77259158	
-5.18738580584	-1752.77230233	
-5.18924627149	-1752.77201421	
-5.19110328224	-1752.77172723	
-5.19295685089	-1752.77144138	
-5.19480699018	-1752.77115664	
-5.19665371277	-1752.77087302	
-5.19849703127	-1752.7705905	
-5.20033695819	-1752.77030909	
-5.202173506	-1752.77002878	
-5.20400668708	-1752.76974955	
-5.20583651375	-1752.76947141	
-5.20766299828	-1752.76919434	
-5.20948615284	-1752.76891835	
-5.21130598956	-1752.76864342	
-5.21312252048	-1752.76836955	
-5.21493575761	-1752.76809674	
-5.21674571285	-1752.76782497	
-5.21855239808	-1752.76755425	
-5.22035582508	-1752.76728456	
-5.22215600558	-1752.76701591	
-5.22395295126	-1752.76674828	
-5.22574667371	-1752.76648167	
-5.22753718449	-1752.76621608	
-5.22932449506	-1752.76595149	
-5.23110861685	-1752.76568791	
-5.23288956123	-1752.76542533	
-5.23466733947	-1752.76516374	
-5.23644196283	-1752.76490314	
-5.23821344248	-1752.76464352	
-5.23998178954	-1752.76438487	
-5.24174701506	-1752.7641272	
-5.24350913005	-1752.7638705	
-5.24526814546	-1752.76361475	
-5.24702407216	-1752.76335997	
-5.24877692099	-1752.76310613	
-5.25052670271	-1752.76285324	
-5.25227342805	-1752.76260129	
-5.25401710765	-1752.76235028	
-5.25575775213	-1752.7621002	
-5.25749537203	-1752.76185104	
-5.25922997784	-1752.76160281	
-5.26096158	-1752.7613555	
-5.2626901889	-1752.76110909	
-5.26441581487	-1752.76086359	
-5.26613846818	-1752.760619	
-5.26785815906	-1752.7603753	
-5.26957489768	-1752.76013249	
-5.27128869416	-1752.75989058	
-5.27299955856	-1752.75964954	
-5.27470750091	-1752.75940939	
-5.27641253116	-1752.75917011	
-5.27811465923	-1752.7589317	
-5.27981389498	-1752.75869416	
-5.28151024823	-1752.75845747	
-5.28320372874	-1752.75822165	
-5.28489434622	-1752.75798667	
-5.28658211033	-1752.75775254	
-5.28826703069	-1752.75751926	
-5.28994911688	-1752.75728681	
-5.2916283784	-1752.7570552	
-5.29330482472	-1752.75682442	
-5.29497846528	-1752.75659447	
-5.29664930945	-1752.75636534	
-5.29831736655	-1752.75613703	
-5.29998264587	-1752.75590953	
-5.30164515664	-1752.75568284	
-5.30330490806	-1752.75545695	
-5.30496190927	-1752.75523187	
-5.30661616936	-1752.75500758	
-5.3082676974	-1752.75478409	
-5.30991650239	-1752.75456139	
-5.3115625933	-1752.75433947	
-5.31320597904	-1752.75411833	
-5.3148466685	-1752.75389797	
-5.3164846705	-1752.75367839	
-5.31811999384	-1752.75345957	
-5.31975264727	-1752.75324152	
-5.32138263948	-1752.75302423	
-5.32300997914	-1752.7528077	
-5.32463467487	-1752.75259193	
-5.32625673524	-1752.7523769	
-5.32787616879	-1752.75216262	
-5.32949298402	-1752.75194909	
-5.33110718937	-1752.75173629	
-5.33271879327	-1752.75152424	
-5.33432780407	-1752.75131291	
-5.33593423012	-1752.75110231	
-5.3375380797	-1752.75089244	
-5.33913936107	-1752.75068329	
-5.34073808243	-1752.75047486	
-5.34233425196	-1752.75026714	
-5.3439278778	-1752.75006013	
-5.34551896803	-1752.74985383	
-5.34710753072	-1752.74964824	
-5.34869357387	-1752.74944334	
-5.35027710548	-1752.74923915	
-5.35185813348	-1752.74903564	
-5.35343666577	-1752.74883283	
-5.35501271022	-1752.74863071	
-5.35658627467	-1752.74842926	
-5.3581573669	-1752.7482285	
-5.35972599468	-1752.74802842	
-5.36129216571	-1752.74782901	
-5.36285588769	-1752.74763027	
-5.36441716825	-1752.7474322	
-5.36597601502	-1752.7472348	
-5.36753243557	-1752.74703805	
-5.36908643744	-1752.74684196	
-5.37063802813	-1752.74664653	
-5.37218721511	-1752.74645175	
-5.37373400583	-1752.74625762	
-5.37527840768	-1752.74606414	
-5.37682042804	-1752.74587129	
-5.37836007422	-1752.74567909	
-5.37989735354	-1752.74548752	
-5.38143227326	-1752.74529659	
-5.38296484061	-1752.74510628	
-5.38449506279	-1752.74491661	
-5.38602294697	-1752.74472756	
-5.38754850028	-1752.74453913	
-5.38907172982	-1752.74435132	
-5.39059264266	-1752.74416412	
-5.39211124583	-1752.74397754	
-5.39362754635	-1752.74379157	
-5.39514155118	-1752.74360621	
-5.39665326727	-1752.74342145	
-5.39816270152	-1752.74323729	
-5.39966986081	-1752.74305373	
-5.40117475199	-1752.74287077	
-5.40267738187	-1752.7426884	
-5.40417775725	-1752.74250662	
-5.40567588487	-1752.74232543	
-5.40717177146	-1752.74214482	
-5.40866542372	-1752.74196479	
-5.4101568483	-1752.74178535	
-5.41164605186	-1752.74160648	
-5.41313304098	-1752.74142819	
-5.41461782224	-1752.74125047	
-5.4161004022	-1752.74107332	
-5.41758078737	-1752.74089673	
-5.41905898424	-1752.74072071	
-5.42053499927	-1752.74054525	
-5.42200883889	-1752.74037035	
-5.4234805095	-1752.740196	
-5.42495001748	-1752.74002221	
-5.42641736918	-1752.73984897	
-5.4278825709	-1752.73967628	
-5.42934562895	-1752.73950413	
-5.43080654959	-1752.73933253	
-5.43226533906	-1752.73916147	
-5.43372200355	-1752.73899095	
-5.43517654927	-1752.73882096	
-5.43662898235	-1752.73865151	
-5.43807930892	-1752.73848259	
-5.4395275351	-1752.7383142	
-5.44097366695	-1752.73814634	
-5.44241771052	-1752.737979	
-5.44385967184	-1752.73781219	
-5.4452995569	-1752.73764589	
-5.44673737167	-1752.73748011	
-5.44817312209	-1752.73731485	
-5.44960681409	-1752.7371501	
-5.45103845357	-1752.73698586	
-5.45246804638	-1752.73682213	
-5.45389559837	-1752.7366589	
-5.45532111536	-1752.73649618	
-5.45674460314	-1752.73633396	
-5.45816606749	-1752.73617224	
-5.45958551414	-1752.73601102	
-5.46100294883	-1752.73585029	
-5.46241837723	-1752.73569006	
-5.46383180503	-1752.73553031	
-5.46524323786	-1752.73537106	
-5.46665268137	-1752.73521229	
-5.46806014114	-1752.735054	
-5.46946562274	-1752.7348962	
-5.47086913175	-1752.73473888	
-5.47227067367	-1752.73458204	
-5.47367025403	-1752.73442567	
-5.47506787829	-1752.73426977	
-5.47646355193	-1752.73411435	
-5.47785728038	-1752.7339594	
-5.47924906905	-1752.73380491	
-5.48063892334	-1752.7336509	
-5.48202684862	-1752.73349734	
-5.48341285022	-1752.73334425	
-5.48479693349	-1752.73319161	
-5.48617910372	-1752.73303944	
-5.48755936619	-1752.73288772	
-5.48893772616	-1752.73273645	
-5.49031418887	-1752.73258564	
-5.49168875953	-1752.73243527	
-5.49306144334	-1752.73228536	
-5.49443224547	-1752.73213589	
-5.49580117108	-1752.73198686	
-5.49716822529	-1752.73183828	
-5.49853341322	-1752.73169014	
-5.49989673995	-1752.73154243	
-5.50125821054	-1752.73139517	
-5.50261783006	-1752.73124834	
-5.50397560352	-1752.73110194	
-5.50533153593	-1752.73095597	
-5.50668563228	-1752.73081043	
-5.50803789753	-1752.73066532	
-5.50938833663	-1752.73052063	
-5.5107369545	-1752.73037637	
-5.51208375605	-1752.73023253	
-5.51342874616	-1752.73008912	
-5.51477192971	-1752.72994612	
-5.51611331154	-1752.72980353	
-5.51745289646	-1752.72966137	
-5.51879068931	-1752.72951961	
-5.52012669485	-1752.72937827	
-5.52146091786	-1752.72923734	
-5.5227933631	-1752.72909682	
-5.52412403528	-1752.7289567	
-5.52545293913	-1752.72881699	
-5.52678007934	-1752.72867768	
-5.52810546058	-1752.72853877	
-5.52942908751	-1752.72840027	
-5.53075096477	-1752.72826216	
-5.53207109697	-1752.72812445	
-5.53338948873	-1752.72798713	
-5.53470614461	-1752.72785021	
-5.53602106919	-1752.72771368	
-5.53733426702	-1752.72757753	
-5.53864574262	-1752.72744178	
-5.5399555005	-1752.72730642	
-5.54126354516	-1752.72717144	
-5.54256988107	-1752.72703684	
-5.5438745127	-1752.72690263	
-5.54517744448	-1752.72676879	
-5.54647868084	-1752.72663534	
-5.54777822618	-1752.72650226	
-5.5490760849	-1752.72636956	
-5.55037226136	-1752.72623724	
-5.55166675992	-1752.72610528	
-5.55295958492	-1752.7259737	
-5.55425074069	-1752.72584249	
-5.55554023152	-1752.72571165	
-5.5568280617	-1752.72558118	
-5.55811423551	-1752.72545107	
-5.5593987572	-1752.72532132	
-5.56068163102	-1752.72519194	
-5.56196286117	-1752.72506292	
-5.56324245188	-1752.72493426	
-5.56452040732	-1752.72480595	
-5.56579673168	-1752.72467801	
-5.56707142911	-1752.72455042	
-5.56834450376	-1752.72442318	
-5.56961595975	-1752.7242963	
-5.57088580119	-1752.72416976	
-5.57215403218	-1752.72404358	
-5.57342065679	-1752.72391775	
-5.5746856791	-1752.72379226	
-5.57594910315	-1752.72366712	
-5.57721093297	-1752.72354232	
-5.57847117258	-1752.72341787	
-5.57972982599	-1752.72329375	
-5.58098689718	-1752.72316998	
-5.58224239012	-1752.72304655	
-5.58349630878	-1752.72292345	
-5.5847486571	-1752.7228007	
-5.585999439	-1752.72267827	
-5.5872486584	-1752.72255618	
-5.5884963192	-1752.72243442	
-5.58974242528	-1752.722313	
-5.59098698051	-1752.7221919	
-5.59222998875	-1752.72207113	
-5.59347145384	-1752.72195069	
-5.5947113796	-1752.72183057	
-5.59594976985	-1752.72171078	
-5.59718662839	-1752.72159132	
-5.598421959	-1752.72147217	
-5.59965576545	-1752.72135335	
-5.60088805149	-1752.72123484	
-5.60211882088	-1752.72111666	
-5.60334807733	-1752.72099879	
-5.60457582457	-1752.72088124	
-5.6058020663	-1752.720764	
-5.60702680619	-1752.72064707	
-5.60825004793	-1752.72053046	
-5.60947179518	-1752.72041416	
-5.61069205159	-1752.72029817	
-5.61191082078	-1752.72018249	
-5.61312810639	-1752.72006711	
-5.61434391201	-1752.71995205	
-5.61555824124	-1752.71983728	
-5.61677109767	-1752.71972282	
-5.61798248485	-1752.71960867	
-5.61919240636	-1752.71949482	
-5.62040086572	-1752.71938126	
-5.62160786647	-1752.71926801	
-5.62281341212	-1752.71915505	
-5.62401750619	-1752.7190424	
-5.62522015215	-1752.71893003	
-5.6264213535	-1752.71881797	
-5.62762111369	-1752.71870619	
-5.62881943618	-1752.71859471	
-5.63001632442	-1752.71848353	
-5.63121178182	-1752.71837263	
-5.63240581181	-1752.71826202	
-5.6335984178	-1752.7181517	
-5.63478960317	-1752.71804167	
-5.6359793713	-1752.71793192	
-5.63716772557	-1752.71782246	
-5.63835466933	-1752.71771328	
-5.63954020593	-1752.71760439	
-5.64072433869	-1752.71749578	
-5.64190707094	-1752.71738745	
-5.64308840598	-1752.7172794	
-5.64426834712	-1752.71717162	
-5.64544689764	-1752.71706413	
-5.64662406082	-1752.71695691	
-5.64779983991	-1752.71684997	
-5.64897423816	-1752.7167433	
-5.65014725882	-1752.71663691	
-5.65131890512	-1752.71653079	
-5.65248918027	-1752.71642494	
-5.65365808747	-1752.71631936	
-5.65482562993	-1752.71621406	
-5.65599181082	-1752.71610902	
-5.65715663332	-1752.71600425	
-5.65832010058	-1752.71589974	
-5.65948221576	-1752.7157955	
-5.660642982	-1752.71569153	
-5.66180240242	-1752.71558782	
-5.66296048014	-1752.71548437	
-5.66411721826	-1752.71538119	
-5.66527261989	-1752.71527826	
-5.66642668811	-1752.7151756	
-5.66757942599	-1752.71507319	
-5.6687308366	-1752.71497104	
-5.66988092298	-1752.71486915	
-5.67102968818	-1752.71476752	
-5.67217713524	-1752.71466614	
-5.67332326717	-1752.71456502	
-5.67446808699	-1752.71446415	
-5.67561159769	-1752.71436353	
-5.67675380227	-1752.71426317	
-5.6778947037	-1752.71416305	
-5.67903430497	-1752.71406319	
-5.68017260902	-1752.71396357	
-5.6813096188	-1752.7138642	
-5.68244533727	-1752.71376508	
-5.68357976734	-1752.71366621	
-5.68471291194	-1752.71356758	
-5.68584477397	-1752.71346919	
-5.68697535634	-1752.71337105	
-5.68810466194	-1752.71327315	
-5.68923269364	-1752.7131755	
-5.69035945432	-1752.71307808	
-5.69148494685	-1752.71298091	
-5.69260917406	-1752.71288397	
-5.6937321388	-1752.71278728	
-5.69485384391	-1752.71269082	
-5.69597429221	-1752.71259459	
-5.69709348651	-1752.71249861	
-5.69821142961	-1752.71240286	
-5.69932812431	-1752.71230734	
-5.70044357339	-1752.71221206	
-5.70155777963	-1752.71211701	
-5.7026707458	-1752.71202219	
-5.70378247466	-1752.7119276	
-5.70489296894	-1752.71183324	
-5.70600223139	-1752.71173912	
-5.70711026475	-1752.71164522	
-5.70821707172	-1752.71155155	
-5.70932265503	-1752.7114581	
-5.71042701737	-1752.71136489	
-5.71153016145	-1752.71127189	
-5.71263208993	-1752.71117913	
-5.71373280551	-1752.71108658	
-5.71483231084	-1752.71099426	
-5.71593060859	-1752.71090216	
-5.71702770141	-1752.71081029	
-5.71812359193	-1752.71071863	
-5.71921828279	-1752.7106272	
-5.72031177661	-1752.71053598	
-5.72140407601	-1752.71044498	
-5.72249518359	-1752.7103542	
-5.72358510195	-1752.71026364	
-5.72467383369	-1752.71017329	
-5.72576138137	-1752.71008316	
-5.72684774759	-1752.70999324	
-5.72793293489	-1752.70990354	
-5.72901694583	-1752.70981405	
-5.73009978297	-1752.70972478	
-5.73118144884	-1752.70963571	
-5.73226194598	-1752.70954686	
-5.7333412769	-1752.70945822	
-5.73441944412	-1752.70936978	
-5.73549645015	-1752.70928156	
-5.73657229748	-1752.70919354	
-5.73764698861	-1752.70910573	
-5.73872052602	-1752.70901813	
-5.73979291218	-1752.70893074	
-5.74086414956	-1752.70884355	
-5.74193424062	-1752.70875656	
-5.74300318781	-1752.70866978	
-5.74407099357	-1752.7085832	
-5.74513766034	-1752.70849683	
-5.74620319054	-1752.70841066	
-5.7472675866	-1752.70832469	
-5.74833085092	-1752.70823892	
-5.74939298591	-1752.70815334	
-5.75045399397	-1752.70806797	
-5.75151387748	-1752.7079828	
-5.75257263883	-1752.70789783	
-5.75363028038	-1752.70781305	
-5.75468680452	-1752.70772847	
-5.75574221359	-1752.70764408	
-5.75679650994	-1752.70755989	
-5.75784969593	-1752.7074759	
-5.75890177388	-1752.7073921	
-5.75995274612	-1752.70730849	
-5.76100261499	-1752.70722507	
-5.76205138278	-1752.70714185	
-5.76309905181	-1752.70705882	
-5.76414562438	-1752.70697598	
-5.76519110278	-1752.70689333	
-5.7662354893	-1752.70681087	
-5.76727878622	-1752.7067286	
-5.76832099579	-1752.70664651	
-5.7693621203	-1752.70656462	
-5.770402162	-1752.70648291	
-5.77144112313	-1752.70640139	
-5.77247900594	-1752.70632005	
-5.77351581267	-1752.7062389	
-5.77455154554	-1752.70615794	
-5.77558620679	-1752.70607715	
-5.77661979861	-1752.70599655	
-5.77765232322	-1752.70591614	
-5.77868378283	-1752.70583591	
-5.77971417962	-1752.70575585	
-5.78074351579	-1752.70567598	
-5.78177179352	-1752.70559629	
-5.78279901497	-1752.70551678	
-5.78382518233	-1752.70543745	
-5.78485029774	-1752.7053583	
-5.78587436337	-1752.70527932	
-5.78689738137	-1752.70520052	
-5.78791935386	-1752.7051219	
-5.788940283	-1752.70504346	
-5.7899601709	-1752.70496519	
-5.79097901969	-1752.7048871	
-5.79199683148	-1752.70480918	
-5.79301360838	-1752.70473144	
-5.7940293525	-1752.70465387	
-5.79504406593	-1752.70457647	
-5.79605775077	-1752.70449924	
-5.79707040908	-1752.70442219	
-5.79808204295	-1752.70434531	
-5.79909265446	-1752.7042686	
-5.80010224566	-1752.70419206	
-5.80111081862	-1752.70411569	
-5.80211837538	-1752.70403948	
-5.80312491799	-1752.70396345	
-5.80413044849	-1752.70388759	
-5.80513496892	-1752.70381189	
-5.80613848129	-1752.70373636	
-5.80714098764	-1752.70366099	
-5.80814248998	-1752.70358579	
-5.80914299031	-1752.70351076	
