#Site	lnL	
0	-10.3465683448
1	-10.2887795587
2	-18.1778130621
3	-10.4143506252
4	-10.2887795587
5	-17.7678563941
6	-10.4143506252
7	-10.2887795587
8	-14.4821620114
9	-10.4143506252
10	-10.3607586422
11	-14.9796273106
12	-10.8103997278
13	-10.2887795587
14	-16.9427746765
15	-10.9055853457
16	-10.2887795587
17	-17.3845585763
18	-10.9055853457
19	-10.2887795587
20	-20.058314509
21	-10.4143506252
22	-10.3607586422
23	-16.9341235171
24	-10.8103997278
25	-10.2887795587
26	-16.6493900756
27	-10.8103997278
28	-10.3607586422
29	-17.2963828883
30	-10.9055853457
31	-10.7258935416
32	-17.0389443528
33	-10.9055853457
34	-10.7258935416
35	-17.2117343021
36	-10.3465683448
37	-10.3607586422
38	-22.0910412042
39	-10.4143506252
40	-10.3607586422
41	-22.7160526152
42	-10.4143506252
43	-10.2887795587
44	-14.4821620114
45	-10.9055853457
46	-10.2887795587
47	-16.5487207432
48	-10.8103997278
49	-10.3607586422
50	-17.0389443528
51	-10.8103997278
52	-10.8258719798
53	-14.4821620114
54	-10.4143506252
55	-10.2887795587
56	-14.4732689048
57	-10.4143506252
58	-10.7258935416
59	-17.3372289802
60	-10.3465683448
61	-10.2887795587
62	-14.4821620114
63	-10.8103997278
64	-10.3607586422
65	-14.4821620114
66	-10.3465683448
67	-10.7258935416
68	-17.8498583947
69	-10.8103997278
70	-10.2887795587
71	-15.3451974957
72	-10.8103997278
73	-10.7258935416
74	-14.4732689048
75	-10.8103997278
76	-10.8258719798
77	-14.4821620114
78	-10.9055853457
79	-10.7258935416
80	-16.6177887451
81	-10.4143506252
82	-10.3607586422
83	-14.4732689048
84	-10.4143506252
85	-10.8258719798
86	-17.3845585763
87	-10.4143506252
88	-10.7258935416
89	-17.9213027509
90	-10.9055853457
91	-10.7258935416
92	-17.7745264237
93	-10.8103997278
94	-10.7258935416
95	-21.6767062644
96	-10.9055853457
97	-10.3607586422
98	-14.4732689048
99	-10.3465683448
100	-10.2887795587
101	-16.5553340011
102	-20.0935096816
103	-27.1057424184
104	-14.4821620114
105	-10.8103997278
106	-10.3607586422
107	-16.4609117107
108	-10.8103997278
109	-10.3607586422
110	-23.5495052693
111	-10.8103997278
112	-10.3607586422
113	-14.4821620114
114	-10.4143506252
115	-10.2887795587
116	-17.2963828883
117	-10.8103997278
118	-10.3607586422
119	-14.4732689048
120	-10.8103997278
121	-10.8258719798
122	-17.7767769498
123	-10.9055853457
124	-10.3607586422
125	-17.5738179141
126	-10.9055853457
127	-10.2887795587
128	-17.527306359
129	-10.3465683448
130	-10.7258935416
131	-18.051048346
132	-10.9055853457
133	-10.3607586422
134	-14.4821620114
135	-10.9055853457
136	-10.8258719798
137	-18.5145365187
138	-17.7235468884
139	-10.2887795587
140	-15.48597097
141	-10.9055853457
142	-10.3607586422
143	-18.2317083094
144	-10.3465683448
145	-10.3607586422
146	-16.8072677916
147	-10.3465683448
148	-10.3607586422
149	-14.4732689048
150	-10.4143506252
151	-10.2887795587
152	-16.4609117107
153	-10.8103997278
154	-10.2887795587
155	-16.5655119158
156	-10.9055853457
157	-10.7258935416
158	-14.4732689048
159	-10.3465683448
160	-10.8258719798
161	-18.7298909027
162	-10.4143506252
163	-10.2887795587
164	-14.4821620114
165	-10.8103997278
166	-10.2887795587
167	-14.4732689048
168	-10.9055853457
169	-10.3607586422
170	-14.4821620114
171	-10.9055853457
172	-10.3607586422
173	-17.039620805
174	-10.9055853457
175	-10.8258719798
176	-18.3010958402
177	-10.8103997278
178	-10.3607586422
179	-15.3451974957
180	-10.4143506252
181	-10.2887795587
182	-14.4821620114
183	-10.4143506252
184	-10.3607586422
185	-18.7273649717
186	-10.3465683448
187	-10.3607586422
188	-17.3845585763
189	-10.4143506252
190	-10.7258935416
191	-14.4821620114
192	-19.7064519879
193	-10.7258935416
194	-19.3389140906
195	-10.4143506252
196	-10.7258935416
197	-14.4732689048
198	-19.5555462246
199	-10.8258719798
200	-15.8142758275
201	-10.8103997278
202	-10.8258719798
203	-18.19998467
204	-10.8103997278
205	-10.3607586422
206	-18.4730481826
207	-10.3465683448
208	-10.7258935416
209	-14.4821620114
210	-10.4143506252
211	-10.3607586422
212	-15.8142758275
213	-10.4143506252
214	-10.3607586422
215	-20.2788592754
216	-10.4143506252
217	-10.2887795587
218	-19.0048158567
219	-10.8103997278
220	-10.8258719798
221	-18.3413366528
222	-10.9055853457
223	-10.2887795587
224	-16.6493900756
225	-10.8103997278
226	-10.3607586422
227	-17.3845585763
228	-20.0935096816
229	-10.8258719798
230	-17.983846971
231	-10.3465683448
232	-10.8258719798
233	-14.4821620114
234	-10.8103997278
235	-10.3607586422
236	-15.48597097
237	-10.3465683448
238	-10.3607586422
239	-14.4732689048
240	-19.7064519879
241	-10.2887795587
242	-19.5518658003
243	-10.3465683448
244	-10.7258935416
245	-14.4821620114
246	-10.3465683448
247	-10.7258935416
248	-17.2897716291
249	-10.8103997278
250	-10.7258935416
251	-17.3845585763
252	-10.4143506252
253	-10.3607586422
254	-15.8237439809
255	-10.9055853457
256	-10.3607586422
257	-14.4821620114
258	-10.4143506252
259	-10.3607586422
260	-19.1717718552
261	-10.9055853457
262	-10.2887795587
263	-17.6819126761
264	-10.9055853457
265	-10.3607586422
266	-14.4821620114
267	-10.3465683448
268	-10.7258935416
269	-14.4732689048
270	-10.8103997278
271	-10.3607586422
272	-16.1279887502
273	-10.4143506252
274	-10.8258719798
275	-15.8142758275
276	-25.3759830036
277	-10.8258719798
278	-14.4821620114
279	-10.8103997278
280	-10.3607586422
281	-16.9315057972
282	-10.9055853457
283	-10.3607586422
284	-19.0000953625
285	-10.3465683448
286	-10.7258935416
287	-18.8784936369
288	-10.3465683448
289	-10.7258935416
290	-15.8142758275
291	-10.4143506252
292	-10.2887795587
293	-14.4821620114
294	-10.4143506252
295	-10.2887795587
296	-19.3756385793
297	-10.4143506252
298	-10.8258719798
299	-18.2317083094
300	-10.8103997278
301	-10.7258935416
302	-16.5718512991
303	-10.8103997278
304	-10.7258935416
305	-19.1632025307
306	-10.4143506252
307	-10.2887795587
308	-18.3406558568
309	-10.4143506252
310	-10.7258935416
311	-14.4821620114
312	-10.8103997278
313	-10.7258935416
314	-20.8703349435
315	-10.3465683448
316	-10.2887795587
317	-30.8976503156
318	-10.9055853457
319	-10.7258935416
320	-14.4732689048
321	-10.3465683448
322	-10.2887795587
323	-21.6505882344
324	-10.3465683448
325	-10.3607586422
326	-16.658226992
327	-10.3465683448
328	-10.7258935416
329	-16.9315057972
330	-17.2826760784
331	-10.2887795587
332	-15.4064811938
333	-10.4143506252
334	-10.3607586422
335	-19.3376768886
336	-10.8103997278
337	-10.2887795587
338	-18.8002833694
339	-10.8103997278
340	-10.7258935416
341	-18.3010958402
342	-16.9000797542
343	-10.2887795587
344	-14.4732689048
345	-10.9055853457
346	-10.3607586422
347	-14.4732689048
348	-10.9055853457
349	-10.3607586422
350	-14.9892433663
351	-10.4143506252
352	-10.3607586422
353	-15.48597097
354	-10.9055853457
355	-10.7258935416
356	-18.1778130621
357	-10.9055853457
358	-10.7258935416
359	-16.658226992
360	-10.4143506252
361	-10.2887795587
362	-14.4821620114
363	-10.8103997278
364	-10.3607586422
365	-15.4064811938
366	-10.8103997278
367	-10.3607586422
368	-15.9142020025
369	-10.3465683448
370	-18.593251616
371	-17.2963828883
372	-10.4143506252
373	-10.8258719798
374	-16.1546577072
375	-23.0423035584
376	-10.2887795587
377	-14.4732689048
378	-10.8103997278
379	-10.3607586422
380	-18.3275935167
381	-10.4143506252
382	-10.3607586422
383	-16.4609117107
384	-10.9055853457
385	-10.7258935416
386	-16.0252874313
387	-10.3465683448
388	-10.2887795587
389	-16.1546577072
390	-10.9055853457
391	-10.7258935416
392	-17.5737496113
393	-10.4143506252
394	-22.0855091358
395	-17.6819126761
396	-10.3465683448
397	-10.2887795587
398	-14.4821620114
399	-10.8103997278
400	-10.7258935416
401	-14.4732689048
402	-10.8103997278
403	-10.2887795587
404	-17.3845585763
405	-10.4143506252
406	-21.5203467846
407	-15.4064811938
408	-17.4953836625
409	-10.3607586422
410	-18.2592967694
411	-10.3465683448
412	-10.7258935416
413	-16.9226402752
414	-10.3465683448
415	-10.8258719798
416	-20.4323807502
417	-10.3465683448
418	-10.8258719798
419	-16.9427746765
420	-10.3465683448
421	-10.7258935416
422	-14.4732689048
423	-10.3465683448
424	-10.8258719798
425	-22.1498263896
426	-10.9055853457
427	-10.2887795587
428	-23.4042498843
429	-10.4143506252
430	-10.8258719798
431	-14.4821620114
432	-10.4143506252
433	-10.2887795587
434	-19.9964521789
435	-10.9055853457
436	-10.3607586422
437	-14.9892433663
438	-10.3465683448
439	-10.3607586422
440	-19.7662501122
441	-10.3465683448
442	-10.2887795587
443	-14.9892433663
444	-10.3465683448
445	-10.7258935416
446	-14.4821620114
447	-10.3465683448
448	-10.3607586422
449	-18.5097087864
450	-10.4143506252
451	-10.8258719798
452	-21.3191423255
453	-10.3465683448
454	-10.8258719798
455	-16.4609117107
456	-10.9055853457
457	-10.3607586422
458	-19.0295697872
459	-10.4143506252
460	-10.2887795587
461	-14.4732689048
462	-10.4143506252
463	-10.7258935416
464	-19.5088316855
465	-10.4143506252
466	-10.3607586422
467	-16.9517306896
468	-10.9055853457
469	-10.3607586422
470	-15.4517346985
471	-10.4143506252
472	-10.2887795587
473	-14.4732689048
474	-10.8103997278
475	-10.2887795587
476	-22.5801890198
477	-10.9055853457
478	-10.2887795587
479	-14.4821620114
480	-10.8103997278
481	-10.2887795587
482	-16.9427746765
483	-10.3465683448
484	-10.7258935416
485	-14.4821620114
486	-10.8103997278
487	-10.2887795587
488	-17.7767769498
