# log_p 	 lnL 	 
0.0	-1937.73683085	
-0.287682072452	-1937.7248241	
-0.510825623766	-1937.71039944	
-0.69314718056	-1937.69481207	
-0.847297860387	-1937.67871245	
-0.980829253012	-1937.6624159	
-1.09861228867	-1937.6460684	
-1.20397280433	-1937.62973514	
-1.29928298413	-1937.6134453	
-1.38629436112	-1937.59721365	
-1.46633706879	-1937.58105035	
-1.54044504095	-1937.56496496	
-1.60943791243	-1937.54896766	
-1.67397643357	-1937.53306942	
-1.73460105539	-1937.51728157	
-1.79175946923	-1937.50161544	
-1.8458266905	-1937.48608191	
-1.89711998489	-1937.47069117	
-1.94591014906	-1937.4554525	
-1.99243016469	-1937.44037414	
-2.03688192726	-1937.42546331	
-2.07944154168	-1937.41072615	
-2.1202635362	-1937.39616778	
-2.15948424935	-1937.38179238	
-2.19722457734	-1937.36760319	
-2.23359222151	-1937.35360268	
-2.26868354132	-1937.33979256	
-2.30258509299	-1937.32617385	
-2.33537491582	-1937.31274703	
-2.36712361413	-1937.299512	
-2.3978952728	-1937.28646824	
-2.42774823595	-1937.2736148	
-2.45673577282	-1937.26095041	
-2.48490664979	-1937.24847346	
-2.51230562398	-1937.23618211	
-2.53897387106	-1937.2240743	
-2.56494935746	-1937.21214777	
-2.59026716545	-1937.20040011	
-2.61495977804	-1937.1888288	
-2.63905732962	-1937.17743119	
-2.66258782703	-1937.16620457	
-2.68557734525	-1937.15514616	
-2.7080502011	-1937.14425312	
-2.73002910782	-1937.13352261	
-2.75153531304	-1937.12295174	
-2.77258872224	-1937.11253764	
-2.79320800944	-1937.1022774	
-2.81341071676	-1937.09216817	
-2.83321334406	-1937.08220708	
-2.85263142991	-1937.0723913	
-2.87167962488	-1937.06271802	
-2.8903717579	-1937.05318447	
-2.90872089656	-1937.04378791	
-2.92673940207	-1937.03452564	
-2.94443897917	-1937.02539501	
-2.96183072188	-1937.01639339	
-2.97892515524	-1937.00751824	
-2.99573227355	-1936.99876702	
-3.01226157551	-1936.99013726	
-3.02852209638	-1936.98162654	
-3.04452243772	-1936.97323249	
-3.06027079469	-1936.96495278	
-3.07577498123	-1936.95678513	
-3.09104245336	-1936.94872732	
-3.10608033072	-1936.94077716	
-3.12089541651	-1936.93293253	
-3.13549421593	-1936.92519134	
-3.14988295338	-1936.91755157	
-3.16406758837	-1936.91001121	
-3.17805383035	-1936.90256834	
-3.19184715248	-1936.89522104	
-3.20545280454	-1936.88796747	
-3.21887582487	-1936.88080582	
-3.23212105162	-1936.87373432	
-3.24519313319	-1936.86675124	
-3.25809653802	-1936.85985491	
-3.2708355638	-1936.85304367	
-3.28341434601	-1936.84631593	
-3.295836866	-1936.8396701	
-3.3081069586	-1936.83310467	
-3.32022831913	-1936.82661814	
-3.33220451018	-1936.82020906	
-3.34403896782	-1936.81387599	
-3.35573500759	-1936.80761755	
-3.36729582999	-1936.80143238	
-3.37872452581	-1936.79531915	
-3.39002408106	-1936.78927658	
-3.40119738166	-1936.78330339	
-3.41224721785	-1936.77739836	
-3.42317628838	-1936.77156028	
-3.43398720449	-1936.76578797	
-3.4446824936	-1936.76008028	
-3.45526460293	-1936.75443609	
-3.4657359028	-1936.7488543	
-3.47609868984	-1936.74333384	
-3.48635519	-1936.73787366	
-3.49650756147	-1936.73247274	
-3.50655789732	-1936.72713007	
-3.51650822817	-1936.72184469	
-3.52636052462	-1936.71661562	
-3.53611669956	-1936.71144194	
-3.54577861047	-1936.70632273	
-3.55534806149	-1936.7012571	
-3.56482680544	-1936.69624418	
-3.57421654579	-1936.69128311	
-3.58351893846	-1936.68637305	
-3.59273559356	-1936.68151319	
-3.60186807712	-1936.67670273	
-3.61091791264	-1936.67194088	
-3.61988658263	-1936.66722688	
-3.62877553004	-1936.66255997	
-3.63758615973	-1936.65793943	
-3.6463198397	-1936.65336453	
-3.65497790244	-1936.64883458	
-3.66356164613	-1936.64434888	
-3.6720723358	-1936.63990676	
-3.68051120444	-1936.63550756	
-3.68887945411	-1936.63115063	
-3.69717825693	-1936.62683534	
-3.70540875607	-1936.62256107	
-3.7135720667	-1936.61832721	
-3.72166927694	-1936.61413317	
-3.72970144863	-1936.60997836	
-3.73766961828	-1936.60586221	
-3.74557479779	-1936.60178415	
-3.75341797525	-1936.59774365	
-3.76120011569	-1936.59374017	
-3.76892216179	-1936.58977316	
-3.77658503453	-1936.58584212	
-3.78418963392	-1936.58194654	
-3.79173683955	-1936.57808592	
-3.79922751128	-1936.57425977	
-3.80666248977	-1936.57046761	
-3.81404259707	-1936.56670898	
-3.82136863716	-1936.56298341	
-3.82864139649	-1936.55929045	
-3.83586164446	-1936.55562966	
-3.84303013394	-1936.55200059	
-3.85014760171	-1936.54840283	
-3.85721476893	-1936.54483595	
-3.86423234159	-1936.54129955	
-3.87120101091	-1936.5377932	
-3.87812145375	-1936.53431653	
-3.88499433304	-1936.53086914	
-3.89182029811	-1936.52745065	
-3.8985999851	-1936.52406068	
-3.90533401728	-1936.52069886	
-3.91202300543	-1936.51736483	
-3.91866754815	-1936.51405823	
-3.92526823218	-1936.51077871	
-3.93182563272	-1936.50752593	
-3.93834031375	-1936.50429956	
-3.94481282825	-1936.50109925	
-3.95124371858	-1936.49792468	
-3.95763351668	-1936.49477554	
-3.96398274436	-1936.4916515	
-3.97029191355	-1936.48855226	
-3.97656152657	-1936.48547751	
-3.98279207632	-1936.48242695	
-3.98898404656	-1936.47940029	
-3.99513791214	-1936.47639723	
-4.00125413916	-1936.4734175	
-4.00733318523	-1936.47046081	
-4.01337549969	-1936.46752689	
-4.01938152375	-1936.46461546	
-4.02535169074	-1936.46172627	
-4.03128642625	-1936.45885904	
-4.03718614838	-1936.45601352	
-4.04305126783	-1936.45318945	
-4.04888218815	-1936.45038659	
-4.05467930583	-1936.44760469	
-4.06044301055	-1936.44484351	
-4.06617368526	-1936.44210281	
-4.07187170637	-1936.43938235	
-4.07753744391	-1936.43668191	
-4.08317126162	-1936.43400125	
-4.08877351717	-1936.43134016	
-4.09434456222	-1936.42869842	
-4.0998847426	-1936.42607579	
-4.10539439841	-1936.42347209	
-4.11087386417	-1936.42088708	
-4.11632346894	-1936.41832058	
-4.12174353641	-1936.41577236	
-4.12713438505	-1936.41324224	
-4.13249632819	-1936.41073001	
-4.13782967416	-1936.40823548	
-4.14313472639	-1936.40575845	
-4.14841178349	-1936.40329875	
-4.15366113938	-1936.40085618	
-4.15888308336	-1936.39843055	
-4.16407790024	-1936.3960217	
-4.1692458704	-1936.39362943	
-4.1743872699	-1936.39125358	
-4.17950237056	-1936.38889397	
-4.18459144007	-1936.38655042	
-4.18965474203	-1936.38422278	
-4.19469253606	-1936.38191088	
-4.19970507788	-1936.37961455	
-4.20469261939	-1936.37733363	
-4.20965540873	-1936.37506797	
-4.21459369037	-1936.3728174	
-4.21950770518	-1936.37058177	
-4.22439769047	-1936.36836093	
-4.22926388012	-1936.36615473	
-4.2341065046	-1936.36396303	
-4.23892579103	-1936.36178567	
-4.2437219633	-1936.35962251	
-4.24849524205	-1936.35747341	
-4.25324584481	-1936.35533823	
-4.257973986	-1936.35321684	
-4.26267987704	-1936.35110908	
-4.26736372635	-1936.34901484	
-4.27202573946	-1936.34693398	
-4.27666611902	-1936.34486636	
-4.28128506487	-1936.34281187	
-4.28588277412	-1936.34077036	
-4.29045944115	-1936.33874172	
-4.29501525768	-1936.33672582	
-4.29955041285	-1936.33472253	
-4.3040650932	-1936.33273175	
-4.30855948279	-1936.33075334	
-4.31303376319	-1936.32878719	
-4.31748811354	-1936.32683319	
-4.3219227106	-1936.32489122	
-4.32633772881	-1936.32296116	
-4.33073334029	-1936.32104291	
-4.33510971489	-1936.31913635	
-4.33946702026	-1936.31724138	
-4.34380542185	-1936.31535789	
-4.348125083	-1936.31348576	
-4.3524261649	-1936.31162491	
-4.35670882669	-1936.30977522	
-4.36097322548	-1936.30793658	
-4.36521951636	-1936.30610891	
-4.36944785247	-1936.3042921	
-4.373658385	-1936.30248605	
-4.37785126326	-1936.30069066	
-4.38202663467	-1936.29890584	
-4.38618464482	-1936.2971315	
-4.39032543749	-1936.29536753	
-4.39444915467	-1936.29361385	
-4.39855593663	-1936.29187037	
-4.40264592188	-1936.29013699	
-4.40671924726	-1936.28841363	
-4.41077604796	-1936.28670019	
-4.4148164575	-1936.2849966	
-4.4188406078	-1936.28330276	
-4.42284862919	-1936.28161858	
-4.42684065046	-1936.279944	
-4.43081679884	-1936.27827891	
-4.43477720006	-1936.27662324	
-4.43872197835	-1936.27497692	
-4.44265125649	-1936.27333985	
-4.44656515581	-1936.27171196	
-4.45046379623	-1936.27009317	
-4.45434729625	-1936.2684834	
-4.45821577303	-1936.26688258	
-4.46206934235	-1936.26529063	
-4.46590811865	-1936.26370747	
-4.46973221509	-1936.26213304	
-4.47354174351	-1936.26056726	
-4.47733681448	-1936.25901005	
-4.48111753732	-1936.25746135	
-4.48488402011	-1936.25592108	
-4.48863636973	-1936.25438918	
-4.49237469184	-1936.25286557	
-4.49609909093	-1936.25135019	
-4.49980967033	-1936.24984297	
-4.50350653221	-1936.24834384	
-4.50718977763	-1936.24685274	
-4.51085950652	-1936.2453696	
-4.51451581772	-1936.24389435	
-4.518158809	-1936.24242694	
-4.52178857705	-1936.2409673	
-4.52540521752	-1936.23951537	
-4.52900882502	-1936.23807108	
-4.53259949315	-1936.23663437	
-4.5361773145	-1936.23520519	
-4.53974238067	-1936.23378348	
-4.54329478227	-1936.23236916	
-4.54683460898	-1936.23096219	
-4.55036194949	-1936.22956252	
-4.5538768916	-1936.22817007	
-4.55737952215	-1936.22678479	
-4.56086992709	-1936.22540664	
-4.56434819147	-1936.22403554	
-4.56781439944	-1936.22267145	
-4.57126863431	-1936.22131432	
-4.5747109785	-1936.21996408	
-4.5781415136	-1936.2186207	
-4.58156032035	-1936.2172841	
-4.58496747867	-1936.21595425	
-4.58836306767	-1936.21463108	
-4.59174716566	-1936.21331455	
-4.59511985013	-1936.21200462	
-4.59848119784	-1936.21070122	
-4.60183128472	-1936.2094043	
-4.60517018599	-1936.20811383	
-4.60849797608	-1936.20682975	
-4.61181472871	-1936.20555201	
-4.61512051684	-1936.20428057	
-4.61841541274	-1936.20301538	
-4.62169948794	-1936.20175639	
-4.62497281328	-1936.20050355	
-4.62823545892	-1936.19925682	
-4.63148749431	-1936.19801616	
-4.63472898823	-1936.19678152	
-4.63796000881	-1936.19555286	
-4.64118062351	-1936.19433013	
-4.64439089914	-1936.19311329	
-4.64759090187	-1936.19190229	
-4.65078069724	-1936.19069709	
-4.65396035016	-1936.18949766	
-4.65712992492	-1936.18830395	
-4.66028948521	-1936.18711592	
-4.66343909411	-1936.18593352	
-4.66657881412	-1936.18475672	
-4.66970870713	-1936.18358547	
-4.67282883446	-1936.18241975	
-4.67593925688	-1936.1812595	
-4.67904003455	-1936.18010469	
-4.68213122712	-1936.17895528	
-4.68521289366	-1936.17781123	
-4.6882850927	-1936.1766725	
-4.69134788223	-1936.17553907	
-4.69440131972	-1936.17441088	
-4.6974454621	-1936.1732879	
-4.70048036579	-1936.1721701	
-4.70350608671	-1936.17105744	
-4.70652268025	-1936.16994988	
-4.70953020131	-1936.1688474	
-4.71252870431	-1936.16774994	
-4.71551824316	-1936.16665749	
-4.7184988713	-1936.16557	
-4.72147064168	-1936.16448744	
-4.72443360681	-1936.16340977	
-4.72738781871	-1936.16233697	
-4.73033332894	-1936.161269	
-4.73327018862	-1936.16020583	
-4.73619844839	-1936.15914742	
-4.7391181585	-1936.15809374	
-4.74202936871	-1936.15704476	
-4.74493212836	-1936.15600046	
-4.74782648639	-1936.15496078	
-4.75071249128	-1936.15392572	
-4.75359019111	-1936.15289523	
-4.75645963353	-1936.15186928	
-4.75932086582	-1936.15084785	
-4.7621739348	-1936.1498309	
-4.76501888693	-1936.14881841	
-4.76785576827	-1936.14781034	
-4.77068462447	-1936.14680666	
-4.77350550081	-1936.14580736	
-4.77631844218	-1936.14481239	
-4.77912349311	-1936.14382173	
-4.78192069773	-1936.14283535	
-4.78471009982	-1936.14185323	
-4.78749174278	-1936.14087533	
-4.79026566966	-1936.13990163	
-4.79303192316	-1936.1389321	
-4.7957905456	-1936.13796672	
-4.79854157897	-1936.13700545	
-4.80128506491	-1936.13604827	
-4.80402104473	-1936.13509516	
-4.80674955939	-1936.13414608	
-4.8094706495	-1936.13320102	
-4.81218435537	-1936.13225994	
-4.81489071697	-1936.13132283	
-4.81758977394	-1936.13038965	
-4.82028156561	-1936.12946039	
-4.82296613098	-1936.12853501	
-4.82564350875	-1936.12761349	
-4.8283137373	-1936.12669581	
-4.83097685472	-1936.12578194	
-4.83363289878	-1936.12487187	
-4.83628190695	-1936.12396556	
-4.83892391641	-1936.12306299	
-4.84155896405	-1936.12216414	
-4.84418708646	-1936.12126899	
-4.84680831994	-1936.12037751	
-4.84942270051	-1936.11948968	
-4.85203026392	-1936.11860547	
-4.85463104562	-1936.11772488	
-4.8572250808	-1936.11684786	
-4.85981240436	-1936.11597441	
-4.86239305096	-1936.1151045	
-4.86496705495	-1936.1142381	
-4.86753445046	-1936.11337521	
-4.87009527132	-1936.11251578	
-4.87264955112	-1936.11165981	
-4.8751973232	-1936.11080727	
-4.87773862063	-1936.10995815	
-4.88027347623	-1936.10911241	
-4.88280192259	-1936.10827005	
-4.88532399202	-1936.10743104	
-4.88783971662	-1936.10659536	
-4.89034912822	-1936.10576299	
-4.89285225844	-1936.10493391	
-4.89534913864	-1936.1041081	
-4.89783979995	-1936.10328555	
-4.90032427328	-1936.10246622	
-4.90280258929	-1936.10165011	
-4.90527477844	-1936.1008372	
-4.90774087093	-1936.10002746	
-4.91020089677	-1936.09922088	
-4.91265488574	-1936.09841743	
-4.91510286737	-1936.09761711	
-4.91754487103	-1936.09681988	
-4.91998092583	-1936.09602574	
-4.92241106068	-1936.09523467	
-4.92483530429	-1936.09444664	
-4.92725368516	-1936.09366165	
-4.92966623156	-1936.09287966	
-4.93207297159	-1936.09210068	
-4.93447393313	-1936.09132467	
-4.93686914386	-1936.09055161	
-4.93925863125	-1936.08978151	
-4.94164242261	-1936.08901433	
-4.94402054501	-1936.08825006	
-4.94639302537	-1936.08748868	
-4.94875989038	-1936.08673018	
-4.95112116656	-1936.08597454	
-4.95347688026	-1936.08522174	
-4.9558270576	-1936.08447178	
-4.95817172456	-1936.08372462	
-4.96051090691	-1936.08298026	
-4.96284463026	-1936.08223868	
-4.96517292002	-1936.08149987	
-4.96749580144	-1936.0807638	
-4.96981329958	-1936.08003047	
-4.97212543933	-1936.07929986	
-4.97443224543	-1936.07857195	
-4.97673374242	-1936.07784672	
-4.97902995468	-1936.07712417	
-4.98132090643	-1936.07640428	
-4.98360662171	-1936.07568704	
-4.98588712441	-1936.07497242	
-4.98816243824	-1936.07426042	
-4.99043258678	-1936.07355101	
-4.99269759341	-1936.0728442	
-4.99495748138	-1936.07213995	
-4.99721227376	-1936.07143826	
-4.9994619935	-1936.07073912	
-5.00170666335	-1936.0700425	
-5.00394630595	-1936.0693484	
-5.00618094375	-1936.06865681	
-5.00841059907	-1936.0679677	
-5.0106352941	-1936.06728106	
-5.01285505083	-1936.06659689	
-5.01506989116	-1936.06591517	
-5.01727983681	-1936.06523588	
-5.01948490937	-1936.06455902	
-5.02168513028	-1936.06388456	
-5.02388052085	-1936.0632125	
-5.02607110223	-1936.06254282	
-5.02825689545	-1936.06187552	
-5.03043792139	-1936.06121057	
-5.03261420082	-1936.06054796	
-5.03478575433	-1936.05988769	
-5.03695260241	-1936.05922974	
-5.03911476542	-1936.0585741	
-5.04127226356	-1936.05792076	
-5.04342511692	-1936.0572697	
-5.04557334546	-1936.05662091	
-5.047716969	-1936.05597438	
-5.04985600725	-1936.0553301	
-5.05199047978	-1936.05468806	
-5.05412040604	-1936.05404824	
-5.05624580535	-1936.05341063	
-5.05836669692	-1936.05277523	
-5.06048309982	-1936.05214202	
-5.06259503303	-1936.05151098	
-5.06470251537	-1936.05088212	
-5.06680556556	-1936.05025541	
-5.06890420222	-1936.04963084	
-5.07099844382	-1936.04900841	
-5.07308830874	-1936.0483881	
-5.07517381523	-1936.04776991	
-5.07725498144	-1936.04715381	
-5.07933182538	-1936.04653981	
-5.08140436498	-1936.04592789	
-5.08347261805	-1936.04531803	
-5.08553660227	-1936.04471024	
-5.08759633523	-1936.04410449	
-5.08965183441	-1936.04350078	
-5.09170311719	-1936.0428991	
-5.09375020081	-1936.04229944	
-5.09579310244	-1936.04170179	
-5.09783183913	-1936.04110613	
-5.09986642782	-1936.04051246	
-5.10189688537	-1936.03992076	
-5.10392322852	-1936.03933104	
-5.1059454739	-1936.03874327	
-5.10796363806	-1936.03815745	
-5.10997773743	-1936.03757357	
-5.11198778836	-1936.03699161	
-5.11399380708	-1936.03641158	
-5.11599580975	-1936.03583345	
-5.11799381242	-1936.03525722	
-5.11998783102	-1936.03468289	
-5.12197788143	-1936.03411043	
-5.1239639794	-1936.03353985	
-5.12594614061	-1936.03297113	
-5.12792438062	-1936.03240426	
-5.12989871492	-1936.03183924	
-5.13186915891	-1936.03127605	
-5.13383572788	-1936.03071469	
-5.13579843705	-1936.03015514	
-5.13775730154	-1936.02959741	
-5.13971233637	-1936.02904147	
-5.1416635565	-1936.02848733	
-5.14361097679	-1936.02793497	
-5.145554612	-1936.02738438	
-5.14749447681	-1936.02683556	
-5.14943058584	-1936.02628849	
-5.15136295359	-1936.02574318	
-5.1532915945	-1936.0251996	
-5.15521652291	-1936.02465775	
-5.15713775309	-1936.02411763	
-5.15905529921	-1936.02357922	
-5.1609691754	-1936.02304252	
-5.16287939565	-1936.02250752	
-5.16478597392	-1936.02197421	
-5.16668892407	-1936.02144258	
-5.16858825987	-1936.02091262	
-5.17048399504	-1936.02038433	
-5.17237614319	-1936.0198577	
-5.17426471788	-1936.01933273	
-5.17614973257	-1936.01880939	
-5.17803120067	-1936.01828769	
-5.1799091355	-1936.01776762	
-5.18178355029	-1936.01724917	
-5.18365445823	-1936.01673233	
-5.1855218724	-1936.01621709	
-5.18738580584	-1936.01570346	
-5.18924627149	-1936.01519141	
-5.19110328224	-1936.01468094	
-5.19295685089	-1936.01417205	
-5.19480699018	-1936.01366473	
-5.19665371277	-1936.01315897	
-5.19849703127	-1936.01265477	
-5.20033695819	-1936.0121521	
-5.202173506	-1936.01165098	
-5.20400668708	-1936.01115139	
-5.20583651375	-1936.01065333	
-5.20766299828	-1936.01015678	
-5.20948615284	-1936.00966175	
-5.21130598956	-1936.00916822	
-5.21312252048	-1936.00867618	
-5.21493575761	-1936.00818564	
-5.21674571285	-1936.00769658	
-5.21855239808	-1936.007209	
-5.22035582508	-1936.00672289	
-5.22215600558	-1936.00623824	
-5.22395295126	-1936.00575505	
-5.22574667371	-1936.0052733	
-5.22753718449	-1936.00479301	
-5.22932449506	-1936.00431415	
-5.23110861685	-1936.00383672	
-5.23288956123	-1936.00336071	
-5.23466733947	-1936.00288612	
-5.23644196283	-1936.00241295	
-5.23821344248	-1936.00194118	
-5.23998178954	-1936.00147081	
-5.24174701506	-1936.00100183	
-5.24350913005	-1936.00053424	
-5.24526814546	-1936.00006803	
-5.24702407216	-1935.99960319	
-5.24877692099	-1935.99913973	
-5.25052670271	-1935.99867762	
-5.25227342805	-1935.99821687	
-5.25401710765	-1935.99775747	
-5.25575775213	-1935.99729942	
-5.25749537203	-1935.9968427	
-5.25922997784	-1935.99638732	
-5.26096158	-1935.99593326	
-5.2626901889	-1935.99548053	
-5.26441581487	-1935.9950291	
-5.26613846818	-1935.99457899	
-5.26785815906	-1935.99413018	
-5.26957489768	-1935.99368267	
-5.27128869416	-1935.99323646	
-5.27299955856	-1935.99279153	
-5.27470750091	-1935.99234788	
-5.27641253116	-1935.9919055	
-5.27811465923	-1935.9914644	
-5.27981389498	-1935.99102456	
-5.28151024823	-1935.99058598	
-5.28320372874	-1935.99014865	
-5.28489434622	-1935.98971257	
-5.28658211033	-1935.98927774	
-5.28826703069	-1935.98884414	
-5.28994911688	-1935.98841178	
-5.2916283784	-1935.98798064	
-5.29330482472	-1935.98755072	
-5.29497846528	-1935.98712202	
-5.29664930945	-1935.98669454	
-5.29831736655	-1935.98626826	
-5.29998264587	-1935.98584318	
-5.30164515664	-1935.98541929	
-5.30330490806	-1935.9849966	
-5.30496190927	-1935.98457509	
-5.30661616936	-1935.98415477	
-5.3082676974	-1935.98373562	
-5.30991650239	-1935.98331764	
-5.3115625933	-1935.98290083	
-5.31320597904	-1935.98248518	
-5.3148466685	-1935.98207068	
-5.3164846705	-1935.98165734	
-5.31811999384	-1935.98124515	
-5.31975264727	-1935.98083409	
-5.32138263948	-1935.98042418	
-5.32300997914	-1935.9800154	
-5.32463467487	-1935.97960774	
-5.32625673524	-1935.97920121	
-5.32787616879	-1935.9787958	
-5.32949298402	-1935.9783915	
-5.33110718937	-1935.97798831	
-5.33271879327	-1935.97758622	
-5.33432780407	-1935.97718524	
-5.33593423012	-1935.97678535	
-5.3375380797	-1935.97638655	
-5.33913936107	-1935.97598884	
-5.34073808243	-1935.97559221	
-5.34233425196	-1935.97519666	
-5.3439278778	-1935.97480218	
-5.34551896803	-1935.97440877	
-5.34710753072	-1935.97401643	
-5.34869357387	-1935.97362515	
-5.35027710548	-1935.97323492	
-5.35185813348	-1935.97284574	
-5.35343666577	-1935.97245762	
-5.35501271022	-1935.97207053	
-5.35658627467	-1935.97168449	
-5.3581573669	-1935.97129948	
-5.35972599468	-1935.9709155	
-5.36129216571	-1935.97053255	
-5.36285588769	-1935.97015062	
-5.36441716825	-1935.96976971	
-5.36597601502	-1935.96938981	
-5.36753243557	-1935.96901092	
-5.36908643744	-1935.96863304	
-5.37063802813	-1935.96825616	
-5.37218721511	-1935.96788028	
-5.37373400583	-1935.9675054	
-5.37527840768	-1935.9671315	
-5.37682042804	-1935.96675859	
-5.37836007422	-1935.96638667	
-5.37989735354	-1935.96601572	
-5.38143227326	-1935.96564574	
-5.38296484061	-1935.96527674	
-5.38449506279	-1935.96490871	
-5.38602294697	-1935.96454163	
-5.38754850028	-1935.96417552	
-5.38907172982	-1935.96381037	
-5.39059264266	-1935.96344616	
-5.39211124583	-1935.9630829	
-5.39362754635	-1935.96272059	
-5.39514155118	-1935.96235922	
-5.39665326727	-1935.96199879	
-5.39816270152	-1935.96163929	
-5.39966986081	-1935.96128072	
-5.40117475199	-1935.96092307	
-5.40267738187	-1935.96056635	
-5.40417775725	-1935.96021055	
-5.40567588487	-1935.95985566	
-5.40717177146	-1935.95950169	
-5.40866542372	-1935.95914862	
-5.4101568483	-1935.95879646	
-5.41164605186	-1935.9584452	
-5.41313304098	-1935.95809484	
-5.41461782224	-1935.95774537	
-5.4161004022	-1935.95739679	
-5.41758078737	-1935.95704911	
-5.41905898424	-1935.9567023	
-5.42053499927	-1935.95635638	
-5.42200883889	-1935.95601133	
-5.4234805095	-1935.95566716	
-5.42495001748	-1935.95532386	
-5.42641736918	-1935.95498143	
-5.4278825709	-1935.95463986	
-5.42934562895	-1935.95429916	
-5.43080654959	-1935.95395931	
-5.43226533906	-1935.95362031	
-5.43372200355	-1935.95328217	
-5.43517654927	-1935.95294488	
-5.43662898235	-1935.95260843	
-5.43807930892	-1935.95227282	
-5.4395275351	-1935.95193805	
-5.44097366695	-1935.95160411	
-5.44241771052	-1935.95127101	
-5.44385967184	-1935.95093874	
-5.4452995569	-1935.95060729	
-5.44673737167	-1935.95027667	
-5.44817312209	-1935.94994687	
-5.44960681409	-1935.94961788	
-5.45103845357	-1935.94928971	
-5.45246804638	-1935.94896235	
-5.45389559837	-1935.94863579	
-5.45532111536	-1935.94831004	
-5.45674460314	-1935.9479851	
-5.45816606749	-1935.94766095	
-5.45958551414	-1935.9473376	
-5.46100294883	-1935.94701504	
-5.46241837723	-1935.94669327	
-5.46383180503	-1935.94637229	
-5.46524323786	-1935.94605209	
-5.46665268137	-1935.94573267	
-5.46806014114	-1935.94541404	
-5.46946562274	-1935.94509617	
-5.47086913175	-1935.94477909	
-5.47227067367	-1935.94446277	
-5.47367025403	-1935.94414722	
-5.47506787829	-1935.94383243	
-5.47646355193	-1935.9435184	
-5.47785728038	-1935.94320514	
-5.47924906905	-1935.94289263	
-5.48063892334	-1935.94258087	
-5.48202684862	-1935.94226987	
-5.48341285022	-1935.94195961	
-5.48479693349	-1935.94165009	
-5.48617910372	-1935.94134132	
-5.48755936619	-1935.94103329	
-5.48893772616	-1935.940726	
-5.49031418887	-1935.94041944	
-5.49168875953	-1935.94011362	
-5.49306144334	-1935.93980852	
-5.49443224547	-1935.93950415	
-5.49580117108	-1935.9392005	
-5.49716822529	-1935.93889758	
-5.49853341322	-1935.93859538	
-5.49989673995	-1935.93829389	
-5.50125821054	-1935.93799311	
-5.50261783006	-1935.93769305	
-5.50397560352	-1935.93739369	
-5.50533153593	-1935.93709504	
-5.50668563228	-1935.9367971	
-5.50803789753	-1935.93649986	
-5.50938833663	-1935.93620331	
-5.5107369545	-1935.93590746	
-5.51208375605	-1935.93561231	
-5.51342874616	-1935.93531785	
-5.51477192971	-1935.93502407	
-5.51611331154	-1935.93473099	
-5.51745289646	-1935.93443858	
-5.51879068931	-1935.93414686	
-5.52012669485	-1935.93385582	
-5.52146091786	-1935.93356546	
-5.5227933631	-1935.93327577	
-5.52412403528	-1935.93298675	
-5.52545293913	-1935.9326984	
-5.52678007934	-1935.93241072	
-5.52810546058	-1935.93212371	
-5.52942908751	-1935.93183736	
-5.53075096477	-1935.93155167	
-5.53207109697	-1935.93126663	
-5.53338948873	-1935.93098226	
-5.53470614461	-1935.93069853	
-5.53602106919	-1935.93041546	
-5.53733426702	-1935.93013304	
-5.53864574262	-1935.92985127	
-5.5399555005	-1935.92957014	
-5.54126354516	-1935.92928965	
-5.54256988107	-1935.92900981	
-5.5438745127	-1935.9287306	
-5.54517744448	-1935.92845203	
-5.54647868084	-1935.92817409	
-5.54777822618	-1935.92789679	
-5.5490760849	-1935.92762011	
-5.55037226136	-1935.92734406	
-5.55166675992	-1935.92706864	
-5.55295958492	-1935.92679384	
-5.55425074069	-1935.92651966	
-5.55554023152	-1935.9262461	
-5.5568280617	-1935.92597316	
-5.55811423551	-1935.92570083	
-5.5593987572	-1935.92542912	
-5.56068163102	-1935.92515801	
-5.56196286117	-1935.92488752	
-5.56324245188	-1935.92461763	
-5.56452040732	-1935.92434834	
-5.56579673168	-1935.92407966	
-5.56707142911	-1935.92381158	
-5.56834450376	-1935.9235441	
-5.56961595975	-1935.92327721	
-5.57088580119	-1935.92301092	
-5.57215403218	-1935.92274522	
-5.57342065679	-1935.92248011	
-5.5746856791	-1935.92221559	
-5.57594910315	-1935.92195165	
-5.57721093297	-1935.92168831	
-5.57847117258	-1935.92142554	
-5.57972982599	-1935.92116335	
-5.58098689718	-1935.92090175	
-5.58224239012	-1935.92064072	
-5.58349630878	-1935.92038026	
-5.5847486571	-1935.92012038	
-5.585999439	-1935.91986107	
-5.5872486584	-1935.91960232	
-5.5884963192	-1935.91934415	
-5.58974242528	-1935.91908654	
-5.59098698051	-1935.9188295	
-5.59222998875	-1935.91857301	
-5.59347145384	-1935.91831709	
-5.5947113796	-1935.91806173	
-5.59594976985	-1935.91780692	
-5.59718662839	-1935.91755266	
-5.598421959	-1935.91729896	
-5.59965576545	-1935.91704581	
-5.60088805149	-1935.91679321	
-5.60211882088	-1935.91654116	
-5.60334807733	-1935.91628965	
-5.60457582457	-1935.91603868	
-5.6058020663	-1935.91578826	
-5.60702680619	-1935.91553838	
-5.60825004793	-1935.91528903	
-5.60947179518	-1935.91504023	
-5.61069205159	-1935.91479195	
-5.61191082078	-1935.91454422	
-5.61312810639	-1935.91429701	
-5.61434391201	-1935.91405033	
-5.61555824124	-1935.91380418	
-5.61677109767	-1935.91355856	
-5.61798248485	-1935.91331346	
-5.61919240636	-1935.91306889	
-5.62040086572	-1935.91282483	
-5.62160786647	-1935.9125813	
-5.62281341212	-1935.91233829	
-5.62401750619	-1935.91209579	
-5.62522015215	-1935.9118538	
-5.6264213535	-1935.91161233	
-5.62762111369	-1935.91137137	
-5.62881943618	-1935.91113092	
-5.63001632442	-1935.91089098	
-5.63121178182	-1935.91065155	
-5.63240581181	-1935.91041262	
-5.6335984178	-1935.91017419	
-5.63478960317	-1935.90993627	
-5.6359793713	-1935.90969885	
-5.63716772557	-1935.90946192	
-5.63835466933	-1935.90922549	
-5.63954020593	-1935.90898956	
-5.64072433869	-1935.90875412	
-5.64190707094	-1935.90851918	
-5.64308840598	-1935.90828472	
-5.64426834712	-1935.90805076	
-5.64544689764	-1935.90781728	
-5.64662406082	-1935.90758429	
-5.64779983991	-1935.90735178	
-5.64897423816	-1935.90711976	
-5.65014725882	-1935.90688822	
-5.65131890512	-1935.90665716	
-5.65248918027	-1935.90642657	
-5.65365808747	-1935.90619647	
-5.65482562993	-1935.90596684	
-5.65599181082	-1935.90573768	
-5.65715663332	-1935.905509	
-5.65832010058	-1935.90528079	
-5.65948221576	-1935.90505305	
-5.660642982	-1935.90482578	
-5.66180240242	-1935.90459897	
-5.66296048014	-1935.90437264	
-5.66411721826	-1935.90414676	
-5.66527261989	-1935.90392135	
-5.66642668811	-1935.9036964	
-5.66757942599	-1935.90347191	
-5.6687308366	-1935.90324787	
-5.66988092298	-1935.9030243	
-5.67102968818	-1935.90280118	
-5.67217713524	-1935.90257851	
-5.67332326717	-1935.9023563	
-5.67446808699	-1935.90213454	
-5.67561159769	-1935.90191323	
-5.67675380227	-1935.90169236	
-5.6778947037	-1935.90147195	
-5.67903430497	-1935.90125198	
-5.68017260902	-1935.90103246	
-5.6813096188	-1935.90081338	
-5.68244533727	-1935.90059474	
-5.68357976734	-1935.90037654	
-5.68471291194	-1935.90015878	
-5.68584477397	-1935.89994146	
-5.68697535634	-1935.89972458	
-5.68810466194	-1935.89950813	
-5.68923269364	-1935.89929211	
-5.69035945432	-1935.89907653	
-5.69148494685	-1935.89886138	
-5.69260917406	-1935.89864666	
-5.6937321388	-1935.89843237	
-5.69485384391	-1935.89821851	
-5.69597429221	-1935.89800507	
-5.69709348651	-1935.89779206	
-5.69821142961	-1935.89757947	
-5.69932812431	-1935.8973673	
-5.70044357339	-1935.89715556	
-5.70155777963	-1935.89694424	
-5.7026707458	-1935.89673333	
-5.70378247466	-1935.89652284	
-5.70489296894	-1935.89631277	
-5.70600223139	-1935.89610311	
-5.70711026475	-1935.89589387	
-5.70821707172	-1935.89568504	
-5.70932265503	-1935.89547662	
-5.71042701737	-1935.89526861	
-5.71153016145	-1935.89506101	
-5.71263208993	-1935.89485382	
-5.71373280551	-1935.89464703	
-5.71483231084	-1935.89444065	
-5.71593060859	-1935.89423467	
-5.71702770141	-1935.8940291	
-5.71812359193	-1935.89382393	
-5.71921828279	-1935.89361915	
-5.72031177661	-1935.89341478	
-5.72140407601	-1935.89321081	
-5.72249518359	-1935.89300723	
-5.72358510195	-1935.89280405	
-5.72467383369	-1935.89260126	
-5.72576138137	-1935.89239887	
-5.72684774759	-1935.89219687	
-5.72793293489	-1935.89199526	
-5.72901694583	-1935.89179405	
-5.73009978297	-1935.89159322	
-5.73118144884	-1935.89139277	
-5.73226194598	-1935.89119272	
-5.7333412769	-1935.89099305	
-5.73441944412	-1935.89079377	
-5.73549645015	-1935.89059486	
-5.73657229748	-1935.89039635	
-5.73764698861	-1935.89019821	
-5.73872052602	-1935.89000045	
-5.73979291218	-1935.88980307	
-5.74086414956	-1935.88960607	
-5.74193424062	-1935.88940945	
-5.74300318781	-1935.8892132	
-5.74407099357	-1935.88901733	
-5.74513766034	-1935.88882183	
-5.74620319054	-1935.8886267	
-5.7472675866	-1935.88843195	
-5.74833085092	-1935.88823756	
-5.74939298591	-1935.88804355	
-5.75045399397	-1935.8878499	
-5.75151387748	-1935.88765662	
-5.75257263883	-1935.88746371	
-5.75363028038	-1935.88727116	
-5.75468680452	-1935.88707897	
-5.75574221359	-1935.88688715	
-5.75679650994	-1935.88669569	
-5.75784969593	-1935.8865046	
-5.75890177388	-1935.88631386	
-5.75995274612	-1935.88612348	
-5.76100261499	-1935.88593346	
-5.76205138278	-1935.88574379	
-5.76309905181	-1935.88555449	
-5.76414562438	-1935.88536553	
-5.76519110278	-1935.88517694	
-5.7662354893	-1935.88498869	
-5.76727878622	-1935.8848008	
-5.76832099579	-1935.88461325	
-5.7693621203	-1935.88442606	
-5.770402162	-1935.88423922	
-5.77144112313	-1935.88405272	
-5.77247900594	-1935.88386657	
-5.77351581267	-1935.88368077	
-5.77455154554	-1935.88349531	
-5.77558620679	-1935.8833102	
-5.77661979861	-1935.88312543	
-5.77765232322	-1935.882941	
-5.77868378283	-1935.88275692	
-5.77971417962	-1935.88257317	
-5.78074351579	-1935.88238977	
-5.78177179352	-1935.8822067	
-5.78279901497	-1935.88202397	
-5.78382518233	-1935.88184158	
-5.78485029774	-1935.88165952	
-5.78587436337	-1935.8814778	
-5.78689738137	-1935.88129641	
-5.78791935386	-1935.88111535	
-5.788940283	-1935.88093463	
-5.7899601709	-1935.88075423	
-5.79097901969	-1935.88057417	
-5.79199683148	-1935.88039444	
-5.79301360838	-1935.88021503	
-5.7940293525	-1935.88003596	
-5.79504406593	-1935.87985721	
-5.79605775077	-1935.87967878	
-5.79707040908	-1935.87950068	
-5.79808204295	-1935.87932291	
-5.79909265446	-1935.87914545	
-5.80010224566	-1935.87896832	
-5.80111081862	-1935.87879151	
-5.80211837538	-1935.87861502	
-5.80312491799	-1935.87843885	
-5.80413044849	-1935.878263	
-5.80513496892	-1935.87808747	
-5.80613848129	-1935.87791225	
-5.80714098764	-1935.87773735	
-5.80814248998	-1935.87756277	
-5.80914299031	-1935.8773885	
