#Site	lnL	
0	-1.58294481031
1	-1.55533967888
2	-9.99140674207
3	-1.49960689626
4	-1.46570781026
5	-1.71400065926
6	-1.49960689626
7	-2.18322855299
8	-9.27683400379
9	-7.34109902737
10	-1.92214690195
11	-14.3880018769
12	-1.49960689626
13	-1.92214690195
14	-12.0937266434
15	-11.448834288
16	-2.18322855299
17	-6.88632875763
18	-2.22928825689
19	-1.55533967888
20	-6.5401102607
21	-1.97189835872
22	-1.46570781026
23	-6.54283779978
24	-1.49960689626
25	-1.55533967888
26	-5.68870370489
27	-1.97189835872
28	-1.46570781026
29	-6.19529700049
30	-1.49960689626
31	-1.46570781026
32	-13.6764157785
33	-1.97189835872
34	-1.46570781026
35	-11.2086000179
36	-1.58294481031
37	-1.46570781026
38	-20.0725722502
39	-1.58294481031
40	-1.92214690195
41	-13.624568867
42	-1.97189835872
43	-1.46570781026
44	-5.61644973085
45	-1.58294481031
46	-1.55533967888
47	-14.7220498544
48	-1.97189835872
49	-1.46570781026
50	-11.2064069851
51	-1.97189835872
52	-1.46570781026
53	-5.71925890957
54	-2.22928825689
55	-1.55533967888
56	-9.27683400379
57	-1.49960689626
58	-1.55533967888
59	-5.94688616348
60	-1.58294481031
61	-1.92214690195
62	-8.00580617285
63	-1.58294481031
64	-1.92214690195
65	-1.66032088018
66	-1.49960689626
67	-1.46570781026
68	-10.7711984468
69	-1.97189835872
70	-1.92214690195
71	-5.43472853694
72	-2.22928825689
73	-1.55533967888
74	-8.14792681836
75	-1.97189835872
76	-2.18322855299
77	-2.44862963104
78	-1.97189835872
79	-2.18322855299
80	-1.66032088018
81	-1.49960689626
82	-1.55533967888
83	-1.66032088018
84	-1.58294481031
85	-1.55533967888
86	-11.6305603129
87	-1.97189835872
88	-1.92214690195
89	-6.87850120729
90	-1.58294481031
91	-1.46570781026
92	-1.66032088018
93	-1.58294481031
94	-1.55533967888
95	-5.10983488095
96	-1.49960689626
97	-1.55533967888
98	-6.68509283922
99	-6.28281326044
100	-1.46570781026
101	-9.67538123767
102	-1.49960689626
103	-1.46570781026
104	-14.3837229533
105	-2.22928825689
106	-1.92214690195
107	-1.66032088018
108	-1.49960689626
109	-1.92214690195
110	-15.6195611533
111	-1.97189835872
112	-2.18322855299
113	-6.88632875763
114	-1.97189835872
115	-1.46570781026
116	-1.66032088018
117	-1.58294481031
118	-1.55533967888
119	-2.44862963104
120	-1.58294481031
121	-1.46570781026
122	-1.66032088018
123	-1.49960689626
124	-8.35545483062
125	-9.63755683927
126	-1.49960689626
127	-1.46570781026
128	-8.14276169783
129	-1.97189835872
130	-1.46570781026
131	-1.71400065926
132	-6.80159257303
133	-1.46570781026
134	-20.6070146092
135	-6.28281326044
136	-1.92214690195
137	-2.44862963104
138	-1.49960689626
139	-1.46570781026
140	-2.20844497905
141	-2.22928825689
142	-1.46570781026
143	-5.43472853694
144	-1.49960689626
145	-1.92214690195
146	-1.71400065926
147	-1.58294481031
148	-6.58910298265
149	-5.56500437807
150	-1.49960689626
151	-1.46570781026
152	-10.9322349782
153	-7.35312970871
154	-1.92214690195
155	-9.64573862207
156	-2.22928825689
157	-1.46570781026
158	-15.542536802
159	-1.97189835872
160	-1.55533967888
161	-12.7350416752
162	-1.58294481031
163	-1.46570781026
164	-12.3165929241
165	-1.58294481031
166	-1.55533967888
167	-19.3415768486
168	-2.22928825689
169	-1.55533967888
170	-16.6056109046
171	-11.7089118271
172	-1.46570781026
173	-6.87850120729
174	-1.49960689626
175	-1.55533967888
176	-1.71400065926
177	-1.58294481031
178	-1.92214690195
179	-5.43472853694
180	-7.40140022932
181	-1.92214690195
182	-1.71400065926
183	-1.97189835872
184	-2.18322855299
185	-6.58552816846
186	-1.49960689626
187	-1.55533967888
188	-24.6818794578
189	-1.58294481031
190	-1.55533967888
191	-5.56500437807
192	-1.97189835872
193	-2.18322855299
194	-1.71400065926
195	-1.49960689626
196	-1.92214690195
197	-14.2973254233
198	-2.22928825689
199	-1.55533967888
200	-14.7571066803
201	-8.19440786141
202	-1.46570781026
203	-6.19363723076
204	-1.97189835872
205	-1.55533967888
206	-1.66032088018
207	-1.97189835872
208	-1.55533967888
209	-7.39211758101
210	-1.49960689626
211	-6.22982650441
212	-10.7571285538
213	-1.97189835872
214	-1.46570781026
215	-6.14095787096
216	-1.97189835872
217	-1.55533967888
218	-10.208046818
219	-1.49960689626
220	-1.46570781026
221	-8.60978033191
222	-1.58294481031
223	-1.46570781026
224	-10.1673053607
225	-1.58294481031
226	-1.46570781026
227	-6.88632875763
228	-1.97189835872
229	-1.46570781026
230	-6.88632875763
231	-1.97189835872
232	-2.18322855299
233	-10.8345643888
234	-1.49960689626
235	-1.46570781026
236	-1.66032088018
237	-1.97189835872
238	-7.19461905766
239	-1.71400065926
240	-1.58294481031
241	-1.55533967888
242	-5.83578124558
243	-6.48458348611
244	-2.18322855299
245	-6.19529700049
246	-2.22928825689
247	-1.46570781026
248	-11.1738460751
249	-1.97189835872
250	-6.25992103205
251	-12.7835056902
252	-7.8415693078
253	-1.92214690195
254	-2.44862963104
255	-1.97189835872
256	-1.55533967888
257	-1.66032088018
258	-2.22928825689
259	-1.55533967888
260	-2.44862963104
261	-1.58294481031
262	-1.55533967888
263	-9.59264989702
264	-1.58294481031
265	-1.46570781026
266	-1.71400065926
267	-1.49960689626
268	-2.18322855299
269	-6.04274072563
270	-1.49960689626
271	-1.46570781026
272	-6.88632875763
273	-5.8780399154
274	-1.55533967888
275	-1.66032088018
276	-1.49960689626
277	-1.46570781026
278	-5.22172068072
279	-1.49960689626
280	-1.46570781026
281	-5.43472853694
282	-2.22928825689
283	-1.55533967888
284	-1.71400065926
285	-1.58294481031
286	-6.73260816764
287	-1.71400065926
288	-2.22928825689
289	-2.18322855299
290	-5.83578124558
291	-1.49960689626
292	-1.46570781026
293	-5.43472853694
294	-1.49960689626
295	-1.46570781026
296	-14.8228799907
297	-5.8780399154
298	-1.46570781026
299	-5.94688616348
300	-1.58294481031
301	-1.55533967888
302	-11.1962355093
303	-1.97189835872
304	-1.55533967888
305	-10.6702850805
306	-1.49960689626
307	-1.92214690195
308	-6.19363723076
309	-1.49960689626
310	-1.92214690195
311	-5.10983488095
312	-1.58294481031
313	-1.55533967888
314	-1.66032088018
315	-6.83726967787
316	-1.92214690195
317	-1.71400065926
318	-1.97189835872
319	-1.46570781026
320	-10.6945093893
321	-1.97189835872
322	-1.55533967888
323	-13.2807868984
324	-1.49960689626
325	-1.55533967888
326	-6.14095787096
327	-1.49960689626
328	-1.55533967888
329	-7.5288501292
330	-1.58294481031
331	-1.55533967888
332	-7.5288501292
333	-1.49960689626
334	-1.92214690195
335	-7.32404520009
336	-1.58294481031
337	-2.18322855299
338	-9.62755983191
339	-1.49960689626
340	-1.92214690195
341	-5.68870370489
342	-2.22928825689
343	-1.55533967888
344	-12.0894161587
345	-1.97189835872
346	-2.18322855299
347	-14.3034263387
348	-1.58294481031
349	-1.55533967888
350	-1.66032088018
351	-1.58294481031
352	-1.46570781026
353	-10.7571285538
354	-1.97189835872
355	-1.46570781026
356	-1.66032088018
357	-1.58294481031
358	-2.18322855299
359	-21.1770671119
360	-1.58294481031
361	-1.92214690195
362	-7.06809566384
363	-1.49960689626
364	-16.7454722348
365	-5.94688616348
366	-2.22928825689
367	-2.18322855299
368	-5.56500437807
369	-1.58294481031
370	-6.75212401667
371	-9.16772014614
372	-1.58294481031
373	-1.46570781026
374	-7.62063804125
375	-6.48458348611
376	-2.18322855299
377	-2.20844497905
378	-1.49960689626
379	-1.92214690195
380	-11.0538045393
381	-1.97189835872
382	-1.55533967888
383	-6.68509283922
384	-1.97189835872
385	-1.92214690195
386	-1.71400065926
387	-1.58294481031
388	-1.92214690195
389	-8.69013144863
390	-1.97189835872
391	-1.92214690195
392	-5.94688616348
393	-1.97189835872
394	-1.46570781026
395	-6.54283779978
396	-6.4101739246
397	-2.18322855299
398	-8.84874529881
399	-1.49960689626
400	-2.18322855299
401	-5.67687316058
402	-2.22928825689
403	-2.18322855299
404	-16.5335434324
405	-1.97189835872
406	-1.55533967888
407	-6.001518014
408	-1.97189835872
409	-1.46570781026
410	-8.14792681836
411	-1.49960689626
412	-14.099976893
413	-1.71400065926
414	-1.97189835872
415	-2.18322855299
416	-6.14095787096
417	-2.22928825689
418	-1.46570781026
419	-18.8827146928
420	-1.49960689626
421	-1.92214690195
422	-1.66032088018
423	-1.49960689626
424	-1.46570781026
425	-1.71400065926
426	-1.49960689626
427	-1.92214690195
428	-9.19801426023
429	-2.22928825689
430	-1.55533967888
431	-8.25839381501
432	-1.58294481031
433	-1.55533967888
434	-14.5750597674
435	-1.58294481031
436	-1.46570781026
437	-6.68509283922
438	-1.49960689626
439	-2.18322855299
440	-5.22172068072
441	-1.97189835872
442	-1.55533967888
443	-8.06048786562
444	-1.58294481031
445	-1.46570781026
446	-10.0350421272
447	-1.97189835872
448	-1.46570781026
449	-7.48604730807
450	-8.90416354818
451	-2.18322855299
452	-5.79675786389
453	-1.49960689626
454	-1.46570781026
455	-1.71400065926
456	-1.58294481031
457	-1.46570781026
458	-1.71400065926
459	-1.58294481031
460	-7.33639981305
461	-6.19529700049
462	-1.49960689626
463	-1.55533967888
464	-6.14095787096
465	-1.49960689626
466	-1.55533967888
467	-9.13967691742
468	-7.64467519266
469	-1.55533967888
470	-1.71400065926
471	-1.58294481031
472	-1.55533967888
473	-2.20844497905
474	-2.22928825689
475	-9.83547712728
476	-1.66032088018
477	-1.49960689626
478	-1.92214690195
479	-13.8697581142
480	-1.97189835872
481	-1.55533967888
482	-1.66032088018
483	-2.22928825689
484	-1.55533967888
485	-22.5919158198
486	-1.58294481031
487	-1.46570781026
488	-2.20844497905
