-7.949881863178074326e-01
-5.181960442058685112e-01
-8.165086528761263951e-01
2.646531347971581738e+00
-3.478718926961344993e-01
2.257265185195902912e+00
-1.799196950585018495e+00
-2.951551059033450386e+00
-4.343313860957364270e+00
-5.387518336440376032e+00
-4.000317986012581706e+00
-4.153510518747145497e+00
-5.759152233600817183e+00
-5.364423795272494466e+00
-6.772611694136626781e+00
-5.039931188875632628e+00
-6.983818691549279478e+00
-5.025078154300449462e+00
-5.293225805281394969e+00
-7.049553719199187718e+00
