#Site	lnL	
0	-1.49980052272
1	-9.61487719524
2	-12.3304107271
3	-1.96174930983
4	-1.87655766669
5	-1.51237932658
6	-1.3873199297
7	-1.87655766669
8	-1.97985379855
9	-1.96174930983
10	-1.84606948275
11	-5.6232443635
12	-1.49980052272
13	-1.32684577462
14	-1.40015147358
15	-1.49980052272
16	-1.32684577462
17	-5.76443318874
18	-1.49980052272
19	-1.32684577462
20	-5.6232443635
21	-1.9398359925
22	-1.44054701288
23	-22.9044104448
24	-1.49980052272
25	-1.84606948275
26	-5.76443318874
27	-1.49980052272
28	-1.84606948275
29	-5.56011717111
30	-6.02805898376
31	-1.32684577462
32	-1.95975981615
33	-1.9398359925
34	-1.87655766669
35	-6.79691542046
36	-5.70694513953
37	-1.87655766669
38	-11.6069595796
39	-1.9398359925
40	-1.84606948275
41	-5.76443318874
42	-7.0382025438
43	-1.32684577462
44	-1.40015147358
45	-1.49980052272
46	-1.44054701288
47	-5.94157024426
48	-1.96174930983
49	-1.87655766669
50	-6.94772902763
51	-1.96174930983
52	-1.44054701288
53	-6.94772902763
54	-1.9398359925
55	-1.84606948275
56	-17.7981790509
57	-1.49980052272
58	-1.44054701288
59	-9.7122065324
60	-1.96174930983
61	-1.84606948275
62	-11.5443861798
63	-8.10131305674
64	-1.84606948275
65	-12.2630521446
66	-1.3873199297
67	-8.88299839399
68	-1.97985379855
69	-1.3873199297
70	-1.32684577462
71	-5.91185306351
72	-1.96174930983
73	-7.69994362892
74	-1.51237932658
75	-1.96174930983
76	-1.32684577462
77	-1.95975981615
78	-1.3873199297
79	-1.32684577462
80	-11.3341960231
81	-10.2243267618
82	-1.32684577462
83	-1.40015147358
84	-5.70694513953
85	-1.32684577462
86	-1.40015147358
87	-1.96174930983
88	-8.38834049809
89	-13.5486304281
90	-1.3873199297
91	-1.32684577462
92	-1.97985379855
93	-1.9398359925
94	-1.32684577462
95	-1.40015147358
96	-1.3873199297
97	-1.44054701288
98	-15.1486723982
99	-1.49980052272
100	-1.44054701288
101	-10.9121609338
102	-1.9398359925
103	-1.44054701288
104	-7.61975956086
105	-1.3873199297
106	-1.87655766669
107	-1.97985379855
108	-1.49980052272
109	-1.44054701288
110	-6.86687381235
111	-1.3873199297
112	-1.32684577462
113	-7.9640696501
114	-1.96174930983
115	-1.32684577462
116	-1.40015147358
117	-1.49980052272
118	-1.44054701288
119	-1.40015147358
120	-1.49980052272
121	-1.44054701288
122	-6.99708234114
123	-1.96174930983
124	-1.84606948275
125	-5.71018364648
126	-1.3873199297
127	-6.64946138549
128	-1.40015147358
129	-1.49980052272
130	-1.32684577462
131	-18.916616484
132	-1.96174930983
133	-1.32684577462
134	-8.58264992872
135	-1.96174930983
136	-1.32684577462
137	-8.19870841713
138	-1.3873199297
139	-1.87655766669
140	-5.56011717111
141	-1.3873199297
142	-1.44054701288
143	-1.40015147358
144	-1.96174930983
145	-1.32684577462
146	-24.1184134762
147	-1.3873199297
148	-1.87655766669
149	-1.51237932658
150	-1.49980052272
151	-1.32684577462
152	-14.0920440264
153	-1.3873199297
154	-1.87655766669
155	-7.07775013474
156	-1.49980052272
157	-1.44054701288
158	-1.51237932658
159	-1.49980052272
160	-1.44054701288
161	-5.56011717111
162	-1.9398359925
163	-1.32684577462
164	-1.51237932658
165	-1.96174930983
166	-1.44054701288
167	-16.4892119495
168	-1.9398359925
169	-1.32684577462
170	-1.51237932658
171	-1.49980052272
172	-1.32684577462
173	-1.51237932658
174	-8.75797913909
175	-1.32684577462
176	-14.1826920258
177	-1.49980052272
178	-1.84606948275
179	-1.51237932658
180	-1.49980052272
181	-1.32684577462
182	-21.1913285305
183	-1.49980052272
184	-1.84606948275
185	-5.94157024426
186	-1.49980052272
187	-1.84606948275
188	-1.51237932658
189	-6.90756596346
190	-1.44054701288
191	-12.8655583818
192	-1.96174930983
193	-1.84606948275
194	-15.2658597021
195	-1.96174930983
196	-1.32684577462
197	-9.87913424227
198	-1.9398359925
199	-1.32684577462
200	-15.2936277199
201	-1.96174930983
202	-1.32684577462
203	-1.97985379855
204	-1.9398359925
205	-1.44054701288
206	-9.88952966164
207	-1.49980052272
208	-1.87655766669
209	-8.52754154042
210	-1.49980052272
211	-1.44054701288
212	-12.097592617
213	-1.3873199297
214	-1.32684577462
215	-5.68993513986
216	-1.49980052272
217	-1.87655766669
218	-14.8200034357
219	-1.9398359925
220	-1.84606948275
221	-5.6232443635
222	-1.3873199297
223	-1.32684577462
224	-20.9765667254
225	-1.3873199297
226	-1.44054701288
227	-1.97985379855
228	-1.49980052272
229	-1.87655766669
230	-7.80826015487
231	-1.9398359925
232	-1.44054701288
233	-5.7593650816
234	-1.3873199297
235	-1.44054701288
236	-5.76443318874
237	-1.3873199297
238	-1.32684577462
239	-8.10378656753
240	-1.9398359925
241	-1.32684577462
242	-1.97985379855
243	-1.96174930983
244	-1.84606948275
245	-5.84001585908
246	-1.3873199297
247	-1.32684577462
248	-17.4568712057
249	-1.9398359925
250	-1.32684577462
251	-6.90318936945
252	-1.9398359925
253	-1.32684577462
254	-9.37227177829
255	-1.49980052272
256	-1.84606948275
257	-5.84001585908
258	-1.96174930983
259	-1.87655766669
260	-1.97985379855
261	-1.96174930983
262	-1.84606948275
263	-5.75382063393
264	-1.96174930983
265	-1.84606948275
266	-6.92694733685
267	-1.9398359925
268	-1.87655766669
269	-1.51237932658
270	-1.49980052272
271	-1.32684577462
272	-10.7241734676
273	-1.49980052272
274	-1.84606948275
275	-6.90318936945
276	-1.49980052272
277	-1.44054701288
278	-5.94157024426
279	-1.49980052272
280	-1.44054701288
281	-1.51237932658
282	-5.80041477534
283	-1.87655766669
284	-24.3595635473
285	-1.49980052272
286	-1.32684577462
287	-6.75174875578
288	-5.70694513953
289	-1.32684577462
290	-11.2005705541
291	-1.9398359925
292	-1.44054701288
293	-1.40015147358
294	-1.9398359925
295	-1.44054701288
296	-9.88811581075
297	-1.49980052272
298	-1.84606948275
299	-15.7747717638
300	-1.49980052272
301	-1.44054701288
302	-1.97985379855
303	-1.3873199297
304	-1.84606948275
305	-14.9802893874
306	-1.3873199297
307	-1.87655766669
308	-9.7122065324
309	-1.96174930983
310	-1.32684577462
311	-1.40015147358
312	-1.96174930983
313	-1.32684577462
314	-5.56011717111
315	-1.49980052272
316	-1.84606948275
317	-5.75382063393
318	-10.3651148985
319	-1.44054701288
320	-1.51237932658
321	-1.9398359925
322	-1.84606948275
323	-12.6874261512
324	-1.49980052272
325	-1.44054701288
326	-7.00223142779
327	-1.9398359925
328	-1.32684577462
329	-1.51237932658
330	-1.96174930983
331	-1.32684577462
332	-1.40015147358
333	-1.49980052272
334	-1.32684577462
335	-9.72741190495
336	-1.49980052272
337	-1.84606948275
338	-5.84001585908
339	-1.49980052272
340	-1.44054701288
341	-9.88952966164
342	-1.9398359925
343	-6.66260455908
344	-13.0677697618
345	-1.9398359925
346	-1.44054701288
347	-12.3570247104
348	-8.440792195
349	-1.44054701288
350	-1.97985379855
351	-1.49980052272
352	-1.44054701288
353	-1.40015147358
354	-5.70694513953
355	-1.32684577462
356	-5.91185306351
357	-1.49980052272
358	-1.44054701288
359	-7.96899054358
360	-1.3873199297
361	-1.32684577462
362	-22.1731638152
363	-1.9398359925
364	-1.32684577462
365	-7.00223142779
366	-1.49980052272
367	-1.87655766669
368	-1.40015147358
369	-1.3873199297
370	-1.44054701288
371	-10.0806053783
372	-1.9398359925
373	-1.87655766669
374	-1.40015147358
375	-1.9398359925
376	-1.32684577462
377	-14.5561381867
378	-1.49980052272
379	-1.32684577462
380	-15.3943343715
381	-1.49980052272
382	-1.87655766669
383	-1.40015147358
384	-1.3873199297
385	-1.32684577462
386	-5.6232443635
387	-1.9398359925
388	-1.32684577462
389	-7.9640696501
390	-1.49980052272
391	-1.44054701288
392	-11.9819795552
393	-1.49980052272
394	-1.87655766669
395	-1.40015147358
396	-1.9398359925
397	-10.3675812816
398	-1.51237932658
399	-1.9398359925
400	-1.32684577462
401	-5.7593650816
402	-1.96174930983
403	-1.84606948275
404	-5.56011717111
405	-8.05026093845
406	-1.44054701288
407	-6.86687381235
408	-1.49980052272
409	-1.84606948275
410	-1.40015147358
411	-1.3873199297
412	-6.42998089209
413	-11.2755544546
414	-7.0448530919
415	-1.44054701288
416	-18.705523612
417	-9.4687791088
418	-6.60406246371
419	-7.61975956086
420	-1.96174930983
421	-1.44054701288
422	-12.6078110236
423	-1.3873199297
424	-1.44054701288
425	-7.96899054358
426	-1.3873199297
427	-1.87655766669
428	-13.9383171635
429	-1.49980052272
430	-1.44054701288
431	-1.51237932658
432	-1.3873199297
433	-1.32684577462
434	-7.81840705249
435	-1.96174930983
436	-1.44054701288
437	-5.68993513986
438	-1.3873199297
439	-1.44054701288
440	-11.0683233824
441	-1.49980052272
442	-1.44054701288
443	-1.95975981615
444	-12.3587191998
445	-1.44054701288
446	-10.4872941505
447	-7.01712085247
448	-1.87655766669
449	-1.40015147358
450	-1.3873199297
451	-1.44054701288
452	-1.40015147358
453	-7.96429866919
454	-1.44054701288
455	-1.95975981615
456	-1.49980052272
457	-1.44054701288
458	-15.3304956619
459	-1.3873199297
460	-6.60406246371
461	-9.72741190495
462	-6.90756596346
463	-1.84606948275
464	-17.5473454052
465	-1.3873199297
466	-7.66891900223
467	-17.8070409629
468	-1.9398359925
469	-1.44054701288
470	-1.40015147358
471	-12.36754393
472	-1.44054701288
473	-14.5561381867
474	-1.9398359925
475	-1.87655766669
476	-1.51237932658
477	-1.3873199297
478	-1.32684577462
479	-10.4872941505
480	-1.49980052272
481	-1.84606948275
482	-17.2055666395
483	-1.3873199297
484	-1.84606948275
485	-5.75382063393
486	-1.49980052272
487	-1.32684577462
488	-1.97985379855
