-6.831661301278904030e-01
-6.389662972208984826e-01
-7.894075293920639336e-01
2.591408951462809807e+00
-1.550196007836839029e-01
2.693254857434197458e+00
-5.895258354445331861e-02
-3.971932626409142575e+00
-3.940734619228007496e+00
-1.618126315562432538e+01
-4.504857131825695582e+00
-4.910950245376197287e+00
-7.190852768626927904e+00
-6.300499974216503318e+00
-7.209727400040396361e+00
-5.899238510119962697e+00
-5.390774057003819841e+00
-6.078183029507308710e+00
-5.086901019807905655e+00
-6.707586854762380923e+00
