# log_p 	 lnL 	 
0.0	-1687.09723574	
-0.287682072452	-1687.06904552	
-0.510825623766	-1687.03758315	
-0.69314718056	-1687.0011418	
-0.847297860387	-1686.96033254	
-0.980829253012	-1686.91658146	
-1.09861228867	-1686.87123053	
-1.20397280433	-1686.82525783	
-1.29928298413	-1686.77928108	
-1.38629436112	-1686.73364571	
-1.46633706879	-1686.6885159	
-1.54044504095	-1686.64394445	
-1.60943791243	-1686.59992029	
-1.67397643357	-1686.55639868	
-1.73460105539	-1686.51331975	
-1.79175946923	-1686.4706194	
-1.8458266905	-1686.42823569	
-1.89711998489	-1686.38611222	
-1.94591014906	-1686.34419982	
-1.99243016469	-1686.30245713	
-2.03688192726	-1686.26085054	
-2.07944154168	-1686.21935369	
-2.1202635362	-1686.17794682	
-2.15948424935	-1686.13661599	
-2.19722457734	-1686.09535228	
-2.23359222151	-1686.05415107	
-2.26868354132	-1686.01301126	
-2.30258509299	-1685.9719347	
-2.33537491582	-1685.9309256	
-2.36712361413	-1685.88999001	
-2.3978952728	-1685.84913545	
-2.42774823595	-1685.80837052	
-2.45673577282	-1685.7677046	
-2.48490664979	-1685.72714763	
-2.51230562398	-1685.68670988	
-2.53897387106	-1685.64640178	
-2.56494935746	-1685.60623383	
-2.59026716545	-1685.56621642	
-2.61495977804	-1685.52635982	
-2.63905732962	-1685.48667407	
-2.66258782703	-1685.44716894	
-2.68557734525	-1685.4078539	
-2.7080502011	-1685.36873809	
-2.73002910782	-1685.32983029	
-2.75153531304	-1685.29113894	
-2.77258872224	-1685.25267209	
-2.79320800944	-1685.21443744	
-2.81341071676	-1685.17644232	
-2.83321334406	-1685.13869369	
-2.85263142991	-1685.10119815	
-2.87167962488	-1685.06396194	
-2.8903717579	-1685.02699097	
-2.90872089656	-1684.9902908	
-2.92673940207	-1684.95386665	
-2.94443897917	-1684.91772341	
-2.96183072188	-1684.88186567	
-2.97892515524	-1684.84629769	
-2.99573227355	-1684.81102343	
-3.01226157551	-1684.77604655	
-3.02852209638	-1684.7413704	
-3.04452243772	-1684.70699809	
-3.06027079469	-1684.67293239	
-3.07577498123	-1684.63917584	
-3.09104245336	-1684.60573068	
-3.10608033072	-1684.57259892	
-3.12089541651	-1684.5397823	
-3.13549421593	-1684.5072823	
-3.14988295338	-1684.47510016	
-3.16406758837	-1684.4432369	
-3.17805383035	-1684.41169331	
-3.19184715248	-1684.38046992	
-3.20545280454	-1684.3495671	
-3.21887582487	-1684.31898496	
-3.23212105162	-1684.28872345	
-3.24519313319	-1684.25878229	
-3.25809653802	-1684.22916104	
-3.2708355638	-1684.19985907	
-3.28341434601	-1684.17087558	
-3.295836866	-1684.14220959	
-3.3081069586	-1684.11385999	
-3.32022831913	-1684.0858255	
-3.33220451018	-1684.05810469	
-3.34403896782	-1684.03069603	
-3.35573500759	-1684.00359783	
-3.36729582999	-1683.97680828	
-3.37872452581	-1683.95032548	
-3.39002408106	-1683.9241474	
-3.40119738166	-1683.89827192	
-3.41224721785	-1683.87269683	
-3.42317628838	-1683.84741983	
-3.43398720449	-1683.82243853	
-3.4446824936	-1683.79775048	
-3.45526460293	-1683.77335316	
-3.4657359028	-1683.74924397	
-3.47609868984	-1683.72542028	
-3.48635519	-1683.70187938	
-3.49650756147	-1683.67861854	
-3.50655789732	-1683.65563498	
-3.51650822817	-1683.63292586	
-3.52636052462	-1683.61048835	
-3.53611669956	-1683.58831955	
-3.54577861047	-1683.56641657	
-3.55534806149	-1683.54477647	
-3.56482680544	-1683.52339632	
-3.57421654579	-1683.50227316	
-3.58351893846	-1683.48140403	
-3.59273559356	-1683.46078596	
-3.60186807712	-1683.44041597	
-3.61091791264	-1683.4202911	
-3.61988658263	-1683.40040837	
-3.62877553004	-1683.38076482	
-3.63758615973	-1683.36135748	
-3.6463198397	-1683.3421834	
-3.65497790244	-1683.32323965	
-3.66356164613	-1683.3045233	
-3.6720723358	-1683.28603145	
-3.68051120444	-1683.26776118	
-3.68887945411	-1683.24970964	
-3.69717825693	-1683.23187396	
-3.70540875607	-1683.21425131	
-3.7135720667	-1683.19683887	
-3.72166927694	-1683.17963386	
-3.72970144863	-1683.1626335	
-3.73766961828	-1683.14583505	
-3.74557479779	-1683.12923581	
-3.75341797525	-1683.11283307	
-3.76120011569	-1683.09662418	
-3.76892216179	-1683.0806065	
-3.77658503453	-1683.06477743	
-3.78418963392	-1683.0491344	
-3.79173683955	-1683.03367484	
-3.79922751128	-1683.01839625	
-3.80666248977	-1683.00329613	
-3.81404259707	-1682.98837203	
-3.82136863716	-1682.97362151	
-3.82864139649	-1682.95904219	
-3.83586164446	-1682.94463169	
-3.84303013394	-1682.93038767	
-3.85014760171	-1682.91630783	
-3.85721476893	-1682.9023899	
-3.86423234159	-1682.88863162	
-3.87120101091	-1682.87503078	
-3.87812145375	-1682.86158521	
-3.88499433304	-1682.84829273	
-3.89182029811	-1682.83515124	
-3.8985999851	-1682.82215863	
-3.90533401728	-1682.80931284	
-3.91202300543	-1682.79661184	
-3.91866754815	-1682.78405361	
-3.92526823218	-1682.77163619	
-3.93182563272	-1682.75935763	
-3.93834031375	-1682.747216	
-3.94481282825	-1682.73520942	
-3.95124371858	-1682.72333602	
-3.95763351668	-1682.71159397	
-3.96398274436	-1682.69998147	
-3.97029191355	-1682.68849672	
-3.97656152657	-1682.67713799	
-3.98279207632	-1682.66590353	
-3.98898404656	-1682.65479166	
-3.99513791214	-1682.6438007	
-4.00125413916	-1682.632929	
-4.00733318523	-1682.62217493	
-4.01337549969	-1682.61153689	
-4.01938152375	-1682.60101332	
-4.02535169074	-1682.59060267	
-4.03128642625	-1682.5803034	
-4.03718614838	-1682.57011402	
-4.04305126783	-1682.56003305	
-4.04888218815	-1682.55005903	
-4.05467930583	-1682.54019052	
-4.06044301055	-1682.53042613	
-4.06617368526	-1682.52076445	
-4.07187170637	-1682.51120412	
-4.07753744391	-1682.5017438	
-4.08317126162	-1682.49238217	
-4.08877351717	-1682.4831179	
-4.09434456222	-1682.47394973	
-4.0998847426	-1682.46487639	
-4.10539439841	-1682.45589664	
-4.11087386417	-1682.44700924	
-4.11632346894	-1682.438213	
-4.12174353641	-1682.42950672	
-4.12713438505	-1682.42088924	
-4.13249632819	-1682.41235941	
-4.13782967416	-1682.4039161	
-4.14313472639	-1682.39555818	
-4.14841178349	-1682.38728457	
-4.15366113938	-1682.37909418	
-4.15888308336	-1682.37098595	
-4.16407790024	-1682.36295884	
-4.1692458704	-1682.3550118	
-4.1743872699	-1682.34714383	
-4.17950237056	-1682.33935392	
-4.18459144007	-1682.3316411	
-4.18965474203	-1682.32400438	
-4.19469253606	-1682.31644283	
-4.19970507788	-1682.30895549	
-4.20469261939	-1682.30154145	
-4.20965540873	-1682.29419979	
-4.21459369037	-1682.28692962	
-4.21950770518	-1682.27973005	
-4.22439769047	-1682.27260021	
-4.22926388012	-1682.26553925	
-4.2341065046	-1682.25854632	
-4.23892579103	-1682.25162059	
-4.2437219633	-1682.24476125	
-4.24849524205	-1682.23796748	
-4.25324584481	-1682.23123849	
-4.257973986	-1682.2245735	
-4.26267987704	-1682.21797174	
-4.26736372635	-1682.21143246	
-4.27202573946	-1682.2049549	
-4.27666611902	-1682.19853832	
-4.28128506487	-1682.19218201	
-4.28588277412	-1682.18588524	
-4.29045944115	-1682.17964732	
-4.29501525768	-1682.17346755	
-4.29955041285	-1682.16734524	
-4.3040650932	-1682.16127973	
-4.30855948279	-1682.15527035	
-4.31303376319	-1682.14931644	
-4.31748811354	-1682.14341736	
-4.3219227106	-1682.13757248	
-4.32633772881	-1682.13178117	
-4.33073334029	-1682.12604281	
-4.33510971489	-1682.1203568	
-4.33946702026	-1682.11472254	
-4.34380542185	-1682.10913944	
-4.348125083	-1682.10360691	
-4.3524261649	-1682.09812438	
-4.35670882669	-1682.09269129	
-4.36097322548	-1682.08730708	
-4.36521951636	-1682.0819712	
-4.36944785247	-1682.07668311	
-4.373658385	-1682.07144227	
-4.37785126326	-1682.06624816	
-4.38202663467	-1682.06110026	
-4.38618464482	-1682.05599806	
-4.39032543749	-1682.05094105	
-4.39444915467	-1682.04592874	
-4.39855593663	-1682.04096064	
-4.40264592188	-1682.03603625	
-4.40671924726	-1682.03115511	
-4.41077604796	-1682.02631675	
-4.4148164575	-1682.0215207	
-4.4188406078	-1682.0167665	
-4.42284862919	-1682.0120537	
-4.42684065046	-1682.00738186	
-4.43081679884	-1682.00275054	
-4.43477720006	-1681.9981593	
-4.43872197835	-1681.99360772	
-4.44265125649	-1681.98909538	
-4.44656515581	-1681.98462186	
-4.45046379623	-1681.98018674	
-4.45434729625	-1681.97578964	
-4.45821577303	-1681.97143014	
-4.46206934235	-1681.96710786	
-4.46590811865	-1681.9628224	
-4.46973221509	-1681.95857338	
-4.47354174351	-1681.95436043	
-4.47733681448	-1681.95018317	
-4.48111753732	-1681.94604122	
-4.48488402011	-1681.94193424	
-4.48863636973	-1681.93786185	
-4.49237469184	-1681.93382371	
-4.49609909093	-1681.92981947	
-4.49980967033	-1681.92584878	
-4.50350653221	-1681.92191129	
-4.50718977763	-1681.91800668	
-4.51085950652	-1681.91413462	
-4.51451581772	-1681.91029476	
-4.518158809	-1681.90648681	
-4.52178857705	-1681.90271042	
-4.52540521752	-1681.89896529	
-4.52900882502	-1681.89525111	
-4.53259949315	-1681.89156756	
-4.5361773145	-1681.88791436	
-4.53974238067	-1681.88429119	
-4.54329478227	-1681.88069776	
-4.54683460898	-1681.87713378	
-4.55036194949	-1681.87359897	
-4.5538768916	-1681.87009303	
-4.55737952215	-1681.86661568	
-4.56086992709	-1681.86316666	
-4.56434819147	-1681.85974568	
-4.56781439944	-1681.85635247	
-4.57126863431	-1681.85298677	
-4.5747109785	-1681.8496483	
-4.5781415136	-1681.84633682	
-4.58156032035	-1681.84305207	
-4.58496747867	-1681.83979378	
-4.58836306767	-1681.83656171	
-4.59174716566	-1681.83335561	
-4.59511985013	-1681.83017523	
-4.59848119784	-1681.82702033	
-4.60183128472	-1681.82389067	
-4.60517018599	-1681.82078602	
-4.60849797608	-1681.81770614	
-4.61181472871	-1681.81465079	
-4.61512051684	-1681.81161976	
-4.61841541274	-1681.80861282	
-4.62169948794	-1681.80562974	
-4.62497281328	-1681.8026703	
-4.62823545892	-1681.79973429	
-4.63148749431	-1681.79682148	
-4.63472898823	-1681.79393168	
-4.63796000881	-1681.79106466	
-4.64118062351	-1681.78822022	
-4.64439089914	-1681.78539815	
-4.64759090187	-1681.78259826	
-4.65078069724	-1681.77982034	
-4.65396035016	-1681.77706419	
-4.65712992492	-1681.77432962	
-4.66028948521	-1681.77161643	
-4.66343909411	-1681.76892443	
-4.66657881412	-1681.76625344	
-4.66970870713	-1681.76360326	
-4.67282883446	-1681.76097371	
-4.67593925688	-1681.75836461	
-4.67904003455	-1681.75577577	
-4.68213122712	-1681.75320702	
-4.68521289366	-1681.75065819	
-4.6882850927	-1681.74812909	
-4.69134788223	-1681.74561955	
-4.69440131972	-1681.74312941	
-4.6974454621	-1681.74065849	
-4.70048036579	-1681.73820662	
-4.70350608671	-1681.73577365	
-4.70652268025	-1681.7333594	
-4.70953020131	-1681.73096373	
-4.71252870431	-1681.72858645	
-4.71551824316	-1681.72622743	
-4.7184988713	-1681.72388649	
-4.72147064168	-1681.7215635	
-4.72443360681	-1681.71925828	
-4.72738781871	-1681.7169707	
-4.73033332894	-1681.71470061	
-4.73327018862	-1681.71244784	
-4.73619844839	-1681.71021227	
-4.7391181585	-1681.70799374	
-4.74202936871	-1681.70579211	
-4.74493212836	-1681.70360723	
-4.74782648639	-1681.70143898	
-4.75071249128	-1681.6992872	
-4.75359019111	-1681.69715177	
-4.75645963353	-1681.69503254	
-4.75932086582	-1681.69292938	
-4.7621739348	-1681.69084216	
-4.76501888693	-1681.68877075	
-4.76785576827	-1681.68671501	
-4.77068462447	-1681.68467482	
-4.77350550081	-1681.68265005	
-4.77631844218	-1681.68064058	
-4.77912349311	-1681.67864627	
-4.78192069773	-1681.676667	
-4.78471009982	-1681.67470266	
-4.78749174278	-1681.67275313	
-4.79026566966	-1681.67081827	
-4.79303192316	-1681.66889797	
-4.7957905456	-1681.66699213	
-4.79854157897	-1681.66510061	
-4.80128506491	-1681.6632233	
-4.80402104473	-1681.6613601	
-4.80674955939	-1681.65951088	
-4.8094706495	-1681.65767554	
-4.81218435537	-1681.65585397	
-4.81489071697	-1681.65404605	
-4.81758977394	-1681.65225168	
-4.82028156561	-1681.65047075	
-4.82296613098	-1681.64870316	
-4.82564350875	-1681.6469488	
-4.8283137373	-1681.64520756	
-4.83097685472	-1681.64347935	
-4.83363289878	-1681.64176406	
-4.83628190695	-1681.64006159	
-4.83892391641	-1681.63837183	
-4.84155896405	-1681.63669471	
-4.84418708646	-1681.6350301	
-4.84680831994	-1681.63337792	
-4.84942270051	-1681.63173807	
-4.85203026392	-1681.63011046	
-4.85463104562	-1681.62849499	
-4.8572250808	-1681.62689157	
-4.85981240436	-1681.6253001	
-4.86239305096	-1681.6237205	
-4.86496705495	-1681.62215267	
-4.86753445046	-1681.62059652	
-4.87009527132	-1681.61905197	
-4.87264955112	-1681.61751893	
-4.8751973232	-1681.6159973	
-4.87773862063	-1681.61448701	
-4.88027347623	-1681.61298797	
-4.88280192259	-1681.61150009	
-4.88532399202	-1681.61002329	
-4.88783971662	-1681.60855749	
-4.89034912822	-1681.6071026	
-4.89285225844	-1681.60565854	
-4.89534913864	-1681.60422524	
-4.89783979995	-1681.60280261	
-4.90032427328	-1681.60139057	
-4.90280258929	-1681.59998904	
-4.90527477844	-1681.59859795	
-4.90774087093	-1681.59721722	
-4.91020089677	-1681.59584677	
-4.91265488574	-1681.59448653	
-4.91510286737	-1681.59313642	
-4.91754487103	-1681.59179636	
-4.91998092583	-1681.5904663	
-4.92241106068	-1681.58914614	
-4.92483530429	-1681.58783582	
-4.92725368516	-1681.58653527	
-4.92966623156	-1681.58524442	
-4.93207297159	-1681.58396319	
-4.93447393313	-1681.58269152	
-4.93686914386	-1681.58142933	
-4.93925863125	-1681.58017657	
-4.94164242261	-1681.57893315	
-4.94402054501	-1681.57769902	
-4.94639302537	-1681.57647411	
-4.94875989038	-1681.57525835	
-4.95112116656	-1681.57405168	
-4.95347688026	-1681.57285403	
-4.9558270576	-1681.57166533	
-4.95817172456	-1681.57048553	
-4.96051090691	-1681.56931456	
-4.96284463026	-1681.56815235	
-4.96517292002	-1681.56699886	
-4.96749580144	-1681.565854	
-4.96981329958	-1681.56471773	
-4.97212543933	-1681.56358999	
-4.97443224543	-1681.5624707	
-4.97673374242	-1681.56135983	
-4.97902995468	-1681.56025729	
-4.98132090643	-1681.55916305	
-4.98360662171	-1681.55807703	
-4.98588712441	-1681.55699919	
-4.98816243824	-1681.55592946	
-4.99043258678	-1681.55486779	
-4.99269759341	-1681.55381412	
-4.99495748138	-1681.5527684	
-4.99721227376	-1681.55173057	
-4.9994619935	-1681.55070059	
-5.00170666335	-1681.54967839	
-5.00394630595	-1681.54866391	
-5.00618094375	-1681.54765712	
-5.00841059907	-1681.54665796	
-5.0106352941	-1681.54566636	
-5.01285505083	-1681.54468229	
-5.01506989116	-1681.54370569	
-5.01727983681	-1681.54273651	
-5.01948490937	-1681.5417747	
-5.02168513028	-1681.54082021	
-5.02388052085	-1681.53987299	
-5.02607110223	-1681.538933	
-5.02825689545	-1681.53800017	
-5.03043792139	-1681.53707447	
-5.03261420082	-1681.53615584	
-5.03478575433	-1681.53524425	
-5.03695260241	-1681.53433963	
-5.03911476542	-1681.53344196	
-5.04127226356	-1681.53255117	
-5.04342511692	-1681.53166722	
-5.04557334546	-1681.53079007	
-5.047716969	-1681.52991967	
-5.04985600725	-1681.52905598	
-5.05199047978	-1681.52819896	
-5.05412040604	-1681.52734855	
-5.05624580535	-1681.52650472	
-5.05836669692	-1681.52566742	
-5.06048309982	-1681.5248366	
-5.06259503303	-1681.52401224	
-5.06470251537	-1681.52319428	
-5.06680556556	-1681.52238268	
-5.06890420222	-1681.5215774	
-5.07099844382	-1681.5207784	
-5.07308830874	-1681.51998564	
-5.07517381523	-1681.51919907	
-5.07725498144	-1681.51841867	
-5.07933182538	-1681.51764438	
-5.08140436498	-1681.51687616	
-5.08347261805	-1681.51611399	
-5.08553660227	-1681.51535781	
-5.08759633523	-1681.5146076	
-5.08965183441	-1681.51386331	
-5.09170311719	-1681.5131249	
-5.09375020081	-1681.51239233	
-5.09579310244	-1681.51166558	
-5.09783183913	-1681.5109446	
-5.09986642782	-1681.51022935	
-5.10189688537	-1681.5095198	
-5.10392322852	-1681.50881591	
-5.1059454739	-1681.50811765	
-5.10796363806	-1681.50742497	
-5.10997773743	-1681.50673785	
-5.11198778836	-1681.50605625	
-5.11399380708	-1681.50538013	
-5.11599580975	-1681.50470946	
-5.11799381242	-1681.50404421	
-5.11998783102	-1681.50338434	
-5.12197788143	-1681.50272981	
-5.1239639794	-1681.5020806	
-5.12594614061	-1681.50143667	
-5.12792438062	-1681.50079798	
-5.12989871492	-1681.50016451	
-5.13186915891	-1681.49953622	
-5.13383572788	-1681.49891307	
-5.13579843705	-1681.49829505	
-5.13775730154	-1681.49768211	
-5.13971233637	-1681.49707422	
-5.1416635565	-1681.49647135	
-5.14361097679	-1681.49587348	
-5.145554612	-1681.49528056	
-5.14749447681	-1681.49469257	
-5.14943058584	-1681.49410949	
-5.15136295359	-1681.49353127	
-5.1532915945	-1681.49295789	
-5.15521652291	-1681.49238931	
-5.15713775309	-1681.49182552	
-5.15905529921	-1681.49126648	
-5.1609691754	-1681.49071215	
-5.16287939565	-1681.49016252	
-5.16478597392	-1681.48961755	
-5.16668892407	-1681.48907722	
-5.16858825987	-1681.48854149	
-5.17048399504	-1681.48801035	
-5.17237614319	-1681.48748375	
-5.17426471788	-1681.48696167	
-5.17614973257	-1681.48644409	
-5.17803120067	-1681.48593098	
-5.1799091355	-1681.48542231	
-5.18178355029	-1681.48491806	
-5.18365445823	-1681.48441819	
-5.1855218724	-1681.48392268	
-5.18738580584	-1681.48343151	
-5.18924627149	-1681.48294465	
-5.19110328224	-1681.48246207	
-5.19295685089	-1681.48198374	
-5.19480699018	-1681.48150965	
-5.19665371277	-1681.48103977	
-5.19849703127	-1681.48057407	
-5.20033695819	-1681.48011252	
-5.202173506	-1681.47965511	
-5.20400668708	-1681.4792018	
-5.20583651375	-1681.47875258	
-5.20766299828	-1681.47830741	
-5.20948615284	-1681.47786628	
-5.21130598956	-1681.47742916	
-5.21312252048	-1681.47699603	
-5.21493575761	-1681.47656686	
-5.21674571285	-1681.47614163	
-5.21855239808	-1681.47572032	
-5.22035582508	-1681.4753029	
-5.22215600558	-1681.47488935	
-5.22395295126	-1681.47447965	
-5.22574667371	-1681.47407377	
-5.22753718449	-1681.4736717	
-5.22932449506	-1681.47327341	
-5.23110861685	-1681.47287888	
-5.23288956123	-1681.47248809	
-5.23466733947	-1681.47210101	
-5.23644196283	-1681.47171762	
-5.23821344248	-1681.4713379	
-5.23998178954	-1681.47096184	
-5.24174701506	-1681.4705894	
-5.24350913005	-1681.47022058	
-5.24526814546	-1681.46985534	
-5.24702407216	-1681.46949367	
-5.24877692099	-1681.46913554	
-5.25052670271	-1681.46878094	
-5.25227342805	-1681.46842984	
-5.25401710765	-1681.46808223	
-5.25575775213	-1681.46773809	
-5.25749537203	-1681.46739739	
-5.25922997784	-1681.46706012	
-5.26096158	-1681.46672625	
-5.2626901889	-1681.46639577	
-5.26441581487	-1681.46606865	
-5.26613846818	-1681.46574488	
-5.26785815906	-1681.46542444	
-5.26957489768	-1681.46510732	
-5.27128869416	-1681.46479348	
-5.27299955856	-1681.46448291	
-5.27470750091	-1681.4641756	
-5.27641253116	-1681.46387152	
-5.27811465923	-1681.46357066	
-5.27981389498	-1681.463273	
-5.28151024823	-1681.46297851	
-5.28320372874	-1681.46268719	
-5.28489434622	-1681.46239902	
-5.28658211033	-1681.46211397	
-5.28826703069	-1681.46183203	
-5.28994911688	-1681.46155318	
-5.2916283784	-1681.46127741	
-5.29330482472	-1681.4610047	
-5.29497846528	-1681.46073502	
-5.29664930945	-1681.46046837	
-5.29831736655	-1681.46020472	
-5.29998264587	-1681.45994406	
-5.30164515664	-1681.45968638	
-5.30330490806	-1681.45943165	
-5.30496190927	-1681.45917986	
-5.30661616936	-1681.45893099	
-5.3082676974	-1681.45868503	
-5.30991650239	-1681.45844196	
-5.3115625933	-1681.45820176	
-5.31320597904	-1681.45796443	
-5.3148466685	-1681.45772993	
-5.3164846705	-1681.45749827	
-5.31811999384	-1681.45726941	
-5.31975264727	-1681.45704335	
-5.32138263948	-1681.45682007	
-5.32300997914	-1681.45659956	
-5.32463467487	-1681.4563818	
-5.32625673524	-1681.45616677	
-5.32787616879	-1681.45595446	
-5.32949298402	-1681.45574485	
-5.33110718937	-1681.45553794	
-5.33271879327	-1681.4553337	
-5.33432780407	-1681.45513212	
-5.33593423012	-1681.45493319	
-5.3375380797	-1681.45473689	
-5.33913936107	-1681.45454321	
-5.34073808243	-1681.45435213	
-5.34233425196	-1681.45416363	
-5.3439278778	-1681.45397772	
-5.34551896803	-1681.45379436	
-5.34710753072	-1681.45361355	
-5.34869357387	-1681.45343527	
-5.35027710548	-1681.45325952	
-5.35185813348	-1681.45308626	
-5.35343666577	-1681.4529155	
-5.35501271022	-1681.45274722	
-5.35658627467	-1681.45258141	
-5.3581573669	-1681.45241804	
-5.35972599468	-1681.45225711	
-5.36129216571	-1681.45209861	
-5.36285588769	-1681.45194253	
-5.36441716825	-1681.45178884	
-5.36597601502	-1681.45163753	
-5.36753243557	-1681.45148861	
-5.36908643744	-1681.45134204	
-5.37063802813	-1681.45119782	
-5.37218721511	-1681.45105593	
-5.37373400583	-1681.45091637	
-5.37527840768	-1681.45077912	
-5.37682042804	-1681.45064417	
-5.37836007422	-1681.45051151	
-5.37989735354	-1681.45038111	
-5.38143227326	-1681.45025299	
-5.38296484061	-1681.45012711	
-5.38449506279	-1681.45000346	
-5.38602294697	-1681.44988205	
-5.38754850028	-1681.44976285	
-5.38907172982	-1681.44964585	
-5.39059264266	-1681.44953104	
-5.39211124583	-1681.44941841	
-5.39362754635	-1681.44930795	
-5.39514155118	-1681.44919964	
-5.39665326727	-1681.44909348	
-5.39816270152	-1681.44898946	
-5.39966986081	-1681.44888755	
-5.40117475199	-1681.44878776	
-5.40267738187	-1681.44869006	
-5.40417775725	-1681.44859446	
-5.40567588487	-1681.44850093	
-5.40717177146	-1681.44840947	
-5.40866542372	-1681.44832007	
-5.4101568483	-1681.44823271	
-5.41164605186	-1681.44814738	
-5.41313304098	-1681.44806408	
-5.41461782224	-1681.4479828	
-5.4161004022	-1681.44790351	
-5.41758078737	-1681.44782622	
-5.41905898424	-1681.44775091	
-5.42053499927	-1681.44767757	
-5.42200883889	-1681.4476062	
-5.4234805095	-1681.44753677	
-5.42495001748	-1681.44746929	
-5.42641736918	-1681.44740374	
-5.4278825709	-1681.4473401	
-5.42934562895	-1681.44727838	
-5.43080654959	-1681.44721856	
-5.43226533906	-1681.44716063	
-5.43372200355	-1681.44710459	
-5.43517654927	-1681.44705041	
-5.43662898235	-1681.4469981	
-5.43807930892	-1681.44694763	
-5.4395275351	-1681.44689902	
-5.44097366695	-1681.44685223	
-5.44241771052	-1681.44680727	
-5.44385967184	-1681.44676412	
-5.4452995569	-1681.44672278	
-5.44673737167	-1681.44668323	
-5.44817312209	-1681.44664547	
-5.44960681409	-1681.44660949	
-5.45103845357	-1681.44657528	
-5.45246804638	-1681.44654283	
-5.45389559837	-1681.44651212	
-5.45532111536	-1681.44648316	
-5.45674460314	-1681.44645593	
-5.45816606749	-1681.44643042	
-5.45958551414	-1681.44640663	
-5.46100294883	-1681.44638454	
-5.46241837723	-1681.44636415	
-5.46383180503	-1681.44634545	
-5.46524323786	-1681.44632843	
-5.46665268137	-1681.44631308	
-5.46806014114	-1681.4462994	
-5.46946562274	-1681.44628737	
-5.47086913175	-1681.44627698	
-5.47227067367	-1681.44626823	
-5.47367025403	-1681.44626111	
-5.47506787829	-1681.44625562	
-5.47646355193	-1681.44625173	
-5.47785728038	-1681.44624945	
-5.47924906905	-1681.44624877	
-5.48063892334	-1681.44624968	
-5.48202684862	-1681.44625216	
-5.48341285022	-1681.44625622	
-5.48479693349	-1681.44626184	
-5.48617910372	-1681.44626902	
-5.48755936619	-1681.44627775	
-5.48893772616	-1681.44628802	
-5.49031418887	-1681.44629982	
-5.49168875953	-1681.44631315	
-5.49306144334	-1681.446328	
-5.49443224547	-1681.44634436	
-5.49580117108	-1681.44636222	
-5.49716822529	-1681.44638157	
-5.49853341322	-1681.44640241	
-5.49989673995	-1681.44642474	
-5.50125821054	-1681.44644853	
-5.50261783006	-1681.44647379	
-5.50397560352	-1681.44650051	
-5.50533153593	-1681.44652868	
-5.50668563228	-1681.44655829	
-5.50803789753	-1681.44658934	
-5.50938833663	-1681.44662182	
-5.5107369545	-1681.44665572	
-5.51208375605	-1681.44669104	
-5.51342874616	-1681.44672776	
-5.51477192971	-1681.44676589	
-5.51611331154	-1681.4468054	
-5.51745289646	-1681.44684631	
-5.51879068931	-1681.44688859	
-5.52012669485	-1681.44693225	
-5.52146091786	-1681.44697728	
-5.5227933631	-1681.44702366	
-5.52412403528	-1681.4470714	
-5.52545293913	-1681.44712048	
-5.52678007934	-1681.44717091	
-5.52810546058	-1681.44722266	
-5.52942908751	-1681.44727574	
-5.53075096477	-1681.44733015	
-5.53207109697	-1681.44738586	
-5.53338948873	-1681.44744288	
-5.53470614461	-1681.44750121	
-5.53602106919	-1681.44756082	
-5.53733426702	-1681.44762173	
-5.53864574262	-1681.44768391	
-5.5399555005	-1681.44774737	
-5.54126354516	-1681.4478121	
-5.54256988107	-1681.44787809	
-5.5438745127	-1681.44794533	
-5.54517744448	-1681.44801383	
-5.54647868084	-1681.44808357	
-5.54777822618	-1681.44815455	
-5.5490760849	-1681.44822676	
-5.55037226136	-1681.44830019	
-5.55166675992	-1681.44837485	
-5.55295958492	-1681.44845071	
-5.55425074069	-1681.44852779	
-5.55554023152	-1681.44860607	
-5.5568280617	-1681.44868554	
-5.55811423551	-1681.4487662	
-5.5593987572	-1681.44884805	
-5.56068163102	-1681.44893107	
-5.56196286117	-1681.44901527	
-5.56324245188	-1681.44910064	
-5.56452040732	-1681.44918716	
-5.56579673168	-1681.44927484	
-5.56707142911	-1681.44936368	
-5.56834450376	-1681.44945365	
-5.56961595975	-1681.44954477	
-5.57088580119	-1681.44963701	
-5.57215403218	-1681.44973039	
-5.57342065679	-1681.44982489	
-5.5746856791	-1681.4499205	
-5.57594910315	-1681.45001723	
-5.57721093297	-1681.45011506	
-5.57847117258	-1681.45021399	
-5.57972982599	-1681.45031401	
-5.58098689718	-1681.45041513	
-5.58224239012	-1681.45051733	
-5.58349630878	-1681.45062061	
-5.5847486571	-1681.45072497	
-5.585999439	-1681.45083039	
-5.5872486584	-1681.45093688	
-5.5884963192	-1681.45104443	
-5.58974242528	-1681.45115302	
-5.59098698051	-1681.45126267	
-5.59222998875	-1681.45137336	
-5.59347145384	-1681.45148509	
-5.5947113796	-1681.45159785	
-5.59594976985	-1681.45171165	
-5.59718662839	-1681.45182646	
-5.598421959	-1681.45194229	
-5.59965576545	-1681.45205914	
-5.60088805149	-1681.45217699	
-5.60211882088	-1681.45229585	
-5.60334807733	-1681.45241571	
-5.60457582457	-1681.45253656	
-5.6058020663	-1681.4526584	
-5.60702680619	-1681.45278122	
-5.60825004793	-1681.45290503	
-5.60947179518	-1681.45302981	
-5.61069205159	-1681.45315556	
-5.61191082078	-1681.45328227	
-5.61312810639	-1681.45340995	
-5.61434391201	-1681.45353858	
-5.61555824124	-1681.45366817	
-5.61677109767	-1681.4537987	
-5.61798248485	-1681.45393018	
-5.61919240636	-1681.45406259	
-5.62040086572	-1681.45419594	
-5.62160786647	-1681.45433022	
-5.62281341212	-1681.45446542	
-5.62401750619	-1681.45460154	
-5.62522015215	-1681.45473858	
-5.6264213535	-1681.45487653	
-5.62762111369	-1681.45501538	
-5.62881943618	-1681.45515514	
-5.63001632442	-1681.4552958	
-5.63121178182	-1681.45543736	
-5.63240581181	-1681.4555798	
-5.6335984178	-1681.45572313	
-5.63478960317	-1681.45586734	
-5.6359793713	-1681.45601243	
-5.63716772557	-1681.45615839	
-5.63835466933	-1681.45630522	
-5.63954020593	-1681.45645291	
-5.64072433869	-1681.45660147	
-5.64190707094	-1681.45675088	
-5.64308840598	-1681.45690115	
-5.64426834712	-1681.45705226	
-5.64544689764	-1681.45720422	
-5.64662406082	-1681.45735702	
-5.64779983991	-1681.45751065	
-5.64897423816	-1681.45766512	
-5.65014725882	-1681.45782042	
-5.65131890512	-1681.45797654	
-5.65248918027	-1681.45813348	
-5.65365808747	-1681.45829124	
-5.65482562993	-1681.45844981	
-5.65599181082	-1681.45860919	
-5.65715663332	-1681.45876938	
-5.65832010058	-1681.45893036	
-5.65948221576	-1681.45909215	
-5.660642982	-1681.45925473	
-5.66180240242	-1681.45941809	
-5.66296048014	-1681.45958225	
-5.66411721826	-1681.45974719	
-5.66527261989	-1681.4599129	
-5.66642668811	-1681.4600794	
-5.66757942599	-1681.46024666	
-5.6687308366	-1681.46041469	
-5.66988092298	-1681.46058348	
-5.67102968818	-1681.46075304	
-5.67217713524	-1681.46092335	
-5.67332326717	-1681.46109442	
-5.67446808699	-1681.46126624	
-5.67561159769	-1681.4614388	
-5.67675380227	-1681.4616121	
-5.6778947037	-1681.46178615	
-5.67903430497	-1681.46196093	
-5.68017260902	-1681.46213644	
-5.6813096188	-1681.46231268	
-5.68244533727	-1681.46248965	
-5.68357976734	-1681.46266734	
-5.68471291194	-1681.46284575	
-5.68584477397	-1681.46302487	
-5.68697535634	-1681.4632047	
-5.68810466194	-1681.46338525	
-5.68923269364	-1681.46356649	
-5.69035945432	-1681.46374844	
-5.69148494685	-1681.46393109	
-5.69260917406	-1681.46411443	
-5.6937321388	-1681.46429847	
-5.69485384391	-1681.46448319	
-5.69597429221	-1681.4646686	
-5.69709348651	-1681.46485469	
-5.69821142961	-1681.46504146	
-5.69932812431	-1681.46522891	
-5.70044357339	-1681.46541703	
-5.70155777963	-1681.46560582	
-5.7026707458	-1681.46579527	
-5.70378247466	-1681.46598539	
-5.70489296894	-1681.46617617	
-5.70600223139	-1681.4663676	
-5.70711026475	-1681.46655969	
-5.70821707172	-1681.46675243	
-5.70932265503	-1681.46694581	
-5.71042701737	-1681.46713984	
-5.71153016145	-1681.46733452	
-5.71263208993	-1681.46752983	
-5.71373280551	-1681.46772577	
-5.71483231084	-1681.46792235	
-5.71593060859	-1681.46811956	
-5.71702770141	-1681.46831739	
-5.71812359193	-1681.46851585	
-5.71921828279	-1681.46871493	
-5.72031177661	-1681.46891463	
-5.72140407601	-1681.46911494	
-5.72249518359	-1681.46931587	
-5.72358510195	-1681.4695174	
-5.72467383369	-1681.46971954	
-5.72576138137	-1681.46992228	
-5.72684774759	-1681.47012562	
-5.72793293489	-1681.47032956	
-5.72901694583	-1681.4705341	
-5.73009978297	-1681.47073923	
-5.73118144884	-1681.47094495	
-5.73226194598	-1681.47115125	
-5.7333412769	-1681.47135814	
-5.73441944412	-1681.47156561	
-5.73549645015	-1681.47177365	
-5.73657229748	-1681.47198228	
-5.73764698861	-1681.47219147	
-5.73872052602	-1681.47240124	
-5.73979291218	-1681.47261157	
-5.74086414956	-1681.47282247	
-5.74193424062	-1681.47303393	
-5.74300318781	-1681.47324595	
-5.74407099357	-1681.47345853	
-5.74513766034	-1681.47367166	
-5.74620319054	-1681.47388534	
-5.7472675866	-1681.47409957	
-5.74833085092	-1681.47431435	
-5.74939298591	-1681.47452968	
-5.75045399397	-1681.47474554	
-5.75151387748	-1681.47496194	
-5.75257263883	-1681.47517888	
-5.75363028038	-1681.47539636	
-5.75468680452	-1681.47561436	
-5.75574221359	-1681.47583289	
-5.75679650994	-1681.47605195	
-5.75784969593	-1681.47627154	
-5.75890177388	-1681.47649164	
-5.75995274612	-1681.47671227	
-5.76100261499	-1681.47693341	
-5.76205138278	-1681.47715506	
-5.76309905181	-1681.47737723	
-5.76414562438	-1681.4775999	
-5.76519110278	-1681.47782309	
-5.7662354893	-1681.47804677	
-5.76727878622	-1681.47827096	
-5.76832099579	-1681.47849565	
-5.7693621203	-1681.47872084	
-5.770402162	-1681.47894652	
-5.77144112313	-1681.47917269	
-5.77247900594	-1681.47939935	
-5.77351581267	-1681.47962651	
-5.77455154554	-1681.47985414	
-5.77558620679	-1681.48008227	
-5.77661979861	-1681.48031087	
-5.77765232322	-1681.48053995	
-5.77868378283	-1681.48076951	
-5.77971417962	-1681.48099954	
-5.78074351579	-1681.48123005	
-5.78177179352	-1681.48146102	
-5.78279901497	-1681.48169246	
-5.78382518233	-1681.48192437	
-5.78485029774	-1681.48215674	
-5.78587436337	-1681.48238958	
-5.78689738137	-1681.48262287	
-5.78791935386	-1681.48285662	
-5.788940283	-1681.48309082	
-5.7899601709	-1681.48332548	
-5.79097901969	-1681.48356058	
-5.79199683148	-1681.48379614	
-5.79301360838	-1681.48403214	
-5.7940293525	-1681.48426858	
-5.79504406593	-1681.48450547	
-5.79605775077	-1681.4847428	
-5.79707040908	-1681.48498056	
-5.79808204295	-1681.48521876	
-5.79909265446	-1681.4854574	
-5.80010224566	-1681.48569646	
-5.80111081862	-1681.48593596	
-5.80211837538	-1681.48617588	
-5.80312491799	-1681.48641623	
-5.80413044849	-1681.486657	
-5.80513496892	-1681.48689819	
-5.80613848129	-1681.48713981	
-5.80714098764	-1681.48738184	
-5.80814248998	-1681.48762428	
-5.80914299031	-1681.48786714	
