-7.124650221797838023e-01
-5.417725076673770568e-01
-8.730953519398261253e-01
2.387821362182581453e+00
-2.433476159396568972e-01
-1.182335618227261520e-01
-1.182335618227259300e-01
-7.551277131578015833e+00
-4.009543436981351405e+00
-4.288474571770414911e+00
-4.125153782117502388e+00
-6.193716986342481690e+00
-6.167885041688927927e+00
-5.974764844348966264e+00
-5.501731261984782684e+00
-6.622360500342332479e+00
-5.160129366493041658e+00
-5.789680282747728057e+00
-6.895744644717414218e+00
-3.267942524762507794e+00
