#Site	lnL	
0	-4.42510598128
1	-4.39128520739
2	-8.50115866946
3	-4.42510598128
4	-4.83306789418
5	-9.15176383484
6	-4.42510598128
7	-4.65606306928
8	-8.09161432195
9	-4.90767032298
10	-4.39128520739
11	-8.31270973413
12	-4.44325626315
13	-4.39128520739
14	-14.2831736561
15	-4.73218991215
16	-4.83306789418
17	-11.5772463274
18	-10.4296667935
19	-4.65606306928
20	-10.0195355355
21	-4.73218991215
22	-4.36537675626
23	-9.30713665377
24	-9.77561438493
25	-4.39128520739
26	-8.46493149529
27	-4.42510598128
28	-4.65606306928
29	-8.96275875655
30	-4.44325626315
31	-4.39128520739
32	-8.09161432195
33	-4.73218991215
34	-4.65606306928
35	-10.957697579
36	-4.73218991215
37	-4.65606306928
38	-8.50115866946
39	-4.73218991215
40	-4.36537675626
41	-11.5216337671
42	-4.42510598128
43	-4.83306789418
44	-7.91102989574
45	-4.42510598128
46	-4.39128520739
47	-6.84933448232
48	-4.42510598128
49	-4.65606306928
50	-10.3355617301
51	-4.73218991215
52	-4.39128520739
53	-13.9405655219
54	-4.42510598128
55	-4.36537675626
56	-10.0195355355
57	-4.90767032298
58	-4.39128520739
59	-9.18364854583
60	-4.42510598128
61	-4.65606306928
62	-10.1976527497
63	-4.90767032298
64	-4.36537675626
65	-9.31010793721
66	-4.90767032298
67	-4.36537675626
68	-8.09161432195
69	-11.4573238302
70	-4.36537675626
71	-8.06870959324
72	-11.4573238302
73	-4.39128520739
74	-8.26100248129
75	-4.44325626315
76	-4.39128520739
77	-6.58029171069
78	-4.90767032298
79	-4.36537675626
80	-8.09161432195
81	-4.73218991215
82	-4.65606306928
83	-8.6598695494
84	-4.73218991215
85	-4.36537675626
86	-6.58029171069
87	-4.90767032298
88	-4.65606306928
89	-9.94859895635
90	-4.90767032298
91	-4.83306789418
92	-9.26920881099
93	-4.42510598128
94	-4.36537675626
95	-9.63617021455
96	-4.44325626315
97	-4.36537675626
98	-9.30713665377
99	-4.73218991215
100	-4.65606306928
101	-6.58029171069
102	-9.98593742481
103	-4.36537675626
104	-6.58029171069
105	-4.42510598128
106	-4.36537675626
107	-10.0195355355
108	-4.42510598128
109	-4.65606306928
110	-9.39185735402
111	-4.73218991215
112	-4.65606306928
113	-8.06870959324
114	-4.44325626315
115	-4.65606306928
116	-6.58029171069
117	-4.44325626315
118	-4.36537675626
119	-11.1868051596
120	-10.335392412
121	-4.39128520739
122	-7.91102989574
123	-4.73218991215
124	-4.39128520739
125	-8.6598695494
126	-4.90767032298
127	-4.36537675626
128	-6.84933448232
129	-4.44325626315
130	-4.65606306928
131	-6.84933448232
132	-4.73218991215
133	-4.83306789418
134	-7.91102989574
135	-4.42510598128
136	-4.83306789418
137	-10.9231808721
138	-8.9965131958
139	-4.36537675626
140	-15.1494710204
141	-4.42510598128
142	-4.39128520739
143	-8.50115866946
144	-4.42510598128
145	-4.83306789418
146	-12.3063307302
147	-4.44325626315
148	-4.36537675626
149	-9.80781068717
150	-4.44325626315
151	-4.65606306928
152	-6.84933448232
153	-4.44325626315
154	-4.36537675626
155	-8.09161432195
156	-4.73218991215
157	-4.36537675626
158	-8.05172495307
159	-4.73218991215
160	-4.36537675626
161	-9.0458608351
162	-4.44325626315
163	-4.65606306928
164	-9.93087493698
165	-4.42510598128
166	-4.65606306928
167	-11.4656440678
168	-4.73218991215
169	-4.65606306928
170	-9.39544524764
171	-4.73218991215
172	-4.36537675626
173	-9.61114293963
174	-4.42510598128
175	-4.39128520739
176	-13.8434966549
177	-4.44325626315
178	-4.83306789418
179	-9.61114293963
180	-4.73218991215
181	-4.39128520739
182	-6.58029171069
183	-4.44325626315
184	-9.33753970676
185	-9.31010793721
186	-4.42510598128
187	-4.39128520739
188	-16.4198894264
189	-4.90767032298
190	-4.39128520739
191	-6.58029171069
192	-4.44325626315
193	-4.39128520739
194	-8.09161432195
195	-4.42510598128
196	-4.65606306928
197	-8.50115866946
198	-12.784352201
199	-4.65606306928
200	-10.7365374231
201	-4.42510598128
202	-4.39128520739
203	-9.26920881099
204	-4.44325626315
205	-4.83306789418
206	-8.01865878483
207	-4.42510598128
208	-4.83306789418
209	-6.84933448232
210	-4.90767032298
211	-4.39128520739
212	-14.7701637596
213	-4.73218991215
214	-4.39128520739
215	-6.58029171069
216	-4.73218991215
217	-4.39128520739
218	-10.4340049366
219	-4.90767032298
220	-4.65606306928
221	-6.58029171069
222	-4.90767032298
223	-4.83306789418
224	-14.5296964371
225	-4.44325626315
226	-4.36537675626
227	-22.4323379989
228	-4.42510598128
229	-4.36537675626
230	-6.84933448232
231	-4.44325626315
232	-4.36537675626
233	-6.84933448232
234	-4.90767032298
235	-4.65606306928
236	-11.7749644711
237	-11.2697917571
238	-4.65606306928
239	-11.089396686
240	-4.90767032298
241	-4.65606306928
242	-8.46493149529
243	-4.90767032298
244	-4.65606306928
245	-9.29559713543
246	-4.90767032298
247	-4.36537675626
248	-15.5879464863
249	-4.44325626315
250	-4.39128520739
251	-9.61114293963
252	-4.90767032298
253	-4.65606306928
254	-10.2090306919
255	-4.73218991215
256	-4.65606306928
257	-6.58029171069
258	-4.42510598128
259	-4.65606306928
260	-6.84933448232
261	-4.90767032298
262	-4.39128520739
263	-8.09161432195
264	-4.42510598128
265	-4.39128520739
266	-13.5097221418
267	-13.8567500761
268	-4.65606306928
269	-9.29559713543
270	-4.44325626315
271	-4.39128520739
272	-6.84933448232
273	-10.2942865089
274	-4.36537675626
275	-6.84933448232
276	-4.42510598128
277	-4.83306789418
278	-9.54550093023
279	-4.73218991215
280	-4.39128520739
281	-12.7708881631
282	-10.1249822754
283	-4.36537675626
284	-8.50115866946
285	-4.42510598128
286	-4.36537675626
287	-9.51487743561
288	-4.73218991215
289	-4.65606306928
290	-13.7580039961
291	-4.90767032298
292	-4.83306789418
293	-6.84933448232
294	-4.42510598128
295	-4.39128520739
296	-14.4330293243
297	-4.42510598128
298	-4.39128520739
299	-9.39544524764
300	-10.2875580554
301	-10.6552163881
302	-10.3376108687
303	-4.44325626315
304	-4.83306789418
305	-9.61114293963
306	-8.76503629241
307	-4.83306789418
308	-9.30713665377
309	-4.73218991215
310	-4.36537675626
311	-6.84933448232
312	-18.2782083409
313	-4.65606306928
314	-9.99520842759
315	-4.44325626315
316	-4.65606306928
317	-6.58029171069
318	-4.73218991215
319	-4.83306789418
320	-13.2161968582
321	-4.44325626315
322	-4.83306789418
323	-14.7161862824
324	-13.4497708592
325	-4.83306789418
326	-11.1433511327
327	-4.44325626315
328	-4.65606306928
329	-8.50115866946
330	-4.44325626315
331	-4.39128520739
332	-8.09161432195
333	-4.42510598128
334	-4.65606306928
335	-9.80781068717
336	-4.42510598128
337	-4.36537675626
338	-7.91102989574
339	-4.42510598128
340	-4.65606306928
341	-14.8376038434
342	-4.44325626315
343	-4.39128520739
344	-10.5119426421
345	-4.42510598128
346	-10.5042508247
347	-9.30713665377
348	-4.42510598128
349	-4.65606306928
350	-6.58029171069
351	-4.90767032298
352	-4.83306789418
353	-6.84933448232
354	-4.42510598128
355	-4.39128520739
356	-12.7960320315
357	-4.44325626315
358	-4.36537675626
359	-6.84933448232
360	-4.42510598128
361	-4.65606306928
362	-6.58029171069
363	-4.44325626315
364	-4.65606306928
365	-8.74451720562
366	-4.73218991215
367	-4.83306789418
368	-12.3340836015
369	-11.3816763552
370	-11.5878796847
371	-8.90154805251
372	-4.90767032298
373	-4.65606306928
374	-11.9464765798
375	-4.73218991215
376	-4.39128520739
377	-11.5925355982
378	-4.90767032298
379	-4.83306789418
380	-11.6106559175
381	-4.42510598128
382	-4.36537675626
383	-13.9136610236
384	-4.44325626315
385	-4.36537675626
386	-8.01865878483
387	-4.73218991215
388	-4.83306789418
389	-8.6598695494
390	-4.44325626315
391	-4.39128520739
392	-8.40482638792
393	-4.42510598128
394	-4.65606306928
395	-7.95296956708
396	-11.0262203997
397	-4.65606306928
398	-11.7749644711
399	-4.42510598128
400	-4.65606306928
401	-8.26100248129
402	-10.0970412821
403	-4.36537675626
404	-11.1161007493
405	-4.44325626315
406	-4.39128520739
407	-10.893722927
408	-4.44325626315
409	-4.36537675626
410	-8.01865878483
411	-4.42510598128
412	-4.65606306928
413	-12.9298171954
414	-4.73218991215
415	-4.36537675626
416	-13.5598812343
417	-4.42510598128
418	-4.39128520739
419	-6.58029171069
420	-4.90767032298
421	-4.36537675626
422	-6.84933448232
423	-4.44325626315
424	-9.32544105978
425	-10.0950707716
426	-11.0838400623
427	-4.39128520739
428	-6.58029171069
429	-4.73218991215
430	-4.36537675626
431	-7.91102989574
432	-4.90767032298
433	-9.56938423123
434	-10.1643001797
435	-4.90767032298
436	-4.36537675626
437	-7.91102989574
438	-4.42510598128
439	-4.83306789418
440	-6.58029171069
441	-4.44325626315
442	-4.36537675626
443	-11.3345815399
444	-11.2810919709
445	-4.65606306928
446	-15.2662523351
447	-4.73218991215
448	-4.83306789418
449	-8.96933421718
450	-4.42510598128
451	-4.39128520739
452	-13.4604408184
453	-4.44325626315
454	-4.83306789418
455	-17.4018711786
456	-9.15378963107
457	-4.83306789418
458	-12.4189664245
459	-4.42510598128
460	-4.36537675626
461	-8.05172495307
462	-4.42510598128
463	-4.39128520739
464	-9.31123225761
465	-4.73218991215
466	-4.39128520739
467	-11.1833614461
468	-4.42510598128
469	-4.39128520739
470	-9.86471877159
471	-12.9346610456
472	-4.39128520739
473	-10.1650666079
474	-4.73218991215
475	-4.83306789418
476	-8.6598695494
477	-4.42510598128
478	-4.36537675626
479	-17.5510182176
480	-10.2813918222
481	-4.36537675626
482	-13.0219158846
483	-4.42510598128
484	-4.83306789418
485	-9.29559713543
486	-4.44325626315
487	-4.83306789418
488	-9.39544524764
