-7.378371958846590140e-01
-5.381570859709319254e-01
-8.172672943871831519e-01
2.725974891535708267e+00
-1.021060743471769561e+00
2.561348627816889323e+00
-5.777976240593261092e-01
1.000000000000000021e-08
-4.240633533582792936e+00
-5.547895740842227141e+00
-4.098434252163998259e+00
-4.586214679513935799e+00
-8.156350517302250580e+00
-5.930954167505801955e+00
-5.482522190216326585e+00
-5.494388191906097063e+00
-6.515574677423740191e+00
-5.614201272077165683e+00
-5.429638580978689788e+00
-6.073861624742752596e+00
