#Site	lnL	
0	-1.60313902383
1	-1.55274225567
2	-5.15845703001
3	-1.84249239937
4	-1.55274225567
5	-6.79765119792
6	-1.60313902383
7	-1.79553065013
8	-7.64890860405
9	-1.36093971544
10	-1.32863866552
11	-1.87377297659
12	-1.60313902383
13	-1.55274225567
14	-2.40464346547
15	-1.84249239937
16	-1.79553065013
17	-9.27611332367
18	-6.08612596226
19	-1.79553065013
20	-1.87377297659
21	-1.36093971544
22	-1.23701130638
23	-7.6037833426
24	-1.2757592287
25	-1.32863866552
26	-8.69173627423
27	-1.2757592287
28	-1.32863866552
29	-6.79765119792
30	-1.2757592287
31	-1.23701130638
32	-1.87377297659
33	-1.2757592287
34	-1.79553065013
35	-7.93604420413
36	-1.84249239937
37	-1.23701130638
38	-5.77563624009
39	-1.60313902383
40	-1.32863866552
41	-1.87377297659
42	-1.84249239937
43	-1.23701130638
44	-9.00311183178
45	-1.36093971544
46	-1.23701130638
47	-2.40464346547
48	-6.00508498902
49	-1.32863866552
50	-6.10030940327
51	-1.36093971544
52	-1.23701130638
53	-1.87377297659
54	-1.2757592287
55	-1.23701130638
56	-4.33412906223
57	-1.2757592287
58	-1.23701130638
59	-2.5934261457
60	-1.84249239937
61	-1.79553065013
62	-6.30976870846
63	-1.60313902383
64	-1.55274225567
65	-1.88818433538
66	-1.36093971544
67	-1.55274225567
68	-7.06799779581
69	-1.84249239937
70	-1.23701130638
71	-9.01070474941
72	-1.36093971544
73	-1.55274225567
74	-1.87377297659
75	-1.36093971544
76	-1.79553065013
77	-13.7139334556
78	-12.8181452237
79	-1.23701130638
80	-1.88818433538
81	-1.36093971544
82	-1.32863866552
83	-5.22233814984
84	-1.60313902383
85	-1.23701130638
86	-11.92422083
87	-1.2757592287
88	-1.32863866552
89	-1.88818433538
90	-1.84249239937
91	-1.32863866552
92	-1.88818433538
93	-6.08612596226
94	-1.55274225567
95	-6.61337865226
96	-1.84249239937
97	-1.32863866552
98	-6.98628760387
99	-1.60313902383
100	-7.66100660553
101	-1.88818433538
102	-1.84249239937
103	-1.55274225567
104	-1.88818433538
105	-1.2757592287
106	-1.79553065013
107	-5.19725078071
108	-6.07108287722
109	-1.32863866552
110	-2.40464346547
111	-1.2757592287
112	-1.23701130638
113	-12.0579270318
114	-1.84249239937
115	-1.23701130638
116	-1.88818433538
117	-1.36093971544
118	-1.55274225567
119	-4.81640585571
120	-1.2757592287
121	-1.32863866552
122	-11.1705564286
123	-1.84249239937
124	-1.79553065013
125	-7.75060339059
126	-1.60313902383
127	-1.79553065013
128	-4.33412906223
129	-1.36093971544
130	-1.55274225567
131	-13.7303743005
132	-1.36093971544
133	-1.23701130638
134	-1.88818433538
135	-1.36093971544
136	-1.32863866552
137	-11.256729778
138	-1.36093971544
139	-1.55274225567
140	-7.52614441408
141	-1.36093971544
142	-1.32863866552
143	-9.94004917968
144	-1.84249239937
145	-1.32863866552
146	-10.3602182379
147	-1.36093971544
148	-1.23701130638
149	-13.4025720005
150	-1.84249239937
151	-1.32863866552
152	-4.33412906223
153	-1.2757592287
154	-8.16770859312
155	-4.77509951802
156	-1.36093971544
157	-1.32863866552
158	-5.88807948465
159	-1.84249239937
160	-1.55274225567
161	-6.40534523032
162	-1.2757592287
163	-1.32863866552
164	-7.9309635386
165	-1.2757592287
166	-1.55274225567
167	-7.6037833426
168	-1.84249239937
169	-1.79553065013
170	-6.32269434128
171	-1.2757592287
172	-1.79553065013
173	-6.79765119792
174	-1.36093971544
175	-1.55274225567
176	-9.38002697225
177	-1.60313902383
178	-1.55274225567
179	-5.88963152328
180	-1.60313902383
181	-1.79553065013
182	-10.49219216
183	-1.2757592287
184	-10.7994806537
185	-2.40464346547
186	-1.84249239937
187	-1.55274225567
188	-5.85254436663
189	-1.60313902383
190	-1.32863866552
191	-1.88818433538
192	-1.84249239937
193	-1.23701130638
194	-6.42699500771
195	-1.36093971544
196	-1.79553065013
197	-7.49161553479
198	-1.84249239937
199	-1.23701130638
200	-1.87377297659
201	-1.2757592287
202	-1.55274225567
203	-8.81486074415
204	-1.60313902383
205	-1.32863866552
206	-6.79765119792
207	-1.84249239937
208	-1.32863866552
209	-8.89830201403
210	-1.2757592287
211	-1.23701130638
212	-4.8810683183
213	-1.84249239937
214	-1.79553065013
215	-8.79263623962
216	-1.36093971544
217	-1.23701130638
218	-11.3510604505
219	-1.60313902383
220	-1.55274225567
221	-8.67307110322
222	-1.60313902383
223	-1.32863866552
224	-8.22596773077
225	-1.84249239937
226	-9.14987491312
227	-2.40464346547
228	-1.36093971544
229	-1.79553065013
230	-5.02502856721
231	-1.2757592287
232	-1.23701130638
233	-8.06125941492
234	-10.0592892075
235	-1.32863866552
236	-8.20989448089
237	-1.2757592287
238	-1.32863866552
239	-11.4813497997
240	-6.72866546466
241	-1.55274225567
242	-9.75818759091
243	-1.2757592287
244	-8.56205054734
245	-6.11786348449
246	-1.60313902383
247	-1.55274225567
248	-4.77509951802
249	-1.2757592287
250	-1.32863866552
251	-15.3723771709
252	-1.2757592287
253	-1.32863866552
254	-16.6341142418
255	-1.36093971544
256	-1.79553065013
257	-4.8810683183
258	-1.36093971544
259	-1.79553065013
260	-9.28029744444
261	-1.60313902383
262	-1.23701130638
263	-6.12542369942
264	-1.84249239937
265	-1.32863866552
266	-9.87594628603
267	-1.60313902383
268	-1.32863866552
269	-11.7783821956
270	-1.84249239937
271	-1.55274225567
272	-12.5483404533
273	-6.61453794425
274	-1.32863866552
275	-7.23008134026
276	-1.2757592287
277	-1.23701130638
278	-7.43337895385
279	-1.60313902383
280	-1.79553065013
281	-8.13739114811
282	-1.60313902383
283	-1.23701130638
284	-5.87977738086
285	-1.36093971544
286	-1.55274225567
287	-1.88818433538
288	-1.36093971544
289	-1.32863866552
290	-8.8436314097
291	-1.36093971544
292	-1.55274225567
293	-5.49451825143
294	-1.84249239937
295	-1.23701130638
296	-5.02502856721
297	-1.84249239937
298	-1.32863866552
299	-6.60038310498
300	-1.2757592287
301	-1.79553065013
302	-10.4453481296
303	-9.79306656932
304	-1.32863866552
305	-1.88818433538
306	-1.36093971544
307	-1.79553065013
308	-5.85254436663
309	-1.36093971544
310	-1.23701130638
311	-14.9122302776
312	-9.30639379439
313	-1.79553065013
314	-2.5934261457
315	-1.2757592287
316	-1.32863866552
317	-5.48507942779
318	-5.69797839552
319	-1.55274225567
320	-5.87977738086
321	-1.84249239937
322	-8.70116747217
323	-6.79765119792
324	-1.60313902383
325	-1.55274225567
326	-8.78232570107
327	-12.0478591673
328	-1.32863866552
329	-1.87377297659
330	-1.60313902383
331	-1.23701130638
332	-4.57280127042
333	-1.2757592287
334	-1.32863866552
335	-5.15845703001
336	-1.60313902383
337	-1.32863866552
338	-8.68218480554
339	-1.84249239937
340	-1.79553065013
341	-7.05551853077
342	-1.60313902383
343	-8.38065005614
344	-2.5934261457
345	-1.36093971544
346	-1.55274225567
347	-5.27484188896
348	-1.2757592287
349	-1.23701130638
350	-9.45962373104
351	-1.60313902383
352	-1.23701130638
353	-1.88818433538
354	-1.60313902383
355	-8.36055116144
356	-1.87377297659
357	-1.36093971544
358	-1.23701130638
359	-2.5934261457
360	-1.2757592287
361	-1.79553065013
362	-2.5934261457
363	-1.2757592287
364	-1.32863866552
365	-4.98101154589
366	-5.67056496709
367	-1.32863866552
368	-14.3633726498
369	-8.12865198233
370	-1.79553065013
371	-5.02502856721
372	-1.36093971544
373	-1.23701130638
374	-12.900712328
375	-1.60313902383
376	-1.32863866552
377	-12.8112981235
378	-1.36093971544
379	-1.23701130638
380	-1.87377297659
381	-1.2757592287
382	-1.32863866552
383	-14.5765611818
384	-1.60313902383
385	-1.32863866552
386	-6.55929874644
387	-1.2757592287
388	-1.32863866552
389	-7.06799779581
390	-1.36093971544
391	-1.23701130638
392	-1.88818433538
393	-1.2757592287
394	-1.79553065013
395	-6.62412617504
396	-1.60313902383
397	-1.23701130638
398	-4.8810683183
399	-1.84249239937
400	-1.23701130638
401	-9.06111145847
402	-1.84249239937
403	-1.32863866552
404	-1.88818433538
405	-1.84249239937
406	-1.32863866552
407	-5.02502856721
408	-1.84249239937
409	-1.23701130638
410	-2.5934261457
411	-1.36093971544
412	-1.55274225567
413	-1.87377297659
414	-6.08612596226
415	-1.23701130638
416	-5.02502856721
417	-6.72866546466
418	-1.55274225567
419	-9.46078937634
420	-1.60313902383
421	-1.79553065013
422	-14.3732192519
423	-1.36093971544
424	-1.23701130638
425	-12.5901987592
426	-1.2757592287
427	-1.23701130638
428	-1.87377297659
429	-1.2757592287
430	-8.6583349755
431	-5.22233814984
432	-1.36093971544
433	-11.488812077
434	-1.87377297659
435	-1.36093971544
436	-1.32863866552
437	-2.40464346547
438	-1.2757592287
439	-1.55274225567
440	-7.89589632444
441	-1.84249239937
442	-1.23701130638
443	-1.88818433538
444	-1.60313902383
445	-1.79553065013
446	-1.87377297659
447	-1.2757592287
448	-9.88439315222
449	-10.2229634625
450	-1.60313902383
451	-1.55274225567
452	-5.51091096021
453	-1.84249239937
454	-1.55274225567
455	-17.0353110101
456	-1.60313902383
457	-1.32863866552
458	-5.27484188896
459	-1.84249239937
460	-1.32863866552
461	-6.10573076413
462	-1.2757592287
463	-1.23701130638
464	-1.88818433538
465	-1.36093971544
466	-1.79553065013
467	-13.1380109457
468	-1.2757592287
469	-1.55274225567
470	-1.87377297659
471	-1.2757592287
472	-1.32863866552
473	-5.27484188896
474	-1.2757592287
475	-1.32863866552
476	-1.88818433538
477	-1.2757592287
478	-1.23701130638
479	-5.85254436663
480	-1.36093971544
481	-1.23701130638
482	-1.88818433538
483	-1.60313902383
484	-1.23701130638
485	-6.72593490203
486	-1.84249239937
487	-1.55274225567
488	-5.51091096021
