-7.714571390790411209e-01
-4.542398438205429434e-01
-8.489941226037855948e-01
2.600685151035508014e+00
-8.583557342708858506e-01
2.205809636469543644e+00
1.277334142531264760e+00
-1.152852388311428111e+00
-4.186523184859528790e+00
-5.253887482937540376e+00
-4.156857276877358842e+00
-4.171671705959393961e+00
-6.204068527100086605e+00
-5.572070333524115959e+00
-5.376852252836068935e+00
-4.926637818095108479e+00
-6.340170327331839495e+00
-5.171604193752927792e+00
-5.492835576461087221e+00
-5.794346526342972759e+00
