-6.993470912523535032e-01
-4.908234149305992222e-01
-8.925399060441910892e-01
2.419018096950682040e+00
-1.050395220629784854e+00
2.163290495297477634e+00
-8.764688743888746636e-01
-3.492643855155749044e+00
-4.146604440206671072e+00
-5.143834163120336811e+00
-3.791054616637894892e+00
-3.886139176389767247e+00
-1.600042016528245981e+01
-5.738800211500453941e+00
-5.799960276651163760e+00
-4.384416997134283456e+00
-5.811427816449508121e+00
-5.259174904816612539e+00
-4.786646347722295580e+00
-6.054126622503579469e+00
