-7.546921842872468256e-01
-4.561846052363057735e-01
-8.147967758964114182e-01
2.544543465266050575e+00
-7.228601410920153514e-01
2.368168746848751116e+00
6.729927453390194270e-01
-1.025851774331326682e+00
-4.186492534455372727e+00
-5.009249417419816552e+00
-3.965872300577825360e+00
-4.628260307587001243e+00
-5.737850265241492664e+00
-6.353195444018950866e+00
-6.193654664122245634e+00
-5.133793409284368003e+00
-7.065827593945418705e+00
-5.396880417763855853e+00
-5.633790123833233743e+00
-6.596892977500817601e+00
