# log_p 	 lnL 	 
0.0	-1871.01335302	
-0.287682072452	-1871.01520996	
-0.510825623766	-1871.01716429	
-0.69314718056	-1871.01896493	
-0.847297860387	-1871.02055006	
-0.980829253012	-1871.0218926	
-1.09861228867	-1871.02294307	
-1.20397280433	-1871.0236307	
-1.29928298413	-1871.02388231	
-1.38629436112	-1871.02363908	
-1.46633706879	-1871.02286565	
-1.54044504095	-1871.02155231	
-1.60943791243	-1871.01971252	
-1.67397643357	-1871.01737827	
-1.73460105539	-1871.01459478	
-1.79175946923	-1871.01141551	
-1.8458266905	-1871.00789803	
-1.89711998489	-1871.00410073	
-1.94591014906	-1871.00008045	
-1.99243016469	-1870.99589085	
-2.03688192726	-1870.99158136	
-2.07944154168	-1870.98719666	
-2.1202635362	-1870.98277648	
-2.15948424935	-1870.97835556	
-2.19722457734	-1870.97396394	
-2.23359222151	-1870.96962718	
-2.26868354132	-1870.96536674	
-2.30258509299	-1870.96120037	
-2.33537491582	-1870.9571425	
-2.36712361413	-1870.95320458	
-2.3978952728	-1870.94939548	
-2.42774823595	-1870.9457218	
-2.45673577282	-1870.94218819	
-2.48490664979	-1870.9387976	
-2.51230562398	-1870.93555155	
-2.53897387106	-1870.93245033	
-2.56494935746	-1870.92949322	
-2.59026716545	-1870.92667865	
-2.61495977804	-1870.92400432	
-2.63905732962	-1870.9214674	
-2.66258782703	-1870.91906456	
-2.68557734525	-1870.91679215	
-2.7080502011	-1870.91464619	
-2.73002910782	-1870.91262255	
-2.75153531304	-1870.91071691	
-2.77258872224	-1870.90892489	
-2.79320800944	-1870.90724203	
-2.81341071676	-1870.90566389	
-2.83321334406	-1870.90418604	
-2.85263142991	-1870.90280407	
-2.87167962488	-1870.90151367	
-2.8903717579	-1870.90031058	
-2.90872089656	-1870.89919066	
-2.92673940207	-1870.89814988	
-2.94443897917	-1870.89718428	
-2.96183072188	-1870.89629008	
-2.97892515524	-1870.89546358	
-2.99573227355	-1870.89470124	
-3.01226157551	-1870.89399961	
-3.02852209638	-1870.89335541	
-3.04452243772	-1870.89276546	
-3.06027079469	-1870.89222672	
-3.07577498123	-1870.89173627	
-3.09104245336	-1870.89129133	
-3.10608033072	-1870.89088921	
-3.12089541651	-1870.89052736	
-3.13549421593	-1870.89020335	
-3.14988295338	-1870.88991485	
-3.16406758837	-1870.88965962	
-3.17805383035	-1870.88943556	
-3.19184715248	-1870.88924065	
-3.20545280454	-1870.88907297	
-3.21887582487	-1870.88893068	
-3.23212105162	-1870.88881206	
-3.24519313319	-1870.88871545	
-3.25809653802	-1870.88863927	
-3.2708355638	-1870.88858205	
-3.28341434601	-1870.88854236	
-3.295836866	-1870.88851886	
-3.3081069586	-1870.88851029	
-3.32022831913	-1870.88851542	
-3.33220451018	-1870.88853312	
-3.34403896782	-1870.8885623	
-3.35573500759	-1870.88860193	
-3.36729582999	-1870.88865106	
-3.37872452581	-1870.88870874	
-3.39002408106	-1870.88877413	
-3.40119738166	-1870.88884639	
-3.41224721785	-1870.88892475	
-3.42317628838	-1870.88900847	
-3.43398720449	-1870.88909687	
-3.4446824936	-1870.88918929	
-3.45526460293	-1870.88928512	
-3.4657359028	-1870.88938377	
-3.47609868984	-1870.8894847	
-3.48635519	-1870.8895874	
-3.49650756147	-1870.88969138	
-3.50655789732	-1870.88979618	
-3.51650822817	-1870.88990138	
-3.52636052462	-1870.89000658	
-3.53611669956	-1870.89011139	
-3.54577861047	-1870.89021548	
-3.55534806149	-1870.8903185	
-3.56482680544	-1870.89042015	
-3.57421654579	-1870.89052014	
-3.58351893846	-1870.8906182	
-3.59273559356	-1870.89071407	
-3.60186807712	-1870.89080753	
-3.61091791264	-1870.89089835	
-3.61988658263	-1870.89098633	
-3.62877553004	-1870.89107129	
-3.63758615973	-1870.89115305	
-3.6463198397	-1870.89123145	
-3.65497790244	-1870.89130634	
-3.66356164613	-1870.89137758	
-3.6720723358	-1870.89144506	
-3.68051120444	-1870.89150866	
-3.68887945411	-1870.89156826	
-3.69717825693	-1870.89162379	
-3.70540875607	-1870.89167515	
-3.7135720667	-1870.89172226	
-3.72166927694	-1870.89176506	
-3.72970144863	-1870.89180349	
-3.73766961828	-1870.89183748	
-3.74557479779	-1870.89186701	
-3.75341797525	-1870.89189201	
-3.76120011569	-1870.89191247	
-3.76892216179	-1870.89192835	
-3.77658503453	-1870.89193962	
-3.78418963392	-1870.89194627	
-3.79173683955	-1870.89194829	
-3.79922751128	-1870.89194567	
-3.80666248977	-1870.89193839	
-3.81404259707	-1870.89192647	
-3.82136863716	-1870.8919099	
-3.82864139649	-1870.89188869	
-3.83586164446	-1870.89186285	
-3.84303013394	-1870.8918324	
-3.85014760171	-1870.89179734	
-3.85721476893	-1870.89175771	
-3.86423234159	-1870.89171351	
-3.87120101091	-1870.89166478	
-3.87812145375	-1870.89161153	
-3.88499433304	-1870.8915538	
-3.89182029811	-1870.89149162	
-3.8985999851	-1870.89142502	
-3.90533401728	-1870.89135403	
-3.91202300543	-1870.89127868	
-3.91866754815	-1870.89119902	
-3.92526823218	-1870.89111508	
-3.93182563272	-1870.8910269	
-3.93834031375	-1870.89093452	
-3.94481282825	-1870.89083799	
-3.95124371858	-1870.89073733	
-3.95763351668	-1870.8906326	
-3.96398274436	-1870.89052384	
-3.97029191355	-1870.89041109	
-3.97656152657	-1870.89029441	
-3.98279207632	-1870.89017382	
-3.98898404656	-1870.89004939	
-3.99513791214	-1870.88992115	
-4.00125413916	-1870.88978916	
-4.00733318523	-1870.88965346	
-4.01337549969	-1870.88951409	
-4.01938152375	-1870.88937111	
-4.02535169074	-1870.88922456	
-4.03128642625	-1870.8890745	
-4.03718614838	-1870.88892096	
-4.04305126783	-1870.888764	
-4.04888218815	-1870.88860367	
-4.05467930583	-1870.88844001	
-4.06044301055	-1870.88827307	
-4.06617368526	-1870.8881029	
-4.07187170637	-1870.88792955	
-4.07753744391	-1870.88775306	
-4.08317126162	-1870.88757348	
-4.08877351717	-1870.88739086	
-4.09434456222	-1870.88720525	
-4.0998847426	-1870.88701669	
-4.10539439841	-1870.88682524	
-4.11087386417	-1870.88663093	
-4.11632346894	-1870.88643381	
-4.12174353641	-1870.88623393	
-4.12713438505	-1870.88603133	
-4.13249632819	-1870.88582606	
-4.13782967416	-1870.88561817	
-4.14313472639	-1870.8854077	
-4.14841178349	-1870.88519469	
-4.15366113938	-1870.88497918	
-4.15888308336	-1870.88476122	
-4.16407790024	-1870.88454086	
-4.1692458704	-1870.88431814	
-4.1743872699	-1870.88409309	
-4.17950237056	-1870.88386576	
-4.18459144007	-1870.88363619	
-4.18965474203	-1870.88340442	
-4.19469253606	-1870.8831705	
-4.19970507788	-1870.88293446	
-4.20469261939	-1870.88269635	
-4.20965540873	-1870.88245619	
-4.21459369037	-1870.88221404	
-4.21950770518	-1870.88196992	
-4.22439769047	-1870.88172389	
-4.22926388012	-1870.88147597	
-4.2341065046	-1870.8812262	
-4.23892579103	-1870.88097462	
-4.2437219633	-1870.88072127	
-4.24849524205	-1870.88046618	
-4.25324584481	-1870.88020939	
-4.257973986	-1870.87995093	
-4.26267987704	-1870.87969083	
-4.26736372635	-1870.87942914	
-4.27202573946	-1870.87916588	
-4.27666611902	-1870.87890109	
-4.28128506487	-1870.8786348	
-4.28588277412	-1870.87836705	
-4.29045944115	-1870.87809786	
-4.29501525768	-1870.87782726	
-4.29955041285	-1870.8775553	
-4.3040650932	-1870.877282	
-4.30855948279	-1870.87700738	
-4.31303376319	-1870.87673149	
-4.31748811354	-1870.87645434	
-4.3219227106	-1870.87617597	
-4.32633772881	-1870.87589641	
-4.33073334029	-1870.87561569	
-4.33510971489	-1870.87533383	
-4.33946702026	-1870.87505086	
-4.34380542185	-1870.87476681	
-4.348125083	-1870.87448171	
-4.3524261649	-1870.87419557	
-4.35670882669	-1870.87390844	
-4.36097322548	-1870.87362033	
-4.36521951636	-1870.87333127	
-4.36944785247	-1870.87304128	
-4.373658385	-1870.87275039	
-4.37785126326	-1870.87245862	
-4.38202663467	-1870.872166	
-4.38618464482	-1870.87187256	
-4.39032543749	-1870.8715783	
-4.39444915467	-1870.87128326	
-4.39855593663	-1870.87098746	
-4.40264592188	-1870.87069093	
-4.40671924726	-1870.87039367	
-4.41077604796	-1870.87009572	
-4.4148164575	-1870.8697971	
-4.4188406078	-1870.86949782	
-4.42284862919	-1870.86919791	
-4.42684065046	-1870.86889739	
-4.43081679884	-1870.86859627	
-4.43477720006	-1870.86829459	
-4.43872197835	-1870.86799235	
-4.44265125649	-1870.86768957	
-4.44656515581	-1870.86738628	
-4.45046379623	-1870.86708249	
-4.45434729625	-1870.86677823	
-4.45821577303	-1870.8664735	
-4.46206934235	-1870.86616833	
-4.46590811865	-1870.86586273	
-4.46973221509	-1870.86555673	
-4.47354174351	-1870.86525033	
-4.47733681448	-1870.86494355	
-4.48111753732	-1870.86463642	
-4.48488402011	-1870.86432895	
-4.48863636973	-1870.86402114	
-4.49237469184	-1870.86371303	
-4.49609909093	-1870.86340461	
-4.49980967033	-1870.86309592	
-4.50350653221	-1870.86278696	
-4.50718977763	-1870.86247775	
-4.51085950652	-1870.8621683	
-4.51451581772	-1870.86185862	
-4.518158809	-1870.86154873	
-4.52178857705	-1870.86123865	
-4.52540521752	-1870.86092839	
-4.52900882502	-1870.86061795	
-4.53259949315	-1870.86030736	
-4.5361773145	-1870.85999662	
-4.53974238067	-1870.85968576	
-4.54329478227	-1870.85937477	
-4.54683460898	-1870.85906368	
-4.55036194949	-1870.85875249	
-4.5538768916	-1870.85844121	
-4.55737952215	-1870.85812987	
-4.56086992709	-1870.85781846	
-4.56434819147	-1870.857507	
-4.56781439944	-1870.85719551	
-4.57126863431	-1870.85688399	
-4.5747109785	-1870.85657245	
-4.5781415136	-1870.8562609	
-4.58156032035	-1870.85594936	
-4.58496747867	-1870.85563783	
-4.58836306767	-1870.85532633	
-4.59174716566	-1870.85501485	
-4.59511985013	-1870.85470342	
-4.59848119784	-1870.85439204	
-4.60183128472	-1870.85408073	
-4.60517018599	-1870.85376948	
-4.60849797608	-1870.85345831	
-4.61181472871	-1870.85314723	
-4.61512051684	-1870.85283625	
-4.61841541274	-1870.85252537	
-4.62169948794	-1870.85221461	
-4.62497281328	-1870.85190397	
-4.62823545892	-1870.85159345	
-4.63148749431	-1870.85128308	
-4.63472898823	-1870.85097285	
-4.63796000881	-1870.85066277	
-4.64118062351	-1870.85035285	
-4.64439089914	-1870.8500431	
-4.64759090187	-1870.84973352	
-4.65078069724	-1870.84942413	
-4.65396035016	-1870.84911492	
-4.65712992492	-1870.84880591	
-4.66028948521	-1870.84849711	
-4.66343909411	-1870.84818851	
-4.66657881412	-1870.84788012	
-4.66970870713	-1870.84757196	
-4.67282883446	-1870.84726403	
-4.67593925688	-1870.84695632	
-4.67904003455	-1870.84664886	
-4.68213122712	-1870.84634165	
-4.68521289366	-1870.84603468	
-4.6882850927	-1870.84572798	
-4.69134788223	-1870.84542153	
-4.69440131972	-1870.84511535	
-4.6974454621	-1870.84480945	
-4.70048036579	-1870.84450382	
-4.70350608671	-1870.84419848	
-4.70652268025	-1870.84389343	
-4.70953020131	-1870.84358867	
-4.71252870431	-1870.84328421	
-4.71551824316	-1870.84298005	
-4.7184988713	-1870.8426762	
-4.72147064168	-1870.84237266	
-4.72443360681	-1870.84206944	
-4.72738781871	-1870.84176654	
-4.73033332894	-1870.84146397	
-4.73327018862	-1870.84116173	
-4.73619844839	-1870.84085981	
-4.7391181585	-1870.84055824	
-4.74202936871	-1870.84025701	
-4.74493212836	-1870.83995613	
-4.74782648639	-1870.83965559	
-4.75071249128	-1870.83935541	
-4.75359019111	-1870.83905558	
-4.75645963353	-1870.83875612	
-4.75932086582	-1870.83845702	
-4.7621739348	-1870.83815828	
-4.76501888693	-1870.83785992	
-4.76785576827	-1870.83756193	
-4.77068462447	-1870.83726432	
-4.77350550081	-1870.83696709	
-4.77631844218	-1870.83667024	
-4.77912349311	-1870.83637377	
-4.78192069773	-1870.8360777	
-4.78471009982	-1870.83578202	
-4.78749174278	-1870.83548673	
-4.79026566966	-1870.83519184	
-4.79303192316	-1870.83489736	
-4.7957905456	-1870.83460327	
-4.79854157897	-1870.83430959	
-4.80128506491	-1870.83401632	
-4.80402104473	-1870.83372346	
-4.80674955939	-1870.83343101	
-4.8094706495	-1870.83313897	
-4.81218435537	-1870.83284736	
-4.81489071697	-1870.83255616	
-4.81758977394	-1870.83226538	
-4.82028156561	-1870.83197503	
-4.82296613098	-1870.83168511	
-4.82564350875	-1870.83139561	
-4.8283137373	-1870.83110654	
-4.83097685472	-1870.8308179	
-4.83363289878	-1870.8305297	
-4.83628190695	-1870.83024193	
-4.83892391641	-1870.8299546	
-4.84155896405	-1870.82966771	
-4.84418708646	-1870.82938126	
-4.84680831994	-1870.82909525	
-4.84942270051	-1870.82880969	
-4.85203026392	-1870.82852457	
-4.85463104562	-1870.82823989	
-4.8572250808	-1870.82795567	
-4.85981240436	-1870.82767189	
-4.86239305096	-1870.82738857	
-4.86496705495	-1870.82710569	
-4.86753445046	-1870.82682327	
-4.87009527132	-1870.82654131	
-4.87264955112	-1870.8262598	
-4.8751973232	-1870.82597875	
-4.87773862063	-1870.82569816	
-4.88027347623	-1870.82541802	
-4.88280192259	-1870.82513835	
-4.88532399202	-1870.82485913	
-4.88783971662	-1870.82458038	
-4.89034912822	-1870.8243021	
-4.89285225844	-1870.82402427	
-4.89534913864	-1870.82374692	
-4.89783979995	-1870.82347003	
-4.90032427328	-1870.8231936	
-4.90280258929	-1870.82291764	
-4.90527477844	-1870.82264215	
-4.90774087093	-1870.82236713	
-4.91020089677	-1870.82209258	
-4.91265488574	-1870.8218185	
-4.91510286737	-1870.82154489	
-4.91754487103	-1870.82127176	
-4.91998092583	-1870.82099909	
-4.92241106068	-1870.8207269	
-4.92483530429	-1870.82045518	
-4.92725368516	-1870.82018393	
-4.92966623156	-1870.81991316	
-4.93207297159	-1870.81964286	
-4.93447393313	-1870.81937304	
-4.93686914386	-1870.8191037	
-4.93925863125	-1870.81883483	
-4.94164242261	-1870.81856643	
-4.94402054501	-1870.81829851	
-4.94639302537	-1870.81803107	
-4.94875989038	-1870.81776411	
-4.95112116656	-1870.81749762	
-4.95347688026	-1870.81723161	
-4.9558270576	-1870.81696608	
-4.95817172456	-1870.81670103	
-4.96051090691	-1870.81643645	
-4.96284463026	-1870.81617235	
-4.96517292002	-1870.81590873	
-4.96749580144	-1870.81564559	
-4.96981329958	-1870.81538293	
-4.97212543933	-1870.81512075	
-4.97443224543	-1870.81485904	
-4.97673374242	-1870.81459782	
-4.97902995468	-1870.81433707	
-4.98132090643	-1870.8140768	
-4.98360662171	-1870.81381701	
-4.98588712441	-1870.81355769	
-4.98816243824	-1870.81329886	
-4.99043258678	-1870.81304051	
-4.99269759341	-1870.81278263	
-4.99495748138	-1870.81252523	
-4.99721227376	-1870.81226831	
-4.9994619935	-1870.81201187	
-5.00170666335	-1870.8117559	
-5.00394630595	-1870.81150041	
-5.00618094375	-1870.8112454	
-5.00841059907	-1870.81099087	
-5.0106352941	-1870.81073681	
-5.01285505083	-1870.81048323	
-5.01506989116	-1870.81023013	
-5.01727983681	-1870.8099775	
-5.01948490937	-1870.80972535	
-5.02168513028	-1870.80947367	
-5.02388052085	-1870.80922247	
-5.02607110223	-1870.80897174	
-5.02825689545	-1870.80872149	
-5.03043792139	-1870.80847172	
-5.03261420082	-1870.80822241	
-5.03478575433	-1870.80797358	
-5.03695260241	-1870.80772523	
-5.03911476542	-1870.80747734	
-5.04127226356	-1870.80722993	
-5.04342511692	-1870.80698299	
-5.04557334546	-1870.80673652	
-5.047716969	-1870.80649053	
-5.04985600725	-1870.806245	
-5.05199047978	-1870.80599994	
-5.05412040604	-1870.80575536	
-5.05624580535	-1870.80551124	
-5.05836669692	-1870.80526759	
-5.06048309982	-1870.80502441	
-5.06259503303	-1870.8047817	
-5.06470251537	-1870.80453945	
-5.06680556556	-1870.80429767	
-5.06890420222	-1870.80405636	
-5.07099844382	-1870.80381551	
-5.07308830874	-1870.80357513	
-5.07517381523	-1870.80333521	
-5.07725498144	-1870.80309576	
-5.07933182538	-1870.80285677	
-5.08140436498	-1870.80261824	
-5.08347261805	-1870.80238018	
-5.08553660227	-1870.80214257	
-5.08759633523	-1870.80190543	
-5.08965183441	-1870.80166875	
-5.09170311719	-1870.80143253	
-5.09375020081	-1870.80119676	
-5.09579310244	-1870.80096146	
-5.09783183913	-1870.80072661	
-5.09986642782	-1870.80049222	
-5.10189688537	-1870.80025829	
-5.10392322852	-1870.80002481	
-5.1059454739	-1870.79979179	
-5.10796363806	-1870.79955922	
-5.10997773743	-1870.79932711	
-5.11198778836	-1870.79909545	
-5.11399380708	-1870.79886424	
-5.11599580975	-1870.79863349	
-5.11799381242	-1870.79840318	
-5.11998783102	-1870.79817333	
-5.12197788143	-1870.79794393	
-5.1239639794	-1870.79771497	
-5.12594614061	-1870.79748647	
-5.12792438062	-1870.79725841	
-5.12989871492	-1870.79703079	
-5.13186915891	-1870.79680363	
-5.13383572788	-1870.79657691	
-5.13579843705	-1870.79635063	
-5.13775730154	-1870.7961248	
-5.13971233637	-1870.79589941	
-5.1416635565	-1870.79567447	
-5.14361097679	-1870.79544996	
-5.145554612	-1870.7952259	
-5.14749447681	-1870.79500227	
-5.14943058584	-1870.79477909	
-5.15136295359	-1870.79455635	
-5.1532915945	-1870.79433404	
-5.15521652291	-1870.79411217	
-5.15713775309	-1870.79389073	
-5.15905529921	-1870.79366974	
-5.1609691754	-1870.79344917	
-5.16287939565	-1870.79322904	
-5.16478597392	-1870.79300935	
-5.16668892407	-1870.79279008	
-5.16858825987	-1870.79257125	
-5.17048399504	-1870.79235285	
-5.17237614319	-1870.79213487	
-5.17426471788	-1870.79191733	
-5.17614973257	-1870.79170022	
-5.17803120067	-1870.79148353	
-5.1799091355	-1870.79126727	
-5.18178355029	-1870.79105144	
-5.18365445823	-1870.79083603	
-5.1855218724	-1870.79062104	
-5.18738580584	-1870.79040648	
-5.18924627149	-1870.79019234	
-5.19110328224	-1870.78997863	
-5.19295685089	-1870.78976533	
-5.19480699018	-1870.78955246	
-5.19665371277	-1870.78934	
-5.19849703127	-1870.78912796	
-5.20033695819	-1870.78891634	
-5.202173506	-1870.78870514	
-5.20400668708	-1870.78849435	
-5.20583651375	-1870.78828398	
-5.20766299828	-1870.78807402	
-5.20948615284	-1870.78786448	
-5.21130598956	-1870.78765535	
-5.21312252048	-1870.78744663	
-5.21493575761	-1870.78723832	
-5.21674571285	-1870.78703042	
-5.21855239808	-1870.78682293	
-5.22035582508	-1870.78661585	
-5.22215600558	-1870.78640918	
-5.22395295126	-1870.78620291	
-5.22574667371	-1870.78599705	
-5.22753718449	-1870.78579159	
-5.22932449506	-1870.78558654	
-5.23110861685	-1870.78538189	
-5.23288956123	-1870.78517765	
-5.23466733947	-1870.7849738	
-5.23644196283	-1870.78477036	
-5.23821344248	-1870.78456732	
-5.23998178954	-1870.78436467	
-5.24174701506	-1870.78416243	
-5.24350913005	-1870.78396058	
-5.24526814546	-1870.78375913	
-5.24702407216	-1870.78355807	
-5.24877692099	-1870.78335741	
-5.25052670271	-1870.78315714	
-5.25227342805	-1870.78295726	
-5.25401710765	-1870.78275778	
-5.25575775213	-1870.78255869	
-5.25749537203	-1870.78235999	
-5.25922997784	-1870.78216168	
-5.26096158	-1870.78196376	
-5.2626901889	-1870.78176622	
-5.26441581487	-1870.78156908	
-5.26613846818	-1870.78137232	
-5.26785815906	-1870.78117594	
-5.26957489768	-1870.78097995	
-5.27128869416	-1870.78078434	
-5.27299955856	-1870.78058912	
-5.27470750091	-1870.78039428	
-5.27641253116	-1870.78019982	
-5.27811465923	-1870.78000573	
-5.27981389498	-1870.77981203	
-5.28151024823	-1870.77961871	
-5.28320372874	-1870.77942577	
-5.28489434622	-1870.7792332	
-5.28658211033	-1870.779041	
-5.28826703069	-1870.77884919	
-5.28994911688	-1870.77865774	
-5.2916283784	-1870.77846668	
-5.29330482472	-1870.77827598	
-5.29497846528	-1870.77808565	
-5.29664930945	-1870.7778957	
-5.29831736655	-1870.77770612	
-5.29998264587	-1870.7775169	
-5.30164515664	-1870.77732805	
-5.30330490806	-1870.77713958	
-5.30496190927	-1870.77695146	
-5.30661616936	-1870.77676372	
-5.3082676974	-1870.77657634	
-5.30991650239	-1870.77638932	
-5.3115625933	-1870.77620267	
-5.31320597904	-1870.77601637	
-5.3148466685	-1870.77583044	
-5.3164846705	-1870.77564488	
-5.31811999384	-1870.77545967	
-5.31975264727	-1870.77527482	
-5.32138263948	-1870.77509033	
-5.32300997914	-1870.77490619	
-5.32463467487	-1870.77472241	
-5.32625673524	-1870.77453899	
-5.32787616879	-1870.77435593	
-5.32949298402	-1870.77417321	
-5.33110718937	-1870.77399085	
-5.33271879327	-1870.77380885	
-5.33432780407	-1870.77362719	
-5.33593423012	-1870.77344589	
-5.3375380797	-1870.77326493	
-5.33913936107	-1870.77308433	
-5.34073808243	-1870.77290407	
-5.34233425196	-1870.77272416	
-5.3439278778	-1870.7725446	
-5.34551896803	-1870.77236539	
-5.34710753072	-1870.77218651	
-5.34869357387	-1870.77200799	
-5.35027710548	-1870.7718298	
-5.35185813348	-1870.77165196	
-5.35343666577	-1870.77147446	
-5.35501271022	-1870.7712973	
-5.35658627467	-1870.77112049	
-5.3581573669	-1870.77094401	
-5.35972599468	-1870.77076787	
-5.36129216571	-1870.77059207	
-5.36285588769	-1870.7704166	
-5.36441716825	-1870.77024147	
-5.36597601502	-1870.77006668	
-5.36753243557	-1870.76989222	
-5.36908643744	-1870.76971809	
-5.37063802813	-1870.7695443	
-5.37218721511	-1870.76937084	
-5.37373400583	-1870.76919771	
-5.37527840768	-1870.76902491	
-5.37682042804	-1870.76885245	
-5.37836007422	-1870.76868031	
-5.37989735354	-1870.76850849	
-5.38143227326	-1870.76833701	
-5.38296484061	-1870.76816585	
-5.38449506279	-1870.76799502	
-5.38602294697	-1870.76782452	
-5.38754850028	-1870.76765433	
-5.38907172982	-1870.76748448	
-5.39059264266	-1870.76731494	
-5.39211124583	-1870.76714573	
-5.39362754635	-1870.76697683	
-5.39514155118	-1870.76680826	
-5.39665326727	-1870.76664001	
-5.39816270152	-1870.76647208	
-5.39966986081	-1870.76630446	
-5.40117475199	-1870.76613716	
-5.40267738187	-1870.76597018	
-5.40417775725	-1870.76580351	
-5.40567588487	-1870.76563716	
-5.40717177146	-1870.76547113	
-5.40866542372	-1870.7653054	
-5.4101568483	-1870.76513999	
-5.41164605186	-1870.76497489	
-5.41313304098	-1870.76481011	
-5.41461782224	-1870.76464563	
-5.4161004022	-1870.76448146	
-5.41758078737	-1870.76431761	
-5.41905898424	-1870.76415406	
-5.42053499927	-1870.76399081	
-5.42200883889	-1870.76382788	
-5.4234805095	-1870.76366525	
-5.42495001748	-1870.76350292	
-5.42641736918	-1870.7633409	
-5.4278825709	-1870.76317919	
-5.42934562895	-1870.76301778	
-5.43080654959	-1870.76285666	
-5.43226533906	-1870.76269586	
-5.43372200355	-1870.76253535	
-5.43517654927	-1870.76237514	
-5.43662898235	-1870.76221523	
-5.43807930892	-1870.76205562	
-5.4395275351	-1870.76189631	
-5.44097366695	-1870.76173729	
-5.44241771052	-1870.76157857	
-5.44385967184	-1870.76142015	
-5.4452995569	-1870.76126202	
-5.44673737167	-1870.76110419	
-5.44817312209	-1870.76094665	
-5.44960681409	-1870.7607894	
-5.45103845357	-1870.76063245	
-5.45246804638	-1870.76047578	
-5.45389559837	-1870.76031941	
-5.45532111536	-1870.76016333	
-5.45674460314	-1870.76000753	
-5.45816606749	-1870.75985203	
-5.45958551414	-1870.75969681	
-5.46100294883	-1870.75954188	
-5.46241837723	-1870.75938724	
-5.46383180503	-1870.75923288	
-5.46524323786	-1870.7590788	
-5.46665268137	-1870.75892502	
-5.46806014114	-1870.75877151	
-5.46946562274	-1870.75861829	
-5.47086913175	-1870.75846535	
-5.47227067367	-1870.75831269	
-5.47367025403	-1870.75816032	
-5.47506787829	-1870.75800822	
-5.47646355193	-1870.7578564	
-5.47785728038	-1870.75770487	
-5.47924906905	-1870.75755361	
-5.48063892334	-1870.75740262	
-5.48202684862	-1870.75725192	
-5.48341285022	-1870.75710149	
-5.48479693349	-1870.75695134	
-5.48617910372	-1870.75680146	
-5.48755936619	-1870.75665185	
-5.48893772616	-1870.75650252	
-5.49031418887	-1870.75635346	
-5.49168875953	-1870.75620468	
-5.49306144334	-1870.75605616	
-5.49443224547	-1870.75590792	
-5.49580117108	-1870.75575994	
-5.49716822529	-1870.75561224	
-5.49853341322	-1870.75546481	
-5.49989673995	-1870.75531764	
-5.50125821054	-1870.75517074	
-5.50261783006	-1870.75502411	
-5.50397560352	-1870.75487774	
-5.50533153593	-1870.75473164	
-5.50668563228	-1870.7545858	
-5.50803789753	-1870.75444023	
-5.50938833663	-1870.75429492	
-5.5107369545	-1870.75414988	
-5.51208375605	-1870.7540051	
-5.51342874616	-1870.75386058	
-5.51477192971	-1870.75371632	
-5.51611331154	-1870.75357232	
-5.51745289646	-1870.75342858	
-5.51879068931	-1870.7532851	
-5.52012669485	-1870.75314188	
-5.52146091786	-1870.75299891	
-5.5227933631	-1870.75285621	
-5.52412403528	-1870.75271376	
-5.52545293913	-1870.75257157	
-5.52678007934	-1870.75242963	
-5.52810546058	-1870.75228794	
-5.52942908751	-1870.75214652	
-5.53075096477	-1870.75200534	
-5.53207109697	-1870.75186442	
-5.53338948873	-1870.75172375	
-5.53470614461	-1870.75158333	
-5.53602106919	-1870.75144316	
-5.53733426702	-1870.75130325	
-5.53864574262	-1870.75116358	
-5.5399555005	-1870.75102416	
-5.54126354516	-1870.75088499	
-5.54256988107	-1870.75074607	
-5.5438745127	-1870.7506074	
-5.54517744448	-1870.75046897	
-5.54647868084	-1870.75033079	
-5.54777822618	-1870.75019286	
-5.5490760849	-1870.75005517	
-5.55037226136	-1870.74991773	
-5.55166675992	-1870.74978053	
-5.55295958492	-1870.74964357	
-5.55425074069	-1870.74950685	
-5.55554023152	-1870.74937038	
-5.5568280617	-1870.74923415	
-5.55811423551	-1870.74909816	
-5.5593987572	-1870.74896241	
-5.56068163102	-1870.7488269	
-5.56196286117	-1870.74869163	
-5.56324245188	-1870.7485566	
-5.56452040732	-1870.74842181	
-5.56579673168	-1870.74828725	
-5.56707142911	-1870.74815293	
-5.56834450376	-1870.74801885	
-5.56961595975	-1870.747885	
-5.57088580119	-1870.74775139	
-5.57215403218	-1870.74761801	
-5.57342065679	-1870.74748487	
-5.5746856791	-1870.74735196	
-5.57594910315	-1870.74721928	
-5.57721093297	-1870.74708684	
-5.57847117258	-1870.74695462	
-5.57972982599	-1870.74682264	
-5.58098689718	-1870.74669089	
-5.58224239012	-1870.74655937	
-5.58349630878	-1870.74642808	
-5.5847486571	-1870.74629702	
-5.585999439	-1870.74616619	
-5.5872486584	-1870.74603558	
-5.5884963192	-1870.7459052	
-5.58974242528	-1870.74577505	
-5.59098698051	-1870.74564513	
-5.59222998875	-1870.74551543	
-5.59347145384	-1870.74538596	
-5.5947113796	-1870.74525671	
-5.59594976985	-1870.74512768	
-5.59718662839	-1870.74499888	
-5.598421959	-1870.7448703	
-5.59965576545	-1870.74474195	
-5.60088805149	-1870.74461382	
-5.60211882088	-1870.7444859	
-5.60334807733	-1870.74435821	
-5.60457582457	-1870.74423074	
-5.6058020663	-1870.74410349	
-5.60702680619	-1870.74397646	
-5.60825004793	-1870.74384965	
-5.60947179518	-1870.74372305	
-5.61069205159	-1870.74359668	
-5.61191082078	-1870.74347052	
-5.61312810639	-1870.74334458	
-5.61434391201	-1870.74321885	
-5.61555824124	-1870.74309334	
-5.61677109767	-1870.74296805	
-5.61798248485	-1870.74284297	
-5.61919240636	-1870.7427181	
-5.62040086572	-1870.74259345	
-5.62160786647	-1870.74246901	
-5.62281341212	-1870.74234478	
-5.62401750619	-1870.74222077	
-5.62522015215	-1870.74209696	
-5.6264213535	-1870.74197337	
-5.62762111369	-1870.74184999	
-5.62881943618	-1870.74172682	
-5.63001632442	-1870.74160386	
-5.63121178182	-1870.74148111	
-5.63240581181	-1870.74135857	
-5.6335984178	-1870.74123623	
-5.63478960317	-1870.7411141	
-5.6359793713	-1870.74099218	
-5.63716772557	-1870.74087047	
-5.63835466933	-1870.74074896	
-5.63954020593	-1870.74062766	
-5.64072433869	-1870.74050656	
-5.64190707094	-1870.74038567	
-5.64308840598	-1870.74026499	
-5.64426834712	-1870.7401445	
-5.64544689764	-1870.74002422	
-5.64662406082	-1870.73990415	
-5.64779983991	-1870.73978427	
-5.64897423816	-1870.7396646	
-5.65014725882	-1870.73954513	
-5.65131890512	-1870.73942585	
-5.65248918027	-1870.73930678	
-5.65365808747	-1870.73918791	
-5.65482562993	-1870.73906924	
-5.65599181082	-1870.73895077	
-5.65715663332	-1870.7388325	
-5.65832010058	-1870.73871442	
-5.65948221576	-1870.73859654	
-5.660642982	-1870.73847886	
-5.66180240242	-1870.73836138	
-5.66296048014	-1870.73824409	
-5.66411721826	-1870.738127	
-5.66527261989	-1870.7380101	
-5.66642668811	-1870.7378934	
-5.66757942599	-1870.7377769	
-5.6687308366	-1870.73766058	
-5.66988092298	-1870.73754446	
-5.67102968818	-1870.73742854	
-5.67217713524	-1870.7373128	
-5.67332326717	-1870.73719726	
-5.67446808699	-1870.73708191	
-5.67561159769	-1870.73696675	
-5.67675380227	-1870.73685178	
-5.6778947037	-1870.736737	
-5.67903430497	-1870.73662242	
-5.68017260902	-1870.73650802	
-5.6813096188	-1870.73639381	
-5.68244533727	-1870.73627979	
-5.68357976734	-1870.73616596	
-5.68471291194	-1870.73605231	
-5.68584477397	-1870.73593885	
-5.68697535634	-1870.73582558	
-5.68810466194	-1870.7357125	
-5.68923269364	-1870.7355996	
-5.69035945432	-1870.73548689	
-5.69148494685	-1870.73537436	
-5.69260917406	-1870.73526202	
-5.6937321388	-1870.73514986	
-5.69485384391	-1870.73503788	
-5.69597429221	-1870.73492609	
-5.69709348651	-1870.73481448	
-5.69821142961	-1870.73470306	
-5.69932812431	-1870.73459181	
-5.70044357339	-1870.73448075	
-5.70155777963	-1870.73436987	
-5.7026707458	-1870.73425917	
-5.70378247466	-1870.73414865	
-5.70489296894	-1870.73403831	
-5.70600223139	-1870.73392815	
-5.70711026475	-1870.73381817	
-5.70821707172	-1870.73370837	
-5.70932265503	-1870.73359874	
-5.71042701737	-1870.7334893	
-5.71153016145	-1870.73338003	
-5.71263208993	-1870.73327094	
-5.71373280551	-1870.73316203	
-5.71483231084	-1870.73305329	
-5.71593060859	-1870.73294473	
-5.71702770141	-1870.73283634	
-5.71812359193	-1870.73272813	
-5.71921828279	-1870.73262009	
-5.72031177661	-1870.73251223	
-5.72140407601	-1870.73240454	
-5.72249518359	-1870.73229703	
-5.72358510195	-1870.73218969	
-5.72467383369	-1870.73208252	
-5.72576138137	-1870.73197552	
-5.72684774759	-1870.7318687	
-5.72793293489	-1870.73176204	
-5.72901694583	-1870.73165556	
-5.73009978297	-1870.73154925	
-5.73118144884	-1870.73144311	
-5.73226194598	-1870.73133714	
-5.7333412769	-1870.73123134	
-5.73441944412	-1870.73112571	
-5.73549645015	-1870.73102025	
-5.73657229748	-1870.73091495	
-5.73764698861	-1870.73080983	
-5.73872052602	-1870.73070487	
-5.73979291218	-1870.73060008	
-5.74086414956	-1870.73049545	
-5.74193424062	-1870.730391	
-5.74300318781	-1870.7302867	
-5.74407099357	-1870.73018258	
-5.74513766034	-1870.73007862	
-5.74620319054	-1870.72997482	
-5.7472675866	-1870.72987119	
-5.74833085092	-1870.72976773	
-5.74939298591	-1870.72966442	
-5.75045399397	-1870.72956129	
-5.75151387748	-1870.72945831	
-5.75257263883	-1870.7293555	
-5.75363028038	-1870.72925285	
-5.75468680452	-1870.72915036	
-5.75574221359	-1870.72904803	
-5.75679650994	-1870.72894587	
-5.75784969593	-1870.72884386	
-5.75890177388	-1870.72874202	
-5.75995274612	-1870.72864034	
-5.76100261499	-1870.72853882	
-5.76205138278	-1870.72843745	
-5.76309905181	-1870.72833625	
-5.76414562438	-1870.7282352	
-5.76519110278	-1870.72813432	
-5.7662354893	-1870.72803359	
-5.76727878622	-1870.72793302	
-5.76832099579	-1870.7278326	
-5.7693621203	-1870.72773235	
-5.770402162	-1870.72763225	
-5.77144112313	-1870.7275323	
-5.77247900594	-1870.72743252	
-5.77351581267	-1870.72733288	
-5.77455154554	-1870.72723341	
-5.77558620679	-1870.72713409	
-5.77661979861	-1870.72703492	
-5.77765232322	-1870.72693591	
-5.77868378283	-1870.72683705	
-5.77971417962	-1870.72673834	
-5.78074351579	-1870.72663979	
-5.78177179352	-1870.72654139	
-5.78279901497	-1870.72644315	
-5.78382518233	-1870.72634505	
-5.78485029774	-1870.72624711	
-5.78587436337	-1870.72614932	
-5.78689738137	-1870.72605168	
-5.78791935386	-1870.7259542	
-5.788940283	-1870.72585686	
-5.7899601709	-1870.72575967	
-5.79097901969	-1870.72566263	
-5.79199683148	-1870.72556575	
-5.79301360838	-1870.72546901	
-5.7940293525	-1870.72537242	
-5.79504406593	-1870.72527598	
-5.79605775077	-1870.72517968	
-5.79707040908	-1870.72508354	
-5.79808204295	-1870.72498754	
-5.79909265446	-1870.72489169	
-5.80010224566	-1870.72479599	
-5.80111081862	-1870.72470043	
-5.80211837538	-1870.72460502	
-5.80312491799	-1870.72450976	
-5.80413044849	-1870.72441464	
-5.80513496892	-1870.72431967	
-5.80613848129	-1870.72422484	
-5.80714098764	-1870.72413015	
-5.80814248998	-1870.72403562	
-5.80914299031	-1870.72394122	
