# log_p 	 lnL 	 
0.0	-1712.81429066	
-0.287682072452	-1712.78789294	
-0.510825623766	-1712.73746118	
-0.69314718056	-1712.67567471	
-0.847297860387	-1712.6132988	
-0.980829253012	-1712.55572232	
-1.09861228867	-1712.50506126	
-1.20397280433	-1712.46179417	
-1.29928298413	-1712.4256513	
-1.38629436112	-1712.39605344	
-1.46633706879	-1712.37232032	
-1.54044504095	-1712.35376736	
-1.60943791243	-1712.33974898	
-1.67397643357	-1712.32967632	
-1.73460105539	-1712.3230225	
-1.79175946923	-1712.31932175	
-1.8458266905	-1712.31816571	
-1.89711998489	-1712.31919827	
-1.94591014906	-1712.32211016	
-1.99243016469	-1712.32663338	
-2.03688192726	-1712.33253614	
-2.07944154168	-1712.33961808	
-2.1202635362	-1712.3477061	
-2.15948424935	-1712.35665058	
-2.19722457734	-1712.36632217	
-2.23359222151	-1712.37660894	
-2.26868354132	-1712.38741395	
-2.30258509299	-1712.39865321	
-2.33537491582	-1712.41025384	
-2.36712361413	-1712.42215259	
-2.3978952728	-1712.43429452	
-2.42774823595	-1712.44663187	
-2.45673577282	-1712.45912315	
-2.48490664979	-1712.47173227	
-2.51230562398	-1712.48442788	
-2.53897387106	-1712.49718277	
-2.56494935746	-1712.50997328	
-2.59026716545	-1712.52277894	
-2.61495977804	-1712.53558203	
-2.63905732962	-1712.54836724	
-2.66258782703	-1712.56112137	
-2.68557734525	-1712.57383311	
-2.7080502011	-1712.58649276	
-2.73002910782	-1712.59909208	
-2.75153531304	-1712.61162408	
-2.77258872224	-1712.62408288	
-2.79320800944	-1712.63646359	
-2.81341071676	-1712.64876216	
-2.83321334406	-1712.66097529	
-2.85263142991	-1712.67310036	
-2.87167962488	-1712.6851353	
-2.8903717579	-1712.69707857	
-2.90872089656	-1712.70892904	
-2.92673940207	-1712.72068599	
-2.94443897917	-1712.73234901	
-2.96183072188	-1712.743918	
-2.97892515524	-1712.75539308	
-2.99573227355	-1712.76677462	
-3.01226157551	-1712.77806312	
-3.02852209638	-1712.7892593	
-3.04452243772	-1712.80036395	
-3.06027079469	-1712.811378	
-3.07577498123	-1712.82230247	
-3.09104245336	-1712.83313845	
-3.10608033072	-1712.84388709	
-3.12089541651	-1712.85454959	
-3.13549421593	-1712.86512717	
-3.14988295338	-1712.8756211	
-3.16406758837	-1712.88603265	
-3.17805383035	-1712.89636311	
-3.19184715248	-1712.90661376	
-3.20545280454	-1712.91678591	
-3.21887582487	-1712.92688082	
-3.23212105162	-1712.93689978	
-3.24519313319	-1712.94684405	
-3.25809653802	-1712.95671486	
-3.2708355638	-1712.96651344	
-3.28341434601	-1712.97624099	
-3.295836866	-1712.98589871	
-3.3081069586	-1712.99548774	
-3.32022831913	-1713.00500922	
-3.33220451018	-1713.01446426	
-3.34403896782	-1713.02385395	
-3.35573500759	-1713.03317934	
-3.36729582999	-1713.04244147	
-3.37872452581	-1713.05164134	
-3.39002408106	-1713.06077994	
-3.40119738166	-1713.06985821	
-3.41224721785	-1713.07887709	
-3.42317628838	-1713.08783749	
-3.43398720449	-1713.09674029	
-3.4446824936	-1713.10558634	
-3.45526460293	-1713.11437649	
-3.4657359028	-1713.12311153	
-3.47609868984	-1713.13179226	
-3.48635519	-1713.14041946	
-3.49650756147	-1713.14899386	
-3.50655789732	-1713.15751619	
-3.51650822817	-1713.16598717	
-3.52636052462	-1713.17440748	
-3.53611669956	-1713.18277778	
-3.54577861047	-1713.19109874	
-3.55534806149	-1713.19937099	
-3.56482680544	-1713.20759515	
-3.57421654579	-1713.21577182	
-3.58351893846	-1713.22390159	
-3.59273559356	-1713.23198503	
-3.60186807712	-1713.2400227	
-3.61091791264	-1713.24801515	
-3.61988658263	-1713.25596292	
-3.62877553004	-1713.26386651	
-3.63758615973	-1713.27172644	
-3.6463198397	-1713.27954321	
-3.65497790244	-1713.28731729	
-3.66356164613	-1713.29504917	
-3.6720723358	-1713.3027393	
-3.68051120444	-1713.31038815	
-3.68887945411	-1713.31799615	
-3.69717825693	-1713.32556374	
-3.70540875607	-1713.33309134	
-3.7135720667	-1713.34057938	
-3.72166927694	-1713.34802826	
-3.72970144863	-1713.35543839	
-3.73766961828	-1713.36281015	
-3.74557479779	-1713.37014394	
-3.75341797525	-1713.37744013	
-3.76120011569	-1713.38469911	
-3.76892216179	-1713.39192122	
-3.77658503453	-1713.39910684	
-3.78418963392	-1713.40625631	
-3.79173683955	-1713.41336999	
-3.79922751128	-1713.42044822	
-3.80666248977	-1713.42749133	
-3.81404259707	-1713.43449966	
-3.82136863716	-1713.44147353	
-3.82864139649	-1713.44841326	
-3.83586164446	-1713.45531917	
-3.84303013394	-1713.46219157	
-3.85014760171	-1713.46903078	
-3.85721476893	-1713.47583708	
-3.86423234159	-1713.48261079	
-3.87120101091	-1713.48935219	
-3.87812145375	-1713.49606158	
-3.88499433304	-1713.50273925	
-3.89182029811	-1713.50938547	
-3.8985999851	-1713.51600052	
-3.90533401728	-1713.52258469	
-3.91202300543	-1713.52913824	
-3.91866754815	-1713.53566144	
-3.92526823218	-1713.54215457	
-3.93182563272	-1713.54861787	
-3.93834031375	-1713.55505161	
-3.94481282825	-1713.56145604	
-3.95124371858	-1713.56783143	
-3.95763351668	-1713.57417801	
-3.96398274436	-1713.58049604	
-3.97029191355	-1713.58678576	
-3.97656152657	-1713.59304741	
-3.98279207632	-1713.59928123	
-3.98898404656	-1713.60548745	
-3.99513791214	-1713.61166631	
-4.00125413916	-1713.61781804	
-4.00733318523	-1713.62394287	
-4.01337549969	-1713.63004103	
-4.01938152375	-1713.63611273	
-4.02535169074	-1713.6421582	
-4.03128642625	-1713.64817765	
-4.03718614838	-1713.65417131	
-4.04305126783	-1713.66013938	
-4.04888218815	-1713.66608208	
-4.05467930583	-1713.67199961	
-4.06044301055	-1713.67789219	
-4.06617368526	-1713.68376002	
-4.07187170637	-1713.6896033	
-4.07753744391	-1713.69542223	
-4.08317126162	-1713.70121701	
-4.08877351717	-1713.70698783	
-4.09434456222	-1713.7127349	
-4.0998847426	-1713.7184584	
-4.10539439841	-1713.72415853	
-4.11087386417	-1713.72983547	
-4.11632346894	-1713.7354894	
-4.12174353641	-1713.74112052	
-4.12713438505	-1713.746729	
-4.13249632819	-1713.75231503	
-4.13782967416	-1713.75787879	
-4.14313472639	-1713.76342044	
-4.14841178349	-1713.76894018	
-4.15366113938	-1713.77443817	
-4.15888308336	-1713.77991457	
-4.16407790024	-1713.78536957	
-4.1692458704	-1713.79080334	
-4.1743872699	-1713.79621602	
-4.17950237056	-1713.8016078	
-4.18459144007	-1713.80697884	
-4.18965474203	-1713.81232929	
-4.19469253606	-1713.81765932	
-4.19970507788	-1713.82296908	
-4.20469261939	-1713.82825873	
-4.20965540873	-1713.83352842	
-4.21459369037	-1713.83877832	
-4.21950770518	-1713.84400856	
-4.22439769047	-1713.84921931	
-4.22926388012	-1713.8544107	
-4.2341065046	-1713.85958289	
-4.23892579103	-1713.86473602	
-4.2437219633	-1713.86987023	
-4.24849524205	-1713.87498568	
-4.25324584481	-1713.88008249	
-4.257973986	-1713.88516081	
-4.26267987704	-1713.89022078	
-4.26736372635	-1713.89526254	
-4.27202573946	-1713.90028621	
-4.27666611902	-1713.90529194	
-4.28128506487	-1713.91027985	
-4.28588277412	-1713.91525008	
-4.29045944115	-1713.92020275	
-4.29501525768	-1713.92513801	
-4.29955041285	-1713.93005596	
-4.3040650932	-1713.93495675	
-4.30855948279	-1713.93984048	
-4.31303376319	-1713.9447073	
-4.31748811354	-1713.94955731	
-4.3219227106	-1713.95439065	
-4.32633772881	-1713.95920742	
-4.33073334029	-1713.96400775	
-4.33510971489	-1713.96879176	
-4.33946702026	-1713.97355956	
-4.34380542185	-1713.97831126	
-4.348125083	-1713.98304699	
-4.3524261649	-1713.98776684	
-4.35670882669	-1713.99247094	
-4.36097322548	-1713.99715939	
-4.36521951636	-1714.0018323	
-4.36944785247	-1714.00648978	
-4.373658385	-1714.01113194	
-4.37785126326	-1714.01575888	
-4.38202663467	-1714.02037071	
-4.38618464482	-1714.02496753	
-4.39032543749	-1714.02954944	
-4.39444915467	-1714.03411654	
-4.39855593663	-1714.03866894	
-4.40264592188	-1714.04320673	
-4.40671924726	-1714.04773002	
-4.41077604796	-1714.05223889	
-4.4148164575	-1714.05673345	
-4.4188406078	-1714.06121379	
-4.42284862919	-1714.06568	
-4.42684065046	-1714.07013218	
-4.43081679884	-1714.07457042	
-4.43477720006	-1714.07899482	
-4.43872197835	-1714.08340545	
-4.44265125649	-1714.08780242	
-4.44656515581	-1714.09218581	
-4.45046379623	-1714.0965557	
-4.45434729625	-1714.10091219	
-4.45821577303	-1714.10525537	
-4.46206934235	-1714.1095853	
-4.46590811865	-1714.11390209	
-4.46973221509	-1714.11820582	
-4.47354174351	-1714.12249655	
-4.47733681448	-1714.12677439	
-4.48111753732	-1714.13103941	
-4.48488402011	-1714.13529168	
-4.48863636973	-1714.13953129	
-4.49237469184	-1714.14375832	
-4.49609909093	-1714.14797285	
-4.49980967033	-1714.15217494	
-4.50350653221	-1714.15636468	
-4.50718977763	-1714.16054214	
-4.51085950652	-1714.16470741	
-4.51451581772	-1714.16886054	
-4.518158809	-1714.17300161	
-4.52178857705	-1714.17713071	
-4.52540521752	-1714.18124789	
-4.52900882502	-1714.18535322	
-4.53259949315	-1714.18944679	
-4.5361773145	-1714.19352866	
-4.53974238067	-1714.19759889	
-4.54329478227	-1714.20165756	
-4.54683460898	-1714.20570474	
-4.55036194949	-1714.20974048	
-4.5538768916	-1714.21376486	
-4.55737952215	-1714.21777794	
-4.56086992709	-1714.22177979	
-4.56434819147	-1714.22577047	
-4.56781439944	-1714.22975004	
-4.57126863431	-1714.23371858	
-4.5747109785	-1714.23767613	
-4.5781415136	-1714.24162276	
-4.58156032035	-1714.24555854	
-4.58496747867	-1714.24948351	
-4.58836306767	-1714.25339776	
-4.59174716566	-1714.25730132	
-4.59511985013	-1714.26119427	
-4.59848119784	-1714.26507666	
-4.60183128472	-1714.26894854	
-4.60517018599	-1714.27280998	
-4.60849797608	-1714.27666103	
-4.61181472871	-1714.28050175	
-4.61512051684	-1714.28433219	
-4.61841541274	-1714.28815242	
-4.62169948794	-1714.29196247	
-4.62497281328	-1714.29576241	
-4.62823545892	-1714.29955229	
-4.63148749431	-1714.30333217	
-4.63472898823	-1714.30710209	
-4.63796000881	-1714.3108621	
-4.64118062351	-1714.31461227	
-4.64439089914	-1714.31835264	
-4.64759090187	-1714.32208326	
-4.65078069724	-1714.32580418	
-4.65396035016	-1714.32951545	
-4.65712992492	-1714.33321712	
-4.66028948521	-1714.33690924	
-4.66343909411	-1714.34059186	
-4.66657881412	-1714.34426502	
-4.66970870713	-1714.34792878	
-4.67282883446	-1714.35158317	
-4.67593925688	-1714.35522825	
-4.67904003455	-1714.35886406	
-4.68213122712	-1714.36249065	
-4.68521289366	-1714.36610807	
-4.6882850927	-1714.36971635	
-4.69134788223	-1714.37331554	
-4.69440131972	-1714.37690569	
-4.6974454621	-1714.38048685	
-4.70048036579	-1714.38405904	
-4.70350608671	-1714.38762232	
-4.70652268025	-1714.39117673	
-4.70953020131	-1714.39472232	
-4.71252870431	-1714.39825911	
-4.71551824316	-1714.40178716	
-4.7184988713	-1714.40530651	
-4.72147064168	-1714.40881719	
-4.72443360681	-1714.41231926	
-4.72738781871	-1714.41581273	
-4.73033332894	-1714.41929767	
-4.73327018862	-1714.4227741	
-4.73619844839	-1714.42624207	
-4.7391181585	-1714.42970161	
-4.74202936871	-1714.43315276	
-4.74493212836	-1714.43659557	
-4.74782648639	-1714.44003006	
-4.75071249128	-1714.44345628	
-4.75359019111	-1714.44687426	
-4.75645963353	-1714.45028404	
-4.75932086582	-1714.45368565	
-4.7621739348	-1714.45707914	
-4.76501888693	-1714.46046454	
-4.76785576827	-1714.46384188	
-4.77068462447	-1714.4672112	
-4.77350550081	-1714.47057253	
-4.77631844218	-1714.47392592	
-4.77912349311	-1714.47727138	
-4.78192069773	-1714.48060897	
-4.78471009982	-1714.4839387	
-4.78749174278	-1714.48726062	
-4.79026566966	-1714.49057476	
-4.79303192316	-1714.49388115	
-4.7957905456	-1714.49717982	
-4.79854157897	-1714.50047081	
-4.80128506491	-1714.50375415	
-4.80402104473	-1714.50702987	
-4.80674955939	-1714.51029801	
-4.8094706495	-1714.51355858	
-4.81218435537	-1714.51681164	
-4.81489071697	-1714.5200572	
-4.81758977394	-1714.5232953	
-4.82028156561	-1714.52652596	
-4.82296613098	-1714.52974923	
-4.82564350875	-1714.53296512	
-4.8283137373	-1714.53617367	
-4.83097685472	-1714.53937491	
-4.83363289878	-1714.54256887	
-4.83628190695	-1714.54575558	
-4.83892391641	-1714.54893506	
-4.84155896405	-1714.55210734	
-4.84418708646	-1714.55527246	
-4.84680831994	-1714.55843044	
-4.84942270051	-1714.56158131	
-4.85203026392	-1714.5647251	
-4.85463104562	-1714.56786183	
-4.8572250808	-1714.57099154	
-4.85981240436	-1714.57411425	
-4.86239305096	-1714.57722998	
-4.86496705495	-1714.58033877	
-4.86753445046	-1714.58344064	
-4.87009527132	-1714.58653561	
-4.87264955112	-1714.58962372	
-4.8751973232	-1714.59270499	
-4.87773862063	-1714.59577945	
-4.88027347623	-1714.59884712	
-4.88280192259	-1714.60190803	
-4.88532399202	-1714.6049622	
-4.88783971662	-1714.60800965	
-4.89034912822	-1714.61105043	
-4.89285225844	-1714.61408453	
-4.89534913864	-1714.61711201	
-4.89783979995	-1714.62013287	
-4.90032427328	-1714.62314714	
-4.90280258929	-1714.62615485	
-4.90527477844	-1714.62915601	
-4.90774087093	-1714.63215067	
-4.91020089677	-1714.63513883	
-4.91265488574	-1714.63812052	
-4.91510286737	-1714.64109576	
-4.91754487103	-1714.64406459	
-4.91998092583	-1714.64702701	
-4.92241106068	-1714.64998306	
-4.92483530429	-1714.65293276	
-4.92725368516	-1714.65587613	
-4.92966623156	-1714.65881319	
-4.93207297159	-1714.66174396	
-4.93447393313	-1714.66466847	
-4.93686914386	-1714.66758674	
-4.93925863125	-1714.67049879	
-4.94164242261	-1714.67340465	
-4.94402054501	-1714.67630432	
-4.94639302537	-1714.67919785	
-4.94875989038	-1714.68208524	
-4.95112116656	-1714.68496652	
-4.95347688026	-1714.6878417	
-4.9558270576	-1714.69071082	
-4.95817172456	-1714.6935739	
-4.96051090691	-1714.69643094	
-4.96284463026	-1714.69928197	
-4.96517292002	-1714.70212702	
-4.96749580144	-1714.70496611	
-4.96981329958	-1714.70779924	
-4.97212543933	-1714.71062645	
-4.97443224543	-1714.71344776	
-4.97673374242	-1714.71626318	
-4.97902995468	-1714.71907273	
-4.98132090643	-1714.72187643	
-4.98360662171	-1714.72467431	
-4.98588712441	-1714.72746638	
-4.98816243824	-1714.73025266	
-4.99043258678	-1714.73303317	
-4.99269759341	-1714.73580793	
-4.99495748138	-1714.73857696	
-4.99721227376	-1714.74134028	
-4.9994619935	-1714.7440979	
-5.00170666335	-1714.74684985	
-5.00394630595	-1714.74959614	
-5.00618094375	-1714.75233679	
-5.00841059907	-1714.75507182	
-5.0106352941	-1714.75780125	
-5.01285505083	-1714.7605251	
-5.01506989116	-1714.76324338	
-5.01727983681	-1714.76595611	
-5.01948490937	-1714.76866331	
-5.02168513028	-1714.771365	
-5.02388052085	-1714.7740612	
-5.02607110223	-1714.77675191	
-5.02825689545	-1714.77943717	
-5.03043792139	-1714.78211698	
-5.03261420082	-1714.78479137	
-5.03478575433	-1714.78746035	
-5.03695260241	-1714.79012394	
-5.03911476542	-1714.79278215	
-5.04127226356	-1714.79543501	
-5.04342511692	-1714.79808252	
-5.04557334546	-1714.80072472	
-5.047716969	-1714.8033616	
-5.04985600725	-1714.80599319	
-5.05199047978	-1714.80861951	
-5.05412040604	-1714.81124057	
-5.05624580535	-1714.81385638	
-5.05836669692	-1714.81646697	
-5.06048309982	-1714.81907235	
-5.06259503303	-1714.82167254	
-5.06470251537	-1714.82426755	
-5.06680556556	-1714.82685739	
-5.06890420222	-1714.82944209	
-5.07099844382	-1714.83202166	
-5.07308830874	-1714.83459611	
-5.07517381523	-1714.83716546	
-5.07725498144	-1714.83972973	
-5.07933182538	-1714.84228893	
-5.08140436498	-1714.84484308	
-5.08347261805	-1714.84739218	
-5.08553660227	-1714.84993626	
-5.08759633523	-1714.85247534	
-5.08965183441	-1714.85500942	
-5.09170311719	-1714.85753852	
-5.09375020081	-1714.86006266	
-5.09579310244	-1714.86258184	
-5.09783183913	-1714.8650961	
-5.09986642782	-1714.86760543	
-5.10189688537	-1714.87010986	
-5.10392322852	-1714.8726094	
-5.1059454739	-1714.87510406	
-5.10796363806	-1714.87759386	
-5.10997773743	-1714.88007881	
-5.11198778836	-1714.88255892	
-5.11399380708	-1714.88503422	
-5.11599580975	-1714.88750471	
-5.11799381242	-1714.88997041	
-5.11998783102	-1714.89243134	
-5.12197788143	-1714.89488749	
-5.1239639794	-1714.8973389	
-5.12594614061	-1714.89978558	
-5.12792438062	-1714.90222753	
-5.12989871492	-1714.90466477	
-5.13186915891	-1714.90709731	
-5.13383572788	-1714.90952518	
-5.13579843705	-1714.91194837	
-5.13775730154	-1714.91436691	
-5.13971233637	-1714.91678081	
-5.1416635565	-1714.91919008	
-5.14361097679	-1714.92159474	
-5.145554612	-1714.92399479	
-5.14749447681	-1714.92639025	
-5.14943058584	-1714.92878114	
-5.15136295359	-1714.93116746	
-5.1532915945	-1714.93354924	
-5.15521652291	-1714.93592647	
-5.15713775309	-1714.93829918	
-5.15905529921	-1714.94066738	
-5.1609691754	-1714.94303108	
-5.16287939565	-1714.9453903	
-5.16478597392	-1714.94774504	
-5.16668892407	-1714.95009532	
-5.16858825987	-1714.95244115	
-5.17048399504	-1714.95478254	
-5.17237614319	-1714.95711951	
-5.17426471788	-1714.95945206	
-5.17614973257	-1714.96178022	
-5.17803120067	-1714.96410399	
-5.1799091355	-1714.96642338	
-5.18178355029	-1714.96873841	
-5.18365445823	-1714.97104909	
-5.1855218724	-1714.97335543	
-5.18738580584	-1714.97565745	
-5.18924627149	-1714.97795514	
-5.19110328224	-1714.98024854	
-5.19295685089	-1714.98253764	
-5.19480699018	-1714.98482246	
-5.19665371277	-1714.98710302	
-5.19849703127	-1714.98937932	
-5.20033695819	-1714.99165137	
-5.202173506	-1714.99391919	
-5.20400668708	-1714.99618279	
-5.20583651375	-1714.99844217	
-5.20766299828	-1715.00069736	
-5.20948615284	-1715.00294836	
-5.21130598956	-1715.00519519	
-5.21312252048	-1715.00743785	
-5.21493575761	-1715.00967636	
-5.21674571285	-1715.01191072	
-5.21855239808	-1715.01414095	
-5.22035582508	-1715.01636707	
-5.22215600558	-1715.01858907	
-5.22395295126	-1715.02080698	
-5.22574667371	-1715.02302079	
-5.22753718449	-1715.02523054	
-5.22932449506	-1715.02743622	
-5.23110861685	-1715.02963784	
-5.23288956123	-1715.03183542	
-5.23466733947	-1715.03402897	
-5.23644196283	-1715.03621849	
-5.23821344248	-1715.03840401	
-5.23998178954	-1715.04058552	
-5.24174701506	-1715.04276304	
-5.24350913005	-1715.04493659	
-5.24526814546	-1715.04710616	
-5.24702407216	-1715.04927178	
-5.24877692099	-1715.05143345	
-5.25052670271	-1715.05359118	
-5.25227342805	-1715.05574499	
-5.25401710765	-1715.05789487	
-5.25575775213	-1715.06004086	
-5.25749537203	-1715.06218294	
-5.25922997784	-1715.06432114	
-5.26096158	-1715.06645547	
-5.2626901889	-1715.06858592	
-5.26441581487	-1715.07071253	
-5.26613846818	-1715.07283529	
-5.26785815906	-1715.07495421	
-5.26957489768	-1715.07706931	
-5.27128869416	-1715.07918059	
-5.27299955856	-1715.08128807	
-5.27470750091	-1715.08339175	
-5.27641253116	-1715.08549164	
-5.27811465923	-1715.08758777	
-5.27981389498	-1715.08968012	
-5.28151024823	-1715.09176872	
-5.28320372874	-1715.09385357	
-5.28489434622	-1715.09593469	
-5.28658211033	-1715.09801207	
-5.28826703069	-1715.10008575	
-5.28994911688	-1715.10215571	
-5.2916283784	-1715.10422197	
-5.29330482472	-1715.10628455	
-5.29497846528	-1715.10834345	
-5.29664930945	-1715.11039868	
-5.29831736655	-1715.11245024	
-5.29998264587	-1715.11449816	
-5.30164515664	-1715.11654243	
-5.30330490806	-1715.11858308	
-5.30496190927	-1715.12062009	
-5.30661616936	-1715.1226535	
-5.3082676974	-1715.1246833	
-5.30991650239	-1715.12670951	
-5.3115625933	-1715.12873213	
-5.31320597904	-1715.13075117	
-5.3148466685	-1715.13276665	
-5.3164846705	-1715.13477856	
-5.31811999384	-1715.13678693	
-5.31975264727	-1715.13879176	
-5.32138263948	-1715.14079305	
-5.32300997914	-1715.14279082	
-5.32463467487	-1715.14478508	
-5.32625673524	-1715.14677584	
-5.32787616879	-1715.14876309	
-5.32949298402	-1715.15074686	
-5.33110718937	-1715.15272716	
-5.33271879327	-1715.15470398	
-5.33432780407	-1715.15667734	
-5.33593423012	-1715.15864725	
-5.3375380797	-1715.16061372	
-5.33913936107	-1715.16257675	
-5.34073808243	-1715.16453635	
-5.34233425196	-1715.16649254	
-5.3439278778	-1715.16844532	
-5.34551896803	-1715.1703947	
-5.34710753072	-1715.17234069	
-5.34869357387	-1715.17428329	
-5.35027710548	-1715.17622252	
-5.35185813348	-1715.17815838	
-5.35343666577	-1715.18009089	
-5.35501271022	-1715.18202004	
-5.35658627467	-1715.18394586	
-5.3581573669	-1715.18586834	
-5.35972599468	-1715.18778749	
-5.36129216571	-1715.18970333	
-5.36285588769	-1715.19161586	
-5.36441716825	-1715.1935251	
-5.36597601502	-1715.19543104	
-5.36753243557	-1715.19733369	
-5.36908643744	-1715.19923308	
-5.37063802813	-1715.20112919	
-5.37218721511	-1715.20302205	
-5.37373400583	-1715.20491165	
-5.37527840768	-1715.20679801	
-5.37682042804	-1715.20868114	
-5.37836007422	-1715.21056104	
-5.37989735354	-1715.21243772	
-5.38143227326	-1715.21431119	
-5.38296484061	-1715.21618146	
-5.38449506279	-1715.21804853	
-5.38602294697	-1715.21991242	
-5.38754850028	-1715.22177312	
-5.38907172982	-1715.22363065	
-5.39059264266	-1715.22548502	
-5.39211124583	-1715.22733624	
-5.39362754635	-1715.2291843	
-5.39514155118	-1715.23102923	
-5.39665326727	-1715.23287102	
-5.39816270152	-1715.23470969	
-5.39966986081	-1715.23654523	
-5.40117475199	-1715.23837767	
-5.40267738187	-1715.24020701	
-5.40417775725	-1715.24203325	
-5.40567588487	-1715.24385641	
-5.40717177146	-1715.24567648	
-5.40866542372	-1715.24749349	
-5.4101568483	-1715.24930743	
-5.41164605186	-1715.25111831	
-5.41313304098	-1715.25292614	
-5.41461782224	-1715.25473093	
-5.4161004022	-1715.25653269	
-5.41758078737	-1715.25833141	
-5.41905898424	-1715.26012712	
-5.42053499927	-1715.26191981	
-5.42200883889	-1715.2637095	
-5.4234805095	-1715.2654962	
-5.42495001748	-1715.2672799	
-5.42641736918	-1715.26906061	
-5.4278825709	-1715.27083835	
-5.42934562895	-1715.27261312	
-5.43080654959	-1715.27438493	
-5.43226533906	-1715.27615379	
-5.43372200355	-1715.27791969	
-5.43517654927	-1715.27968266	
-5.43662898235	-1715.28144269	
-5.43807930892	-1715.2831998	
-5.4395275351	-1715.28495398	
-5.44097366695	-1715.28670526	
-5.44241771052	-1715.28845363	
-5.44385967184	-1715.2901991	
-5.4452995569	-1715.29194168	
-5.44673737167	-1715.29368137	
-5.44817312209	-1715.29541819	
-5.44960681409	-1715.29715214	
-5.45103845357	-1715.29888322	
-5.45246804638	-1715.30061145	
-5.45389559837	-1715.30233682	
-5.45532111536	-1715.30405936	
-5.45674460314	-1715.30577906	
-5.45816606749	-1715.30749592	
-5.45958551414	-1715.30920997	
-5.46100294883	-1715.3109212	
-5.46241837723	-1715.31262962	
-5.46383180503	-1715.31433524	
-5.46524323786	-1715.31603806	
-5.46665268137	-1715.31773809	
-5.46806014114	-1715.31943534	
-5.46946562274	-1715.32112981	
-5.47086913175	-1715.32282152	
-5.47227067367	-1715.32451046	
-5.47367025403	-1715.32619665	
-5.47506787829	-1715.32788008	
-5.47646355193	-1715.32956078	
-5.47785728038	-1715.33123873	
-5.47924906905	-1715.33291396	
-5.48063892334	-1715.33458646	
-5.48202684862	-1715.33625625	
-5.48341285022	-1715.33792333	
-5.48479693349	-1715.3395877	
-5.48617910372	-1715.34124937	
-5.48755936619	-1715.34290836	
-5.48893772616	-1715.34456466	
-5.49031418887	-1715.34621828	
-5.49168875953	-1715.34786922	
-5.49306144334	-1715.3495175	
-5.49443224547	-1715.35116313	
-5.49580117108	-1715.35280609	
-5.49716822529	-1715.35444641	
-5.49853341322	-1715.3560841	
-5.49989673995	-1715.35771914	
-5.50125821054	-1715.35935156	
-5.50261783006	-1715.36098135	
-5.50397560352	-1715.36260853	
-5.50533153593	-1715.3642331	
-5.50668563228	-1715.36585507	
-5.50803789753	-1715.36747444	
-5.50938833663	-1715.36909121	
-5.5107369545	-1715.3707054	
-5.51208375605	-1715.37231701	
-5.51342874616	-1715.37392605	
-5.51477192971	-1715.37553252	
-5.51611331154	-1715.37713643	
-5.51745289646	-1715.37873779	
-5.51879068931	-1715.38033659	
-5.52012669485	-1715.38193286	
-5.52146091786	-1715.38352658	
-5.5227933631	-1715.38511777	
-5.52412403528	-1715.38670644	
-5.52545293913	-1715.38829259	
-5.52678007934	-1715.38987622	
-5.52810546058	-1715.39145735	
-5.52942908751	-1715.39303598	
-5.53075096477	-1715.39461211	
-5.53207109697	-1715.39618574	
-5.53338948873	-1715.3977569	
-5.53470614461	-1715.39932557	
-5.53602106919	-1715.40089178	
-5.53733426702	-1715.40245551	
-5.53864574262	-1715.40401679	
-5.5399555005	-1715.4055756	
-5.54126354516	-1715.40713197	
-5.54256988107	-1715.4086859	
-5.5438745127	-1715.41023738	
-5.54517744448	-1715.41178643	
-5.54647868084	-1715.41333306	
-5.54777822618	-1715.41487726	
-5.5490760849	-1715.41641905	
-5.55037226136	-1715.41795843	
-5.55166675992	-1715.4194954	
-5.55295958492	-1715.42102997	
-5.55425074069	-1715.42256215	
-5.55554023152	-1715.42409194	
-5.5568280617	-1715.42561935	
-5.55811423551	-1715.42714438	
-5.5593987572	-1715.42866704	
-5.56068163102	-1715.43018734	
-5.56196286117	-1715.43170527	
-5.56324245188	-1715.43322085	
-5.56452040732	-1715.43473408	
-5.56579673168	-1715.43624496	
-5.56707142911	-1715.4377535	
-5.56834450376	-1715.43925971	
-5.56961595975	-1715.4407636	
-5.57088580119	-1715.44226516	
-5.57215403218	-1715.4437644	
-5.57342065679	-1715.44526133	
-5.5746856791	-1715.44675595	
-5.57594910315	-1715.44824827	
-5.57721093297	-1715.4497383	
-5.57847117258	-1715.45122603	
-5.57972982599	-1715.45271148	
-5.58098689718	-1715.45419465	
-5.58224239012	-1715.45567554	
-5.58349630878	-1715.45715416	
-5.5847486571	-1715.45863052	
-5.585999439	-1715.46010462	
-5.5872486584	-1715.46157646	
-5.5884963192	-1715.46304605	
-5.58974242528	-1715.4645134	
-5.59098698051	-1715.46597851	
-5.59222998875	-1715.46744139	
-5.59347145384	-1715.46890204	
-5.5947113796	-1715.47036046	
-5.59594976985	-1715.47181667	
-5.59718662839	-1715.47327066	
-5.598421959	-1715.47472244	
-5.59965576545	-1715.47617202	
-5.60088805149	-1715.4776194	
-5.60211882088	-1715.47906459	
-5.60334807733	-1715.48050759	
-5.60457582457	-1715.4819484	
-5.6058020663	-1715.48338704	
-5.60702680619	-1715.4848235	
-5.60825004793	-1715.4862578	
-5.60947179518	-1715.48768993	
-5.61069205159	-1715.4891199	
-5.61191082078	-1715.49054772	
-5.61312810639	-1715.49197339	
-5.61434391201	-1715.49339691	
-5.61555824124	-1715.4948183	
-5.61677109767	-1715.49623755	
-5.61798248485	-1715.49765467	
-5.61919240636	-1715.49906966	
-5.62040086572	-1715.50048254	
-5.62160786647	-1715.5018933	
-5.62281341212	-1715.50330195	
-5.62401750619	-1715.5047085	
-5.62522015215	-1715.50611294	
-5.6264213535	-1715.50751529	
-5.62762111369	-1715.50891555	
-5.62881943618	-1715.51031372	
-5.63001632442	-1715.51170981	
-5.63121178182	-1715.51310382	
-5.63240581181	-1715.51449576	
-5.6335984178	-1715.51588563	
-5.63478960317	-1715.51727343	
-5.6359793713	-1715.51865918	
-5.63716772557	-1715.52004288	
-5.63835466933	-1715.52142452	
-5.63954020593	-1715.52280412	
-5.64072433869	-1715.52418168	
-5.64190707094	-1715.52555721	
-5.64308840598	-1715.5269307	
-5.64426834712	-1715.52830217	
-5.64544689764	-1715.52967162	
-5.64662406082	-1715.53103904	
-5.64779983991	-1715.53240446	
-5.64897423816	-1715.53376787	
-5.65014725882	-1715.53512927	
-5.65131890512	-1715.53648867	
-5.65248918027	-1715.53784608	
-5.65365808747	-1715.5392015	
-5.65482562993	-1715.54055494	
-5.65599181082	-1715.54190639	
-5.65715663332	-1715.54325586	
-5.65832010058	-1715.54460336	
-5.65948221576	-1715.5459489	
-5.660642982	-1715.54729247	
-5.66180240242	-1715.54863408	
-5.66296048014	-1715.54997373	
-5.66411721826	-1715.55131144	
-5.66527261989	-1715.5526472	
-5.66642668811	-1715.55398101	
-5.66757942599	-1715.55531289	
-5.6687308366	-1715.55664284	
-5.66988092298	-1715.55797085	
-5.67102968818	-1715.55929694	
-5.67217713524	-1715.56062111	
-5.67332326717	-1715.56194337	
-5.67446808699	-1715.56326371	
-5.67561159769	-1715.56458214	
-5.67675380227	-1715.56589868	
-5.6778947037	-1715.56721331	
-5.67903430497	-1715.56852605	
-5.68017260902	-1715.56983689	
-5.6813096188	-1715.57114585	
-5.68244533727	-1715.57245293	
-5.68357976734	-1715.57375813	
-5.68471291194	-1715.57506145	
-5.68584477397	-1715.57636291	
-5.68697535634	-1715.57766249	
-5.68810466194	-1715.57896022	
-5.68923269364	-1715.58025609	
-5.69035945432	-1715.58155011	
-5.69148494685	-1715.58284227	
-5.69260917406	-1715.58413259	
-5.6937321388	-1715.58542107	
-5.69485384391	-1715.58670771	
-5.69597429221	-1715.58799252	
-5.69709348651	-1715.5892755	
-5.69821142961	-1715.59055666	
-5.69932812431	-1715.59183599	
-5.70044357339	-1715.59311351	
-5.70155777963	-1715.59438921	
-5.7026707458	-1715.59566311	
-5.70378247466	-1715.5969352	
-5.70489296894	-1715.59820549	
-5.70600223139	-1715.59947398	
-5.70711026475	-1715.60074068	
-5.70821707172	-1715.60200559	
-5.70932265503	-1715.60326871	
-5.71042701737	-1715.60453005	
-5.71153016145	-1715.60578962	
-5.71263208993	-1715.60704741	
-5.71373280551	-1715.60830343	
-5.71483231084	-1715.60955768	
-5.71593060859	-1715.61081018	
-5.71702770141	-1715.61206091	
-5.71812359193	-1715.61330989	
-5.71921828279	-1715.61455712	
-5.72031177661	-1715.61580261	
-5.72140407601	-1715.61704635	
-5.72249518359	-1715.61828835	
-5.72358510195	-1715.61952862	
-5.72467383369	-1715.62076715	
-5.72576138137	-1715.62200396	
-5.72684774759	-1715.62323904	
-5.72793293489	-1715.62447241	
-5.72901694583	-1715.62570405	
-5.73009978297	-1715.62693399	
-5.73118144884	-1715.62816221	
-5.73226194598	-1715.62938873	
-5.7333412769	-1715.63061355	
-5.73441944412	-1715.63183667	
-5.73549645015	-1715.6330581	
-5.73657229748	-1715.63427784	
-5.73764698861	-1715.63549589	
-5.73872052602	-1715.63671225	
-5.73979291218	-1715.63792694	
-5.74086414956	-1715.63913995	
-5.74193424062	-1715.64035129	
-5.74300318781	-1715.64156096	
-5.74407099357	-1715.64276897	
-5.74513766034	-1715.64397531	
-5.74620319054	-1715.64518	
-5.7472675866	-1715.64638303	
-5.74833085092	-1715.64758441	
-5.74939298591	-1715.64878414	
-5.75045399397	-1715.64998224	
-5.75151387748	-1715.65117869	
-5.75257263883	-1715.6523735	
-5.75363028038	-1715.65356669	
-5.75468680452	-1715.65475824	
-5.75574221359	-1715.65594817	
-5.75679650994	-1715.65713647	
-5.75784969593	-1715.65832316	
-5.75890177388	-1715.65950823	
-5.75995274612	-1715.66069169	
-5.76100261499	-1715.66187354	
-5.76205138278	-1715.66305378	
-5.76309905181	-1715.66423243	
-5.76414562438	-1715.66540947	
-5.76519110278	-1715.66658493	
-5.7662354893	-1715.66775879	
-5.76727878622	-1715.66893106	
-5.76832099579	-1715.67010175	
-5.7693621203	-1715.67127085	
-5.770402162	-1715.67243839	
-5.77144112313	-1715.67360434	
-5.77247900594	-1715.67476873	
-5.77351581267	-1715.67593154	
-5.77455154554	-1715.6770928	
-5.77558620679	-1715.67825249	
-5.77661979861	-1715.67941063	
-5.77765232322	-1715.68056721	
-5.77868378283	-1715.68172224	
-5.77971417962	-1715.68287572	
-5.78074351579	-1715.68402766	
-5.78177179352	-1715.68517806	
-5.78279901497	-1715.68632692	
-5.78382518233	-1715.68747425	
-5.78485029774	-1715.68862004	
-5.78587436337	-1715.68976431	
-5.78689738137	-1715.69090706	
-5.78791935386	-1715.69204828	
-5.788940283	-1715.69318798	
-5.7899601709	-1715.69432617	
-5.79097901969	-1715.69546285	
-5.79199683148	-1715.69659802	
-5.79301360838	-1715.69773168	
-5.7940293525	-1715.69886385	
-5.79504406593	-1715.69999451	
-5.79605775077	-1715.70112368	
-5.79707040908	-1715.70225136	
-5.79808204295	-1715.70337754	
-5.79909265446	-1715.70450224	
-5.80010224566	-1715.70562546	
-5.80111081862	-1715.7067472	
-5.80211837538	-1715.70786746	
-5.80312491799	-1715.70898625	
-5.80413044849	-1715.71010357	
-5.80513496892	-1715.71121942	
-5.80613848129	-1715.7123338	
-5.80714098764	-1715.71344673	
-5.80814248998	-1715.7145582	
-5.80914299031	-1715.71566821	
