#Site	lnL	
0	-1.85207046335
1	-1.74539084248
2	-10.0307662531
3	-1.47286921639
4	-1.74539084248
5	-8.67718519725
6	-1.36112142189
7	-1.39357240747
8	-17.0884546048
9	-1.62081919848
10	-1.74539084248
11	-10.5963111158
12	-1.36112142189
13	-1.74539084248
14	-7.44568621044
15	-1.62081919848
16	-1.50132299368
17	-2.93249013714
18	-8.9322566532
19	-1.26383089222
20	-4.76331107046
21	-1.47286921639
22	-1.39357240747
23	-6.90446097079
24	-1.36112142189
25	-1.50132299368
26	-5.3607014792
27	-1.36112142189
28	-6.23130085987
29	-7.52142970863
30	-1.85207046335
31	-1.74539084248
32	-9.11067321256
33	-1.47286921639
34	-1.50132299368
35	-13.149410703
36	-1.85207046335
37	-8.68644214919
38	-2.32755513651
39	-1.62081919848
40	-1.26383089222
41	-2.93249013714
42	-5.85229375611
43	-1.74539084248
44	-8.90914983154
45	-1.47286921639
46	-6.83732354692
47	-6.66413823282
48	-1.85207046335
49	-1.39357240747
50	-6.48859157037
51	-1.85207046335
52	-9.71368515668
53	-7.14048843984
54	-5.50049283718
55	-1.50132299368
56	-7.00606795599
57	-1.62081919848
58	-1.39357240747
59	-2.32755513651
60	-1.47286921639
61	-1.50132299368
62	-5.39662859854
63	-1.62081919848
64	-1.39357240747
65	-2.93249013714
66	-1.62081919848
67	-1.39357240747
68	-6.47087135511
69	-1.36112142189
70	-1.74539084248
71	-8.03857887577
72	-1.36112142189
73	-1.50132299368
74	-2.81815523576
75	-9.83678104749
76	-1.39357240747
77	-5.39662859854
78	-1.47286921639
79	-1.26383089222
80	-6.47087135511
81	-1.36112142189
82	-1.50132299368
83	-6.48859157037
84	-1.85207046335
85	-1.26383089222
86	-6.9821881273
87	-6.99208020305
88	-1.39357240747
89	-4.13295790465
90	-1.85207046335
91	-1.39357240747
92	-6.1607745489
93	-1.36112142189
94	-1.50132299368
95	-5.28205941189
96	-1.36112142189
97	-1.39357240747
98	-4.61496518876
99	-1.47286921639
100	-1.26383089222
101	-12.4991060416
102	-1.36112142189
103	-1.74539084248
104	-8.3932544631
105	-1.36112142189
106	-1.74539084248
107	-2.26804132311
108	-1.47286921639
109	-1.39357240747
110	-6.66122674633
111	-1.47286921639
112	-1.50132299368
113	-5.28205941189
114	-1.36112142189
115	-1.39357240747
116	-10.7775469057
117	-1.36112142189
118	-1.50132299368
119	-11.447516293
120	-1.36112142189
121	-1.26383089222
122	-5.14726911149
123	-1.36112142189
124	-1.50132299368
125	-2.26804132311
126	-1.62081919848
127	-1.50132299368
128	-2.26804132311
129	-5.12661188533
130	-1.50132299368
131	-7.1662924159
132	-1.85207046335
133	-1.74539084248
134	-7.9733265908
135	-1.36112142189
136	-1.50132299368
137	-7.00221524717
138	-9.34237632947
139	-1.26383089222
140	-9.10296549696
141	-1.47286921639
142	-1.50132299368
143	-6.3953620544
144	-1.85207046335
145	-1.39357240747
146	-5.96525545587
147	-7.22299047474
148	-1.50132299368
149	-2.26804132311
150	-1.85207046335
151	-6.88837229617
152	-4.51698878607
153	-1.47286921639
154	-1.26383089222
155	-8.98693945039
156	-1.36112142189
157	-1.74539084248
158	-12.8496420037
159	-10.6035430916
160	-7.45158863818
161	-5.96525545587
162	-1.47286921639
163	-1.74539084248
164	-2.26804132311
165	-5.09370604906
166	-1.26383089222
167	-11.562718799
168	-1.62081919848
169	-1.26383089222
170	-10.7713032982
171	-1.62081919848
172	-1.74539084248
173	-2.32755513651
174	-1.85207046335
175	-1.74539084248
176	-6.68347891813
177	-1.36112142189
178	-1.74539084248
179	-6.58115610104
180	-1.62081919848
181	-1.26383089222
182	-7.07355063674
183	-1.47286921639
184	-1.26383089222
185	-10.7818271413
186	-1.36112142189
187	-1.39357240747
188	-6.57043508853
189	-1.47286921639
190	-1.74539084248
191	-11.3628253713
192	-1.62081919848
193	-1.39357240747
194	-6.11549755909
195	-1.85207046335
196	-1.39357240747
197	-11.5153284482
198	-1.36112142189
199	-1.26383089222
200	-6.22028962109
201	-10.7216856606
202	-1.39357240747
203	-2.32755513651
204	-1.62081919848
205	-1.26383089222
206	-7.33605734899
207	-15.6014864253
208	-1.26383089222
209	-9.80921188346
210	-1.36112142189
211	-1.50132299368
212	-2.93249013714
213	-1.36112142189
214	-1.74539084248
215	-5.75010772438
216	-1.47286921639
217	-1.39357240747
218	-10.8213968197
219	-8.93219427795
220	-1.26383089222
221	-6.46336762179
222	-10.2368020267
223	-1.74539084248
224	-8.80745259437
225	-7.35815497524
226	-1.39357240747
227	-13.3546638788
228	-1.36112142189
229	-1.74539084248
230	-9.69460814092
231	-1.47286921639
232	-1.50132299368
233	-6.58115610104
234	-1.47286921639
235	-1.39357240747
236	-4.51698878607
237	-6.90183477289
238	-1.26383089222
239	-4.76331107046
240	-1.62081919848
241	-1.39357240747
242	-4.51698878607
243	-1.36112142189
244	-1.26383089222
245	-13.4190897749
246	-1.62081919848
247	-1.39357240747
248	-6.13463409538
249	-1.36112142189
250	-1.39357240747
251	-2.81815523576
252	-1.62081919848
253	-1.39357240747
254	-9.22386089077
255	-5.85229375611
256	-1.26383089222
257	-8.09083023034
258	-1.62081919848
259	-1.50132299368
260	-12.8013503915
261	-5.48637559189
262	-1.74539084248
263	-9.23601596584
264	-1.36112142189
265	-1.74539084248
266	-7.41372582718
267	-1.62081919848
268	-1.39357240747
269	-6.89069351783
270	-1.47286921639
271	-1.50132299368
272	-11.2734030337
273	-1.85207046335
274	-1.39357240747
275	-9.21032935545
276	-1.36112142189
277	-1.74539084248
278	-5.68957126281
279	-1.62081919848
280	-1.39357240747
281	-4.13295790465
282	-1.62081919848
283	-1.26383089222
284	-5.86796278282
285	-1.47286921639
286	-1.26383089222
287	-8.03857887577
288	-1.85207046335
289	-1.26383089222
290	-4.76331107046
291	-1.62081919848
292	-1.26383089222
293	-2.32755513651
294	-6.99208020305
295	-1.39357240747
296	-8.91674181154
297	-1.36112142189
298	-1.26383089222
299	-2.81815523576
300	-1.36112142189
301	-1.39357240747
302	-6.36390146881
303	-1.36112142189
304	-1.26383089222
305	-8.41101012473
306	-1.85207046335
307	-1.50132299368
308	-2.93249013714
309	-6.16904727028
310	-1.50132299368
311	-8.70776322926
312	-1.36112142189
313	-1.26383089222
314	-2.32755513651
315	-1.47286921639
316	-1.39357240747
317	-6.09767067757
318	-1.36112142189
319	-1.39357240747
320	-6.13463409538
321	-1.62081919848
322	-1.74539084248
323	-5.68957126281
324	-1.36112142189
325	-1.50132299368
326	-6.11549755909
327	-1.62081919848
328	-1.74539084248
329	-7.41380208993
330	-1.62081919848
331	-1.74539084248
332	-18.1528448658
333	-1.36112142189
334	-1.39357240747
335	-2.32755513651
336	-1.47286921639
337	-1.50132299368
338	-4.71466963023
339	-1.36112142189
340	-1.39357240747
341	-11.2077001602
342	-1.47286921639
343	-1.39357240747
344	-2.26804132311
345	-1.47286921639
346	-1.26383089222
347	-9.71261023985
348	-1.47286921639
349	-1.26383089222
350	-6.47087135511
351	-1.85207046335
352	-1.50132299368
353	-5.88998870745
354	-1.36112142189
355	-1.39357240747
356	-8.67723376918
357	-1.85207046335
358	-6.25530192718
359	-2.26804132311
360	-1.47286921639
361	-1.50132299368
362	-6.5576014816
363	-1.47286921639
364	-1.50132299368
365	-9.55648857994
366	-1.36112142189
367	-1.50132299368
368	-2.26804132311
369	-1.47286921639
370	-1.39357240747
371	-6.13463409538
372	-1.85207046335
373	-1.74539084248
374	-14.5074691741
375	-1.47286921639
376	-1.74539084248
377	-6.19838405857
378	-1.36112142189
379	-1.50132299368
380	-12.007970982
381	-5.52144031883
382	-5.84747511712
383	-5.33622431446
384	-7.758323973
385	-1.74539084248
386	-2.93249013714
387	-1.47286921639
388	-1.39357240747
389	-2.26804132311
390	-1.47286921639
391	-1.50132299368
392	-5.98856568787
393	-1.36112142189
394	-1.50132299368
395	-2.32755513651
396	-1.62081919848
397	-1.50132299368
398	-4.51698878607
399	-1.62081919848
400	-1.39357240747
401	-7.57809195308
402	-1.47286921639
403	-8.68644214919
404	-9.66835365247
405	-1.36112142189
406	-7.83538000377
407	-7.31611304647
408	-1.47286921639
409	-1.50132299368
410	-10.2575698862
411	-1.36112142189
412	-1.39357240747
413	-5.14726911149
414	-1.47286921639
415	-1.50132299368
416	-7.1885272388
417	-1.85207046335
418	-1.39357240747
419	-6.11549755909
420	-1.62081919848
421	-1.26383089222
422	-9.17397273431
423	-1.36112142189
424	-1.26383089222
425	-13.4151109666
426	-7.10782117899
427	-1.74539084248
428	-9.95845488557
429	-1.47286921639
430	-1.26383089222
431	-4.33043688154
432	-5.45992360987
433	-1.26383089222
434	-7.86842267953
435	-1.85207046335
436	-1.50132299368
437	-9.40446018676
438	-1.47286921639
439	-1.74539084248
440	-9.17165920971
441	-1.85207046335
442	-1.39357240747
443	-15.2226030203
444	-1.85207046335
445	-6.62404507521
446	-2.81815523576
447	-1.36112142189
448	-1.74539084248
449	-8.67219479713
450	-1.47286921639
451	-1.50132299368
452	-10.2067510492
453	-1.47286921639
454	-1.50132299368
455	-14.3000338915
456	-1.62081919848
457	-1.26383089222
458	-2.26804132311
459	-1.47286921639
460	-1.39357240747
461	-8.26311415297
462	-1.36112142189
463	-1.39357240747
464	-4.71466963023
465	-1.47286921639
466	-1.74539084248
467	-7.78862693873
468	-1.62081919848
469	-1.39357240747
470	-12.879404791
471	-1.85207046335
472	-1.50132299368
473	-2.32755513651
474	-1.47286921639
475	-1.39357240747
476	-8.31679689924
477	-1.85207046335
478	-7.29181682967
479	-8.26223920359
480	-1.62081919848
481	-1.39357240747
482	-11.4298526019
483	-1.62081919848
484	-1.39357240747
485	-7.74484910939
486	-1.36112142189
487	-1.26383089222
488	-2.32755513651
