#Site	lnL	
0	-6.78740879742
1	-6.80333331403
2	-13.9200771337
3	-6.99872054443
4	-6.75840829224
5	-18.3313192104
6	-11.4719781827
7	-7.30434690776
8	-11.2834559162
9	-6.99872054443
10	-6.95562200479
11	-14.0783754917
12	-7.34925483282
13	-7.30434690776
14	-14.0604142902
15	-6.84132922695
16	-6.75840829224
17	-15.2360756444
18	-7.34925483282
19	-6.80333331403
20	-11.2834559162
21	-6.84132922695
22	-6.95562200479
23	-13.1555544438
24	-13.3383061714
25	-6.80333331403
26	-13.1539681039
27	-6.99872054443
28	-6.80333331403
29	-15.3023570542
30	-6.78740879742
31	-6.95562200479
32	-13.6778634509
33	-7.34925483282
34	-6.80333331403
35	-11.8118034384
36	-6.99872054443
37	-6.75840829224
38	-14.0333172215
39	-6.99872054443
40	-7.30434690776
41	-15.6398282323
42	-7.34925483282
43	-6.80333331403
44	-15.3147150528
45	-6.84132922695
46	-7.30434690776
47	-19.9622989221
48	-6.99872054443
49	-11.5902822377
50	-11.8239219274
51	-6.99872054443
52	-6.75840829224
53	-12.1586216592
54	-6.84132922695
55	-6.75840829224
56	-12.3088034775
57	-6.99872054443
58	-7.30434690776
59	-11.2834559162
60	-6.84132922695
61	-7.30434690776
62	-20.2366601555
63	-6.99872054443
64	-6.75840829224
65	-11.2834559162
66	-6.99872054443
67	-7.30434690776
68	-13.0456441401
69	-6.99872054443
70	-6.80333331403
71	-13.0843399908
72	-6.78740879742
73	-6.75840829224
74	-12.7083091139
75	-6.78740879742
76	-6.75840829224
77	-13.3659213009
78	-6.84132922695
79	-6.75840829224
80	-15.0414412135
81	-6.84132922695
82	-6.75840829224
83	-11.2834559162
84	-6.99872054443
85	-6.75840829224
86	-12.3088034775
87	-6.78740879742
88	-6.80333331403
89	-15.0863184687
90	-6.99872054443
91	-6.75840829224
92	-14.0097855204
93	-7.34925483282
94	-6.95562200479
95	-14.5371442308
96	-6.84132922695
97	-17.0115644612
98	-11.8118034384
99	-6.84132922695
100	-6.75840829224
101	-13.1539681039
102	-6.78740879742
103	-6.75840829224
104	-13.3659213009
105	-6.84132922695
106	-6.95562200479
107	-13.7917129706
108	-6.99872054443
109	-6.75840829224
110	-14.4108603491
111	-6.78740879742
112	-6.80333331403
113	-16.7149211279
114	-6.78740879742
115	-7.30434690776
116	-11.8118034384
117	-6.78740879742
118	-13.7192263379
119	-12.1586216592
120	-6.84132922695
121	-6.80333331403
122	-15.6625915773
123	-6.78740879742
124	-6.75840829224
125	-17.0060944409
126	-6.78740879742
127	-7.30434690776
128	-11.2834559162
129	-6.99872054443
130	-6.75840829224
131	-15.1696291225
132	-6.78740879742
133	-6.80333331403
134	-15.6642178596
135	-6.84132922695
136	-6.80333331403
137	-12.8584325867
138	-6.78740879742
139	-7.30434690776
140	-13.6323062982
141	-6.78740879742
142	-6.75840829224
143	-11.7111315316
144	-11.4846992462
145	-6.80333331403
146	-11.2834559162
147	-6.99872054443
148	-16.1385546248
149	-12.7083091139
150	-11.5533136235
151	-6.95562200479
152	-13.3095192142
153	-6.84132922695
154	-6.80333331403
155	-13.2025295207
156	-6.99872054443
157	-6.75840829224
158	-12.1586216592
159	-6.84132922695
160	-6.95562200479
161	-13.3095192142
162	-6.99872054443
163	-7.30434690776
164	-10.2797544048
165	-6.78740879742
166	-6.80333331403
167	-10.2797544048
168	-6.78740879742
169	-6.95562200479
170	-10.2797544048
171	-6.84132922695
172	-6.80333331403
173	-13.5186518093
174	-6.99872054443
175	-7.30434690776
176	-12.1586216592
177	-7.34925483282
178	-6.75840829224
179	-12.1586216592
180	-7.34925483282
181	-6.80333331403
182	-14.9436047419
183	-6.84132922695
184	-6.80333331403
185	-10.2797544048
186	-6.84132922695
187	-6.95562200479
188	-10.2797544048
189	-6.84132922695
190	-6.80333331403
191	-20.2243530024
192	-6.99872054443
193	-6.80333331403
194	-12.1586216592
195	-11.5112323682
196	-7.30434690776
197	-11.2834559162
198	-6.78740879742
199	-7.30434690776
200	-13.3659213009
201	-6.78740879742
202	-6.75840829224
203	-17.8287716577
204	-7.34925483282
205	-7.30434690776
206	-13.5563336564
207	-13.3398786255
208	-6.75840829224
209	-14.1108746672
210	-6.99872054443
211	-6.80333331403
212	-13.4225850125
213	-6.84132922695
214	-6.75840829224
215	-11.8387870697
216	-17.7792563975
217	-6.75840829224
218	-12.135779104
219	-6.78740879742
220	-6.80333331403
221	-11.2834559162
222	-6.84132922695
223	-7.30434690776
224	-17.7207616605
225	-6.84132922695
226	-6.95562200479
227	-11.2834559162
228	-6.99872054443
229	-6.75840829224
230	-17.8374774085
231	-6.84132922695
232	-6.75840829224
233	-15.4236993194
234	-6.99872054443
235	-7.30434690776
236	-15.2437023453
237	-6.84132922695
238	-6.75840829224
239	-15.7337713261
240	-6.78740879742
241	-6.80333331403
242	-12.1586216592
243	-6.78740879742
244	-6.80333331403
245	-13.95395837
246	-6.99872054443
247	-6.95562200479
248	-18.2352530918
249	-6.78740879742
250	-6.80333331403
251	-12.4413280988
252	-6.84132922695
253	-6.95562200479
254	-13.9200771337
255	-6.99872054443
256	-6.95562200479
257	-12.1586216592
258	-7.34925483282
259	-6.95562200479
260	-11.2834559162
261	-6.84132922695
262	-6.75840829224
263	-14.3625645451
264	-6.84132922695
265	-7.30434690776
266	-13.1539681039
267	-6.78740879742
268	-6.80333331403
269	-12.3071317995
270	-6.78740879742
271	-6.95562200479
272	-11.2321621851
273	-6.78740879742
274	-13.4366976421
275	-11.2321621851
276	-6.78740879742
277	-6.80333331403
278	-12.7549876682
279	-6.99872054443
280	-7.30434690776
281	-12.1586216592
282	-6.99872054443
283	-11.9198358024
284	-15.2366595691
285	-6.78740879742
286	-6.75840829224
287	-10.2797544048
288	-6.84132922695
289	-6.75840829224
290	-13.9200771337
291	-6.99872054443
292	-7.30434690776
293	-12.3071317995
294	-6.84132922695
295	-6.80333331403
296	-10.2797544048
297	-6.99872054443
298	-6.75840829224
299	-12.0424671803
300	-6.99872054443
301	-17.0115644612
302	-14.5886025683
303	-6.99872054443
304	-7.30434690776
305	-16.767714672
306	-13.3398786255
307	-6.80333331403
308	-10.2797544048
309	-6.78740879742
310	-6.75840829224
311	-13.9200771337
312	-7.34925483282
313	-6.80333331403
314	-12.7309467513
315	-6.78740879742
316	-6.75840829224
317	-12.0545324712
318	-7.34925483282
319	-6.75840829224
320	-11.2834559162
321	-6.84132922695
322	-6.95562200479
323	-14.0976845802
324	-6.99872054443
325	-6.95562200479
326	-13.104688428
327	-7.34925483282
328	-7.30434690776
329	-12.3071317995
330	-6.84132922695
331	-6.75840829224
332	-12.1586216592
333	-6.78740879742
334	-7.30434690776
335	-13.7873579603
336	-6.78740879742
337	-6.95562200479
338	-14.0872808743
339	-6.99872054443
340	-6.80333331403
341	-12.6823663185
342	-6.78740879742
343	-7.30434690776
344	-11.2834559162
345	-6.99872054443
346	-6.95562200479
347	-11.2834559162
348	-6.84132922695
349	-6.80333331403
350	-11.1233558114
351	-6.99872054443
352	-6.95562200479
353	-15.6841085701
354	-7.34925483282
355	-6.95562200479
356	-12.1586216592
357	-6.78740879742
358	-6.95562200479
359	-12.5664794285
360	-6.78740879742
361	-6.75840829224
362	-15.0612669014
363	-6.99872054443
364	-6.75840829224
365	-13.1555544438
366	-6.84132922695
367	-6.80333331403
368	-14.1554291524
369	-6.84132922695
370	-6.80333331403
371	-13.1539681039
372	-6.99872054443
373	-6.95562200479
374	-16.7341733084
375	-6.99872054443
376	-6.75840829224
377	-15.7337713261
378	-6.78740879742
379	-7.30434690776
380	-17.117372299
381	-6.84132922695
382	-11.8919085212
383	-16.6146696388
384	-13.1438523544
385	-6.80333331403
386	-10.2797544048
387	-6.99872054443
388	-6.80333331403
389	-12.1586216592
390	-7.34925483282
391	-6.80333331403
392	-11.2834559162
393	-6.78740879742
394	-6.95562200479
395	-13.1539681039
396	-13.3548305515
397	-6.75840829224
398	-13.6867665705
399	-6.78740879742
400	-6.95562200479
401	-16.2131812195
402	-6.99872054443
403	-6.75840829224
404	-12.0424671803
405	-11.7638437197
406	-6.95562200479
407	-15.2201102144
408	-6.99872054443
409	-6.95562200479
410	-10.2797544048
411	-6.78740879742
412	-6.95562200479
413	-15.1496633501
414	-6.84132922695
415	-11.5902822377
416	-10.2797544048
417	-15.5805133074
418	-6.95562200479
419	-16.7240904856
420	-6.78740879742
421	-6.95562200479
422	-15.5560442557
423	-6.78740879742
424	-6.80333331403
425	-10.2797544048
426	-21.5861241443
427	-6.75840829224
428	-12.4652773959
429	-6.99872054443
430	-6.75840829224
431	-14.9748868545
432	-6.84132922695
433	-6.80333331403
434	-11.2834559162
435	-6.78740879742
436	-7.30434690776
437	-10.2797544048
438	-6.84132922695
439	-6.80333331403
440	-13.0843399908
441	-6.99872054443
442	-6.80333331403
443	-13.4192609503
444	-6.78740879742
445	-6.95562200479
446	-16.1838060896
447	-6.84132922695
448	-23.2147667371
449	-17.4231308621
450	-6.78740879742
451	-6.95562200479
452	-11.2834559162
453	-6.84132922695
454	-6.80333331403
455	-13.2025295207
456	-6.99872054443
457	-6.95562200479
458	-17.5259298433
459	-13.0615429519
460	-6.80333331403
461	-11.2834559162
462	-6.78740879742
463	-6.80333331403
464	-15.4762508661
465	-7.34925483282
466	-6.80333331403
467	-16.6526889306
468	-6.78740879742
469	-6.95562200479
470	-12.1586216592
471	-6.99872054443
472	-6.80333331403
473	-13.3095192142
474	-7.34925483282
475	-6.75840829224
476	-14.9079917063
477	-6.78740879742
478	-6.80333331403
479	-10.2797544048
480	-16.2144078069
481	-6.95562200479
482	-11.7111315316
483	-6.99872054443
484	-7.30434690776
485	-15.6781694995
486	-7.34925483282
487	-6.75840829224
488	-18.1395973832
