-7.689929816387880424e-01
-4.667680925928534563e-01
-8.167001443979821085e-01
2.444871318125908743e+00
-3.996898122888742355e-01
2.398890552758710104e+00
3.446819632576674231e-01
-3.130491298143372791e+00
-4.330424969571339489e+00
-6.346661490640396863e+00
-4.090343408011904991e+00
-4.679290806713762407e+00
-5.963790965315949322e+00
-6.678978488718037454e+00
-7.604634717022867640e+00
-5.108744104119335994e+00
-7.179460853924135577e+00
-6.540155835686375596e+00
-5.589046386906550978e+00
-6.990537747936171442e+00
