-7.613811931774364661e-01
-4.868793569544634381e-01
-8.413864508235342488e-01
3.146082058162227302e+00
-6.925370305886815459e-01
2.676079428170238472e+00
1.228667843684525529e+00
-2.238619730246141248e+00
-3.938473070794506370e+00
-1.092724383045158909e+01
-4.143653475575304945e+00
-4.479344583612832942e+00
-8.163926843304318837e+00
-6.359247723758646664e+00
-5.813579267314678667e+00
-5.543588279476825420e+00
-6.221641745226105691e+00
-5.695283398551669762e+00
-5.481109600505063462e+00
-1.623848017028421253e+01
