-7.012659413964552613e-01
-5.228856198759482821e-01
-8.242682034541769509e-01
3.147068001629036438e+00
-7.682491673372465746e-01
2.231716703958351200e+00
-3.030878574318829344e+00
-4.218441445955056324e+00
-4.074668284420621234e+00
-5.512834789424482906e+00
-4.146043209284355768e+00
-4.385932813147568332e+00
-6.042694441657854298e+00
-6.574826994959154014e+00
-5.910438364938940481e+00
-5.252188905924126239e+00
-5.901563495916192004e+00
-4.794377684130034289e+00
-5.208686383121321484e+00
-7.066040445878956966e+00
