#Site	lnL	
0	-4.59312287986
1	-4.278656305
2	-12.3690047997
3	-4.4225945452
4	-11.7768029607
5	-7.60858628725
6	-4.34100751383
7	-4.53125078434
8	-11.760691397
9	-4.34100751383
10	-4.278656305
11	-13.6174095256
12	-13.6133078331
13	-4.52102321849
14	-11.1270829148
15	-4.34100751383
16	-8.72647166038
17	-10.3787590623
18	-4.60838775592
19	-4.53125078434
20	-10.5754835021
21	-4.59312287986
22	-9.22130667279
23	-7.60858628725
24	-4.4225945452
25	-4.278656305
26	-15.4207980238
27	-4.4225945452
28	-4.278656305
29	-7.99153859573
30	-20.8440566884
31	-4.53125078434
32	-7.79211497638
33	-4.60838775592
34	-4.35960336511
35	-7.79211497638
36	-4.34100751383
37	-4.35960336511
38	-16.5332278112
39	-4.34100751383
40	-4.53125078434
41	-10.0585618165
42	-4.4225945452
43	-4.52102321849
44	-14.4340264979
45	-4.34100751383
46	-4.278656305
47	-16.4116262338
48	-4.60838775592
49	-4.52102321849
50	-6.83449035802
51	-4.4225945452
52	-4.53125078434
53	-7.58240617438
54	-12.2824928105
55	-4.53125078434
56	-11.8835905164
57	-4.60838775592
58	-4.278656305
59	-6.98427650426
60	-4.34100751383
61	-4.52102321849
62	-7.79211497638
63	-4.59312287986
64	-4.52102321849
65	-10.4413812476
66	-4.4225945452
67	-4.35960336511
68	-7.74384971838
69	-4.34100751383
70	-4.52102321849
71	-9.79637894006
72	-4.34100751383
73	-4.35960336511
74	-6.83449035802
75	-4.60838775592
76	-4.53125078434
77	-6.83449035802
78	-4.59312287986
79	-4.35960336511
80	-10.5754835021
81	-4.59312287986
82	-4.35960336511
83	-12.1793483837
84	-4.34100751383
85	-4.53125078434
86	-11.0976231844
87	-4.4225945452
88	-4.53125078434
89	-9.41201947947
90	-4.4225945452
91	-4.53125078434
92	-8.89225404621
93	-4.34100751383
94	-4.35960336511
95	-6.83449035802
96	-4.34100751383
97	-4.35960336511
98	-6.98427650426
99	-4.4225945452
100	-4.53125078434
101	-6.98427650426
102	-4.34100751383
103	-4.278656305
104	-6.98427650426
105	-4.34100751383
106	-4.52102321849
107	-7.79211497638
108	-4.4225945452
109	-4.278656305
110	-11.3059209519
111	-8.64557614127
112	-4.278656305
113	-11.6489006747
114	-4.4225945452
115	-4.52102321849
116	-13.9919882646
117	-4.59312287986
118	-4.35960336511
119	-7.7219898151
120	-4.34100751383
121	-4.278656305
122	-8.89225404621
123	-4.34100751383
124	-4.52102321849
125	-9.77201412809
126	-4.59312287986
127	-4.53125078434
128	-6.83449035802
129	-11.3000157622
130	-4.278656305
131	-6.83449035802
132	-4.60838775592
133	-4.278656305
134	-9.31691674636
135	-4.59312287986
136	-4.35960336511
137	-8.87265254879
138	-4.4225945452
139	-4.278656305
140	-9.31691674636
141	-4.34100751383
142	-4.35960336511
143	-7.7219898151
144	-4.34100751383
145	-4.52102321849
146	-14.3215999175
147	-4.59312287986
148	-4.35960336511
149	-14.0525584413
150	-4.4225945452
151	-4.53125078434
152	-7.58240617438
153	-4.4225945452
154	-4.52102321849
155	-6.83449035802
156	-12.379169629
157	-4.53125078434
158	-8.68200043961
159	-4.34100751383
160	-4.53125078434
161	-16.3953959923
162	-4.60838775592
163	-4.278656305
164	-8.07430235582
165	-4.60838775592
166	-4.278656305
167	-18.5176276564
168	-4.4225945452
169	-4.53125078434
170	-6.83449035802
171	-4.59312287986
172	-4.278656305
173	-6.83449035802
174	-12.379169629
175	-4.278656305
176	-7.58240617438
177	-12.4428975046
178	-4.52102321849
179	-7.58240617438
180	-11.3964310684
181	-9.22130667279
182	-9.62219462547
183	-4.59312287986
184	-4.52102321849
185	-9.07768261526
186	-4.60838775592
187	-4.278656305
188	-6.83449035802
189	-4.59312287986
190	-4.52102321849
191	-6.98427650426
192	-4.4225945452
193	-13.4777575254
194	-7.7219898151
195	-8.56917999708
196	-4.278656305
197	-8.87265254879
198	-4.34100751383
199	-4.53125078434
200	-6.83449035802
201	-4.4225945452
202	-4.53125078434
203	-9.1902714139
204	-4.59312287986
205	-4.52102321849
206	-6.83449035802
207	-10.8866012967
208	-4.278656305
209	-10.3787590623
210	-4.4225945452
211	-4.53125078434
212	-7.79211497638
213	-4.4225945452
214	-4.53125078434
215	-17.5659150884
216	-4.34100751383
217	-4.278656305
218	-9.57756695822
219	-4.59312287986
220	-4.52102321849
221	-8.89225404621
222	-8.66267539869
223	-4.52102321849
224	-11.230775852
225	-4.59312287986
226	-4.35960336511
227	-11.4627525084
228	-4.59312287986
229	-4.52102321849
230	-11.6111415475
231	-4.34100751383
232	-4.53125078434
233	-9.93022928386
234	-4.34100751383
235	-4.53125078434
236	-7.58240617438
237	-4.34100751383
238	-4.35960336511
239	-9.85979775742
240	-4.34100751383
241	-4.35960336511
242	-11.1270829148
243	-4.4225945452
244	-4.278656305
245	-9.16025303845
246	-4.4225945452
247	-4.278656305
248	-8.89225404621
249	-4.4225945452
250	-4.53125078434
251	-10.5754835021
252	-4.60838775592
253	-4.53125078434
254	-6.98427650426
255	-4.4225945452
256	-4.35960336511
257	-7.58240617438
258	-4.4225945452
259	-4.278656305
260	-9.62219462547
261	-4.59312287986
262	-4.35960336511
263	-6.98427650426
264	-4.34100751383
265	-4.53125078434
266	-9.56309087038
267	-4.60838775592
268	-4.52102321849
269	-6.98427650426
270	-4.34100751383
271	-4.53125078434
272	-11.5851458855
273	-4.34100751383
274	-4.53125078434
275	-10.0053228396
276	-4.34100751383
277	-4.278656305
278	-7.58240617438
279	-4.60838775592
280	-4.278656305
281	-7.94966695164
282	-16.0876286949
283	-4.53125078434
284	-9.31691674636
285	-4.4225945452
286	-4.53125078434
287	-12.6950986741
288	-10.6214794395
289	-4.35960336511
290	-10.568333383
291	-4.59312287986
292	-4.52102321849
293	-15.9881858568
294	-4.59312287986
295	-4.53125078434
296	-13.6889214779
297	-4.59312287986
298	-4.278656305
299	-8.83802744043
300	-4.59312287986
301	-4.52102321849
302	-7.58240617438
303	-4.59312287986
304	-4.278656305
305	-12.7389581165
306	-4.34100751383
307	-4.53125078434
308	-9.31691674636
309	-4.4225945452
310	-11.6750574869
311	-7.58240617438
312	-4.60838775592
313	-8.78868095835
314	-7.79211497638
315	-4.4225945452
316	-4.278656305
317	-7.58240617438
318	-4.4225945452
319	-4.35960336511
320	-6.83449035802
321	-17.7721178707
322	-4.53125078434
323	-16.12596138
324	-4.34100751383
325	-4.278656305
326	-10.5682878812
327	-4.34100751383
328	-4.278656305
329	-12.3825868335
330	-4.34100751383
331	-4.278656305
332	-8.07430235582
333	-4.4225945452
334	-4.53125078434
335	-7.79211497638
336	-4.59312287986
337	-8.78868095835
338	-11.9435983391
339	-4.4225945452
340	-11.3990248394
341	-9.16025303845
342	-4.34100751383
343	-4.278656305
344	-6.83449035802
345	-4.34100751383
346	-4.278656305
347	-11.0490589946
348	-4.4225945452
349	-4.278656305
350	-9.16025303845
351	-4.34100751383
352	-4.52102321849
353	-6.98427650426
354	-4.59312287986
355	-4.278656305
356	-8.52975604311
357	-4.59312287986
358	-4.278656305
359	-10.0822915206
360	-4.59312287986
361	-4.278656305
362	-6.98427650426
363	-4.34100751383
364	-4.278656305
365	-14.6547781906
366	-4.60838775592
367	-4.278656305
368	-7.79211497638
369	-4.4225945452
370	-4.278656305
371	-13.362882821
372	-4.59312287986
373	-4.35960336511
374	-10.8702831573
375	-4.4225945452
376	-4.35960336511
377	-8.52975604311
378	-4.34100751383
379	-4.278656305
380	-9.81430411022
381	-4.60838775592
382	-4.53125078434
383	-6.98427650426
384	-4.59312287986
385	-4.278656305
386	-7.79211497638
387	-4.34100751383
388	-4.35960336511
389	-8.68200043961
390	-4.34100751383
391	-4.52102321849
392	-8.29993743997
393	-4.4225945452
394	-4.35960336511
395	-7.79211497638
396	-4.60838775592
397	-4.52102321849
398	-10.4709315842
399	-4.4225945452
400	-4.35960336511
401	-13.3825014418
402	-4.60838775592
403	-4.278656305
404	-6.98427650426
405	-4.59312287986
406	-4.278656305
407	-11.5065544416
408	-4.4225945452
409	-4.53125078434
410	-15.8733762426
411	-4.4225945452
412	-4.278656305
413	-8.52975604311
414	-8.22243708214
415	-4.35960336511
416	-14.340994742
417	-4.34100751383
418	-12.220766807
419	-10.804848488
420	-4.60838775592
421	-4.52102321849
422	-7.79211497638
423	-4.60838775592
424	-4.53125078434
425	-7.79211497638
426	-4.4225945452
427	-4.35960336511
428	-7.58240617438
429	-4.60838775592
430	-4.35960336511
431	-11.7355273738
432	-4.60838775592
433	-4.53125078434
434	-7.79211497638
435	-4.4225945452
436	-4.278656305
437	-7.58240617438
438	-4.4225945452
439	-4.278656305
440	-9.1902714139
441	-4.59312287986
442	-4.278656305
443	-11.36619228
444	-4.4225945452
445	-4.52102321849
446	-7.79211497638
447	-4.59312287986
448	-4.35960336511
449	-13.836184977
450	-8.64557614127
451	-4.53125078434
452	-6.83449035802
453	-4.4225945452
454	-4.35960336511
455	-8.87265254879
456	-4.60838775592
457	-4.53125078434
458	-13.5914871916
459	-4.34100751383
460	-4.52102321849
461	-8.64538086444
462	-11.106913202
463	-4.52102321849
464	-6.83449035802
465	-4.4225945452
466	-4.53125078434
467	-12.0633229413
468	-4.4225945452
469	-4.53125078434
470	-8.68341409361
471	-4.4225945452
472	-4.35960336511
473	-6.83449035802
474	-4.60838775592
475	-4.35960336511
476	-11.1737353105
477	-8.66267539869
478	-4.52102321849
479	-10.524375461
480	-4.34100751383
481	-4.35960336511
482	-10.0585618165
483	-4.34100751383
484	-4.278656305
485	-11.2777008026
486	-4.60838775592
487	-13.3338624057
488	-6.98427650426
