-6.734444813585325207e-01
-4.998788557913723118e-01
-8.546400229662431958e-01
2.323172638310230464e+00
-1.138613294313315594e+00
2.657744381674234990e+00
-1.471606587761835172e+00
-4.533058342903744098e+00
-4.899125073806495756e+00
-4.362118775127373560e+00
-4.310302956284817633e+00
-5.454502556804010638e+00
-7.418442060257530279e+00
-7.503168271889220087e+00
-6.360572906678907401e+00
-4.853249133257318881e+00
-7.436705053887801675e+00
-6.163869895503149898e+00
-5.606811179406930634e+00
-6.760345476894161543e+00
