-6.484211263515406998e-01
-5.539914153919429651e-01
-7.836836181878802376e-01
2.623294317347345750e+00
-1.320652124678753925e-01
2.688926717455504711e+00
4.752175253469033134e-01
-1.461061309240296646e+00
-4.575809146078467116e+00
-6.364990575172082998e+00
-4.630187239203170435e+00
-4.470020901947918901e+00
-1.594514699803830204e+01
-6.570457866131105717e+00
-5.958621913892502953e+00
-4.965473061736449090e+00
-7.073059282625470345e+00
-5.500311972637341285e+00
-6.021932084647871442e+00
-7.649927532004929809e+00
