#Site	lnL	
0	-1.6292879655
1	-1.59096334072
2	-7.86487150188
3	-1.67584362302
4	-1.26513543949
5	-7.8485291939
6	-1.6292879655
7	-1.26513543949
8	-8.27941281698
9	-1.6292879655
10	-1.34638950909
11	-12.7142078241
12	-9.27877115554
13	-7.90126314862
14	-9.73344986181
15	-1.29438764575
16	-1.26513543949
17	-4.87836840524
18	-1.37467099251
19	-1.34638950909
20	-8.93222307563
21	-1.67584362302
22	-1.34638950909
23	-8.78327297777
24	-1.37467099251
25	-1.59096334072
26	-7.47169879141
27	-1.37467099251
28	-1.34638950909
29	-4.08780809064
30	-1.29438764575
31	-1.26513543949
32	-4.1789296942
33	-1.37467099251
34	-1.63990736653
35	-6.9349697516
36	-1.6292879655
37	-1.26513543949
38	-10.1669920511
39	-1.29438764575
40	-1.34638950909
41	-6.0873872354
42	-1.67584362302
43	-1.59096334072
44	-8.26971990045
45	-1.37467099251
46	-1.26513543949
47	-10.0185909527
48	-1.29438764575
49	-8.18362024382
50	-8.35711786522
51	-1.6292879655
52	-1.26513543949
53	-3.32972517428
54	-1.37467099251
55	-1.26513543949
56	-4.87836840524
57	-7.14180769202
58	-1.63990736653
59	-3.38637461132
60	-1.6292879655
61	-1.63990736653
62	-3.32972517428
63	-1.6292879655
64	-1.26513543949
65	-2.66171195684
66	-1.67584362302
67	-1.26513543949
68	-14.4542343757
69	-1.29438764575
70	-10.7434341093
71	-5.21540144775
72	-9.78101249333
73	-1.63990736653
74	-4.08780809064
75	-7.27815279094
76	-1.34638950909
77	-6.45821833869
78	-1.29438764575
79	-1.59096334072
80	-7.98360213051
81	-1.37467099251
82	-5.99583858147
83	-5.70594911474
84	-1.6292879655
85	-1.26513543949
86	-5.61869288677
87	-1.67584362302
88	-1.34638950909
89	-10.7093966314
90	-1.29438764575
91	-1.59096334072
92	-3.38637461132
93	-1.6292879655
94	-1.59096334072
95	-2.66171195684
96	-1.37467099251
97	-1.26513543949
98	-4.08780809064
99	-1.37467099251
100	-1.26513543949
101	-4.50179137023
102	-1.37467099251
103	-1.26513543949
104	-9.18474255145
105	-1.67584362302
106	-1.63990736653
107	-2.66171195684
108	-1.29438764575
109	-1.59096334072
110	-13.7992105097
111	-1.6292879655
112	-1.26513543949
113	-9.61966279034
114	-5.75512445711
115	-1.63990736653
116	-11.2285897166
117	-1.67584362302
118	-1.34638950909
119	-4.50179137023
120	-6.3559425736
121	-1.26513543949
122	-6.00330308563
123	-1.29438764575
124	-1.63990736653
125	-9.82348279539
126	-1.37467099251
127	-1.63990736653
128	-10.1780448404
129	-1.67584362302
130	-1.63990736653
131	-4.77849785312
132	-1.29438764575
133	-1.63990736653
134	-2.6171127537
135	-1.29438764575
136	-1.59096334072
137	-7.81193012764
138	-1.67584362302
139	-1.26513543949
140	-10.9894307313
141	-1.37467099251
142	-1.34638950909
143	-2.66171195684
144	-1.29438764575
145	-1.63990736653
146	-2.6171127537
147	-1.29438764575
148	-1.63990736653
149	-8.05360794756
150	-10.7523392011
151	-1.34638950909
152	-4.87836840524
153	-1.37467099251
154	-1.34638950909
155	-4.87836840524
156	-1.6292879655
157	-1.63990736653
158	-3.32972517428
159	-1.29438764575
160	-1.63990736653
161	-9.9911902642
162	-1.29438764575
163	-1.26513543949
164	-2.66171195684
165	-5.73670057903
166	-1.26513543949
167	-7.56480049529
168	-1.6292879655
169	-1.63990736653
170	-10.7992889713
171	-1.29438764575
172	-1.63990736653
173	-5.21540144775
174	-1.29438764575
175	-1.34638950909
176	-5.67763755746
177	-1.29438764575
178	-1.26513543949
179	-2.66171195684
180	-1.37467099251
181	-1.59096334072
182	-8.19516735998
183	-1.37467099251
184	-1.59096334072
185	-15.6726819477
186	-1.67584362302
187	-1.63990736653
188	-8.0446752938
189	-1.67584362302
190	-6.01015479759
191	-17.5124679879
192	-1.29438764575
193	-1.34638950909
194	-5.71064082177
195	-13.3252907862
196	-1.34638950909
197	-8.94902151531
198	-1.67584362302
199	-1.59096334072
200	-3.32972517428
201	-1.6292879655
202	-1.63990736653
203	-2.6171127537
204	-1.37467099251
205	-1.34638950909
206	-11.321289331
207	-1.37467099251
208	-1.26513543949
209	-6.79550200281
210	-1.37467099251
211	-1.59096334072
212	-11.3917318473
213	-1.37467099251
214	-1.26513543949
215	-2.66171195684
216	-1.67584362302
217	-1.34638950909
218	-7.56480049529
219	-1.29438764575
220	-1.26513543949
221	-4.50179137023
222	-1.29438764575
223	-1.59096334072
224	-8.35323075001
225	-1.6292879655
226	-1.26513543949
227	-3.38637461132
228	-1.37467099251
229	-1.26513543949
230	-7.94962367531
231	-1.67584362302
232	-1.59096334072
233	-7.19484273738
234	-13.9374962122
235	-1.59096334072
236	-2.66171195684
237	-1.67584362302
238	-1.63990736653
239	-2.6171127537
240	-1.6292879655
241	-1.59096334072
242	-6.6722362901
243	-1.67584362302
244	-1.26513543949
245	-8.69317690217
246	-1.6292879655
247	-1.63990736653
248	-4.1789296942
249	-1.6292879655
250	-1.34638950909
251	-5.61869288677
252	-1.37467099251
253	-1.26513543949
254	-3.32972517428
255	-1.29438764575
256	-1.26513543949
257	-13.2454161458
258	-1.6292879655
259	-1.26513543949
260	-3.32972517428
261	-1.67584362302
262	-1.63990736653
263	-7.23894578658
264	-1.37467099251
265	-1.34638950909
266	-5.89087716866
267	-1.37467099251
268	-11.7529884204
269	-7.98360213051
270	-1.29438764575
271	-1.63990736653
272	-10.6714361933
273	-1.37467099251
274	-1.26513543949
275	-2.66171195684
276	-1.29438764575
277	-1.63990736653
278	-6.23049736833
279	-1.29438764575
280	-1.26513543949
281	-3.38637461132
282	-1.37467099251
283	-1.34638950909
284	-7.19019607406
285	-1.37467099251
286	-1.26513543949
287	-9.53128486835
288	-1.6292879655
289	-1.26513543949
290	-11.2787522386
291	-1.29438764575
292	-1.59096334072
293	-5.24737902321
294	-1.29438764575
295	-1.59096334072
296	-5.70594911474
297	-1.29438764575
298	-1.34638950909
299	-2.6171127537
300	-1.37467099251
301	-1.34638950909
302	-6.91106588669
303	-1.6292879655
304	-1.59096334072
305	-8.27813707781
306	-1.67584362302
307	-1.34638950909
308	-7.57624735418
309	-1.6292879655
310	-1.59096334072
311	-14.2336933095
312	-1.29438764575
313	-1.59096334072
314	-5.79162417653
315	-1.6292879655
316	-1.26513543949
317	-5.58057960995
318	-1.6292879655
319	-10.3901126654
320	-2.6171127537
321	-1.37467099251
322	-1.26513543949
323	-5.91998255596
324	-1.67584362302
325	-1.34638950909
326	-4.47016472533
327	-1.29438764575
328	-1.26513543949
329	-2.6171127537
330	-1.37467099251
331	-1.26513543949
332	-3.38637461132
333	-1.37467099251
334	-1.34638950909
335	-8.18144799386
336	-1.67584362302
337	-1.26513543949
338	-7.70420465705
339	-1.67584362302
340	-1.26513543949
341	-7.67438770061
342	-1.29438764575
343	-1.59096334072
344	-6.73662370102
345	-1.67584362302
346	-1.34638950909
347	-8.48400687899
348	-10.9009467847
349	-1.59096334072
350	-10.1632973624
351	-1.29438764575
352	-1.63990736653
353	-8.68579446625
354	-1.29438764575
355	-1.26513543949
356	-3.32972517428
357	-10.3583609093
358	-1.63990736653
359	-6.08326251669
360	-1.67584362302
361	-1.34638950909
362	-3.38637461132
363	-1.29438764575
364	-6.01015479759
365	-3.38637461132
366	-1.29438764575
367	-1.26513543949
368	-6.07604221773
369	-1.29438764575
370	-1.59096334072
371	-2.6171127537
372	-1.37467099251
373	-1.63990736653
374	-6.0474258493
375	-1.6292879655
376	-1.34638950909
377	-9.45025661746
378	-1.67584362302
379	-1.34638950909
380	-4.47016472533
381	-1.67584362302
382	-1.59096334072
383	-5.96901075952
384	-1.37467099251
385	-1.26513543949
386	-3.38637461132
387	-1.37467099251
388	-9.66789159598
389	-11.995811367
390	-1.67584362302
391	-1.34638950909
392	-8.79591730615
393	-1.37467099251
394	-1.26513543949
395	-4.77849785312
396	-1.29438764575
397	-1.34638950909
398	-10.0285803917
399	-1.29438764575
400	-1.59096334072
401	-4.87836840524
402	-1.37467099251
403	-1.34638950909
404	-6.05284262198
405	-1.29438764575
406	-1.59096334072
407	-3.32972517428
408	-1.29438764575
409	-1.59096334072
410	-4.77849785312
411	-5.62501120544
412	-1.34638950909
413	-3.38637461132
414	-1.37467099251
415	-1.59096334072
416	-8.72971687636
417	-1.67584362302
418	-1.34638950909
419	-2.6171127537
420	-1.29438764575
421	-1.34638950909
422	-2.6171127537
423	-1.67584362302
424	-1.59096334072
425	-11.2426412673
426	-1.67584362302
427	-1.26513543949
428	-16.3227898355
429	-1.29438764575
430	-9.34771577664
431	-2.66171195684
432	-1.29438764575
433	-1.26513543949
434	-2.6171127537
435	-1.29438764575
436	-1.26513543949
437	-6.86276604198
438	-1.29438764575
439	-1.63990736653
440	-5.84158384943
441	-1.37467099251
442	-1.34638950909
443	-2.66171195684
444	-1.29438764575
445	-1.26513543949
446	-11.4767208028
447	-1.6292879655
448	-1.59096334072
449	-7.19484273738
450	-7.51446020632
451	-1.34638950909
452	-8.41368103654
453	-1.29438764575
454	-1.34638950909
455	-5.24737902321
456	-1.37467099251
457	-1.34638950909
458	-2.6171127537
459	-1.37467099251
460	-1.63990736653
461	-2.66171195684
462	-1.67584362302
463	-1.59096334072
464	-10.823250749
465	-1.6292879655
466	-1.59096334072
467	-7.97045866809
468	-1.37467099251
469	-1.26513543949
470	-5.58057960995
471	-1.29438764575
472	-1.26513543949
473	-7.47509506092
474	-1.29438764575
475	-1.63990736653
476	-6.73300019506
477	-1.6292879655
478	-1.26513543949
479	-8.89143344922
480	-1.29438764575
481	-1.34638950909
482	-5.70594911474
483	-1.29438764575
484	-1.34638950909
485	-9.61175071187
486	-9.00615426116
487	-1.26513543949
488	-14.6191588149
