#Site	lnL	
0	-6.58938736278
1	-6.35327478733
2	-13.3179207347
3	-6.05952467256
4	-6.55895730549
5	-11.6434434641
6	-6.05952467256
7	-5.73837746305
8	-21.0601456254
9	-6.39163749635
10	-6.35327478733
11	-10.7284744068
12	-5.76185405584
13	-6.03885764407
14	-11.0733571275
15	-5.76185405584
16	-6.35327478733
17	-8.69377844444
18	-5.76185405584
19	-5.73837746305
20	-11.6276785588
21	-6.39163749635
22	-6.55895730549
23	-13.7863705818
24	-5.76185405584
25	-5.73837746305
26	-21.4752482723
27	-6.05952467256
28	-6.55895730549
29	-11.6434434641
30	-6.05952467256
31	-6.35327478733
32	-8.69377844444
33	-6.58938736278
34	-5.73837746305
35	-8.94562966736
36	-5.76185405584
37	-5.73837746305
38	-8.94562966736
39	-6.05952467256
40	-5.73837746305
41	-10.096215506
42	-13.830574014
43	-5.73837746305
44	-17.3406443389
45	-6.05952467256
46	-5.73837746305
47	-17.8064655427
48	-6.39163749635
49	-6.55895730549
50	-8.69377844444
51	-6.39163749635
52	-5.73837746305
53	-17.5605226829
54	-5.76185405584
55	-5.73837746305
56	-15.0946263181
57	-6.05952467256
58	-5.73837746305
59	-8.69377844444
60	-6.39163749635
61	-6.55895730549
62	-8.69377844444
63	-11.488927806
64	-6.35327478733
65	-8.69377844444
66	-5.76185405584
67	-6.03885764407
68	-8.69377844444
69	-5.76185405584
70	-6.35327478733
71	-8.94562966736
72	-6.05952467256
73	-6.35327478733
74	-8.69377844444
75	-5.76185405584
76	-11.6957419828
77	-8.69377844444
78	-22.5015040587
79	-5.73837746305
80	-8.69377844444
81	-6.39163749635
82	-5.73837746305
83	-10.096215506
84	-6.58938736278
85	-6.03885764407
86	-15.9004726043
87	-6.58938736278
88	-6.55895730549
89	-8.69377844444
90	-5.76185405584
91	-6.35327478733
92	-12.3947742697
93	-6.05952467256
94	-6.55895730549
95	-8.69377844444
96	-5.76185405584
97	-13.6562808465
98	-8.94562966736
99	-6.05952467256
100	-6.03885764407
101	-11.0743559406
102	-5.76185405584
103	-5.73837746305
104	-11.0743559406
105	-6.05952467256
106	-6.03885764407
107	-15.5495207835
108	-5.76185405584
109	-5.73837746305
110	-14.5930050497
111	-6.39163749635
112	-6.35327478733
113	-14.6047946622
114	-6.39163749635
115	-6.35327478733
116	-13.43720646
117	-6.58938736278
118	-6.35327478733
119	-12.5901068674
120	-6.05952467256
121	-11.1723530365
122	-10.5466159938
123	-6.58938736278
124	-6.03885764407
125	-9.62088452624
126	-5.76185405584
127	-5.73837746305
128	-8.69377844444
129	-6.39163749635
130	-6.35327478733
131	-8.69377844444
132	-6.05952467256
133	-6.55895730549
134	-9.62088452624
135	-6.58938736278
136	-6.35327478733
137	-16.7131246151
138	-6.58938736278
139	-5.73837746305
140	-15.7598155495
141	-6.05952467256
142	-6.35327478733
143	-8.94562966736
144	-6.39163749635
145	-6.35327478733
146	-8.94562966736
147	-5.76185405584
148	-6.55895730549
149	-11.6434434641
150	-6.05952467256
151	-6.03885764407
152	-8.69377844444
153	-5.76185405584
154	-14.17677617
155	-13.2006266281
156	-5.76185405584
157	-6.35327478733
158	-10.1993762986
159	-6.05952467256
160	-6.35327478733
161	-15.2441756158
162	-6.39163749635
163	-6.55895730549
164	-13.5218295107
165	-5.76185405584
166	-5.73837746305
167	-8.94562966736
168	-6.39163749635
169	-5.73837746305
170	-8.94562966736
171	-5.76185405584
172	-6.03885764407
173	-10.7284744068
174	-5.76185405584
175	-5.73837746305
176	-12.7771087904
177	-6.58938736278
178	-5.73837746305
179	-13.7062461305
180	-6.05952467256
181	-5.73837746305
182	-10.096215506
183	-6.39163749635
184	-5.73837746305
185	-11.0743559406
186	-6.05952467256
187	-6.03885764407
188	-11.0733571275
189	-6.39163749635
190	-6.03885764407
191	-14.38583189
192	-10.9718600103
193	-6.55895730549
194	-10.096215506
195	-6.39163749635
196	-5.73837746305
197	-16.9671076807
198	-5.76185405584
199	-6.55895730549
200	-8.69377844444
201	-18.2557065792
202	-14.15836998
203	-8.69377844444
204	-6.39163749635
205	-5.73837746305
206	-16.352440211
207	-6.58938736278
208	-6.35327478733
209	-12.775634382
210	-10.8810206811
211	-6.35327478733
212	-13.2352460803
213	-6.05952467256
214	-5.73837746305
215	-10.096215506
216	-5.76185405584
217	-6.55895730549
218	-10.1993762986
219	-14.6640546127
220	-15.3913048476
221	-8.94562966736
222	-6.05952467256
223	-6.03885764407
224	-8.94562966736
225	-11.3603043953
226	-5.73837746305
227	-12.6944155128
228	-6.05952467256
229	-6.35327478733
230	-13.2958813009
231	-6.05952467256
232	-6.55895730549
233	-15.0099972947
234	-12.684169654
235	-14.6158649215
236	-10.8187092443
237	-6.05952467256
238	-6.03885764407
239	-8.69377844444
240	-6.58938736278
241	-5.73837746305
242	-8.69377844444
243	-5.76185405584
244	-6.03885764407
245	-15.3592338935
246	-6.05952467256
247	-6.03885764407
248	-14.9139431611
249	-6.58938736278
250	-6.03885764407
251	-11.0932398767
252	-5.76185405584
253	-10.2718824718
254	-14.7012819816
255	-6.05952467256
256	-6.03885764407
257	-10.7284744068
258	-6.39163749635
259	-6.03885764407
260	-17.4533069437
261	-6.05952467256
262	-5.73837746305
263	-14.5990834944
264	-11.6610466131
265	-5.73837746305
266	-8.94562966736
267	-12.5969294598
268	-5.73837746305
269	-11.6276785588
270	-6.58938736278
271	-6.03885764407
272	-8.69377844444
273	-6.05952467256
274	-6.55895730549
275	-11.7913785984
276	-6.05952467256
277	-6.55895730549
278	-8.69377844444
279	-14.1603142497
280	-6.03885764407
281	-13.9514064554
282	-6.05952467256
283	-10.2718824718
284	-12.5901087273
285	-6.05952467256
286	-6.55895730549
287	-11.180015538
288	-6.39163749635
289	-5.73837746305
290	-11.7184558099
291	-5.76185405584
292	-5.73837746305
293	-13.9205401048
294	-5.76185405584
295	-6.35327478733
296	-11.7184558099
297	-6.05952467256
298	-5.73837746305
299	-11.0733571275
300	-5.76185405584
301	-6.03885764407
302	-12.0582849055
303	-6.05952467256
304	-5.73837746305
305	-11.6276785588
306	-6.05952467256
307	-6.35327478733
308	-13.6862485061
309	-5.76185405584
310	-5.73837746305
311	-13.580314363
312	-12.3800185113
313	-11.389725295
314	-22.4980220089
315	-6.05952467256
316	-6.35327478733
317	-12.3989436478
318	-5.76185405584
319	-5.73837746305
320	-11.0733571275
321	-6.39163749635
322	-6.35327478733
323	-8.94562966736
324	-6.05952467256
325	-5.73837746305
326	-11.0743559406
327	-6.05952467256
328	-5.73837746305
329	-9.63581688552
330	-6.39163749635
331	-5.73837746305
332	-8.69377844444
333	-5.76185405584
334	-6.03885764407
335	-8.94562966736
336	-6.58938736278
337	-6.35327478733
338	-17.9903785568
339	-5.76185405584
340	-6.35327478733
341	-11.0733571275
342	-6.58938736278
343	-5.73837746305
344	-8.69377844444
345	-6.05952467256
346	-6.03885764407
347	-13.0755140166
348	-6.39163749635
349	-6.55895730549
350	-8.69377844444
351	-6.05952467256
352	-6.55895730549
353	-8.94562966736
354	-6.39163749635
355	-6.03885764407
356	-9.62088452624
357	-5.76185405584
358	-5.73837746305
359	-8.69377844444
360	-6.39163749635
361	-6.35327478733
362	-14.8658352337
363	-6.58938736278
364	-5.73837746305
365	-11.7184558099
366	-5.76185405584
367	-6.03885764407
368	-12.9214053823
369	-6.05952467256
370	-5.73837746305
371	-11.6003097127
372	-6.58938736278
373	-5.73837746305
374	-9.62088452624
375	-6.05952467256
376	-5.73837746305
377	-11.6202297696
378	-5.76185405584
379	-5.73837746305
380	-8.69377844444
381	-5.76185405584
382	-6.35327478733
383	-13.803217995
384	-6.05952467256
385	-6.03885764407
386	-11.6276785588
387	-6.05952467256
388	-5.73837746305
389	-8.69377844444
390	-6.05952467256
391	-5.73837746305
392	-14.0173125642
393	-6.05952467256
394	-6.03885764407
395	-20.6877597268
396	-6.05952467256
397	-5.73837746305
398	-14.8356786878
399	-6.58938736278
400	-6.55895730549
401	-11.6940233594
402	-6.05952467256
403	-5.73837746305
404	-12.3294457196
405	-5.76185405584
406	-6.35327478733
407	-14.2409846193
408	-5.76185405584
409	-6.35327478733
410	-8.94562966736
411	-6.05952467256
412	-5.73837746305
413	-15.1579196699
414	-6.05952467256
415	-11.5643343009
416	-11.7142140048
417	-10.8810206811
418	-5.73837746305
419	-18.4827926605
420	-6.05952467256
421	-6.03885764407
422	-10.1993762986
423	-5.76185405584
424	-6.03885764407
425	-13.8662078791
426	-6.39163749635
427	-6.03885764407
428	-12.1831800657
429	-5.76185405584
430	-6.35327478733
431	-12.5290974333
432	-6.39163749635
433	-5.73837746305
434	-11.6276785588
435	-6.58938736278
436	-12.0354862329
437	-12.5901068674
438	-12.441380076
439	-6.35327478733
440	-11.6276785588
441	-6.05952467256
442	-5.73837746305
443	-11.6434434641
444	-5.76185405584
445	-5.73837746305
446	-8.94562966736
447	-6.05952467256
448	-12.9508979158
449	-11.7184558099
450	-5.76185405584
451	-5.73837746305
452	-8.94562966736
453	-6.05952467256
454	-12.5907048431
455	-16.0844139745
456	-6.05952467256
457	-5.73837746305
458	-13.7863707222
459	-6.39163749635
460	-6.55895730549
461	-13.9265390219
462	-5.76185405584
463	-5.73837746305
464	-11.6276785588
465	-6.39163749635
466	-6.55895730549
467	-14.5603470969
468	-6.05952467256
469	-5.73837746305
470	-18.4011630544
471	-6.58938736278
472	-6.03885764407
473	-10.1993762986
474	-6.05952467256
475	-6.35327478733
476	-11.7142140048
477	-13.2670952578
478	-5.73837746305
479	-11.0733571275
480	-6.05952467256
481	-6.55895730549
482	-9.62088452624
483	-5.76185405584
484	-6.03885764407
485	-8.69377844444
486	-6.39163749635
487	-6.35327478733
488	-19.4354117433
