#Site	lnL	
0	-1.40313377146
1	-1.30850629844
2	-6.72642560687
3	-1.82895889787
4	-1.70708856818
5	-11.7379787439
6	-1.40307548343
7	-1.6031300455
8	-1.33478069089
9	-1.40307548343
10	-6.9781311263
11	-7.56535309709
12	-1.40307548343
13	-1.70708856818
14	-8.1277971041
15	-1.40313377146
16	-1.31621669064
17	-1.63710263238
18	-9.65426191578
19	-1.30850629844
20	-6.72642560687
21	-1.40307548343
22	-1.70708856818
23	-6.73874307839
24	-1.40313377146
25	-1.70708856818
26	-6.75353681551
27	-1.82895889787
28	-1.31621669064
29	-1.63710263238
30	-1.40313377146
31	-1.31621669064
32	-1.63710263238
33	-1.40307548343
34	-1.70708856818
35	-1.34036331578
36	-1.82895889787
37	-1.30850629844
38	-1.33478069089
39	-1.40307548343
40	-1.30850629844
41	-6.47076678938
42	-1.40313377146
43	-1.31621669064
44	-1.33478069089
45	-1.82895889787
46	-1.70708856818
47	-9.25131551052
48	-1.72547840192
49	-1.70708856818
50	-10.07961088
51	-1.40313377146
52	-1.30850629844
53	-12.6971520635
54	-1.40307548343
55	-1.31621669064
56	-6.75353681551
57	-7.46340485008
58	-1.30850629844
59	-8.2411177075
60	-1.72547840192
61	-1.31621669064
62	-12.9105561523
63	-1.40307548343
64	-1.70708856818
65	-10.037002533
66	-6.91896787268
67	-1.31621669064
68	-1.74092144291
69	-1.82895889787
70	-1.31621669064
71	-15.406945724
72	-1.40307548343
73	-1.70708856818
74	-1.63710263238
75	-9.90800685573
76	-1.31621669064
77	-21.537930627
78	-1.82895889787
79	-1.30850629844
80	-14.5874099977
81	-6.86692297329
82	-1.70708856818
83	-6.84864568023
84	-1.40313377146
85	-1.6031300455
86	-6.84864568023
87	-8.28538650043
88	-1.6031300455
89	-12.9228742074
90	-1.72547840192
91	-1.31621669064
92	-9.91298347541
93	-1.82895889787
94	-1.30850629844
95	-12.3777424351
96	-1.82895889787
97	-1.30850629844
98	-14.345607062
99	-1.72547840192
100	-1.6031300455
101	-7.86595047062
102	-1.40313377146
103	-1.31621669064
104	-1.63710263238
105	-1.72547840192
106	-1.70708856818
107	-11.5416572067
108	-1.40313377146
109	-1.30850629844
110	-1.74092144291
111	-1.40307548343
112	-1.31621669064
113	-12.76633402
114	-1.40313377146
115	-1.30850629844
116	-25.0397822134
117	-1.40313377146
118	-1.30850629844
119	-1.33478069089
120	-1.82895889787
121	-1.6031300455
122	-6.82951766794
123	-1.82895889787
124	-1.6031300455
125	-10.037002533
126	-1.40307548343
127	-1.6031300455
128	-17.5911046846
129	-1.40313377146
130	-1.70708856818
131	-12.3436191064
132	-1.40307548343
133	-1.6031300455
134	-12.7095332564
135	-1.72547840192
136	-1.31621669064
137	-25.9209506858
138	-1.40313377146
139	-1.30850629844
140	-7.56535309709
141	-1.40313377146
142	-1.30850629844
143	-6.83924701326
144	-1.40307548343
145	-1.30850629844
146	-19.3325847917
147	-1.40313377146
148	-1.30850629844
149	-8.89373510425
150	-1.72547840192
151	-1.31621669064
152	-1.74092144291
153	-1.40307548343
154	-1.6031300455
155	-1.33478069089
156	-1.72547840192
157	-1.31621669064
158	-12.6157614047
159	-6.02322143805
160	-1.31621669064
161	-14.239863173
162	-1.40307548343
163	-1.30850629844
164	-7.53417111528
165	-1.40307548343
166	-1.30850629844
167	-6.71869310868
168	-1.40313377146
169	-1.6031300455
170	-6.83924701326
171	-12.8586993579
172	-1.31621669064
173	-1.63710263238
174	-1.40307548343
175	-1.30850629844
176	-8.23960486805
177	-5.74054319818
178	-1.30850629844
179	-9.93669792588
180	-1.40307548343
181	-1.6031300455
182	-1.33478069089
183	-1.82895889787
184	-1.70708856818
185	-7.5807180302
186	-5.62769182089
187	-1.6031300455
188	-9.17904815027
189	-1.40307548343
190	-1.30850629844
191	-6.45345629162
192	-1.40307548343
193	-1.30850629844
194	-19.4067145773
195	-1.72547840192
196	-1.31621669064
197	-1.33478069089
198	-1.40307548343
199	-1.30850629844
200	-6.73874307839
201	-1.40307548343
202	-1.31621669064
203	-12.1109611263
204	-1.82895889787
205	-1.6031300455
206	-8.67043675484
207	-1.82895889787
208	-1.31621669064
209	-1.63710263238
210	-1.72547840192
211	-1.6031300455
212	-8.14860213838
213	-1.72547840192
214	-1.31621669064
215	-1.63710263238
216	-1.40313377146
217	-1.31621669064
218	-12.3777424351
219	-1.40313377146
220	-1.31621669064
221	-26.8897873344
222	-1.72547840192
223	-1.31621669064
224	-6.83924701326
225	-6.85196141173
226	-1.30850629844
227	-17.2062992655
228	-1.40307548343
229	-8.27566198318
230	-6.73874307839
231	-1.72547840192
232	-1.70708856818
233	-16.9300216651
234	-1.40307548343
235	-1.30850629844
236	-6.84864568023
237	-1.40307548343
238	-1.30850629844
239	-8.2411177075
240	-1.82895889787
241	-1.70708856818
242	-1.34036331578
243	-1.72547840192
244	-1.31621669064
245	-10.5575019478
246	-1.72547840192
247	-1.31621669064
248	-9.62310175283
249	-1.40313377146
250	-1.30850629844
251	-13.9481428993
252	-1.40313377146
253	-1.31621669064
254	-15.9614629338
255	-1.40307548343
256	-1.30850629844
257	-7.62869711711
258	-1.72547840192
259	-1.30850629844
260	-6.86725979835
261	-1.40307548343
262	-1.70708856818
263	-6.73874307839
264	-1.40313377146
265	-1.6031300455
266	-1.34036331578
267	-1.40313377146
268	-1.31621669064
269	-15.3713228345
270	-1.82895889787
271	-1.31621669064
272	-15.0268289007
273	-1.82895889787
274	-1.6031300455
275	-1.33478069089
276	-1.40307548343
277	-1.31621669064
278	-22.1891223613
279	-1.40313377146
280	-1.70708856818
281	-1.34036331578
282	-1.40313377146
283	-1.30850629844
284	-7.51891182073
285	-1.82895889787
286	-1.70708856818
287	-6.72642560687
288	-1.40313377146
289	-1.31621669064
290	-15.059318519
291	-1.72547840192
292	-1.70708856818
293	-8.89373510425
294	-1.72547840192
295	-1.6031300455
296	-1.33478069089
297	-1.40307548343
298	-1.30850629844
299	-23.2407725008
300	-1.40313377146
301	-1.70708856818
302	-6.82951766794
303	-1.40307548343
304	-1.70708856818
305	-23.9342035913
306	-1.40307548343
307	-1.70708856818
308	-14.5743708593
309	-1.40313377146
310	-1.70708856818
311	-14.6234368533
312	-1.40307548343
313	-1.31621669064
314	-7.69447032463
315	-7.80756472686
316	-1.31621669064
317	-9.17904815027
318	-1.40313377146
319	-1.6031300455
320	-25.4125358062
321	-1.40313377146
322	-1.31621669064
323	-8.12660679924
324	-6.09439037246
325	-1.70708856818
326	-15.4262352636
327	-1.40307548343
328	-8.59807364303
329	-13.8789922047
330	-1.72547840192
331	-1.30850629844
332	-1.74092144291
333	-1.40307548343
334	-1.31621669064
335	-1.34036331578
336	-1.40313377146
337	-1.70708856818
338	-12.6971520635
339	-1.40307548343
340	-1.70708856818
341	-7.62066065727
342	-6.81720348473
343	-1.6031300455
344	-1.34036331578
345	-1.40307548343
346	-1.6031300455
347	-13.5935445598
348	-1.82895889787
349	-1.31621669064
350	-10.7115440996
351	-1.40307548343
352	-1.31621669064
353	-1.34036331578
354	-1.40313377146
355	-1.70708856818
356	-1.33478069089
357	-1.40307548343
358	-1.6031300455
359	-12.4748357907
360	-1.72547840192
361	-1.30850629844
362	-26.7031799103
363	-1.82895889787
364	-1.30850629844
365	-1.33478069089
366	-1.40313377146
367	-1.31621669064
368	-12.5195624731
369	-1.40307548343
370	-1.6031300455
371	-7.84977549814
372	-1.72547840192
373	-1.6031300455
374	-1.74092144291
375	-1.82895889787
376	-1.30850629844
377	-6.83924701326
378	-1.40307548343
379	-1.30850629844
380	-20.1948136278
381	-1.72547840192
382	-1.70708856818
383	-7.56535309709
384	-1.40313377146
385	-8.20840624333
386	-1.63710263238
387	-1.82895889787
388	-1.31621669064
389	-11.7379787439
390	-11.1843389111
391	-1.31621669064
392	-9.51867867581
393	-1.82895889787
394	-1.6031300455
395	-6.45345629162
396	-1.72547840192
397	-1.6031300455
398	-6.73874307839
399	-1.72547840192
400	-1.31621669064
401	-15.2478749154
402	-1.72547840192
403	-1.30850629844
404	-8.12660679924
405	-1.72547840192
406	-1.6031300455
407	-6.47076678938
408	-1.40307548343
409	-1.30850629844
410	-6.71869310868
411	-1.40307548343
412	-1.70708856818
413	-1.34036331578
414	-1.40307548343
415	-1.31621669064
416	-1.63710263238
417	-1.82895889787
418	-1.31621669064
419	-11.5416572067
420	-1.40313377146
421	-1.70708856818
422	-1.34036331578
423	-1.40313377146
424	-1.30850629844
425	-1.34036331578
426	-1.40307548343
427	-1.70708856818
428	-1.63710263238
429	-1.72547840192
430	-1.31621669064
431	-6.82951766794
432	-6.80568054442
433	-1.6031300455
434	-11.8109592929
435	-1.72547840192
436	-8.15398880164
437	-15.9605552479
438	-1.72547840192
439	-1.31621669064
440	-7.5807180302
441	-6.09439037246
442	-1.70708856818
443	-6.82951766794
444	-1.72547840192
445	-1.70708856818
446	-17.5277987934
447	-1.40307548343
448	-1.30850629844
449	-7.62869711711
450	-6.85196141173
451	-1.6031300455
452	-12.3251006643
453	-1.40313377146
454	-1.6031300455
455	-7.62869711711
456	-1.40313377146
457	-1.6031300455
458	-7.62869711711
459	-1.72547840192
460	-1.31621669064
461	-15.6093381118
462	-1.40307548343
463	-1.30850629844
464	-1.63710263238
465	-1.40313377146
466	-1.31621669064
467	-6.82951766794
468	-1.82895889787
469	-1.30850629844
470	-1.34036331578
471	-1.40313377146
472	-1.6031300455
473	-1.34036331578
474	-5.59655626169
475	-1.30850629844
476	-11.4862398271
477	-6.80568054442
478	-1.30850629844
479	-1.33478069089
480	-1.82895889787
481	-1.30850629844
482	-12.6782302287
483	-1.40313377146
484	-1.30850629844
485	-1.33478069089
486	-1.40307548343
487	-1.31621669064
488	-6.82951766794
