#Site	lnL	
0	-6.0874671884
1	-6.67509513442
2	-13.0251481306
3	-6.0874671884
4	-6.45561837488
5	-15.6800124739
6	-6.05017708599
7	-6.45561837488
8	-9.59065496696
9	-6.0874671884
10	-6.67509513442
11	-13.7076204019
12	-6.0874671884
13	-6.45561837488
14	-9.15452849038
15	-6.0874671884
16	-5.99933097888
17	-9.15452849038
18	-6.53016974063
19	-6.67509513442
20	-9.15452849038
21	-6.53016974063
22	-5.99933097888
23	-9.15452849038
24	-6.53016974063
25	-5.99933097888
26	-11.4305085526
27	-6.05017708599
28	-6.04480624763
29	-17.416791008
30	-6.7466771853
31	-5.99933097888
32	-9.15452849038
33	-6.05017708599
34	-5.99933097888
35	-12.3003784866
36	-10.6627215963
37	-6.45561837488
38	-15.8887474648
39	-17.623783416
40	-6.67509513442
41	-12.3003784866
42	-6.7466771853
43	-5.99933097888
44	-10.7704524275
45	-6.0874671884
46	-6.45561837488
47	-12.7046783303
48	-6.05017708599
49	-6.45561837488
50	-9.15452849038
51	-6.0874671884
52	-5.99933097888
53	-12.9443569592
54	-6.05017708599
55	-5.99933097888
56	-12.4141210187
57	-11.8655870517
58	-6.67509513442
59	-14.7151048196
60	-6.05017708599
61	-5.99933097888
62	-13.6653181376
63	-11.5953765143
64	-5.99933097888
65	-12.3003784866
66	-6.53016974063
67	-6.67509513442
68	-13.4667330174
69	-6.0874671884
70	-6.45561837488
71	-11.2453975822
72	-6.53016974063
73	-6.04480624763
74	-9.15452849038
75	-6.53016974063
76	-6.67509513442
77	-12.362313721
78	-6.0874671884
79	-6.45561837488
80	-12.2503167466
81	-6.05017708599
82	-6.04480624763
83	-9.59065496696
84	-6.0874671884
85	-6.04480624763
86	-11.4305085526
87	-6.0874671884
88	-16.4198021853
89	-12.1923501446
90	-10.7648001245
91	-6.67509513442
92	-12.1923501446
93	-6.0874671884
94	-6.67509513442
95	-17.1364863561
96	-6.0874671884
97	-5.99933097888
98	-13.4075858694
99	-6.0874671884
100	-6.45561837488
101	-16.2102658705
102	-6.7466771853
103	-6.67509513442
104	-9.15452849038
105	-6.05017708599
106	-6.67509513442
107	-12.8873460154
108	-6.05017708599
109	-5.99933097888
110	-16.4894963539
111	-6.53016974063
112	-6.04480624763
113	-15.2472617872
114	-13.3370848205
115	-6.04480624763
116	-11.2723911566
117	-14.8992532184
118	-6.67509513442
119	-10.5484850592
120	-6.53016974063
121	-6.45561837488
122	-12.3003784866
123	-15.3378207914
124	-6.45561837488
125	-11.2723911566
126	-6.7466771853
127	-6.45561837488
128	-9.59065496696
129	-6.05017708599
130	-5.99933097888
131	-12.3003784866
132	-6.0874671884
133	-6.45561837488
134	-14.6811749067
135	-6.05017708599
136	-5.99933097888
137	-14.0479726194
138	-6.7466771853
139	-6.04480624763
140	-16.1302262167
141	-6.05017708599
142	-5.99933097888
143	-13.3808975548
144	-6.0874671884
145	-6.45561837488
146	-11.7608352323
147	-6.0874671884
148	-16.8487709147
149	-13.2152700345
150	-6.53016974063
151	-5.99933097888
152	-12.4247574706
153	-6.53016974063
154	-5.99933097888
155	-12.4256813566
156	-6.0874671884
157	-6.04480624763
158	-12.6439405412
159	-6.53016974063
160	-5.99933097888
161	-10.2956552028
162	-6.0874671884
163	-5.99933097888
164	-9.15452849038
165	-6.0874671884
166	-5.99933097888
167	-12.7647149404
168	-6.53016974063
169	-6.04480624763
170	-11.0786729788
171	-6.05017708599
172	-6.45561837488
173	-9.59065496696
174	-6.0874671884
175	-5.99933097888
176	-12.0735579466
177	-6.7466771853
178	-5.99933097888
179	-11.9712075073
180	-6.0874671884
181	-6.45561837488
182	-12.4256813566
183	-6.53016974063
184	-5.99933097888
185	-13.814019351
186	-6.05017708599
187	-6.67509513442
188	-18.2668434879
189	-12.2545312987
190	-6.45561837488
191	-11.4305085526
192	-6.05017708599
193	-5.99933097888
194	-12.3707053894
195	-6.0874671884
196	-6.67509513442
197	-9.59065496696
198	-6.05017708599
199	-5.99933097888
200	-12.3003784866
201	-6.0874671884
202	-6.67509513442
203	-13.219514067
204	-6.05017708599
205	-12.2750736225
206	-9.15452849038
207	-6.05017708599
208	-6.04480624763
209	-9.15452849038
210	-6.05017708599
211	-6.45561837488
212	-9.59065496696
213	-6.05017708599
214	-6.45561837488
215	-9.59065496696
216	-6.53016974063
217	-6.04480624763
218	-24.6255684756
219	-17.1549777988
220	-6.04480624763
221	-9.15452849038
222	-6.05017708599
223	-6.04480624763
224	-10.3677908224
225	-6.05017708599
226	-5.99933097888
227	-16.1007764836
228	-6.7466771853
229	-5.99933097888
230	-13.0408360782
231	-6.53016974063
232	-6.45561837488
233	-9.59065496696
234	-6.05017708599
235	-6.67509513442
236	-9.15452849038
237	-6.53016974063
238	-6.04480624763
239	-9.15452849038
240	-6.0874671884
241	-6.45561837488
242	-9.15452849038
243	-6.0874671884
244	-5.99933097888
245	-13.4968161936
246	-6.05017708599
247	-6.45561837488
248	-9.15452849038
249	-6.05017708599
250	-5.99933097888
251	-13.1596596748
252	-6.05017708599
253	-5.99933097888
254	-13.4073545453
255	-6.0874671884
256	-12.6648424085
257	-11.2320207119
258	-6.53016974063
259	-6.45561837488
260	-14.5714341107
261	-6.53016974063
262	-6.45561837488
263	-10.2956552028
264	-6.05017708599
265	-5.99933097888
266	-12.3003784866
267	-6.53016974063
268	-5.99933097888
269	-10.4859795212
270	-6.7466771853
271	-6.04480624763
272	-16.9494065272
273	-6.53016974063
274	-6.04480624763
275	-12.7003681817
276	-6.0874671884
277	-6.04480624763
278	-15.6262826256
279	-6.05017708599
280	-6.67509513442
281	-15.6906219572
282	-6.0874671884
283	-6.45561837488
284	-11.6277062563
285	-6.0874671884
286	-5.99933097888
287	-15.6289262632
288	-6.05017708599
289	-6.45561837488
290	-18.8981586547
291	-6.53016974063
292	-6.04480624763
293	-12.2247122169
294	-6.05017708599
295	-6.45561837488
296	-9.15452849038
297	-6.0874671884
298	-6.45561837488
299	-12.3808585022
300	-6.05017708599
301	-5.99933097888
302	-9.15452849038
303	-6.05017708599
304	-6.67509513442
305	-9.15452849038
306	-6.7466771853
307	-6.04480624763
308	-12.4551741121
309	-6.0874671884
310	-6.45561837488
311	-9.15452849038
312	-6.05017708599
313	-12.9349474625
314	-15.485408638
315	-6.05017708599
316	-12.0393703855
317	-14.2532786589
318	-6.0874671884
319	-6.45561837488
320	-9.59065496696
321	-6.0874671884
322	-16.4198021853
323	-12.7722672463
324	-6.05017708599
325	-6.04480624763
326	-9.15452849038
327	-6.05017708599
328	-6.45561837488
329	-17.5102065204
330	-6.05017708599
331	-6.04480624763
332	-15.992303399
333	-6.05017708599
334	-6.45561837488
335	-23.3729291553
336	-6.7466771853
337	-6.04480624763
338	-10.2956552028
339	-6.0874671884
340	-6.45561837488
341	-11.2453975822
342	-6.7466771853
343	-6.67509513442
344	-17.4481173213
345	-6.7466771853
346	-6.67509513442
347	-14.4701434299
348	-6.05017708599
349	-6.04480624763
350	-13.5654289843
351	-10.9459112835
352	-5.99933097888
353	-11.7774595275
354	-6.05017708599
355	-14.7797408174
356	-14.8668761984
357	-6.05017708599
358	-5.99933097888
359	-13.043161975
360	-6.53016974063
361	-6.04480624763
362	-14.629759174
363	-6.53016974063
364	-6.67509513442
365	-16.7107265173
366	-6.05017708599
367	-11.3929817516
368	-16.1366850482
369	-6.53016974063
370	-6.04480624763
371	-12.362313721
372	-6.0874671884
373	-6.45561837488
374	-18.1710577522
375	-6.0874671884
376	-5.99933097888
377	-9.15452849038
378	-6.0874671884
379	-6.04480624763
380	-13.4572710854
381	-6.53016974063
382	-6.45561837488
383	-12.3205656046
384	-6.7466771853
385	-5.99933097888
386	-15.1433538869
387	-6.53016974063
388	-17.7362367291
389	-12.3003784866
390	-6.05017708599
391	-5.99933097888
392	-10.3677908224
393	-6.05017708599
394	-6.04480624763
395	-12.0735579466
396	-6.7466771853
397	-6.67509513442
398	-14.9722737697
399	-6.0874671884
400	-5.99933097888
401	-18.4446502542
402	-6.0874671884
403	-6.04480624763
404	-17.1324405664
405	-6.0874671884
406	-6.67509513442
407	-11.0786729788
408	-6.05017708599
409	-6.04480624763
410	-9.59065496696
411	-10.9365802641
412	-6.45561837488
413	-15.057793456
414	-6.05017708599
415	-6.04480624763
416	-13.6536817868
417	-6.05017708599
418	-6.67509513442
419	-12.3003784866
420	-6.0874671884
421	-5.99933097888
422	-12.0735579466
423	-6.05017708599
424	-5.99933097888
425	-12.1923501446
426	-6.0874671884
427	-6.67509513442
428	-10.3677908224
429	-10.9365802641
430	-6.45561837488
431	-11.4305085526
432	-6.05017708599
433	-6.04480624763
434	-12.7003681817
435	-6.0874671884
436	-12.3667946585
437	-19.3496453203
438	-6.0874671884
439	-6.04480624763
440	-12.3003784866
441	-6.53016974063
442	-5.99933097888
443	-12.440817227
444	-14.4157919354
445	-6.04480624763
446	-13.7217757149
447	-6.53016974063
448	-5.99933097888
449	-16.4246789561
450	-24.3534216457
451	-6.45561837488
452	-12.1923501446
453	-6.7466771853
454	-5.99933097888
455	-12.8568915223
456	-6.53016974063
457	-6.04480624763
458	-9.15452849038
459	-6.0874671884
460	-6.67509513442
461	-12.3003784866
462	-6.05017708599
463	-6.04480624763
464	-9.15452849038
465	-11.1499349221
466	-6.67509513442
467	-12.7136930061
468	-6.05017708599
469	-6.04480624763
470	-11.3040077233
471	-6.05017708599
472	-6.04480624763
473	-14.4162096496
474	-6.0874671884
475	-5.99933097888
476	-12.9085976135
477	-19.2060287016
478	-5.99933097888
479	-12.5981652674
480	-6.05017708599
481	-6.04480624763
482	-9.59065496696
483	-6.05017708599
484	-21.5675330319
485	-9.15452849038
486	-6.0874671884
487	-6.04480624763
488	-14.9259135711
