# log_p 	 lnL 	 
0.0	-1756.15342725	
-0.287682072452	-1755.95689929	
-0.510825623766	-1755.76700284	
-0.69314718056	-1755.58749266	
-0.847297860387	-1755.41770245	
-0.980829253012	-1755.2571484	
-1.09861228867	-1755.10598139	
-1.20397280433	-1754.9645708	
-1.29928298413	-1754.83317904	
-1.38629436112	-1754.71184142	
-1.46633706879	-1754.60037197	
-1.54044504095	-1754.49841758	
-1.60943791243	-1754.40551796	
-1.67397643357	-1754.32115497	
-1.73460105539	-1754.24478796	
-1.79175946923	-1754.17587713	
-1.8458266905	-1754.11389781	
-1.89711998489	-1754.05834877	
-1.94591014906	-1754.00875641	
-1.99243016469	-1753.96467651	
-2.03688192726	-1753.92569445	
-2.07944154168	-1753.89142447	
-2.1202635362	-1753.86150853	
-2.15948424935	-1753.83561478	
-2.19722457734	-1753.81343598	
-2.23359222151	-1753.79468788	
-2.26868354132	-1753.77910766	
-2.30258509299	-1753.76645232	
-2.33537491582	-1753.75649727	
-2.36712361413	-1753.74903493	
-2.3978952728	-1753.74387341	
-2.42774823595	-1753.74083536	
-2.45673577282	-1753.73975678	
-2.48490664979	-1753.74048601	
-2.51230562398	-1753.74288277	
-2.53897387106	-1753.74681727	
-2.56494935746	-1753.75216937	
-2.59026716545	-1753.75882785	
-2.61495977804	-1753.76668968	
-2.63905732962	-1753.77565941	
-2.66258782703	-1753.78564858	
-2.68557734525	-1753.79657516	
-2.7080502011	-1753.80836306	
-2.73002910782	-1753.82094168	
-2.75153531304	-1753.83424549	
-2.77258872224	-1753.84821363	
-2.79320800944	-1753.86278957	
-2.81341071676	-1753.87792079	
-2.83321334406	-1753.89355846	
-2.85263142991	-1753.90965718	
-2.87167962488	-1753.92617471	
-2.8903717579	-1753.94307178	
-2.90872089656	-1753.96031181	
-2.92673940207	-1753.97786078	
-2.94443897917	-1753.99568698	
-2.96183072188	-1754.0137609	
-2.97892515524	-1754.03205505	
-2.99573227355	-1754.05054382	
-3.01226157551	-1754.06920335	
-3.02852209638	-1754.08801139	
-3.04452243772	-1754.10694722	
-3.06027079469	-1754.12599153	
-3.07577498123	-1754.1451263	
-3.09104245336	-1754.16433477	
-3.10608033072	-1754.1836013	
-3.12089541651	-1754.2029113	
-3.13549421593	-1754.2222512	
-3.14988295338	-1754.24160835	
-3.16406758837	-1754.26097096	
-3.17805383035	-1754.28032804	
-3.19184715248	-1754.29966939	
-3.20545280454	-1754.31898549	
-3.21887582487	-1754.33826748	
-3.23212105162	-1754.35750714	
-3.24519313319	-1754.3766968	
-3.25809653802	-1754.39582937	
-3.2708355638	-1754.41489824	
-3.28341434601	-1754.43389729	
-3.295836866	-1754.45282084	
-3.3081069586	-1754.47166362	
-3.32022831913	-1754.49042078	
-3.33220451018	-1754.50908781	
-3.34403896782	-1754.52766055	
-3.35573500759	-1754.54613519	
-3.36729582999	-1754.56450819	
-3.37872452581	-1754.58277631	
-3.39002408106	-1754.60093658	
-3.40119738166	-1754.61898628	
-3.41224721785	-1754.63692292	
-3.42317628838	-1754.65474425	
-3.43398720449	-1754.67244819	
-3.4446824936	-1754.6900329	
-3.45526460293	-1754.7074967	
-3.4657359028	-1754.72483809	
-3.47609868984	-1754.74205571	
-3.48635519	-1754.7591484	
-3.49650756147	-1754.77611509	
-3.50655789732	-1754.79295488	
-3.51650822817	-1754.80966698	
-3.52636052462	-1754.82625072	
-3.53611669956	-1754.84270555	
-3.54577861047	-1754.85903102	
-3.55534806149	-1754.87522677	
-3.56482680544	-1754.89129254	
-3.57421654579	-1754.90722816	
-3.58351893846	-1754.92303352	
-3.59273559356	-1754.93870862	
-3.60186807712	-1754.9542535	
-3.61091791264	-1754.96966828	
-3.61988658263	-1754.98495314	
-3.62877553004	-1755.00010833	
-3.63758615973	-1755.01513413	
-3.6463198397	-1755.03003089	
-3.65497790244	-1755.04479901	
-3.66356164613	-1755.05943892	
-3.6720723358	-1755.0739511	
-3.68051120444	-1755.08833607	
-3.68887945411	-1755.10259438	
-3.69717825693	-1755.11672663	
-3.70540875607	-1755.13073342	
-3.7135720667	-1755.14461541	
-3.72166927694	-1755.15837327	
-3.72970144863	-1755.1720077	
-3.73766961828	-1755.18551942	
-3.74557479779	-1755.19890918	
-3.75341797525	-1755.21217774	
-3.76120011569	-1755.22532588	
-3.76892216179	-1755.2383544	
-3.77658503453	-1755.25126411	
-3.78418963392	-1755.26405583	
-3.79173683955	-1755.27673042	
-3.79922751128	-1755.28928871	
-3.80666248977	-1755.30173157	
-3.81404259707	-1755.31405987	
-3.82136863716	-1755.32627448	
-3.82864139649	-1755.33837628	
-3.83586164446	-1755.35036618	
-3.84303013394	-1755.36224506	
-3.85014760171	-1755.37401383	
-3.85721476893	-1755.38567339	
-3.86423234159	-1755.39722464	
-3.87120101091	-1755.40866851	
-3.87812145375	-1755.42000589	
-3.88499433304	-1755.43123771	
-3.89182029811	-1755.44236487	
-3.8985999851	-1755.45338829	
-3.90533401728	-1755.46430889	
-3.91202300543	-1755.47512758	
-3.91866754815	-1755.48584526	
-3.92526823218	-1755.49646286	
-3.93182563272	-1755.50698127	
-3.93834031375	-1755.5174014	
-3.94481282825	-1755.52772416	
-3.95124371858	-1755.53795044	
-3.95763351668	-1755.54808115	
-3.96398274436	-1755.55811717	
-3.97029191355	-1755.56805939	
-3.97656152657	-1755.5779087	
-3.98279207632	-1755.58766598	
-3.98898404656	-1755.5973321	
-3.99513791214	-1755.60690794	
-4.00125413916	-1755.61639435	
-4.00733318523	-1755.62579221	
-4.01337549969	-1755.63510237	
-4.01938152375	-1755.64432567	
-4.02535169074	-1755.65346297	
-4.03128642625	-1755.66251509	
-4.03718614838	-1755.67148288	
-4.04305126783	-1755.68036717	
-4.04888218815	-1755.68916876	
-4.05467930583	-1755.69788849	
-4.06044301055	-1755.70652715	
-4.06617368526	-1755.71508554	
-4.07187170637	-1755.72356448	
-4.07753744391	-1755.73196474	
-4.08317126162	-1755.74028711	
-4.08877351717	-1755.74853237	
-4.09434456222	-1755.75670129	
-4.0998847426	-1755.76479462	
-4.10539439841	-1755.77281314	
-4.11087386417	-1755.78075759	
-4.11632346894	-1755.78862871	
-4.12174353641	-1755.79642724	
-4.12713438505	-1755.80415392	
-4.13249632819	-1755.81180947	
-4.13782967416	-1755.8193946	
-4.14313472639	-1755.82691004	
-4.14841178349	-1755.83435647	
-4.15366113938	-1755.84173461	
-4.15888308336	-1755.84904514	
-4.16407790024	-1755.85628875	
-4.1692458704	-1755.86346612	
-4.1743872699	-1755.87057791	
-4.17950237056	-1755.8776248	
-4.18459144007	-1755.88460744	
-4.18965474203	-1755.89152649	
-4.19469253606	-1755.89838259	
-4.19970507788	-1755.90517638	
-4.20469261939	-1755.9119085	
-4.20965540873	-1755.91857956	
-4.21459369037	-1755.9251902	
-4.21950770518	-1755.93174103	
-4.22439769047	-1755.93823265	
-4.22926388012	-1755.94466567	
-4.2341065046	-1755.95104069	
-4.23892579103	-1755.95735828	
-4.2437219633	-1755.96361905	
-4.24849524205	-1755.96982356	
-4.25324584481	-1755.97597238	
-4.257973986	-1755.98206609	
-4.26267987704	-1755.98810523	
-4.26736372635	-1755.99409038	
-4.27202573946	-1756.00002207	
-4.27666611902	-1756.00590084	
-4.28128506487	-1756.01172724	
-4.28588277412	-1756.01750179	
-4.29045944115	-1756.02322503	
-4.29501525768	-1756.02889746	
-4.29955041285	-1756.03451961	
-4.3040650932	-1756.04009198	
-4.30855948279	-1756.04561508	
-4.31303376319	-1756.05108941	
-4.31748811354	-1756.05651545	
-4.3219227106	-1756.0618937	
-4.32633772881	-1756.06722464	
-4.33073334029	-1756.07250874	
-4.33510971489	-1756.07774648	
-4.33946702026	-1756.08293833	
-4.34380542185	-1756.08808474	
-4.348125083	-1756.09318618	
-4.3524261649	-1756.09824309	
-4.35670882669	-1756.10325593	
-4.36097322548	-1756.10822513	
-4.36521951636	-1756.11315113	
-4.36944785247	-1756.11803437	
-4.373658385	-1756.12287528	
-4.37785126326	-1756.12767427	
-4.38202663467	-1756.13243177	
-4.38618464482	-1756.13714819	
-4.39032543749	-1756.14182394	
-4.39444915467	-1756.14645942	
-4.39855593663	-1756.15105505	
-4.40264592188	-1756.15561121	
-4.40671924726	-1756.16012829	
-4.41077604796	-1756.16460669	
-4.4148164575	-1756.16904679	
-4.4188406078	-1756.17344897	
-4.42284862919	-1756.1778136	
-4.42684065046	-1756.18214105	
-4.43081679884	-1756.1864317	
-4.43477720006	-1756.19068591	
-4.43872197835	-1756.19490403	
-4.44265125649	-1756.19908642	
-4.44656515581	-1756.20323344	
-4.45046379623	-1756.20734543	
-4.45434729625	-1756.21142273	
-4.45821577303	-1756.21546569	
-4.46206934235	-1756.21947464	
-4.46590811865	-1756.22344991	
-4.46973221509	-1756.22739184	
-4.47354174351	-1756.23130075	
-4.47733681448	-1756.23517697	
-4.48111753732	-1756.2390208	
-4.48488402011	-1756.24283257	
-4.48863636973	-1756.24661259	
-4.49237469184	-1756.25036117	
-4.49609909093	-1756.25407861	
-4.49980967033	-1756.25776522	
-4.50350653221	-1756.26142128	
-4.50718977763	-1756.26504711	
-4.51085950652	-1756.26864298	
-4.51451581772	-1756.2722092	
-4.518158809	-1756.27574604	
-4.52178857705	-1756.27925379	
-4.52540521752	-1756.28273272	
-4.52900882502	-1756.28618312	
-4.53259949315	-1756.28960526	
-4.5361773145	-1756.2929994	
-4.53974238067	-1756.29636583	
-4.54329478227	-1756.29970479	
-4.54683460898	-1756.30301656	
-4.55036194949	-1756.30630139	
-4.5538768916	-1756.30955954	
-4.55737952215	-1756.31279126	
-4.56086992709	-1756.31599681	
-4.56434819147	-1756.31917642	
-4.56781439944	-1756.32233036	
-4.57126863431	-1756.32545886	
-4.5747109785	-1756.32856216	
-4.5781415136	-1756.33164049	
-4.58156032035	-1756.3346941	
-4.58496747867	-1756.33772322	
-4.58836306767	-1756.34072808	
-4.59174716566	-1756.3437089	
-4.59511985013	-1756.34666591	
-4.59848119784	-1756.34959934	
-4.60183128472	-1756.3525094	
-4.60517018599	-1756.35539631	
-4.60849797608	-1756.3582603	
-4.61181472871	-1756.36110156	
-4.61512051684	-1756.36392032	
-4.61841541274	-1756.36671678	
-4.62169948794	-1756.36949115	
-4.62497281328	-1756.37224363	
-4.62823545892	-1756.37497443	
-4.63148749431	-1756.37768375	
-4.63472898823	-1756.38037179	
-4.63796000881	-1756.38303874	
-4.64118062351	-1756.38568479	
-4.64439089914	-1756.38831014	
-4.64759090187	-1756.39091499	
-4.65078069724	-1756.3934995	
-4.65396035016	-1756.39606389	
-4.65712992492	-1756.39860831	
-4.66028948521	-1756.40113297	
-4.66343909411	-1756.40363804	
-4.66657881412	-1756.4061237	
-4.66970870713	-1756.40859012	
-4.67282883446	-1756.41103748	
-4.67593925688	-1756.41346595	
-4.67904003455	-1756.41587571	
-4.68213122712	-1756.41826692	
-4.68521289366	-1756.42063976	
-4.6882850927	-1756.42299438	
-4.69134788223	-1756.42533095	
-4.69440131972	-1756.42764963	
-4.6974454621	-1756.42995059	
-4.70048036579	-1756.43223398	
-4.70350608671	-1756.43449997	
-4.70652268025	-1756.4367487	
-4.70953020131	-1756.43898033	
-4.71252870431	-1756.44119502	
-4.71551824316	-1756.44339291	
-4.7184988713	-1756.44557416	
-4.72147064168	-1756.44773891	
-4.72443360681	-1756.4498873	
-4.72738781871	-1756.4520195	
-4.73033332894	-1756.45413563	
-4.73327018862	-1756.45623584	
-4.73619844839	-1756.45832027	
-4.7391181585	-1756.46038906	
-4.74202936871	-1756.46244235	
-4.74493212836	-1756.46448027	
-4.74782648639	-1756.46650296	
-4.75071249128	-1756.46851056	
-4.75359019111	-1756.47050319	
-4.75645963353	-1756.47248098	
-4.75932086582	-1756.47444407	
-4.7621739348	-1756.47639259	
-4.76501888693	-1756.47832665	
-4.76785576827	-1756.4802464	
-4.77068462447	-1756.48215194	
-4.77350550081	-1756.48404341	
-4.77631844218	-1756.48592093	
-4.77912349311	-1756.48778461	
-4.78192069773	-1756.48963458	
-4.78471009982	-1756.49147095	
-4.78749174278	-1756.49329385	
-4.79026566966	-1756.49510338	
-4.79303192316	-1756.49689967	
-4.7957905456	-1756.49868283	
-4.79854157897	-1756.50045296	
-4.80128506491	-1756.50221019	
-4.80402104473	-1756.50395462	
-4.80674955939	-1756.50568636	
-4.8094706495	-1756.50740552	
-4.81218435537	-1756.5091122	
-4.81489071697	-1756.51080652	
-4.81758977394	-1756.51248857	
-4.82028156561	-1756.51415847	
-4.82296613098	-1756.51581631	
-4.82564350875	-1756.5174622	
-4.8283137373	-1756.51909623	
-4.83097685472	-1756.52071851	
-4.83363289878	-1756.52232914	
-4.83628190695	-1756.52392821	
-4.83892391641	-1756.52551583	
-4.84155896405	-1756.52709208	
-4.84418708646	-1756.52865707	
-4.84680831994	-1756.53021088	
-4.84942270051	-1756.53175361	
-4.85203026392	-1756.53328536	
-4.85463104562	-1756.53480621	
-4.8572250808	-1756.53631626	
-4.85981240436	-1756.53781559	
-4.86239305096	-1756.53930429	
-4.86496705495	-1756.54078246	
-4.86753445046	-1756.54225018	
-4.87009527132	-1756.54370753	
-4.87264955112	-1756.54515461	
-4.8751973232	-1756.54659149	
-4.87773862063	-1756.54801826	
-4.88027347623	-1756.549435	
-4.88280192259	-1756.5508418	
-4.88532399202	-1756.55223874	
-4.88783971662	-1756.5536259	
-4.89034912822	-1756.55500335	
-4.89285225844	-1756.55637118	
-4.89534913864	-1756.55772947	
-4.89783979995	-1756.55907829	
-4.90032427328	-1756.56041772	
-4.90280258929	-1756.56174783	
-4.90527477844	-1756.56306871	
-4.90774087093	-1756.56438043	
-4.91020089677	-1756.56568306	
-4.91265488574	-1756.56697667	
-4.91510286737	-1756.56826135	
-4.91754487103	-1756.56953715	
-4.91998092583	-1756.57080415	
-4.92241106068	-1756.57206243	
-4.92483530429	-1756.57331204	
-4.92725368516	-1756.57455307	
-4.92966623156	-1756.57578558	
-4.93207297159	-1756.57700964	
-4.93447393313	-1756.57822531	
-4.93686914386	-1756.57943266	
-4.93925863125	-1756.58063177	
-4.94164242261	-1756.58182269	
-4.94402054501	-1756.58300549	
-4.94639302537	-1756.58418023	
-4.94875989038	-1756.58534698	
-4.95112116656	-1756.58650581	
-4.95347688026	-1756.58765676	
-4.9558270576	-1756.58879991	
-4.95817172456	-1756.58993532	
-4.96051090691	-1756.59106305	
-4.96284463026	-1756.59218316	
-4.96517292002	-1756.59329571	
-4.96749580144	-1756.59440075	
-4.96981329958	-1756.59549835	
-4.97212543933	-1756.59658857	
-4.97443224543	-1756.59767146	
-4.97673374242	-1756.59874708	
-4.97902995468	-1756.59981549	
-4.98132090643	-1756.60087673	
-4.98360662171	-1756.60193088	
-4.98588712441	-1756.60297798	
-4.98816243824	-1756.60401809	
-4.99043258678	-1756.60505126	
-4.99269759341	-1756.60607755	
-4.99495748138	-1756.607097	
-4.99721227376	-1756.60810968	
-4.9994619935	-1756.60911563	
-5.00170666335	-1756.61011491	
-5.00394630595	-1756.61110756	
-5.00618094375	-1756.61209364	
-5.00841059907	-1756.6130732	
-5.0106352941	-1756.61404629	
-5.01285505083	-1756.61501295	
-5.01506989116	-1756.61597325	
-5.01727983681	-1756.61692721	
-5.01948490937	-1756.6178749	
-5.02168513028	-1756.61881636	
-5.02388052085	-1756.61975164	
-5.02607110223	-1756.62068079	
-5.02825689545	-1756.62160384	
-5.03043792139	-1756.62252086	
-5.03261420082	-1756.62343187	
-5.03478575433	-1756.62433694	
-5.03695260241	-1756.6252361	
-5.03911476542	-1756.6261294	
-5.04127226356	-1756.62701688	
-5.04342511692	-1756.62789858	
-5.04557334546	-1756.62877456	
-5.047716969	-1756.62964484	
-5.04985600725	-1756.63050948	
-5.05199047978	-1756.63136852	
-5.05412040604	-1756.632222	
-5.05624580535	-1756.63306996	
-5.05836669692	-1756.63391243	
-5.06048309982	-1756.63474947	
-5.06259503303	-1756.63558111	
-5.06470251537	-1756.6364074	
-5.06680556556	-1756.63722836	
-5.06890420222	-1756.63804405	
-5.07099844382	-1756.6388545	
-5.07308830874	-1756.63965974	
-5.07517381523	-1756.64045983	
-5.07725498144	-1756.64125479	
-5.07933182538	-1756.64204466	
-5.08140436498	-1756.64282948	
-5.08347261805	-1756.64360929	
-5.08553660227	-1756.64438413	
-5.08759633523	-1756.64515402	
-5.08965183441	-1756.64591901	
-5.09170311719	-1756.64667914	
-5.09375020081	-1756.64743443	
-5.09579310244	-1756.64818492	
-5.09783183913	-1756.64893065	
-5.09986642782	-1756.64967166	
-5.10189688537	-1756.65040797	
-5.10392322852	-1756.65113962	
-5.1059454739	-1756.65186665	
-5.10796363806	-1756.65258909	
-5.10997773743	-1756.65330696	
-5.11198778836	-1756.65402031	
-5.11399380708	-1756.65472917	
-5.11599580975	-1756.65543357	
-5.11799381242	-1756.65613353	
-5.11998783102	-1756.65682911	
-5.12197788143	-1756.65752031	
-5.1239639794	-1756.65820718	
-5.12594614061	-1756.65888975	
-5.12792438062	-1756.65956804	
-5.12989871492	-1756.66024209	
-5.13186915891	-1756.66091193	
-5.13383572788	-1756.66157759	
-5.13579843705	-1756.6622391	
-5.13775730154	-1756.66289648	
-5.13971233637	-1756.66354977	
-5.1416635565	-1756.66419899	
-5.14361097679	-1756.66484418	
-5.145554612	-1756.66548536	
-5.14749447681	-1756.66612257	
-5.14943058584	-1756.66675582	
-5.15136295359	-1756.66738515	
-5.1532915945	-1756.66801058	
-5.15521652291	-1756.66863215	
-5.15713775309	-1756.66924987	
-5.15905529921	-1756.66986378	
-5.1609691754	-1756.67047391	
-5.16287939565	-1756.67108027	
-5.16478597392	-1756.67168289	
-5.16668892407	-1756.67228181	
-5.16858825987	-1756.67287705	
-5.17048399504	-1756.67346863	
-5.17237614319	-1756.67405658	
-5.17426471788	-1756.67464092	
-5.17614973257	-1756.67522168	
-5.17803120067	-1756.67579888	
-5.1799091355	-1756.67637255	
-5.18178355029	-1756.67694271	
-5.18365445823	-1756.67750939	
-5.1855218724	-1756.67807262	
-5.18738580584	-1756.6786324	
-5.18924627149	-1756.67918877	
-5.19110328224	-1756.67974176	
-5.19295685089	-1756.68029138	
-5.19480699018	-1756.68083766	
-5.19665371277	-1756.68138062	
-5.19849703127	-1756.68192028	
-5.20033695819	-1756.68245667	
-5.202173506	-1756.6829898	
-5.20400668708	-1756.68351971	
-5.20583651375	-1756.68404641	
-5.20766299828	-1756.68456992	
-5.20948615284	-1756.68509027	
-5.21130598956	-1756.68560748	
-5.21312252048	-1756.68612157	
-5.21493575761	-1756.68663256	
-5.21674571285	-1756.68714046	
-5.21855239808	-1756.68764531	
-5.22035582508	-1756.68814713	
-5.22215600558	-1756.68864592	
-5.22395295126	-1756.68914172	
-5.22574667371	-1756.68963454	
-5.22753718449	-1756.6901244	
-5.22932449506	-1756.69061133	
-5.23110861685	-1756.69109534	
-5.23288956123	-1756.69157646	
-5.23466733947	-1756.69205469	
-5.23644196283	-1756.69253007	
-5.23821344248	-1756.6930026	
-5.23998178954	-1756.69347232	
-5.24174701506	-1756.69393923	
-5.24350913005	-1756.69440336	
-5.24526814546	-1756.69486473	
-5.24702407216	-1756.69532335	
-5.24877692099	-1756.69577924	
-5.25052670271	-1756.69623242	
-5.25227342805	-1756.6966829	
-5.25401710765	-1756.69713072	
-5.25575775213	-1756.69757587	
-5.25749537203	-1756.69801839	
-5.25922997784	-1756.69845828	
-5.26096158	-1756.69889557	
-5.2626901889	-1756.69933028	
-5.26441581487	-1756.69976241	
-5.26613846818	-1756.70019199	
-5.26785815906	-1756.70061903	
-5.26957489768	-1756.70104355	
-5.27128869416	-1756.70146557	
-5.27299955856	-1756.70188509	
-5.27470750091	-1756.70230215	
-5.27641253116	-1756.70271676	
-5.27811465923	-1756.70312892	
-5.27981389498	-1756.70353866	
-5.28151024823	-1756.70394599	
-5.28320372874	-1756.70435093	
-5.28489434622	-1756.7047535	
-5.28658211033	-1756.7051537	
-5.28826703069	-1756.70555156	
-5.28994911688	-1756.70594709	
-5.2916283784	-1756.7063403	
-5.29330482472	-1756.70673121	
-5.29497846528	-1756.70711983	
-5.29664930945	-1756.70750619	
-5.29831736655	-1756.70789028	
-5.29998264587	-1756.70827214	
-5.30164515664	-1756.70865177	
-5.30330490806	-1756.70902918	
-5.30496190927	-1756.7094044	
-5.30661616936	-1756.70977743	
-5.3082676974	-1756.71014829	
-5.30991650239	-1756.71051699	
-5.3115625933	-1756.71088355	
-5.31320597904	-1756.71124798	
-5.3148466685	-1756.71161029	
-5.3164846705	-1756.7119705	
-5.31811999384	-1756.71232862	
-5.31975264727	-1756.71268467	
-5.32138263948	-1756.71303865	
-5.32300997914	-1756.71339058	
-5.32463467487	-1756.71374047	
-5.32625673524	-1756.71408834	
-5.32787616879	-1756.7144342	
-5.32949298402	-1756.71477806	
-5.33110718937	-1756.71511994	
-5.33271879327	-1756.71545984	
-5.33432780407	-1756.71579778	
-5.33593423012	-1756.71613377	
-5.3375380797	-1756.71646782	
-5.33913936107	-1756.71679995	
-5.34073808243	-1756.71713017	
-5.34233425196	-1756.71745849	
-5.3439278778	-1756.71778492	
-5.34551896803	-1756.71810947	
-5.34710753072	-1756.71843215	
-5.34869357387	-1756.71875299	
-5.35027710548	-1756.71907198	
-5.35185813348	-1756.71938914	
-5.35343666577	-1756.71970448	
-5.35501271022	-1756.72001801	
-5.35658627467	-1756.72032975	
-5.3581573669	-1756.7206397	
-5.35972599468	-1756.72094788	
-5.36129216571	-1756.7212543	
-5.36285588769	-1756.72155896	
-5.36441716825	-1756.72186188	
-5.36597601502	-1756.72216307	
-5.36753243557	-1756.72246253	
-5.36908643744	-1756.72276029	
-5.37063802813	-1756.72305635	
-5.37218721511	-1756.72335072	
-5.37373400583	-1756.72364342	
-5.37527840768	-1756.72393444	
-5.37682042804	-1756.72422381	
-5.37836007422	-1756.72451152	
-5.37989735354	-1756.72479761	
-5.38143227326	-1756.72508206	
-5.38296484061	-1756.72536489	
-5.38449506279	-1756.72564612	
-5.38602294697	-1756.72592575	
-5.38754850028	-1756.72620379	
-5.38907172982	-1756.72648025	
-5.39059264266	-1756.72675515	
-5.39211124583	-1756.72702848	
-5.39362754635	-1756.72730026	
-5.39514155118	-1756.72757051	
-5.39665326727	-1756.72783922	
-5.39816270152	-1756.7281064	
-5.39966986081	-1756.72837208	
-5.40117475199	-1756.72863625	
-5.40267738187	-1756.72889893	
-5.40417775725	-1756.72916012	
-5.40567588487	-1756.72941983	
-5.40717177146	-1756.72967808	
-5.40866542372	-1756.72993486	
-5.4101568483	-1756.7301902	
-5.41164605186	-1756.73044409	
-5.41313304098	-1756.73069655	
-5.41461782224	-1756.73094759	
-5.4161004022	-1756.73119721	
-5.41758078737	-1756.73144542	
-5.41905898424	-1756.73169224	
-5.42053499927	-1756.73193766	
-5.42200883889	-1756.7321817	
-5.4234805095	-1756.73242436	
-5.42495001748	-1756.73266566	
-5.42641736918	-1756.7329056	
-5.4278825709	-1756.73314419	
-5.42934562895	-1756.73338144	
-5.43080654959	-1756.73361735	
-5.43226533906	-1756.73385194	
-5.43372200355	-1756.73408521	
-5.43517654927	-1756.73431717	
-5.43662898235	-1756.73454783	
-5.43807930892	-1756.73477719	
-5.4395275351	-1756.73500526	
-5.44097366695	-1756.73523205	
-5.44241771052	-1756.73545758	
-5.44385967184	-1756.73568183	
-5.4452995569	-1756.73590483	
-5.44673737167	-1756.73612658	
-5.44817312209	-1756.73634708	
-5.44960681409	-1756.73656635	
-5.45103845357	-1756.73678439	
-5.45246804638	-1756.73700121	
-5.45389559837	-1756.73721682	
-5.45532111536	-1756.73743122	
-5.45674460314	-1756.73764441	
-5.45816606749	-1756.73785642	
-5.45958551414	-1756.73806724	
-5.46100294883	-1756.73827688	
-5.46241837723	-1756.73848535	
-5.46383180503	-1756.73869265	
-5.46524323786	-1756.73889879	
-5.46665268137	-1756.73910378	
-5.46806014114	-1756.73930763	
-5.46946562274	-1756.73951034	
-5.47086913175	-1756.73971191	
-5.47227067367	-1756.73991236	
-5.47367025403	-1756.74011169	
-5.47506787829	-1756.74030991	
-5.47646355193	-1756.74050702	
-5.47785728038	-1756.74070303	
-5.47924906905	-1756.74089795	
-5.48063892334	-1756.74109178	
-5.48202684862	-1756.74128453	
-5.48341285022	-1756.7414762	
-5.48479693349	-1756.74166681	
-5.48617910372	-1756.74185635	
-5.48755936619	-1756.74204483	
-5.48893772616	-1756.74223227	
-5.49031418887	-1756.74241866	
-5.49168875953	-1756.74260401	
-5.49306144334	-1756.74278833	
-5.49443224547	-1756.74297162	
-5.49580117108	-1756.74315389	
-5.49716822529	-1756.74333515	
-5.49853341322	-1756.7435154	
-5.49989673995	-1756.74369464	
-5.50125821054	-1756.74387289	
-5.50261783006	-1756.74405014	
-5.50397560352	-1756.74422641	
-5.50533153593	-1756.74440169	
-5.50668563228	-1756.744576	
-5.50803789753	-1756.74474934	
-5.50938833663	-1756.74492171	
-5.5107369545	-1756.74509313	
-5.51208375605	-1756.74526359	
-5.51342874616	-1756.7454331	
-5.51477192971	-1756.74560167	
-5.51611331154	-1756.74576931	
-5.51745289646	-1756.74593601	
-5.51879068931	-1756.74610178	
-5.52012669485	-1756.74626663	
-5.52146091786	-1756.74643056	
-5.5227933631	-1756.74659358	
-5.52412403528	-1756.7467557	
-5.52545293913	-1756.74691691	
-5.52678007934	-1756.74707723	
-5.52810546058	-1756.74723665	
-5.52942908751	-1756.74739519	
-5.53075096477	-1756.74755285	
-5.53207109697	-1756.74770963	
-5.53338948873	-1756.74786553	
-5.53470614461	-1756.74802058	
-5.53602106919	-1756.74817475	
-5.53733426702	-1756.74832807	
-5.53864574262	-1756.74848054	
-5.5399555005	-1756.74863216	
-5.54126354516	-1756.74878294	
-5.54256988107	-1756.74893288	
-5.5438745127	-1756.74908198	
-5.54517744448	-1756.74923026	
-5.54647868084	-1756.74937771	
-5.54777822618	-1756.74952434	
-5.5490760849	-1756.74967015	
-5.55037226136	-1756.74981515	
-5.55166675992	-1756.74995935	
-5.55295958492	-1756.75010274	
-5.55425074069	-1756.75024534	
-5.55554023152	-1756.75038714	
-5.5568280617	-1756.75052815	
-5.55811423551	-1756.75066838	
-5.5593987572	-1756.75080782	
-5.56068163102	-1756.75094649	
-5.56196286117	-1756.75108439	
-5.56324245188	-1756.75122152	
-5.56452040732	-1756.75135789	
-5.56579673168	-1756.75149349	
-5.56707142911	-1756.75162835	
-5.56834450376	-1756.75176245	
-5.56961595975	-1756.7518958	
-5.57088580119	-1756.75202841	
-5.57215403218	-1756.75216028	
-5.57342065679	-1756.75229141	
-5.5746856791	-1756.75242182	
-5.57594910315	-1756.75255149	
-5.57721093297	-1756.75268045	
-5.57847117258	-1756.75280868	
-5.57972982599	-1756.7529362	
-5.58098689718	-1756.75306301	
-5.58224239012	-1756.75318911	
-5.58349630878	-1756.7533145	
-5.5847486571	-1756.7534392	
-5.585999439	-1756.7535632	
-5.5872486584	-1756.7536865	
-5.5884963192	-1756.75380912	
-5.58974242528	-1756.75393105	
-5.59098698051	-1756.75405231	
-5.59222998875	-1756.75417288	
-5.59347145384	-1756.75429278	
-5.5947113796	-1756.75441201	
-5.59594976985	-1756.75453057	
-5.59718662839	-1756.75464847	
-5.598421959	-1756.7547657	
-5.59965576545	-1756.75488229	
-5.60088805149	-1756.75499821	
-5.60211882088	-1756.75511349	
-5.60334807733	-1756.75522813	
-5.60457582457	-1756.75534212	
-5.6058020663	-1756.75545547	
-5.60702680619	-1756.75556819	
-5.60825004793	-1756.75568027	
-5.60947179518	-1756.75579173	
-5.61069205159	-1756.75590256	
-5.61191082078	-1756.75601276	
-5.61312810639	-1756.75612235	
-5.61434391201	-1756.75623133	
-5.61555824124	-1756.75633969	
-5.61677109767	-1756.75644744	
-5.61798248485	-1756.75655458	
-5.61919240636	-1756.75666113	
-5.62040086572	-1756.75676707	
-5.62160786647	-1756.75687242	
-5.62281341212	-1756.75697717	
-5.62401750619	-1756.75708133	
-5.62522015215	-1756.75718491	
-5.6264213535	-1756.7572879	
-5.62762111369	-1756.75739031	
-5.62881943618	-1756.75749215	
-5.63001632442	-1756.75759341	
-5.63121178182	-1756.7576941	
-5.63240581181	-1756.75779421	
-5.6335984178	-1756.75789377	
-5.63478960317	-1756.75799276	
-5.6359793713	-1756.75809119	
-5.63716772557	-1756.75818906	
-5.63835466933	-1756.75828638	
-5.63954020593	-1756.75838315	
-5.64072433869	-1756.75847937	
-5.64190707094	-1756.75857504	
-5.64308840598	-1756.75867018	
-5.64426834712	-1756.75876477	
-5.64544689764	-1756.75885882	
-5.64662406082	-1756.75895235	
-5.64779983991	-1756.75904534	
-5.64897423816	-1756.7591378	
-5.65014725882	-1756.75922973	
-5.65131890512	-1756.75932115	
-5.65248918027	-1756.75941204	
-5.65365808747	-1756.75950241	
-5.65482562993	-1756.75959227	
-5.65599181082	-1756.75968162	
-5.65715663332	-1756.75977046	
-5.65832010058	-1756.75985879	
-5.65948221576	-1756.75994661	
-5.660642982	-1756.76003394	
-5.66180240242	-1756.76012076	
-5.66296048014	-1756.76020709	
-5.66411721826	-1756.76029292	
-5.66527261989	-1756.76037827	
-5.66642668811	-1756.76046312	
-5.66757942599	-1756.76054749	
-5.6687308366	-1756.76063137	
-5.66988092298	-1756.76071477	
-5.67102968818	-1756.76079769	
-5.67217713524	-1756.76088014	
-5.67332326717	-1756.76096211	
-5.67446808699	-1756.76104361	
-5.67561159769	-1756.76112464	
-5.67675380227	-1756.76120521	
-5.6778947037	-1756.76128531	
-5.67903430497	-1756.76136494	
-5.68017260902	-1756.76144412	
-5.6813096188	-1756.76152284	
-5.68244533727	-1756.7616011	
-5.68357976734	-1756.76167892	
-5.68471291194	-1756.76175628	
-5.68584477397	-1756.76183319	
-5.68697535634	-1756.76190966	
-5.68810466194	-1756.76198568	
-5.68923269364	-1756.76206126	
-5.69035945432	-1756.76213641	
-5.69148494685	-1756.76221111	
-5.69260917406	-1756.76228538	
-5.6937321388	-1756.76235922	
-5.69485384391	-1756.76243263	
-5.69597429221	-1756.76250561	
-5.69709348651	-1756.76257817	
-5.69821142961	-1756.7626503	
-5.69932812431	-1756.76272201	
-5.70044357339	-1756.7627933	
-5.70155777963	-1756.76286417	
-5.7026707458	-1756.76293463	
-5.70378247466	-1756.76300467	
-5.70489296894	-1756.7630743	
-5.70600223139	-1756.76314353	
-5.70711026475	-1756.76321234	
-5.70821707172	-1756.76328075	
-5.70932265503	-1756.76334876	
-5.71042701737	-1756.76341637	
-5.71153016145	-1756.76348358	
-5.71263208993	-1756.76355039	
-5.71373280551	-1756.76361681	
-5.71483231084	-1756.76368283	
-5.71593060859	-1756.76374847	
-5.71702770141	-1756.76381371	
-5.71812359193	-1756.76387857	
-5.71921828279	-1756.76394304	
-5.72031177661	-1756.76400713	
-5.72140407601	-1756.76407084	
-5.72249518359	-1756.76413416	
-5.72358510195	-1756.76419711	
-5.72467383369	-1756.76425969	
-5.72576138137	-1756.76432189	
-5.72684774759	-1756.76438372	
-5.72793293489	-1756.76444518	
-5.72901694583	-1756.76450627	
-5.73009978297	-1756.764567	
-5.73118144884	-1756.76462736	
-5.73226194598	-1756.76468736	
-5.7333412769	-1756.76474699	
-5.73441944412	-1756.76480627	
-5.73549645015	-1756.76486519	
-5.73657229748	-1756.76492376	
-5.73764698861	-1756.76498197	
-5.73872052602	-1756.76503983	
-5.73979291218	-1756.76509734	
-5.74086414956	-1756.7651545	
-5.74193424062	-1756.76521131	
-5.74300318781	-1756.76526778	
-5.74407099357	-1756.76532391	
-5.74513766034	-1756.76537969	
-5.74620319054	-1756.76543513	
-5.7472675866	-1756.76549024	
-5.74833085092	-1756.76554501	
-5.74939298591	-1756.76559944	
-5.75045399397	-1756.76565354	
-5.75151387748	-1756.76570731	
-5.75257263883	-1756.76576075	
-5.75363028038	-1756.76581386	
-5.75468680452	-1756.76586664	
-5.75574221359	-1756.7659191	
-5.75679650994	-1756.76597123	
-5.75784969593	-1756.76602305	
-5.75890177388	-1756.76607454	
-5.75995274612	-1756.76612571	
-5.76100261499	-1756.76617656	
-5.76205138278	-1756.7662271	
-5.76309905181	-1756.76627733	
-5.76414562438	-1756.76632724	
-5.76519110278	-1756.76637684	
-5.7662354893	-1756.76642613	
-5.76727878622	-1756.76647512	
-5.76832099579	-1756.7665238	
-5.7693621203	-1756.76657217	
-5.770402162	-1756.76662023	
-5.77144112313	-1756.766668	
-5.77247900594	-1756.76671547	
-5.77351581267	-1756.76676263	
-5.77455154554	-1756.7668095	
-5.77558620679	-1756.76685607	
-5.77661979861	-1756.76690235	
-5.77765232322	-1756.76694833	
-5.77868378283	-1756.76699402	
-5.77971417962	-1756.76703942	
-5.78074351579	-1756.76708453	
-5.78177179352	-1756.76712936	
-5.78279901497	-1756.76717389	
-5.78382518233	-1756.76721815	
-5.78485029774	-1756.76726212	
-5.78587436337	-1756.7673058	
-5.78689738137	-1756.76734921	
-5.78791935386	-1756.76739233	
-5.788940283	-1756.76743518	
-5.7899601709	-1756.76747775	
-5.79097901969	-1756.76752005	
-5.79199683148	-1756.76756207	
-5.79301360838	-1756.76760381	
-5.7940293525	-1756.76764529	
-5.79504406593	-1756.7676865	
-5.79605775077	-1756.76772743	
-5.79707040908	-1756.7677681	
-5.79808204295	-1756.76780851	
-5.79909265446	-1756.76784865	
-5.80010224566	-1756.76788852	
-5.80111081862	-1756.76792813	
-5.80211837538	-1756.76796748	
-5.80312491799	-1756.76800657	
-5.80413044849	-1756.7680454	
-5.80513496892	-1756.76808398	
-5.80613848129	-1756.7681223	
-5.80714098764	-1756.76816036	
-5.80814248998	-1756.76819817	
-5.80914299031	-1756.76823573	
