#Site	lnL	
0	-2.33888465808
1	-2.3801787326
2	-6.84458068156
3	-2.40082637451
4	-2.3801787326
5	-3.15618206814
6	-2.40082637451
7	-2.31292675505
8	-3.15618206814
9	-2.40082637451
10	-3.08658925659
11	-12.6405509065
12	-2.33888465808
13	-2.7947860067
14	-5.96266480105
15	-2.33888465808
16	-2.3801787326
17	-3.28076213957
18	-2.8337729813
19	-2.7947860067
20	-6.61710030411
21	-3.12338704196
22	-2.31292675505
23	-6.63625830067
24	-2.33888465808
25	-2.7947860067
26	-5.44744573948
27	-3.12338704196
28	-2.31292675505
29	-3.15618206814
30	-2.8337729813
31	-2.3801787326
32	-5.65591168797
33	-7.95938140718
34	-2.31292675505
35	-5.65591168797
36	-2.40082637451
37	-13.8862198093
38	-23.3107137785
39	-2.8337729813
40	-2.31292675505
41	-4.2745890656
42	-2.8337729813
43	-3.08658925659
44	-8.07369726898
45	-2.8337729813
46	-2.3801787326
47	-4.49762816919
48	-3.12338704196
49	-2.31292675505
50	-5.63861935734
51	-18.8714218059
52	-2.3801787326
53	-8.75355887195
54	-3.12338704196
55	-3.08658925659
56	-14.7866682127
57	-3.12338704196
58	-2.31292675505
59	-10.4206909527
60	-2.33888465808
61	-2.3801787326
62	-3.28076213957
63	-8.02416281293
64	-2.7947860067
65	-3.15618206814
66	-2.40082637451
67	-2.7947860067
68	-3.28076213957
69	-2.40082637451
70	-2.31292675505
71	-14.5298976775
72	-2.40082637451
73	-2.3801787326
74	-3.15618206814
75	-3.12338704196
76	-2.31292675505
77	-8.20792578365
78	-2.33888465808
79	-2.7947860067
80	-12.5845815104
81	-2.33888465808
82	-8.31660658997
83	-6.51896325502
84	-2.33888465808
85	-2.7947860067
86	-11.3054675702
87	-3.12338704196
88	-2.3801787326
89	-16.2688050295
90	-2.33888465808
91	-3.08658925659
92	-11.9370331386
93	-2.40082637451
94	-12.5201864676
95	-3.15618206814
96	-13.2261045281
97	-2.3801787326
98	-5.45094085539
99	-3.12338704196
100	-2.7947860067
101	-16.9369301493
102	-2.8337729813
103	-2.31292675505
104	-7.61270329281
105	-2.8337729813
106	-2.7947860067
107	-5.44744573948
108	-2.40082637451
109	-2.7947860067
110	-5.45094085539
111	-2.8337729813
112	-2.31292675505
113	-7.93977934093
114	-2.8337729813
115	-2.7947860067
116	-12.5275740179
117	-2.40082637451
118	-2.3801787326
119	-14.696739379
120	-2.33888465808
121	-2.31292675505
122	-7.80418095187
123	-2.8337729813
124	-3.08658925659
125	-6.04502848205
126	-2.40082637451
127	-2.3801787326
128	-6.04456902973
129	-2.8337729813
130	-2.31292675505
131	-10.6913875925
132	-2.40082637451
133	-2.31292675505
134	-8.63283306136
135	-2.40082637451
136	-3.08658925659
137	-3.15618206814
138	-2.40082637451
139	-2.3801787326
140	-6.08542931786
141	-2.33888465808
142	-3.08658925659
143	-6.63822913701
144	-2.33888465808
145	-2.7947860067
146	-6.04502848205
147	-2.40082637451
148	-2.31292675505
149	-5.44744573948
150	-3.12338704196
151	-2.7947860067
152	-6.36773448812
153	-3.12338704196
154	-2.7947860067
155	-6.36773448812
156	-10.2602299562
157	-2.3801787326
158	-4.2745890656
159	-2.8337729813
160	-3.08658925659
161	-6.27544288573
162	-2.40082637451
163	-2.31292675505
164	-7.21406008128
165	-2.33888465808
166	-2.3801787326
167	-6.08542931786
168	-2.33888465808
169	-2.3801787326
170	-7.79678901529
171	-2.8337729813
172	-2.31292675505
173	-8.61149732111
174	-2.40082637451
175	-3.08658925659
176	-3.28076213957
177	-2.8337729813
178	-2.3801787326
179	-4.2745890656
180	-2.40082637451
181	-2.3801787326
182	-9.64007390584
183	-2.33888465808
184	-2.31292675505
185	-6.44135431039
186	-14.2795783271
187	-2.3801787326
188	-11.2534361842
189	-2.33888465808
190	-3.08658925659
191	-11.5162881438
192	-2.40082637451
193	-2.3801787326
194	-5.65591168797
195	-2.40082637451
196	-8.31736543672
197	-13.4084862442
198	-2.40082637451
199	-3.08658925659
200	-5.45094085539
201	-2.40082637451
202	-2.31292675505
203	-6.63822913701
204	-2.8337729813
205	-3.08658925659
206	-7.21406008128
207	-3.12338704196
208	-2.3801787326
209	-6.15185303675
210	-3.12338704196
211	-2.3801787326
212	-6.08542931786
213	-3.12338704196
214	-2.3801787326
215	-5.44744573948
216	-2.8337729813
217	-7.37573902105
218	-3.15618206814
219	-2.40082637451
220	-3.08658925659
221	-11.3612219428
222	-2.40082637451
223	-2.3801787326
224	-3.15618206814
225	-2.33888465808
226	-2.31292675505
227	-3.28076213957
228	-7.32035686987
229	-3.08658925659
230	-11.7249728491
231	-3.12338704196
232	-2.31292675505
233	-8.79273230983
234	-2.33888465808
235	-3.08658925659
236	-12.5117495936
237	-2.40082637451
238	-2.31292675505
239	-11.515781936
240	-2.8337729813
241	-2.3801787326
242	-9.20770418422
243	-2.33888465808
244	-2.31292675505
245	-3.28076213957
246	-2.40082637451
247	-2.7947860067
248	-7.74981484636
249	-3.12338704196
250	-2.7947860067
251	-7.70775808045
252	-2.33888465808
253	-2.3801787326
254	-3.28076213957
255	-2.8337729813
256	-2.3801787326
257	-3.15618206814
258	-2.8337729813
259	-2.3801787326
260	-3.15618206814
261	-2.33888465808
262	-3.08658925659
263	-7.7388338803
264	-2.8337729813
265	-2.3801787326
266	-4.49762816919
267	-2.8337729813
268	-3.08658925659
269	-5.45094085539
270	-2.33888465808
271	-2.31292675505
272	-9.9631196016
273	-2.40082637451
274	-2.31292675505
275	-4.2745890656
276	-2.33888465808
277	-2.31292675505
278	-6.04456902973
279	-2.33888465808
280	-2.31292675505
281	-8.6717040282
282	-7.32035686987
283	-7.74902017853
284	-9.14135509689
285	-2.40082637451
286	-2.3801787326
287	-9.67360472455
288	-2.33888465808
289	-7.37573902105
290	-6.84458068156
291	-3.12338704196
292	-2.31292675505
293	-4.2745890656
294	-2.8337729813
295	-2.7947860067
296	-10.0522072827
297	-2.8337729813
298	-2.31292675505
299	-5.45094085539
300	-3.12338704196
301	-2.7947860067
302	-5.75984499964
303	-7.45259346511
304	-2.3801787326
305	-7.74981484636
306	-2.40082637451
307	-2.7947860067
308	-5.45094085539
309	-2.33888465808
310	-2.3801787326
311	-8.61009814304
312	-2.8337729813
313	-3.08658925659
314	-3.28076213957
315	-2.40082637451
316	-2.31292675505
317	-3.28076213957
318	-3.12338704196
319	-2.7947860067
320	-3.28076213957
321	-2.8337729813
322	-2.3801787326
323	-3.28076213957
324	-2.8337729813
325	-2.31292675505
326	-4.49762816919
327	-3.12338704196
328	-2.7947860067
329	-15.238530317
330	-7.39774951345
331	-2.31292675505
332	-6.08542931786
333	-2.8337729813
334	-2.3801787326
335	-9.13795872171
336	-2.40082637451
337	-2.7947860067
338	-15.4570939825
339	-3.12338704196
340	-3.08658925659
341	-11.215465737
342	-2.33888465808
343	-2.3801787326
344	-5.45094085539
345	-2.33888465808
346	-2.7947860067
347	-9.06735053901
348	-3.12338704196
349	-3.08658925659
350	-3.15618206814
351	-2.33888465808
352	-2.7947860067
353	-3.15618206814
354	-2.8337729813
355	-2.31292675505
356	-13.5076236354
357	-7.03703304163
358	-2.31292675505
359	-8.40695582768
360	-2.40082637451
361	-2.31292675505
362	-3.15618206814
363	-2.8337729813
364	-2.31292675505
365	-7.61270329281
366	-2.40082637451
367	-2.31292675505
368	-3.15618206814
369	-2.8337729813
370	-2.31292675505
371	-10.9070959088
372	-2.33888465808
373	-7.93129124319
374	-9.22913258696
375	-8.01522529433
376	-2.3801787326
377	-3.15618206814
378	-2.40082637451
379	-2.7947860067
380	-3.28076213957
381	-2.40082637451
382	-2.31292675505
383	-4.49762816919
384	-2.40082637451
385	-2.31292675505
386	-3.28076213957
387	-2.40082637451
388	-3.08658925659
389	-4.2745890656
390	-2.33888465808
391	-2.3801787326
392	-6.46265440092
393	-2.33888465808
394	-2.3801787326
395	-3.28076213957
396	-2.8337729813
397	-2.31292675505
398	-5.45094085539
399	-3.12338704196
400	-3.08658925659
401	-11.096610472
402	-2.8337729813
403	-3.08658925659
404	-18.3538707363
405	-2.8337729813
406	-2.31292675505
407	-3.28076213957
408	-2.8337729813
409	-2.7947860067
410	-7.93977934093
411	-2.8337729813
412	-2.31292675505
413	-5.63861935734
414	-2.40082637451
415	-2.3801787326
416	-8.44409871319
417	-2.40082637451
418	-2.31292675505
419	-3.15618206814
420	-2.33888465808
421	-2.3801787326
422	-3.15618206814
423	-9.69082519618
424	-2.3801787326
425	-5.75984499964
426	-2.40082637451
427	-8.65043100549
428	-3.15618206814
429	-3.12338704196
430	-2.3801787326
431	-6.44135431039
432	-2.8337729813
433	-2.7947860067
434	-12.8780450113
435	-2.40082637451
436	-2.31292675505
437	-3.15618206814
438	-2.33888465808
439	-2.3801787326
440	-5.95946353472
441	-2.33888465808
442	-2.3801787326
443	-7.89674720651
444	-7.97989628139
445	-11.9657168622
446	-6.46265440092
447	-2.8337729813
448	-3.08658925659
449	-5.96266480105
450	-2.40082637451
451	-2.31292675505
452	-3.28076213957
453	-2.40082637451
454	-2.31292675505
455	-10.5259797106
456	-3.12338704196
457	-2.31292675505
458	-4.49762816919
459	-11.8396688803
460	-2.3801787326
461	-3.15618206814
462	-2.33888465808
463	-3.08658925659
464	-11.3181746098
465	-2.33888465808
466	-2.31292675505
467	-4.2745890656
468	-3.12338704196
469	-3.08658925659
470	-6.63822913701
471	-10.2881571718
472	-2.3801787326
473	-7.50845972808
474	-2.33888465808
475	-2.31292675505
476	-14.9863707848
477	-2.33888465808
478	-2.7947860067
479	-3.28076213957
480	-2.33888465808
481	-2.7947860067
482	-14.6474526831
483	-2.40082637451
484	-15.7231857175
485	-7.50845972808
486	-2.33888465808
487	-2.31292675505
488	-10.2410011262
