#Site	lnL	
0	-5.84198620759
1	-1.2024010284
2	-6.49729143566
3	-5.57250768097
4	-1.26329265245
5	-9.65531416797
6	-1.29105148203
7	-1.26329265245
8	-14.1743344715
9	-1.29105148203
10	-1.70274079691
11	-19.7051184438
12	-1.29105148203
13	-1.6491943945
14	-9.25420371698
15	-1.34877953222
16	-1.70274079691
17	-13.4441941094
18	-1.34877953222
19	-1.6491943945
20	-6.66977497207
21	-1.29105148203
22	-1.2024010284
23	-10.7614112582
24	-9.52095827369
25	-8.67788560745
26	-11.8084960174
27	-1.29105148203
28	-1.26329265245
29	-10.7134088249
30	-5.57250768097
31	-1.6491943945
32	-5.40195155763
33	-1.34877953222
34	-1.6491943945
35	-14.1030785906
36	-1.29105148203
37	-1.26329265245
38	-12.460417717
39	-1.34877953222
40	-1.6491943945
41	-5.67917958312
42	-1.77833603302
43	-1.6491943945
44	-7.54471105402
45	-1.82583982914
46	-1.26329265245
47	-9.10094966182
48	-1.77833603302
49	-1.2024010284
50	-8.54808896465
51	-1.29105148203
52	-1.70274079691
53	-10.2225346026
54	-1.82583982914
55	-1.6491943945
56	-1.31169597277
57	-1.82583982914
58	-1.26329265245
59	-19.3502279717
60	-1.82583982914
61	-1.26329265245
62	-5.67917958312
63	-1.34877953222
64	-1.26329265245
65	-1.85456805521
66	-1.77833603302
67	-6.82922542204
68	-1.31169597277
69	-1.34877953222
70	-1.26329265245
71	-12.1399701819
72	-8.75271525675
73	-1.6491943945
74	-13.2079788896
75	-1.34877953222
76	-6.82922542204
77	-1.85456805521
78	-1.82583982914
79	-1.2024010284
80	-1.36869659434
81	-1.29105148203
82	-1.2024010284
83	-1.36869659434
84	-1.34877953222
85	-1.70274079691
86	-5.56689295619
87	-1.29105148203
88	-1.2024010284
89	-5.39024039851
90	-1.34877953222
91	-1.6491943945
92	-15.3551021242
93	-1.82583982914
94	-1.26329265245
95	-8.04493670238
96	-1.82583982914
97	-1.26329265245
98	-1.31169597277
99	-1.82583982914
100	-1.2024010284
101	-9.65531416797
102	-1.29105148203
103	-1.70274079691
104	-6.86503788084
105	-1.29105148203
106	-1.26329265245
107	-16.3584818281
108	-1.29105148203
109	-1.2024010284
110	-5.39024039851
111	-1.29105148203
112	-1.2024010284
113	-14.4387058783
114	-1.77833603302
115	-1.6491943945
116	-14.4210375725
117	-1.29105148203
118	-1.2024010284
119	-7.50578077297
120	-1.34877953222
121	-1.70274079691
122	-1.85456805521
123	-1.29105148203
124	-1.70274079691
125	-1.36869659434
126	-1.29105148203
127	-1.26329265245
128	-1.31169597277
129	-1.82583982914
130	-1.2024010284
131	-1.31169597277
132	-1.29105148203
133	-1.26329265245
134	-1.31169597277
135	-1.29105148203
136	-6.81918106008
137	-6.93016450221
138	-1.29105148203
139	-1.70274079691
140	-1.36869659434
141	-1.82583982914
142	-1.26329265245
143	-10.6757352274
144	-1.77833603302
145	-1.26329265245
146	-5.44913166996
147	-1.82583982914
148	-1.6491943945
149	-6.66977497207
150	-1.77833603302
151	-1.6491943945
152	-5.44913166996
153	-1.34877953222
154	-6.94530845245
155	-17.9194880001
156	-1.77833603302
157	-1.70274079691
158	-8.41939671412
159	-1.82583982914
160	-1.2024010284
161	-1.36869659434
162	-1.82583982914
163	-1.2024010284
164	-7.66450668612
165	-1.34877953222
166	-1.26329265245
167	-5.5578756608
168	-1.77833603302
169	-1.2024010284
170	-6.66977497207
171	-1.77833603302
172	-1.26329265245
173	-5.39024039851
174	-1.29105148203
175	-1.6491943945
176	-5.5031730481
177	-8.59474220976
178	-1.70274079691
179	-1.31169597277
180	-1.29105148203
181	-1.2024010284
182	-13.7391087012
183	-1.29105148203
184	-1.70274079691
185	-5.67917958312
186	-1.29105148203
187	-1.2024010284
188	-9.30576586969
189	-1.82583982914
190	-1.2024010284
191	-1.85456805521
192	-1.29105148203
193	-1.26329265245
194	-1.31169597277
195	-1.77833603302
196	-1.26329265245
197	-1.31169597277
198	-1.82583982914
199	-1.2024010284
200	-5.71589943505
201	-5.63525825593
202	-1.70274079691
203	-11.9332461353
204	-7.65964336074
205	-1.2024010284
206	-1.31169597277
207	-1.77833603302
208	-1.2024010284
209	-7.53060505095
210	-8.15754448706
211	-1.26329265245
212	-5.60642478011
213	-1.77833603302
214	-1.2024010284
215	-5.34420967298
216	-1.29105148203
217	-1.2024010284
218	-5.5031730481
219	-1.34877953222
220	-1.26329265245
221	-5.67917958312
222	-5.63564259106
223	-1.2024010284
224	-10.6905623444
225	-1.34877953222
226	-1.70274079691
227	-9.17379030713
228	-1.77833603302
229	-1.6491943945
230	-7.55268384432
231	-1.29105148203
232	-1.2024010284
233	-15.3351437866
234	-1.34877953222
235	-1.70274079691
236	-1.8084659375
237	-1.82583982914
238	-1.6491943945
239	-14.2060370602
240	-7.34807658685
241	-1.6491943945
242	-1.36869659434
243	-1.34877953222
244	-1.6491943945
245	-9.00730008468
246	-1.82583982914
247	-1.6491943945
248	-5.5578756608
249	-5.63564259106
250	-1.26329265245
251	-14.5332687984
252	-1.77833603302
253	-1.70274079691
254	-11.4677213071
255	-1.29105148203
256	-1.70274079691
257	-11.2429670963
258	-1.29105148203
259	-1.6491943945
260	-1.8084659375
261	-1.29105148203
262	-1.6491943945
263	-1.36869659434
264	-1.77833603302
265	-1.6491943945
266	-10.7278229026
267	-1.29105148203
268	-1.2024010284
269	-1.31169597277
270	-1.34877953222
271	-1.6491943945
272	-7.64866765411
273	-1.29105148203
274	-1.2024010284
275	-7.21529306495
276	-1.29105148203
277	-1.26329265245
278	-10.7447750348
279	-1.34877953222
280	-1.70274079691
281	-5.67917958312
282	-1.34877953222
283	-6.78012189685
284	-21.8917090375
285	-1.29105148203
286	-1.2024010284
287	-13.3379969684
288	-1.29105148203
289	-1.6491943945
290	-9.04150810379
291	-1.29105148203
292	-1.26329265245
293	-1.36869659434
294	-6.74285206626
295	-1.26329265245
296	-1.85456805521
297	-1.29105148203
298	-1.26329265245
299	-5.71589943505
300	-1.34877953222
301	-1.70274079691
302	-15.945135048
303	-1.29105148203
304	-1.2024010284
305	-1.36869659434
306	-1.34877953222
307	-1.70274079691
308	-8.03015713704
309	-1.34877953222
310	-1.70274079691
311	-11.6353153727
312	-1.77833603302
313	-1.2024010284
314	-11.0664322503
315	-6.79390590486
316	-1.70274079691
317	-6.93016450221
318	-1.29105148203
319	-1.6491943945
320	-10.4191219184
321	-1.82583982914
322	-1.26329265245
323	-5.39024039851
324	-1.34877953222
325	-1.6491943945
326	-12.0868630715
327	-1.29105148203
328	-1.26329265245
329	-10.5753806508
330	-7.85751044092
331	-1.26329265245
332	-9.04150810379
333	-1.77833603302
334	-1.70274079691
335	-5.39024039851
336	-1.82583982914
337	-1.26329265245
338	-1.85456805521
339	-1.77833603302
340	-1.26329265245
341	-17.5737559267
342	-1.77833603302
343	-6.81918106008
344	-10.8039740941
345	-1.34877953222
346	-1.26329265245
347	-9.00730008468
348	-5.63564259106
349	-1.26329265245
350	-6.97811259162
351	-1.34877953222
352	-1.70274079691
353	-11.9776881035
354	-1.29105148203
355	-1.26329265245
356	-6.61030093293
357	-1.29105148203
358	-1.6491943945
359	-5.56689295619
360	-1.29105148203
361	-1.26329265245
362	-13.2580733121
363	-5.52195567522
364	-1.70274079691
365	-14.0525933838
366	-1.82583982914
367	-1.26329265245
368	-1.36869659434
369	-1.34877953222
370	-1.26329265245
371	-8.88744707587
372	-1.34877953222
373	-1.2024010284
374	-5.45701675897
375	-1.29105148203
376	-1.2024010284
377	-9.1406495665
378	-1.34877953222
379	-1.6491943945
380	-1.8084659375
381	-1.82583982914
382	-1.26329265245
383	-9.30576586969
384	-5.84198620759
385	-1.2024010284
386	-5.5578756608
387	-1.29105148203
388	-1.70274079691
389	-8.54808896465
390	-1.29105148203
391	-1.2024010284
392	-11.7600181745
393	-1.34877953222
394	-1.26329265245
395	-1.31169597277
396	-1.82583982914
397	-1.2024010284
398	-14.5549832409
399	-1.82583982914
400	-1.2024010284
401	-1.8084659375
402	-5.68259913416
403	-1.26329265245
404	-13.8685208117
405	-1.77833603302
406	-1.26329265245
407	-5.60642478011
408	-1.34877953222
409	-1.6491943945
410	-1.36869659434
411	-1.29105148203
412	-1.2024010284
413	-10.8975510315
414	-1.82583982914
415	-1.26329265245
416	-9.05421250255
417	-1.77833603302
418	-1.2024010284
419	-7.72285571758
420	-1.82583982914
421	-1.26329265245
422	-11.7831435813
423	-1.77833603302
424	-1.26329265245
425	-14.2624173643
426	-1.29105148203
427	-1.2024010284
428	-7.48345090697
429	-1.82583982914
430	-1.70274079691
431	-1.85456805521
432	-1.82583982914
433	-1.70274079691
434	-12.1726462006
435	-1.29105148203
436	-1.6491943945
437	-14.4708538079
438	-1.29105148203
439	-1.26329265245
440	-1.31169597277
441	-1.34877953222
442	-1.70274079691
443	-1.31169597277
444	-1.82583982914
445	-1.2024010284
446	-14.1651796647
447	-5.52520782203
448	-1.26329265245
449	-7.64866765411
450	-1.29105148203
451	-1.2024010284
452	-11.1807130161
453	-1.29105148203
454	-1.2024010284
455	-9.87401851014
456	-1.34877953222
457	-1.2024010284
458	-1.36869659434
459	-1.82583982914
460	-1.26329265245
461	-1.36869659434
462	-1.29105148203
463	-1.2024010284
464	-1.36869659434
465	-1.77833603302
466	-1.2024010284
467	-5.67917958312
468	-1.34877953222
469	-1.26329265245
470	-7.53060505095
471	-1.29105148203
472	-1.2024010284
473	-5.40195155763
474	-5.68259913416
475	-1.2024010284
476	-14.5243634391
477	-1.29105148203
478	-1.2024010284
479	-5.45701675897
480	-6.62909993307
481	-1.2024010284
482	-7.98244630444
483	-1.34877953222
484	-1.2024010284
485	-14.4559511337
486	-1.34877953222
487	-1.2024010284
488	-5.45701675897
