#Site	lnL	
0	-9.70693148556
1	-4.28928796404
2	-15.3231805898
3	-12.3102474674
4	-5.77399473939
5	-9.4596433248
6	-4.28928796404
7	-9.85366132261
8	-4.59993308376
9	-8.17589647454
10	-9.22229203893
11	-7.9280552726
12	-4.77180805413
13	-10.2863671872
14	-9.7706928936
15	-4.89261082659
16	-4.84501769809
17	-5.33411936596
18	-7.36404962812
19	-8.14156844224
20	-7.98285002396
21	-13.7030786763
22	-10.7772879319
23	-5.25495259715
24	-9.84687916989
25	-20.2147183671
26	-10.8167278153
27	-7.51605242584
28	-7.77858827428
29	-9.67337300409
30	-11.332810162
31	-21.1989960165
32	-15.2779818299
33	-12.9390561171
34	-11.4226153456
35	-12.1959638972
36	-8.95954767541
37	-5.25495259715
38	-21.9956664401
39	-5.75254554876
40	-9.78333957135
41	-16.9969740368
42	-10.854658451
43	-10.4394224808
44	-8.12262098846
45	-11.1513498084
46	-16.9465526295
47	-15.4842411816
48	-12.5237150154
49	-7.06593993903
50	-14.8041378989
51	-6.00426379679
52	-10.4765807936
53	-8.83489359933
54	-9.16073698865
55	-13.5021426146
56	-17.6803946309
57	-17.6943409827
58	-4.28928796404
59	-20.0652948824
60	-18.6433847953
61	-8.49441123687
62	-20.9744728671
63	-14.7719130782
64	-6.86313836468
65	-8.00686876958
66	-13.6282866588
67	-22.9393601073
68	-12.1466807546
69	-8.35269233592
70	-5.78264320815
71	-20.5337517688
72	-8.09074520859
73	-5.78264320815
74	-10.1025074939
75	-19.9727761314
76	-5.38850264752
77	-10.4127954863
78	-14.1025512612
79	-10.8966640302
80	-7.77858827428
81	-8.53510547143
82	-11.6385589132
83	-10.89038052
84	-21.258580745
85	-6.98455613321
86	-19.6749227517
87	-8.07388166037
88	-20.8786179633
89	-23.3575451386
90	-6.85461697419
91	-6.23547405625
92	-4.28928796404
93	-12.7480081325
94	-5.25495259715
95	-12.7095941623
96	-5.23064051764
97	-9.67306851725
98	-4.89261082659
99	-5.68813396275
100	-8.101294499
101	-6.10366608571
102	-4.77180805413
103	-12.2213575244
104	-7.64056703684
105	-10.8315976371
106	-11.8861930042
107	-7.7352221559
108	-9.50843809053
109	-6.38030968462
110	-25.6271624707
111	-4.77180805413
112	-9.73339312947
113	-6.84434840115
114	-6.96827867122
115	-17.9714156013
116	-6.69557385017
117	-18.8079623072
118	-14.5034252556
119	-7.34438328865
120	-9.66407559362
121	-12.8723765811
122	-7.60736321352
123	-7.32253647774
124	-5.52125335197
125	-6.00936259741
126	-5.75254554876
127	-12.7832981229
128	-15.9573131745
129	-12.0557086633
130	-9.26481640087
131	-17.9141945845
132	-10.822347971
133	-7.36404976127
134	-10.2327410297
135	-12.3717709553
136	-10.9287993736
137	-7.51605242584
138	-10.5710305011
139	-6.00936259741
140	-8.52877973882
141	-6.46785765687
142	-5.89768913935
143	-8.45734327373
144	-21.0550018441
145	-8.1906643903
146	-20.788342374
147	-7.19928565973
148	-17.4852356233
149	-15.693054127
150	-15.7116680401
151	-9.50110418331
152	-12.6251201876
153	-6.5074685298
154	-12.7676084938
155	-7.65685557807
156	-9.66597289136
157	-7.63405923264
158	-11.3439571006
159	-19.6583061854
160	-16.5196263176
161	-21.1660815803
162	-11.062021965
