#Site	lnL	
0	-1.74498791365
1	-1.22644976295
2	-8.66742101418
3	-7.0824655554
4	-1.31471921712
5	-1.90110770771
6	-7.27760856445
7	-1.59476279709
8	-8.14416556909
9	-1.33668644893
10	-1.74303847809
11	-7.51209964063
12	-7.1779773024
13	-1.31471921712
14	-1.87930887416
15	-1.41341221701
16	-1.22644976295
17	-1.87930887416
18	-1.8831592239
19	-1.59476279709
20	-10.2349328877
21	-1.33668644893
22	-1.31471921712
23	-2.49000490104
24	-1.33668644893
25	-1.59476279709
26	-8.33434142337
27	-1.33668644893
28	-1.22644976295
29	-5.04430140672
30	-1.8831592239
31	-1.31471921712
32	-1.87930887416
33	-1.33668644893
34	-1.31471921712
35	-8.21591997081
36	-1.74498791365
37	-1.22644976295
38	-15.1535638819
39	-1.8831592239
40	-1.22644976295
41	-1.90110770771
42	-1.41341221701
43	-1.59476279709
44	-5.26503361637
45	-1.8831592239
46	-1.22644976295
47	-2.49000490104
48	-1.41341221701
49	-1.22644976295
50	-5.52456429284
51	-1.33668644893
52	-1.22644976295
53	-2.58061447933
54	-1.33668644893
55	-1.22644976295
56	-1.90110770771
57	-1.33668644893
58	-8.89437414676
59	-5.86119808416
60	-1.74498791365
61	-1.31471921712
62	-7.79411222885
63	-1.74498791365
64	-1.31471921712
65	-13.1679342678
66	-1.74498791365
67	-1.74303847809
68	-10.836579976
69	-1.41341221701
70	-6.91179655761
71	-9.91451591285
72	-1.8831592239
73	-1.74303847809
74	-2.49000490104
75	-5.68855855019
76	-1.59476279709
77	-5.6043068642
78	-1.33668644893
79	-1.22644976295
80	-1.90110770771
81	-1.41341221701
82	-8.88637221518
83	-1.87930887416
84	-1.33668644893
85	-1.22644976295
86	-1.90110770771
87	-1.33668644893
88	-1.22644976295
89	-1.87930887416
90	-1.74498791365
91	-1.22644976295
92	-7.20634912947
93	-1.74498791365
94	-1.59476279709
95	-8.00809282256
96	-1.74498791365
97	-1.31471921712
98	-10.8974438578
99	-1.74498791365
100	-1.22644976295
101	-17.6183888976
102	-1.33668644893
103	-1.31471921712
104	-8.33337554349
105	-1.74498791365
106	-1.74303847809
107	-4.60937019523
108	-1.8831592239
109	-1.59476279709
110	-18.0049630161
111	-1.41341221701
112	-1.74303847809
113	-2.49000490104
114	-1.8831592239
115	-1.74303847809
116	-8.1850287278
117	-1.33668644893
118	-1.74303847809
119	-1.87930887416
120	-7.049485687
121	-1.74303847809
122	-2.49000490104
123	-8.36535517686
124	-1.22644976295
125	-4.78848159044
126	-1.41341221701
127	-6.90068635875
128	-10.7632483912
129	-1.41341221701
130	-1.22644976295
131	-7.28886152601
132	-6.68464230543
133	-1.31471921712
134	-6.00317345748
135	-1.41341221701
136	-1.22644976295
137	-4.60937019523
138	-1.33668644893
139	-1.22644976295
140	-10.4802181501
141	-1.41341221701
142	-1.31471921712
143	-6.12922814741
144	-1.74498791365
145	-1.22644976295
146	-15.3219105039
147	-1.33668644893
148	-1.31471921712
149	-4.93138316968
150	-1.41341221701
151	-1.22644976295
152	-4.93138316968
153	-1.74498791365
154	-1.59476279709
155	-1.90110770771
156	-1.8831592239
157	-1.74303847809
158	-5.07520045025
159	-1.41341221701
160	-1.31471921712
161	-1.87930887416
162	-1.41341221701
163	-1.74303847809
164	-5.52456429284
165	-1.33668644893
166	-1.59476279709
167	-5.70052197216
168	-1.41341221701
169	-1.59476279709
170	-8.00809282256
171	-6.54177752272
172	-1.59476279709
173	-11.0740284182
174	-11.4523353025
175	-1.22644976295
176	-12.8014626101
177	-6.54177752272
178	-1.22644976295
179	-7.86712020878
180	-1.41341221701
181	-1.31471921712
182	-6.34615695918
183	-1.33668644893
184	-1.31471921712
185	-13.9827579998
186	-8.71415030822
187	-1.31471921712
188	-1.87930887416
189	-1.41341221701
190	-1.22644976295
191	-1.87930887416
192	-1.8831592239
193	-1.74303847809
194	-20.6177663357
195	-1.33668644893
196	-1.22644976295
197	-4.60937019523
198	-1.41341221701
199	-1.22644976295
200	-1.90110770771
201	-1.74498791365
202	-1.22644976295
203	-12.4891417157
204	-1.41341221701
205	-1.22644976295
206	-10.6980415305
207	-1.41341221701
208	-1.74303847809
209	-6.22545949271
210	-1.41341221701
211	-1.22644976295
212	-7.01655951575
213	-1.33668644893
214	-1.22644976295
215	-2.49000490104
216	-1.41341221701
217	-1.74303847809
218	-13.9459545859
219	-1.8831592239
220	-1.22644976295
221	-7.81356569745
222	-5.68855855019
223	-1.74303847809
224	-1.87930887416
225	-5.78911988479
226	-1.59476279709
227	-1.90110770771
228	-1.41341221701
229	-1.59476279709
230	-5.11595051856
231	-1.8831592239
232	-1.31471921712
233	-9.76761481254
234	-1.41341221701
235	-1.31471921712
236	-1.87930887416
237	-6.68464230543
238	-1.22644976295
239	-4.93138316968
240	-1.74498791365
241	-1.31471921712
242	-8.1457789167
243	-1.8831592239
244	-1.31471921712
245	-5.00122523502
246	-1.33668644893
247	-1.74303847809
248	-6.87803355354
249	-1.41341221701
250	-1.59476279709
251	-6.24725401072
252	-7.31332186895
253	-1.59476279709
254	-8.45112967107
255	-1.74498791365
256	-1.31471921712
257	-6.16684620674
258	-1.41341221701
259	-1.22644976295
260	-5.70052197216
261	-1.74498791365
262	-1.74303847809
263	-1.87930887416
264	-1.74498791365
265	-1.22644976295
266	-7.83491582462
267	-1.74498791365
268	-1.59476279709
269	-13.2372867415
270	-1.41341221701
271	-1.74303847809
272	-6.9225872261
273	-1.8831592239
274	-1.22644976295
275	-5.6043068642
276	-1.33668644893
277	-1.59476279709
278	-4.60937019523
279	-1.41341221701
280	-1.31471921712
281	-6.04728320971
282	-6.45429324714
283	-1.74303847809
284	-8.58340976057
285	-1.33668644893
286	-1.31471921712
287	-10.9771101699
288	-1.33668644893
289	-1.74303847809
290	-1.87930887416
291	-1.41341221701
292	-1.22644976295
293	-9.14937198531
294	-1.33668644893
295	-9.25795932373
296	-1.87930887416
297	-1.33668644893
298	-7.51997208349
299	-2.58061447933
300	-1.74498791365
301	-7.43077609116
302	-7.92574345083
303	-6.74487094571
304	-1.22644976295
305	-6.12922814741
306	-1.33668644893
307	-1.59476279709
308	-6.39637682957
309	-1.33668644893
310	-1.74303847809
311	-1.90110770771
312	-1.41341221701
313	-1.31471921712
314	-1.90110770771
315	-1.33668644893
316	-1.22644976295
317	-4.79354779838
318	-1.33668644893
319	-1.74303847809
320	-1.90110770771
321	-1.33668644893
322	-1.31471921712
323	-2.49000490104
324	-1.33668644893
325	-1.22644976295
326	-6.00317345748
327	-1.74498791365
328	-1.74303847809
329	-6.04728320971
330	-1.41341221701
331	-1.22644976295
332	-11.969159583
333	-1.33668644893
334	-1.31471921712
335	-9.21346812087
336	-1.74498791365
337	-1.74303847809
338	-4.60937019523
339	-1.33668644893
340	-1.22644976295
341	-1.87930887416
342	-1.41341221701
343	-10.3746882407
344	-7.44127352521
345	-1.74498791365
346	-1.59476279709
347	-2.49000490104
348	-5.84798565339
349	-1.31471921712
350	-8.77373627811
351	-1.41341221701
352	-1.59476279709
353	-6.34615695918
354	-1.33668644893
355	-1.31471921712
356	-2.49000490104
357	-1.33668644893
358	-1.31471921712
359	-1.87930887416
360	-9.066385144
361	-1.59476279709
362	-14.5016608702
363	-1.74498791365
364	-13.3387676471
365	-1.87930887416
366	-1.41341221701
367	-1.22644976295
368	-12.4917378908
369	-1.41341221701
370	-1.22644976295
371	-6.00317345748
372	-1.33668644893
373	-1.22644976295
374	-1.87930887416
375	-1.74498791365
376	-1.59476279709
377	-4.97302896544
378	-1.41341221701
379	-1.22644976295
380	-6.39637682957
381	-1.33668644893
382	-1.31471921712
383	-5.26503361637
384	-1.41341221701
385	-1.59476279709
386	-2.49000490104
387	-1.33668644893
388	-1.59476279709
389	-9.54393230278
390	-1.41341221701
391	-1.31471921712
392	-6.24725401072
393	-7.88907849334
394	-1.74303847809
395	-9.44008092015
396	-6.01251014352
397	-8.09568776018
398	-4.60937019523
399	-5.78911988479
400	-1.74303847809
401	-1.87930887416
402	-1.8831592239
403	-1.31471921712
404	-9.49981970502
405	-1.33668644893
406	-1.74303847809
407	-9.446632366
408	-1.74498791365
409	-1.74303847809
410	-6.30583149274
411	-1.41341221701
412	-1.22644976295
413	-5.04430140672
414	-1.74498791365
415	-1.22644976295
416	-12.7001258744
417	-1.33668644893
418	-1.74303847809
419	-2.49000490104
420	-5.91979994453
421	-1.74303847809
422	-4.78848159044
423	-1.33668644893
424	-1.31471921712
425	-1.87930887416
426	-1.74498791365
427	-1.59476279709
428	-11.083856235
429	-1.41341221701
430	-1.31471921712
431	-1.90110770771
432	-1.8831592239
433	-1.59476279709
434	-4.97302896544
435	-1.74498791365
436	-1.31471921712
437	-4.78848159044
438	-1.8831592239
439	-1.59476279709
440	-1.90110770771
441	-1.8831592239
442	-1.22644976295
443	-6.39988699561
444	-1.33668644893
445	-1.22644976295
446	-6.06672630349
447	-1.33668644893
448	-1.31471921712
449	-4.78848159044
450	-7.32318533527
451	-1.59476279709
452	-5.96323503073
453	-5.68855855019
454	-1.22644976295
455	-2.49000490104
456	-1.74498791365
457	-1.59476279709
458	-5.77813458476
459	-1.8831592239
460	-1.74303847809
461	-10.6727375287
462	-1.8831592239
463	-1.22644976295
464	-6.34038027423
465	-1.33668644893
466	-1.22644976295
467	-1.87930887416
468	-6.88623768187
469	-1.74303847809
470	-5.96323503073
471	-1.33668644893
472	-1.59476279709
473	-6.43251020848
474	-1.74498791365
475	-1.22644976295
476	-2.49000490104
477	-1.74498791365
478	-1.74303847809
479	-6.00317345748
480	-7.23051428707
481	-1.31471921712
482	-1.87930887416
483	-8.01429538782
484	-1.22644976295
485	-7.31663679448
486	-1.8831592239
487	-1.59476279709
488	-8.46070248947
