#Site	lnL	
0	-4.73218991215
1	-4.83306789418
2	-6.84933448232
3	-4.44325626315
4	-4.39128520739
5	-11.8971835922
6	-4.44325626315
7	-4.65606306928
8	-9.15176383484
9	-4.90767032298
10	-4.65606306928
11	-6.84933448232
12	-4.73218991215
13	-4.65606306928
14	-8.90154805251
15	-10.2813918222
16	-4.36537675626
17	-9.29559713543
18	-9.93872431743
19	-4.36537675626
20	-11.5346178598
21	-4.90767032298
22	-4.83306789418
23	-6.58029171069
24	-4.90767032298
25	-4.39128520739
26	-8.06870959324
27	-4.90767032298
28	-4.39128520739
29	-17.6351239617
30	-4.44325626315
31	-4.65606306928
32	-9.39185735402
33	-4.44325626315
34	-4.36537675626
35	-11.4484984418
36	-4.90767032298
37	-11.2451620281
38	-10.1643001797
39	-9.74140535167
40	-4.39128520739
41	-9.30713665377
42	-4.73218991215
43	-4.39128520739
44	-9.27437356209
45	-4.90767032298
46	-4.36537675626
47	-7.95296956708
48	-4.73218991215
49	-4.36537675626
50	-12.4746875888
51	-4.44325626315
52	-4.36537675626
53	-9.15176383484
54	-4.42510598128
55	-4.83306789418
56	-13.0175269913
57	-4.44325626315
58	-4.65606306928
59	-12.1013621293
60	-4.73218991215
61	-4.39128520739
62	-6.84933448232
63	-4.44325626315
64	-4.36537675626
65	-9.39185735402
66	-4.73218991215
67	-4.36537675626
68	-11.4926226456
69	-4.90767032298
70	-4.36537675626
71	-13.1934216141
72	-4.44325626315
73	-4.36537675626
74	-10.786509195
75	-4.42510598128
76	-4.39128520739
77	-6.58029171069
78	-4.90767032298
79	-4.83306789418
80	-11.7064740107
81	-4.90767032298
82	-4.83306789418
83	-13.3384519181
84	-4.90767032298
85	-4.39128520739
86	-8.6598695494
87	-4.42510598128
88	-4.39128520739
89	-10.5955868926
90	-4.73218991215
91	-4.39128520739
92	-9.51406893968
93	-4.44325626315
94	-4.36537675626
95	-11.7271192288
96	-4.73218991215
97	-4.39128520739
98	-6.84933448232
99	-8.9965131958
100	-4.83306789418
101	-8.74451720562
102	-4.73218991215
103	-4.36537675626
104	-11.594868661
105	-10.335392412
106	-4.65606306928
107	-14.1085728859
108	-4.42510598128
109	-11.6055233467
110	-15.4937483341
111	-4.42510598128
112	-4.36537675626
113	-8.96933421718
114	-4.90767032298
115	-4.83306789418
116	-6.84933448232
117	-4.73218991215
118	-11.7934016051
119	-8.01865878483
120	-4.44325626315
121	-4.36537675626
122	-15.1264087882
123	-4.42510598128
124	-4.39128520739
125	-9.94859895635
126	-4.42510598128
127	-4.36537675626
128	-6.58029171069
129	-4.44325626315
130	-4.36537675626
131	-8.09161432195
132	-4.44325626315
133	-4.83306789418
134	-8.26100248129
135	-4.90767032298
136	-4.36537675626
137	-6.58029171069
138	-4.73218991215
139	-4.36537675626
140	-8.09161432195
141	-4.73218991215
142	-4.36537675626
143	-6.58029171069
144	-4.42510598128
145	-4.83306789418
146	-6.58029171069
147	-4.44325626315
148	-4.36537675626
149	-11.5495893605
150	-4.73218991215
151	-4.39128520739
152	-8.83576364114
153	-10.8796598444
154	-4.36537675626
155	-6.58029171069
156	-4.44325626315
157	-4.65606306928
158	-15.2403507827
159	-4.42510598128
160	-4.36537675626
161	-8.46493149529
162	-4.44325626315
163	-4.39128520739
164	-16.9029463057
165	-4.44325626315
166	-4.36537675626
167	-12.5207306141
168	-4.44325626315
169	-4.39128520739
170	-9.86471877159
171	-4.73218991215
172	-4.65606306928
173	-8.96933421718
174	-4.44325626315
175	-4.39128520739
176	-19.2887812389
177	-4.44325626315
178	-4.36537675626
179	-6.58029171069
180	-4.90767032298
181	-4.39128520739
182	-8.6598695494
183	-4.90767032298
184	-4.65606306928
185	-6.58029171069
186	-4.42510598128
187	-4.36537675626
188	-6.58029171069
189	-4.42510598128
190	-4.36537675626
191	-14.3209686372
192	-4.73218991215
193	-4.36537675626
194	-6.84933448232
195	-4.44325626315
196	-4.83306789418
197	-10.3784820549
198	-4.73218991215
199	-4.36537675626
200	-8.09161432195
201	-4.44325626315
202	-4.83306789418
203	-11.0831423961
204	-4.44325626315
205	-4.83306789418
206	-10.1654410677
207	-4.44325626315
208	-4.39128520739
209	-6.58029171069
210	-4.90767032298
211	-4.83306789418
212	-15.586360095
213	-4.42510598128
214	-4.36537675626
215	-14.1046005294
216	-4.73218991215
217	-4.65606306928
218	-13.5591848037
219	-4.42510598128
220	-4.65606306928
221	-6.58029171069
222	-4.73218991215
223	-4.36537675626
224	-12.5563539723
225	-4.44325626315
226	-4.39128520739
227	-14.6520159441
228	-4.42510598128
229	-13.9472936342
230	-9.61114293963
231	-4.44325626315
232	-4.39128520739
233	-9.30713665377
234	-4.73218991215
235	-4.39128520739
236	-8.01865878483
237	-10.1317900183
238	-4.83306789418
239	-6.58029171069
240	-4.42510598128
241	-4.83306789418
242	-8.83576364114
243	-4.73218991215
244	-4.65606306928
245	-11.7457824208
246	-4.44325626315
247	-4.83306789418
248	-7.91102989574
249	-4.42510598128
250	-4.39128520739
251	-17.5527538669
252	-4.44325626315
253	-4.65606306928
254	-12.4065691743
255	-4.44325626315
256	-4.36537675626
257	-11.2694833377
258	-4.42510598128
259	-9.7272663778
260	-8.96933421718
261	-4.90767032298
262	-4.36537675626
263	-9.28526528614
264	-4.44325626315
265	-4.65606306928
266	-11.0967003839
267	-4.44325626315
268	-4.83306789418
269	-7.91102989574
270	-10.6986028641
271	-4.39128520739
272	-19.8918849466
273	-4.90767032298
274	-4.39128520739
275	-11.5883834451
276	-4.44325626315
277	-4.39128520739
278	-10.5334416991
279	-4.42510598128
280	-10.8859687071
281	-6.84933448232
282	-14.4610880603
283	-4.36537675626
284	-6.58029171069
285	-4.73218991215
286	-4.65606306928
287	-8.06870959324
288	-4.73218991215
289	-4.36537675626
290	-13.4029684647
291	-4.42510598128
292	-4.36537675626
293	-9.30713665377
294	-4.90767032298
295	-9.54170981814
296	-8.96275875655
297	-4.44325626315
298	-4.36537675626
299	-6.84933448232
300	-4.44325626315
301	-4.39128520739
302	-6.84933448232
303	-4.73218991215
304	-4.36537675626
305	-14.2046101021
306	-4.42510598128
307	-4.36537675626
308	-6.58029171069
309	-4.42510598128
310	-4.39128520739
311	-10.9459352276
312	-4.73218991215
313	-4.65606306928
314	-10.0195355355
315	-4.73218991215
316	-4.39128520739
317	-11.5772463274
318	-4.44325626315
319	-4.39128520739
320	-11.8107627095
321	-4.44325626315
322	-14.6744066063
323	-10.3376108687
324	-4.73218991215
325	-4.65606306928
326	-8.96275875655
327	-4.44325626315
328	-4.36537675626
329	-8.96933421718
330	-4.44325626315
331	-4.65606306928
332	-6.58029171069
333	-4.73218991215
334	-4.65606306928
335	-9.31010793721
336	-4.90767032298
337	-4.36537675626
338	-12.5835011711
339	-4.44325626315
340	-10.6483363738
341	-8.01865878483
342	-4.73218991215
343	-4.39128520739
344	-11.9089049196
345	-4.42510598128
346	-4.39128520739
347	-8.09161432195
348	-4.44325626315
349	-4.36537675626
350	-10.3776804417
351	-4.44325626315
352	-4.83306789418
353	-7.95296956708
354	-4.42510598128
355	-4.36537675626
356	-8.26100248129
357	-4.44325626315
358	-4.83306789418
359	-7.91102989574
360	-4.90767032298
361	-4.36537675626
362	-8.01865878483
363	-4.90767032298
364	-4.39128520739
365	-11.253982108
366	-4.90767032298
367	-4.39128520739
368	-6.58029171069
369	-4.90767032298
370	-4.36537675626
371	-9.26920881099
372	-4.44325626315
373	-4.39128520739
374	-10.893722927
375	-4.42510598128
376	-4.65606306928
377	-10.893722927
378	-4.90767032298
379	-4.83306789418
380	-12.6637465615
381	-4.73218991215
382	-14.6744066063
383	-8.42868329759
384	-4.42510598128
385	-4.65606306928
386	-8.50115866946
387	-4.44325626315
388	-4.39128520739
389	-6.58029171069
390	-4.44325626315
391	-4.83306789418
392	-11.0909678101
393	-4.44325626315
394	-13.1471182658
395	-13.1024760125
396	-4.73218991215
397	-4.36537675626
398	-11.2931412581
399	-4.44325626315
400	-4.65606306928
401	-6.84933448232
402	-4.44325626315
403	-4.65606306928
404	-7.95296956708
405	-4.73218991215
406	-4.39128520739
407	-9.0458608351
408	-4.90767032298
409	-4.39128520739
410	-7.91102989574
411	-4.73218991215
412	-4.65606306928
413	-8.09161432195
414	-4.42510598128
415	-4.65606306928
416	-13.0061329919
417	-4.42510598128
418	-4.39128520739
419	-8.09161432195
420	-4.73218991215
421	-4.65606306928
422	-18.2735413831
423	-4.90767032298
424	-9.53213417008
425	-8.6598695494
426	-4.44325626315
427	-4.36537675626
428	-6.58029171069
429	-4.73218991215
430	-4.36537675626
431	-6.84933448232
432	-4.44325626315
433	-4.65606306928
434	-15.0000025583
435	-9.74140535167
436	-4.83306789418
437	-14.208568062
438	-4.44325626315
439	-4.39128520739
440	-6.58029171069
441	-8.95544366211
442	-4.36537675626
443	-14.0011203765
444	-4.90767032298
445	-4.36537675626
446	-6.84933448232
447	-4.42510598128
448	-4.39128520739
449	-11.3101905223
450	-4.44325626315
451	-4.36537675626
452	-16.3256268653
453	-4.42510598128
454	-4.36537675626
455	-22.8829232904
456	-4.44325626315
457	-4.83306789418
458	-12.7256439658
459	-4.90767032298
460	-4.65606306928
461	-16.116710046
462	-4.90767032298
463	-4.36537675626
464	-7.91102989574
465	-4.44325626315
466	-4.36537675626
467	-6.84933448232
468	-4.42510598128
469	-4.39128520739
470	-6.84933448232
471	-4.90767032298
472	-4.65606306928
473	-13.0203860976
474	-4.42510598128
475	-4.39128520739
476	-9.07444295232
477	-4.44325626315
478	-4.83306789418
479	-13.013713333
480	-4.44325626315
481	-4.39128520739
482	-18.5624937752
483	-4.42510598128
484	-4.65606306928
485	-8.74451720562
486	-4.90767032298
487	-4.65606306928
488	-6.84933448232
