-7.450447438315930260e-01
-5.025412067157027929e-01
-7.918502425292469615e-01
2.646055047221385514e+00
-1.498485352833439421e+00
2.139213117148370813e+00
-2.549335061400948010e-01
-1.412565918453113634e+00
-3.985063585785882712e+00
-1.401701609818074523e+01
-3.615722803584862977e+00
-3.798629703279786440e+00
-5.622627547305031115e+00
-7.192359142490675872e+00
-6.275605341093503320e+00
-4.666562953675220449e+00
-5.869215428579056315e+00
-5.373191601708766640e+00
-5.426913792152438631e+00
-7.134657374245254147e+00
