#Site	lnL	
0	-4.42510598128
1	-4.36537675626
2	-6.84933448232
3	-4.90767032298
4	-4.39128520739
5	-14.3150460112
6	-4.90767032298
7	-4.36537675626
8	-10.3181196445
9	-4.42510598128
10	-4.39128520739
11	-6.84933448232
12	-8.9922870942
13	-4.65606306928
14	-8.01865878483
15	-4.73218991215
16	-4.39128520739
17	-13.8798432804
18	-4.42510598128
19	-4.65606306928
20	-6.84933448232
21	-4.90767032298
22	-4.83306789418
23	-12.5144603209
24	-4.44325626315
25	-4.65606306928
26	-6.58029171069
27	-4.44325626315
28	-4.39128520739
29	-9.31010793721
30	-10.1249822754
31	-4.65606306928
32	-15.3389912908
33	-4.44325626315
34	-4.39128520739
35	-9.64516971584
36	-4.73218991215
37	-9.7272663778
38	-12.1971852034
39	-4.44325626315
40	-4.39128520739
41	-13.6278686247
42	-4.44325626315
43	-4.36537675626
44	-10.3181196445
45	-4.44325626315
46	-4.36537675626
47	-13.7311416782
48	-15.5313901245
49	-4.39128520739
50	-8.96933421718
51	-4.90767032298
52	-4.83306789418
53	-6.84933448232
54	-4.42510598128
55	-4.39128520739
56	-11.5630628169
57	-4.90767032298
58	-4.39128520739
59	-12.4376576145
60	-4.44325626315
61	-4.39128520739
62	-15.3196116013
63	-4.42510598128
64	-4.36537675626
65	-10.6112057387
66	-4.42510598128
67	-4.39128520739
68	-9.28526528614
69	-13.084323533
70	-4.83306789418
71	-10.3784820549
72	-4.42510598128
73	-4.36537675626
74	-13.1705988567
75	-4.42510598128
76	-4.39128520739
77	-10.3181196445
78	-4.73218991215
79	-4.65606306928
80	-9.50215551892
81	-4.44325626315
82	-4.65606306928
83	-6.58029171069
84	-4.42510598128
85	-4.65606306928
86	-9.64516971584
87	-4.90767032298
88	-4.83306789418
89	-8.31270973413
90	-4.73218991215
91	-4.36537675626
92	-8.01865878483
93	-4.42510598128
94	-4.65606306928
95	-12.6415653586
96	-4.44325626315
97	-4.83306789418
98	-6.58029171069
99	-4.44325626315
100	-4.65606306928
101	-8.09161432195
102	-4.73218991215
103	-4.39128520739
104	-9.86471877159
105	-4.44325626315
106	-4.39128520739
107	-6.58029171069
108	-4.73218991215
109	-4.83306789418
110	-10.893722927
111	-4.73218991215
112	-4.65606306928
113	-10.1643001797
114	-9.15378963107
115	-4.39128520739
116	-9.21187080261
117	-4.44325626315
118	-4.39128520739
119	-6.84933448232
120	-4.42510598128
121	-4.36537675626
122	-13.8142962823
123	-4.73218991215
124	-4.65606306928
125	-7.91102989574
126	-10.9085290939
127	-4.65606306928
128	-10.3376108687
129	-13.084323533
130	-4.65606306928
131	-7.91102989574
132	-4.44325626315
133	-11.2288115823
134	-6.84933448232
135	-4.42510598128
136	-4.39128520739
137	-6.84933448232
138	-4.42510598128
139	-4.83306789418
140	-8.90154805251
141	-4.42510598128
142	-4.83306789418
143	-6.84933448232
144	-4.44325626315
145	-4.36537675626
146	-13.0614707671
147	-4.73218991215
148	-4.36537675626
149	-8.06870959324
150	-8.78740643101
151	-4.65606306928
152	-11.3198572887
153	-8.78740643101
154	-4.39128520739
155	-11.6203283506
156	-4.42510598128
157	-4.39128520739
158	-14.0235835971
159	-4.73218991215
160	-4.39128520739
161	-6.84933448232
162	-4.73218991215
163	-4.65606306928
164	-14.41298673
165	-4.90767032298
166	-4.36537675626
167	-11.7749644711
168	-4.90767032298
169	-4.39128520739
170	-17.9831453477
171	-4.42510598128
172	-4.83306789418
173	-8.09161432195
174	-4.44325626315
175	-4.36537675626
176	-9.0458608351
177	-4.44325626315
178	-4.65606306928
179	-16.059488626
180	-4.42510598128
181	-4.65606306928
182	-6.58029171069
183	-4.90767032298
184	-4.36537675626
185	-11.6313200391
186	-4.73218991215
187	-4.65606306928
188	-6.58029171069
189	-4.42510598128
190	-4.65606306928
191	-11.5741626862
192	-4.73218991215
193	-4.83306789418
194	-14.4046445655
195	-4.44325626315
196	-4.83306789418
197	-10.6411409518
198	-4.90767032298
199	-4.65606306928
200	-15.8645053089
201	-9.77561438493
202	-4.39128520739
203	-13.2061771608
204	-4.90767032298
205	-4.39128520739
206	-11.7222384089
207	-4.42510598128
208	-4.36537675626
209	-6.58029171069
210	-4.90767032298
211	-4.83306789418
212	-8.01865878483
213	-4.73218991215
214	-4.83306789418
215	-12.7466204917
216	-4.44325626315
217	-4.65606306928
218	-16.2508034915
219	-4.90767032298
220	-12.4588165332
221	-12.1192156997
222	-4.44325626315
223	-4.39128520739
224	-13.9341185627
225	-10.2298785771
226	-4.39128520739
227	-8.83576364114
228	-4.42510598128
229	-4.65606306928
230	-11.704590732
231	-4.90767032298
232	-4.65606306928
233	-6.84933448232
234	-4.44325626315
235	-4.36537675626
236	-8.83576364114
237	-4.42510598128
238	-4.36537675626
239	-10.3978268474
240	-4.73218991215
241	-9.754778137
242	-12.711551817
243	-4.73218991215
244	-10.8211356712
245	-10.5645509565
246	-4.42510598128
247	-4.36537675626
248	-11.1900670132
249	-4.73218991215
250	-4.83306789418
251	-8.42868329759
252	-4.73218991215
253	-4.83306789418
254	-12.7747065077
255	-4.90767032298
256	-4.83306789418
257	-9.61114293963
258	-4.73218991215
259	-4.39128520739
260	-6.84933448232
261	-4.73218991215
262	-4.39128520739
263	-8.20605682807
264	-4.44325626315
265	-4.39128520739
266	-6.58029171069
267	-4.42510598128
268	-4.65606306928
269	-11.5449846524
270	-4.44325626315
271	-4.83306789418
272	-11.0327195573
273	-4.42510598128
274	-4.36537675626
275	-10.1650666079
276	-4.42510598128
277	-4.39128520739
278	-11.4349736674
279	-4.73218991215
280	-4.65606306928
281	-6.84933448232
282	-4.42510598128
283	-4.39128520739
284	-8.74451720562
285	-4.73218991215
286	-4.39128520739
287	-10.6771587484
288	-4.73218991215
289	-4.39128520739
290	-10.786509195
291	-4.73218991215
292	-4.36537675626
293	-13.5200560618
294	-4.44325626315
295	-4.36537675626
296	-8.42868329759
297	-4.42510598128
298	-4.36537675626
299	-13.0979011616
300	-4.44325626315
301	-4.39128520739
302	-8.09161432195
303	-4.42510598128
304	-4.36537675626
305	-10.201034251
306	-4.42510598128
307	-4.36537675626
308	-8.42868329759
309	-4.44325626315
310	-4.65606306928
311	-8.46493149529
312	-4.44325626315
313	-4.65606306928
314	-8.09161432195
315	-4.73218991215
316	-4.36537675626
317	-14.8237970367
318	-16.8629889375
319	-4.65606306928
320	-6.58029171069
321	-4.44325626315
322	-4.36537675626
323	-10.7365374231
324	-4.42510598128
325	-4.39128520739
326	-9.70674730402
327	-4.90767032298
328	-4.65606306928
329	-9.18364854583
330	-4.44325626315
331	-4.83306789418
332	-9.31010793721
333	-4.73218991215
334	-4.83306789418
335	-8.83576364114
336	-4.44325626315
337	-4.39128520739
338	-9.64516971584
339	-9.15378963107
340	-4.36537675626
341	-11.3991969381
342	-4.42510598128
343	-4.65606306928
344	-8.01865878483
345	-4.90767032298
346	-4.83306789418
347	-10.6827828296
348	-4.90767032298
349	-4.36537675626
350	-8.09161432195
351	-4.44325626315
352	-4.36537675626
353	-11.6462404494
354	-4.42510598128
355	-4.36537675626
356	-11.378028357
357	-4.42510598128
358	-4.65606306928
359	-10.1059422062
360	-4.90767032298
361	-4.39128520739
362	-8.06870959324
363	-4.90767032298
364	-4.39128520739
365	-6.84933448232
366	-4.44325626315
367	-4.83306789418
368	-13.9292814402
369	-4.42510598128
370	-10.5297051458
371	-9.29559713543
372	-4.42510598128
373	-4.36537675626
374	-8.09161432195
375	-4.73218991215
376	-4.65606306928
377	-9.18364854583
378	-4.73218991215
379	-4.83306789418
380	-14.0911343803
381	-10.0970412821
382	-4.83306789418
383	-6.58029171069
384	-8.95544366211
385	-4.83306789418
386	-11.5772463274
387	-4.42510598128
388	-4.39128520739
389	-12.9369804516
390	-4.42510598128
391	-4.36537675626
392	-10.8019625263
393	-4.90767032298
394	-4.36537675626
395	-10.7187710663
396	-4.90767032298
397	-4.65606306928
398	-13.9533982381
399	-4.44325626315
400	-4.83306789418
401	-7.91102989574
402	-4.73218991215
403	-4.39128520739
404	-8.09161432195
405	-4.90767032298
406	-4.36537675626
407	-11.9308152469
408	-4.44325626315
409	-4.83306789418
410	-9.61114293963
411	-4.44325626315
412	-4.39128520739
413	-8.05172495307
414	-4.42510598128
415	-4.39128520739
416	-16.7222814861
417	-4.42510598128
418	-4.39128520739
419	-9.3518145439
420	-4.42510598128
421	-4.39128520739
422	-10.8918665658
423	-4.42510598128
424	-4.83306789418
425	-7.95296956708
426	-4.73218991215
427	-4.83306789418
428	-9.07444295232
429	-4.73218991215
430	-4.83306789418
431	-11.3379475231
432	-4.42510598128
433	-4.36537675626
434	-13.9292814402
435	-12.7296296033
436	-4.39128520739
437	-8.46493149529
438	-4.44325626315
439	-4.65606306928
440	-9.81874150797
441	-4.42510598128
442	-4.36537675626
443	-12.1373389444
444	-4.44325626315
445	-4.36537675626
446	-8.09161432195
447	-4.44325626315
448	-9.7272663778
449	-6.84933448232
450	-4.90767032298
451	-4.65606306928
452	-10.1643001797
453	-4.44325626315
454	-4.65606306928
455	-6.58029171069
456	-4.42510598128
457	-4.36537675626
458	-9.26920881099
459	-4.90767032298
460	-4.39128520739
461	-6.58029171069
462	-4.44325626315
463	-4.36537675626
464	-9.21187080261
465	-4.90767032298
466	-4.36537675626
467	-11.3846840427
468	-4.44325626315
469	-4.65606306928
470	-6.84933448232
471	-4.90767032298
472	-4.36537675626
473	-6.58029171069
474	-4.42510598128
475	-4.83306789418
476	-11.7579919025
477	-4.42510598128
478	-4.65606306928
479	-19.1854423965
480	-4.44325626315
481	-4.65606306928
482	-10.5119426421
483	-4.42510598128
484	-4.83306789418
485	-9.27437356209
486	-4.42510598128
487	-4.39128520739
488	-6.58029171069
