#Site	lnL	
0	-4.24348020306
1	-5.85279726622
2	-14.6616004234
3	-4.12734552436
4	-17.4793303754
5	-14.3308739949
6	-8.49543768533
7	-4.42427709521
8	-9.56735915516
9	-18.1883973473
10	-8.06099230501
11	-11.2548403803
12	-20.6330474335
13	-7.86371999575
14	-5.85279726622
15	-8.04808796182
16	-10.1116721403
17	-13.9224725747
18	-11.3116309795
19	-7.78844054513
20	-11.4195837575
21	-9.15240333415
22	-4.24348020306
23	-7.26716692316
24	-15.191586822
25	-8.68890688119
26	-13.2066041867
27	-4.77739587227
28	-9.03962983576
29	-7.41649960752
30	-12.9755668966
31	-9.3391768934
32	-4.42427709521
33	-13.2076249041
34	-5.7016658918
35	-8.46063168126
36	-4.9294808815
37	-12.6981633785
38	-13.3938818973
39	-16.8348038519
40	-8.08060211284
41	-7.33001634018
42	-8.96902955438
43	-11.3662230054
44	-8.26592109306
45	-11.3966274253
46	-9.14455668916
47	-10.4350538286
48	-7.86371999575
49	-13.0979851605
50	-8.35543929702
51	-6.08485557172
52	-15.2334678373
53	-12.4773931752
54	-16.1521065731
55	-8.24582459025
56	-7.57323128381
57	-12.2690462095
58	-9.07228416975
59	-14.8358001851
60	-7.63633281884
61	-13.7260702655
62	-10.8489954026
63	-4.77739587227
64	-9.15687474279
65	-14.5087582946
66	-6.07721975211
67	-13.4440939216
68	-7.78658823421
69	-6.84327476733
70	-9.12480770154
71	-17.592474215
72	-8.86019840121
73	-13.0524604549
74	-13.6993458258
75	-8.01271198652
76	-12.8500292508
77	-12.2105557891
78	-10.3149098605
79	-16.4013558952
80	-5.15426240616
81	-4.12734552436
82	-7.69641896758
83	-22.3376575689
84	-10.9308211986
85	-13.1148021262
86	-5.25910778875
87	-20.2260902406
88	-10.6995165293
89	-5.59683714099
90	-6.52865908761
91	-7.99888863092
92	-10.0583610906
93	-11.4339763298
94	-11.394135833
95	-8.59180799285
96	-15.7637952522
97	-5.10958456888
98	-10.5801965964
99	-23.9069584343
100	-6.42371260868
101	-8.08744740745
102	-4.12734552436
103	-20.2531129325
104	-8.00416156502
105	-11.6771926851
106	-14.3486481409
107	-14.3901580691
108	-8.267669772
109	-8.94626716414
110	-5.15426250227
111	-11.6038875881
112	-22.0290073627
113	-12.8103844325
114	-12.4371094184
115	-16.9068074442
116	-5.54468634284
117	-8.35543929702
118	-4.77739587227
119	-17.385030022
120	-24.7128788227
121	-14.8971147215
122	-9.6673318956
123	-9.27374588101
124	-8.83099244074
125	-19.4809647523
126	-6.07194943949
127	-4.24348020306
128	-14.5042444417
129	-8.43628710616
130	-19.227142607
131	-4.12734552436
132	-10.2449890989
133	-22.5064743863
134	-22.5536364909
135	-20.376223879
136	-11.3412522182
137	-5.99849443536
138	-7.36710792415
139	-18.2561629067
140	-7.9883104759
141	-11.2157091121
142	-12.4147215096
143	-11.1229356779
144	-15.1351054233
145	-11.4701944564
146	-4.9294808815
147	-5.15426250227
148	-7.49262598319
149	-14.6809640624
150	-15.8846162383
151	-16.0227136622
152	-7.76141178203
153	-11.1019621906
154	-5.33435939003
155	-15.0426740693
156	-8.31231279089
157	-8.85471562846
158	-17.7460858605
159	-5.62803656995
160	-13.5063162046
161	-5.97462570241
162	-12.4308460152
