#Site	lnL	
0	-1.63233682344
1	-1.30294414027
2	-4.44828094733
3	-1.32917736844
4	-1.74181820164
5	-3.48866766592
6	-1.34919260971
7	-9.6096265798
8	-7.7316070236
9	-1.32917736844
10	-1.56460852976
11	-3.48866766592
12	-1.32917736844
13	-1.30294414027
14	-3.25210804356
15	-1.34919260971
16	-1.27603031816
17	-3.48866766592
18	-1.34919260971
19	-1.30294414027
20	-8.74293608103
21	-7.07586931358
22	-1.27603031816
23	-7.23946350992
24	-1.34919260971
25	-1.27603031816
26	-3.48866766592
27	-1.63233682344
28	-1.56460852976
29	-11.0721171187
30	-1.32917736844
31	-1.74181820164
32	-3.25210804356
33	-1.32917736844
34	-1.27603031816
35	-7.92091866972
36	-1.34919260971
37	-1.30294414027
38	-7.61155381022
39	-1.34919260971
40	-1.27603031816
41	-9.98697280625
42	-1.32917736844
43	-1.27603031816
44	-5.6332901417
45	-1.80819340088
46	-1.27603031816
47	-7.96687495156
48	-1.80819340088
49	-1.74181820164
50	-10.6645983636
51	-1.32917736844
52	-1.27603031816
53	-8.64951604157
54	-1.34919260971
55	-1.74181820164
56	-10.104522882
57	-1.34919260971
58	-1.74181820164
59	-6.78719120711
60	-1.80819340088
61	-1.27603031816
62	-5.80124128525
63	-1.34919260971
64	-1.27603031816
65	-11.2966811497
66	-1.34919260971
67	-1.56460852976
68	-7.5410158563
69	-1.63233682344
70	-1.74181820164
71	-8.21750067844
72	-1.34919260971
73	-1.30294414027
74	-9.70525838555
75	-1.63233682344
76	-1.27603031816
77	-3.48866766592
78	-1.80819340088
79	-1.27603031816
80	-3.48866766592
81	-1.80819340088
82	-1.30294414027
83	-6.06382570318
84	-1.32917736844
85	-1.30294414027
86	-8.07082949089
87	-1.63233682344
88	-1.30294414027
89	-4.62238671366
90	-1.32917736844
91	-1.30294414027
92	-10.950242935
93	-1.32917736844
94	-1.30294414027
95	-8.356091543
96	-1.32917736844
97	-1.27603031816
98	-10.2087697957
99	-1.34919260971
100	-1.56460852976
101	-3.25210804356
102	-1.34919260971
103	-1.27603031816
104	-7.10627730932
105	-1.34919260971
106	-1.27603031816
107	-8.356091543
108	-1.63233682344
109	-1.27603031816
110	-3.25210804356
111	-1.32917736844
112	-1.30294414027
113	-5.6332901417
114	-9.45044185468
115	-1.74181820164
116	-3.48866766592
117	-1.63233682344
118	-1.74181820164
119	-4.99061718174
120	-1.63233682344
121	-1.74181820164
122	-4.44828094733
123	-1.63233682344
124	-1.74181820164
125	-3.48866766592
126	-1.32917736844
127	-1.27603031816
128	-3.48866766592
129	-1.63233682344
130	-1.30294414027
131	-11.5433455894
132	-1.80819340088
133	-1.27603031816
134	-6.05117315627
135	-1.34919260971
136	-1.27603031816
137	-4.44828094733
138	-1.32917736844
139	-1.30294414027
140	-7.39820884781
141	-1.63233682344
142	-1.30294414027
143	-8.050372388
144	-8.85125414281
145	-1.30294414027
146	-3.48866766592
147	-1.32917736844
148	-1.30294414027
149	-6.06382570318
150	-1.80819340088
151	-1.30294414027
152	-3.25210804356
153	-1.34919260971
154	-1.30294414027
155	-9.17736431286
156	-10.7359148162
157	-1.27603031816
158	-4.44828094733
159	-1.63233682344
160	-1.30294414027
161	-8.69706377438
162	-1.32917736844
163	-1.30294414027
164	-3.25210804356
165	-1.34919260971
166	-1.27603031816
167	-4.80077544337
168	-1.32917736844
169	-1.74181820164
170	-4.80077544337
171	-1.34919260971
172	-1.56460852976
173	-9.4598601074
174	-8.64031057048
175	-1.27603031816
176	-3.25210804356
177	-1.34919260971
178	-1.27603031816
179	-3.48866766592
180	-7.10807098931
181	-1.27603031816
182	-5.79740280565
183	-8.64031057048
184	-1.56460852976
185	-4.94623022235
186	-1.32917736844
187	-1.30294414027
188	-9.24542002608
189	-1.32917736844
190	-1.30294414027
191	-3.48866766592
192	-1.34919260971
193	-1.74181820164
194	-3.25210804356
195	-1.80819340088
196	-1.30294414027
197	-6.97124596649
198	-1.32917736844
199	-1.30294414027
200	-9.03558726409
201	-1.32917736844
202	-1.74181820164
203	-10.2325421581
204	-1.32917736844
205	-1.27603031816
206	-5.31258705791
207	-1.63233682344
208	-1.74181820164
209	-3.48866766592
210	-1.80819340088
211	-1.56460852976
212	-4.44828094733
213	-1.80819340088
214	-1.30294414027
215	-3.25210804356
216	-1.80819340088
217	-1.56460852976
218	-4.44828094733
219	-1.34919260971
220	-1.56460852976
221	-9.0376240855
222	-9.35463542333
223	-12.8806622423
224	-10.7536617455
225	-9.17894151142
226	-1.74181820164
227	-5.6332901417
228	-1.80819340088
229	-1.30294414027
230	-5.71312658688
231	-1.34919260971
232	-1.27603031816
233	-6.11719782087
234	-1.32917736844
235	-1.30294414027
236	-5.74958998191
237	-1.34919260971
238	-1.30294414027
239	-10.6468083512
240	-8.68888685398
241	-1.30294414027
242	-5.74958998191
243	-1.32917736844
244	-1.74181820164
245	-8.42365975521
246	-1.63233682344
247	-1.30294414027
248	-9.34439450298
249	-1.63233682344
250	-1.27603031816
251	-9.07198519779
252	-1.80819340088
253	-1.30294414027
254	-4.94623022235
255	-1.63233682344
256	-1.56460852976
257	-10.4827653703
258	-1.32917736844
259	-1.74181820164
260	-10.6052122374
261	-1.32917736844
262	-1.30294414027
263	-3.25210804356
264	-1.80819340088
265	-1.56460852976
266	-3.25210804356
267	-1.63233682344
268	-1.56460852976
269	-6.98960806132
270	-1.63233682344
271	-1.30294414027
272	-4.99061718174
273	-1.80819340088
274	-1.30294414027
275	-4.62238671366
276	-1.32917736844
277	-1.56460852976
278	-4.77716127787
279	-1.63233682344
280	-1.27603031816
281	-7.88035192735
282	-1.32917736844
283	-1.56460852976
284	-8.38593639357
285	-1.34919260971
286	-1.30294414027
287	-12.4762467291
288	-1.80819340088
289	-1.27603031816
290	-12.786163266
291	-1.34919260971
292	-1.27603031816
293	-7.85200177083
294	-1.63233682344
295	-1.56460852976
296	-5.6332901417
297	-1.63233682344
298	-1.74181820164
299	-10.4780624581
300	-1.80819340088
301	-1.56460852976
302	-9.29369848635
303	-1.32917736844
304	-7.65591073703
305	-4.44828094733
306	-1.63233682344
307	-1.56460852976
308	-7.64926188826
309	-1.34919260971
310	-1.74181820164
311	-5.43484685793
312	-1.34919260971
313	-1.27603031816
314	-3.48866766592
315	-6.24246833565
316	-1.30294414027
317	-4.77716127787
318	-1.34919260971
319	-1.74181820164
320	-8.37532554907
321	-1.34919260971
322	-1.27603031816
323	-7.23120114142
324	-1.32917736844
325	-1.30294414027
326	-3.25210804356
327	-1.63233682344
328	-1.56460852976
329	-3.25210804356
330	-1.34919260971
331	-1.30294414027
332	-4.62238671366
333	-1.34919260971
334	-1.74181820164
335	-3.48866766592
336	-1.34919260971
337	-9.00037158137
338	-4.94623022235
339	-1.80819340088
340	-1.30294414027
341	-8.6599042339
342	-6.20190368333
343	-1.30294414027
344	-3.25210804356
345	-1.63233682344
346	-1.74181820164
347	-6.99792857802
348	-1.80819340088
349	-1.56460852976
350	-4.44828094733
351	-1.80819340088
352	-1.74181820164
353	-9.94349563115
354	-1.32917736844
355	-1.56460852976
356	-3.48866766592
357	-1.63233682344
358	-1.74181820164
359	-5.25688296844
360	-1.63233682344
361	-1.27603031816
362	-10.6407185945
363	-1.80819340088
364	-1.27603031816
365	-8.25013888694
366	-1.63233682344
367	-1.30294414027
368	-3.48866766592
369	-1.32917736844
370	-1.27603031816
371	-14.8109720566
372	-1.34919260971
373	-1.30294414027
374	-4.44828094733
375	-1.34919260971
376	-1.56460852976
377	-7.63198182992
378	-1.34919260971
379	-1.56460852976
380	-6.99377578684
381	-1.34919260971
382	-1.30294414027
383	-3.48866766592
384	-1.80819340088
385	-1.56460852976
386	-3.48866766592
387	-1.32917736844
388	-1.74181820164
389	-6.05117315627
390	-6.63893127573
391	-1.74181820164
392	-3.25210804356
393	-1.32917736844
394	-1.74181820164
395	-10.0433265225
396	-1.32917736844
397	-1.27603031816
398	-3.25210804356
399	-1.63233682344
400	-1.30294414027
401	-4.62238671366
402	-1.63233682344
403	-1.74181820164
404	-3.48866766592
405	-1.32917736844
406	-1.74181820164
407	-12.5747788131
408	-6.20877500182
409	-6.79750827455
410	-7.74289685947
411	-1.34919260971
412	-1.30294414027
413	-4.44828094733
414	-1.34919260971
415	-1.30294414027
416	-3.48866766592
417	-1.80819340088
418	-1.56460852976
419	-8.02712775261
420	-6.24246833565
421	-1.30294414027
422	-5.21647326258
423	-1.34919260971
424	-1.56460852976
425	-7.20897079947
426	-1.34919260971
427	-1.27603031816
428	-4.77716127787
429	-1.32917736844
430	-1.30294414027
431	-7.83207832957
432	-1.63233682344
433	-1.74181820164
434	-4.44828094733
435	-1.80819340088
436	-1.27603031816
437	-6.99377578684
438	-1.80819340088
439	-1.30294414027
440	-3.48866766592
441	-1.80819340088
442	-1.74181820164
443	-8.89683105022
444	-1.80819340088
445	-1.30294414027
446	-3.48866766592
447	-1.32917736844
448	-1.74181820164
449	-6.82332045795
450	-10.2509768492
451	-1.27603031816
452	-7.91186523937
453	-6.20190368333
454	-1.27603031816
455	-11.5318306938
456	-8.13039850265
457	-1.27603031816
458	-7.7943386752
459	-1.63233682344
460	-1.30294414027
461	-5.84117793869
462	-1.80819340088
463	-1.30294414027
464	-8.66181841213
465	-1.32917736844
466	-12.2770599202
467	-3.25210804356
468	-1.32917736844
469	-1.56460852976
470	-11.6251414368
471	-1.32917736844
472	-1.56460852976
473	-8.38555072914
474	-1.32917736844
475	-1.27603031816
476	-3.25210804356
477	-9.24240838646
478	-1.30294414027
479	-8.3559291645
480	-6.76244056213
481	-1.27603031816
482	-4.99061718174
483	-1.63233682344
484	-1.30294414027
485	-3.48866766592
486	-1.80819340088
487	-1.74181820164
488	-7.00790805624
