#Site	lnL	
0	-1.29752896956
1	-1.38002959086
2	-7.74018512096
3	-1.29752896956
4	-1.69529692243
5	-9.0813078144
6	-1.78261472998
7	-1.38002959086
8	-13.5071294173
9	-10.1127621817
10	-1.23742867174
11	-10.3746750293
12	-1.29752896956
13	-1.23742867174
14	-21.6069731649
15	-5.42490875212
16	-1.38002959086
17	-8.14759039758
18	-1.43978575765
19	-1.70474031467
20	-10.048829487
21	-1.43978575765
22	-1.70474031467
23	-1.16521273725
24	-1.29752896956
25	-1.69529692243
26	-7.57519520211
27	-1.29752896956
28	-1.70474031467
29	-9.3343921079
30	-1.78261472998
31	-1.69529692243
32	-1.16521273725
33	-1.78261472998
34	-1.69529692243
35	-13.5071294173
36	-1.29752896956
37	-1.70474031467
38	-14.1058297723
39	-1.43978575765
40	-1.38002959086
41	-22.1098422781
42	-1.29752896956
43	-1.23742867174
44	-16.7986178623
45	-1.43978575765
46	-1.38002959086
47	-10.048829487
48	-1.78306702274
49	-7.48767696675
50	-14.69119939
51	-1.78306702274
52	-1.38002959086
53	-1.30830725664
54	-1.43978575765
55	-1.70474031467
56	-1.30830725664
57	-1.29752896956
58	-1.38002959086
59	-7.57216524057
60	-1.78261472998
61	-1.69529692243
62	-20.9977332512
63	-1.43978575765
64	-1.69529692243
65	-15.6170492514
66	-5.71775853974
67	-1.70474031467
68	-11.1895750172
69	-1.29752896956
70	-1.70474031467
71	-7.57216524057
72	-1.29752896956
73	-1.23742867174
74	-8.96615684704
75	-1.43978575765
76	-1.70474031467
77	-16.4810886403
78	-1.43978575765
79	-1.69529692243
80	-1.16521273725
81	-1.78261472998
82	-1.70474031467
83	-7.59770170695
84	-1.78306702274
85	-1.23742867174
86	-13.1623086989
87	-1.43978575765
88	-1.23742867174
89	-1.30830725664
90	-1.78306702274
91	-1.69529692243
92	-7.76724295253
93	-1.29752896956
94	-1.38002959086
95	-8.14415784853
96	-1.78261472998
97	-1.23742867174
98	-14.7351675681
99	-1.78261472998
100	-1.38002959086
101	-14.8142183828
102	-1.29752896956
103	-1.38002959086
104	-8.96063053407
105	-1.78261472998
106	-8.19757700283
107	-7.73820116767
108	-1.78306702274
109	-1.69529692243
110	-14.8807533737
111	-1.29752896956
112	-1.70474031467
113	-7.73820116767
114	-5.65681179086
115	-1.70474031467
116	-12.3780820397
117	-1.43978575765
118	-1.69529692243
119	-1.5900833204
120	-1.78306702274
121	-1.23742867174
122	-14.0551936607
123	-1.29752896956
124	-1.23742867174
125	-25.2829663163
126	-6.65878016429
127	-1.70474031467
128	-8.14415784853
129	-1.43978575765
130	-1.69529692243
131	-7.59770170695
132	-6.70438767829
133	-1.38002959086
134	-7.98297001951
135	-1.43978575765
136	-1.70474031467
137	-13.1623086989
138	-1.29752896956
139	-1.70474031467
140	-1.61141161887
141	-1.43978575765
142	-1.23742867174
143	-7.59770170695
144	-5.42490875212
145	-1.70474031467
146	-1.30830725664
147	-1.29752896956
148	-1.69529692243
149	-11.8079942144
150	-1.78261472998
151	-1.38002959086
152	-21.1321161842
153	-1.43978575765
154	-1.23742867174
155	-1.30830725664
156	-5.8616896462
157	-1.69529692243
158	-16.0761896392
159	-1.29752896956
160	-1.69529692243
161	-7.97772771029
162	-1.78261472998
163	-1.38002959086
164	-8.96063053407
165	-6.70438767829
166	-1.23742867174
167	-17.1737670688
168	-1.43978575765
169	-1.23742867174
170	-1.16521273725
171	-1.29752896956
172	-1.38002959086
173	-18.5137109147
174	-1.43978575765
175	-1.23742867174
176	-1.30830725664
177	-1.78261472998
178	-1.23742867174
179	-13.8045519411
180	-1.43978575765
181	-1.69529692243
182	-16.4501116285
183	-1.29752896956
184	-1.69529692243
185	-20.819309836
186	-1.78306702274
187	-1.23742867174
188	-21.2909422095
189	-6.80550989209
190	-1.38002959086
191	-10.4501530141
192	-7.63467000013
193	-1.23742867174
194	-1.61141161887
195	-1.43978575765
196	-1.23742867174
197	-25.4754912776
198	-1.78261472998
199	-1.69529692243
200	-1.30830725664
201	-1.29752896956
202	-1.38002959086
203	-17.4503613198
204	-1.78306702274
205	-1.38002959086
206	-7.73820116767
207	-1.78261472998
208	-1.38002959086
209	-14.7034231066
210	-1.29752896956
211	-1.23742867174
212	-10.4561548269
213	-1.78261472998
214	-1.23742867174
215	-7.60258147992
216	-1.78306702274
217	-1.38002959086
218	-13.8045519411
219	-1.43978575765
220	-1.23742867174
221	-8.14415784853
222	-6.84756646907
223	-1.38002959086
224	-1.16521273725
225	-1.29752896956
226	-1.70474031467
227	-1.16521273725
228	-8.12301647165
229	-5.9141684341
230	-9.0813078144
231	-5.29976359986
232	-1.38002959086
233	-10.2606730832
234	-1.29752896956
235	-1.69529692243
236	-24.6022035965
237	-1.29752896956
238	-1.23742867174
239	-1.16521273725
240	-1.78306702274
241	-1.38002959086
242	-1.16521273725
243	-1.29752896956
244	-5.7916524927
245	-9.4989353917
246	-1.29752896956
247	-5.9141684341
248	-9.08491109732
249	-1.78306702274
250	-1.69529692243
251	-20.0405424815
252	-1.78306702274
253	-1.69529692243
254	-7.57519520211
255	-1.78261472998
256	-1.23742867174
257	-1.30830725664
258	-1.29752896956
259	-1.23742867174
260	-15.6210291944
261	-7.00867663563
262	-1.70474031467
263	-14.9786550065
264	-1.43978575765
265	-1.70474031467
266	-7.97772771029
267	-5.71775853974
268	-5.7916524927
269	-16.5820809648
270	-1.78261472998
271	-1.69529692243
272	-9.62351441859
273	-1.78306702274
274	-1.23742867174
275	-1.30830725664
276	-1.78261472998
277	-1.23742867174
278	-14.3076241219
279	-1.78306702274
280	-1.23742867174
281	-14.4889968319
282	-1.78261472998
283	-1.38002959086
284	-7.97772771029
285	-1.29752896956
286	-1.23742867174
287	-12.6571841489
288	-1.29752896956
289	-1.38002959086
290	-7.57216524057
291	-5.71775853974
292	-1.70474031467
293	-28.0335764351
294	-1.78306702274
295	-5.73780224261
296	-7.57216524057
297	-1.29752896956
298	-1.69529692243
299	-9.12709392164
300	-1.29752896956
301	-1.70474031467
302	-10.6168038961
303	-1.43978575765
304	-1.38002959086
305	-10.3746750293
306	-1.78306702274
307	-1.38002959086
308	-15.3590435255
309	-1.43978575765
310	-1.38002959086
311	-9.62351441859
312	-1.43978575765
313	-1.38002959086
314	-7.73820116767
315	-1.78261472998
316	-5.9452544203
317	-1.61141161887
318	-1.78261472998
319	-7.7935163783
320	-1.30830725664
321	-1.78261472998
322	-1.69529692243
323	-1.16521273725
324	-1.78306702274
325	-14.9088106749
326	-7.98297001951
327	-1.43978575765
328	-1.23742867174
329	-26.2719117844
330	-1.78261472998
331	-1.69529692243
332	-7.98297001951
333	-1.29752896956
334	-1.69529692243
335	-13.8588753231
336	-1.43978575765
337	-1.23742867174
338	-13.9850598886
339	-1.78306702274
340	-1.38002959086
341	-9.3343921079
342	-1.43978575765
343	-1.69529692243
344	-10.4719574058
345	-7.48273430851
346	-1.70474031467
347	-11.1857931867
348	-7.71024668054
349	-1.23742867174
350	-16.8633742062
351	-1.78261472998
352	-1.69529692243
353	-13.5071294173
354	-1.78261472998
355	-1.69529692243
356	-12.9227592721
357	-1.78261472998
358	-6.30176488148
359	-1.5900833204
360	-1.29752896956
361	-1.38002959086
362	-7.73820116767
363	-6.80197297435
364	-1.23742867174
365	-7.76404780508
366	-1.43978575765
367	-1.23742867174
368	-7.57519520211
369	-7.21645773764
370	-1.70474031467
371	-1.30830725664
372	-1.29752896956
373	-1.38002959086
374	-22.4547559795
375	-1.43978575765
376	-1.70474031467
377	-1.16521273725
378	-1.43978575765
379	-6.13616788516
380	-21.3220106077
381	-1.43978575765
382	-1.69529692243
383	-1.61141161887
384	-1.29752896956
385	-1.70474031467
386	-7.57519520211
387	-1.78306702274
388	-1.69529692243
389	-14.5711345312
390	-1.29752896956
391	-1.70474031467
392	-1.16521273725
393	-1.29752896956
394	-1.23742867174
395	-1.16521273725
396	-1.29752896956
397	-1.38002959086
398	-9.45411113578
399	-1.78306702274
400	-1.69529692243
401	-26.522578761
402	-6.65878016429
403	-8.93009030157
404	-15.9629445135
405	-1.43978575765
406	-1.38002959086
407	-10.8805417361
408	-1.29752896956
409	-1.70474031467
410	-1.61141161887
411	-1.78261472998
412	-1.23742867174
413	-14.2501614852
414	-6.65878016429
415	-1.70474031467
416	-31.9042182342
417	-1.78261472998
418	-1.69529692243
419	-1.61141161887
420	-7.73709348499
421	-1.23742867174
422	-7.76404780508
423	-1.29752896956
424	-1.70474031467
425	-1.30830725664
426	-1.43978575765
427	-1.23742867174
428	-10.0890404697
429	-1.43978575765
430	-1.23742867174
431	-18.8153501642
432	-7.07342156413
433	-1.23742867174
434	-1.30830725664
435	-1.78261472998
436	-1.23742867174
437	-11.9331446164
438	-1.43978575765
439	-1.70474031467
440	-16.4842416417
441	-1.43978575765
442	-1.70474031467
443	-11.6968245836
444	-1.29752896956
445	-1.38002959086
446	-16.8395560758
447	-1.29752896956
448	-1.69529692243
449	-7.73820116767
450	-1.78306702274
451	-1.70474031467
452	-21.6552066408
453	-6.65878016429
454	-1.23742867174
455	-1.30830725664
456	-1.78261472998
457	-1.69529692243
458	-27.4601362871
459	-1.43978575765
460	-9.02705190203
461	-1.5900833204
462	-1.29752896956
463	-1.23742867174
464	-1.16521273725
465	-1.29752896956
466	-1.23742867174
467	-7.73820116767
468	-1.78261472998
469	-1.69529692243
470	-1.16521273725
471	-1.78261472998
472	-1.69529692243
473	-24.1289837931
474	-1.78261472998
475	-1.38002959086
476	-1.16521273725
477	-1.78306702274
478	-1.23742867174
479	-7.97772771029
480	-1.43978575765
481	-1.23742867174
482	-12.8028521558
483	-1.29752896956
484	-1.70474031467
485	-21.0318574527
486	-1.43978575765
487	-5.90072070806
488	-14.5648594669
