# log_p 	 lnL 	 
0.0	-1756.41363733	
-0.287682072452	-1756.24798096	
-0.510825623766	-1756.06320063	
-0.69314718056	-1755.8674943	
-0.847297860387	-1755.66513722	
-0.980829253012	-1755.45804797	
-1.09861228867	-1755.24716918	
-1.20397280433	-1755.03326207	
-1.29928298413	-1754.81719917	
-1.38629436112	-1754.59999168	
-1.46633706879	-1754.38271787	
-1.54044504095	-1754.16643808	
-1.60943791243	-1753.95213058	
-1.67397643357	-1753.74065517	
-1.73460105539	-1753.5327396	
-1.79175946923	-1753.32898032	
-1.8458266905	-1753.12985101	
-1.89711998489	-1752.93571392	
-1.94591014906	-1752.74683198	
-1.99243016469	-1752.56338053	
-2.03688192726	-1752.38545848	
-2.07944154168	-1752.21309889	
-2.1202635362	-1752.04627889	
-2.15948424935	-1751.88492907	
-2.19722457734	-1751.72894215	
-2.23359222151	-1751.57818088	
-2.26868354132	-1751.43248509	
-2.30258509299	-1751.29167798	
-2.33537491582	-1751.15557141	
-2.36712361413	-1751.02397049	
-2.3978952728	-1750.89667733	
-2.42774823595	-1750.77349408	
-2.45673577282	-1750.65422542	
-2.48490664979	-1750.53868044	
-2.51230562398	-1750.42667407	
-2.53897387106	-1750.31802818	
-2.56494935746	-1750.21257225	
-2.59026716545	-1750.11014387	
-2.61495977804	-1750.01058896	
-2.63905732962	-1749.91376189	
-2.66258782703	-1749.81952538	
-2.68557734525	-1749.72775037	
-2.7080502011	-1749.63831577	
-2.73002910782	-1749.55110815	
-2.75153531304	-1749.46602146	
-2.77258872224	-1749.38295659	
-2.79320800944	-1749.30182107	
-2.81341071676	-1749.22252864	
-2.83321334406	-1749.1449989	
-2.85263142991	-1749.06915689	
-2.87167962488	-1748.9949328	
-2.8903717579	-1748.92226153	
-2.90872089656	-1748.85108242	
-2.92673940207	-1748.78133891	
-2.94443897917	-1748.71297821	
-2.96183072188	-1748.64595103	
-2.97892515524	-1748.58021133	
-2.99573227355	-1748.51571603	
-3.01226157551	-1748.45242481	
-3.02852209638	-1748.39029987	
-3.04452243772	-1748.32930571	
-3.06027079469	-1748.26940901	
-3.07577498123	-1748.21057836	
-3.09104245336	-1748.15278417	
-3.10608033072	-1748.09599852	
-3.12089541651	-1748.04019499	
-3.13549421593	-1747.98534853	
-3.14988295338	-1747.93143541	
-3.16406758837	-1747.87843306	
-3.17805383035	-1747.82631997	
-3.19184715248	-1747.77507564	
-3.20545280454	-1747.7246805	
-3.21887582487	-1747.67511578	
-3.23212105162	-1747.62636352	
-3.24519313319	-1747.57840646	
-3.25809653802	-1747.531228	
-3.2708355638	-1747.48481217	
-3.28341434601	-1747.43914354	
-3.295836866	-1747.39420724	
-3.3081069586	-1747.34998886	
-3.32022831913	-1747.30647445	
-3.33220451018	-1747.26365051	
-3.34403896782	-1747.22150391	
-3.35573500759	-1747.18002191	
-3.36729582999	-1747.13919211	
-3.37872452581	-1747.09900247	
-3.39002408106	-1747.05944121	
-3.40119738166	-1747.0204969	
-3.41224721785	-1746.98215835	
-3.42317628838	-1746.94441466	
-3.43398720449	-1746.90725517	
-3.4446824936	-1746.87066946	
-3.45526460293	-1746.83464734	
-3.4657359028	-1746.79917887	
-3.47609868984	-1746.76425428	
-3.48635519	-1746.72986404	
-3.49650756147	-1746.69599879	
-3.50655789732	-1746.66264938	
-3.51650822817	-1746.62980682	
-3.52636052462	-1746.59746234	
-3.53611669956	-1746.56560729	
-3.54577861047	-1746.53423324	
-3.55534806149	-1746.50333187	
-3.56482680544	-1746.47289507	
-3.57421654579	-1746.44291485	
-3.58351893846	-1746.41338338	
-3.59273559356	-1746.38429299	
-3.60186807712	-1746.35563612	
-3.61091791264	-1746.32740539	
-3.61988658263	-1746.29959354	
-3.62877553004	-1746.27219344	
-3.63758615973	-1746.24519809	
-3.6463198397	-1746.21860063	
-3.65497790244	-1746.19239432	
-3.66356164613	-1746.16657254	
-3.6720723358	-1746.1411288	
-3.68051120444	-1746.11605673	
-3.68887945411	-1746.09135006	
-3.69717825693	-1746.06700264	
-3.70540875607	-1746.04300846	
-3.7135720667	-1746.01936157	
-3.72166927694	-1745.99605618	
-3.72970144863	-1745.97308657	
-3.73766961828	-1745.95044713	
-3.74557479779	-1745.92813237	
-3.75341797525	-1745.90613688	
-3.76120011569	-1745.88445535	
-3.76892216179	-1745.8630826	
-3.77658503453	-1745.84201349	
-3.78418963392	-1745.82124301	
-3.79173683955	-1745.80076625	
-3.79922751128	-1745.78057835	
-3.80666248977	-1745.76067456	
-3.81404259707	-1745.74105024	
-3.82136863716	-1745.7217008	
-3.82864139649	-1745.70262174	
-3.83586164446	-1745.68380865	
-3.84303013394	-1745.66525721	
-3.85014760171	-1745.64696315	
-3.85721476893	-1745.62892231	
-3.86423234159	-1745.61113058	
-3.87120101091	-1745.59358393	
-3.87812145375	-1745.57627843	
-3.88499433304	-1745.55921018	
-3.89182029811	-1745.54237537	
-3.8985999851	-1745.52577027	
-3.90533401728	-1745.5093912	
-3.91202300543	-1745.49323455	
-3.91866754815	-1745.47729679	
-3.92526823218	-1745.46157444	
-3.93182563272	-1745.44606408	
-3.93834031375	-1745.43076236	
-3.94481282825	-1745.41566598	
-3.95124371858	-1745.40077172	
-3.95763351668	-1745.38607641	
-3.96398274436	-1745.37157691	
-3.97029191355	-1745.35727017	
-3.97656152657	-1745.34315319	
-3.98279207632	-1745.32922301	
-3.98898404656	-1745.31547672	
-3.99513791214	-1745.30191149	
-4.00125413916	-1745.28852452	
-4.00733318523	-1745.27531305	
-4.01337549969	-1745.26227438	
-4.01938152375	-1745.24940587	
-4.02535169074	-1745.23670492	
-4.03128642625	-1745.22416896	
-4.03718614838	-1745.21179548	
-4.04305126783	-1745.19958201	
-4.04888218815	-1745.18752613	
-4.05467930583	-1745.17562546	
-4.06044301055	-1745.16387765	
-4.06617368526	-1745.1522804	
-4.07187170637	-1745.14083147	
-4.07753744391	-1745.12952862	
-4.08317126162	-1745.11836967	
-4.08877351717	-1745.10735249	
-4.09434456222	-1745.09647496	
-4.0998847426	-1745.08573503	
-4.10539439841	-1745.07513064	
-4.11087386417	-1745.06465981	
-4.11632346894	-1745.05432057	
-4.12174353641	-1745.04411099	
-4.12713438505	-1745.03402918	
-4.13249632819	-1745.02407326	
-4.13782967416	-1745.01424141	
-4.14313472639	-1745.00453182	
-4.14841178349	-1744.99494273	
-4.15366113938	-1744.98547239	
-4.15888308336	-1744.97611909	
-4.16407790024	-1744.96688115	
-4.1692458704	-1744.95775692	
-4.1743872699	-1744.94874476	
-4.17950237056	-1744.93984309	
-4.18459144007	-1744.93105033	
-4.18965474203	-1744.92236492	
-4.19469253606	-1744.91378536	
-4.19970507788	-1744.90531016	
-4.20469261939	-1744.89693782	
-4.20965540873	-1744.88866693	
-4.21459369037	-1744.88049604	
-4.21950770518	-1744.87242378	
-4.22439769047	-1744.86444875	
-4.22926388012	-1744.85656961	
-4.2341065046	-1744.84878502	
-4.23892579103	-1744.84109369	
-4.2437219633	-1744.83349432	
-4.24849524205	-1744.82598565	
-4.25324584481	-1744.81856643	
-4.257973986	-1744.81123543	
-4.26267987704	-1744.80399146	
-4.26736372635	-1744.79683332	
-4.27202573946	-1744.78975985	
-4.27666611902	-1744.78276991	
-4.28128506487	-1744.77586235	
-4.28588277412	-1744.76903607	
-4.29045944115	-1744.76228998	
-4.29501525768	-1744.755623	
-4.29955041285	-1744.74903406	
-4.3040650932	-1744.74252214	
-4.30855948279	-1744.7360862	
-4.31303376319	-1744.72972522	
-4.31748811354	-1744.72343823	
-4.3219227106	-1744.71722424	
-4.32633772881	-1744.71108228	
-4.33073334029	-1744.70501141	
-4.33510971489	-1744.6990107	
-4.33946702026	-1744.69307922	
-4.34380542185	-1744.68721608	
-4.348125083	-1744.68142038	
-4.3524261649	-1744.67569124	
-4.35670882669	-1744.6700278	
-4.36097322548	-1744.66442922	
-4.36521951636	-1744.65889465	
-4.36944785247	-1744.65342328	
-4.373658385	-1744.64801428	
-4.37785126326	-1744.64266687	
-4.38202663467	-1744.63738025	
-4.38618464482	-1744.63215364	
-4.39032543749	-1744.6269863	
-4.39444915467	-1744.62187745	
-4.39855593663	-1744.61682637	
-4.40264592188	-1744.61183233	
-4.40671924726	-1744.60689459	
-4.41077604796	-1744.60201247	
-4.4148164575	-1744.59718526	
-4.4188406078	-1744.59241227	
-4.42284862919	-1744.58769282	
-4.42684065046	-1744.58302626	
-4.43081679884	-1744.57841192	
-4.43477720006	-1744.57384916	
-4.43872197835	-1744.56933733	
-4.44265125649	-1744.56487582	
-4.44656515581	-1744.560464	
-4.45046379623	-1744.55610126	
-4.45434729625	-1744.551787	
-4.45821577303	-1744.54752063	
-4.46206934235	-1744.54330156	
-4.46590811865	-1744.53912923	
-4.46973221509	-1744.53500305	
-4.47354174351	-1744.53092248	
-4.47733681448	-1744.52688696	
-4.48111753732	-1744.52289596	
-4.48488402011	-1744.51894892	
-4.48863636973	-1744.51504533	
-4.49237469184	-1744.51118467	
-4.49609909093	-1744.50736643	
-4.49980967033	-1744.50359009	
-4.50350653221	-1744.49985517	
-4.50718977763	-1744.49616116	
-4.51085950652	-1744.49250759	
-4.51451581772	-1744.48889398	
-4.518158809	-1744.48531985	
-4.52178857705	-1744.48178475	
-4.52540521752	-1744.47828821	
-4.52900882502	-1744.47482978	
-4.53259949315	-1744.47140903	
-4.5361773145	-1744.4680255	
-4.53974238067	-1744.46467877	
-4.54329478227	-1744.46136841	
-4.54683460898	-1744.458094	
-4.55036194949	-1744.45485513	
-4.5538768916	-1744.45165137	
-4.55737952215	-1744.44848234	
-4.56086992709	-1744.44534763	
-4.56434819147	-1744.44224685	
-4.56781439944	-1744.43917961	
-4.57126863431	-1744.43614553	
-4.5747109785	-1744.43314423	
-4.5781415136	-1744.43017534	
-4.58156032035	-1744.42723849	
-4.58496747867	-1744.42433332	
-4.58836306767	-1744.42145947	
-4.59174716566	-1744.4186166	
-4.59511985013	-1744.41580434	
-4.59848119784	-1744.41302237	
-4.60183128472	-1744.41027033	
-4.60517018599	-1744.4075479	
-4.60849797608	-1744.40485475	
-4.61181472871	-1744.40219054	
-4.61512051684	-1744.39955497	
-4.61841541274	-1744.39694771	
-4.62169948794	-1744.39436845	
-4.62497281328	-1744.39181688	
-4.62823545892	-1744.3892927	
-4.63148749431	-1744.3867956	
-4.63472898823	-1744.38432529	
-4.63796000881	-1744.38188148	
-4.64118062351	-1744.37946388	
-4.64439089914	-1744.3770722	
-4.64759090187	-1744.37470615	
-4.65078069724	-1744.37236547	
-4.65396035016	-1744.37004988	
-4.65712992492	-1744.3677591	
-4.66028948521	-1744.36549288	
-4.66343909411	-1744.36325094	
-4.66657881412	-1744.36103302	
-4.66970870713	-1744.35883887	
-4.67282883446	-1744.35666823	
-4.67593925688	-1744.35452085	
-4.67904003455	-1744.35239649	
-4.68213122712	-1744.35029489	
-4.68521289366	-1744.34821583	
-4.6882850927	-1744.34615905	
-4.69134788223	-1744.34412433	
-4.69440131972	-1744.34211143	
-4.6974454621	-1744.34012011	
-4.70048036579	-1744.33815017	
-4.70350608671	-1744.33620136	
-4.70652268025	-1744.33427347	
-4.70953020131	-1744.33236629	
-4.71252870431	-1744.33047959	
-4.71551824316	-1744.32861316	
-4.7184988713	-1744.32676679	
-4.72147064168	-1744.32494027	
-4.72443360681	-1744.3231334	
-4.72738781871	-1744.32134598	
-4.73033332894	-1744.3195778	
-4.73327018862	-1744.31782867	
-4.73619844839	-1744.31609838	
-4.7391181585	-1744.31438676	
-4.74202936871	-1744.3126936	
-4.74493212836	-1744.31101872	
-4.74782648639	-1744.30936194	
-4.75071249128	-1744.30772306	
-4.75359019111	-1744.30610191	
-4.75645963353	-1744.3044983	
-4.75932086582	-1744.30291206	
-4.7621739348	-1744.30134302	
-4.76501888693	-1744.299791	
-4.76785576827	-1744.29825582	
-4.77068462447	-1744.29673733	
-4.77350550081	-1744.29523534	
-4.77631844218	-1744.29374971	
-4.77912349311	-1744.29228026	
-4.78192069773	-1744.29082683	
-4.78471009982	-1744.28938927	
-4.78749174278	-1744.28796741	
-4.79026566966	-1744.2865611	
-4.79303192316	-1744.28517019	
-4.7957905456	-1744.28379452	
-4.79854157897	-1744.28243395	
-4.80128506491	-1744.28108832	
-4.80402104473	-1744.27975749	
-4.80674955939	-1744.27844131	
-4.8094706495	-1744.27713965	
-4.81218435537	-1744.27585235	
-4.81489071697	-1744.27457927	
-4.81758977394	-1744.27332029	
-4.82028156561	-1744.27207526	
-4.82296613098	-1744.27084405	
-4.82564350875	-1744.26962651	
-4.8283137373	-1744.26842253	
-4.83097685472	-1744.26723197	
-4.83363289878	-1744.2660547	
-4.83628190695	-1744.26489059	
-4.83892391641	-1744.26373951	
-4.84155896405	-1744.26260135	
-4.84418708646	-1744.26147597	
-4.84680831994	-1744.26036326	
-4.84942270051	-1744.25926309	
-4.85203026392	-1744.25817535	
-4.85463104562	-1744.25709991	
-4.8572250808	-1744.25603667	
-4.85981240436	-1744.25498549	
-4.86239305096	-1744.25394628	
-4.86496705495	-1744.25291891	
-4.86753445046	-1744.25190328	
-4.87009527132	-1744.25089927	
-4.87264955112	-1744.24990678	
-4.8751973232	-1744.2489257	
-4.87773862063	-1744.24795591	
-4.88027347623	-1744.24699732	
-4.88280192259	-1744.24604982	
-4.88532399202	-1744.24511331	
-4.88783971662	-1744.24418768	
-4.89034912822	-1744.24327284	
-4.89285225844	-1744.24236868	
-4.89534913864	-1744.2414751	
-4.89783979995	-1744.24059201	
-4.90032427328	-1744.23971931	
-4.90280258929	-1744.23885691	
-4.90527477844	-1744.2380047	
-4.90774087093	-1744.2371626	
-4.91020089677	-1744.23633051	
-4.91265488574	-1744.23550834	
-4.91510286737	-1744.23469601	
-4.91754487103	-1744.23389341	
-4.91998092583	-1744.23310047	
-4.92241106068	-1744.23231709	
-4.92483530429	-1744.23154319	
-4.92725368516	-1744.23077868	
-4.92966623156	-1744.23002347	
-4.93207297159	-1744.22927749	
-4.93447393313	-1744.22854064	
-4.93686914386	-1744.22781285	
-4.93925863125	-1744.22709404	
-4.94164242261	-1744.22638412	
-4.94402054501	-1744.22568302	
-4.94639302537	-1744.22499065	
-4.94875989038	-1744.22430694	
-4.95112116656	-1744.2236318	
-4.95347688026	-1744.22296517	
-4.9558270576	-1744.22230697	
-4.95817172456	-1744.22165712	
-4.96051090691	-1744.22101555	
-4.96284463026	-1744.22038219	
-4.96517292002	-1744.21975695	
-4.96749580144	-1744.21913978	
-4.96981329958	-1744.2185306	
-4.97212543933	-1744.21792934	
-4.97443224543	-1744.21733592	
-4.97673374242	-1744.21675029	
-4.97902995468	-1744.21617236	
-4.98132090643	-1744.21560209	
-4.98360662171	-1744.21503939	
-4.98588712441	-1744.2144842	
-4.98816243824	-1744.21393646	
-4.99043258678	-1744.21339609	
-4.99269759341	-1744.21286305	
-4.99495748138	-1744.21233726	
-4.99721227376	-1744.21181866	
-4.9994619935	-1744.21130718	
-5.00170666335	-1744.21080278	
-5.00394630595	-1744.21030538	
-5.00618094375	-1744.20981492	
-5.00841059907	-1744.20933135	
-5.0106352941	-1744.2088546	
-5.01285505083	-1744.20838463	
-5.01506989116	-1744.20792136	
-5.01727983681	-1744.20746474	
-5.01948490937	-1744.20701472	
-5.02168513028	-1744.20657124	
-5.02388052085	-1744.20613424	
-5.02607110223	-1744.20570367	
-5.02825689545	-1744.20527947	
-5.03043792139	-1744.20486159	
-5.03261420082	-1744.20444998	
-5.03478575433	-1744.20404457	
-5.03695260241	-1744.20364533	
-5.03911476542	-1744.2032522	
-5.04127226356	-1744.20286512	
-5.04342511692	-1744.20248405	
-5.04557334546	-1744.20210893	
-5.047716969	-1744.20173972	
-5.04985600725	-1744.20137636	
-5.05199047978	-1744.20101881	
-5.05412040604	-1744.20066701	
-5.05624580535	-1744.20032093	
-5.05836669692	-1744.19998051	
-5.06048309982	-1744.1996457	
-5.06259503303	-1744.19931646	
-5.06470251537	-1744.19899274	
-5.06680556556	-1744.1986745	
-5.06890420222	-1744.19836169	
-5.07099844382	-1744.19805426	
-5.07308830874	-1744.19775217	
-5.07517381523	-1744.19745538	
-5.07725498144	-1744.19716385	
-5.07933182538	-1744.19687752	
-5.08140436498	-1744.19659636	
-5.08347261805	-1744.19632033	
-5.08553660227	-1744.19604938	
-5.08759633523	-1744.19578347	
-5.08965183441	-1744.19552256	
-5.09170311719	-1744.1952666	
-5.09375020081	-1744.19501557	
-5.09579310244	-1744.19476941	
-5.09783183913	-1744.1945281	
-5.09986642782	-1744.19429158	
-5.10189688537	-1744.19405982	
-5.10392322852	-1744.19383278	
-5.1059454739	-1744.19361043	
-5.10796363806	-1744.19339272	
-5.10997773743	-1744.19317962	
-5.11198778836	-1744.19297109	
-5.11399380708	-1744.1927671	
-5.11599580975	-1744.1925676	
-5.11799381242	-1744.19237256	
-5.11998783102	-1744.19218195	
-5.12197788143	-1744.19199573	
-5.1239639794	-1744.19181386	
-5.12594614061	-1744.19163631	
-5.12792438062	-1744.19146305	
-5.12989871492	-1744.19129404	
-5.13186915891	-1744.19112924	
-5.13383572788	-1744.19096863	
-5.13579843705	-1744.19081217	
-5.13775730154	-1744.19065983	
-5.13971233637	-1744.19051157	
-5.1416635565	-1744.19036736	
-5.14361097679	-1744.19022717	
-5.145554612	-1744.19009097	
-5.14749447681	-1744.18995873	
-5.14943058584	-1744.18983041	
-5.15136295359	-1744.18970598	
-5.1532915945	-1744.18958542	
-5.15521652291	-1744.1894687	
-5.15713775309	-1744.18935577	
-5.15905529921	-1744.18924663	
-5.1609691754	-1744.18914122	
-5.16287939565	-1744.18903953	
-5.16478597392	-1744.18894152	
-5.16668892407	-1744.18884717	
-5.16858825987	-1744.18875645	
-5.17048399504	-1744.18866933	
-5.17237614319	-1744.18858578	
-5.17426471788	-1744.18850577	
-5.17614973257	-1744.18842928	
-5.17803120067	-1744.18835628	
-5.1799091355	-1744.18828674	
-5.18178355029	-1744.18822064	
-5.18365445823	-1744.18815794	
-5.1855218724	-1744.18809863	
-5.18738580584	-1744.18804267	
-5.18924627149	-1744.18799004	
-5.19110328224	-1744.18794072	
-5.19295685089	-1744.18789468	
-5.19480699018	-1744.18785189	
-5.19665371277	-1744.18781233	
-5.19849703127	-1744.18777597	
-5.20033695819	-1744.18774279	
-5.202173506	-1744.18771277	
-5.20400668708	-1744.18768588	
-5.20583651375	-1744.1876621	
-5.20766299828	-1744.1876414	
-5.20948615284	-1744.18762375	
-5.21130598956	-1744.18760915	
-5.21312252048	-1744.18759756	
-5.21493575761	-1744.18758896	
-5.21674571285	-1744.18758333	
-5.21855239808	-1744.18758064	
-5.22035582508	-1744.18758087	
-5.22215600558	-1744.18758401	
-5.22395295126	-1744.18759002	
-5.22574667371	-1744.18759889	
-5.22753718449	-1744.1876106	
-5.22932449506	-1744.18762512	
-5.23110861685	-1744.18764244	
-5.23288956123	-1744.18766252	
-5.23466733947	-1744.18768536	
-5.23644196283	-1744.18771092	
-5.23821344248	-1744.1877392	
-5.23998178954	-1744.18777016	
-5.24174701506	-1744.1878038	
-5.24350913005	-1744.18784008	
-5.24526814546	-1744.18787899	
-5.24702407216	-1744.18792052	
-5.24877692099	-1744.18796463	
-5.25052670271	-1744.18801131	
-5.25227342805	-1744.18806055	
-5.25401710765	-1744.18811232	
-5.25575775213	-1744.1881666	
-5.25749537203	-1744.18822337	
-5.25922997784	-1744.18828263	
-5.26096158	-1744.18834434	
-5.2626901889	-1744.18840849	
-5.26441581487	-1744.18847506	
-5.26613846818	-1744.18854404	
-5.26785815906	-1744.1886154	
-5.26957489768	-1744.18868913	
-5.27128869416	-1744.18876522	
-5.27299955856	-1744.18884363	
-5.27470750091	-1744.18892436	
-5.27641253116	-1744.1890074	
-5.27811465923	-1744.18909271	
-5.27981389498	-1744.18918029	
-5.28151024823	-1744.18927012	
-5.28320372874	-1744.18936218	
-5.28489434622	-1744.18945646	
-5.28658211033	-1744.18955293	
-5.28826703069	-1744.18965159	
-5.28994911688	-1744.18975242	
-5.2916283784	-1744.1898554	
-5.29330482472	-1744.18996052	
-5.29497846528	-1744.19006775	
-5.29664930945	-1744.19017709	
-5.29831736655	-1744.19028853	
-5.29998264587	-1744.19040203	
-5.30164515664	-1744.1905176	
-5.30330490806	-1744.19063521	
-5.30496190927	-1744.19075484	
-5.30661616936	-1744.1908765	
-5.3082676974	-1744.19100015	
-5.30991650239	-1744.19112579	
-5.3115625933	-1744.1912534	
-5.31320597904	-1744.19138297	
-5.3148466685	-1744.19151448	
-5.3164846705	-1744.19164792	
-5.31811999384	-1744.19178327	
-5.31975264727	-1744.19192052	
-5.32138263948	-1744.19205967	
-5.32300997914	-1744.19220068	
-5.32463467487	-1744.19234356	
-5.32625673524	-1744.19248828	
-5.32787616879	-1744.19263483	
-5.32949298402	-1744.19278321	
-5.33110718937	-1744.19293339	
-5.33271879327	-1744.19308537	
-5.33432780407	-1744.19323913	
-5.33593423012	-1744.19339465	
-5.3375380797	-1744.19355193	
-5.33913936107	-1744.19371096	
-5.34073808243	-1744.19387172	
-5.34233425196	-1744.19403419	
-5.3439278778	-1744.19419837	
-5.34551896803	-1744.19436425	
-5.34710753072	-1744.1945318	
-5.34869357387	-1744.19470103	
-5.35027710548	-1744.19487191	
-5.35185813348	-1744.19504444	
-5.35343666577	-1744.1952186	
-5.35501271022	-1744.19539439	
-5.35658627467	-1744.19557179	
-5.3581573669	-1744.19575079	
-5.35972599468	-1744.19593137	
-5.36129216571	-1744.19611353	
-5.36285588769	-1744.19629726	
-5.36441716825	-1744.19648254	
-5.36597601502	-1744.19666937	
-5.36753243557	-1744.19685773	
-5.36908643744	-1744.19704761	
-5.37063802813	-1744.197239	
-5.37218721511	-1744.19743189	
-5.37373400583	-1744.19762628	
-5.37527840768	-1744.19782214	
-5.37682042804	-1744.19801947	
-5.37836007422	-1744.19821826	
-5.37989735354	-1744.19841849	
-5.38143227326	-1744.19862017	
-5.38296484061	-1744.19882327	
-5.38449506279	-1744.19902779	
-5.38602294697	-1744.19923372	
-5.38754850028	-1744.19944104	
-5.38907172982	-1744.19964975	
-5.39059264266	-1744.19985985	
-5.39211124583	-1744.2000713	
-5.39362754635	-1744.20028412	
-5.39514155118	-1744.20049829	
-5.39665326727	-1744.2007138	
-5.39816270152	-1744.20093064	
-5.39966986081	-1744.2011488	
-5.40117475199	-1744.20136827	
-5.40267738187	-1744.20158904	
-5.40417775725	-1744.20181111	
-5.40567588487	-1744.20203446	
-5.40717177146	-1744.20225908	
-5.40866542372	-1744.20248498	
-5.4101568483	-1744.20271213	
-5.41164605186	-1744.20294053	
-5.41313304098	-1744.20317017	
-5.41461782224	-1744.20340104	
-5.4161004022	-1744.20363313	
-5.41758078737	-1744.20386644	
-5.41905898424	-1744.20410096	
-5.42053499927	-1744.20433667	
-5.42200883889	-1744.20457357	
-5.4234805095	-1744.20481165	
-5.42495001748	-1744.20505091	
-5.42641736918	-1744.20529132	
-5.4278825709	-1744.2055329	
-5.42934562895	-1744.20577562	
-5.43080654959	-1744.20601949	
-5.43226533906	-1744.20626448	
-5.43372200355	-1744.2065106	
-5.43517654927	-1744.20675784	
-5.43662898235	-1744.20700618	
-5.43807930892	-1744.20725563	
-5.4395275351	-1744.20750617	
-5.44097366695	-1744.20775779	
-5.44241771052	-1744.2080105	
-5.44385967184	-1744.20826427	
-5.4452995569	-1744.20851911	
-5.44673737167	-1744.208775	
-5.44817312209	-1744.20903195	
-5.44960681409	-1744.20928993	
-5.45103845357	-1744.20954895	
-5.45246804638	-1744.209809	
-5.45389559837	-1744.21007006	
-5.45532111536	-1744.21033214	
-5.45674460314	-1744.21059522	
-5.45816606749	-1744.21085931	
-5.45958551414	-1744.21112438	
-5.46100294883	-1744.21139044	
-5.46241837723	-1744.21165748	
-5.46383180503	-1744.21192549	
-5.46524323786	-1744.21219446	
-5.46665268137	-1744.21246439	
-5.46806014114	-1744.21273528	
-5.46946562274	-1744.21300711	
-5.47086913175	-1744.21327987	
-5.47227067367	-1744.21355357	
-5.47367025403	-1744.2138282	
-5.47506787829	-1744.21410374	
-5.47646355193	-1744.21438019	
-5.47785728038	-1744.21465756	
-5.47924906905	-1744.21493582	
-5.48063892334	-1744.21521497	
-5.48202684862	-1744.21549502	
-5.48341285022	-1744.21577594	
-5.48479693349	-1744.21605774	
-5.48617910372	-1744.21634041	
-5.48755936619	-1744.21662394	
-5.48893772616	-1744.21690833	
-5.49031418887	-1744.21719357	
-5.49168875953	-1744.21747966	
-5.49306144334	-1744.21776659	
-5.49443224547	-1744.21805435	
-5.49580117108	-1744.21834294	
-5.49716822529	-1744.21863235	
-5.49853341322	-1744.21892258	
-5.49989673995	-1744.21921362	
-5.50125821054	-1744.21950546	
-5.50261783006	-1744.21979811	
-5.50397560352	-1744.22009155	
-5.50533153593	-1744.22038577	
-5.50668563228	-1744.22068078	
-5.50803789753	-1744.22097657	
-5.50938833663	-1744.22127314	
-5.5107369545	-1744.22157047	
-5.51208375605	-1744.22186856	
-5.51342874616	-1744.22216741	
-5.51477192971	-1744.222467	
-5.51611331154	-1744.22276735	
-5.51745289646	-1744.22306844	
-5.51879068931	-1744.22337026	
-5.52012669485	-1744.22367282	
-5.52146091786	-1744.2239761	
-5.5227933631	-1744.2242801	
-5.52412403528	-1744.22458481	
-5.52545293913	-1744.22489024	
-5.52678007934	-1744.22519638	
-5.52810546058	-1744.22550321	
-5.52942908751	-1744.22581074	
-5.53075096477	-1744.22611896	
-5.53207109697	-1744.22642787	
-5.53338948873	-1744.22673746	
-5.53470614461	-1744.22704773	
-5.53602106919	-1744.22735867	
-5.53733426702	-1744.22767028	
-5.53864574262	-1744.22798255	
-5.5399555005	-1744.22829548	
-5.54126354516	-1744.22860907	
-5.54256988107	-1744.2289233	
-5.5438745127	-1744.22923818	
-5.54517744448	-1744.2295537	
-5.54647868084	-1744.22986986	
-5.54777822618	-1744.23018664	
-5.5490760849	-1744.23050406	
-5.55037226136	-1744.23082209	
-5.55166675992	-1744.23114075	
-5.55295958492	-1744.23146002	
-5.55425074069	-1744.2317799	
-5.55554023152	-1744.23210038	
-5.5568280617	-1744.23242147	
-5.55811423551	-1744.23274316	
-5.5593987572	-1744.23306543	
-5.56068163102	-1744.2333883	
-5.56196286117	-1744.23371175	
-5.56324245188	-1744.23403578	
-5.56452040732	-1744.23436039	
-5.56579673168	-1744.23468557	
-5.56707142911	-1744.23501132	
-5.56834450376	-1744.23533764	
-5.56961595975	-1744.23566451	
-5.57088580119	-1744.23599195	
-5.57215403218	-1744.23631993	
-5.57342065679	-1744.23664847	
-5.5746856791	-1744.23697755	
-5.57594910315	-1744.23730717	
-5.57721093297	-1744.23763733	
-5.57847117258	-1744.23796802	
-5.57972982599	-1744.23829925	
-5.58098689718	-1744.23863099	
-5.58224239012	-1744.23896327	
-5.58349630878	-1744.23929606	
-5.5847486571	-1744.23962937	
-5.585999439	-1744.23996318	
-5.5872486584	-1744.24029751	
-5.5884963192	-1744.24063234	
-5.58974242528	-1744.24096767	
-5.59098698051	-1744.2413035	
-5.59222998875	-1744.24163983	
-5.59347145384	-1744.24197664	
-5.5947113796	-1744.24231394	
-5.59594976985	-1744.24265173	
-5.59718662839	-1744.24298999	
-5.598421959	-1744.24332873	
-5.59965576545	-1744.24366795	
-5.60088805149	-1744.24400763	
-5.60211882088	-1744.24434779	
-5.60334807733	-1744.2446884	
-5.60457582457	-1744.24502948	
-5.6058020663	-1744.24537101	
-5.60702680619	-1744.24571299	
-5.60825004793	-1744.24605543	
-5.60947179518	-1744.24639831	
-5.61069205159	-1744.24674164	
-5.61191082078	-1744.24708541	
-5.61312810639	-1744.24742961	
-5.61434391201	-1744.24777425	
-5.61555824124	-1744.24811932	
-5.61677109767	-1744.24846482	
-5.61798248485	-1744.24881074	
-5.61919240636	-1744.24915709	
-5.62040086572	-1744.24950386	
-5.62160786647	-1744.24985104	
-5.62281341212	-1744.25019863	
-5.62401750619	-1744.25054664	
-5.62522015215	-1744.25089505	
-5.6264213535	-1744.25124387	
-5.62762111369	-1744.25159308	
-5.62881943618	-1744.2519427	
-5.63001632442	-1744.25229271	
-5.63121178182	-1744.25264312	
-5.63240581181	-1744.25299391	
-5.6335984178	-1744.25334509	
-5.63478960317	-1744.25369666	
-5.6359793713	-1744.2540486	
-5.63716772557	-1744.25440093	
-5.63835466933	-1744.25475363	
-5.63954020593	-1744.2551067	
-5.64072433869	-1744.25546015	
-5.64190707094	-1744.25581396	
-5.64308840598	-1744.25616814	
-5.64426834712	-1744.25652267	
-5.64544689764	-1744.25687757	
-5.64662406082	-1744.25723283	
-5.64779983991	-1744.25758844	
-5.64897423816	-1744.2579444	
-5.65014725882	-1744.25830071	
-5.65131890512	-1744.25865737	
-5.65248918027	-1744.25901437	
-5.65365808747	-1744.25937172	
-5.65482562993	-1744.2597294	
-5.65599181082	-1744.26008742	
-5.65715663332	-1744.26044577	
-5.65832010058	-1744.26080446	
-5.65948221576	-1744.26116347	
-5.660642982	-1744.26152281	
-5.66180240242	-1744.26188247	
-5.66296048014	-1744.26224246	
-5.66411721826	-1744.26260277	
-5.66527261989	-1744.26296339	
-5.66642668811	-1744.26332432	
-5.66757942599	-1744.26368557	
-5.6687308366	-1744.26404713	
-5.66988092298	-1744.264409	
-5.67102968818	-1744.26477117	
-5.67217713524	-1744.26513364	
-5.67332326717	-1744.26549642	
-5.67446808699	-1744.26585949	
-5.67561159769	-1744.26622286	
-5.67675380227	-1744.26658652	
-5.6778947037	-1744.26695047	
-5.67903430497	-1744.26731472	
-5.68017260902	-1744.26767925	
-5.6813096188	-1744.26804406	
-5.68244533727	-1744.26840916	
-5.68357976734	-1744.26877454	
-5.68471291194	-1744.2691402	
-5.68584477397	-1744.26950613	
-5.68697535634	-1744.26987234	
-5.68810466194	-1744.27023882	
-5.68923269364	-1744.27060557	
-5.69035945432	-1744.27097258	
-5.69148494685	-1744.27133987	
-5.69260917406	-1744.27170741	
-5.6937321388	-1744.27207522	
-5.69485384391	-1744.27244329	
-5.69597429221	-1744.27281161	
-5.69709348651	-1744.27318019	
-5.69821142961	-1744.27354903	
-5.69932812431	-1744.27391811	
-5.70044357339	-1744.27428745	
-5.70155777963	-1744.27465703	
-5.7026707458	-1744.27502686	
-5.70378247466	-1744.27539693	
-5.70489296894	-1744.27576724	
-5.70600223139	-1744.2761378	
-5.70711026475	-1744.27650859	
-5.70821707172	-1744.27687961	
-5.70932265503	-1744.27725087	
-5.71042701737	-1744.27762237	
-5.71153016145	-1744.27799409	
-5.71263208993	-1744.27836604	
-5.71373280551	-1744.27873822	
-5.71483231084	-1744.27911063	
-5.71593060859	-1744.27948325	
-5.71702770141	-1744.2798561	
-5.71812359193	-1744.28022917	
-5.71921828279	-1744.28060245	
-5.72031177661	-1744.28097595	
-5.72140407601	-1744.28134966	
-5.72249518359	-1744.28172359	
-5.72358510195	-1744.28209773	
-5.72467383369	-1744.28247207	
-5.72576138137	-1744.28284663	
-5.72684774759	-1744.28322138	
-5.72793293489	-1744.28359634	
-5.72901694583	-1744.28397151	
-5.73009978297	-1744.28434687	
-5.73118144884	-1744.28472243	
-5.73226194598	-1744.28509819	
-5.7333412769	-1744.28547415	
-5.73441944412	-1744.28585029	
-5.73549645015	-1744.28622663	
-5.73657229748	-1744.28660316	
-5.73764698861	-1744.28697988	
-5.73872052602	-1744.28735679	
-5.73979291218	-1744.28773388	
-5.74086414956	-1744.28811115	
-5.74193424062	-1744.28848861	
-5.74300318781	-1744.28886625	
-5.74407099357	-1744.28924406	
-5.74513766034	-1744.28962206	
-5.74620319054	-1744.29000023	
-5.7472675866	-1744.29037857	
-5.74833085092	-1744.29075709	
-5.74939298591	-1744.29113578	
-5.75045399397	-1744.29151464	
-5.75151387748	-1744.29189367	
-5.75257263883	-1744.29227286	
-5.75363028038	-1744.29265222	
-5.75468680452	-1744.29303174	
-5.75574221359	-1744.29341143	
-5.75679650994	-1744.29379128	
-5.75784969593	-1744.29417128	
-5.75890177388	-1744.29455145	
-5.75995274612	-1744.29493177	
-5.76100261499	-1744.29531225	
-5.76205138278	-1744.29569288	
-5.76309905181	-1744.29607366	
-5.76414562438	-1744.2964546	
-5.76519110278	-1744.29683568	
-5.7662354893	-1744.29721691	
-5.76727878622	-1744.29759829	
-5.76832099579	-1744.29797982	
-5.7693621203	-1744.29836148	
-5.770402162	-1744.2987433	
-5.77144112313	-1744.29912525	
-5.77247900594	-1744.29950734	
-5.77351581267	-1744.29988957	
-5.77455154554	-1744.30027194	
-5.77558620679	-1744.30065445	
-5.77661979861	-1744.30103709	
-5.77765232322	-1744.30141986	
-5.77868378283	-1744.30180277	
-5.77971417962	-1744.3021858	
-5.78074351579	-1744.30256897	
-5.78177179352	-1744.30295227	
-5.78279901497	-1744.30333569	
-5.78382518233	-1744.30371924	
-5.78485029774	-1744.30410291	
-5.78587436337	-1744.3044867	
-5.78689738137	-1744.30487062	
-5.78791935386	-1744.30525466	
-5.788940283	-1744.30563882	
-5.7899601709	-1744.3060231	
-5.79097901969	-1744.30640749	
-5.79199683148	-1744.306792	
-5.79301360838	-1744.30717663	
-5.7940293525	-1744.30756137	
-5.79504406593	-1744.30794622	
-5.79605775077	-1744.30833118	
-5.79707040908	-1744.30871626	
-5.79808204295	-1744.30910144	
-5.79909265446	-1744.30948673	
-5.80010224566	-1744.30987212	
-5.80111081862	-1744.31025763	
-5.80211837538	-1744.31064323	
-5.80312491799	-1744.31102894	
-5.80413044849	-1744.31141475	
-5.80513496892	-1744.31180067	
-5.80613848129	-1744.31218668	
-5.80714098764	-1744.31257279	
-5.80814248998	-1744.312959	
-5.80914299031	-1744.31334531	
