-7.301640604887799091e-01
-4.679854493435618434e-01
-9.553605534776899999e-01
2.146633395970487967e+00
-3.927956714835419416e-01
-1.072686964086095041e-01
-2.925567944237589479e+00
-4.287114443685034360e+00
-2.511265067663613237e+00
-5.025952189546391224e+00
-2.215367876327972052e+00
-2.717963026447419050e+00
-4.312770209480470740e+00
-4.186293128691566778e+00
-4.410616969373432283e+00
-3.741748965541881855e+00
-4.659073973087052956e+00
-3.820917132875342848e+00
-3.777246008520870113e+00
-5.061932217333787065e+00
