#Site	lnL	
0	-1.73559235972
1	-1.46469739025
2	-4.99401235745
3	-1.27837941206
4	-1.65744177772
5	-10.1770306548
6	-1.71546039846
7	-1.65744177772
8	-1.80058936445
9	-1.71546039846
10	-1.46469739025
11	-10.7480492544
12	-1.51445509854
13	-1.22913199169
14	-5.22376997302
15	-1.27837941206
16	-1.66528611162
17	-10.1053405727
18	-1.71546039846
19	-1.65744177772
20	-5.26167445376
21	-1.27837941206
22	-6.19590178204
23	-4.99047013962
24	-1.71546039846
25	-1.46469739025
26	-6.19852808429
27	-1.51445509854
28	-1.65744177772
29	-6.19852808429
30	-1.73559235972
31	-1.46469739025
32	-5.22376997302
33	-1.51445509854
34	-1.46469739025
35	-10.8924041429
36	-1.51445509854
37	-1.65744177772
38	-8.57822256764
39	-1.27837941206
40	-1.22913199169
41	-1.80058936445
42	-1.73559235972
43	-6.23061538843
44	-10.4538386434
45	-1.51445509854
46	-1.22913199169
47	-10.6314788354
48	-5.58100127863
49	-1.66528611162
50	-9.00983011669
51	-1.27837941206
52	-1.65744177772
53	-4.74033066245
54	-6.05248863298
55	-1.66528611162
56	-2.04969682153
57	-1.27837941206
58	-1.66528611162
59	-1.56050566989
60	-6.25480449735
61	-1.66528611162
62	-4.80872672076
63	-5.80999169984
64	-1.66528611162
65	-5.68035653509
66	-1.71546039846
67	-1.22913199169
68	-10.5950822209
69	-1.73559235972
70	-1.22913199169
71	-1.56050566989
72	-1.51445509854
73	-1.22913199169
74	-4.99401235745
75	-1.73559235972
76	-1.65744177772
77	-8.4392229496
78	-1.27837941206
79	-7.41733027705
80	-9.9377250513
81	-1.27837941206
82	-1.66528611162
83	-4.49985144811
84	-1.27837941206
85	-1.46469739025
86	-1.56050566989
87	-6.05248863298
88	-1.46469739025
89	-8.61733488628
90	-1.71546039846
91	-1.22913199169
92	-15.209267397
93	-1.73559235972
94	-1.22913199169
95	-13.7427089249
96	-1.27837941206
97	-16.7570870454
98	-11.1047141692
99	-1.27837941206
100	-1.22913199169
101	-11.4795396976
102	-1.73559235972
103	-1.46469739025
104	-5.68035653509
105	-5.57822839993
106	-1.22913199169
107	-1.56050566989
108	-1.27837941206
109	-1.66528611162
110	-6.17778163479
111	-1.73559235972
112	-1.65744177772
113	-2.14031622319
114	-1.73559235972
115	-1.66528611162
116	-1.56050566989
117	-1.73559235972
118	-1.66528611162
119	-8.13292677351
120	-1.27837941206
121	-1.46469739025
122	-10.9046301118
123	-1.71546039846
124	-1.65744177772
125	-16.2119739751
126	-1.71546039846
127	-1.22913199169
128	-4.99047013962
129	-7.2731916684
130	-1.46469739025
131	-4.99047013962
132	-8.94800565836
133	-1.65744177772
134	-6.17778163479
135	-1.51445509854
136	-1.22913199169
137	-4.74033066245
138	-1.27837941206
139	-1.65744177772
140	-2.14031622319
141	-1.71546039846
142	-1.22913199169
143	-11.7515418564
144	-1.27837941206
145	-1.66528611162
146	-11.4795396976
147	-1.27837941206
148	-1.66528611162
149	-12.0409542326
150	-1.71546039846
151	-1.46469739025
152	-11.9028863366
153	-1.27837941206
154	-1.46469739025
155	-9.56420288557
156	-1.71546039846
157	-1.22913199169
158	-17.9693808443
159	-1.27837941206
160	-1.46469739025
161	-4.74033066245
162	-1.73559235972
163	-1.22913199169
164	-4.99047013962
165	-1.27837941206
166	-1.46469739025
167	-6.1007687558
168	-1.73559235972
169	-1.22913199169
170	-5.26167445376
171	-1.73559235972
172	-1.22913199169
173	-9.10472458108
174	-1.27837941206
175	-1.46469739025
176	-13.8469033783
177	-1.51445509854
178	-1.46469739025
179	-1.56050566989
180	-1.27837941206
181	-1.22913199169
182	-8.12978153619
183	-1.27837941206
184	-1.66528611162
185	-1.80058936445
186	-1.71546039846
187	-1.66528611162
188	-5.53296364045
189	-7.03993000594
190	-1.66528611162
191	-12.9351933795
192	-1.27837941206
193	-1.22913199169
194	-2.04969682153
195	-1.51445509854
196	-1.22913199169
197	-1.56050566989
198	-7.31320736195
199	-6.19590178204
200	-5.68035653509
201	-1.51445509854
202	-1.46469739025
203	-4.99401235745
204	-5.60101751492
205	-1.65744177772
206	-4.74714924998
207	-8.25319115995
208	-1.22913199169
209	-7.24363893885
210	-5.84837046124
211	-1.65744177772
212	-7.16357884513
213	-1.73559235972
214	-1.22913199169
215	-7.40067590753
216	-1.27837941206
217	-1.22913199169
218	-4.49985144811
219	-1.73559235972
220	-1.22913199169
221	-1.80058936445
222	-1.51445509854
223	-1.65744177772
224	-4.99047013962
225	-5.58100127863
226	-1.46469739025
227	-9.14157849148
228	-5.82737102759
229	-1.66528611162
230	-13.295265085
231	-1.27837941206
232	-1.65744177772
233	-1.80058936445
234	-1.27837941206
235	-1.65744177772
236	-15.931891161
237	-5.57822839993
238	-1.66528611162
239	-7.16357884513
240	-1.71546039846
241	-1.46469739025
242	-9.43895841766
243	-1.73559235972
244	-1.66528611162
245	-4.74033066245
246	-1.51445509854
247	-1.66528611162
248	-8.40873799027
249	-1.73559235972
250	-1.46469739025
251	-9.6440702078
252	-1.73559235972
253	-1.46469739025
254	-8.99526368003
255	-1.27837941206
256	-1.22913199169
257	-9.56895750731
258	-1.51445509854
259	-11.8518179277
260	-2.14031622319
261	-1.71546039846
262	-1.46469739025
263	-7.37100865002
264	-1.73559235972
265	-1.22913199169
266	-13.0557099136
267	-1.51445509854
268	-1.46469739025
269	-1.80058936445
270	-1.51445509854
271	-1.65744177772
272	-7.03691882816
273	-1.71546039846
274	-1.66528611162
275	-2.14031622319
276	-1.71546039846
277	-6.83805597025
278	-1.80058936445
279	-1.71546039846
280	-1.22913199169
281	-6.6893526926
282	-1.27837941206
283	-1.66528611162
284	-20.6143102517
285	-1.51445509854
286	-1.66528611162
287	-8.13292677351
288	-1.71546039846
289	-9.52246312663
290	-5.53296364045
291	-1.73559235972
292	-1.66528611162
293	-6.90996244038
294	-1.27837941206
295	-1.66528611162
296	-14.4515998166
297	-1.71546039846
298	-1.22913199169
299	-13.6886622644
300	-1.71546039846
301	-1.22913199169
302	-5.05501335923
303	-1.51445509854
304	-11.870480327
305	-2.04969682153
306	-1.73559235972
307	-1.65744177772
308	-4.99047013962
309	-1.27837941206
310	-1.46469739025
311	-6.38024276822
312	-1.27837941206
313	-1.46469739025
314	-7.66519286462
315	-1.51445509854
316	-8.42584902104
317	-18.2769527343
318	-7.16461182709
319	-1.22913199169
320	-13.5895878834
321	-5.57822839993
322	-1.65744177772
323	-6.38024276822
324	-1.27837941206
325	-1.22913199169
326	-7.79401117685
327	-1.51445509854
328	-8.36704252383
329	-19.1554992943
330	-1.73559235972
331	-1.46469739025
332	-11.0944973381
333	-1.27837941206
334	-1.22913199169
335	-6.53435894472
336	-8.65906251776
337	-1.65744177772
338	-18.9486733663
339	-1.27837941206
340	-1.22913199169
341	-8.01610227159
342	-1.27837941206
343	-1.22913199169
344	-9.25209588103
345	-10.1043620421
346	-1.22913199169
347	-13.4279054535
348	-1.27837941206
349	-1.46469739025
350	-10.9504222424
351	-1.71546039846
352	-1.46469739025
353	-11.0908839009
354	-5.38381984987
355	-1.46469739025
356	-8.08635604366
357	-1.51445509854
358	-1.22913199169
359	-4.90489508008
360	-1.71546039846
361	-7.55723591518
362	-9.10472458108
363	-1.51445509854
364	-1.66528611162
365	-10.5378865302
366	-1.51445509854
367	-1.66528611162
368	-7.40961942287
369	-1.27837941206
370	-1.65744177772
371	-18.8920201185
372	-1.73559235972
373	-1.66528611162
374	-1.56050566989
375	-9.72767800668
376	-1.22913199169
377	-4.99401235745
378	-1.27837941206
379	-1.66528611162
380	-7.39132247348
381	-1.51445509854
382	-1.66528611162
383	-4.99401235745
384	-1.73559235972
385	-1.22913199169
386	-4.90489508008
387	-1.71546039846
388	-1.46469739025
389	-8.96609274786
390	-1.71546039846
391	-1.66528611162
392	-6.30890627233
393	-5.57822839993
394	-1.22913199169
395	-1.56050566989
396	-1.51445509854
397	-6.19590178204
398	-10.4769568472
399	-1.51445509854
400	-1.65744177772
401	-1.56050566989
402	-1.51445509854
403	-1.22913199169
404	-4.74714924998
405	-1.71546039846
406	-1.22913199169
407	-10.4821713789
408	-1.71546039846
409	-1.22913199169
410	-2.04969682153
411	-1.51445509854
412	-8.62170444956
413	-6.246779976
414	-1.27837941206
415	-1.66528611162
416	-5.26167445376
417	-1.51445509854
418	-1.46469739025
419	-2.14031622319
420	-1.27837941206
421	-1.66528611162
422	-11.2243616432
423	-8.17812654007
424	-1.22913199169
425	-4.74714924998
426	-1.51445509854
427	-1.66528611162
428	-7.05694726607
429	-1.73559235972
430	-1.66528611162
431	-1.80058936445
432	-1.51445509854
433	-6.85219480278
434	-4.74714924998
435	-1.27837941206
436	-1.65744177772
437	-4.99401235745
438	-1.27837941206
439	-1.66528611162
440	-9.00983011669
441	-1.51445509854
442	-1.65744177772
443	-4.74714924998
444	-1.51445509854
445	-1.65744177772
446	-12.5193015305
447	-1.27837941206
448	-1.22913199169
449	-7.4565941142
450	-1.27837941206
451	-1.65744177772
452	-2.04969682153
453	-1.71546039846
454	-1.46469739025
455	-21.6127675045
456	-1.73559235972
457	-1.22913199169
458	-8.38238811642
459	-1.51445509854
460	-1.46469739025
461	-6.19852808429
462	-1.73559235972
463	-1.66528611162
464	-6.91920353556
465	-1.51445509854
466	-1.46469739025
467	-2.14031622319
468	-1.27837941206
469	-1.65744177772
470	-4.99047013962
471	-1.71546039846
472	-1.46469739025
473	-7.66519286462
474	-1.73559235972
475	-1.22913199169
476	-2.04969682153
477	-1.27837941206
478	-1.66528611162
479	-5.09066598847
480	-1.71546039846
481	-1.46469739025
482	-9.39035365034
483	-1.27837941206
484	-1.46469739025
485	-1.56050566989
486	-1.71546039846
487	-1.46469739025
488	-8.5496469529
