#Site	lnL	
0	-4.92548728787
1	-4.36590226186
2	-13.6399268226
3	-4.47218264038
4	-4.36590226186
5	-17.4562831924
6	-9.99711070394
7	-15.2045974312
8	-10.7993916237
9	-4.82415140748
10	-4.82913467396
11	-8.66621253654
12	-4.43924303874
13	-4.82913467396
14	-8.66621253654
15	-4.92548728787
16	-4.36590226186
17	-11.1616556078
18	-4.47218264038
19	-4.72491590042
20	-7.00118955435
21	-4.43924303874
22	-4.40442420453
23	-11.606047531
24	-4.43924303874
25	-4.40442420453
26	-9.01293538006
27	-4.82415140748
28	-4.40442420453
29	-9.08171063215
30	-4.43924303874
31	-4.36590226186
32	-9.60219255829
33	-4.43924303874
34	-4.82913467396
35	-8.49730220238
36	-8.73623492134
37	-4.72491590042
38	-10.0316001378
39	-4.92548728787
40	-4.36590226186
41	-12.5465716063
42	-4.82415140748
43	-4.82913467396
44	-9.08488322871
45	-4.92548728787
46	-4.40442420453
47	-7.00118955435
48	-4.92548728787
49	-4.40442420453
50	-7.14283193041
51	-4.47218264038
52	-4.40442420453
53	-9.263818676
54	-4.43924303874
55	-4.36590226186
56	-8.62053515203
57	-4.92548728787
58	-4.36590226186
59	-7.00118955435
60	-4.92548728787
61	-4.36590226186
62	-11.6164422749
63	-8.96134376762
64	-4.36590226186
65	-8.62053515203
66	-4.43924303874
67	-4.82913467396
68	-11.7677856139
69	-4.82415140748
70	-4.40442420453
71	-7.14283193041
72	-4.82415140748
73	-15.0591568039
74	-7.00118955435
75	-4.43924303874
76	-4.72491590042
77	-12.1592009532
78	-4.43924303874
79	-4.36590226186
80	-7.14283193041
81	-4.47218264038
82	-4.40442420453
83	-9.74543188527
84	-4.47218264038
85	-4.72491590042
86	-9.96569286816
87	-8.98094358256
88	-4.36590226186
89	-9.36364589498
90	-4.92548728787
91	-4.72491590042
92	-11.0787085698
93	-4.47218264038
94	-4.36590226186
95	-12.8596093348
96	-4.43924303874
97	-14.1255089612
98	-9.36364589498
99	-4.43924303874
100	-4.40442420453
101	-9.11405455615
102	-4.43924303874
103	-4.40442420453
104	-7.00118955435
105	-8.55674111219
106	-9.85340066267
107	-8.31753356875
108	-4.92548728787
109	-4.40442420453
110	-7.00118955435
111	-4.47218264038
112	-4.72491590042
113	-13.1030920556
114	-4.82415140748
115	-4.40442420453
116	-7.14283193041
117	-4.43924303874
118	-4.82913467396
119	-8.31753356875
120	-4.43924303874
121	-4.82913467396
122	-12.4824002632
123	-4.82415140748
124	-4.40442420453
125	-13.2480560506
126	-4.82415140748
127	-4.40442420453
128	-11.1595818753
129	-4.43924303874
130	-4.40442420453
131	-17.4599603028
132	-4.82415140748
133	-4.72491590042
134	-10.4239961571
135	-4.43924303874
136	-4.82913467396
137	-9.11405455615
138	-4.43924303874
139	-4.72491590042
140	-10.8577175363
141	-4.47218264038
142	-4.82913467396
143	-11.4754283206
144	-4.47218264038
145	-4.72491590042
146	-8.31753356875
147	-4.82415140748
148	-4.36590226186
149	-7.14283193041
150	-4.47218264038
151	-4.72491590042
152	-9.27532927038
153	-4.43924303874
154	-4.40442420453
155	-10.510999235
156	-4.43924303874
157	-4.82913467396
158	-14.0145681568
159	-4.47218264038
160	-4.36590226186
161	-9.11405455615
162	-4.92548728787
163	-4.36590226186
164	-7.00118955435
165	-4.82415140748
166	-4.82913467396
167	-7.00118955435
168	-4.43924303874
169	-4.40442420453
170	-11.906702617
171	-4.43924303874
172	-4.36590226186
173	-8.0264621398
174	-4.43924303874
175	-4.72491590042
176	-11.0274244486
177	-4.92548728787
178	-4.36590226186
179	-14.9413116884
180	-4.43924303874
181	-12.1292601381
182	-7.14283193041
183	-14.3196117157
184	-22.9629756103
185	-10.0316001378
186	-4.82415140748
187	-4.36590226186
188	-9.87142691574
189	-11.6961518966
190	-4.36590226186
191	-14.9806388434
192	-9.12038229301
193	-4.40442420453
194	-10.3806474418
195	-8.73623492134
196	-4.82913467396
197	-8.88984544272
198	-4.47218264038
199	-4.40442420453
200	-9.45601737127
201	-4.43924303874
202	-4.36590226186
203	-10.9085458923
204	-4.43924303874
205	-4.40442420453
206	-8.05948858123
207	-4.43924303874
208	-4.40442420453
209	-8.31753356875
210	-4.82415140748
211	-4.40442420453
212	-10.1381257036
213	-4.47218264038
214	-4.40442420453
215	-8.66621253654
216	-10.6696960318
217	-4.82913467396
218	-14.4658959585
219	-4.43924303874
220	-4.72491590042
221	-7.14283193041
222	-4.82415140748
223	-4.82913467396
224	-15.9356203848
225	-4.82415140748
226	-4.40442420453
227	-10.4083565182
228	-4.47218264038
229	-4.40442420453
230	-11.606047531
231	-4.82415140748
232	-4.82913467396
233	-11.3450809459
234	-4.43924303874
235	-4.36590226186
236	-8.31753356875
237	-4.47218264038
238	-4.40442420453
239	-7.00118955435
240	-4.82415140748
241	-4.36590226186
242	-7.00118955435
243	-4.47218264038
244	-4.82913467396
245	-8.62053515203
246	-4.43924303874
247	-4.72491590042
248	-7.00118955435
249	-11.2945446392
250	-4.82913467396
251	-16.058746705
252	-4.82415140748
253	-4.82913467396
254	-7.00118955435
255	-4.92548728787
256	-4.72491590042
257	-7.00118955435
258	-4.92548728787
259	-4.72491590042
260	-9.45693851981
261	-10.6809377877
262	-4.40442420453
263	-9.60219255829
264	-4.43924303874
265	-4.36590226186
266	-7.00118955435
267	-4.92548728787
268	-4.36590226186
269	-8.05948858123
270	-4.82415140748
271	-4.82913467396
272	-7.14283193041
273	-9.02040164314
274	-4.40442420453
275	-11.0274244486
276	-15.3927092877
277	-4.36590226186
278	-11.3006081695
279	-4.82415140748
280	-4.36590226186
281	-7.00118955435
282	-11.6848723871
283	-4.82913467396
284	-8.05948858123
285	-4.92548728787
286	-4.40442420453
287	-14.1031690079
288	-4.47218264038
289	-4.36590226186
290	-15.0328510019
291	-4.43924303874
292	-4.36590226186
293	-7.14283193041
294	-4.47218264038
295	-4.40442420453
296	-8.66621253654
297	-9.16395258659
298	-16.5455570344
299	-7.00118955435
300	-4.43924303874
301	-4.82913467396
302	-7.00118955435
303	-4.43924303874
304	-4.72491590042
305	-9.17151194355
306	-4.43924303874
307	-4.72491590042
308	-13.9885822477
309	-4.82415140748
310	-4.72491590042
311	-8.62053515203
312	-4.82415140748
313	-4.72491590042
314	-9.36364589498
315	-4.47218264038
316	-4.36590226186
317	-12.8483119616
318	-4.43924303874
319	-4.40442420453
320	-7.14283193041
321	-4.47218264038
322	-4.36590226186
323	-13.9791505728
324	-4.92548728787
325	-4.36590226186
326	-11.4225805125
327	-4.92548728787
328	-4.40442420453
329	-13.8478332599
330	-4.43924303874
331	-4.72491590042
332	-12.5958422548
333	-4.47218264038
334	-4.72491590042
335	-10.3449166163
336	-4.43924303874
337	-4.36590226186
338	-13.3475865044
339	-4.92548728787
340	-4.40442420453
341	-7.14283193041
342	-4.82415140748
343	-4.36590226186
344	-9.04067840386
345	-4.82415140748
346	-4.72491590042
347	-11.7730300124
348	-4.82415140748
349	-4.82913467396
350	-12.5760533417
351	-4.47218264038
352	-4.72491590042
353	-10.8300542058
354	-4.43924303874
355	-4.40442420453
356	-12.6424314938
357	-4.43924303874
358	-4.40442420453
359	-10.0316001378
360	-4.43924303874
361	-4.40442420453
362	-8.66621253654
363	-4.47218264038
364	-4.36590226186
365	-8.62053515203
366	-4.92548728787
367	-4.82913467396
368	-8.88984544272
369	-4.47218264038
370	-4.40442420453
371	-10.4929396116
372	-4.82415140748
373	-4.40442420453
374	-9.11405455615
375	-4.47218264038
376	-4.72491590042
377	-12.4329363301
378	-4.92548728787
379	-4.36590226186
380	-10.8181246933
381	-4.47218264038
382	-4.40442420453
383	-11.9014960434
384	-4.43924303874
385	-4.40442420453
386	-8.66621253654
387	-15.9475574044
388	-4.40442420453
389	-12.3170912849
390	-9.4708718087
391	-4.72491590042
392	-14.8044952033
393	-4.82415140748
394	-4.82913467396
395	-9.45601737127
396	-4.47218264038
397	-4.36590226186
398	-16.4575002575
399	-4.82415140748
400	-4.82913467396
401	-11.5858978973
402	-4.43924303874
403	-4.40442420453
404	-9.88032741247
405	-4.43924303874
406	-4.36590226186
407	-9.96569286816
408	-4.92548728787
409	-4.72491590042
410	-7.00118955435
411	-4.82415140748
412	-4.72491590042
413	-12.1646548056
414	-8.59303233426
415	-4.40442420453
416	-8.66621253654
417	-4.47218264038
418	-4.40442420453
419	-9.9657109237
420	-4.82415140748
421	-4.40442420453
422	-9.45693851981
423	-4.47218264038
424	-4.82913467396
425	-9.45601737127
426	-4.47218264038
427	-4.40442420453
428	-8.62053515203
429	-4.82415140748
430	-4.36590226186
431	-9.86801774249
432	-4.43924303874
433	-4.82913467396
434	-7.14283193041
435	-4.43924303874
436	-4.82913467396
437	-7.14283193041
438	-4.43924303874
439	-4.40442420453
440	-7.00118955435
441	-4.47218264038
442	-4.36590226186
443	-10.7030473687
444	-4.92548728787
445	-4.36590226186
446	-7.00118955435
447	-4.47218264038
448	-4.40442420453
449	-15.5550663552
450	-4.43924303874
451	-4.36590226186
452	-7.00118955435
453	-4.92548728787
454	-4.82913467396
455	-14.9304582104
456	-4.47218264038
457	-4.40442420453
458	-7.00118955435
459	-4.47218264038
460	-4.40442420453
461	-7.14283193041
462	-4.92548728787
463	-4.36590226186
464	-8.66621253654
465	-4.92548728787
466	-4.40442420453
467	-8.31753356875
468	-4.82415140748
469	-4.72491590042
470	-9.96210866524
471	-4.92548728787
472	-4.82913467396
473	-7.00118955435
474	-4.82415140748
475	-4.40442420453
476	-15.3409310792
477	-9.65460839792
478	-4.36590226186
479	-7.00118955435
480	-4.47218264038
481	-4.40442420453
482	-7.00118955435
483	-4.92548728787
484	-4.82913467396
485	-9.61988567867
486	-4.43924303874
487	-4.36590226186
488	-7.14283193041
