#Site	lnL	
0	-1.60133358763
1	-1.59697426537
2	-1.8377840927
3	-1.60133358763
4	-2.08501667839
5	-7.90481672572
6	-2.0384805976
7	-1.59440206598
8	-7.61112137559
9	-1.60133358763
10	-1.59440206598
11	-12.0268236614
12	-1.60133358763
13	-1.59440206598
14	-2.38752359955
15	-1.59896968985
16	-1.59697426537
17	-9.33482238522
18	-2.09163431004
19	-1.59440206598
20	-9.67637677674
21	-1.59896968985
22	-1.59440206598
23	-5.42078542415
24	-1.60133358763
25	-2.08501667839
26	-11.3198766229
27	-1.60133358763
28	-1.59697426537
29	-20.1510076926
30	-1.60133358763
31	-1.59440206598
32	-5.18944718273
33	-2.09163431004
34	-1.59440206598
35	-8.77905342528
36	-2.0384805976
37	-2.08501667839
38	-5.04888493809
39	-6.17761823892
40	-1.59440206598
41	-13.9349285609
42	-1.60133358763
43	-1.59440206598
44	-16.9419156016
45	-2.0384805976
46	-1.59697426537
47	-5.09707704047
48	-1.60133358763
49	-1.59697426537
50	-4.79641886906
51	-2.09163431004
52	-2.03183561902
53	-12.0447342277
54	-1.60133358763
55	-1.59440206598
56	-5.04888493809
57	-1.59896968985
58	-2.08501667839
59	-2.38752359955
60	-1.60133358763
61	-1.59697426537
62	-2.43944087846
63	-1.60133358763
64	-1.59697426537
65	-13.0381665833
66	-1.59896968985
67	-2.08501667839
68	-5.04888493809
69	-1.60133358763
70	-1.59697426537
71	-10.8113526123
72	-1.59896968985
73	-1.59440206598
74	-7.8913370578
75	-9.18311001564
76	-1.59697426537
77	-5.13385503581
78	-2.09163431004
79	-1.59697426537
80	-24.5010478716
81	-1.60133358763
82	-1.59697426537
83	-6.48430569994
84	-1.59896968985
85	-1.59697426537
86	-12.986011473
87	-2.09163431004
88	-1.59440206598
89	-18.137432781
90	-2.0384805976
91	-1.59697426537
92	-1.82930590825
93	-2.0384805976
94	-1.59440206598
95	-2.43944087846
96	-1.59896968985
97	-2.03183561902
98	-8.77905342528
99	-2.0384805976
100	-2.08501667839
101	-4.75008744195
102	-1.59896968985
103	-1.59697426537
104	-7.74319898736
105	-1.59896968985
106	-1.59697426537
107	-6.37525451938
108	-1.59896968985
109	-1.59440206598
110	-1.8377840927
111	-1.59896968985
112	-2.08501667839
113	-4.79641886906
114	-2.0384805976
115	-2.03183561902
116	-2.43944087846
117	-2.09163431004
118	-1.59697426537
119	-4.93101198676
120	-1.60133358763
121	-1.59697426537
122	-12.97720652
123	-2.09163431004
124	-1.59440206598
125	-4.8739038221
126	-1.59896968985
127	-2.08501667839
128	-1.82930590825
129	-2.0384805976
130	-1.59697426537
131	-1.82930590825
132	-1.59896968985
133	-2.08501667839
134	-1.8377840927
135	-2.09163431004
136	-1.59440206598
137	-8.33216699711
138	-1.60133358763
139	-2.08501667839
140	-6.6301243493
141	-1.60133358763
142	-2.03183561902
143	-1.82930590825
144	-1.60133358763
145	-1.59697426537
146	-2.38752359955
147	-1.60133358763
148	-2.08501667839
149	-8.77905342528
150	-1.59896968985
151	-1.59697426537
152	-1.82930590825
153	-1.59896968985
154	-1.59440206598
155	-7.9574697434
156	-1.60133358763
157	-2.08501667839
158	-14.8484628443
159	-2.09163431004
160	-1.59440206598
161	-9.00681355894
162	-1.59896968985
163	-1.59697426537
164	-8.33774232994
165	-2.0384805976
166	-1.59697426537
167	-8.52565104164
168	-1.60133358763
169	-11.5881859969
170	-6.38180377223
171	-1.59896968985
172	-1.59697426537
173	-7.80806531672
174	-2.09163431004
175	-1.59697426537
176	-2.38752359955
177	-1.59896968985
178	-1.59440206598
179	-5.04888493809
180	-6.55864640805
181	-1.59440206598
182	-5.04888493809
183	-1.60133358763
184	-1.59440206598
185	-4.8739038221
186	-1.59896968985
187	-2.03183561902
188	-6.95156997695
189	-1.59896968985
190	-1.59440206598
191	-17.0191064729
192	-6.17761823892
193	-1.59440206598
194	-7.90481672572
195	-1.60133358763
196	-1.59697426537
197	-15.2319031269
198	-2.0384805976
199	-14.0200553695
200	-5.09707704047
201	-2.0384805976
202	-1.59697426537
203	-10.8939998608
204	-2.0384805976
205	-1.59697426537
206	-9.32854923897
207	-5.88827538658
208	-1.59440206598
209	-9.28755774449
210	-1.59896968985
211	-1.59697426537
212	-4.75008744195
213	-1.60133358763
214	-2.03183561902
215	-11.756674765
216	-7.50982870185
217	-1.59440206598
218	-8.03655777187
219	-1.60133358763
220	-2.08501667839
221	-14.4446562343
222	-1.60133358763
223	-2.08501667839
224	-5.56339345792
225	-2.09163431004
226	-6.57035731207
227	-1.8377840927
228	-2.0384805976
229	-2.08501667839
230	-2.38752359955
231	-1.59896968985
232	-2.08501667839
233	-2.38752359955
234	-1.60133358763
235	-2.08501667839
236	-5.62176263881
237	-2.0384805976
238	-1.59697426537
239	-2.43944087846
240	-6.12076190358
241	-1.59697426537
242	-10.2647261063
243	-1.59896968985
244	-2.03183561902
245	-10.5144406343
246	-2.0384805976
247	-1.59440206598
248	-12.6957462001
249	-2.09163431004
250	-1.59697426537
251	-4.79641886906
252	-1.60133358763
253	-8.13175067422
254	-2.38752359955
255	-7.67310565455
256	-2.03183561902
257	-13.2468547326
258	-1.59896968985
259	-2.08501667839
260	-6.42071486279
261	-1.60133358763
262	-1.59440206598
263	-6.51240518753
264	-2.0384805976
265	-1.59697426537
266	-6.56965801429
267	-1.59896968985
268	-1.59440206598
269	-15.4022115045
270	-1.59896968985
271	-1.59697426537
272	-5.04888493809
273	-2.0384805976
274	-2.03183561902
275	-8.27237382382
276	-2.0384805976
277	-1.59440206598
278	-2.43944087846
279	-6.17761823892
280	-6.62680827856
281	-1.8377840927
282	-1.60133358763
283	-1.59697426537
284	-2.38752359955
285	-7.47148996013
286	-1.59697426537
287	-1.8377840927
288	-1.59896968985
289	-1.59697426537
290	-5.42078542415
291	-1.60133358763
292	-2.03183561902
293	-9.67103619193
294	-1.60133358763
295	-1.59440206598
296	-4.75008744195
297	-1.60133358763
298	-1.59440206598
299	-5.4667375843
300	-1.60133358763
301	-2.03183561902
302	-5.42078542415
303	-1.60133358763
304	-10.0733992711
305	-15.4950823386
306	-2.0384805976
307	-1.59697426537
308	-8.10565251898
309	-1.59896968985
310	-2.03183561902
311	-7.15849839973
312	-2.0384805976
313	-2.08501667839
314	-9.24882050869
315	-1.59896968985
316	-2.03183561902
317	-4.75008744195
318	-1.60133358763
319	-1.59697426537
320	-9.6963020468
321	-2.0384805976
322	-1.59697426537
323	-6.37525451938
324	-1.60133358763
325	-1.59697426537
326	-1.8377840927
327	-1.60133358763
328	-1.59697426537
329	-6.42071486279
330	-1.59896968985
331	-1.59440206598
332	-11.6421718921
333	-1.60133358763
334	-1.59440206598
335	-6.48430569994
336	-1.60133358763
337	-1.59440206598
338	-10.7048544131
339	-1.60133358763
340	-1.59440206598
341	-7.18481923204
342	-2.09163431004
343	-1.59440206598
344	-5.42078542415
345	-1.59896968985
346	-1.59440206598
347	-9.69630320357
348	-2.0384805976
349	-2.08501667839
350	-5.4667375843
351	-7.50982870185
352	-1.59440206598
353	-15.9757584273
354	-2.0384805976
355	-1.59440206598
356	-6.56965801429
357	-1.60133358763
358	-2.08501667839
359	-12.3021749175
360	-1.60133358763
361	-2.08501667839
362	-7.8913370578
363	-2.0384805976
364	-1.59440206598
365	-30.2251457924
366	-1.59896968985
367	-1.59440206598
368	-1.8377840927
369	-7.67310565455
370	-2.03183561902
371	-16.7434173632
372	-2.0384805976
373	-6.2266564771
374	-1.82930590825
375	-1.60133358763
376	-1.59440206598
377	-6.57854293772
378	-2.09163431004
379	-2.03183561902
380	-1.82930590825
381	-1.59896968985
382	-1.59440206598
383	-1.8377840927
384	-2.0384805976
385	-1.59440206598
386	-1.82930590825
387	-1.60133358763
388	-1.59697426537
389	-2.38752359955
390	-2.0384805976
391	-1.59697426537
392	-2.38752359955
393	-1.60133358763
394	-2.08501667839
395	-2.43944087846
396	-1.60133358763
397	-1.59440206598
398	-5.4667375843
399	-10.7197007835
400	-2.08501667839
401	-6.95156997695
402	-2.0384805976
403	-6.24979286434
404	-13.0381665833
405	-1.59896968985
406	-1.59440206598
407	-1.8377840927
408	-1.60133358763
409	-2.03183561902
410	-5.13385503581
411	-1.59896968985
412	-1.59697426537
413	-1.82930590825
414	-1.60133358763
415	-2.03183561902
416	-5.04888493809
417	-1.60133358763
418	-2.08501667839
419	-7.5468934443
420	-2.09163431004
421	-5.93753105736
422	-1.8377840927
423	-2.09163431004
424	-2.03183561902
425	-1.8377840927
426	-2.09163431004
427	-1.59697426537
428	-2.43944087846
429	-1.60133358763
430	-2.08501667839
431	-2.38752359955
432	-2.09163431004
433	-2.03183561902
434	-5.04888493809
435	-1.59896968985
436	-2.08501667839
437	-12.2595374198
438	-2.09163431004
439	-2.03183561902
440	-5.42078542415
441	-7.57504221713
442	-1.59697426537
443	-11.5914406593
444	-1.59896968985
445	-1.59697426537
446	-7.90481672572
447	-1.60133358763
448	-1.59697426537
449	-6.37525451938
450	-1.59896968985
451	-7.57702531254
452	-13.9166984193
453	-2.0384805976
454	-1.59697426537
455	-6.51240518753
456	-1.59896968985
457	-1.59440206598
458	-5.42078542415
459	-2.0384805976
460	-1.59697426537
461	-5.13385503581
462	-1.59896968985
463	-2.08501667839
464	-5.18944718273
465	-1.60133358763
466	-1.59440206598
467	-10.6211699951
468	-1.59896968985
469	-1.59697426537
470	-8.01681198164
471	-1.60133358763
472	-2.03183561902
473	-1.8377840927
474	-2.0384805976
475	-1.59440206598
476	-15.61632346
477	-1.60133358763
478	-1.59697426537
479	-12.0174120406
480	-1.59896968985
481	-7.81893424135
482	-14.0398113285
483	-1.60133358763
484	-7.52069358922
485	-12.1339373109
486	-10.2792615122
487	-7.66082565294
488	-15.9707534293
