#Site	lnL	
0	-1.45363475514
1	-1.78722320299
2	-12.9588131016
3	-1.41676506411
4	-1.7536553595
5	-6.19841693912
6	-1.45363475514
7	-1.39332969024
8	-24.7304191153
9	-1.7847846433
10	-1.43072798518
11	-1.40467263805
12	-1.7847846433
13	-1.7536553595
14	-12.2818518171
15	-1.41676506411
16	-5.97886575561
17	-6.21455857815
18	-1.45363475514
19	-1.7536553595
20	-18.390784776
21	-1.81747870846
22	-7.17796021993
23	-12.654201818
24	-5.85059254177
25	-1.39332969024
26	-5.9565249554
27	-1.41676506411
28	-1.39332969024
29	-1.40467263805
30	-7.97883052502
31	-1.78722320299
32	-7.02037403518
33	-5.83822569555
34	-1.78722320299
35	-15.8045764493
36	-7.25939793898
37	-1.43072798518
38	-5.9565249554
39	-11.3131439335
40	-1.39332969024
41	-18.9945276718
42	-5.80922015884
43	-1.78722320299
44	-9.13210633279
45	-1.41676506411
46	-1.39332969024
47	-12.654201818
48	-5.95380473281
49	-1.39332969024
50	-1.7687202123
51	-1.45363475514
52	-10.009406024
53	-1.40467263805
54	-1.45363475514
55	-1.43072798518
56	-1.80186492043
57	-5.85059254177
58	-1.43072798518
59	-12.3584290157
60	-1.41676506411
61	-1.43072798518
62	-1.40467263805
63	-1.45363475514
64	-1.39332969024
65	-10.4611463576
66	-1.7847846433
67	-1.7536553595
68	-7.87668005203
69	-6.95755853156
70	-1.78722320299
71	-6.12481410501
72	-1.81747870846
73	-1.39332969024
74	-8.72193070875
75	-1.7847846433
76	-1.39332969024
77	-6.03035167899
78	-1.41676506411
79	-1.7536553595
80	-1.40467263805
81	-1.7847846433
82	-1.7536553595
83	-16.4858077457
84	-1.41676506411
85	-1.43072798518
86	-17.3303536622
87	-1.45363475514
88	-1.78722320299
89	-5.9565249554
90	-1.45363475514
91	-1.39332969024
92	-1.40467263805
93	-1.7847846433
94	-10.7413543766
95	-7.06395184011
96	-1.41676506411
97	-7.51885033787
98	-12.8462539685
99	-1.41676506411
100	-1.43072798518
101	-14.2640283695
102	-1.81747870846
103	-1.78722320299
104	-12.7382715831
105	-1.41676506411
106	-1.78722320299
107	-1.80186492043
108	-1.81747870846
109	-1.43072798518
110	-7.06395184011
111	-1.41676506411
112	-1.78722320299
113	-7.92047052324
114	-1.7847846433
115	-1.78722320299
116	-10.4984576366
117	-1.81747870846
118	-1.7536553595
119	-13.1046824067
120	-1.7847846433
121	-1.78722320299
122	-8.36967678736
123	-1.81747870846
124	-1.78722320299
125	-16.016824527
126	-1.41676506411
127	-9.88394206624
128	-12.0562920729
129	-1.7847846433
130	-1.7536553595
131	-7.43428714516
132	-1.7847846433
133	-1.39332969024
134	-5.84155854647
135	-1.45363475514
136	-1.78722320299
137	-11.2357773336
138	-1.41676506411
139	-1.78722320299
140	-22.7210906205
141	-1.7847846433
142	-6.09445405408
143	-1.44181477893
144	-1.45363475514
145	-1.7536553595
146	-1.40467263805
147	-1.41676506411
148	-1.43072798518
149	-14.6951079394
150	-1.81747870846
151	-1.78722320299
152	-14.0795829154
153	-1.41676506411
154	-1.43072798518
155	-13.4007506433
156	-1.7847846433
157	-1.43072798518
158	-24.0617766656
159	-1.41676506411
160	-1.43072798518
161	-10.8060634637
162	-1.45363475514
163	-1.39332969024
164	-12.5730794076
165	-12.1705476006
166	-1.7536553595
167	-7.65037998116
168	-1.81747870846
169	-1.39332969024
170	-1.40467263805
171	-1.45363475514
172	-1.39332969024
173	-15.0144408239
174	-1.41676506411
175	-1.43072798518
176	-7.87668005203
177	-1.45363475514
178	-1.7536553595
179	-13.4007506433
180	-1.41676506411
181	-1.7536553595
182	-21.3097484928
183	-1.7847846433
184	-1.39332969024
185	-7.6194061645
186	-1.41676506411
187	-1.39332969024
188	-1.44181477893
189	-1.81747870846
190	-1.39332969024
191	-9.06376734848
192	-1.7847846433
193	-1.39332969024
194	-8.79597961966
195	-1.45363475514
196	-6.144194737
197	-7.92047052324
198	-1.7847846433
199	-7.20351353739
200	-8.03648979779
201	-1.41676506411
202	-1.7536553595
203	-1.40467263805
204	-1.45363475514
205	-1.39332969024
206	-11.8469807207
207	-1.41676506411
208	-6.02912731004
209	-12.8427466524
210	-1.7847846433
211	-1.78722320299
212	-6.19841693912
213	-1.45363475514
214	-1.39332969024
215	-1.44181477893
216	-1.45363475514
217	-1.78722320299
218	-6.14171420572
219	-1.41676506411
220	-1.43072798518
221	-6.12481410501
222	-1.41676506411
223	-1.43072798518
224	-5.86853964763
225	-1.41676506411
226	-1.7536553595
227	-1.44181477893
228	-6.09279403501
229	-1.39332969024
230	-10.5028833687
231	-1.7847846433
232	-1.43072798518
233	-25.1853093708
234	-6.09279403501
235	-1.39332969024
236	-1.40467263805
237	-1.81747870846
238	-1.39332969024
239	-12.248213873
240	-1.81747870846
241	-1.39332969024
242	-1.80186492043
243	-1.41676506411
244	-1.43072798518
245	-19.6145582139
246	-1.45363475514
247	-1.39332969024
248	-24.1149032614
249	-1.41676506411
250	-1.7536553595
251	-14.7589100514
252	-1.41676506411
253	-1.39332969024
254	-5.91535756381
255	-1.7847846433
256	-7.1305588058
257	-12.6417250579
258	-1.45363475514
259	-1.39332969024
260	-1.44181477893
261	-1.81747870846
262	-1.78722320299
263	-6.21455857815
264	-1.45363475514
265	-8.72351273398
266	-7.09291092874
267	-1.45363475514
268	-1.7536553595
269	-14.630965338
270	-1.81747870846
271	-1.78722320299
272	-6.19841693912
273	-7.92959321898
274	-1.7536553595
275	-7.06395184011
276	-1.41676506411
277	-1.39332969024
278	-6.03035167899
279	-1.81747870846
280	-1.78722320299
281	-16.0774378703
282	-1.41676506411
283	-1.39332969024
284	-13.6562453488
285	-1.45363475514
286	-1.43072798518
287	-6.19841693912
288	-1.45363475514
289	-1.78722320299
290	-14.9542673293
291	-1.45363475514
292	-1.43072798518
293	-8.36967678736
294	-1.45363475514
295	-5.95505853979
296	-1.44181477893
297	-1.81747870846
298	-1.43072798518
299	-7.06395184011
300	-1.41676506411
301	-1.78722320299
302	-12.7908203657
303	-1.41676506411
304	-1.43072798518
305	-9.21403932313
306	-1.45363475514
307	-1.39332969024
308	-12.7654202012
309	-1.41676506411
310	-1.7536553595
311	-1.7687202123
312	-5.80922015884
313	-1.39332969024
314	-1.40467263805
315	-1.45363475514
316	-1.39332969024
317	-6.05671173992
318	-1.81747870846
319	-1.78722320299
320	-7.43428714516
321	-1.45363475514
322	-1.39332969024
323	-8.39335784899
324	-1.81747870846
325	-1.7536553595
326	-6.21455857815
327	-1.41676506411
328	-1.78722320299
329	-18.0254639197
330	-1.41676506411
331	-1.7536553595
332	-7.33081251391
333	-1.41676506411
334	-1.7536553595
335	-17.2746257312
336	-1.7847846433
337	-1.43072798518
338	-12.043461191
339	-1.7847846433
340	-1.43072798518
341	-28.0591091157
342	-1.7847846433
343	-1.39332969024
344	-8.20363541944
345	-1.7847846433
346	-1.78722320299
347	-12.3545759714
348	-1.45363475514
349	-1.7536553595
350	-8.09306499043
351	-1.81747870846
352	-1.7536553595
353	-15.2846518115
354	-1.81747870846
355	-1.7536553595
356	-16.4244369433
357	-1.41676506411
358	-1.39332969024
359	-12.6483919939
360	-1.45363475514
361	-1.43072798518
362	-14.6550891676
363	-1.41676506411
364	-1.39332969024
365	-5.84155854647
366	-1.7847846433
367	-1.78722320299
368	-6.05671173992
369	-1.45363475514
370	-1.39332969024
371	-10.6541284715
372	-1.45363475514
373	-1.39332969024
374	-6.03035167899
375	-1.45363475514
376	-1.43072798518
377	-16.7789777733
378	-1.45363475514
379	-1.39332969024
380	-1.44181477893
381	-6.03852454666
382	-1.43072798518
383	-6.03035167899
384	-1.41676506411
385	-1.7536553595
386	-9.78044043561
387	-1.41676506411
388	-1.7536553595
389	-11.8657832795
390	-1.7847846433
391	-1.43072798518
392	-7.36174250506
393	-1.81747870846
394	-1.43072798518
395	-14.5294884227
396	-1.41676506411
397	-1.43072798518
398	-6.03035167899
399	-1.7847846433
400	-1.39332969024
401	-8.36901380846
402	-1.81747870846
403	-1.78722320299
404	-1.44181477893
405	-1.81747870846
406	-1.78722320299
407	-21.7588499075
408	-1.41676506411
409	-1.43072798518
410	-16.4561282846
411	-1.45363475514
412	-1.43072798518
413	-7.72289887843
414	-5.92413577469
415	-1.39332969024
416	-1.44181477893
417	-1.7847846433
418	-1.39332969024
419	-8.03648979779
420	-1.41676506411
421	-1.43072798518
422	-17.5091634057
423	-1.81747870846
424	-6.144194737
425	-1.80186492043
426	-1.7847846433
427	-6.07010158579
428	-11.2357773336
429	-9.60578086252
430	-1.7536553595
431	-10.5028833687
432	-1.81747870846
433	-1.39332969024
434	-1.44181477893
435	-1.45363475514
436	-1.43072798518
437	-5.98412351077
438	-1.41676506411
439	-1.39332969024
440	-1.44181477893
441	-1.45363475514
442	-1.43072798518
443	-5.91535756381
444	-1.41676506411
445	-1.43072798518
446	-10.6032273205
447	-1.41676506411
448	-1.43072798518
449	-1.7687202123
450	-1.7847846433
451	-1.39332969024
452	-13.909086538
453	-7.91693922863
454	-1.43072798518
455	-14.4554183152
456	-1.41676506411
457	-1.78722320299
458	-1.44181477893
459	-1.7847846433
460	-1.43072798518
461	-14.6566282301
462	-1.45363475514
463	-1.7536553595
464	-1.80186492043
465	-1.41676506411
466	-1.39332969024
467	-1.44181477893
468	-1.7847846433
469	-1.43072798518
470	-5.98412351077
471	-1.41676506411
472	-1.39332969024
473	-5.94112772873
474	-1.41676506411
475	-1.7536553595
476	-8.2817235251
477	-1.7847846433
478	-1.78722320299
479	-5.9565249554
480	-1.45363475514
481	-1.78722320299
482	-1.80186492043
483	-1.81747870846
484	-1.43072798518
485	-17.4840980744
486	-1.45363475514
487	-1.78722320299
488	-6.19841693912
