-7.536433895802066019e-01
-6.251332946372462063e-01
-8.815226613416428103e-01
2.858219420655125909e+00
-9.483263314514990272e-01
1.858187343120609070e+00
1.177087349692143015e+00
1.000000000000000021e-08
-4.134565091382406798e+00
-4.580753276233481941e+00
-3.552962378345746242e+00
-3.855894031835596092e+00
-6.002769200399339589e+00
-5.404403921923509380e+00
-4.855524233750000640e+00
-4.925853714861494481e+00
-6.243211445486102740e+00
-5.065786637021913563e+00
-4.887324772637275494e+00
-6.567728050182297217e+00
