-7.708095324966095507e-01
-4.386894818969447329e-01
-8.608488651236363420e-01
2.725549094548102680e+00
-1.040382408276983917e+00
3.093633346043651144e+00
3.093633346043652033e+00
-4.370981089231653627e+00
-3.944870907580505737e+00
-3.637411305591007338e+00
-4.408578631424545868e+00
-5.493729617103307206e+00
-5.896526268820990957e+00
-5.643658869025554026e+00
-4.813451970362619292e+00
-6.416663253492109753e+00
-5.333858175403889845e+00
-4.450308173885626495e+00
-7.036736435922491317e+00
-1.142856912669223490e+01
