#Site	lnL	
0	-1.34919260971
1	-1.30294414027
2	-3.25210804356
3	-1.32917736844
4	-1.74181820164
5	-9.5251089794
6	-8.35256349121
7	-1.56460852976
8	-6.99792857802
9	-1.32917736844
10	-1.30294414027
11	-8.95232450773
12	-1.34919260971
13	-1.74181820164
14	-9.28926128325
15	-1.32917736844
16	-1.30294414027
17	-8.95232450773
18	-1.34919260971
19	-1.74181820164
20	-4.94623022235
21	-6.40992911618
22	-6.9950931832
23	-9.83392987458
24	-1.34919260971
25	-1.30294414027
26	-9.24510323051
27	-1.34919260971
28	-1.56460852976
29	-12.0872974265
30	-6.45646717379
31	-1.27603031816
32	-7.85042672111
33	-1.63233682344
34	-1.30294414027
35	-8.66247978375
36	-1.34919260971
37	-1.56460852976
38	-3.25210804356
39	-1.63233682344
40	-1.30294414027
41	-4.44828094733
42	-1.80819340088
43	-1.27603031816
44	-16.7858101614
45	-1.80819340088
46	-1.27603031816
47	-5.74958998191
48	-1.32917736844
49	-1.56460852976
50	-7.83207832957
51	-1.32917736844
52	-1.74181820164
53	-5.6332901417
54	-1.34919260971
55	-1.56460852976
56	-3.25210804356
57	-1.80819340088
58	-1.27603031816
59	-11.0598783126
60	-11.2314780155
61	-1.30294414027
62	-9.83392987458
63	-14.23202076
64	-1.74181820164
65	-3.25210804356
66	-1.34919260971
67	-1.30294414027
68	-6.82332045795
69	-1.32917736844
70	-1.30294414027
71	-8.99128812959
72	-1.63233682344
73	-1.56460852976
74	-14.0713436782
75	-6.20190368333
76	-11.6230359304
77	-4.62238671366
78	-1.32917736844
79	-1.74181820164
80	-4.44828094733
81	-1.80819340088
82	-1.27603031816
83	-3.25210804356
84	-1.34919260971
85	-1.56460852976
86	-10.0252605594
87	-1.34919260971
88	-6.77493495419
89	-3.48866766592
90	-1.34919260971
91	-1.30294414027
92	-3.25210804356
93	-1.34919260971
94	-1.27603031816
95	-11.858368304
96	-6.20877500182
97	-1.30294414027
98	-4.62238671366
99	-1.63233682344
100	-1.56460852976
101	-10.6132162369
102	-1.34919260971
103	-1.56460852976
104	-8.48289194289
105	-1.80819340088
106	-1.56460852976
107	-7.8142447151
108	-1.34919260971
109	-1.27603031816
110	-8.88506117825
111	-1.32917736844
112	-1.30294414027
113	-11.392530788
114	-1.32917736844
115	-1.30294414027
116	-14.5754929169
117	-1.80819340088
118	-1.74181820164
119	-15.2951645486
120	-1.32917736844
121	-1.56460852976
122	-8.88506117825
123	-1.32917736844
124	-6.80633092933
125	-9.96935252638
126	-1.80819340088
127	-1.56460852976
128	-3.48866766592
129	-1.32917736844
130	-1.56460852976
131	-3.48866766592
132	-1.34919260971
133	-1.56460852976
134	-3.25210804356
135	-1.80819340088
136	-1.56460852976
137	-4.62238671366
138	-1.32917736844
139	-1.27603031816
140	-7.9068014027
141	-1.34919260971
142	-1.56460852976
143	-3.48866766592
144	-1.32917736844
145	-1.27603031816
146	-8.54211189166
147	-1.34919260971
148	-1.27603031816
149	-5.31258705791
150	-1.34919260971
151	-1.56460852976
152	-9.90311222627
153	-1.34919260971
154	-1.30294414027
155	-5.31258705791
156	-1.34919260971
157	-1.56460852976
158	-6.87389730953
159	-1.63233682344
160	-1.56460852976
161	-5.84117793869
162	-1.63233682344
163	-1.27603031816
164	-3.48866766592
165	-1.32917736844
166	-1.27603031816
167	-7.60248506367
168	-1.80819340088
169	-1.74181820164
170	-6.08556994709
171	-1.80819340088
172	-1.30294414027
173	-3.25210804356
174	-6.45646717379
175	-1.27603031816
176	-12.0320614579
177	-1.32917736844
178	-1.30294414027
179	-3.25210804356
180	-9.07811529594
181	-1.74181820164
182	-5.43484685793
183	-1.80819340088
184	-1.56460852976
185	-9.13569703635
186	-1.80819340088
187	-1.56460852976
188	-9.8292598094
189	-7.31752265247
190	-1.56460852976
191	-7.25582191788
192	-6.03259553468
193	-1.30294414027
194	-4.44828094733
195	-9.23161516604
196	-1.74181820164
197	-3.48866766592
198	-1.34919260971
199	-6.77493495419
200	-4.99061718174
201	-1.32917736844
202	-1.74181820164
203	-4.94623022235
204	-1.63233682344
205	-1.30294414027
206	-7.76105533786
207	-1.34919260971
208	-1.30294414027
209	-8.73224384942
210	-1.34919260971
211	-1.56460852976
212	-4.94623022235
213	-1.63233682344
214	-1.27603031816
215	-5.79740280565
216	-1.34919260971
217	-1.56460852976
218	-3.48866766592
219	-9.20187939803
220	-1.56460852976
221	-5.21647326258
222	-1.63233682344
223	-1.30294414027
224	-6.87389730953
225	-1.32917736844
226	-1.30294414027
227	-5.80124128525
228	-6.45646717379
229	-1.30294414027
230	-9.12178578352
231	-1.32917736844
232	-1.30294414027
233	-3.25210804356
234	-1.80819340088
235	-1.30294414027
236	-6.1037814248
237	-1.32917736844
238	-1.56460852976
239	-12.0213218828
240	-1.32917736844
241	-1.30294414027
242	-6.98449188715
243	-1.34919260971
244	-1.27603031816
245	-6.11719782087
246	-1.32917736844
247	-1.27603031816
248	-5.31258705791
249	-1.63233682344
250	-1.56460852976
251	-3.25210804356
252	-1.32917736844
253	-1.74181820164
254	-3.48866766592
255	-1.34919260971
256	-1.27603031816
257	-11.291445501
258	-1.32917736844
259	-1.27603031816
260	-13.5956205488
261	-1.34919260971
262	-1.27603031816
263	-3.48866766592
264	-1.32917736844
265	-1.27603031816
266	-12.7275653562
267	-1.63233682344
268	-1.30294414027
269	-5.84117793869
270	-1.34919260971
271	-1.30294414027
272	-4.44828094733
273	-1.32917736844
274	-1.56460852976
275	-5.43484685793
276	-1.34919260971
277	-1.30294414027
278	-13.9399257837
279	-1.63233682344
280	-1.56460852976
281	-7.88968687431
282	-1.63233682344
283	-1.27603031816
284	-3.25210804356
285	-1.34919260971
286	-1.74181820164
287	-4.62238671366
288	-6.63893127573
289	-1.30294414027
290	-5.84117793869
291	-1.32917736844
292	-1.30294414027
293	-6.46564091422
294	-1.63233682344
295	-1.74181820164
296	-3.48866766592
297	-1.32917736844
298	-1.30294414027
299	-10.442186838
300	-1.63233682344
301	-1.30294414027
302	-5.43484685793
303	-1.63233682344
304	-1.74181820164
305	-8.71606899117
306	-1.63233682344
307	-1.27603031816
308	-8.41821520872
309	-1.63233682344
310	-1.27603031816
311	-9.07403191785
312	-1.80819340088
313	-1.27603031816
314	-6.30547576364
315	-1.32917736844
316	-1.56460852976
317	-4.62238671366
318	-1.32917736844
319	-1.56460852976
320	-7.64926188826
321	-1.34919260971
322	-1.74181820164
323	-6.14983470698
324	-1.63233682344
325	-1.30294414027
326	-11.9253524445
327	-1.80819340088
328	-1.56460852976
329	-7.67112496495
330	-1.32917736844
331	-1.27603031816
332	-8.70697114934
333	-1.34919260971
334	-1.30294414027
335	-4.80077544337
336	-1.80819340088
337	-1.56460852976
338	-4.62238671366
339	-1.80819340088
340	-1.74181820164
341	-8.42950242609
342	-1.32917736844
343	-1.56460852976
344	-4.62238671366
345	-1.63233682344
346	-1.56460852976
347	-3.25210804356
348	-1.34919260971
349	-1.30294414027
350	-3.25210804356
351	-1.32917736844
352	-1.27603031816
353	-12.7588858167
354	-11.4724638568
355	-1.74181820164
356	-8.34099134747
357	-1.63233682344
358	-1.27603031816
359	-7.47290867446
360	-10.4843828304
361	-1.74181820164
362	-3.48866766592
363	-1.32917736844
364	-1.74181820164
365	-4.80077544337
366	-1.34919260971
367	-1.27603031816
368	-4.44828094733
369	-1.63233682344
370	-1.56460852976
371	-9.57433910801
372	-1.34919260971
373	-1.30294414027
374	-7.15953789045
375	-1.80819340088
376	-1.74181820164
377	-9.14194346504
378	-1.34919260971
379	-1.27603031816
380	-7.12858014058
381	-8.08112845039
382	-1.27603031816
383	-7.5410158563
384	-1.34919260971
385	-1.56460852976
386	-5.43484685793
387	-1.80819340088
388	-1.74181820164
389	-7.83207832957
390	-1.34919260971
391	-1.27603031816
392	-4.99061718174
393	-1.34919260971
394	-1.56460852976
395	-7.63198182992
396	-1.34919260971
397	-1.30294414027
398	-4.80077544337
399	-1.63233682344
400	-1.56460852976
401	-8.76002506946
402	-8.08112845039
403	-1.27603031816
404	-8.47241557239
405	-1.63233682344
406	-6.79750827455
407	-8.58501534252
408	-1.32917736844
409	-1.27603031816
410	-4.99061718174
411	-1.63233682344
412	-1.56460852976
413	-14.1013985187
414	-1.63233682344
415	-1.56460852976
416	-8.55968673169
417	-1.63233682344
418	-1.56460852976
419	-9.18346235251
420	-1.63233682344
421	-1.74181820164
422	-7.44638821835
423	-7.27353360913
424	-1.56460852976
425	-5.48279474247
426	-1.63233682344
427	-1.27603031816
428	-7.5410158563
429	-1.80819340088
430	-1.74181820164
431	-11.2648703898
432	-1.32917736844
433	-1.74181820164
434	-3.25210804356
435	-1.32917736844
436	-1.27603031816
437	-5.20959011304
438	-1.63233682344
439	-1.27603031816
440	-4.77716127787
441	-1.80819340088
442	-1.74181820164
443	-11.6803509034
444	-1.34919260971
445	-1.30294414027
446	-3.25210804356
447	-1.34919260971
448	-1.30294414027
449	-8.49031770444
450	-1.32917736844
451	-1.30294414027
452	-4.62238671366
453	-1.63233682344
454	-1.27603031816
455	-9.79104322288
456	-1.63233682344
457	-1.74181820164
458	-4.62238671366
459	-1.34919260971
460	-1.74181820164
461	-4.62238671366
462	-1.80819340088
463	-1.74181820164
464	-6.87389730953
465	-6.24373685215
466	-1.74181820164
467	-3.48866766592
468	-1.32917736844
469	-1.30294414027
470	-5.31258705791
471	-1.34919260971
472	-1.74181820164
473	-3.48866766592
474	-1.63233682344
475	-1.30294414027
476	-3.48866766592
477	-1.34919260971
478	-1.56460852976
479	-3.25210804356
480	-9.3353623856
481	-1.27603031816
482	-7.58851211722
483	-1.63233682344
484	-1.74181820164
485	-3.48866766592
486	-1.63233682344
487	-1.30294414027
488	-6.98449188715
