#Site	lnL	
0	-1.6497116565
1	-1.2473036789
2	-11.377335772
3	-1.6497116565
4	-1.2473036789
5	-5.28922144924
6	-1.30435969829
7	-1.73068910576
8	-5.50602880701
9	-12.3789445489
10	-1.29144685206
11	-7.10095505986
12	-1.34171391923
13	-1.29144685206
14	-3.5388199518
15	-1.30435969829
16	-9.79098774015
17	-10.3094587703
18	-1.34171391923
19	-1.29144685206
20	-10.7597733228
21	-1.8036132591
22	-1.57409345827
23	-4.78224305325
24	-1.34171391923
25	-9.43451239695
26	-8.95084771669
27	-8.80710907282
28	-1.73068910576
29	-8.73424190727
30	-1.34171391923
31	-1.57409345827
32	-3.33389631049
33	-1.6497116565
34	-1.29144685206
35	-4.78224305325
36	-1.34171391923
37	-1.73068910576
38	-3.5388199518
39	-1.34171391923
40	-1.57409345827
41	-7.31200725447
42	-1.8036132591
43	-1.2473036789
44	-9.01726133817
45	-1.34171391923
46	-1.57409345827
47	-5.09461215295
48	-1.34171391923
49	-1.73068910576
50	-8.25611537927
51	-1.8036132591
52	-1.29144685206
53	-5.88657921589
54	-1.34171391923
55	-1.73068910576
56	-4.78224305325
57	-7.53844110147
58	-1.29144685206
59	-5.50946933997
60	-1.8036132591
61	-1.2473036789
62	-5.09461215295
63	-1.34171391923
64	-1.2473036789
65	-8.50789018053
66	-1.8036132591
67	-1.73068910576
68	-8.18872260402
69	-1.8036132591
70	-1.57409345827
71	-11.2994431667
72	-1.30435969829
73	-1.29144685206
74	-5.05945947935
75	-6.51417446968
76	-1.73068910576
77	-5.75084547514
78	-1.30435969829
79	-1.57409345827
80	-3.33389631049
81	-1.30435969829
82	-1.57409345827
83	-6.49722166059
84	-1.30435969829
85	-7.43780915495
86	-4.68919912815
87	-1.8036132591
88	-1.73068910576
89	-7.24007035194
90	-1.30435969829
91	-1.57409345827
92	-3.5388199518
93	-1.34171391923
94	-1.2473036789
95	-7.94542256325
96	-1.6497116565
97	-1.57409345827
98	-4.68919912815
99	-1.30435969829
100	-1.57409345827
101	-5.09461215295
102	-1.34171391923
103	-1.2473036789
104	-9.24018096535
105	-1.6497116565
106	-1.2473036789
107	-7.31200725447
108	-1.30435969829
109	-1.2473036789
110	-8.48327066495
111	-1.30435969829
112	-1.29144685206
113	-4.68919912815
114	-1.30435969829
115	-1.57409345827
116	-7.27821895529
117	-1.30435969829
118	-1.29144685206
119	-5.55762252578
120	-1.6497116565
121	-1.2473036789
122	-6.57833466889
123	-1.8036132591
124	-1.29144685206
125	-10.7971573177
126	-1.6497116565
127	-1.57409345827
128	-5.83996158606
129	-1.30435969829
130	-1.57409345827
131	-12.0884448878
132	-1.30435969829
133	-1.73068910576
134	-9.01499569864
135	-1.34171391923
136	-1.29144685206
137	-7.18105611245
138	-1.34171391923
139	-1.29144685206
140	-8.94700651226
141	-1.30435969829
142	-1.57409345827
143	-4.68919912815
144	-1.6497116565
145	-1.57409345827
146	-3.5388199518
147	-1.6497116565
148	-1.73068910576
149	-8.21858276193
150	-11.5482652861
151	-1.57409345827
152	-3.5388199518
153	-1.30435969829
154	-1.57409345827
155	-10.88334926
156	-1.30435969829
157	-1.57409345827
158	-5.09461215295
159	-1.34171391923
160	-1.2473036789
161	-9.93773485989
162	-6.97918781563
163	-1.73068910576
164	-3.33389631049
165	-1.30435969829
166	-1.57409345827
167	-8.57860659328
168	-1.6497116565
169	-1.2473036789
170	-3.5388199518
171	-1.30435969829
172	-1.57409345827
173	-3.5388199518
174	-7.20749524845
175	-1.2473036789
176	-9.78562557875
177	-1.30435969829
178	-1.29144685206
179	-13.5418752661
180	-1.30435969829
181	-1.57409345827
182	-3.33389631049
183	-1.8036132591
184	-1.73068910576
185	-11.1492467268
186	-1.34171391923
187	-1.57409345827
188	-10.9380424082
189	-1.34171391923
190	-9.47997290059
191	-3.5388199518
192	-1.8036132591
193	-1.29144685206
194	-13.1372713068
195	-1.8036132591
196	-1.73068910576
197	-4.78224305325
198	-1.8036132591
199	-1.2473036789
200	-14.8135949923
201	-6.93230358872
202	-1.2473036789
203	-3.5388199518
204	-10.2266413048
205	-1.57409345827
206	-8.52907477315
207	-1.34171391923
208	-1.29144685206
209	-6.05355749775
210	-1.30435969829
211	-1.2473036789
212	-10.1732407157
213	-7.13171508664
214	-1.73068910576
215	-6.03231649828
216	-1.30435969829
217	-1.57409345827
218	-3.5388199518
219	-1.34171391923
220	-1.29144685206
221	-7.95239755961
222	-1.30435969829
223	-7.59544005062
224	-9.06357056214
225	-1.30435969829
226	-1.29144685206
227	-12.2445694455
228	-1.34171391923
229	-1.29144685206
230	-8.99771417512
231	-1.30435969829
232	-7.43780915495
233	-3.33389631049
234	-1.8036132591
235	-1.2473036789
236	-6.570148118
237	-1.34171391923
238	-1.29144685206
239	-8.65724195834
240	-1.8036132591
241	-1.29144685206
242	-6.33105263323
243	-7.53844110147
244	-1.57409345827
245	-3.33389631049
246	-1.34171391923
247	-1.57409345827
248	-5.51641588012
249	-1.30435969829
250	-1.2473036789
251	-4.68919912815
252	-1.8036132591
253	-1.2473036789
254	-8.57885708767
255	-1.30435969829
256	-1.29144685206
257	-4.75588513391
258	-1.6497116565
259	-1.2473036789
260	-9.53414180147
261	-1.30435969829
262	-1.73068910576
263	-9.45155583492
264	-1.34171391923
265	-1.73068910576
266	-7.54415724508
267	-1.8036132591
268	-1.2473036789
269	-5.28922144924
270	-1.34171391923
271	-1.73068910576
272	-5.28922144924
273	-1.34171391923
274	-1.57409345827
275	-4.78224305325
276	-1.30435969829
277	-1.29144685206
278	-5.28922144924
279	-6.97918781563
280	-1.2473036789
281	-8.14347284769
282	-1.34171391923
283	-1.2473036789
284	-4.78224305325
285	-1.8036132591
286	-1.57409345827
287	-3.33389631049
288	-1.8036132591
289	-1.73068910576
290	-7.36180361853
291	-1.8036132591
292	-1.29144685206
293	-3.5388199518
294	-1.30435969829
295	-1.2473036789
296	-7.23347398686
297	-1.34171391923
298	-1.29144685206
299	-7.11353285742
300	-1.30435969829
301	-1.57409345827
302	-8.7250367652
303	-1.6497116565
304	-8.32754497512
305	-7.87701387599
306	-1.34171391923
307	-1.57409345827
308	-8.83034964124
309	-10.0923314681
310	-1.29144685206
311	-8.71958221001
312	-1.8036132591
313	-1.2473036789
314	-5.09461215295
315	-1.34171391923
316	-1.73068910576
317	-5.88711590734
318	-7.09048004201
319	-1.29144685206
320	-3.5388199518
321	-1.6497116565
322	-1.2473036789
323	-3.33389631049
324	-1.34171391923
325	-1.2473036789
326	-11.0427762515
327	-1.30435969829
328	-1.29144685206
329	-9.0970982978
330	-1.8036132591
331	-1.2473036789
332	-8.79370268772
333	-1.34171391923
334	-1.2473036789
335	-6.49722166059
336	-1.6497116565
337	-1.57409345827
338	-10.0025503172
339	-1.34171391923
340	-7.94976616052
341	-3.5388199518
342	-1.34171391923
343	-1.29144685206
344	-7.1454276246
345	-1.34171391923
346	-1.29144685206
347	-11.6190997302
348	-1.6497116565
349	-1.57409345827
350	-5.88657921589
351	-1.34171391923
352	-1.2473036789
353	-5.50946933997
354	-1.8036132591
355	-1.29144685206
356	-9.8885616925
357	-1.34171391923
358	-1.2473036789
359	-13.1934393295
360	-1.34171391923
361	-1.29144685206
362	-5.92881235656
363	-1.8036132591
364	-6.80617918209
365	-7.17887184482
366	-1.30435969829
367	-1.29144685206
368	-5.75084547514
369	-1.6497116565
370	-1.57409345827
371	-3.5388199518
372	-1.8036132591
373	-1.2473036789
374	-3.33389631049
375	-1.6497116565
376	-1.29144685206
377	-8.11172401141
378	-1.6497116565
379	-1.57409345827
380	-6.0196802545
381	-1.30435969829
382	-1.29144685206
383	-6.08383680611
384	-1.6497116565
385	-1.2473036789
386	-5.55762252578
387	-1.30435969829
388	-1.2473036789
389	-5.50946933997
390	-7.26336931171
391	-1.57409345827
392	-7.95239755961
393	-1.30435969829
394	-1.29144685206
395	-9.52972928393
396	-9.64303222878
397	-1.57409345827
398	-3.33389631049
399	-1.8036132591
400	-1.29144685206
401	-8.58907171541
402	-1.6497116565
403	-1.29144685206
404	-3.5388199518
405	-1.6497116565
406	-1.73068910576
407	-5.09461215295
408	-1.8036132591
409	-1.57409345827
410	-7.71245698946
411	-1.6497116565
412	-1.73068910576
413	-13.9141065792
414	-1.34171391923
415	-1.57409345827
416	-6.37990652109
417	-1.30435969829
418	-1.29144685206
419	-3.5388199518
420	-1.34171391923
421	-1.2473036789
422	-3.33389631049
423	-1.34171391923
424	-1.73068910576
425	-7.7260233263
426	-1.30435969829
427	-1.73068910576
428	-3.33389631049
429	-9.08648192631
430	-1.29144685206
431	-7.7420393144
432	-1.6497116565
433	-1.2473036789
434	-10.0137778064
435	-1.6497116565
436	-1.29144685206
437	-7.7420393144
438	-1.8036132591
439	-1.2473036789
440	-8.10470781216
441	-1.6497116565
442	-1.57409345827
443	-10.0459140455
444	-1.34171391923
445	-1.29144685206
446	-4.78224305325
447	-1.34171391923
448	-1.73068910576
449	-8.46792959838
450	-1.6497116565
451	-1.29144685206
452	-14.8367932345
453	-1.34171391923
454	-1.29144685206
455	-10.4546599782
456	-6.08914610908
457	-1.29144685206
458	-6.33105263323
459	-1.34171391923
460	-1.2473036789
461	-3.33389631049
462	-1.6497116565
463	-1.2473036789
464	-12.0923795695
465	-1.34171391923
466	-1.2473036789
467	-5.62889824131
468	-1.34171391923
469	-1.2473036789
470	-9.2080658993
471	-1.6497116565
472	-1.73068910576
473	-11.6410428397
474	-1.34171391923
475	-1.29144685206
476	-11.7658728515
477	-1.6497116565
478	-1.29144685206
479	-6.33105263323
480	-1.34171391923
481	-1.57409345827
482	-8.17588936313
483	-1.6497116565
484	-1.2473036789
485	-6.50452591592
486	-1.8036132591
487	-1.2473036789
488	-9.4091343134
