#Site	lnL	
0	-1.34032518335
1	-1.47773255665
2	-3.66818916485
3	-1.34032518335
4	-1.3202385285
5	-5.97150169725
6	-1.69742995012
7	-1.31429604204
8	-8.01546656031
9	-6.96568442969
10	-1.31429604204
11	-7.85945283861
12	-1.34231024798
13	-1.47773255665
14	-4.70334015291
15	-1.34032518335
16	-1.66747829298
17	-7.43474681779
18	-1.34231024798
19	-1.3202385285
20	-7.00665614356
21	-1.34032518335
22	-1.66747829298
23	-9.37583414365
24	-1.34231024798
25	-1.31429604204
26	-10.2844940339
27	-1.34231024798
28	-9.30712206968
29	-3.66818916485
30	-1.50783493464
31	-1.31429604204
32	-10.8323561624
33	-1.34231024798
34	-1.47773255665
35	-3.66818916485
36	-1.34032518335
37	-1.3202385285
38	-5.03542471163
39	-1.69742995012
40	-1.66747829298
41	-7.6190220374
42	-1.34032518335
43	-1.3202385285
44	-6.10444037324
45	-1.34231024798
46	-1.31429604204
47	-4.05699535829
48	-1.34231024798
49	-1.31429604204
50	-5.32386431349
51	-1.50783493464
52	-1.31429604204
53	-4.9550110645
54	-1.34231024798
55	-1.3202385285
56	-6.39418841922
57	-1.34032518335
58	-1.66747829298
59	-6.39418841922
60	-1.50783493464
61	-1.47773255665
62	-10.7988879006
63	-1.34231024798
64	-6.752391023
65	-3.66818916485
66	-1.50783493464
67	-1.66747829298
68	-4.05699535829
69	-1.34032518335
70	-1.3202385285
71	-4.9550110645
72	-1.69742995012
73	-1.66747829298
74	-3.66818916485
75	-1.34032518335
76	-1.47773255665
77	-8.03106219345
78	-1.34231024798
79	-1.3202385285
80	-6.91704087882
81	-1.34032518335
82	-1.66747829298
83	-7.6190220374
84	-6.81115026399
85	-1.47773255665
86	-7.30477842461
87	-1.50783493464
88	-1.66747829298
89	-11.4755928079
90	-1.34032518335
91	-1.66747829298
92	-17.4620837888
93	-1.69742995012
94	-7.24115625303
95	-9.2718259099
96	-7.66645227196
97	-1.47773255665
98	-8.01546656031
99	-1.34032518335
100	-1.66747829298
101	-7.6190220374
102	-1.34032518335
103	-1.3202385285
104	-10.2465883838
105	-1.50783493464
106	-1.31429604204
107	-3.66818916485
108	-1.34231024798
109	-1.66747829298
110	-7.89536154836
111	-1.34032518335
112	-1.66747829298
113	-4.70334015291
114	-1.34032518335
115	-1.66747829298
116	-4.9550110645
117	-1.34032518335
118	-1.31429604204
119	-9.36880264723
120	-6.14282398623
121	-1.47773255665
122	-7.56820869225
123	-1.34231024798
124	-1.3202385285
125	-8.6279833137
126	-1.69742995012
127	-1.66747829298
128	-8.12277205021
129	-1.34231024798
130	-1.47773255665
131	-7.57091336223
132	-1.69742995012
133	-1.3202385285
134	-6.3754897761
135	-1.34032518335
136	-1.66747829298
137	-3.66818916485
138	-1.50783493464
139	-1.66747829298
140	-13.246752828
141	-1.34032518335
142	-1.31429604204
143	-3.66818916485
144	-1.50783493464
145	-1.47773255665
146	-6.56855563759
147	-1.69742995012
148	-1.66747829298
149	-7.66763861165
150	-1.69742995012
151	-1.31429604204
152	-6.25654475153
153	-1.34032518335
154	-1.66747829298
155	-6.87119788558
156	-7.52138220504
157	-1.66747829298
158	-7.37312547023
159	-1.34231024798
160	-1.66747829298
161	-12.0983518245
162	-1.34231024798
163	-1.3202385285
164	-13.7902852523
165	-1.69742995012
166	-1.47773255665
167	-5.97150169725
168	-1.34032518335
169	-1.31429604204
170	-13.3109362188
171	-1.34231024798
172	-1.31429604204
173	-9.87965713026
174	-1.69742995012
175	-1.31429604204
176	-5.47215704013
177	-1.34231024798
178	-1.3202385285
179	-8.24366783353
180	-1.34032518335
181	-1.31429604204
182	-5.97150169725
183	-1.34231024798
184	-1.47773255665
185	-7.66763861165
186	-1.50783493464
187	-1.47773255665
188	-7.69385325878
189	-1.34032518335
190	-1.47773255665
191	-7.20378012679
192	-1.34032518335
193	-1.47773255665
194	-8.81030831732
195	-1.34032518335
196	-1.66747829298
197	-7.91194895375
198	-1.34231024798
199	-1.31429604204
200	-5.95897604393
201	-1.34032518335
202	-1.47773255665
203	-4.9550110645
204	-1.50783493464
205	-1.31429604204
206	-6.4581563994
207	-1.34032518335
208	-1.3202385285
209	-7.89536154825
210	-1.34032518335
211	-1.47773255665
212	-4.70334015291
213	-1.69742995012
214	-1.31429604204
215	-7.18349739575
216	-1.34032518335
217	-1.3202385285
218	-5.95897604393
219	-1.34231024798
220	-1.3202385285
221	-3.66818916485
222	-1.50783493464
223	-1.3202385285
224	-10.685159041
225	-1.34231024798
226	-1.31429604204
227	-5.58953684399
228	-1.34231024798
229	-1.3202385285
230	-8.11893982526
231	-1.34231024798
232	-1.31429604204
233	-7.18349739575
234	-1.34032518335
235	-1.47773255665
236	-3.66818916485
237	-1.34032518335
238	-1.47773255665
239	-6.39418841922
240	-1.34032518335
241	-1.47773255665
242	-6.92528276255
243	-1.69742995012
244	-1.3202385285
245	-5.51737946625
246	-1.50783493464
247	-1.47773255665
248	-6.448893393
249	-1.34231024798
250	-1.31429604204
251	-6.4581563994
252	-1.50783493464
253	-1.3202385285
254	-3.66818916485
255	-1.69742995012
256	-1.31429604204
257	-10.15187274
258	-1.34032518335
259	-1.3202385285
260	-7.36095512759
261	-1.34032518335
262	-1.66747829298
263	-5.89166391845
264	-1.34032518335
265	-1.47773255665
266	-6.4581563994
267	-1.34032518335
268	-1.66747829298
269	-3.66818916485
270	-1.69742995012
271	-1.47773255665
272	-6.99539117013
273	-1.50783493464
274	-1.3202385285
275	-13.2194370297
276	-1.50783493464
277	-1.47773255665
278	-4.70334015291
279	-1.34231024798
280	-1.3202385285
281	-7.11122763713
282	-1.34032518335
283	-1.3202385285
284	-6.10302009149
285	-1.34231024798
286	-1.66747829298
287	-5.95897604393
288	-1.34032518335
289	-1.66747829298
290	-12.056430952
291	-1.34231024798
292	-1.47773255665
293	-7.0461647764
294	-1.50783493464
295	-1.3202385285
296	-7.0461647764
297	-1.69742995012
298	-1.3202385285
299	-3.66818916485
300	-1.50783493464
301	-1.66747829298
302	-4.05699535829
303	-6.96568442969
304	-7.27073596508
305	-11.8576484425
306	-6.64806330836
307	-1.31429604204
308	-7.78080965945
309	-1.50783493464
310	-6.55597792511
311	-4.9550110645
312	-7.1718267494
313	-1.66747829298
314	-3.66818916485
315	-1.34231024798
316	-1.66747829298
317	-4.05699535829
318	-1.34231024798
319	-1.3202385285
320	-3.66818916485
321	-1.50783493464
322	-1.31429604204
323	-9.82667651187
324	-1.34231024798
325	-1.47773255665
326	-5.47215704013
327	-1.69742995012
328	-1.47773255665
329	-4.9550110645
330	-1.34231024798
331	-1.31429604204
332	-7.07001368815
333	-1.69742995012
334	-1.3202385285
335	-7.06447090344
336	-1.69742995012
337	-1.66747829298
338	-5.50372069056
339	-1.50783493464
340	-1.66747829298
341	-10.475478452
342	-1.34032518335
343	-1.3202385285
344	-6.30122293803
345	-1.69742995012
346	-1.47773255665
347	-4.05699535829
348	-1.34032518335
349	-1.47773255665
350	-4.05699535829
351	-1.69742995012
352	-1.3202385285
353	-4.05699535829
354	-1.34231024798
355	-1.31429604204
356	-6.39418841922
357	-1.34032518335
358	-1.31429604204
359	-6.65674703917
360	-1.34231024798
361	-1.3202385285
362	-3.66818916485
363	-1.34231024798
364	-1.47773255665
365	-7.0461647764
366	-1.34032518335
367	-1.47773255665
368	-4.05699535829
369	-1.69742995012
370	-1.66747829298
371	-9.53338089355
372	-1.34032518335
373	-1.3202385285
374	-5.95897604393
375	-1.69742995012
376	-1.66747829298
377	-6.05086205998
378	-1.50783493464
379	-1.47773255665
380	-8.39563364199
381	-7.61102048259
382	-1.31429604204
383	-9.83130912193
384	-1.50783493464
385	-6.55597792511
386	-6.10444037324
387	-1.50783493464
388	-1.3202385285
389	-4.05699535829
390	-1.69742995012
391	-1.66747829298
392	-9.24576319347
393	-1.69742995012
394	-7.06801272785
395	-5.97150169725
396	-1.34231024798
397	-1.3202385285
398	-6.448893393
399	-1.69742995012
400	-1.31429604204
401	-7.53383352009
402	-1.34032518335
403	-1.3202385285
404	-7.93671107497
405	-1.34032518335
406	-1.66747829298
407	-10.8788808051
408	-1.50783493464
409	-1.66747829298
410	-10.3843817326
411	-7.62083236508
412	-1.3202385285
413	-9.61568057481
414	-1.34231024798
415	-1.3202385285
416	-4.9550110645
417	-1.34032518335
418	-1.66747829298
419	-6.4581563994
420	-1.34032518335
421	-1.3202385285
422	-4.70334015291
423	-1.50783493464
424	-1.47773255665
425	-3.66818916485
426	-7.46314977693
427	-1.66747829298
428	-8.37857108756
429	-1.34032518335
430	-1.3202385285
431	-6.13753623796
432	-1.34231024798
433	-1.3202385285
434	-9.42948344524
435	-1.50783493464
436	-1.31429604204
437	-5.51737946625
438	-1.34231024798
439	-1.31429604204
440	-8.193250046
441	-1.50783493464
442	-1.47773255665
443	-4.70334015291
444	-1.34231024798
445	-1.47773255665
446	-4.9550110645
447	-1.34231024798
448	-1.31429604204
449	-4.05699535829
450	-1.69742995012
451	-1.3202385285
452	-12.7761813034
453	-1.34231024798
454	-1.47773255665
455	-9.59288430798
456	-1.50783493464
457	-1.47773255665
458	-6.23574094022
459	-1.69742995012
460	-1.31429604204
461	-4.70334015291
462	-1.34231024798
463	-1.66747829298
464	-3.66818916485
465	-1.34231024798
466	-1.66747829298
467	-7.98081344738
468	-1.50783493464
469	-8.05972271087
470	-3.66818916485
471	-1.50783493464
472	-1.31429604204
473	-4.70334015291
474	-9.15529616013
475	-1.31429604204
476	-5.47215704013
477	-1.34032518335
478	-1.47773255665
479	-4.05699535829
480	-1.50783493464
481	-1.47773255665
482	-3.66818916485
483	-1.34231024798
484	-1.31429604204
485	-5.40307666287
486	-1.69742995012
487	-1.47773255665
488	-3.66818916485
