#Site	lnL	
0	-1.87649069158
1	-1.74668953458
2	-1.47528623365
3	-7.63929884091
4	-8.12097824954
5	-14.9682065388
6	-1.41419652656
7	-1.32226419079
8	-22.2848334777
9	-1.87649069158
10	-1.32226419079
11	-7.00059272994
12	-1.41419652656
13	-1.50818395171
14	-24.0097778054
15	-1.63670342808
16	-6.74858044435
17	-15.5099349335
18	-7.088771783
19	-1.33060283003
20	-7.43353777735
21	-1.63670342808
22	-1.33060283003
23	-1.29872103653
24	-1.87649069158
25	-1.50818395171
26	-24.0528164653
27	-1.4414657968
28	-1.32226419079
29	-1.71349840259
30	-1.41419652656
31	-1.50818395171
32	-13.0188168521
33	-1.4414657968
34	-1.74668953458
35	-8.31717999134
36	-1.63670342808
37	-1.74668953458
38	-7.28523988389
39	-7.16810203115
40	-1.50818395171
41	-7.05062839735
42	-1.41419652656
43	-1.33060283003
44	-1.30220367026
45	-1.41419652656
46	-1.50818395171
47	-14.8385107416
48	-1.4414657968
49	-1.32226419079
50	-6.21431445207
51	-7.63929884091
52	-1.32226419079
53	-8.63671018435
54	-1.4414657968
55	-1.32226419079
56	-14.2718311215
57	-7.05890187844
58	-1.50818395171
59	-1.30220367026
60	-1.63670342808
61	-1.74668953458
62	-1.29872103653
63	-1.63670342808
64	-1.50818395171
65	-7.05752497099
66	-1.87649069158
67	-1.50818395171
68	-13.5570107817
69	-1.4414657968
70	-1.74668953458
71	-15.1077249816
72	-1.4414657968
73	-1.74668953458
74	-7.3000304764
75	-1.87649069158
76	-1.32226419079
77	-14.1700341957
78	-6.67843918001
79	-1.33060283003
80	-8.82025892017
81	-1.63670342808
82	-1.32226419079
83	-7.00059272994
84	-1.41419652656
85	-1.74668953458
86	-8.66099964704
87	-1.87649069158
88	-1.74668953458
89	-14.1218339136
90	-1.41419652656
91	-1.50818395171
92	-1.29872103653
93	-5.73421223258
94	-1.74668953458
95	-1.30220367026
96	-5.82291571438
97	-1.32226419079
98	-8.46441278354
99	-1.87649069158
100	-1.50818395171
101	-22.5807075717
102	-1.4414657968
103	-1.32226419079
104	-7.05062839735
105	-1.41419652656
106	-1.33060283003
107	-7.05752497099
108	-7.05890187844
109	-1.50818395171
110	-1.29872103653
111	-1.63670342808
112	-1.33060283003
113	-1.29872103653
114	-1.41419652656
115	-1.32226419079
116	-7.00819906391
117	-1.41419652656
118	-1.74668953458
119	-1.30220367026
120	-1.63670342808
121	-1.32226419079
122	-1.29872103653
123	-1.63670342808
124	-1.32226419079
125	-18.6962041559
126	-5.22826409634
127	-1.74668953458
128	-7.1989757623
129	-5.52911037826
130	-1.32226419079
131	-1.47528623365
132	-1.41419652656
133	-1.33060283003
134	-6.76764706647
135	-1.87649069158
136	-1.74668953458
137	-1.71349840259
138	-1.41419652656
139	-1.32226419079
140	-7.3000304764
141	-1.4414657968
142	-1.32226419079
143	-11.9342397104
144	-1.4414657968
145	-7.52450036982
146	-15.9827778507
147	-1.63670342808
148	-1.32226419079
149	-7.95532820402
150	-6.00696618093
151	-1.32226419079
152	-7.00059272994
153	-1.41419652656
154	-1.33060283003
155	-1.47528623365
156	-1.41419652656
157	-1.32226419079
158	-6.22032125608
159	-1.63670342808
160	-1.74668953458
161	-7.72794382989
162	-1.4414657968
163	-1.74668953458
164	-12.3287912222
165	-1.4414657968
166	-1.33060283003
167	-7.43353777735
168	-5.94604317015
169	-1.50818395171
170	-16.4939787549
171	-1.41419652656
172	-1.50818395171
173	-8.7353136838
174	-1.41419652656
175	-1.33060283003
176	-18.5295862363
177	-1.87649069158
178	-1.32226419079
179	-6.44934596977
180	-1.4414657968
181	-1.33060283003
182	-8.31717999134
183	-1.4414657968
184	-1.74668953458
185	-1.71349840259
186	-1.41419652656
187	-1.33060283003
188	-19.5383597533
189	-1.63670342808
190	-1.33060283003
191	-7.1989757623
192	-1.63670342808
193	-1.32226419079
194	-22.9389147575
195	-1.41419652656
196	-1.32226419079
197	-7.00819906391
198	-1.63670342808
199	-1.50818395171
200	-12.1110856317
201	-1.41419652656
202	-1.50818395171
203	-1.29872103653
204	-1.4414657968
205	-1.74668953458
206	-6.76764706647
207	-1.4414657968
208	-1.33060283003
209	-14.889736247
210	-5.51482763644
211	-1.32226419079
212	-13.0188168521
213	-1.63670342808
214	-1.33060283003
215	-8.23002873553
216	-1.4414657968
217	-1.50818395171
218	-15.0164956149
219	-1.4414657968
220	-1.33060283003
221	-7.72087954875
222	-6.15766231027
223	-1.33060283003
224	-8.7353136838
225	-1.87649069158
226	-1.32226419079
227	-11.5009622255
228	-1.41419652656
229	-1.50818395171
230	-6.21431445207
231	-1.63670342808
232	-1.74668953458
233	-1.29872103653
234	-1.4414657968
235	-1.33060283003
236	-7.05752497099
237	-1.4414657968
238	-1.33060283003
239	-1.71349840259
240	-8.23952848871
241	-1.33060283003
242	-20.8713092665
243	-1.41419652656
244	-1.33060283003
245	-15.5888247122
246	-1.87649069158
247	-1.50818395171
248	-16.5473334285
249	-6.06653222775
250	-1.33060283003
251	-7.3000304764
252	-8.35951788628
253	-1.50818395171
254	-20.2821851975
255	-5.17638772217
256	-6.31444689378
257	-25.5230216406
258	-1.4414657968
259	-1.33060283003
260	-1.29872103653
261	-1.41419652656
262	-1.74668953458
263	-14.2125429333
264	-1.41419652656
265	-1.74668953458
266	-1.47528623365
267	-1.63670342808
268	-7.27034774461
269	-1.29872103653
270	-1.4414657968
271	-1.33060283003
272	-13.9418470462
273	-1.4414657968
274	-1.50818395171
275	-24.6747536451
276	-1.4414657968
277	-1.32226419079
278	-10.855386142
279	-1.41419652656
280	-1.33060283003
281	-1.71349840259
282	-1.41419652656
283	-1.74668953458
284	-1.71349840259
285	-5.76484291242
286	-5.77390620023
287	-13.9873485429
288	-1.41419652656
289	-1.74668953458
290	-1.30220367026
291	-1.87649069158
292	-1.33060283003
293	-18.0078692933
294	-1.63670342808
295	-1.74668953458
296	-12.0178589984
297	-1.4414657968
298	-1.74668953458
299	-8.63671018435
300	-1.4414657968
301	-1.50818395171
302	-10.6840914221
303	-1.87649069158
304	-1.33060283003
305	-15.5960812837
306	-13.3716930508
307	-1.32226419079
308	-25.347148723
309	-1.41419652656
310	-1.50818395171
311	-8.89445223201
312	-1.41419652656
313	-1.33060283003
314	-9.70540833869
315	-1.4414657968
316	-1.50818395171
317	-1.29872103653
318	-4.98711872688
319	-1.50818395171
320	-7.3000304764
321	-6.06653222775
322	-1.33060283003
323	-27.0996963225
324	-1.63670342808
325	-1.50818395171
326	-1.71349840259
327	-1.63670342808
328	-1.50818395171
329	-18.6546108234
330	-1.87649069158
331	-1.32226419079
332	-9.7846783714
333	-1.41419652656
334	-1.33060283003
335	-1.30220367026
336	-1.4414657968
337	-1.33060283003
338	-1.29872103653
339	-1.41419652656
340	-6.97845866955
341	-7.20582040806
342	-1.41419652656
343	-1.32226419079
344	-16.4438232955
345	-1.87649069158
346	-1.74668953458
347	-16.3121035499
348	-5.82291571438
349	-1.74668953458
350	-13.8195070577
351	-1.4414657968
352	-1.32226419079
353	-18.911651856
354	-1.87649069158
355	-1.33060283003
356	-21.2064337952
357	-1.41419652656
358	-1.32226419079
359	-14.4313933588
360	-1.41419652656
361	-1.33060283003
362	-7.00059272994
363	-5.76484291242
364	-1.50818395171
365	-1.29872103653
366	-1.4414657968
367	-1.74668953458
368	-6.21431445207
369	-1.63670342808
370	-1.50818395171
371	-6.44934596977
372	-1.4414657968
373	-1.33060283003
374	-6.22032125608
375	-1.63670342808
376	-1.32226419079
377	-12.1969466473
378	-1.4414657968
379	-1.74668953458
380	-1.71349840259
381	-5.22826409634
382	-1.74668953458
383	-1.47528623365
384	-1.41419652656
385	-1.32226419079
386	-25.7800360916
387	-5.76484291242
388	-1.50818395171
389	-14.0901449443
390	-1.41419652656
391	-6.74858044435
392	-7.43353777735
393	-1.41419652656
394	-1.33060283003
395	-17.5644862698
396	-1.41419652656
397	-1.32226419079
398	-6.46222834949
399	-1.63670342808
400	-10.7532452947
401	-7.00059272994
402	-1.63670342808
403	-1.74668953458
404	-8.93818866815
405	-1.41419652656
406	-1.74668953458
407	-1.29872103653
408	-1.63670342808
409	-1.33060283003
410	-12.3388962833
411	-1.87649069158
412	-1.50818395171
413	-11.803883166
414	-1.4414657968
415	-6.75962990483
416	-6.46222834949
417	-5.51482763644
418	-1.33060283003
419	-11.4003560482
420	-1.63670342808
421	-1.74668953458
422	-17.1048129835
423	-1.4414657968
424	-1.74668953458
425	-1.29872103653
426	-1.41419652656
427	-1.33060283003
428	-1.30220367026
429	-1.87649069158
430	-1.32226419079
431	-14.6236806589
432	-1.41419652656
433	-11.2105270643
434	-6.76764706647
435	-1.4414657968
436	-1.32226419079
437	-13.7050946401
438	-1.63670342808
439	-1.33060283003
440	-11.5436688931
441	-1.63670342808
442	-1.50818395171
443	-9.23182665692
444	-1.4414657968
445	-1.50818395171
446	-1.71349840259
447	-1.41419652656
448	-1.74668953458
449	-8.7353136838
450	-1.63670342808
451	-1.33060283003
452	-15.9495425381
453	-1.41419652656
454	-1.32226419079
455	-1.30220367026
456	-1.63670342808
457	-1.74668953458
458	-1.30220367026
459	-1.41419652656
460	-1.50818395171
461	-26.5073210108
462	-1.41419652656
463	-1.50818395171
464	-1.30220367026
465	-1.41419652656
466	-1.50818395171
467	-15.6169426531
468	-1.4414657968
469	-1.33060283003
470	-13.3980240029
471	-1.4414657968
472	-1.74668953458
473	-1.29872103653
474	-1.63670342808
475	-1.74668953458
476	-6.44934596977
477	-1.41419652656
478	-1.74668953458
479	-1.71349840259
480	-1.87649069158
481	-1.32226419079
482	-14.9669101953
483	-1.4414657968
484	-1.32226419079
485	-1.30220367026
486	-5.51482763644
487	-1.50818395171
488	-6.21431445207
