#Site	lnL	
0	-2.61813447984
1	-3.17049023708
2	-5.91849993784
3	-3.13015431733
4	-2.64678867936
5	-19.6123456665
6	-3.13015431733
7	-2.97784604143
8	-7.64189728801
9	-11.5625989949
10	-2.64500517853
11	-3.78748594361
12	-7.43246577152
13	-3.17049023708
14	-9.75492234635
15	-2.61549535339
16	-2.64500517853
17	-12.1392964006
18	-2.93728585912
19	-11.4484654518
20	-4.47482701849
21	-2.61813447984
22	-2.64500517853
23	-15.829454958
24	-2.93728585912
25	-2.64678867936
26	-3.62809005255
27	-2.61813447984
28	-3.17049023708
29	-10.7327615474
30	-11.7640881454
31	-2.64500517853
32	-6.13149297733
33	-2.61549535339
34	-2.64500517853
35	-6.45529880559
36	-2.93728585912
37	-2.64678867936
38	-3.78748594361
39	-2.93728585912
40	-3.17049023708
41	-10.4276973194
42	-2.93728585912
43	-2.64500517853
44	-6.24318709651
45	-3.13015431733
46	-3.17049023708
47	-3.78748594361
48	-2.61813447984
49	-3.17049023708
50	-3.62809005255
51	-12.3635687658
52	-2.64500517853
53	-9.59738083512
54	-2.61549535339
55	-2.97784604143
56	-5.77059972927
57	-2.93728585912
58	-2.97784604143
59	-7.3451589794
60	-2.93728585912
61	-2.64500517853
62	-4.67175902072
63	-2.61813447984
64	-2.64500517853
65	-17.9459259808
66	-3.13015431733
67	-2.97784604143
68	-8.27894520578
69	-2.61549535339
70	-2.64678867936
71	-3.78748594361
72	-2.93728585912
73	-2.64678867936
74	-12.4595215111
75	-2.61549535339
76	-2.97784604143
77	-10.5659537641
78	-2.93728585912
79	-2.64678867936
80	-3.62809005255
81	-7.65119791551
82	-2.64678867936
83	-7.4729267134
84	-2.93728585912
85	-2.64500517853
86	-3.62809005255
87	-3.13015431733
88	-2.97784604143
89	-3.78748594361
90	-2.61813447984
91	-13.9974761246
92	-14.9386160426
93	-3.13015431733
94	-2.97784604143
95	-5.87396103664
96	-9.77754235492
97	-2.64678867936
98	-3.62809005255
99	-7.09989505762
100	-7.0736683424
101	-8.17674831442
102	-2.93728585912
103	-3.17049023708
104	-8.27894520578
105	-2.93728585912
106	-9.2474009098
107	-4.67175902072
108	-7.4761354058
109	-2.64500517853
110	-4.67175902072
111	-2.61549535339
112	-6.88056961557
113	-10.5923346895
114	-2.61813447984
115	-2.64678867936
116	-10.1718252242
117	-2.93728585912
118	-3.17049023708
119	-5.91849993784
120	-2.61813447984
121	-2.64678867936
122	-8.35830808815
123	-2.61813447984
124	-2.64678867936
125	-4.47482701849
126	-3.13015431733
127	-7.05365257404
128	-9.26885780318
129	-3.13015431733
130	-2.64678867936
131	-7.38189903401
132	-3.13015431733
133	-2.64678867936
134	-7.95057113611
135	-2.61813447984
136	-2.64678867936
137	-7.73627538223
138	-2.61549535339
139	-2.97784604143
140	-3.78748594361
141	-2.61813447984
142	-2.97784604143
143	-19.0658469253
144	-2.93728585912
145	-2.64500517853
146	-7.57302049211
147	-2.61549535339
148	-7.01502495477
149	-3.62809005255
150	-3.13015431733
151	-2.64678867936
152	-10.5910585487
153	-2.61549535339
154	-2.64500517853
155	-6.12925273958
156	-2.61549535339
157	-2.64678867936
158	-4.67175902072
159	-7.60794534041
160	-2.64500517853
161	-9.61293600809
162	-12.2328554407
163	-2.64678867936
164	-14.8001467092
165	-2.61549535339
166	-2.97784604143
167	-4.47482701849
168	-2.61549535339
169	-2.64678867936
170	-11.9719734453
171	-2.93728585912
172	-2.64678867936
173	-12.5433383151
174	-8.68661569288
175	-3.17049023708
176	-15.9158983283
177	-2.61549535339
178	-2.64678867936
179	-9.44564017771
180	-2.61813447984
181	-2.64678867936
182	-8.27894520578
183	-2.61813447984
184	-2.64678867936
185	-3.62809005255
186	-2.61813447984
187	-2.64678867936
188	-10.0572625753
189	-2.61813447984
190	-2.97784604143
191	-3.62809005255
192	-2.61549535339
193	-2.64500517853
194	-6.66184073813
195	-3.13015431733
196	-2.64500517853
197	-10.8729973709
198	-2.61813447984
199	-3.17049023708
200	-7.3451589794
201	-2.61813447984
202	-2.64500517853
203	-9.94817880486
204	-2.61549535339
205	-11.3218208562
206	-3.78748594361
207	-3.13015431733
208	-2.64678867936
209	-3.78748594361
210	-3.13015431733
211	-2.64500517853
212	-6.66184073813
213	-2.61813447984
214	-2.64500517853
215	-11.2529079673
216	-2.61813447984
217	-11.3906792516
218	-3.78748594361
219	-2.93728585912
220	-2.64678867936
221	-10.6265949805
222	-2.61813447984
223	-2.64500517853
224	-8.32530063405
225	-2.61813447984
226	-2.64678867936
227	-7.7546310136
228	-3.13015431733
229	-2.97784604143
230	-7.71604132835
231	-2.61549535339
232	-2.64678867936
233	-3.62809005255
234	-2.93728585912
235	-8.47744456109
236	-7.97786703189
237	-2.61549535339
238	-2.64500517853
239	-3.62809005255
240	-2.61813447984
241	-2.64500517853
242	-5.97618083662
243	-3.13015431733
244	-2.64678867936
245	-6.1481158767
246	-3.13015431733
247	-7.0736683424
248	-3.62809005255
249	-2.61549535339
250	-2.64500517853
251	-8.4601969265
252	-2.61549535339
253	-2.64500517853
254	-3.62809005255
255	-3.13015431733
256	-2.64678867936
257	-10.7325411283
258	-2.93728585912
259	-3.17049023708
260	-3.78748594361
261	-2.93728585912
262	-3.17049023708
263	-10.2676277534
264	-2.61813447984
265	-2.97784604143
266	-3.62809005255
267	-2.61549535339
268	-2.97784604143
269	-9.71640140044
270	-2.93728585912
271	-2.97784604143
272	-7.97786703189
273	-2.61813447984
274	-2.64500517853
275	-10.1871044227
276	-2.93728585912
277	-2.64500517853
278	-4.67175902072
279	-7.4761354058
280	-2.64678867936
281	-10.2044820614
282	-11.6532812662
283	-2.97784604143
284	-8.27894520578
285	-2.61549535339
286	-3.17049023708
287	-5.97618083662
288	-2.61813447984
289	-2.64500517853
290	-9.43227925372
291	-2.61813447984
292	-7.12757998985
293	-9.94628957225
294	-2.93728585912
295	-2.97784604143
296	-7.06583719979
297	-2.61549535339
298	-2.64500517853
299	-3.62809005255
300	-3.13015431733
301	-2.64678867936
302	-13.1939124089
303	-2.61813447984
304	-2.64678867936
305	-5.7745136759
306	-3.13015431733
307	-2.97784604143
308	-7.71604132835
309	-2.93728585912
310	-2.64500517853
311	-11.9813298845
312	-2.61813447984
313	-2.97784604143
314	-3.62809005255
315	-2.61549535339
316	-2.97784604143
317	-7.83047960912
318	-3.13015431733
319	-2.64678867936
320	-11.3467496008
321	-3.13015431733
322	-2.97784604143
323	-5.97618083662
324	-2.61549535339
325	-2.97784604143
326	-13.2175466811
327	-2.61549535339
328	-2.64500517853
329	-3.62809005255
330	-2.61813447984
331	-2.64678867936
332	-12.930659587
333	-2.61813447984
334	-2.64500517853
335	-9.85129972416
336	-2.61813447984
337	-2.64678867936
338	-7.64189728801
339	-2.93728585912
340	-2.97784604143
341	-4.67175902072
342	-2.93728585912
343	-2.64500517853
344	-10.4070607627
345	-2.61813447984
346	-6.84591601935
347	-4.47482701849
348	-2.61813447984
349	-2.64500517853
350	-9.62354562609
351	-2.93728585912
352	-8.46688615362
353	-13.1828242861
354	-2.93728585912
355	-7.26418843044
356	-5.91849993784
357	-2.61813447984
358	-3.17049023708
359	-7.76521987624
360	-3.13015431733
361	-2.97784604143
362	-15.8037727193
363	-2.61549535339
364	-9.29348156028
365	-5.81502594886
366	-2.93728585912
367	-7.01502495477
368	-14.8164227239
369	-2.61813447984
370	-2.97784604143
371	-7.67728477084
372	-2.61549535339
373	-2.64678867936
374	-3.62809005255
375	-2.61813447984
376	-2.97784604143
377	-10.4502786435
378	-2.93728585912
379	-7.20806134932
380	-7.90398640623
381	-2.61813447984
382	-2.64500517853
383	-7.95630683563
384	-3.13015431733
385	-2.64500517853
386	-5.77059972927
387	-2.61813447984
388	-2.97784604143
389	-8.4601969265
390	-2.61813447984
391	-9.02585329764
392	-7.67668335828
393	-2.61549535339
394	-2.64678867936
395	-3.62809005255
396	-3.13015431733
397	-2.64500517853
398	-3.62809005255
399	-9.27554078304
400	-2.64678867936
401	-3.78748594361
402	-2.61813447984
403	-13.2572689057
404	-3.62809005255
405	-2.93728585912
406	-2.64678867936
407	-14.0496909283
408	-2.61813447984
409	-2.64678867936
410	-7.28577551023
411	-2.61549535339
412	-3.17049023708
413	-4.67175902072
414	-2.61549535339
415	-3.17049023708
416	-4.47482701849
417	-9.99476250035
418	-2.64500517853
419	-5.87396103664
420	-2.61549535339
421	-2.97784604143
422	-5.7745136759
423	-2.61549535339
424	-3.17049023708
425	-3.78748594361
426	-2.61549535339
427	-3.17049023708
428	-5.91849993784
429	-3.13015431733
430	-2.64678867936
431	-6.45529880559
432	-2.61813447984
433	-3.17049023708
434	-5.7745136759
435	-2.61813447984
436	-2.64500517853
437	-8.99044847313
438	-2.61813447984
439	-3.17049023708
440	-7.67668335828
441	-3.13015431733
442	-2.64500517853
443	-9.08186181512
444	-2.93728585912
445	-2.97784604143
446	-7.67668335828
447	-2.93728585912
448	-2.64678867936
449	-7.89202622246
450	-11.0837967369
451	-2.64500517853
452	-8.97555000267
453	-2.61549535339
454	-2.64500517853
455	-12.8694827608
456	-9.80188168924
457	-2.64500517853
458	-10.8024303033
459	-2.93728585912
460	-2.97784604143
461	-4.67175902072
462	-2.61549535339
463	-2.97784604143
464	-10.2977547088
465	-9.91042858127
466	-2.64678867936
467	-5.81502594886
468	-2.61549535339
469	-2.64500517853
470	-10.6022518036
471	-2.93728585912
472	-2.64500517853
473	-3.78748594361
474	-2.61813447984
475	-2.64500517853
476	-3.78748594361
477	-2.61813447984
478	-3.17049023708
479	-3.78748594361
480	-2.61813447984
481	-3.17049023708
482	-19.5585235002
483	-2.61813447984
484	-2.64500517853
485	-9.81342787613
486	-3.13015431733
487	-6.88056961557
488	-13.4987646
