-7.185492496284296982e-01
-5.529267010433994711e-01
-8.648837047800073119e-01
2.487844386881389092e+00
-5.224261127624713064e-01
3.519741744754757207e+00
3.519741744754757207e+00
-6.352503322047940770e+00
-4.018420647564069803e+00
-4.180337343929710237e+00
-4.532932433552304019e+00
-6.775129984203760003e+00
-7.262820251531074689e+00
-5.755276638901497321e+00
-5.330795774530662001e+00
-6.621986892985115780e+00
-5.249805034940126625e+00
-5.992148322378844760e+00
-6.091803494882303660e+00
1.000000000000000021e-08
