#Site	lnL	
0	-15.5767817488
1	-8.30358928199
2	-12.7433318667
3	-4.57933673328
4	-11.6006454968
5	-10.1284953207
6	-6.17636207613
7	-9.46638727699
8	-5.81247112292
9	-5.38303649406
10	-3.97204823635
11	-5.39270382809
12	-16.3502449051
13	-10.1893113904
14	-9.03002993141
15	-9.48927259705
16	-7.67136843879
17	-15.1697998078
18	-13.0223159484
19	-12.4884961343
20	-6.66800957854
21	-13.3525845559
22	-6.60505091454
23	-14.3138737894
24	-12.2055687663
25	-5.38303649406
26	-16.9449342281
27	-28.6855761802
28	-7.60517099178
29	-8.21774062709
30	-11.6441805579
31	-7.37455760187
32	-12.9993130446
33	-6.74070146004
34	-7.1747105287
35	-8.9746470239
36	-3.97204823635
37	-10.4529873103
38	-12.4536720155
39	-9.31704920128
40	-10.4461395354
41	-3.97204823635
42	-7.96919912454
43	-9.95381275069
44	-8.97968833164
45	-8.14859684025
46	-17.9893869739
47	-5.35477503823
48	-16.0586797731
49	-4.3331139962
50	-8.76957789757
51	-9.81787942554
52	-13.8134283662
53	-7.85416768118
54	-8.41347844848
55	-13.7566654891
56	-9.07266108352
57	-20.3481871316
58	-12.6450075261
59	-8.53205724064
60	-5.81247112292
61	-12.8402516142
62	-6.26662022087
63	-14.3210421324
64	-5.52425751558
65	-15.8212084867
66	-7.44369995442
67	-4.3331139962
68	-7.69695827201
69	-3.97204823635
70	-4.78849849611
71	-15.2684111219
72	-10.9029349749
73	-24.3433290329
74	-7.49527387023
75	-9.01747582257
76	-10.9652264779
77	-7.49603758052
78	-7.42067666968
79	-11.1041320885
80	-12.6483263259
81	-6.69609638867
82	-10.4959486633
83	-4.57933673328
84	-8.61238307044
85	-10.9915383043
86	-6.1306322346
87	-16.3757009311
88	-5.81247112292
89	-9.06466965784
90	-15.8929625895
91	-11.8078714349
92	-14.0090949585
93	-8.3762810351
94	-10.388241382
95	-10.4347776684
96	-9.79839170309
97	-6.98190244255
98	-12.7356726803
99	-9.91446716391
100	-4.3331139962
101	-6.61811141861
102	-7.37418213023
103	-5.66581141444
104	-8.29526104532
105	-7.01036121455
106	-9.48163329283
107	-4.57933673328
108	-5.39270382809
109	-8.49041169098
110	-10.8370308235
111	-16.6975866802
112	-3.97204823635
113	-11.3111449862
114	-18.0044753825
115	-4.57933673328
116	-11.5965317784
117	-8.12621513664
118	-13.9010228094
119	-7.34609886255
120	-7.01036121455
121	-8.37429041537
122	-5.39270382809
123	-9.62276210224
124	-16.0373917111
125	-7.31829048126
126	-16.7806869894
127	-11.519074817
128	-5.66581141444
129	-17.5222081651
130	-17.8693694674
131	-11.5463493408
132	-19.2862886209
133	-16.7637397856
134	-17.3523289309
135	-4.3331139962
136	-10.3763208945
137	-6.2949817881
138	-9.34517255448
139	-7.0545943092
140	-11.1988894172
141	-5.95790004007
142	-8.63953657792
143	-19.8458201926
144	-6.17636207613
145	-11.6156986494
146	-9.34397281281
147	-14.4136464312
148	-4.9701769418
149	-13.6048163761
150	-7.46676865882
151	-29.0969497369
152	-11.5759276787
153	-18.5246826722
154	-14.1468738857
155	-6.69609638867
156	-6.84848591316
157	-7.85502843531
158	-19.8455232331
159	-20.5645902019
160	-17.8309782869
161	-7.66619099517
162	-10.3753056762
