-7.369476126736822508e-01
-4.456672381236959635e-01
-8.098609802996766804e-01
2.841028850142141238e+00
-5.373976342736038747e-01
1.048650603846440710e+00
1.048650603846441376e+00
-7.938361559472960849e+00
-4.340692287811403816e+00
-4.652384714290323409e+00
-4.693148329355204318e+00
-7.416559353841885915e+00
-6.708735261656623372e+00
-6.876792443080543826e+00
-5.657836138924356995e+00
-6.923105006877489309e+00
-6.399452013350901858e+00
-6.062663867459529676e+00
-8.205494686279561023e+00
-3.753880920597991278e+00
