#Site	lnL	
0	-23.2795238857
1	-13.989858675
2	-13.480307443
3	-18.6025888633
4	-14.328677699
5	-20.8752877728
6	-7.27859915955
7	-11.9613465031
8	-11.1910410091
9	-14.1135812618
10	-11.6608504514
11	-12.4409729891
12	-11.1010410085
13	-8.76259534935
14	-20.2972100686
15	-13.038509154
16	-12.0429404028
17	-22.751781348
18	-21.0230066135
19	-22.4406241959
20	-14.0948587816
21	-8.28146035723
22	-15.8001057019
23	-16.5519986684
24	-20.0406502686
25	-10.0176937804
26	-13.0877829273
27	-25.4077883533
28	-17.5730237138
29	-13.4579471509
30	-22.3414899252
31	-13.8124534135
32	-8.09149088918
33	-9.24287808845
34	-10.2814034143
35	-13.7485282448
36	-10.4089075359
37	-8.91451587716
38	-13.8608933572
39	-14.566275492
40	-12.2297838713
41	-8.47760616557
42	-8.08059001611
43	-8.76284826266
44	-10.5977600926
45	-14.4830914391
46	-14.8481519685
47	-19.6715883519
48	-12.024705517
49	-10.9633196369
50	-21.5867038253
51	-9.0357970995
52	-21.7951035427
53	-9.64835109134
54	-14.8744966787
55	-24.7869307955
56	-9.0357970995
57	-17.1778771905
58	-13.9594961104
59	-7.06615367879
60	-10.655791445
61	-7.06615367879
62	-15.5039219328
63	-17.5501197118
64	-12.3023786974
65	-13.3870962043
66	-12.5369223479
67	-9.65434665338
68	-29.6999173332
69	-12.2017570437
70	-10.515872496
71	-13.8971939638
72	-10.0395648404
73	-10.9095785662
74	-13.2355626939
75	-8.59130652824
76	-10.276529737
77	-18.0362878915
78	-11.8853788856
79	-7.4584419804
80	-12.2269763808
81	-19.2172849888
82	-16.1271996299
83	-9.65751771512
84	-22.5443468147
85	-9.41250420651
86	-10.5650199814
87	-8.28146035723
88	-7.06615367879
89	-15.7604562361
90	-23.9677185315
91	-23.5521564709
92	-7.94235003561
93	-15.7166848132
94	-12.3227243848
95	-13.7550216066
96	-11.6335010057
97	-15.0197397916
98	-8.58260245894
99	-18.5511232966
100	-8.88472611952
101	-7.27859915955
102	-15.3555398483
103	-12.6558451876
104	-32.2508542433
105	-10.4308730902
106	-9.0357970995
107	-9.41250420651
108	-12.0527060241
109	-12.8627860014
110	-15.2912326566
111	-10.5650199814
112	-15.4536193648
113	-11.9259529348
114	-12.8084297629
115	-10.1154960238
116	-12.8419934378
117	-11.8845356345
118	-14.2412161102
119	-11.5157161398
120	-18.7045984624
121	-10.6210167503
122	-18.5742365307
123	-14.14243917
124	-8.37929401485
125	-8.58260245894
126	-20.4294202975
127	-15.6966799419
128	-14.5669078097
129	-12.6710498819
130	-19.3498218177
131	-9.00443837147
132	-13.4434613011
133	-7.4584419804
134	-12.3966949038
135	-19.5347129953
136	-12.8492176215
137	-31.0916692646
138	-30.0788216149
139	-15.6977593314
140	-24.0260012495
141	-7.06615367879
142	-14.2009014751
143	-14.0648145489
144	-7.4584419804
145	-17.4041809515
146	-16.4538656724
147	-10.1066734127
148	-10.2814035098
149	-10.2814035098
150	-22.1727765054
151	-14.272984658
152	-7.27859915955
153	-15.110715054
154	-23.0440188458
155	-18.0206628675
156	-11.2537698229
157	-24.5556886811
158	-22.6206852955
159	-12.6079828461
160	-17.2738400962
161	-8.09149088918
162	-23.6671434488
