#Site	lnL	
0	-10.8558168545
1	-9.68937510361
2	-4.14760760828
3	-18.2072369169
4	-9.34131480317
5	-5.71309894333
6	-12.1183394204
7	-13.4827305717
8	-7.59407595385
9	-9.52995937356
10	-4.84044430903
11	-18.0250948217
12	-4.95703801605
13	-5.87459749578
14	-7.23508042494
15	-5.28922235312
16	-5.66513038426
17	-4.49691979182
18	-8.26026546008
19	-8.72398621021
20	-5.28922235312
21	-11.8090467054
22	-4.22123274994
23	-4.90118915268
24	-10.1039629402
25	-6.89083377938
26	-4.14760760828
27	-8.44517126018
28	-11.0398834061
29	-12.4397881053
30	-9.33273230863
31	-4.77213993299
32	-10.3059430594
33	-16.4243581595
34	-5.07938220208
35	-8.56442980944
36	-18.325096008
37	-8.96291975146
38	-14.5059212854
39	-18.3958145177
40	-11.3792809095
41	-5.03078295716
42	-6.00360889949
43	-4.5293646245
44	-10.7981577476
45	-14.4716698053
46	-9.44471835729
47	-7.2237292689
48	-10.2028359356
49	-14.284347008
50	-11.545485845
51	-11.8644877852
52	-8.90914803179
53	-15.6175071076
54	-7.51223608468
55	-14.9318535816
56	-4.33243219297
57	-17.3790187758
58	-9.38767846076
59	-10.0555665782
60	-4.82535059037
61	-3.99811021141
62	-4.22123274994
63	-5.51463168487
64	-14.7477959115
65	-12.099166665
66	-8.51198810077
67	-7.98020267204
68	-19.0177150676
69	-18.6013422871
70	-8.96291975146
71	-5.85627501107
72	-9.04647307327
73	-7.08858138449
74	-5.87459749578
75	-10.8274908454
76	-12.6925619706
77	-5.04627595593
78	-5.72880040825
79	-7.83633524099
80	-5.07454029474
81	-5.68323127328
82	-9.88202969201
83	-11.4836276454
84	-12.4572934111
85	-8.05325368501
86	-5.35391956832
87	-6.73185718966
88	-11.2258981154
89	-8.01898314657
90	-8.26021518745
91	-4.49691979182
92	-8.17050137855
93	-13.6599262896
94	-3.99811021141
95	-4.90118915268
96	-9.64534237624
97	-10.8466663151
98	-6.89083377938
99	-13.6742406141
100	-4.14760760828
101	-4.84044430903
102	-11.4897824042
103	-4.90118915268
104	-4.49691979182
105	-6.76655922562
106	-14.3969134656
107	-8.63831969545
108	-5.42263473534
109	-5.51463168487
110	-15.079333005
111	-24.9324502718
112	-14.3338931284
113	-4.46590194353
114	-6.54646071197
115	-8.65570918948
116	-7.16524147706
117	-7.51223608468
118	-8.49426810704
119	-8.52994938412
120	-16.7100616368
121	-6.73045368404
122	-19.1125342487
123	-5.51463168487
124	-11.0489559114
125	-4.22123274994
126	-5.45332044687
127	-13.6925834565
128	-8.69102729462
129	-9.96950104797
130	-7.33460936985
131	-10.3457782064
132	-22.3514171491
133	-5.90596829296
134	-4.22123274994
135	-8.30998287963
136	-4.14760760828
137	-9.35234241509
138	-10.5090652386
139	-8.64049852084
140	-5.03078295716
141	-9.01121845234
142	-7.98170685667
143	-5.07454029474
144	-9.14047106411
145	-5.35391956832
146	-8.77830306092
147	-5.66513038426
148	-7.86500079493
149	-12.9290012631
150	-9.69078568989
151	-4.22123274994
152	-6.47057627263
153	-13.984609912
154	-4.48328375851
155	-8.01278284244
156	-5.42263473534
157	-7.43659136572
158	-11.4188974075
159	-5.66513038426
160	-5.71309894333
161	-11.7451650976
162	-12.6359179415
