#Site	lnL	
0	-1.63233682344
1	-1.27603031816
2	-3.25210804356
3	-1.34919260971
4	-1.27603031816
5	-3.48866766592
6	-1.32917736844
7	-1.30294414027
8	-3.48866766592
9	-1.63233682344
10	-1.56460852976
11	-5.48279474247
12	-1.32917736844
13	-1.27603031816
14	-7.41337256558
15	-1.34919260971
16	-1.74181820164
17	-5.3409235321
18	-1.63233682344
19	-1.56460852976
20	-12.8425130718
21	-1.80819340088
22	-1.30294414027
23	-7.39652685947
24	-1.32917736844
25	-1.27603031816
26	-3.48866766592
27	-1.63233682344
28	-1.74181820164
29	-6.06382570318
30	-1.34919260971
31	-7.64044174331
32	-3.48866766592
33	-1.80819340088
34	-1.56460852976
35	-6.46564091422
36	-1.80819340088
37	-1.30294414027
38	-4.44828094733
39	-1.80819340088
40	-1.30294414027
41	-8.80457374596
42	-1.63233682344
43	-1.27603031816
44	-3.25210804356
45	-1.34919260971
46	-1.74181820164
47	-6.67168052559
48	-1.63233682344
49	-1.27603031816
50	-8.32783478055
51	-1.63233682344
52	-8.64072393791
53	-5.48279474247
54	-1.63233682344
55	-1.30294414027
56	-10.6941270905
57	-1.63233682344
58	-1.27603031816
59	-8.06484123976
60	-1.80819340088
61	-1.30294414027
62	-8.26233727252
63	-1.63233682344
64	-1.74181820164
65	-4.94623022235
66	-6.63893127573
67	-1.30294414027
68	-3.25210804356
69	-6.79302057265
70	-1.27603031816
71	-5.25688296844
72	-1.34919260971
73	-1.27603031816
74	-9.00836656063
75	-1.63233682344
76	-1.27603031816
77	-6.67183550128
78	-1.34919260971
79	-1.56460852976
80	-6.11719782087
81	-1.80819340088
82	-1.27603031816
83	-4.62238671366
84	-1.80819340088
85	-1.56460852976
86	-3.25210804356
87	-1.32917736844
88	-1.56460852976
89	-6.46564091422
90	-1.63233682344
91	-1.56460852976
92	-8.21750067844
93	-7.27353360913
94	-1.74181820164
95	-7.88022302356
96	-1.63233682344
97	-1.30294414027
98	-5.3409235321
99	-1.80819340088
100	-1.27603031816
101	-8.86664834616
102	-1.32917736844
103	-1.56460852976
104	-3.25210804356
105	-1.80819340088
106	-1.30294414027
107	-7.00790805624
108	-1.80819340088
109	-1.27603031816
110	-4.62238671366
111	-1.34919260971
112	-1.27603031816
113	-4.44828094733
114	-1.32917736844
115	-1.56460852976
116	-7.77353985185
117	-1.32917736844
118	-1.30294414027
119	-4.44828094733
120	-1.32917736844
121	-1.27603031816
122	-3.25210804356
123	-1.34919260971
124	-1.30294414027
125	-5.66657304716
126	-1.32917736844
127	-1.30294414027
128	-8.26233727252
129	-1.34919260971
130	-1.27603031816
131	-8.4841264076
132	-1.34919260971
133	-1.74181820164
134	-7.37777765259
135	-1.80819340088
136	-1.30294414027
137	-5.48279474247
138	-1.63233682344
139	-1.74181820164
140	-3.48866766592
141	-1.34919260971
142	-1.56460852976
143	-5.31258705791
144	-1.34919260971
145	-1.27603031816
146	-4.62238671366
147	-1.34919260971
148	-1.30294414027
149	-3.25210804356
150	-1.63233682344
151	-1.30294414027
152	-12.6673134391
153	-1.34919260971
154	-7.65708281785
155	-4.44828094733
156	-1.34919260971
157	-1.74181820164
158	-3.48866766592
159	-1.63233682344
160	-1.27603031816
161	-3.48866766592
162	-1.80819340088
163	-1.56460852976
164	-4.62238671366
165	-1.63233682344
166	-1.27603031816
167	-3.48866766592
168	-1.80819340088
169	-1.27603031816
170	-4.80077544337
171	-1.32917736844
172	-1.56460852976
173	-3.48866766592
174	-1.34919260971
175	-1.74181820164
176	-5.3409235321
177	-1.32917736844
178	-1.74181820164
179	-11.3482174571
180	-1.32917736844
181	-7.49977230578
182	-7.10252573913
183	-1.34919260971
184	-1.27603031816
185	-9.66955262917
186	-1.32917736844
187	-1.30294414027
188	-3.25210804356
189	-1.34919260971
190	-1.56460852976
191	-11.4363575466
192	-1.63233682344
193	-1.27603031816
194	-9.93610010582
195	-1.32917736844
196	-1.56460852976
197	-3.25210804356
198	-1.80819340088
199	-1.27603031816
200	-7.77353985185
201	-1.32917736844
202	-1.30294414027
203	-7.9571430173
204	-1.80819340088
205	-1.27603031816
206	-5.48279474247
207	-1.34919260971
208	-1.30294414027
209	-7.23946350992
210	-1.80819340088
211	-1.30294414027
212	-9.20316153486
213	-1.63233682344
214	-1.27603031816
215	-15.1478193348
216	-1.80819340088
217	-1.27603031816
218	-9.1115716314
219	-11.0840227584
220	-1.27603031816
221	-11.3080485916
222	-1.34919260971
223	-1.30294414027
224	-3.25210804356
225	-1.32917736844
226	-1.74181820164
227	-6.11719782087
228	-7.45852957904
229	-1.56460852976
230	-11.9656945505
231	-1.80819340088
232	-1.56460852976
233	-13.6574097445
234	-1.32917736844
235	-1.27603031816
236	-6.46564091422
237	-1.34919260971
238	-1.27603031816
239	-18.6314765665
240	-1.32917736844
241	-1.56460852976
242	-7.3690893192
243	-1.34919260971
244	-1.27603031816
245	-6.98449188715
246	-1.34919260971
247	-1.74181820164
248	-8.71779939363
249	-1.63233682344
250	-1.27603031816
251	-8.59293189377
252	-1.80819340088
253	-1.27603031816
254	-4.62238671366
255	-1.80819340088
256	-1.30294414027
257	-10.903060207
258	-1.63233682344
259	-1.30294414027
260	-8.21852701439
261	-1.80819340088
262	-1.30294414027
263	-4.44828094733
264	-1.32917736844
265	-1.30294414027
266	-3.25210804356
267	-1.34919260971
268	-1.30294414027
269	-5.79740280565
270	-6.0022897188
271	-10.0739479087
272	-4.94623022235
273	-1.80819340088
274	-1.27603031816
275	-4.44828094733
276	-1.63233682344
277	-7.77908952735
278	-6.08556994709
279	-8.06016675202
280	-1.30294414027
281	-3.25210804356
282	-1.80819340088
283	-1.56460852976
284	-4.62238671366
285	-1.80819340088
286	-1.27603031816
287	-3.25210804356
288	-8.17486754444
289	-1.74181820164
290	-3.48866766592
291	-1.34919260971
292	-1.74181820164
293	-6.99377578684
294	-1.34919260971
295	-1.27603031816
296	-7.74289685947
297	-1.80819340088
298	-1.74181820164
299	-9.11129460125
300	-1.80819340088
301	-1.56460852976
302	-4.44828094733
303	-1.34919260971
304	-1.27603031816
305	-4.77716127787
306	-1.34919260971
307	-1.30294414027
308	-7.28927824697
309	-1.32917736844
310	-1.56460852976
311	-3.48866766592
312	-1.34919260971
313	-1.30294414027
314	-6.67168052559
315	-1.63233682344
316	-1.30294414027
317	-3.48866766592
318	-1.63233682344
319	-1.56460852976
320	-10.6811092735
321	-1.32917736844
322	-1.27603031816
323	-5.80124128525
324	-1.32917736844
325	-1.27603031816
326	-7.98675017166
327	-1.80819340088
328	-1.27603031816
329	-3.48866766592
330	-1.34919260971
331	-1.30294414027
332	-6.51639729066
333	-1.32917736844
334	-1.56460852976
335	-6.51639729066
336	-1.63233682344
337	-1.27603031816
338	-7.44638821835
339	-1.32917736844
340	-10.5042019284
341	-5.6332901417
342	-1.32917736844
343	-1.56460852976
344	-6.46564091422
345	-1.34919260971
346	-1.27603031816
347	-3.25210804356
348	-1.63233682344
349	-1.30294414027
350	-6.78719120711
351	-1.80819340088
352	-1.30294414027
353	-3.25210804356
354	-7.31624090989
355	-1.74181820164
356	-3.25210804356
357	-1.34919260971
358	-1.27603031816
359	-5.8464788518
360	-1.34919260971
361	-1.30294414027
362	-3.25210804356
363	-1.32917736844
364	-1.30294414027
365	-6.77623554335
366	-1.34919260971
367	-1.56460852976
368	-4.62238671366
369	-1.32917736844
370	-1.74181820164
371	-4.80077544337
372	-8.17486754444
373	-1.56460852976
374	-7.85318636298
375	-1.63233682344
376	-1.30294414027
377	-6.46564091422
378	-1.63233682344
379	-7.43039781327
380	-3.25210804356
381	-1.80819340088
382	-1.74181820164
383	-3.25210804356
384	-1.32917736844
385	-1.27603031816
386	-4.62238671366
387	-1.63233682344
388	-1.74181820164
389	-10.728119175
390	-1.63233682344
391	-1.56460852976
392	-4.99061718174
393	-1.80819340088
394	-1.30294414027
395	-4.94623022235
396	-1.32917736844
397	-1.74181820164
398	-11.0050183564
399	-1.80819340088
400	-1.56460852976
401	-5.80124128525
402	-1.32917736844
403	-1.56460852976
404	-12.2100583076
405	-1.34919260971
406	-1.27603031816
407	-5.84117793869
408	-1.63233682344
409	-1.27603031816
410	-4.94623022235
411	-1.63233682344
412	-1.56460852976
413	-4.44828094733
414	-1.63233682344
415	-1.30294414027
416	-4.80077544337
417	-1.32917736844
418	-1.74181820164
419	-3.48866766592
420	-1.34919260971
421	-1.74181820164
422	-3.48866766592
423	-7.49129588635
424	-1.56460852976
425	-8.69457889352
426	-1.63233682344
427	-1.74181820164
428	-5.74958998191
429	-1.32917736844
430	-10.0170083463
431	-7.64005268652
432	-1.32917736844
433	-6.77493495419
434	-6.31532669642
435	-1.63233682344
436	-1.74181820164
437	-9.66435966801
438	-1.80819340088
439	-1.74181820164
440	-5.3409235321
441	-6.20877500182
442	-1.27603031816
443	-3.25210804356
444	-1.32917736844
445	-1.56460852976
446	-7.01684095389
447	-1.34919260971
448	-1.27603031816
449	-3.25210804356
450	-1.34919260971
451	-1.74181820164
452	-4.62238671366
453	-1.63233682344
454	-1.27603031816
455	-5.71312658688
456	-1.63233682344
457	-1.27603031816
458	-8.14320745445
459	-1.32917736844
460	-1.56460852976
461	-3.25210804356
462	-1.34919260971
463	-1.74181820164
464	-7.6787281846
465	-1.32917736844
466	-1.56460852976
467	-8.55851050153
468	-1.34919260971
469	-1.30294414027
470	-11.5544508979
471	-1.34919260971
472	-1.56460852976
473	-7.55042922436
474	-10.3133379143
475	-1.27603031816
476	-9.94353266476
477	-1.32917736844
478	-1.30294414027
479	-7.47290867446
480	-1.34919260971
481	-8.70374359197
482	-3.48866766592
483	-1.63233682344
484	-1.30294414027
485	-7.00790805624
486	-1.80819340088
487	-1.74181820164
488	-6.1037814248
