#Site	lnL	
0	-14.6736990967
1	-22.956482263
2	-18.2948278203
3	-8.21128965252
4	-10.7178837189
5	-11.7049557633
6	-11.9910444931
7	-23.5438134898
8	-17.9997493786
9	-19.4581699703
10	-16.6924955656
11	-18.9022595893
12	-13.9833536924
13	-8.8855554002
14	-15.2912678644
15	-12.006749015
16	-19.3719132936
17	-9.51891740709
18	-9.0823301228
19	-13.7299884582
20	-15.9671958209
21	-11.7688755283
22	-11.4522369926
23	-11.5772611164
24	-7.90988055918
25	-14.4004550966
26	-11.5657777641
27	-7.36603646834
28	-9.98451495031
29	-17.2729753804
30	-11.2661213715
31	-12.1070760267
32	-12.4966764838
33	-19.7860041392
34	-11.0924838203
35	-8.70601197886
36	-12.3286398053
37	-11.4471697396
38	-13.4908698446
39	-13.2737034881
40	-8.4228272317
41	-8.4537913822
42	-14.0574780237
43	-13.9161513803
44	-15.5186986555
45	-38.6025036627
46	-16.2827448092
47	-7.15521083554
48	-8.63790025704
49	-20.3883328396
50	-8.07936882037
51	-10.958056803
52	-10.9429637478
53	-7.97796751909
54	-17.4972474589
55	-11.5998940428
56	-14.7682708658
57	-14.6411919866
58	-17.4841949061
59	-8.07936882037
60	-14.672660217
61	-16.0094954088
62	-26.6435384295
63	-14.1567638444
64	-14.3812874088
65	-17.799853489
66	-14.2431071801
67	-25.4167778105
68	-27.9116411086
69	-11.0869402119
70	-8.85458900454
71	-12.6637458255
72	-22.2009685244
73	-7.78258101661
74	-17.3603669357
75	-24.9888965071
76	-13.3651465507
77	-16.4739557582
78	-9.20322774939
79	-11.4471697396
80	-22.2255777529
81	-10.8134837435
82	-15.0667240631
83	-26.4253167751
84	-7.36603646834
85	-19.3164668373
86	-19.4140446471
87	-22.4972506069
88	-14.1537517376
89	-19.3219970312
90	-23.778541114
91	-29.9857517743
92	-8.85474102976
93	-13.6161616723
94	-8.8855554002
95	-14.672660217
96	-7.36603646834
97	-14.9767755883
98	-8.76984906675
99	-23.870087475
100	-20.1531285825
101	-14.8596722378
102	-9.98451495031
103	-13.8312443406
104	-12.3416437832
105	-16.4160536553
106	-9.0793721461
107	-16.3724772281
108	-16.081992415
109	-12.8230344983
110	-8.52813521465
111	-12.9737813734
112	-14.3699075566
113	-8.4228272317
114	-9.53109538571
115	-17.2259974778
116	-21.341322739
117	-15.4904088967
118	-24.7927049044
119	-10.2330888905
120	-10.336654685
121	-23.8786517322
122	-16.9810592313
123	-19.2221411718
124	-13.4772645027
125	-15.3645563342
126	-13.4272806273
127	-12.9293499463
128	-14.6965350095
129	-24.0412519522
130	-13.3521081945
131	-10.8774869129
132	-18.8711012381
133	-11.1871856222
134	-9.88943977177
135	-11.1553037097
136	-18.5081689512
137	-12.9990692324
138	-34.1456983255
139	-10.154003344
140	-12.1823519678
141	-16.4929432904
142	-18.3130723057
143	-8.4228272317
144	-14.6224474812
145	-9.21482426103
146	-19.2795558896
147	-21.8784126587
148	-12.9091451256
149	-7.15521083554
150	-9.94802195363
151	-16.4722895575
152	-13.315126136
153	-7.90988055918
154	-14.0979251389
155	-12.0677501341
156	-7.97796751909
157	-10.6027413769
158	-15.8902197971
159	-11.3648500261
160	-11.7543404759
161	-8.52813521465
162	-18.9255725581
