#Site	lnL	
0	-14.9247380537
1	-14.9305278522
2	-19.4606919922
3	-17.1938644644
4	-9.14007691776
5	-18.2624640091
6	-12.2063919709
7	-9.32699650015
8	-12.4034808591
9	-13.3822090817
10	-10.7166132192
11	-13.9656300496
12	-20.1576496561
13	-12.3122064979
14	-12.8585447302
15	-12.2476522294
16	-26.6827279125
17	-9.50732898094
18	-34.231874585
19	-17.3892298706
20	-16.5128047904
21	-22.583952566
22	-12.2018444846
23	-9.86313965597
24	-11.578797348
25	-9.07492574763
26	-17.5362005191
27	-7.62709044242
28	-11.6045588126
29	-13.3537406174
30	-20.6551402833
31	-19.6453120572
32	-8.32928443048
33	-22.9811554174
34	-21.4569898173
35	-17.8120903428
36	-9.14007691776
37	-14.256193132
38	-20.5498385545
39	-8.83677619501
40	-14.7730987046
41	-15.2758370966
42	-20.591083011
43	-13.8857947105
44	-28.9815013471
45	-11.3655695337
46	-13.0430560677
47	-18.1405430609
48	-11.534591881
49	-22.1571771478
50	-21.8623169648
51	-9.15895036211
52	-7.42276693077
53	-8.29640462813
54	-15.8903264739
55	-15.4892069585
56	-9.81994463052
57	-26.9316442257
58	-14.018451429
59	-11.1554414436
60	-15.7710573943
61	-25.6861237591
62	-17.8577013121
63	-11.204898804
64	-19.7515576323
65	-13.3750062154
66	-11.7395830382
67	-14.814261394
68	-21.3853362793
69	-15.1123707729
70	-20.6964437003
71	-13.7601460569
72	-8.95481457817
73	-11.5427597095
74	-24.6860867154
75	-12.3094179092
76	-16.6292046999
77	-14.7294016731
78	-16.9961298224
79	-19.4488500948
80	-15.687175821
81	-13.961176373
82	-16.1469446161
83	-16.1769965059
84	-7.62709044242
85	-11.8572455461
86	-17.9851473976
87	-12.7364339677
88	-18.7718905752
89	-9.32699650015
90	-18.8889325539
91	-20.6071791891
92	-13.7836862633
93	-12.7157448024
94	-12.6780283336
95	-17.6103213282
96	-7.62709044242
97	-8.29640462813
98	-12.9046624726
99	-16.373100853
100	-17.8921379117
101	-21.730527494
102	-10.2833013622
103	-15.5320130159
104	-17.659460253
105	-11.6207425501
106	-13.8601298496
107	-7.9795673145
108	-12.2476522294
109	-9.47214670054
110	-8.82138708185
111	-9.25393660816
112	-11.6293510813
113	-10.7166132192
114	-15.7295894885
115	-12.0669029732
116	-15.6534945492
117	-10.2833013622
118	-14.4543673644
119	-18.0252665632
120	-19.1983685795
121	-18.1679920344
122	-9.41717723444
123	-12.362518688
124	-23.5542184541
125	-9.41717723444
126	-10.1763405762
127	-11.2624469735
128	-10.9675726526
129	-12.7370234397
130	-12.5273821394
131	-17.161294487
132	-31.0531186635
133	-20.6194664824
134	-12.7197056395
135	-13.5484198607
136	-13.7342998611
137	-21.100742017
138	-9.15761108638
139	-13.4830458034
140	-27.0763072792
141	-17.4484291268
142	-12.5781143028
143	-8.62957548796
144	-17.8619235785
145	-18.5394950704
146	-16.9225052378
147	-15.1332054372
148	-13.4843114566
149	-7.42276693077
150	-7.9795673145
151	-8.51707641143
152	-14.1230003875
153	-10.2833013622
154	-14.2589021264
155	-12.0832025889
156	-11.6789401911
157	-12.9427367363
158	-11.0991608828
159	-12.9098373974
160	-12.4034808591
161	-8.82138708185
162	-28.1777389681
