#Site	lnL	
0	-1.89500439777
1	-2.18693598376
2	-2.89814421483
3	-2.32050787365
4	-2.27681879769
5	-2.35349999724
6	-1.88909762094
7	-2.27681879769
8	-7.08452020851
9	-2.32050787365
10	-9.39777549209
11	-2.89814421483
12	-1.89500439777
13	-1.85614811107
14	-2.38467235521
15	-1.89500439777
16	-1.85614811107
17	-11.4377605603
18	-1.89500439777
19	-1.85614811107
20	-5.18764535761
21	-2.23100326427
22	-1.86454159407
23	-5.46827590082
24	-1.89500439777
25	-2.18693598376
26	-2.38467235521
27	-6.77280330626
28	-2.18693598376
29	-11.0869205628
30	-2.32050787365
31	-1.85614811107
32	-5.18764535761
33	-2.23100326427
34	-6.96895209846
35	-6.79937881649
36	-2.23100326427
37	-2.27681879769
38	-9.9623076563
39	-2.23100326427
40	-2.18693598376
41	-7.15010703891
42	-1.89500439777
43	-1.85614811107
44	-12.8618542855
45	-1.89500439777
46	-1.86454159407
47	-9.72042105944
48	-2.32050787365
49	-2.27681879769
50	-6.86016114334
51	-2.32050787365
52	-1.86454159407
53	-2.35349999724
54	-2.23100326427
55	-10.0942264602
56	-7.51946580452
57	-1.89500439777
58	-1.86454159407
59	-9.23809983708
60	-2.32050787365
61	-2.18693598376
62	-2.89814421483
63	-2.32050787365
64	-2.18693598376
65	-14.5265193229
66	-1.88909762094
67	-1.85614811107
68	-13.8953544231
69	-1.88909762094
70	-1.85614811107
71	-6.97121108665
72	-2.32050787365
73	-2.18693598376
74	-6.97121108665
75	-6.55772552146
76	-1.85614811107
77	-2.89814421483
78	-1.88909762094
79	-1.85614811107
80	-7.58027445486
81	-2.32050787365
82	-1.85614811107
83	-2.38467235521
84	-2.23100326427
85	-1.85614811107
86	-9.03913957928
87	-2.32050787365
88	-2.27681879769
89	-9.41664398366
90	-1.88909762094
91	-1.85614811107
92	-9.70784553815
93	-2.23100326427
94	-1.85614811107
95	-2.38467235521
96	-1.88909762094
97	-1.86454159407
98	-5.27581678926
99	-1.89500439777
100	-1.86454159407
101	-8.01652415458
102	-2.23100326427
103	-1.86454159407
104	-9.19334363704
105	-1.88909762094
106	-2.27681879769
107	-2.98313318677
108	-1.89500439777
109	-1.86454159407
110	-2.89814421483
111	-1.88909762094
112	-1.85614811107
113	-17.7435012588
114	-2.32050787365
115	-1.85614811107
116	-5.08787307709
117	-1.89500439777
118	-1.86454159407
119	-9.60489496932
120	-1.89500439777
121	-1.86454159407
122	-6.98762337012
123	-2.32050787365
124	-2.18693598376
125	-8.01652415458
126	-1.88909762094
127	-8.76496581703
128	-2.38467235521
129	-6.53979730438
130	-1.85614811107
131	-7.6740327782
132	-2.32050787365
133	-1.85614811107
134	-2.98313318677
135	-2.32050787365
136	-1.85614811107
137	-2.98313318677
138	-1.88909762094
139	-2.27681879769
140	-11.5137269608
141	-1.88909762094
142	-1.86454159407
143	-10.5218738676
144	-2.32050787365
145	-1.85614811107
146	-2.35349999724
147	-1.88909762094
148	-2.27681879769
149	-11.0529703853
150	-1.89500439777
151	-1.85614811107
152	-5.08787307709
153	-1.88909762094
154	-2.27681879769
155	-5.34459732047
156	-1.89500439777
157	-1.86454159407
158	-2.35349999724
159	-1.89500439777
160	-1.86454159407
161	-6.10717078191
162	-2.23100326427
163	-1.85614811107
164	-2.35349999724
165	-2.32050787365
166	-1.86454159407
167	-2.98313318677
168	-2.23100326427
169	-1.85614811107
170	-6.70323519151
171	-1.89500439777
172	-1.85614811107
173	-2.35349999724
174	-2.23100326427
175	-1.85614811107
176	-6.30205194401
177	-1.89500439777
178	-2.18693598376
179	-6.20229261387
180	-1.89500439777
181	-1.85614811107
182	-5.08787307709
183	-1.89500439777
184	-2.18693598376
185	-7.7866558689
186	-1.89500439777
187	-2.18693598376
188	-2.35349999724
189	-2.23100326427
190	-1.86454159407
191	-9.60489496932
192	-6.80605401549
193	-2.18693598376
194	-6.64300566717
195	-2.32050787365
196	-1.85614811107
197	-5.18764535761
198	-2.23100326427
199	-1.85614811107
200	-2.35349999724
201	-2.32050787365
202	-6.85760684454
203	-7.40422815791
204	-2.23100326427
205	-1.86454159407
206	-2.38467235521
207	-1.89500439777
208	-2.27681879769
209	-10.533599943
210	-1.89500439777
211	-1.86454159407
212	-9.57423190851
213	-1.88909762094
214	-1.85614811107
215	-10.0713234699
216	-1.89500439777
217	-2.27681879769
218	-7.04463368835
219	-2.23100326427
220	-2.18693598376
221	-5.18764535761
222	-1.88909762094
223	-1.85614811107
224	-8.52099866731
225	-1.88909762094
226	-1.86454159407
227	-9.47609725043
228	-1.89500439777
229	-7.21459735313
230	-5.08787307709
231	-2.23100326427
232	-1.86454159407
233	-2.98313318677
234	-1.88909762094
235	-1.86454159407
236	-2.38467235521
237	-1.88909762094
238	-1.85614811107
239	-7.58027445486
240	-2.23100326427
241	-1.85614811107
242	-2.98313318677
243	-6.80605401549
244	-2.18693598376
245	-5.00469382998
246	-1.88909762094
247	-1.85614811107
248	-14.9855707681
249	-2.23100326427
250	-1.85614811107
251	-6.70323519151
252	-2.23100326427
253	-1.85614811107
254	-7.58027445486
255	-1.89500439777
256	-2.18693598376
257	-9.47609725043
258	-2.32050787365
259	-2.27681879769
260	-5.27581678926
261	-2.32050787365
262	-2.18693598376
263	-8.52099866731
264	-2.32050787365
265	-2.18693598376
266	-6.10717078191
267	-2.23100326427
268	-2.27681879769
269	-14.6641292293
270	-1.89500439777
271	-1.85614811107
272	-11.2406905149
273	-1.89500439777
274	-2.18693598376
275	-16.3459074806
276	-6.53979730438
277	-1.86454159407
278	-2.98313318677
279	-6.77280330626
280	-1.86454159407
281	-6.16746464322
282	-1.89500439777
283	-2.27681879769
284	-8.13044820503
285	-1.89500439777
286	-1.85614811107
287	-2.38467235521
288	-6.70397129058
289	-1.85614811107
290	-10.872598712
291	-2.23100326427
292	-1.86454159407
293	-5.08787307709
294	-7.53042324906
295	-1.86454159407
296	-8.62819422684
297	-1.89500439777
298	-2.18693598376
299	-5.00469382998
300	-1.89500439777
301	-1.86454159407
302	-2.98313318677
303	-1.88909762094
304	-2.18693598376
305	-2.98313318677
306	-1.88909762094
307	-2.27681879769
308	-12.8042465255
309	-2.32050787365
310	-1.85614811107
311	-2.38467235521
312	-7.63262473969
313	-1.85614811107
314	-7.3392647553
315	-1.89500439777
316	-2.18693598376
317	-10.9869043738
318	-6.44180755003
319	-1.86454159407
320	-6.97121108665
321	-2.23100326427
322	-2.18693598376
323	-7.11377029325
324	-1.89500439777
325	-1.86454159407
326	-5.27581678926
327	-2.23100326427
328	-1.85614811107
329	-2.35349999724
330	-2.32050787365
331	-1.85614811107
332	-6.10717078191
333	-1.89500439777
334	-1.85614811107
335	-17.879163002
336	-1.89500439777
337	-2.18693598376
338	-21.3744946712
339	-1.89500439777
340	-1.86454159407
341	-5.11711695052
342	-2.23100326427
343	-2.27681879769
344	-10.7299411654
345	-6.70397129058
346	-1.86454159407
347	-14.8793738564
348	-1.88909762094
349	-1.86454159407
350	-2.98313318677
351	-1.89500439777
352	-1.86454159407
353	-2.38467235521
354	-2.23100326427
355	-1.85614811107
356	-2.35349999724
357	-1.89500439777
358	-1.86454159407
359	-5.34459732047
360	-1.88909762094
361	-1.85614811107
362	-2.89814421483
363	-2.23100326427
364	-1.85614811107
365	-8.71290418478
366	-6.77280330626
367	-2.27681879769
368	-8.84384107111
369	-1.88909762094
370	-1.86454159407
371	-2.35349999724
372	-2.23100326427
373	-2.27681879769
374	-2.38467235521
375	-2.23100326427
376	-1.85614811107
377	-17.1927100153
378	-1.89500439777
379	-1.85614811107
380	-5.46827590082
381	-1.89500439777
382	-2.27681879769
383	-6.79937881649
384	-1.88909762094
385	-1.85614811107
386	-11.4518522154
387	-2.23100326427
388	-1.85614811107
389	-13.7854376281
390	-1.89500439777
391	-1.86454159407
392	-2.98313318677
393	-1.89500439777
394	-2.27681879769
395	-8.51182243602
396	-11.7881256967
397	-2.27681879769
398	-24.8453940229
399	-7.53042324906
400	-1.85614811107
401	-9.64763672592
402	-2.32050787365
403	-2.18693598376
404	-2.38467235521
405	-1.89500439777
406	-1.86454159407
407	-2.89814421483
408	-1.89500439777
409	-2.18693598376
410	-2.38467235521
411	-1.88909762094
412	-6.74048504789
413	-2.35349999724
414	-2.32050787365
415	-12.7536279144
416	-11.3234801177
417	-2.23100326427
418	-6.85963372328
419	-2.35349999724
420	-8.18833765834
421	-1.86454159407
422	-2.38467235521
423	-1.88909762094
424	-1.86454159407
425	-6.95472163588
426	-1.88909762094
427	-2.27681879769
428	-8.6512423787
429	-1.89500439777
430	-1.86454159407
431	-13.3334037296
432	-1.88909762094
433	-1.85614811107
434	-2.38467235521
435	-2.32050787365
436	-1.86454159407
437	-16.9421631718
438	-1.88909762094
439	-1.86454159407
440	-11.8647359398
441	-1.89500439777
442	-1.86454159407
443	-2.89814421483
444	-1.89500439777
445	-1.86454159407
446	-8.61330887565
447	-1.88909762094
448	-2.27681879769
449	-7.98641515198
450	-1.88909762094
451	-1.86454159407
452	-7.98641515198
453	-2.23100326427
454	-1.86454159407
455	-2.89814421483
456	-1.89500439777
457	-1.86454159407
458	-14.7709658452
459	-1.88909762094
460	-6.85963372328
461	-4.94281202971
462	-2.23100326427
463	-2.18693598376
464	-7.11444183427
465	-1.88909762094
466	-1.85614811107
467	-8.51182243602
468	-2.23100326427
469	-1.86454159407
470	-11.0666407265
471	-1.88909762094
472	-1.86454159407
473	-5.11711695052
474	-2.23100326427
475	-2.27681879769
476	-8.13044820503
477	-1.88909762094
478	-1.85614811107
479	-16.0159062813
480	-1.89500439777
481	-2.18693598376
482	-15.369058412
483	-1.88909762094
484	-2.18693598376
485	-15.1897383812
486	-1.89500439777
487	-1.85614811107
488	-6.39931487397
