-7.453323544382259858e-01
-4.958320918946455547e-01
-7.749662067261727794e-01
3.239282294702933829e+00
-3.529925259279658722e-01
2.809401806582309202e+00
-6.214324529473116421e-01
-4.001625748400098104e+00
-4.188410518353114398e+00
-6.642023761610486687e+00
-4.795851407429474911e+00
-4.443202741039508297e+00
-5.658527200799727375e+00
-6.745312357696230166e+00
-6.989252926042121672e+00
-4.959203047359530991e+00
-6.386534683683496638e+00
-5.434731972194133398e+00
-5.957934245563028419e+00
-6.682167774272626204e+00
