-8.059711054961797849e-01
-4.860595512205148072e-01
-8.595786136762787466e-01
2.604866648539476248e+00
-8.743430760347052910e-01
2.381375351668129525e+00
-3.023587278191931738e+00
-3.437102973628471947e+00
-4.336127501819253105e+00
-5.513014146091377299e+00
-4.018010714864691302e+00
-4.467785560609224937e+00
-5.602429096953065013e+00
-6.246389442410256621e+00
-5.898004923906642993e+00
-5.061548809089316592e+00
-5.670453499631620708e+00
-5.345813353451094763e+00
-5.458366119860918353e+00
-6.325654123290537001e+00
