# log_p 	 lnL 	 
0.0	-1681.51890508	
-0.287682072452	-1681.50785307	
-0.510825623766	-1681.4940168	
-0.69314718056	-1681.47806616	
-0.847297860387	-1681.46042202	
-0.980829253012	-1681.44146296	
-1.09861228867	-1681.42154778	
-1.20397280433	-1681.40099655	
-1.29928298413	-1681.38007713	
-1.38629436112	-1681.35900288	
-1.46633706879	-1681.33793745	
-1.54044504095	-1681.31700259	
-1.60943791243	-1681.29628644	
-1.67397643357	-1681.27585096	
-1.73460105539	-1681.25573826	
-1.79175946923	-1681.23597551	
-1.8458266905	-1681.21657893	
-1.89711998489	-1681.19755665	
-1.94591014906	-1681.17891105	
-1.99243016469	-1681.16064032	
-2.03688192726	-1681.1427398	
-2.07944154168	-1681.12520279	
-2.1202635362	-1681.10802128	
-2.15948424935	-1681.09118642	
-2.19722457734	-1681.07468889	
-2.23359222151	-1681.05851911	
-2.26868354132	-1681.04266748	
-2.30258509299	-1681.02712445	
-2.33537491582	-1681.01188067	
-2.36712361413	-1680.996927	
-2.3978952728	-1680.98225458	
-2.42774823595	-1680.96785483	
-2.45673577282	-1680.95371949	
-2.48490664979	-1680.93984061	
-2.51230562398	-1680.92621054	
-2.53897387106	-1680.91282194	
-2.56494935746	-1680.89966775	
-2.59026716545	-1680.88674122	
-2.61495977804	-1680.87403587	
-2.63905732962	-1680.86154546	
-2.66258782703	-1680.84926403	
-2.68557734525	-1680.83718586	
-2.7080502011	-1680.82530543	
-2.73002910782	-1680.81361747	
-2.75153531304	-1680.8021169	
-2.77258872224	-1680.79079884	
-2.79320800944	-1680.7796586	
-2.81341071676	-1680.76869167	
-2.83321334406	-1680.75789368	
-2.85263142991	-1680.74726047	
-2.87167962488	-1680.73678798	
-2.8903717579	-1680.72647234	
-2.90872089656	-1680.71630979	
-2.92673940207	-1680.70629671	
-2.94443897917	-1680.69642959	
-2.96183072188	-1680.68670507	
-2.97892515524	-1680.67711987	
-2.99573227355	-1680.66767083	
-3.01226157551	-1680.65835491	
-3.02852209638	-1680.64916915	
-3.04452243772	-1680.64011068	
-3.06027079469	-1680.63117673	
-3.07577498123	-1680.62236462	
-3.09104245336	-1680.61367174	
-3.10608033072	-1680.60509557	
-3.12089541651	-1680.59663366	
-3.13549421593	-1680.58828363	
-3.14988295338	-1680.58004318	
-3.16406758837	-1680.57191007	
-3.17805383035	-1680.56388211	
-3.19184715248	-1680.55595721	
-3.20545280454	-1680.5481333	
-3.21887582487	-1680.54040838	
-3.23212105162	-1680.53278052	
-3.24519313319	-1680.52524783	
-3.25809653802	-1680.51780846	
-3.2708355638	-1680.51046063	
-3.28341434601	-1680.5032026	
-3.295836866	-1680.49603268	
-3.3081069586	-1680.4889492	
-3.32022831913	-1680.48195057	
-3.33220451018	-1680.47503521	
-3.34403896782	-1680.4682016	
-3.35573500759	-1680.46144826	
-3.36729582999	-1680.45477372	
-3.37872452581	-1680.44817657	
-3.39002408106	-1680.44165543	
-3.40119738166	-1680.43520896	
-3.41224721785	-1680.42883584	
-3.42317628838	-1680.42253478	
-3.43398720449	-1680.41630455	
-3.4446824936	-1680.4101439	
-3.45526460293	-1680.40405166	
-3.4657359028	-1680.39802665	
-3.47609868984	-1680.39206773	
-3.48635519	-1680.3861738	
-3.49650756147	-1680.38034377	
-3.50655789732	-1680.37457657	
-3.51650822817	-1680.36887117	
-3.52636052462	-1680.36322655	
-3.53611669956	-1680.35764172	
-3.54577861047	-1680.35211572	
-3.55534806149	-1680.34664758	
-3.56482680544	-1680.34123638	
-3.57421654579	-1680.33588123	
-3.58351893846	-1680.33058122	
-3.59273559356	-1680.32533549	
-3.60186807712	-1680.32014318	
-3.61091791264	-1680.31500348	
-3.61988658263	-1680.30991555	
-3.62877553004	-1680.30487861	
-3.63758615973	-1680.29989187	
-3.6463198397	-1680.29495457	
-3.65497790244	-1680.29006596	
-3.66356164613	-1680.2852253	
-3.6720723358	-1680.28043188	
-3.68051120444	-1680.275685	
-3.68887945411	-1680.27098395	
-3.69717825693	-1680.26632807	
-3.70540875607	-1680.2617167	
-3.7135720667	-1680.25714918	
-3.72166927694	-1680.25262488	
-3.72970144863	-1680.24814317	
-3.73766961828	-1680.24370344	
-3.74557479779	-1680.2393051	
-3.75341797525	-1680.23494755	
-3.76120011569	-1680.23063021	
-3.76892216179	-1680.22635253	
-3.77658503453	-1680.22211394	
-3.78418963392	-1680.2179139	
-3.79173683955	-1680.21375187	
-3.79922751128	-1680.20962734	
-3.80666248977	-1680.20553979	
-3.81404259707	-1680.2014887	
-3.82136863716	-1680.19747359	
-3.82864139649	-1680.19349397	
-3.83586164446	-1680.18954936	
-3.84303013394	-1680.18563929	
-3.85014760171	-1680.1817633	
-3.85721476893	-1680.17792094	
-3.86423234159	-1680.17411176	
-3.87120101091	-1680.17033533	
-3.87812145375	-1680.16659122	
-3.88499433304	-1680.16287901	
-3.89182029811	-1680.15919828	
-3.8985999851	-1680.15554863	
-3.90533401728	-1680.15192966	
-3.91202300543	-1680.14834098	
-3.91866754815	-1680.1447822	
-3.92526823218	-1680.14125294	
-3.93182563272	-1680.13775282	
-3.93834031375	-1680.1342815	
-3.94481282825	-1680.13083859	
-3.95124371858	-1680.12742375	
-3.95763351668	-1680.12403664	
-3.96398274436	-1680.1206769	
-3.97029191355	-1680.11734421	
-3.97656152657	-1680.11403823	
-3.98279207632	-1680.11075864	
-3.98898404656	-1680.10750511	
-3.99513791214	-1680.10427733	
-4.00125413916	-1680.101075	
-4.00733318523	-1680.09789781	
-4.01337549969	-1680.09474545	
-4.01938152375	-1680.09161763	
-4.02535169074	-1680.08851407	
-4.03128642625	-1680.08543448	
-4.03718614838	-1680.08237857	
-4.04305126783	-1680.07934607	
-4.04888218815	-1680.07633671	
-4.05467930583	-1680.07335022	
-4.06044301055	-1680.07038633	
-4.06617368526	-1680.06744479	
-4.07187170637	-1680.06452534	
-4.07753744391	-1680.06162773	
-4.08317126162	-1680.05875171	
-4.08877351717	-1680.05589703	
-4.09434456222	-1680.05306347	
-4.0998847426	-1680.05025077	
-4.10539439841	-1680.04745871	
-4.11087386417	-1680.04468705	
-4.11632346894	-1680.04193558	
-4.12174353641	-1680.03920407	
-4.12713438505	-1680.03649229	
-4.13249632819	-1680.03380003	
-4.13782967416	-1680.03112709	
-4.14313472639	-1680.02847324	
-4.14841178349	-1680.02583829	
-4.15366113938	-1680.02322203	
-4.15888308336	-1680.02062425	
-4.16407790024	-1680.01804476	
-4.1692458704	-1680.01548337	
-4.1743872699	-1680.01293988	
-4.17950237056	-1680.01041411	
-4.18459144007	-1680.00790586	
-4.18965474203	-1680.00541495	
-4.19469253606	-1680.0029412	
-4.19970507788	-1680.00048444	
-4.20469261939	-1679.99804448	
-4.20965540873	-1679.99562115	
-4.21459369037	-1679.99321428	
-4.21950770518	-1679.9908237	
-4.22439769047	-1679.98844924	
-4.22926388012	-1679.98609074	
-4.2341065046	-1679.98374804	
-4.23892579103	-1679.98142097	
-4.2437219633	-1679.97910939	
-4.24849524205	-1679.97681312	
-4.25324584481	-1679.97453203	
-4.257973986	-1679.97226595	
-4.26267987704	-1679.97001474	
-4.26736372635	-1679.96777825	
-4.27202573946	-1679.96555633	
-4.27666611902	-1679.96334884	
-4.28128506487	-1679.96115565	
-4.28588277412	-1679.9589766	
-4.29045944115	-1679.95681157	
-4.29501525768	-1679.95466041	
-4.29955041285	-1679.95252299	
-4.3040650932	-1679.95039917	
-4.30855948279	-1679.94828884	
-4.31303376319	-1679.94619185	
-4.31748811354	-1679.94410809	
-4.3219227106	-1679.94203741	
-4.32633772881	-1679.93997971	
-4.33073334029	-1679.93793485	
-4.33510971489	-1679.93590273	
-4.33946702026	-1679.9338832	
-4.34380542185	-1679.93187617	
-4.348125083	-1679.9298815	
-4.3524261649	-1679.92789909	
-4.35670882669	-1679.92592883	
-4.36097322548	-1679.92397059	
-4.36521951636	-1679.92202428	
-4.36944785247	-1679.92008977	
-4.373658385	-1679.91816697	
-4.37785126326	-1679.91625576	
-4.38202663467	-1679.91435604	
-4.38618464482	-1679.9124677	
-4.39032543749	-1679.91059064	
-4.39444915467	-1679.90872477	
-4.39855593663	-1679.90686997	
-4.40264592188	-1679.90502616	
-4.40671924726	-1679.90319322	
-4.41077604796	-1679.90137107	
-4.4148164575	-1679.89955961	
-4.4188406078	-1679.89775875	
-4.42284862919	-1679.89596839	
-4.42684065046	-1679.89418843	
-4.43081679884	-1679.89241879	
-4.43477720006	-1679.89065938	
-4.43872197835	-1679.88891011	
-4.44265125649	-1679.88717089	
-4.44656515581	-1679.88544163	
-4.45046379623	-1679.88372224	
-4.45434729625	-1679.88201265	
-4.45821577303	-1679.88031277	
-4.46206934235	-1679.87862251	
-4.46590811865	-1679.87694179	
-4.46973221509	-1679.87527053	
-4.47354174351	-1679.87360865	
-4.47733681448	-1679.87195608	
-4.48111753732	-1679.87031272	
-4.48488402011	-1679.86867852	
-4.48863636973	-1679.86705338	
-4.49237469184	-1679.86543723	
-4.49609909093	-1679.86383	
-4.49980967033	-1679.86223161	
-4.50350653221	-1679.860642	
-4.50718977763	-1679.85906108	
-4.51085950652	-1679.85748878	
-4.51451581772	-1679.85592504	
-4.518158809	-1679.85436979	
-4.52178857705	-1679.85282295	
-4.52540521752	-1679.85128446	
-4.52900882502	-1679.84975424	
-4.53259949315	-1679.84823224	
-4.5361773145	-1679.84671838	
-4.53974238067	-1679.8452126	
-4.54329478227	-1679.84371484	
-4.54683460898	-1679.84222502	
-4.55036194949	-1679.8407431	
-4.5538768916	-1679.83926899	
-4.55737952215	-1679.83780265	
-4.56086992709	-1679.83634401	
-4.56434819147	-1679.83489301	
-4.56781439944	-1679.83344958	
-4.57126863431	-1679.83201368	
-4.5747109785	-1679.83058523	
-4.5781415136	-1679.82916419	
-4.58156032035	-1679.82775049	
-4.58496747867	-1679.82634407	
-4.58836306767	-1679.82494489	
-4.59174716566	-1679.82355288	
-4.59511985013	-1679.82216799	
-4.59848119784	-1679.82079017	
-4.60183128472	-1679.81941935	
-4.60517018599	-1679.81805549	
-4.60849797608	-1679.81669853	
-4.61181472871	-1679.81534843	
-4.61512051684	-1679.81400512	
-4.61841541274	-1679.81266856	
-4.62169948794	-1679.81133869	
-4.62497281328	-1679.81001547	
-4.62823545892	-1679.80869884	
-4.63148749431	-1679.80738877	
-4.63472898823	-1679.80608518	
-4.63796000881	-1679.80478805	
-4.64118062351	-1679.80349731	
-4.64439089914	-1679.80221293	
-4.64759090187	-1679.80093485	
-4.65078069724	-1679.79966304	
-4.65396035016	-1679.79839743	
-4.65712992492	-1679.797138	
-4.66028948521	-1679.79588468	
-4.66343909411	-1679.79463744	
-4.66657881412	-1679.79339624	
-4.66970870713	-1679.79216102	
-4.67282883446	-1679.79093175	
-4.67593925688	-1679.78970838	
-4.67904003455	-1679.78849087	
-4.68213122712	-1679.78727918	
-4.68521289366	-1679.78607327	
-4.6882850927	-1679.78487309	
-4.69134788223	-1679.7836786	
-4.69440131972	-1679.78248976	
-4.6974454621	-1679.78130654	
-4.70048036579	-1679.78012889	
-4.70350608671	-1679.77895677	
-4.70652268025	-1679.77779015	
-4.70953020131	-1679.77662898	
-4.71252870431	-1679.77547323	
-4.71551824316	-1679.77432286	
-4.7184988713	-1679.77317783	
-4.72147064168	-1679.7720381	
-4.72443360681	-1679.77090364	
-4.72738781871	-1679.76977441	
-4.73033332894	-1679.76865038	
-4.73327018862	-1679.7675315	
-4.73619844839	-1679.76641775	
-4.7391181585	-1679.76530908	
-4.74202936871	-1679.76420546	
-4.74493212836	-1679.76310687	
-4.74782648639	-1679.76201325	
-4.75071249128	-1679.76092459	
-4.75359019111	-1679.75984084	
-4.75645963353	-1679.75876197	
-4.75932086582	-1679.75768795	
-4.7621739348	-1679.75661875	
-4.76501888693	-1679.75555434	
-4.76785576827	-1679.75449467	
-4.77068462447	-1679.75343973	
-4.77350550081	-1679.75238947	
-4.77631844218	-1679.75134387	
-4.77912349311	-1679.7503029	
-4.78192069773	-1679.74926652	
-4.78471009982	-1679.7482347	
-4.78749174278	-1679.74720743	
-4.79026566966	-1679.74618465	
-4.79303192316	-1679.74516635	
-4.7957905456	-1679.7441525	
-4.79854157897	-1679.74314306	
-4.80128506491	-1679.74213801	
-4.80402104473	-1679.74113731	
-4.80674955939	-1679.74014095	
-4.8094706495	-1679.73914889	
-4.81218435537	-1679.73816111	
-4.81489071697	-1679.73717757	
-4.81758977394	-1679.73619825	
-4.82028156561	-1679.73522312	
-4.82296613098	-1679.73425216	
-4.82564350875	-1679.73328533	
-4.8283137373	-1679.73232262	
-4.83097685472	-1679.73136399	
-4.83363289878	-1679.73040942	
-4.83628190695	-1679.72945889	
-4.83892391641	-1679.72851236	
-4.84155896405	-1679.72756981	
-4.84418708646	-1679.72663123	
-4.84680831994	-1679.72569657	
-4.84942270051	-1679.72476582	
-4.85203026392	-1679.72383896	
-4.85463104562	-1679.72291595	
-4.8572250808	-1679.72199678	
-4.85981240436	-1679.72108142	
-4.86239305096	-1679.72016985	
-4.86496705495	-1679.71926204	
-4.86753445046	-1679.71835797	
-4.87009527132	-1679.71745761	
-4.87264955112	-1679.71656095	
-4.8751973232	-1679.71566797	
-4.87773862063	-1679.71477863	
-4.88027347623	-1679.71389291	
-4.88280192259	-1679.7130108	
-4.88532399202	-1679.71213227	
-4.88783971662	-1679.71125731	
-4.89034912822	-1679.71038588	
-4.89285225844	-1679.70951796	
-4.89534913864	-1679.70865355	
-4.89783979995	-1679.70779261	
-4.90032427328	-1679.70693512	
-4.90280258929	-1679.70608106	
-4.90527477844	-1679.70523042	
-4.90774087093	-1679.70438316	
-4.91020089677	-1679.70353928	
-4.91265488574	-1679.70269875	
-4.91510286737	-1679.70186155	
-4.91754487103	-1679.70102766	
-4.91998092583	-1679.70019707	
-4.92241106068	-1679.69936974	
-4.92483530429	-1679.69854567	
-4.92725368516	-1679.69772483	
-4.92966623156	-1679.69690721	
-4.93207297159	-1679.69609278	
-4.93447393313	-1679.69528153	
-4.93686914386	-1679.69447344	
-4.93925863125	-1679.69366849	
-4.94164242261	-1679.69286665	
-4.94402054501	-1679.69206792	
-4.94639302537	-1679.69127228	
-4.94875989038	-1679.69047971	
-4.95112116656	-1679.68969018	
-4.95347688026	-1679.68890368	
-4.9558270576	-1679.6881202	
-4.95817172456	-1679.68733972	
-4.96051090691	-1679.68656222	
-4.96284463026	-1679.68578768	
-4.96517292002	-1679.68501608	
-4.96749580144	-1679.68424742	
-4.96981329958	-1679.68348166	
-4.97212543933	-1679.68271881	
-4.97443224543	-1679.68195883	
-4.97673374242	-1679.68120171	
-4.97902995468	-1679.68044744	
-4.98132090643	-1679.67969601	
-4.98360662171	-1679.67894738	
-4.98588712441	-1679.67820156	
-4.98816243824	-1679.67745852	
-4.99043258678	-1679.67671825	
-4.99269759341	-1679.67598073	
-4.99495748138	-1679.67524594	
-4.99721227376	-1679.67451388	
-4.9994619935	-1679.67378452	
-5.00170666335	-1679.67305786	
-5.00394630595	-1679.67233387	
-5.00618094375	-1679.67161254	
-5.00841059907	-1679.67089387	
-5.0106352941	-1679.67017782	
-5.01285505083	-1679.66946439	
-5.01506989116	-1679.66875356	
-5.01727983681	-1679.66804533	
-5.01948490937	-1679.66733967	
-5.02168513028	-1679.66663657	
-5.02388052085	-1679.66593601	
-5.02607110223	-1679.66523799	
-5.02825689545	-1679.6645425	
-5.03043792139	-1679.6638495	
-5.03261420082	-1679.663159	
-5.03478575433	-1679.66247098	
-5.03695260241	-1679.66178542	
-5.03911476542	-1679.66110231	
-5.04127226356	-1679.66042165	
-5.04342511692	-1679.65974341	
-5.04557334546	-1679.65906758	
-5.047716969	-1679.65839416	
-5.04985600725	-1679.65772312	
-5.05199047978	-1679.65705445	
-5.05412040604	-1679.65638815	
-5.05624580535	-1679.6557242	
-5.05836669692	-1679.65506258	
-5.06048309982	-1679.65440329	
-5.06259503303	-1679.65374631	
-5.06470251537	-1679.65309163	
-5.06680556556	-1679.65243924	
-5.06890420222	-1679.65178913	
-5.07099844382	-1679.65114128	
-5.07308830874	-1679.65049568	
-5.07517381523	-1679.64985233	
-5.07725498144	-1679.6492112	
-5.07933182538	-1679.64857229	
-5.08140436498	-1679.64793559	
-5.08347261805	-1679.64730108	
-5.08553660227	-1679.64666875	
-5.08759633523	-1679.6460386	
-5.08965183441	-1679.6454106	
-5.09170311719	-1679.64478476	
-5.09375020081	-1679.64416105	
-5.09579310244	-1679.64353948	
-5.09783183913	-1679.64292001	
-5.09986642782	-1679.64230266	
-5.10189688537	-1679.6416874	
-5.10392322852	-1679.64107422	
-5.1059454739	-1679.64046312	
-5.10796363806	-1679.63985408	
-5.10997773743	-1679.6392471	
-5.11198778836	-1679.63864215	
-5.11399380708	-1679.63803924	
-5.11599580975	-1679.63743835	
-5.11799381242	-1679.63683948	
-5.11998783102	-1679.6362426	
-5.12197788143	-1679.63564772	
-5.1239639794	-1679.63505481	
-5.12594614061	-1679.63446388	
-5.12792438062	-1679.63387491	
-5.12989871492	-1679.6332879	
-5.13186915891	-1679.63270282	
-5.13383572788	-1679.63211968	
-5.13579843705	-1679.63153846	
-5.13775730154	-1679.63095916	
-5.13971233637	-1679.63038176	
-5.1416635565	-1679.62980625	
-5.14361097679	-1679.62923263	
-5.145554612	-1679.62866089	
-5.14749447681	-1679.62809101	
-5.14943058584	-1679.62752299	
-5.15136295359	-1679.62695682	
-5.1532915945	-1679.62639249	
-5.15521652291	-1679.62582999	
-5.15713775309	-1679.62526931	
-5.15905529921	-1679.62471045	
-5.1609691754	-1679.62415339	
-5.16287939565	-1679.62359812	
-5.16478597392	-1679.62304465	
-5.16668892407	-1679.62249295	
-5.16858825987	-1679.62194302	
-5.17048399504	-1679.62139485	
-5.17237614319	-1679.62084843	
-5.17426471788	-1679.62030376	
-5.17614973257	-1679.61976082	
-5.17803120067	-1679.61921961	
-5.1799091355	-1679.61868012	
-5.18178355029	-1679.61814234	
-5.18365445823	-1679.61760627	
-5.1855218724	-1679.61707189	
-5.18738580584	-1679.61653919	
-5.18924627149	-1679.61600818	
-5.19110328224	-1679.61547883	
-5.19295685089	-1679.61495115	
-5.19480699018	-1679.61442513	
-5.19665371277	-1679.61390075	
-5.19849703127	-1679.61337801	
-5.20033695819	-1679.6128569	
-5.202173506	-1679.61233742	
-5.20400668708	-1679.61181955	
-5.20583651375	-1679.6113033	
-5.20766299828	-1679.61078864	
-5.20948615284	-1679.61027558	
-5.21130598956	-1679.60976411	
-5.21312252048	-1679.60925422	
-5.21493575761	-1679.60874589	
-5.21674571285	-1679.60823914	
-5.21855239808	-1679.60773394	
-5.22035582508	-1679.60723029	
-5.22215600558	-1679.60672818	
-5.22395295126	-1679.60622761	
-5.22574667371	-1679.60572857	
-5.22753718449	-1679.60523105	
-5.22932449506	-1679.60473505	
-5.23110861685	-1679.60424056	
-5.23288956123	-1679.60374756	
-5.23466733947	-1679.60325607	
-5.23644196283	-1679.60276605	
-5.23821344248	-1679.60227752	
-5.23998178954	-1679.60179047	
-5.24174701506	-1679.60130488	
-5.24350913005	-1679.60082075	
-5.24526814546	-1679.60033808	
-5.24702407216	-1679.59985686	
-5.24877692099	-1679.59937707	
-5.25052670271	-1679.59889873	
-5.25227342805	-1679.59842181	
-5.25401710765	-1679.59794631	
-5.25575775213	-1679.59747223	
-5.25749537203	-1679.59699955	
-5.25922997784	-1679.59652828	
-5.26096158	-1679.59605841	
-5.2626901889	-1679.59558993	
-5.26441581487	-1679.59512283	
-5.26613846818	-1679.59465711	
-5.26785815906	-1679.59419276	
-5.26957489768	-1679.59372978	
-5.27128869416	-1679.59326816	
-5.27299955856	-1679.59280789	
-5.27470750091	-1679.59234898	
-5.27641253116	-1679.5918914	
-5.27811465923	-1679.59143516	
-5.27981389498	-1679.59098025	
-5.28151024823	-1679.59052666	
-5.28320372874	-1679.5900744	
-5.28489434622	-1679.58962345	
-5.28658211033	-1679.5891738	
-5.28826703069	-1679.58872546	
-5.28994911688	-1679.58827841	
-5.2916283784	-1679.58783265	
-5.29330482472	-1679.58738818	
-5.29497846528	-1679.58694498	
-5.29664930945	-1679.58650307	
-5.29831736655	-1679.58606241	
-5.29998264587	-1679.58562303	
-5.30164515664	-1679.58518489	
-5.30330490806	-1679.58474802	
-5.30496190927	-1679.58431238	
-5.30661616936	-1679.58387799	
-5.3082676974	-1679.58344484	
-5.30991650239	-1679.58301291	
-5.3115625933	-1679.58258222	
-5.31320597904	-1679.58215274	
-5.3148466685	-1679.58172447	
-5.3164846705	-1679.58129742	
-5.31811999384	-1679.58087157	
-5.31975264727	-1679.58044692	
-5.32138263948	-1679.58002347	
-5.32300997914	-1679.57960121	
-5.32463467487	-1679.57918013	
-5.32625673524	-1679.57876022	
-5.32787616879	-1679.5783415	
-5.32949298402	-1679.57792394	
-5.33110718937	-1679.57750755	
-5.33271879327	-1679.57709232	
-5.33432780407	-1679.57667825	
-5.33593423012	-1679.57626532	
-5.3375380797	-1679.57585354	
-5.33913936107	-1679.5754429	
-5.34073808243	-1679.5750334	
-5.34233425196	-1679.57462502	
-5.3439278778	-1679.57421778	
-5.34551896803	-1679.57381165	
-5.34710753072	-1679.57340665	
-5.34869357387	-1679.57300275	
-5.35027710548	-1679.57259997	
-5.35185813348	-1679.57219829	
-5.35343666577	-1679.5717977	
-5.35501271022	-1679.57139821	
-5.35658627467	-1679.57099982	
-5.3581573669	-1679.5706025	
-5.35972599468	-1679.57020627	
-5.36129216571	-1679.56981112	
-5.36285588769	-1679.56941703	
-5.36441716825	-1679.56902402	
-5.36597601502	-1679.56863207	
-5.36753243557	-1679.56824117	
-5.36908643744	-1679.56785134	
-5.37063802813	-1679.56746255	
-5.37218721511	-1679.56707481	
-5.37373400583	-1679.56668811	
-5.37527840768	-1679.56630245	
-5.37682042804	-1679.56591783	
-5.37836007422	-1679.56553423	
-5.37989735354	-1679.56515166	
-5.38143227326	-1679.56477011	
-5.38296484061	-1679.56438958	
-5.38449506279	-1679.56401006	
-5.38602294697	-1679.56363156	
-5.38754850028	-1679.56325405	
-5.38907172982	-1679.56287755	
-5.39059264266	-1679.56250205	
-5.39211124583	-1679.56212753	
-5.39362754635	-1679.56175401	
-5.39514155118	-1679.56138147	
-5.39665326727	-1679.56100992	
-5.39816270152	-1679.56063934	
-5.39966986081	-1679.56026974	
-5.40117475199	-1679.5599011	
-5.40267738187	-1679.55953344	
-5.40417775725	-1679.55916673	
-5.40567588487	-1679.55880098	
-5.40717177146	-1679.55843619	
-5.40866542372	-1679.55807235	
-5.4101568483	-1679.55770946	
-5.41164605186	-1679.55734751	
-5.41313304098	-1679.5569865	
-5.41461782224	-1679.55662642	
-5.4161004022	-1679.55626728	
-5.41758078737	-1679.55590907	
-5.41905898424	-1679.55555178	
-5.42053499927	-1679.55519542	
-5.42200883889	-1679.55483997	
-5.4234805095	-1679.55448544	
-5.42495001748	-1679.55413182	
-5.42641736918	-1679.55377911	
-5.4278825709	-1679.5534273	
-5.42934562895	-1679.55307639	
-5.43080654959	-1679.55272638	
-5.43226533906	-1679.55237727	
-5.43372200355	-1679.55202904	
-5.43517654927	-1679.5516817	
-5.43662898235	-1679.55133525	
-5.43807930892	-1679.55098967	
-5.4395275351	-1679.55064497	
-5.44097366695	-1679.55030115	
-5.44241771052	-1679.54995819	
-5.44385967184	-1679.54961611	
-5.4452995569	-1679.54927488	
-5.44673737167	-1679.54893452	
-5.44817312209	-1679.54859501	
-5.44960681409	-1679.54825636	
-5.45103845357	-1679.54791856	
-5.45246804638	-1679.54758161	
-5.45389559837	-1679.5472455	
-5.45532111536	-1679.54691023	
-5.45674460314	-1679.5465758	
-5.45816606749	-1679.5462422	
-5.45958551414	-1679.54590944	
-5.46100294883	-1679.5455775	
-5.46241837723	-1679.54524639	
-5.46383180503	-1679.5449161	
-5.46524323786	-1679.54458664	
-5.46665268137	-1679.54425798	
-5.46806014114	-1679.54393015	
-5.46946562274	-1679.54360312	
-5.47086913175	-1679.5432769	
-5.47227067367	-1679.54295148	
-5.47367025403	-1679.54262686	
-5.47506787829	-1679.54230305	
-5.47646355193	-1679.54198002	
-5.47785728038	-1679.54165779	
-5.47924906905	-1679.54133635	
-5.48063892334	-1679.5410157	
-5.48202684862	-1679.54069583	
-5.48341285022	-1679.54037674	
-5.48479693349	-1679.54005843	
-5.48617910372	-1679.5397409	
-5.48755936619	-1679.53942413	
-5.48893772616	-1679.53910814	
-5.49031418887	-1679.53879291	
-5.49168875953	-1679.53847845	
-5.49306144334	-1679.53816475	
-5.49443224547	-1679.53785181	
-5.49580117108	-1679.53753962	
-5.49716822529	-1679.53722818	
-5.49853341322	-1679.5369175	
-5.49989673995	-1679.53660756	
-5.50125821054	-1679.53629837	
-5.50261783006	-1679.53598992	
-5.50397560352	-1679.53568221	
-5.50533153593	-1679.53537523	
-5.50668563228	-1679.53506899	
-5.50803789753	-1679.53476349	
-5.50938833663	-1679.53445871	
-5.5107369545	-1679.53415465	
-5.51208375605	-1679.53385132	
-5.51342874616	-1679.53354872	
-5.51477192971	-1679.53324683	
-5.51611331154	-1679.53294565	
-5.51745289646	-1679.53264519	
-5.51879068931	-1679.53234544	
-5.52012669485	-1679.5320464	
-5.52146091786	-1679.53174807	
-5.5227933631	-1679.53145043	
-5.52412403528	-1679.5311535	
-5.52545293913	-1679.53085727	
-5.52678007934	-1679.53056173	
-5.52810546058	-1679.53026689	
-5.52942908751	-1679.52997274	
-5.53075096477	-1679.52967927	
-5.53207109697	-1679.5293865	
-5.53338948873	-1679.5290944	
-5.53470614461	-1679.52880299	
-5.53602106919	-1679.52851226	
-5.53733426702	-1679.5282222	
-5.53864574262	-1679.52793282	
-5.5399555005	-1679.52764411	
-5.54126354516	-1679.52735607	
-5.54256988107	-1679.5270687	
-5.5438745127	-1679.52678199	
-5.54517744448	-1679.52649594	
-5.54647868084	-1679.52621056	
-5.54777822618	-1679.52592583	
-5.5490760849	-1679.52564176	
-5.55037226136	-1679.52535834	
-5.55166675992	-1679.52507557	
-5.55295958492	-1679.52479345	
-5.55425074069	-1679.52451198	
-5.55554023152	-1679.52423116	
-5.5568280617	-1679.52395097	
-5.55811423551	-1679.52367143	
-5.5593987572	-1679.52339252	
-5.56068163102	-1679.52311425	
-5.56196286117	-1679.52283661	
-5.56324245188	-1679.52255961	
-5.56452040732	-1679.52228323	
-5.56579673168	-1679.52200748	
-5.56707142911	-1679.52173236	
-5.56834450376	-1679.52145786	
-5.56961595975	-1679.52118398	
-5.57088580119	-1679.52091072	
-5.57215403218	-1679.52063807	
-5.57342065679	-1679.52036604	
-5.5746856791	-1679.52009462	
-5.57594910315	-1679.51982382	
-5.57721093297	-1679.51955362	
-5.57847117258	-1679.51928402	
-5.57972982599	-1679.51901503	
-5.58098689718	-1679.51874665	
-5.58224239012	-1679.51847886	
-5.58349630878	-1679.51821167	
-5.5847486571	-1679.51794508	
-5.585999439	-1679.51767908	
-5.5872486584	-1679.51741368	
-5.5884963192	-1679.51714886	
-5.58974242528	-1679.51688463	
-5.59098698051	-1679.51662099	
-5.59222998875	-1679.51635793	
-5.59347145384	-1679.51609546	
-5.5947113796	-1679.51583356	
-5.59594976985	-1679.51557225	
-5.59718662839	-1679.51531151	
-5.598421959	-1679.51505134	
-5.59965576545	-1679.51479175	
-5.60088805149	-1679.51453273	
-5.60211882088	-1679.51427428	
-5.60334807733	-1679.51401639	
-5.60457582457	-1679.51375907	
-5.6058020663	-1679.51350232	
-5.60702680619	-1679.51324612	
-5.60825004793	-1679.51299049	
-5.60947179518	-1679.51273541	
-5.61069205159	-1679.51248089	
-5.61191082078	-1679.51222692	
-5.61312810639	-1679.51197351	
-5.61434391201	-1679.51172065	
-5.61555824124	-1679.51146833	
-5.61677109767	-1679.51121656	
-5.61798248485	-1679.51096534	
-5.61919240636	-1679.51071466	
-5.62040086572	-1679.51046452	
-5.62160786647	-1679.51021493	
-5.62281341212	-1679.50996587	
-5.62401750619	-1679.50971734	
-5.62522015215	-1679.50946936	
-5.6264213535	-1679.5092219	
-5.62762111369	-1679.50897498	
-5.62881943618	-1679.50872858	
-5.63001632442	-1679.50848272	
-5.63121178182	-1679.50823738	
-5.63240581181	-1679.50799256	
-5.6335984178	-1679.50774827	
-5.63478960317	-1679.5075045	
-5.6359793713	-1679.50726125	
-5.63716772557	-1679.50701851	
-5.63835466933	-1679.5067763	
-5.63954020593	-1679.50653459	
-5.64072433869	-1679.5062934	
-5.64190707094	-1679.50605272	
-5.64308840598	-1679.50581255	
-5.64426834712	-1679.50557289	
-5.64544689764	-1679.50533374	
-5.64662406082	-1679.50509509	
-5.64779983991	-1679.50485694	
-5.64897423816	-1679.5046193	
-5.65014725882	-1679.50438215	
-5.65131890512	-1679.5041455	
-5.65248918027	-1679.50390935	
-5.65365808747	-1679.5036737	
-5.65482562993	-1679.50343854	
-5.65599181082	-1679.50320387	
-5.65715663332	-1679.50296969	
-5.65832010058	-1679.502736	
-5.65948221576	-1679.5025028	
-5.660642982	-1679.50227009	
-5.66180240242	-1679.50203786	
-5.66296048014	-1679.50180611	
-5.66411721826	-1679.50157484	
-5.66527261989	-1679.50134406	
-5.66642668811	-1679.50111375	
-5.66757942599	-1679.50088392	
-5.6687308366	-1679.50065456	
-5.66988092298	-1679.50042568	
-5.67102968818	-1679.50019728	
-5.67217713524	-1679.49996934	
-5.67332326717	-1679.49974187	
-5.67446808699	-1679.49951487	
-5.67561159769	-1679.49928834	
-5.67675380227	-1679.49906227	
-5.6778947037	-1679.49883667	
-5.67903430497	-1679.49861153	
-5.68017260902	-1679.49838685	
-5.6813096188	-1679.49816263	
-5.68244533727	-1679.49793887	
-5.68357976734	-1679.49771557	
-5.68471291194	-1679.49749272	
-5.68584477397	-1679.49727032	
-5.68697535634	-1679.49704838	
-5.68810466194	-1679.49682689	
-5.68923269364	-1679.49660585	
-5.69035945432	-1679.49638526	
-5.69148494685	-1679.49616511	
-5.69260917406	-1679.49594541	
-5.6937321388	-1679.49572616	
-5.69485384391	-1679.49550735	
-5.69597429221	-1679.49528898	
-5.69709348651	-1679.49507105	
-5.69821142961	-1679.49485356	
-5.69932812431	-1679.4946365	
-5.70044357339	-1679.49441989	
-5.70155777963	-1679.49420371	
-5.7026707458	-1679.49398796	
-5.70378247466	-1679.49377265	
-5.70489296894	-1679.49355776	
-5.70600223139	-1679.49334331	
-5.70711026475	-1679.49312929	
-5.70821707172	-1679.49291569	
-5.70932265503	-1679.49270252	
-5.71042701737	-1679.49248977	
-5.71153016145	-1679.49227745	
-5.71263208993	-1679.49206555	
-5.71373280551	-1679.49185407	
-5.71483231084	-1679.49164301	
-5.71593060859	-1679.49143237	
-5.71702770141	-1679.49122214	
-5.71812359193	-1679.49101234	
-5.71921828279	-1679.49080294	
-5.72031177661	-1679.49059396	
-5.72140407601	-1679.4903854	
-5.72249518359	-1679.49017724	
-5.72358510195	-1679.48996949	
-5.72467383369	-1679.48976216	
-5.72576138137	-1679.48955523	
-5.72684774759	-1679.4893487	
-5.72793293489	-1679.48914258	
-5.72901694583	-1679.48893687	
-5.73009978297	-1679.48873156	
-5.73118144884	-1679.48852665	
-5.73226194598	-1679.48832214	
-5.7333412769	-1679.48811803	
-5.73441944412	-1679.48791431	
-5.73549645015	-1679.487711	
-5.73657229748	-1679.48750808	
-5.73764698861	-1679.48730555	
-5.73872052602	-1679.48710342	
-5.73979291218	-1679.48690168	
-5.74086414956	-1679.48670033	
-5.74193424062	-1679.48649937	
-5.74300318781	-1679.4862988	
-5.74407099357	-1679.48609862	
-5.74513766034	-1679.48589883	
-5.74620319054	-1679.48569941	
-5.7472675866	-1679.48550039	
-5.74833085092	-1679.48530175	
-5.74939298591	-1679.48510349	
-5.75045399397	-1679.48490561	
-5.75151387748	-1679.48470811	
-5.75257263883	-1679.48451099	
-5.75363028038	-1679.48431424	
-5.75468680452	-1679.48411788	
-5.75574221359	-1679.48392189	
-5.75679650994	-1679.48372627	
-5.75784969593	-1679.48353103	
-5.75890177388	-1679.48333616	
-5.75995274612	-1679.48314166	
-5.76100261499	-1679.48294753	
-5.76205138278	-1679.48275377	
-5.76309905181	-1679.48256038	
-5.76414562438	-1679.48236735	
-5.76519110278	-1679.4821747	
-5.7662354893	-1679.4819824	
-5.76727878622	-1679.48179047	
-5.76832099579	-1679.48159891	
-5.7693621203	-1679.4814077	
-5.770402162	-1679.48121686	
-5.77144112313	-1679.48102638	
-5.77247900594	-1679.48083625	
-5.77351581267	-1679.48064648	
-5.77455154554	-1679.48045707	
-5.77558620679	-1679.48026802	
-5.77661979861	-1679.48007932	
-5.77765232322	-1679.47989097	
-5.77868378283	-1679.47970298	
-5.77971417962	-1679.47951534	
-5.78074351579	-1679.47932805	
-5.78177179352	-1679.47914111	
-5.78279901497	-1679.47895452	
-5.78382518233	-1679.47876827	
-5.78485029774	-1679.47858238	
-5.78587436337	-1679.47839683	
-5.78689738137	-1679.47821162	
-5.78791935386	-1679.47802676	
-5.788940283	-1679.47784224	
-5.7899601709	-1679.47765806	
-5.79097901969	-1679.47747423	
-5.79199683148	-1679.47729073	
-5.79301360838	-1679.47710758	
-5.7940293525	-1679.47692476	
-5.79504406593	-1679.47674228	
-5.79605775077	-1679.47656014	
-5.79707040908	-1679.47637833	
-5.79808204295	-1679.47619685	
-5.79909265446	-1679.47601571	
-5.80010224566	-1679.47583491	
-5.80111081862	-1679.47565443	
-5.80211837538	-1679.47547429	
-5.80312491799	-1679.47529447	
-5.80413044849	-1679.47511499	
-5.80513496892	-1679.47493583	
-5.80613848129	-1679.474757	
-5.80714098764	-1679.4745785	
-5.80814248998	-1679.47440032	
-5.80914299031	-1679.47422247	
