#Site	lnL	
0	-13.5243862617
1	-11.0978648272
2	-8.44799493689
3	-12.9376666768
4	-19.2434083413
5	-14.4049547444
6	-8.36286958038
7	-4.73194343111
8	-15.094038092
9	-14.9957430158
10	-11.217227189
11	-10.7024285843
12	-10.621924036
13	-12.1090215651
14	-4.35489705422
15	-4.6783807927
16	-9.0309101995
17	-14.1402694463
18	-12.605509192
19	-9.93143963916
20	-9.0309101995
21	-9.01015143073
22	-17.0679743583
23	-10.526768026
24	-9.402692848
25	-9.01015143073
26	-11.912786818
27	-8.24725034971
28	-9.17822885103
29	-10.7063576805
30	-8.68042711513
31	-20.7879264167
32	-16.3777367703
33	-21.586361164
34	-10.9014774553
35	-18.9658494571
36	-20.0150514505
37	-12.0786327991
38	-4.6783807927
39	-10.7284915153
40	-12.7431526793
41	-7.36847726509
42	-6.22801985642
43	-22.8090935913
44	-8.94018065222
45	-11.0731335098
46	-22.5702106499
47	-11.5986538121
48	-4.7064009513
49	-9.58877390358
50	-9.20280518232
51	-13.8326111545
52	-5.51225951897
53	-17.0476014395
54	-5.56640408662
55	-12.2658201211
56	-15.0110837369
57	-5.02283485997
58	-10.4881929025
59	-12.5928293046
60	-16.6758819855
61	-8.82885506542
62	-4.97681387257
63	-16.5180376245
64	-16.748923957
65	-12.0973292212
66	-11.2538339863
67	-11.8076782928
68	-6.3422411077
69	-16.5190471452
70	-11.8923163048
71	-14.4896206832
72	-5.89450148191
73	-10.627342297
74	-21.3516080459
75	-10.8321737068
76	-8.24415204601
77	-19.0950932495
78	-14.0980732383
79	-5.11886260601
80	-11.9330224498
81	-17.4881970567
82	-9.16181665167
83	-14.3290601573
84	-6.69179751353
85	-17.8923351008
86	-20.1546811293
87	-12.1220897561
88	-7.66193561668
89	-15.7350082805
90	-5.28399252619
91	-17.8802716683
92	-16.0066150088
93	-4.73194343111
94	-8.97259132723
95	-4.14648344244
96	-13.2568583745
97	-9.085555051
98	-10.1468847927
99	-7.0240302227
100	-10.2573444506
101	-11.8701773921
102	-15.6211826697
103	-5.22159309369
104	-5.2471986159
105	-6.90470661927
106	-6.34253310507
107	-12.1936624402
108	-11.6209555994
109	-8.19372920964
110	-5.2471986159
111	-4.6783807927
112	-7.47006339334
113	-4.35489705422
114	-12.5268131257
115	-10.2725382247
116	-10.1749458021
117	-10.4374178049
118	-13.0925113692
119	-9.88181442035
120	-13.3522461562
121	-13.0185093531
122	-9.97045430909
123	-8.37242442412
124	-10.4812313583
125	-8.31702489178
126	-7.0240302227
127	-10.415830136
128	-4.97681387257
129	-12.1717496214
130	-9.90686133377
131	-23.8380668929
132	-18.877741811
133	-10.9277673613
134	-14.663711847
135	-19.1638397783
136	-26.2527542165
137	-10.1900928665
138	-8.31702489178
139	-9.41571933707
140	-5.28399252619
141	-9.08194417766
142	-10.9661598952
143	-9.50979048474
144	-5.45240206863
145	-5.89993559188
146	-8.07787339387
147	-11.5344036672
148	-9.19183141179
149	-22.3145904485
150	-7.71017274353
151	-13.3475997944
152	-14.8396452641
153	-4.97681387257
154	-21.8673746734
155	-8.57496860522
156	-5.28399252619
157	-26.1118256102
158	-4.81483115651
159	-8.33095709807
160	-11.9887451238
161	-5.63401936962
162	-14.0031268135
