#Site	lnL	
0	-1.54556183022
1	-1.30280010915
2	-7.26378555676
3	-1.54556183022
4	-1.36891682146
5	-11.8005492788
6	-1.41332566063
7	-1.30280010915
8	-4.10783162819
9	-1.54556183022
10	-1.48181672763
11	-2.4800450532
12	-1.54556183022
13	-1.7518298685
14	-10.238666756
15	-1.54556183022
16	-1.36891682146
17	-2.06457843022
18	-1.35766728066
19	-1.7518298685
20	-7.25491087817
21	-1.41332566063
22	-1.7518298685
23	-2.15826451973
24	-1.812382926
25	-1.36891682146
26	-8.158719477
27	-1.54556183022
28	-1.7518298685
29	-6.97910563222
30	-1.41332566063
31	-1.7518298685
32	-8.15772257837
33	-1.812382926
34	-1.30280010915
35	-15.1036394166
36	-1.54556183022
37	-1.36891682146
38	-4.93345179989
39	-5.31839076936
40	-7.79335283993
41	-6.46545142435
42	-1.41332566063
43	-1.7518298685
44	-11.1352249188
45	-1.54556183022
46	-1.36891682146
47	-4.53638696906
48	-1.35766728066
49	-1.48181672763
50	-12.051361544
51	-5.63233920857
52	-1.36891682146
53	-9.33708934937
54	-1.41332566063
55	-1.48181672763
56	-13.1882045386
57	-1.41332566063
58	-1.30280010915
59	-2.70731336307
60	-1.35766728066
61	-1.30280010915
62	-19.6316647778
63	-1.41332566063
64	-1.36891682146
65	-11.0794578398
66	-1.812382926
67	-1.7518298685
68	-4.74441477983
69	-1.41332566063
70	-1.36891682146
71	-10.8901179884
72	-1.41332566063
73	-6.80150479816
74	-4.29828373304
75	-1.812382926
76	-1.36891682146
77	-8.6531877676
78	-1.54556183022
79	-1.36891682146
80	-4.93345179989
81	-1.54556183022
82	-1.30280010915
83	-7.25491087817
84	-1.41332566063
85	-1.7518298685
86	-15.1461703241
87	-1.35766728066
88	-1.48181672763
89	-2.15826451973
90	-1.54556183022
91	-1.30280010915
92	-4.74441477983
93	-1.812382926
94	-6.47177933537
95	-6.34182477263
96	-1.812382926
97	-1.30280010915
98	-8.33544387787
99	-1.812382926
100	-1.36891682146
101	-6.73547561594
102	-1.54556183022
103	-1.48181672763
104	-7.94921912145
105	-1.54556183022
106	-1.30280010915
107	-7.0066699964
108	-1.812382926
109	-1.30280010915
110	-2.06457843022
111	-1.35766728066
112	-1.36891682146
113	-2.4800450532
114	-1.54556183022
115	-1.36891682146
116	-6.73296263614
117	-1.54556183022
118	-1.48181672763
119	-4.29828373304
120	-1.54556183022
121	-1.7518298685
122	-13.0046900293
123	-1.35766728066
124	-1.36891682146
125	-6.59919959522
126	-1.41332566063
127	-1.30280010915
128	-6.3715603037
129	-1.35766728066
130	-1.48181672763
131	-2.15826451973
132	-1.41332566063
133	-1.30280010915
134	-9.52447536451
135	-9.31010291704
136	-1.36891682146
137	-5.39727867062
138	-1.41332566063
139	-1.30280010915
140	-7.94921912145
141	-1.35766728066
142	-1.30280010915
143	-5.03444052294
144	-1.54556183022
145	-10.4951058444
146	-18.4898230716
147	-1.41332566063
148	-1.30280010915
149	-2.70731336307
150	-1.41332566063
151	-1.7518298685
152	-5.80473514632
153	-6.22849534217
154	-1.36891682146
155	-7.86991996133
156	-1.35766728066
157	-1.48181672763
158	-2.06457843022
159	-1.54556183022
160	-1.36891682146
161	-13.5530746713
162	-1.35766728066
163	-1.36891682146
164	-2.06457843022
165	-1.812382926
166	-1.30280010915
167	-7.14596990792
168	-1.54556183022
169	-1.7518298685
170	-22.0174147321
171	-1.54556183022
172	-1.30280010915
173	-2.15826451973
174	-1.35766728066
175	-1.48181672763
176	-2.06457843022
177	-1.812382926
178	-1.48181672763
179	-9.7820714341
180	-7.39481460341
181	-1.36891682146
182	-10.4908020363
183	-1.41332566063
184	-1.36891682146
185	-2.06457843022
186	-1.41332566063
187	-1.36891682146
188	-8.23830135696
189	-9.44144456141
190	-1.36891682146
191	-21.0865024123
192	-5.63233920857
193	-1.36891682146
194	-7.41260523547
195	-1.35766728066
196	-1.30280010915
197	-2.4800450532
198	-1.41332566063
199	-1.48181672763
200	-9.33708934937
201	-1.41332566063
202	-1.36891682146
203	-11.1872398976
204	-1.35766728066
205	-1.30280010915
206	-6.04145718274
207	-1.35766728066
208	-1.36891682146
209	-7.89807639561
210	-1.54556183022
211	-1.7518298685
212	-7.76860107436
213	-1.54556183022
214	-1.30280010915
215	-6.47970700022
216	-1.41332566063
217	-1.30280010915
218	-7.26378555676
219	-1.41332566063
220	-1.48181672763
221	-10.2797101297
222	-9.11956443719
223	-1.30280010915
224	-15.6322907678
225	-1.35766728066
226	-1.36891682146
227	-10.8454087881
228	-1.54556183022
229	-1.36891682146
230	-7.93222305377
231	-1.35766728066
232	-9.64538316205
233	-10.0791927792
234	-1.41332566063
235	-1.30280010915
236	-9.06168888259
237	-1.54556183022
238	-1.48181672763
239	-6.65062203535
240	-1.54556183022
241	-1.30280010915
242	-12.4552053038
243	-1.812382926
244	-1.7518298685
245	-2.06457843022
246	-1.41332566063
247	-1.36891682146
248	-7.30961110719
249	-1.54556183022
250	-1.7518298685
251	-9.94292926939
252	-1.35766728066
253	-1.36891682146
254	-5.53564679054
255	-1.41332566063
256	-1.30280010915
257	-11.2321718647
258	-1.54556183022
259	-1.48181672763
260	-9.63557246282
261	-9.13043866732
262	-1.30280010915
263	-10.2944534188
264	-1.54556183022
265	-1.36891682146
266	-6.62629165133
267	-1.812382926
268	-7.3825970847
269	-2.06457843022
270	-1.54556183022
271	-1.36891682146
272	-4.53638696906
273	-1.35766728066
274	-1.30280010915
275	-11.2819067674
276	-1.812382926
277	-1.7518298685
278	-2.70731336307
279	-11.2496568545
280	-1.48181672763
281	-4.89133471061
282	-1.41332566063
283	-1.36891682146
284	-8.68925731329
285	-1.41332566063
286	-1.48181672763
287	-5.73374405328
288	-1.812382926
289	-1.48181672763
290	-7.55988025545
291	-1.54556183022
292	-1.36891682146
293	-7.46204113857
294	-10.3353393239
295	-1.30280010915
296	-7.93775109842
297	-1.54556183022
298	-5.80438993041
299	-5.03444052294
300	-1.812382926
301	-1.7518298685
302	-2.4800450532
303	-1.41332566063
304	-1.36891682146
305	-2.15826451973
306	-1.35766728066
307	-1.30280010915
308	-2.15826451973
309	-5.98526819148
310	-1.48181672763
311	-9.63485428354
312	-1.35766728066
313	-1.30280010915
314	-13.357611718
315	-1.54556183022
316	-1.36891682146
317	-7.46204113857
318	-1.41332566063
319	-1.30280010915
320	-7.37797533262
321	-1.41332566063
322	-1.30280010915
323	-7.9068130265
324	-1.41332566063
325	-1.7518298685
326	-2.15826451973
327	-1.35766728066
328	-1.48181672763
329	-12.2446928414
330	-1.35766728066
331	-1.48181672763
332	-4.93345179989
333	-1.41332566063
334	-1.7518298685
335	-2.15826451973
336	-7.28619232837
337	-1.48181672763
338	-2.15826451973
339	-1.35766728066
340	-1.36891682146
341	-2.70731336307
342	-1.35766728066
343	-1.48181672763
344	-7.79724166708
345	-1.35766728066
346	-7.58611713426
347	-9.18841030895
348	-1.35766728066
349	-7.62448860127
350	-14.1058148005
351	-1.54556183022
352	-1.48181672763
353	-2.06457843022
354	-1.812382926
355	-1.7518298685
356	-9.15549735683
357	-1.41332566063
358	-1.30280010915
359	-10.7336989364
360	-7.72521556077
361	-1.30280010915
362	-2.15826451973
363	-1.812382926
364	-1.48181672763
365	-7.96794091208
366	-1.812382926
367	-1.30280010915
368	-2.06457843022
369	-1.41332566063
370	-1.30280010915
371	-2.70731336307
372	-1.35766728066
373	-1.30280010915
374	-5.20064142869
375	-1.54556183022
376	-1.30280010915
377	-2.06457843022
378	-1.41332566063
379	-5.79415772886
380	-13.3879782802
381	-1.35766728066
382	-1.7518298685
383	-2.4800450532
384	-1.812382926
385	-1.30280010915
386	-4.89133471061
387	-1.54556183022
388	-11.5301155169
389	-4.74441477983
390	-1.54556183022
391	-1.36891682146
392	-2.4800450532
393	-1.41332566063
394	-1.30280010915
395	-4.53638696906
396	-1.812382926
397	-1.36891682146
398	-2.4800450532
399	-6.33269267758
400	-1.7518298685
401	-4.10783162819
402	-1.35766728066
403	-1.7518298685
404	-6.53315598459
405	-1.54556183022
406	-1.30280010915
407	-6.46545142435
408	-1.41332566063
409	-1.36891682146
410	-10.1234185044
411	-1.41332566063
412	-1.48181672763
413	-2.15826451973
414	-1.54556183022
415	-1.30280010915
416	-2.4800450532
417	-1.812382926
418	-1.30280010915
419	-2.70731336307
420	-1.35766728066
421	-1.7518298685
422	-2.06457843022
423	-1.54556183022
424	-1.30280010915
425	-2.06457843022
426	-6.55205261869
427	-1.36891682146
428	-8.55797410302
429	-1.41332566063
430	-1.30280010915
431	-7.88033330643
432	-1.35766728066
433	-1.7518298685
434	-2.06457843022
435	-1.812382926
436	-1.48181672763
437	-5.49982914354
438	-1.54556183022
439	-8.74741833855
440	-2.4800450532
441	-1.35766728066
442	-1.7518298685
443	-18.2438553475
444	-1.54556183022
445	-1.36891682146
446	-7.30082450971
447	-1.41332566063
448	-1.48181672763
449	-6.31265671888
450	-1.812382926
451	-1.48181672763
452	-5.20064142869
453	-1.35766728066
454	-1.48181672763
455	-2.70731336307
456	-1.35766728066
457	-1.7518298685
458	-5.7174718877
459	-1.35766728066
460	-1.30280010915
461	-12.0570399744
462	-5.31839076936
463	-1.36891682146
464	-8.63339266162
465	-1.35766728066
466	-1.30280010915
467	-5.11622477153
468	-6.73120024411
469	-1.36891682146
470	-2.70731336307
471	-1.54556183022
472	-1.30280010915
473	-2.15826451973
474	-1.54556183022
475	-1.7518298685
476	-12.298376622
477	-1.54556183022
478	-1.48181672763
479	-9.35520549777
480	-6.55205261869
481	-1.36891682146
482	-6.36754419362
483	-1.812382926
484	-1.48181672763
485	-8.13397459026
486	-6.56834170782
487	-1.7518298685
488	-4.74441477983
