# log_p 	 lnL 	 
0.0	-1772.31695163	
-0.287682072452	-1772.21890203	
-0.510825623766	-1772.11825995	
-0.69314718056	-1772.026215	
-0.847297860387	-1771.94552071	
-0.980829253012	-1771.87547339	
-1.09861228867	-1771.81429564	
-1.20397280433	-1771.76012613	
-1.29928298413	-1771.71137584	
-1.38629436112	-1771.66681082	
-1.46633706879	-1771.62552575	
-1.54044504095	-1771.58688202	
-1.60943791243	-1771.55044246	
-1.67397643357	-1771.51591453	
-1.73460105539	-1771.48310546	
-1.79175946923	-1771.45188861	
-1.8458266905	-1771.42217934	
-1.89711998489	-1771.39391809	
-1.94591014906	-1771.36705902	
-1.99243016469	-1771.3415626	
-2.03688192726	-1771.31739093	
-2.07944154168	-1771.29450504	
-2.1202635362	-1771.27286353	
-2.15948424935	-1771.25242201	
-2.19722457734	-1771.23313314	
-2.23359222151	-1771.21494697	
-2.26868354132	-1771.1978115	
-2.30258509299	-1771.18167331	
-2.33537491582	-1771.16647817	
-2.36712361413	-1771.1521717	
-2.3978952728	-1771.13869993	
-2.42774823595	-1771.12600977	
-2.45673577282	-1771.11404948	
-2.48490664979	-1771.10276904	
-2.51230562398	-1771.0921204	
-2.53897387106	-1771.08205773	
-2.56494935746	-1771.07253761	
-2.59026716545	-1771.0635191	
-2.61495977804	-1771.05496383	
-2.63905732962	-1771.04683603	
-2.66258782703	-1771.0391025	
-2.68557734525	-1771.03173261	
-2.7080502011	-1771.02469819	
-2.73002910782	-1771.01797347	
-2.75153531304	-1771.01153497	
-2.77258872224	-1771.0053614	
-2.79320800944	-1770.99943357	
-2.81341071676	-1770.99373417	
-2.83321334406	-1770.98824777	
-2.85263142991	-1770.98296057	
-2.87167962488	-1770.97786036	
-2.8903717579	-1770.97293635	
-2.90872089656	-1770.96817905	
-2.92673940207	-1770.96358018	
-2.94443897917	-1770.9591325	
-2.96183072188	-1770.95482976	
-2.97892515524	-1770.95066658	
-2.99573227355	-1770.94663832	
-3.01226157551	-1770.94274107	
-3.02852209638	-1770.93897146	
-3.04452243772	-1770.93532668	
-3.06027079469	-1770.93180437	
-3.07577498123	-1770.92840255	
-3.09104245336	-1770.92511956	
-3.10608033072	-1770.92195404	
-3.12089541651	-1770.91890486	
-3.13549421593	-1770.91597105	
-3.14988295338	-1770.91315184	
-3.16406758837	-1770.91044655	
-3.17805383035	-1770.90785459	
-3.19184715248	-1770.90537543	
-3.20545280454	-1770.90300862	
-3.21887582487	-1770.90075369	
-3.23212105162	-1770.8986102	
-3.24519313319	-1770.8965777	
-3.25809653802	-1770.89465573	
-3.2708355638	-1770.8928438	
-3.28341434601	-1770.89114138	
-3.295836866	-1770.8895479	
-3.3081069586	-1770.88806276	
-3.32022831913	-1770.8866853	
-3.33220451018	-1770.88541482	
-3.34403896782	-1770.88425055	
-3.35573500759	-1770.88319169	
-3.36729582999	-1770.88223737	
-3.37872452581	-1770.88138669	
-3.39002408106	-1770.88063869	
-3.40119738166	-1770.87999235	
-3.41224721785	-1770.87944662	
-3.42317628838	-1770.8790004	
-3.43398720449	-1770.87865256	
-3.4446824936	-1770.8784019	
-3.45526460293	-1770.87824722	
-3.4657359028	-1770.87818727	
-3.47609868984	-1770.87822076	
-3.48635519	-1770.8783464	
-3.49650756147	-1770.87856284	
-3.50655789732	-1770.87886874	
-3.51650822817	-1770.87926271	
-3.52636052462	-1770.87974337	
-3.53611669956	-1770.8803093	
-3.54577861047	-1770.88095909	
-3.55534806149	-1770.88169131	
-3.56482680544	-1770.88250451	
-3.57421654579	-1770.88339727	
-3.58351893846	-1770.88436813	
-3.59273559356	-1770.88541564	
-3.60186807712	-1770.88653836	
-3.61091791264	-1770.88773484	
-3.61988658263	-1770.88900365	
-3.62877553004	-1770.89034333	
-3.63758615973	-1770.89175246	
-3.6463198397	-1770.89322963	
-3.65497790244	-1770.89477341	
-3.66356164613	-1770.89638241	
-3.6720723358	-1770.89805522	
-3.68051120444	-1770.89979048	
-3.68887945411	-1770.90158681	
-3.69717825693	-1770.90344285	
-3.70540875607	-1770.90535729	
-3.7135720667	-1770.90732878	
-3.72166927694	-1770.90935602	
-3.72970144863	-1770.91143772	
-3.73766961828	-1770.91357261	
-3.74557479779	-1770.91575943	
-3.75341797525	-1770.91799693	
-3.76120011569	-1770.9202839	
-3.76892216179	-1770.92261914	
-3.77658503453	-1770.92500145	
-3.78418963392	-1770.92742968	
-3.79173683955	-1770.92990267	
-3.79922751128	-1770.9324193	
-3.80666248977	-1770.93497845	
-3.81404259707	-1770.93757903	
-3.82136863716	-1770.94021997	
-3.82864139649	-1770.94290022	
-3.83586164446	-1770.94561875	
-3.84303013394	-1770.94837453	
-3.85014760171	-1770.95116656	
-3.85721476893	-1770.95399388	
-3.86423234159	-1770.95685551	
-3.87120101091	-1770.95975053	
-3.87812145375	-1770.962678	
-3.88499433304	-1770.96563701	
-3.89182029811	-1770.96862669	
-3.8985999851	-1770.97164615	
-3.90533401728	-1770.97469456	
-3.91202300543	-1770.97777106	
-3.91866754815	-1770.98087485	
-3.92526823218	-1770.98400513	
-3.93182563272	-1770.98716109	
-3.93834031375	-1770.99034199	
-3.94481282825	-1770.99354706	
-3.95124371858	-1770.99677558	
-3.95763351668	-1771.00002681	
-3.96398274436	-1771.00330005	
-3.97029191355	-1771.00659462	
-3.97656152657	-1771.00990983	
-3.98279207632	-1771.01324503	
-3.98898404656	-1771.01659957	
-3.99513791214	-1771.01997282	
-4.00125413916	-1771.02336416	
-4.00733318523	-1771.02677298	
-4.01337549969	-1771.0301987	
-4.01938152375	-1771.03364074	
-4.02535169074	-1771.03709852	
-4.03128642625	-1771.04057151	
-4.03718614838	-1771.04405915	
-4.04305126783	-1771.04756093	
-4.04888218815	-1771.05107632	
-4.05467930583	-1771.05460483	
-4.06044301055	-1771.05814595	
-4.06617368526	-1771.06169921	
-4.07187170637	-1771.06526415	
-4.07753744391	-1771.06884029	
-4.08317126162	-1771.07242719	
-4.08877351717	-1771.07602442	
-4.09434456222	-1771.07963154	
-4.0998847426	-1771.08324814	
-4.10539439841	-1771.08687381	
-4.11087386417	-1771.09050814	
-4.11632346894	-1771.09415076	
-4.12174353641	-1771.09780128	
-4.12713438505	-1771.10145933	
-4.13249632819	-1771.10512454	
-4.13782967416	-1771.10879656	
-4.14313472639	-1771.11247506	
-4.14841178349	-1771.11615968	
-4.15366113938	-1771.1198501	
-4.15888308336	-1771.123546	
-4.16407790024	-1771.12724707	
-4.1692458704	-1771.130953	
-4.1743872699	-1771.13466348	
-4.17950237056	-1771.13837824	
-4.18459144007	-1771.14209698	
-4.18965474203	-1771.14581942	
-4.19469253606	-1771.1495453	
-4.19970507788	-1771.15327435	
-4.20469261939	-1771.15700631	
-4.20965540873	-1771.16074093	
-4.21459369037	-1771.16447797	
-4.21950770518	-1771.16821718	
-4.22439769047	-1771.17195833	
-4.22926388012	-1771.1757012	
-4.2341065046	-1771.17944555	
-4.23892579103	-1771.18319118	
-4.2437219633	-1771.18693788	
-4.24849524205	-1771.19068542	
-4.25324584481	-1771.19443362	
-4.257973986	-1771.19818228	
-4.26267987704	-1771.20193121	
-4.26736372635	-1771.20568021	
-4.27202573946	-1771.20942911	
-4.27666611902	-1771.21317773	
-4.28128506487	-1771.2169259	
-4.28588277412	-1771.22067345	
-4.29045944115	-1771.2244202	
-4.29501525768	-1771.22816602	
-4.29955041285	-1771.23191073	
-4.3040650932	-1771.23565418	
-4.30855948279	-1771.23939623	
-4.31303376319	-1771.24313673	
-4.31748811354	-1771.24687555	
-4.3219227106	-1771.25061253	
-4.32633772881	-1771.25434756	
-4.33073334029	-1771.25808049	
-4.33510971489	-1771.26181121	
-4.33946702026	-1771.26553958	
-4.34380542185	-1771.26926549	
-4.348125083	-1771.27298883	
-4.3524261649	-1771.27670946	
-4.35670882669	-1771.2804273	
-4.36097322548	-1771.28414221	
-4.36521951636	-1771.28785411	
-4.36944785247	-1771.29156289	
-4.373658385	-1771.29526844	
-4.37785126326	-1771.29897068	
-4.38202663467	-1771.30266949	
-4.38618464482	-1771.30636481	
-4.39032543749	-1771.31005652	
-4.39444915467	-1771.31374455	
-4.39855593663	-1771.31742881	
-4.40264592188	-1771.32110922	
-4.40671924726	-1771.3247857	
-4.41077604796	-1771.32845817	
-4.4148164575	-1771.33212655	
-4.4188406078	-1771.33579077	
-4.42284862919	-1771.33945076	
-4.42684065046	-1771.34310644	
-4.43081679884	-1771.34675776	
-4.43477720006	-1771.35040463	
-4.43872197835	-1771.35404701	
-4.44265125649	-1771.35768483	
-4.44656515581	-1771.36131802	
-4.45046379623	-1771.36494653	
-4.45434729625	-1771.3685703	
-4.45821577303	-1771.37218927	
-4.46206934235	-1771.3758034	
-4.46590811865	-1771.37941263	
-4.46973221509	-1771.3830169	
-4.47354174351	-1771.38661617	
-4.47733681448	-1771.3902104	
-4.48111753732	-1771.39379953	
-4.48488402011	-1771.39738352	
-4.48863636973	-1771.40096233	
-4.49237469184	-1771.40453591	
-4.49609909093	-1771.40810423	
-4.49980967033	-1771.41166725	
-4.50350653221	-1771.41522492	
-4.50718977763	-1771.41877721	
-4.51085950652	-1771.42232408	
-4.51451581772	-1771.4258655	
-4.518158809	-1771.42940144	
-4.52178857705	-1771.43293186	
-4.52540521752	-1771.43645673	
-4.52900882502	-1771.43997603	
-4.53259949315	-1771.44348972	
-4.5361773145	-1771.44699777	
-4.53974238067	-1771.45050016	
-4.54329478227	-1771.45399686	
-4.54683460898	-1771.45748785	
-4.55036194949	-1771.46097309	
-4.5538768916	-1771.46445258	
-4.55737952215	-1771.46792628	
-4.56086992709	-1771.47139418	
-4.56434819147	-1771.47485624	
-4.56781439944	-1771.47831246	
-4.57126863431	-1771.48176282	
-4.5747109785	-1771.48520729	
-4.5781415136	-1771.48864585	
-4.58156032035	-1771.4920785	
-4.58496747867	-1771.49550521	
-4.58836306767	-1771.49892597	
-4.59174716566	-1771.50234077	
-4.59511985013	-1771.50574958	
-4.59848119784	-1771.5091524	
-4.60183128472	-1771.51254922	
-4.60517018599	-1771.51594001	
-4.60849797608	-1771.51932478	
-4.61181472871	-1771.5227035	
-4.61512051684	-1771.52607618	
-4.61841541274	-1771.52944279	
-4.62169948794	-1771.53280333	
-4.62497281328	-1771.53615779	
-4.62823545892	-1771.53950617	
-4.63148749431	-1771.54284845	
-4.63472898823	-1771.54618463	
-4.63796000881	-1771.5495147	
-4.64118062351	-1771.55283865	
-4.64439089914	-1771.55615649	
-4.64759090187	-1771.55946819	
-4.65078069724	-1771.56277377	
-4.65396035016	-1771.56607322	
-4.65712992492	-1771.56936652	
-4.66028948521	-1771.57265369	
-4.66343909411	-1771.57593471	
-4.66657881412	-1771.57920958	
-4.66970870713	-1771.5824783	
-4.67282883446	-1771.58574087	
-4.67593925688	-1771.58899729	
-4.67904003455	-1771.59224755	
-4.68213122712	-1771.59549166	
-4.68521289366	-1771.59872961	
-4.6882850927	-1771.60196141	
-4.69134788223	-1771.60518705	
-4.69440131972	-1771.60840653	
-4.6974454621	-1771.61161987	
-4.70048036579	-1771.61482705	
-4.70350608671	-1771.61802808	
-4.70652268025	-1771.62122296	
-4.70953020131	-1771.62441169	
-4.71252870431	-1771.62759428	
-4.71551824316	-1771.63077072	
-4.7184988713	-1771.63394103	
-4.72147064168	-1771.6371052	
-4.72443360681	-1771.64026324	
-4.72738781871	-1771.64341514	
-4.73033332894	-1771.64656093	
-4.73327018862	-1771.64970059	
-4.73619844839	-1771.65283413	
-4.7391181585	-1771.65596156	
-4.74202936871	-1771.65908289	
-4.74493212836	-1771.66219811	
-4.74782648639	-1771.66530723	
-4.75071249128	-1771.66841027	
-4.75359019111	-1771.67150721	
-4.75645963353	-1771.67459808	
-4.75932086582	-1771.67768287	
-4.7621739348	-1771.68076159	
-4.76501888693	-1771.68383425	
-4.76785576827	-1771.68690085	
-4.77068462447	-1771.68996141	
-4.77350550081	-1771.69301592	
-4.77631844218	-1771.69606439	
-4.77912349311	-1771.69910684	
-4.78192069773	-1771.70214327	
-4.78471009982	-1771.70517368	
-4.78749174278	-1771.70819809	
-4.79026566966	-1771.7112165	
-4.79303192316	-1771.71422891	
-4.7957905456	-1771.71723535	
-4.79854157897	-1771.72023581	
-4.80128506491	-1771.7232303	
-4.80402104473	-1771.72621884	
-4.80674955939	-1771.72920142	
-4.8094706495	-1771.73217807	
-4.81218435537	-1771.73514878	
-4.81489071697	-1771.73811357	
-4.81758977394	-1771.74107245	
-4.82028156561	-1771.74402541	
-4.82296613098	-1771.74697249	
-4.82564350875	-1771.74991367	
-4.8283137373	-1771.75284898	
-4.83097685472	-1771.75577841	
-4.83363289878	-1771.75870199	
-4.83628190695	-1771.76161972	
-4.83892391641	-1771.7645316	
-4.84155896405	-1771.76743766	
-4.84418708646	-1771.77033789	
-4.84680831994	-1771.77323232	
-4.84942270051	-1771.77612094	
-4.85203026392	-1771.77900377	
-4.85463104562	-1771.78188082	
-4.8572250808	-1771.7847521	
-4.85981240436	-1771.78761762	
-4.86239305096	-1771.79047738	
-4.86496705495	-1771.79333141	
-4.86753445046	-1771.7961797	
-4.87009527132	-1771.79902228	
-4.87264955112	-1771.80185915	
-4.8751973232	-1771.80469031	
-4.87773862063	-1771.80751579	
-4.88027347623	-1771.8103356	
-4.88280192259	-1771.81314973	
-4.88532399202	-1771.81595821	
-4.88783971662	-1771.81876104	
-4.89034912822	-1771.82155824	
-4.89285225844	-1771.82434981	
-4.89534913864	-1771.82713577	
-4.89783979995	-1771.82991613	
-4.90032427328	-1771.8326909	
-4.90280258929	-1771.83546009	
-4.90527477844	-1771.8382237	
-4.90774087093	-1771.84098176	
-4.91020089677	-1771.84373428	
-4.91265488574	-1771.84648125	
-4.91510286737	-1771.8492227	
-4.91754487103	-1771.85195864	
-4.91998092583	-1771.85468907	
-4.92241106068	-1771.85741401	
-4.92483530429	-1771.86013347	
-4.92725368516	-1771.86284747	
-4.92966623156	-1771.865556	
-4.93207297159	-1771.86825909	
-4.93447393313	-1771.87095674	
-4.93686914386	-1771.87364896	
-4.93925863125	-1771.87633578	
-4.94164242261	-1771.87901719	
-4.94402054501	-1771.88169321	
-4.94639302537	-1771.88436386	
-4.94875989038	-1771.88702913	
-4.95112116656	-1771.88968905	
-4.95347688026	-1771.89234363	
-4.9558270576	-1771.89499287	
-4.95817172456	-1771.89763679	
-4.96051090691	-1771.9002754	
-4.96284463026	-1771.90290871	
-4.96517292002	-1771.90553673	
-4.96749580144	-1771.90815947	
-4.96981329958	-1771.91077696	
-4.97212543933	-1771.91338918	
-4.97443224543	-1771.91599617	
-4.97673374242	-1771.91859792	
-4.97902995468	-1771.92119446	
-4.98132090643	-1771.92378578	
-4.98360662171	-1771.92637191	
-4.98588712441	-1771.92895286	
-4.98816243824	-1771.93152863	
-4.99043258678	-1771.93409924	
-4.99269759341	-1771.9366647	
-4.99495748138	-1771.93922502	
-4.99721227376	-1771.94178021	
-4.9994619935	-1771.94433029	
-5.00170666335	-1771.94687526	
-5.00394630595	-1771.94941513	
-5.00618094375	-1771.95194993	
-5.00841059907	-1771.95447965	
-5.0106352941	-1771.95700431	
-5.01285505083	-1771.95952393	
-5.01506989116	-1771.96203851	
-5.01727983681	-1771.96454806	
-5.01948490937	-1771.9670526	
-5.02168513028	-1771.96955214	
-5.02388052085	-1771.97204668	
-5.02607110223	-1771.97453625	
-5.02825689545	-1771.97702085	
-5.03043792139	-1771.97950048	
-5.03261420082	-1771.98197518	
-5.03478575433	-1771.98444493	
-5.03695260241	-1771.98690977	
-5.03911476542	-1771.98936969	
-5.04127226356	-1771.99182471	
-5.04342511692	-1771.99427484	
-5.04557334546	-1771.99672009	
-5.047716969	-1771.99916048	
-5.04985600725	-1772.001596	
-5.05199047978	-1772.00402669	
-5.05412040604	-1772.00645253	
-5.05624580535	-1772.00887356	
-5.05836669692	-1772.01128977	
-5.06048309982	-1772.01370118	
-5.06259503303	-1772.01610781	
-5.06470251537	-1772.01850965	
-5.06680556556	-1772.02090673	
-5.06890420222	-1772.02329905	
-5.07099844382	-1772.02568662	
-5.07308830874	-1772.02806946	
-5.07517381523	-1772.03044758	
-5.07725498144	-1772.03282098	
-5.07933182538	-1772.03518968	
-5.08140436498	-1772.03755369	
-5.08347261805	-1772.03991302	
-5.08553660227	-1772.04226769	
-5.08759633523	-1772.04461769	
-5.08965183441	-1772.04696305	
-5.09170311719	-1772.04930377	
-5.09375020081	-1772.05163986	
-5.09579310244	-1772.05397135	
-5.09783183913	-1772.05629822	
-5.09986642782	-1772.05862051	
-5.10189688537	-1772.06093821	
-5.10392322852	-1772.06325134	
-5.1059454739	-1772.0655599	
-5.10796363806	-1772.06786392	
-5.10997773743	-1772.0701634	
-5.11198778836	-1772.07245835	
-5.11399380708	-1772.07474878	
-5.11599580975	-1772.0770347	
-5.11799381242	-1772.07931613	
-5.11998783102	-1772.08159307	
-5.12197788143	-1772.08386553	
-5.1239639794	-1772.08613353	
-5.12594614061	-1772.08839707	
-5.12792438062	-1772.09065617	
-5.12989871492	-1772.09291083	
-5.13186915891	-1772.09516107	
-5.13383572788	-1772.09740689	
-5.13579843705	-1772.09964832	
-5.13775730154	-1772.10188535	
-5.13971233637	-1772.10411799	
-5.1416635565	-1772.10634627	
-5.14361097679	-1772.10857018	
-5.145554612	-1772.11078974	
-5.14749447681	-1772.11300496	
-5.14943058584	-1772.11521585	
-5.15136295359	-1772.11742242	
-5.1532915945	-1772.11962468	
-5.15521652291	-1772.12182264	
-5.15713775309	-1772.1240163	
-5.15905529921	-1772.12620569	
-5.1609691754	-1772.12839081	
-5.16287939565	-1772.13057166	
-5.16478597392	-1772.13274827	
-5.16668892407	-1772.13492064	
-5.16858825987	-1772.13708877	
-5.17048399504	-1772.13925269	
-5.17237614319	-1772.1414124	
-5.17426471788	-1772.1435679	
-5.17614973257	-1772.14571922	
-5.17803120067	-1772.14786635	
-5.1799091355	-1772.15000932	
-5.18178355029	-1772.15214812	
-5.18365445823	-1772.15428277	
-5.1855218724	-1772.15641329	
-5.18738580584	-1772.15853967	
-5.18924627149	-1772.16066192	
-5.19110328224	-1772.16278007	
-5.19295685089	-1772.16489412	
-5.19480699018	-1772.16700407	
-5.19665371277	-1772.16910994	
-5.19849703127	-1772.17121173	
-5.20033695819	-1772.17330947	
-5.202173506	-1772.17540315	
-5.20400668708	-1772.17749278	
-5.20583651375	-1772.17957838	
-5.20766299828	-1772.18165995	
-5.20948615284	-1772.18373751	
-5.21130598956	-1772.18581106	
-5.21312252048	-1772.18788062	
-5.21493575761	-1772.18994618	
-5.21674571285	-1772.19200777	
-5.21855239808	-1772.19406539	
-5.22035582508	-1772.19611905	
-5.22215600558	-1772.19816876	
-5.22395295126	-1772.20021453	
-5.22574667371	-1772.20225637	
-5.22753718449	-1772.20429428	
-5.22932449506	-1772.20632828	
-5.23110861685	-1772.20835838	
-5.23288956123	-1772.21038458	
-5.23466733947	-1772.2124069	
-5.23644196283	-1772.21442534	
-5.23821344248	-1772.21643992	
-5.23998178954	-1772.21845063	
-5.24174701506	-1772.2204575	
-5.24350913005	-1772.22246052	
-5.24526814546	-1772.22445972	
-5.24702407216	-1772.22645509	
-5.24877692099	-1772.22844665	
-5.25052670271	-1772.23043441	
-5.25227342805	-1772.23241837	
-5.25401710765	-1772.23439854	
-5.25575775213	-1772.23637494	
-5.25749537203	-1772.23834757	
-5.25922997784	-1772.24031644	
-5.26096158	-1772.24228156	
-5.2626901889	-1772.24424293	
-5.26441581487	-1772.24620058	
-5.26613846818	-1772.2481545	
-5.26785815906	-1772.2501047	
-5.26957489768	-1772.25205119	
-5.27128869416	-1772.25399399	
-5.27299955856	-1772.2559331	
-5.27470750091	-1772.25786852	
-5.27641253116	-1772.25980028	
-5.27811465923	-1772.26172837	
-5.27981389498	-1772.2636528	
-5.28151024823	-1772.26557359	
-5.28320372874	-1772.26749074	
-5.28489434622	-1772.26940426	
-5.28658211033	-1772.27131416	
-5.28826703069	-1772.27322044	
-5.28994911688	-1772.27512312	
-5.2916283784	-1772.27702221	
-5.29330482472	-1772.27891771	
-5.29497846528	-1772.28080962	
-5.29664930945	-1772.28269797	
-5.29831736655	-1772.28458276	
-5.29998264587	-1772.28646399	
-5.30164515664	-1772.28834167	
-5.30330490806	-1772.29021582	
-5.30496190927	-1772.29208644	
-5.30661616936	-1772.29395354	
-5.3082676974	-1772.29581712	
-5.30991650239	-1772.2976772	
-5.3115625933	-1772.29953378	
-5.31320597904	-1772.30138688	
-5.3148466685	-1772.30323649	
-5.3164846705	-1772.30508263	
-5.31811999384	-1772.30692531	
-5.31975264727	-1772.30876453	
-5.32138263948	-1772.3106003	
-5.32300997914	-1772.31243264	
-5.32463467487	-1772.31426154	
-5.32625673524	-1772.31608701	
-5.32787616879	-1772.31790907	
-5.32949298402	-1772.31972773	
-5.33110718937	-1772.32154298	
-5.33271879327	-1772.32335484	
-5.33432780407	-1772.32516331	
-5.33593423012	-1772.32696841	
-5.3375380797	-1772.32877014	
-5.33913936107	-1772.3305685	
-5.34073808243	-1772.33236352	
-5.34233425196	-1772.33415519	
-5.3439278778	-1772.33594352	
-5.34551896803	-1772.33772852	
-5.34710753072	-1772.3395102	
-5.34869357387	-1772.34128856	
-5.35027710548	-1772.34306361	
-5.35185813348	-1772.34483537	
-5.35343666577	-1772.34660383	
-5.35501271022	-1772.34836901	
-5.35658627467	-1772.35013092	
-5.3581573669	-1772.35188955	
-5.35972599468	-1772.35364492	
-5.36129216571	-1772.35539704	
-5.36285588769	-1772.35714591	
-5.36441716825	-1772.35889154	
-5.36597601502	-1772.36063394	
-5.36753243557	-1772.36237312	
-5.36908643744	-1772.36410908	
-5.37063802813	-1772.36584183	
-5.37218721511	-1772.36757138	
-5.37373400583	-1772.36929773	
-5.37527840768	-1772.37102089	
-5.37682042804	-1772.37274088	
-5.37836007422	-1772.37445769	
-5.37989735354	-1772.37617134	
-5.38143227326	-1772.37788183	
-5.38296484061	-1772.37958916	
-5.38449506279	-1772.38129336	
-5.38602294697	-1772.38299441	
-5.38754850028	-1772.38469234	
-5.38907172982	-1772.38638715	
-5.39059264266	-1772.38807884	
-5.39211124583	-1772.38976742	
-5.39362754635	-1772.3914529	
-5.39514155118	-1772.39313529	
-5.39665326727	-1772.39481459	
-5.39816270152	-1772.39649081	
-5.39966986081	-1772.39816396	
-5.40117475199	-1772.39983404	
-5.40267738187	-1772.40150106	
-5.40417775725	-1772.40316504	
-5.40567588487	-1772.40482596	
-5.40717177146	-1772.40648385	
-5.40866542372	-1772.40813871	
-5.4101568483	-1772.40979055	
-5.41164605186	-1772.41143937	
-5.41313304098	-1772.41308517	
-5.41461782224	-1772.41472798	
-5.4161004022	-1772.41636778	
-5.41758078737	-1772.4180046	
-5.41905898424	-1772.41963844	
-5.42053499927	-1772.4212693	
-5.42200883889	-1772.42289718	
-5.4234805095	-1772.42452211	
-5.42495001748	-1772.42614408	
-5.42641736918	-1772.4277631	
-5.4278825709	-1772.42937918	
-5.42934562895	-1772.43099232	
-5.43080654959	-1772.43260254	
-5.43226533906	-1772.43420983	
-5.43372200355	-1772.4358142	
-5.43517654927	-1772.43741567	
-5.43662898235	-1772.43901423	
-5.43807930892	-1772.4406099	
-5.4395275351	-1772.44220267	
-5.44097366695	-1772.44379257	
-5.44241771052	-1772.44537958	
-5.44385967184	-1772.44696373	
-5.4452995569	-1772.44854501	
-5.44673737167	-1772.45012344	
-5.44817312209	-1772.45169901	
-5.44960681409	-1772.45327174	
-5.45103845357	-1772.45484164	
-5.45246804638	-1772.4564087	
-5.45389559837	-1772.45797293	
-5.45532111536	-1772.45953435	
-5.45674460314	-1772.46109295	
-5.45816606749	-1772.46264875	
-5.45958551414	-1772.46420175	
-5.46100294883	-1772.46575195	
-5.46241837723	-1772.46729937	
-5.46383180503	-1772.468844	
-5.46524323786	-1772.47038586	
-5.46665268137	-1772.47192496	
-5.46806014114	-1772.47346129	
-5.46946562274	-1772.47499486	
-5.47086913175	-1772.47652568	
-5.47227067367	-1772.47805376	
-5.47367025403	-1772.4795791	
-5.47506787829	-1772.48110171	
-5.47646355193	-1772.4826216	
-5.47785728038	-1772.48413876	
-5.47924906905	-1772.48565321	
-5.48063892334	-1772.48716496	
-5.48202684862	-1772.488674	
-5.48341285022	-1772.49018035	
-5.48479693349	-1772.49168401	
-5.48617910372	-1772.49318498	
-5.48755936619	-1772.49468328	
-5.48893772616	-1772.49617891	
-5.49031418887	-1772.49767187	
-5.49168875953	-1772.49916217	
-5.49306144334	-1772.50064982	
-5.49443224547	-1772.50213482	
-5.49580117108	-1772.50361718	
-5.49716822529	-1772.50509691	
-5.49853341322	-1772.506574	
-5.49989673995	-1772.50804847	
-5.50125821054	-1772.50952032	
-5.50261783006	-1772.51098956	
-5.50397560352	-1772.5124562	
-5.50533153593	-1772.51392023	
-5.50668563228	-1772.51538166	
-5.50803789753	-1772.51684051	
-5.50938833663	-1772.51829677	
-5.5107369545	-1772.51975046	
-5.51208375605	-1772.52120157	
-5.51342874616	-1772.52265012	
-5.51477192971	-1772.52409611	
-5.51611331154	-1772.52553954	
-5.51745289646	-1772.52698042	
-5.51879068931	-1772.52841876	
-5.52012669485	-1772.52985456	
-5.52146091786	-1772.53128782	
-5.5227933631	-1772.53271856	
-5.52412403528	-1772.53414678	
-5.52545293913	-1772.53557249	
-5.52678007934	-1772.53699568	
-5.52810546058	-1772.53841636	
-5.52942908751	-1772.53983455	
-5.53075096477	-1772.54125025	
-5.53207109697	-1772.54266345	
-5.53338948873	-1772.54407418	
-5.53470614461	-1772.54548242	
-5.53602106919	-1772.54688819	
-5.53733426702	-1772.5482915	
-5.53864574262	-1772.54969235	
-5.5399555005	-1772.55109074	
-5.54126354516	-1772.55248668	
-5.54256988107	-1772.55388017	
-5.5438745127	-1772.55527123	
-5.54517744448	-1772.55665985	
-5.54647868084	-1772.55804604	
-5.54777822618	-1772.55942981	
-5.5490760849	-1772.56081116	
-5.55037226136	-1772.5621901	
-5.55166675992	-1772.56356663	
-5.55295958492	-1772.56494076	
-5.55425074069	-1772.56631249	
-5.55554023152	-1772.56768182	
-5.5568280617	-1772.56904878	
-5.55811423551	-1772.57041335	
-5.5593987572	-1772.57177554	
-5.56068163102	-1772.57313536	
-5.56196286117	-1772.57449282	
-5.56324245188	-1772.57584792	
-5.56452040732	-1772.57720066	
-5.56579673168	-1772.57855105	
-5.56707142911	-1772.57989909	
-5.56834450376	-1772.58124479	
-5.56961595975	-1772.58258816	
-5.57088580119	-1772.5839292	
-5.57215403218	-1772.58526792	
-5.57342065679	-1772.58660431	
-5.5746856791	-1772.58793839	
-5.57594910315	-1772.58927016	
-5.57721093297	-1772.59059962	
-5.57847117258	-1772.59192678	
-5.57972982599	-1772.59325165	
-5.58098689718	-1772.59457423	
-5.58224239012	-1772.59589453	
-5.58349630878	-1772.59721254	
-5.5847486571	-1772.59852828	
-5.585999439	-1772.59984175	
-5.5872486584	-1772.60115295	
-5.5884963192	-1772.6024619	
-5.58974242528	-1772.60376858	
-5.59098698051	-1772.60507302	
-5.59222998875	-1772.60637521	
-5.59347145384	-1772.60767516	
-5.5947113796	-1772.60897288	
-5.59594976985	-1772.61026836	
-5.59718662839	-1772.61156162	
-5.598421959	-1772.61285265	
-5.59965576545	-1772.61414147	
-5.60088805149	-1772.61542808	
-5.60211882088	-1772.61671248	
-5.60334807733	-1772.61799467	
-5.60457582457	-1772.61927467	
-5.6058020663	-1772.62055248	
-5.60702680619	-1772.62182809	
-5.60825004793	-1772.62310153	
-5.60947179518	-1772.62437278	
-5.61069205159	-1772.62564186	
-5.61191082078	-1772.62690877	
-5.61312810639	-1772.62817352	
-5.61434391201	-1772.62943611	
-5.61555824124	-1772.63069654	
-5.61677109767	-1772.63195481	
-5.61798248485	-1772.63321095	
-5.61919240636	-1772.63446494	
-5.62040086572	-1772.63571679	
-5.62160786647	-1772.63696651	
-5.62281341212	-1772.6382141	
-5.62401750619	-1772.63945957	
-5.62522015215	-1772.64070292	
-5.6264213535	-1772.64194416	
-5.62762111369	-1772.64318328	
-5.62881943618	-1772.6444203	
-5.63001632442	-1772.64565522	
-5.63121178182	-1772.64688805	
-5.63240581181	-1772.64811878	
-5.6335984178	-1772.64934742	
-5.63478960317	-1772.65057398	
-5.6359793713	-1772.65179846	
-5.63716772557	-1772.65302087	
-5.63835466933	-1772.65424121	
-5.63954020593	-1772.65545948	
-5.64072433869	-1772.65667569	
-5.64190707094	-1772.65788984	
-5.64308840598	-1772.65910194	
-5.64426834712	-1772.660312	
-5.64544689764	-1772.66152001	
-5.64662406082	-1772.66272598	
-5.64779983991	-1772.66392992	
-5.64897423816	-1772.66513182	
-5.65014725882	-1772.6663317	
-5.65131890512	-1772.66752956	
-5.65248918027	-1772.6687254	
-5.65365808747	-1772.66991922	
-5.65482562993	-1772.67111104	
-5.65599181082	-1772.67230085	
-5.65715663332	-1772.67348866	
-5.65832010058	-1772.67467448	
-5.65948221576	-1772.6758583	
-5.660642982	-1772.67704014	
-5.66180240242	-1772.67821999	
-5.66296048014	-1772.67939786	
-5.66411721826	-1772.68057376	
-5.66527261989	-1772.68174768	
-5.66642668811	-1772.68291964	
-5.66757942599	-1772.68408963	
-5.6687308366	-1772.68525767	
-5.66988092298	-1772.68642375	
-5.67102968818	-1772.68758788	
-5.67217713524	-1772.68875007	
-5.67332326717	-1772.68991031	
-5.67446808699	-1772.69106861	
-5.67561159769	-1772.69222498	
-5.67675380227	-1772.69337942	
-5.6778947037	-1772.69453193	
-5.67903430497	-1772.69568252	
-5.68017260902	-1772.6968312	
-5.6813096188	-1772.69797796	
-5.68244533727	-1772.6991228	
-5.68357976734	-1772.70026575	
-5.68471291194	-1772.70140679	
-5.68584477397	-1772.70254593	
-5.68697535634	-1772.70368318	
-5.68810466194	-1772.70481854	
-5.68923269364	-1772.70595201	
-5.69035945432	-1772.7070836	
-5.69148494685	-1772.70821332	
-5.69260917406	-1772.70934116	
-5.6937321388	-1772.71046712	
-5.69485384391	-1772.71159123	
-5.69597429221	-1772.71271346	
-5.69709348651	-1772.71383385	
-5.69821142961	-1772.71495237	
-5.69932812431	-1772.71606905	
-5.70044357339	-1772.71718387	
-5.70155777963	-1772.71829686	
-5.7026707458	-1772.719408	
-5.70378247466	-1772.72051731	
-5.70489296894	-1772.72162479	
-5.70600223139	-1772.72273044	
-5.70711026475	-1772.72383427	
-5.70821707172	-1772.72493627	
-5.70932265503	-1772.72603646	
-5.71042701737	-1772.72713484	
-5.71153016145	-1772.72823141	
-5.71263208993	-1772.72932617	
-5.71373280551	-1772.73041913	
-5.71483231084	-1772.73151029	
-5.71593060859	-1772.73259966	
-5.71702770141	-1772.73368724	
-5.71812359193	-1772.73477303	
-5.71921828279	-1772.73585704	
-5.72031177661	-1772.73693927	
-5.72140407601	-1772.73801973	
-5.72249518359	-1772.73909841	
-5.72358510195	-1772.74017533	
-5.72467383369	-1772.74125048	
-5.72576138137	-1772.74232387	
-5.72684774759	-1772.7433955	
-5.72793293489	-1772.74446538	
-5.72901694583	-1772.74553351	
-5.73009978297	-1772.74659989	
-5.73118144884	-1772.74766453	
-5.73226194598	-1772.74872743	
-5.7333412769	-1772.7497886	
-5.73441944412	-1772.75084803	
-5.73549645015	-1772.75190574	
-5.73657229748	-1772.75296172	
-5.73764698861	-1772.75401598	
-5.73872052602	-1772.75506852	
-5.73979291218	-1772.75611934	
-5.74086414956	-1772.75716846	
-5.74193424062	-1772.75821587	
-5.74300318781	-1772.75926158	
-5.74407099357	-1772.76030558	
-5.74513766034	-1772.76134789	
-5.74620319054	-1772.7623885	
-5.7472675866	-1772.76342743	
-5.74833085092	-1772.76446467	
-5.74939298591	-1772.76550023	
-5.75045399397	-1772.7665341	
-5.75151387748	-1772.76756631	
-5.75257263883	-1772.76859684	
-5.75363028038	-1772.7696257	
-5.75468680452	-1772.77065289	
-5.75574221359	-1772.77167842	
-5.75679650994	-1772.7727023	
-5.75784969593	-1772.77372451	
-5.75890177388	-1772.77474508	
-5.75995274612	-1772.775764	
-5.76100261499	-1772.77678127	
-5.76205138278	-1772.7777969	
-5.76309905181	-1772.77881089	
-5.76414562438	-1772.77982325	
-5.76519110278	-1772.78083397	
-5.7662354893	-1772.78184307	
-5.76727878622	-1772.78285054	
-5.76832099579	-1772.78385639	
-5.7693621203	-1772.78486062	
-5.770402162	-1772.78586323	
-5.77144112313	-1772.78686424	
-5.77247900594	-1772.78786363	
-5.77351581267	-1772.78886142	
-5.77455154554	-1772.7898576	
-5.77558620679	-1772.79085219	
-5.77661979861	-1772.79184518	
-5.77765232322	-1772.79283658	
-5.77868378283	-1772.79382639	
-5.77971417962	-1772.79481462	
-5.78074351579	-1772.79580126	
-5.78177179352	-1772.79678632	
-5.78279901497	-1772.7977698	
-5.78382518233	-1772.79875172	
-5.78485029774	-1772.79973206	
-5.78587436337	-1772.80071083	
-5.78689738137	-1772.80168804	
-5.78791935386	-1772.80266369	
-5.788940283	-1772.80363779	
-5.7899601709	-1772.80461033	
-5.79097901969	-1772.80558131	
-5.79199683148	-1772.80655075	
-5.79301360838	-1772.80751865	
-5.7940293525	-1772.808485	
-5.79504406593	-1772.80944982	
-5.79605775077	-1772.8104131	
-5.79707040908	-1772.81137484	
-5.79808204295	-1772.81233506	
-5.79909265446	-1772.81329375	
-5.80010224566	-1772.81425092	
-5.80111081862	-1772.81520657	
-5.80211837538	-1772.8161607	
-5.80312491799	-1772.81711332	
-5.80413044849	-1772.81806442	
-5.80513496892	-1772.81901402	
-5.80613848129	-1772.81996212	
-5.80714098764	-1772.82090871	
-5.80814248998	-1772.8218538	
-5.80914299031	-1772.8227974	
