#Site	lnL	
0	-1.80819340088
1	-1.27603031816
2	-4.44828094733
3	-1.63233682344
4	-1.56460852976
5	-3.25210804356
6	-1.80819340088
7	-1.56460852976
8	-9.04873912704
9	-1.34919260971
10	-1.74181820164
11	-5.66657304716
12	-1.80819340088
13	-1.74181820164
14	-7.12858014058
15	-1.34919260971
16	-6.80633092933
17	-14.491848636
18	-1.34919260971
19	-1.30294414027
20	-5.79740280565
21	-1.34919260971
22	-1.27603031816
23	-9.62739710035
24	-1.32917736844
25	-1.56460852976
26	-8.16148845165
27	-1.32917736844
28	-1.56460852976
29	-7.7943386752
30	-1.80819340088
31	-1.56460852976
32	-6.78719120711
33	-1.32917736844
34	-1.30294414027
35	-4.77716127787
36	-1.63233682344
37	-6.77493495419
38	-4.44828094733
39	-1.34919260971
40	-1.56460852976
41	-4.62238671366
42	-1.80819340088
43	-1.30294414027
44	-9.2010672786
45	-1.63233682344
46	-1.27603031816
47	-7.10252573913
48	-1.32917736844
49	-1.56460852976
50	-8.5977959785
51	-1.32917736844
52	-7.5680014229
53	-4.44828094733
54	-1.32917736844
55	-1.56460852976
56	-11.5609104514
57	-1.32917736844
58	-1.56460852976
59	-4.44828094733
60	-1.63233682344
61	-1.74181820164
62	-13.4079476608
63	-1.34919260971
64	-1.56460852976
65	-8.93741929695
66	-1.80819340088
67	-1.30294414027
68	-8.91385735548
69	-1.34919260971
70	-1.56460852976
71	-4.77716127787
72	-1.80819340088
73	-1.74181820164
74	-3.48866766592
75	-14.5746381643
76	-1.74181820164
77	-5.6332901417
78	-1.63233682344
79	-1.27603031816
80	-6.9758423225
81	-1.63233682344
82	-1.27603031816
83	-4.62238671366
84	-1.32917736844
85	-1.30294414027
86	-7.39652685947
87	-1.34919260971
88	-1.56460852976
89	-14.4825952098
90	-6.0022897188
91	-1.56460852976
92	-3.25210804356
93	-1.32917736844
94	-1.30294414027
95	-3.48866766592
96	-1.80819340088
97	-1.30294414027
98	-9.89712683663
99	-1.80819340088
100	-1.74181820164
101	-4.99061718174
102	-8.0857540906
103	-1.30294414027
104	-3.48866766592
105	-1.32917736844
106	-1.74181820164
107	-6.11719782087
108	-1.34919260971
109	-6.56876246273
110	-3.48866766592
111	-1.32917736844
112	-1.74181820164
113	-5.84117793869
114	-1.80819340088
115	-1.30294414027
116	-11.3945849475
117	-1.32917736844
118	-1.74181820164
119	-5.74958998191
120	-1.80819340088
121	-1.27603031816
122	-8.74301364568
123	-1.34919260971
124	-1.74181820164
125	-6.98449188715
126	-7.22222642644
127	-1.27603031816
128	-6.14983470698
129	-1.80819340088
130	-1.30294414027
131	-7.23946350992
132	-1.34919260971
133	-1.27603031816
134	-7.64926188826
135	-7.96347924274
136	-1.27603031816
137	-9.51969309487
138	-1.34919260971
139	-1.74181820164
140	-8.55968673169
141	-1.63233682344
142	-1.30294414027
143	-7.23120114142
144	-1.63233682344
145	-1.27603031816
146	-5.48279474247
147	-1.63233682344
148	-9.00037158137
149	-6.08556994709
150	-1.32917736844
151	-1.56460852976
152	-8.58385210258
153	-1.32917736844
154	-1.74181820164
155	-3.25210804356
156	-1.34919260971
157	-1.30294414027
158	-4.44828094733
159	-1.80819340088
160	-1.56460852976
161	-3.25210804356
162	-1.32917736844
163	-1.27603031816
164	-5.43484685793
165	-1.32917736844
166	-1.30294414027
167	-3.25210804356
168	-1.32917736844
169	-1.27603031816
170	-4.44828094733
171	-1.32917736844
172	-1.30294414027
173	-6.51639729066
174	-1.34919260971
175	-1.27603031816
176	-5.66657304716
177	-1.63233682344
178	-1.27603031816
179	-3.25210804356
180	-1.34919260971
181	-1.30294414027
182	-9.04139152422
183	-1.63233682344
184	-1.30294414027
185	-7.33392081814
186	-1.34919260971
187	-1.30294414027
188	-7.88022302356
189	-1.34919260971
190	-1.30294414027
191	-6.77623554335
192	-1.34919260971
193	-1.56460852976
194	-9.99027599037
195	-1.32917736844
196	-1.27603031816
197	-6.14983470698
198	-1.32917736844
199	-1.27603031816
200	-7.97216417607
201	-1.32917736844
202	-1.56460852976
203	-3.48866766592
204	-1.80819340088
205	-1.56460852976
206	-4.44828094733
207	-1.32917736844
208	-1.30294414027
209	-9.82923995142
210	-1.80819340088
211	-10.7806670793
212	-8.07230686016
213	-1.63233682344
214	-1.30294414027
215	-6.46564091422
216	-1.63233682344
217	-1.74181820164
218	-10.577785427
219	-1.80819340088
220	-1.30294414027
221	-4.44828094733
222	-1.34919260971
223	-7.86929005586
224	-8.44553323325
225	-1.63233682344
226	-1.30294414027
227	-8.23929652853
228	-1.34919260971
229	-1.27603031816
230	-3.48866766592
231	-1.80819340088
232	-1.27603031816
233	-10.4556689207
234	-1.34919260971
235	-1.27603031816
236	-4.44828094733
237	-1.63233682344
238	-1.74181820164
239	-4.62238671366
240	-1.34919260971
241	-1.74181820164
242	-6.05117315627
243	-1.34919260971
244	-1.27603031816
245	-4.94623022235
246	-1.34919260971
247	-1.27603031816
248	-6.11719782087
249	-1.34919260971
250	-1.56460852976
251	-9.80151170605
252	-1.80819340088
253	-1.27603031816
254	-4.44828094733
255	-1.80819340088
256	-1.27603031816
257	-6.67168052559
258	-1.32917736844
259	-1.56460852976
260	-6.05117315627
261	-1.34919260971
262	-1.30294414027
263	-7.39820884781
264	-1.34919260971
265	-13.5926434624
266	-4.80077544337
267	-1.63233682344
268	-7.21814587096
269	-5.74958998191
270	-1.34919260971
271	-1.30294414027
272	-9.34439450298
273	-1.80819340088
274	-1.27603031816
275	-4.62238671366
276	-1.80819340088
277	-1.74181820164
278	-4.62238671366
279	-1.80819340088
280	-1.56460852976
281	-8.0963691029
282	-1.32917736844
283	-1.56460852976
284	-3.25210804356
285	-1.32917736844
286	-1.74181820164
287	-7.2069830104
288	-1.32917736844
289	-1.30294414027
290	-9.783490766
291	-1.63233682344
292	-1.30294414027
293	-4.44828094733
294	-1.34919260971
295	-1.27603031816
296	-12.4019688537
297	-1.34919260971
298	-1.27603031816
299	-3.25210804356
300	-10.1788630311
301	-1.30294414027
302	-11.4520937546
303	-1.34919260971
304	-1.56460852976
305	-10.8473523591
306	-1.34919260971
307	-1.30294414027
308	-6.14350021704
309	-1.32917736844
310	-1.27603031816
311	-8.02712775261
312	-1.63233682344
313	-1.74181820164
314	-10.8288316038
315	-1.32917736844
316	-1.74181820164
317	-6.05117315627
318	-8.0857540906
319	-1.30294414027
320	-3.25210804356
321	-1.80819340088
322	-1.74181820164
323	-4.62238671366
324	-1.34919260971
325	-1.27603031816
326	-4.99061718174
327	-1.32917736844
328	-1.27603031816
329	-7.10252573913
330	-1.80819340088
331	-1.30294414027
332	-3.48866766592
333	-1.80819340088
334	-1.30294414027
335	-3.25210804356
336	-1.34919260971
337	-1.30294414027
338	-7.61906320088
339	-1.32917736844
340	-1.30294414027
341	-11.3973492838
342	-1.80819340088
343	-1.27603031816
344	-5.43484685793
345	-1.34919260971
346	-1.56460852976
347	-9.56026835857
348	-1.34919260971
349	-1.27603031816
350	-3.25210804356
351	-1.80819340088
352	-11.6694320704
353	-13.5498417783
354	-1.80819340088
355	-1.56460852976
356	-6.51639729066
357	-8.29623951603
358	-1.27603031816
359	-8.15748825909
360	-1.80819340088
361	-1.56460852976
362	-5.3409235321
363	-1.34919260971
364	-1.30294414027
365	-7.01684095389
366	-1.80819340088
367	-1.56460852976
368	-5.8464788518
369	-1.80819340088
370	-1.27603031816
371	-6.14983470698
372	-1.80819340088
373	-1.30294414027
374	-11.8648628793
375	-1.34919260971
376	-1.74181820164
377	-3.25210804356
378	-7.07444152614
379	-1.56460852976
380	-3.25210804356
381	-1.80819340088
382	-1.30294414027
383	-10.9299778923
384	-1.80819340088
385	-1.30294414027
386	-6.98449188715
387	-1.80819340088
388	-1.27603031816
389	-13.6985467488
390	-1.63233682344
391	-1.30294414027
392	-5.84117793869
393	-1.63233682344
394	-1.30294414027
395	-10.3522264096
396	-1.32917736844
397	-1.74181820164
398	-11.0162862541
399	-1.63233682344
400	-1.74181820164
401	-4.44828094733
402	-1.32917736844
403	-1.30294414027
404	-4.62238671366
405	-1.63233682344
406	-1.74181820164
407	-12.5726539229
408	-1.32917736844
409	-1.56460852976
410	-8.55867786384
411	-8.11292548271
412	-1.27603031816
413	-4.62238671366
414	-1.34919260971
415	-1.74181820164
416	-3.48866766592
417	-1.63233682344
418	-6.78808682683
419	-3.25210804356
420	-13.0389276727
421	-1.27603031816
422	-6.77623554335
423	-1.34919260971
424	-1.30294414027
425	-7.84328692553
426	-1.32917736844
427	-1.27603031816
428	-8.38555072914
429	-1.34919260971
430	-1.27603031816
431	-5.8464788518
432	-1.32917736844
433	-7.43039781327
434	-5.3409235321
435	-1.32917736844
436	-9.40204944245
437	-4.44828094733
438	-1.34919260971
439	-1.74181820164
440	-3.25210804356
441	-1.63233682344
442	-1.30294414027
443	-7.70823085616
444	-1.34919260971
445	-1.56460852976
446	-7.68689356999
447	-7.13337738854
448	-1.56460852976
449	-4.44828094733
450	-9.37280800318
451	-1.30294414027
452	-7.7943386752
453	-1.32917736844
454	-1.27603031816
455	-7.00790805624
456	-1.63233682344
457	-1.74181820164
458	-11.3436174619
459	-1.80819340088
460	-1.30294414027
461	-5.21647326258
462	-1.34919260971
463	-1.30294414027
464	-5.71312658688
465	-1.32917736844
466	-8.88747810118
467	-3.48866766592
468	-1.32917736844
469	-1.30294414027
470	-5.25688296844
471	-9.37052741253
472	-1.27603031816
473	-7.3171911525
474	-1.63233682344
475	-1.27603031816
476	-6.51639729066
477	-1.34919260971
478	-1.30294414027
479	-9.78552441908
480	-1.32917736844
481	-1.30294414027
482	-3.25210804356
483	-1.80819340088
484	-1.27603031816
485	-8.97938998465
486	-1.63233682344
487	-1.27603031816
488	-3.25210804356
