#Site	lnL	
0	-1.54265371707
1	-1.51647003992
2	-20.6237830862
3	-1.34192108551
4	-1.73734454105
5	-9.47415911701
6	-1.54265371707
7	-1.73734454105
8	-11.4942430862
9	-1.34628240392
10	-1.32399904408
11	-11.7503264796
12	-1.54265371707
13	-1.32399904408
14	-15.0306881966
15	-1.76357706782
16	-1.32399904408
17	-11.8339967151
18	-1.34628240392
19	-1.32399904408
20	-6.04882756234
21	-1.34192108551
22	-1.32399904408
23	-4.57442300666
24	-1.34628240392
25	-1.32399904408
26	-1.57568608212
27	-1.76357706782
28	-1.51647003992
29	-6.47619131068
30	-1.34628240392
31	-1.32325124633
32	-6.11995925995
33	-1.34192108551
34	-1.73734454105
35	-9.75748134084
36	-1.76357706782
37	-1.32399904408
38	-5.09208180707
39	-1.76357706782
40	-1.73734454105
41	-10.8997082977
42	-1.76357706782
43	-1.32399904408
44	-4.80243087274
45	-1.34628240392
46	-1.32325124633
47	-9.73770834569
48	-1.34628240392
49	-1.32399904408
50	-1.62510500018
51	-1.34628240392
52	-10.7339034206
53	-12.8538961028
54	-1.54265371707
55	-1.32399904408
56	-6.47619131068
57	-6.03205828625
58	-1.32325124633
59	-1.87085592285
60	-1.76357706782
61	-1.32325124633
62	-11.7127153801
63	-1.34628240392
64	-1.32399904408
65	-5.24986651543
66	-1.54265371707
67	-1.32325124633
68	-12.7613204642
69	-1.34192108551
70	-1.32325124633
71	-6.43089996404
72	-1.34192108551
73	-1.73734454105
74	-6.43089996404
75	-1.76357706782
76	-1.51647003992
77	-7.98872927179
78	-1.34628240392
79	-1.32325124633
80	-5.4369213041
81	-1.76357706782
82	-1.32399904408
83	-13.5202364751
84	-1.34628240392
85	-7.85625517498
86	-4.97664023118
87	-6.56282397378
88	-1.51647003992
89	-6.36842811644
90	-1.34628240392
91	-1.32325124633
92	-1.57568608212
93	-1.34628240392
94	-1.32325124633
95	-12.1324890693
96	-1.34628240392
97	-1.73734454105
98	-4.97664023118
99	-1.34192108551
100	-1.32399904408
101	-5.2068105794
102	-1.54265371707
103	-1.51647003992
104	-6.04882756234
105	-1.34628240392
106	-1.73734454105
107	-5.09208180707
108	-1.34628240392
109	-1.32325124633
110	-6.34761685657
111	-1.34628240392
112	-1.73734454105
113	-11.7863470126
114	-1.34192108551
115	-1.32325124633
116	-1.57568608212
117	-1.54265371707
118	-1.73734454105
119	-5.24986651543
120	-1.76357706782
121	-1.73734454105
122	-6.36842811644
123	-1.54265371707
124	-1.32325124633
125	-6.29240980539
126	-1.76357706782
127	-7.89489871552
128	-7.54256600736
129	-1.34192108551
130	-1.32399904408
131	-16.5497884129
132	-1.54265371707
133	-1.32325124633
134	-6.56089089618
135	-1.34628240392
136	-1.32325124633
137	-1.62510500018
138	-1.54265371707
139	-1.32325124633
140	-2.09310004651
141	-1.34628240392
142	-1.32325124633
143	-9.81317572666
144	-1.76357706782
145	-1.51647003992
146	-6.31558790265
147	-1.76357706782
148	-6.59370074621
149	-1.87085592285
150	-1.54265371707
151	-1.51647003992
152	-1.87085592285
153	-1.34628240392
154	-1.51647003992
155	-10.5616723437
156	-1.34192108551
157	-1.51647003992
158	-7.12685104744
159	-9.10217533498
160	-1.73734454105
161	-14.3646994519
162	-1.34192108551
163	-1.73734454105
164	-1.57568608212
165	-6.35085304383
166	-1.73734454105
167	-9.00578218952
168	-1.76357706782
169	-1.32399904408
170	-8.77268888449
171	-1.76357706782
172	-1.32325124633
173	-1.62510500018
174	-1.34628240392
175	-1.32325124633
176	-9.08782824674
177	-8.31562434203
178	-1.32325124633
179	-8.34367971905
180	-1.34628240392
181	-1.32399904408
182	-6.26347533364
183	-1.34628240392
184	-1.32325124633
185	-7.52004897743
186	-1.34628240392
187	-1.32325124633
188	-6.41808768449
189	-1.34628240392
190	-1.32325124633
191	-6.22139674932
192	-1.34192108551
193	-1.51647003992
194	-1.57568608212
195	-1.76357706782
196	-1.32325124633
197	-1.57568608212
198	-1.34192108551
199	-1.51647003992
200	-6.34761685657
201	-1.54265371707
202	-1.32399904408
203	-10.0299755335
204	-1.54265371707
205	-1.32325124633
206	-1.57568608212
207	-1.34628240392
208	-1.32399904408
209	-1.62510500018
210	-1.34192108551
211	-1.32399904408
212	-9.67460142457
213	-1.54265371707
214	-1.32325124633
215	-1.62510500018
216	-1.34192108551
217	-1.32399904408
218	-7.362796334
219	-1.76357706782
220	-1.32325124633
221	-1.62510500018
222	-1.54265371707
223	-1.32399904408
224	-1.62510500018
225	-1.76357706782
226	-1.32325124633
227	-6.26347533364
228	-6.34245545286
229	-1.32325124633
230	-9.63176573801
231	-1.54265371707
232	-1.32399904408
233	-1.57568608212
234	-5.61624092059
235	-1.32325124633
236	-1.62510500018
237	-1.76357706782
238	-1.32399904408
239	-1.57568608212
240	-7.44202220126
241	-1.73734454105
242	-6.43574088369
243	-1.34628240392
244	-7.47117098394
245	-8.07531644372
246	-1.34628240392
247	-1.32399904408
248	-5.09208180707
249	-1.54265371707
250	-1.32399904408
251	-8.91431576405
252	-1.34628240392
253	-1.51647003992
254	-1.87085592285
255	-1.76357706782
256	-1.32325124633
257	-14.7423291883
258	-1.54265371707
259	-1.51647003992
260	-4.97664023118
261	-1.54265371707
262	-1.51647003992
263	-1.87085592285
264	-1.54265371707
265	-1.51647003992
266	-9.07185357562
267	-1.34628240392
268	-1.73734454105
269	-10.4298532683
270	-1.34628240392
271	-1.51647003992
272	-4.57442300666
273	-1.34628240392
274	-1.32325124633
275	-12.4529670029
276	-1.54265371707
277	-1.32399904408
278	-6.73761859535
279	-1.54265371707
280	-1.73734454105
281	-1.57568608212
282	-1.34192108551
283	-1.32399904408
284	-1.57568608212
285	-1.34192108551
286	-6.27396244451
287	-19.9563350009
288	-1.34628240392
289	-1.32325124633
290	-4.69548231398
291	-1.76357706782
292	-1.51647003992
293	-13.2824563194
294	-1.34628240392
295	-1.51647003992
296	-6.84630379885
297	-1.54265371707
298	-6.58727695983
299	-1.57568608212
300	-1.54265371707
301	-1.32325124633
302	-1.62510500018
303	-1.34628240392
304	-1.73734454105
305	-9.80877228788
306	-1.76357706782
307	-1.32325124633
308	-7.56005042092
309	-1.54265371707
310	-1.32399904408
311	-14.4289759993
312	-1.34628240392
313	-1.32325124633
314	-11.8980542436
315	-1.76357706782
316	-1.32399904408
317	-4.97664023118
318	-9.04170096616
319	-1.32325124633
320	-4.57442300666
321	-1.34192108551
322	-1.32325124633
323	-4.97664023118
324	-1.34628240392
325	-1.73734454105
326	-10.0298879499
327	-1.34192108551
328	-1.73734454105
329	-1.57568608212
330	-7.87241580582
331	-1.73734454105
332	-13.9675494436
333	-1.34192108551
334	-1.51647003992
335	-10.2837397577
336	-1.34192108551
337	-1.32399904408
338	-7.12685104744
339	-1.76357706782
340	-1.51647003992
341	-10.4917623193
342	-1.54265371707
343	-1.73734454105
344	-6.60609787307
345	-5.61624092059
346	-1.73734454105
347	-13.798095495
348	-1.34628240392
349	-9.76098836075
350	-16.2965580275
351	-1.34192108551
352	-1.73734454105
353	-10.7372350057
354	-7.24164409517
355	-1.32399904408
356	-7.98872927179
357	-1.76357706782
358	-5.87206510854
359	-6.04882756234
360	-1.34628240392
361	-1.73734454105
362	-1.87085592285
363	-1.34192108551
364	-1.32399904408
365	-4.80243087274
366	-1.54265371707
367	-1.51647003992
368	-6.04882756234
369	-1.34628240392
370	-1.32325124633
371	-4.80243087274
372	-1.76357706782
373	-1.32399904408
374	-9.05079091288
375	-1.54265371707
376	-1.32399904408
377	-7.92916119806
378	-1.76357706782
379	-1.73734454105
380	-1.57568608212
381	-5.86080530152
382	-1.32325124633
383	-6.29240980539
384	-1.54265371707
385	-1.32399904408
386	-1.57568608212
387	-1.34628240392
388	-1.32399904408
389	-6.11995925995
390	-1.34192108551
391	-1.32399904408
392	-6.34761685657
393	-1.54265371707
394	-1.32325124633
395	-10.6732056992
396	-1.34628240392
397	-1.51647003992
398	-5.50177274246
399	-1.34192108551
400	-1.51647003992
401	-1.62510500018
402	-1.34628240392
403	-1.73734454105
404	-6.43574088369
405	-1.34628240392
406	-1.32399904408
407	-7.59708272439
408	-1.54265371707
409	-1.32399904408
410	-1.62510500018
411	-1.54265371707
412	-1.51647003992
413	-1.62510500018
414	-1.76357706782
415	-1.32325124633
416	-4.57442300666
417	-1.34628240392
418	-1.32325124633
419	-1.62510500018
420	-1.34192108551
421	-1.32325124633
422	-1.87085592285
423	-1.76357706782
424	-1.73734454105
425	-7.92916119806
426	-5.61624092059
427	-1.73734454105
428	-6.47619131068
429	-1.54265371707
430	-1.73734454105
431	-1.87085592285
432	-1.34628240392
433	-6.58727695983
434	-9.12622492149
435	-1.34192108551
436	-1.51647003992
437	-7.54538770264
438	-1.34628240392
439	-1.73734454105
440	-17.8846492057
441	-1.34628240392
442	-1.73734454105
443	-9.20951836501
444	-1.76357706782
445	-1.73734454105
446	-13.2433620443
447	-1.54265371707
448	-1.32399904408
449	-5.4369213041
450	-6.35085304383
451	-1.51647003992
452	-1.62510500018
453	-1.34628240392
454	-6.81032968675
455	-6.29240980539
456	-1.54265371707
457	-1.32325124633
458	-7.92916119806
459	-1.76357706782
460	-1.73734454105
461	-9.27022170661
462	-1.76357706782
463	-1.32325124633
464	-4.51926138192
465	-6.26327152337
466	-1.73734454105
467	-5.4369213041
468	-1.54265371707
469	-1.51647003992
470	-6.60609787307
471	-1.34192108551
472	-1.32399904408
473	-4.57442300666
474	-1.34628240392
475	-1.51647003992
476	-2.09310004651
477	-1.54265371707
478	-8.80789724699
479	-4.91746620434
480	-1.76357706782
481	-1.32399904408
482	-11.0127179316
483	-1.34192108551
484	-1.32399904408
485	-7.03312499732
486	-1.76357706782
487	-1.32399904408
488	-2.09310004651
