#Site	lnL	
0	-1.29445436625
1	-1.25720919955
2	-2.53700358525
3	-1.36728161998
4	-1.76010874682
5	-6.97554368445
6	-8.4688991105
7	-1.57516820766
8	-2.82574533071
9	-1.36728161998
10	-1.25720919955
11	-8.15593070961
12	-1.29445436625
13	-1.76010874682
14	-2.53700358525
15	-1.36728161998
16	-1.25720919955
17	-2.53700358525
18	-1.29445436625
19	-7.90454904667
20	-8.82521649233
21	-6.04864188466
22	-6.50888847782
23	-8.09788202469
24	-1.29445436625
25	-1.25720919955
26	-13.3828113408
27	-1.29445436625
28	-1.57516820766
29	-14.2491597488
30	-6.09703543542
31	-1.32363281609
32	-10.0321368853
33	-1.62943815325
34	-1.25720919955
35	-4.67048575012
36	-1.29445436625
37	-1.57516820766
38	-9.77268286916
39	-1.62943815325
40	-1.25720919955
41	-8.71187718587
42	-1.81752640184
43	-1.32363281609
44	-2.82574533071
45	-1.81752640184
46	-1.32363281609
47	-2.53700358525
48	-1.36728161998
49	-1.57516820766
50	-3.78332203708
51	-1.36728161998
52	-1.76010874682
53	-8.86806764346
54	-1.29445436625
55	-1.57516820766
56	-5.93683135942
57	-1.81752640184
58	-1.32363281609
59	-5.01652975052
60	-1.29445436625
61	-1.25720919955
62	-17.7811020897
63	-1.62943815325
64	-1.76010874682
65	-5.93683135942
66	-1.29445436625
67	-7.87378699775
68	-2.53700358525
69	-1.36728161998
70	-9.11503026909
71	-2.53700358525
72	-1.62943815325
73	-1.57516820766
74	-3.46829832977
75	-6.19922551998
76	-1.32363281609
77	-3.78332203708
78	-1.36728161998
79	-1.76010874682
80	-11.4734550232
81	-1.81752640184
82	-1.32363281609
83	-2.53700358525
84	-1.29445436625
85	-1.57516820766
86	-8.01523107772
87	-1.29445436625
88	-1.25720919955
89	-4.76700280986
90	-1.29445436625
91	-1.25720919955
92	-5.93683135942
93	-1.29445436625
94	-1.32363281609
95	-10.5074646386
96	-5.94041630991
97	-1.25720919955
98	-3.78332203708
99	-1.62943815325
100	-1.57516820766
101	-13.5679299793
102	-1.29445436625
103	-1.57516820766
104	-2.82574533071
105	-1.81752640184
106	-1.57516820766
107	-13.6306590227
108	-1.29445436625
109	-1.32363281609
110	-2.82574533071
111	-1.36728161998
112	-1.25720919955
113	-10.2626589822
114	-1.36728161998
115	-1.25720919955
116	-6.58806072308
117	-1.81752640184
118	-1.76010874682
119	-11.8352638084
120	-1.36728161998
121	-7.78364906008
122	-2.82574533071
123	-1.36728161998
124	-6.41015479002
125	-8.54929492477
126	-6.24843534406
127	-1.57516820766
128	-6.64908958914
129	-1.36728161998
130	-1.57516820766
131	-2.82574533071
132	-1.29445436625
133	-1.57516820766
134	-2.53700358525
135	-1.81752640184
136	-1.57516820766
137	-3.78332203708
138	-1.36728161998
139	-1.32363281609
140	-17.7172366055
141	-1.29445436625
142	-1.57516820766
143	-7.19811082581
144	-1.36728161998
145	-1.32363281609
146	-2.82574533071
147	-1.29445436625
148	-1.32363281609
149	-5.66905487158
150	-1.29445436625
151	-1.57516820766
152	-8.85260788671
153	-1.29445436625
154	-1.25720919955
155	-5.66905487158
156	-1.29445436625
157	-1.57516820766
158	-8.53213483822
159	-1.62943815325
160	-1.57516820766
161	-6.75678401928
162	-1.62943815325
163	-1.32363281609
164	-2.82574533071
165	-1.36728161998
166	-7.75996579531
167	-4.76700280986
168	-1.81752640184
169	-1.76010874682
170	-8.51901984712
171	-1.81752640184
172	-1.25720919955
173	-2.53700358525
174	-6.09703543542
175	-1.32363281609
176	-3.46829832977
177	-1.36728161998
178	-1.25720919955
179	-5.51559586049
180	-1.29445436625
181	-1.76010874682
182	-5.44761126192
183	-1.81752640184
184	-7.27269269356
185	-4.67048575012
186	-1.81752640184
187	-1.57516820766
188	-6.59377736486
189	-1.81752640184
190	-1.57516820766
191	-2.82574533071
192	-6.11714344459
193	-1.25720919955
194	-10.3482035393
195	-1.62943815325
196	-1.76010874682
197	-5.28447240182
198	-1.29445436625
199	-6.65917060103
200	-2.82574533071
201	-6.88830988356
202	-1.76010874682
203	-4.67048575012
204	-1.62943815325
205	-1.25720919955
206	-4.97403861156
207	-1.29445436625
208	-1.25720919955
209	-6.59377736486
210	-1.29445436625
211	-1.57516820766
212	-7.64562194945
213	-1.62943815325
214	-1.32363281609
215	-5.79785006022
216	-1.29445436625
217	-1.57516820766
218	-2.82574533071
219	-1.36728161998
220	-1.57516820766
221	-5.49732212354
222	-1.62943815325
223	-1.25720919955
224	-6.04139832543
225	-1.36728161998
226	-1.25720919955
227	-2.82574533071
228	-6.09703543542
229	-1.25720919955
230	-9.18916602298
231	-1.36728161998
232	-1.25720919955
233	-2.53700358525
234	-1.81752640184
235	-1.25720919955
236	-7.19811082581
237	-1.36728161998
238	-1.57516820766
239	-12.6538778442
240	-1.36728161998
241	-1.25720919955
242	-5.95429021499
243	-1.29445436625
244	-1.32363281609
245	-2.82574533071
246	-1.36728161998
247	-1.32363281609
248	-7.73437013822
249	-6.91462118283
250	-1.57516820766
251	-5.51559586049
252	-1.36728161998
253	-1.76010874682
254	-2.82574533071
255	-1.29445436625
256	-1.32363281609
257	-5.43611074032
258	-1.36728161998
259	-1.32363281609
260	-12.4434276349
261	-1.29445436625
262	-1.32363281609
263	-2.82574533071
264	-1.36728161998
265	-1.32363281609
266	-8.71404274385
267	-1.62943815325
268	-1.25720919955
269	-5.40969040066
270	-1.29445436625
271	-1.25720919955
272	-3.46829832977
273	-1.36728161998
274	-1.57516820766
275	-4.97403861156
276	-1.29445436625
277	-1.25720919955
278	-11.7224737664
279	-1.62943815325
280	-1.57516820766
281	-8.32188233645
282	-1.62943815325
283	-1.32363281609
284	-2.53700358525
285	-1.29445436625
286	-1.76010874682
287	-10.2900050423
288	-1.36728161998
289	-1.25720919955
290	-8.86201887935
291	-1.36728161998
292	-1.25720919955
293	-7.84528011942
294	-1.62943815325
295	-1.76010874682
296	-2.82574533071
297	-1.36728161998
298	-1.25720919955
299	-10.4850568682
300	-1.62943815325
301	-1.25720919955
302	-4.97403861156
303	-1.62943815325
304	-1.76010874682
305	-6.69063596063
306	-1.62943815325
307	-1.32363281609
308	-5.26396390578
309	-1.62943815325
310	-1.32363281609
311	-2.53700358525
312	-1.81752640184
313	-1.32363281609
314	-5.9779091992
315	-7.31277316621
316	-1.57516820766
317	-5.66905487158
318	-1.36728161998
319	-1.57516820766
320	-10.3641251404
321	-1.29445436625
322	-1.76010874682
323	-8.69636755652
324	-6.11714344459
325	-7.4547264056
326	-10.3508277474
327	-1.81752640184
328	-1.57516820766
329	-7.97761019106
330	-1.36728161998
331	-1.32363281609
332	-7.99790088245
333	-1.29445436625
334	-1.25720919955
335	-8.89954525897
336	-1.81752640184
337	-1.57516820766
338	-5.95429021499
339	-1.81752640184
340	-1.76010874682
341	-7.55674739947
342	-1.36728161998
343	-1.57516820766
344	-3.78332203708
345	-1.62943815325
346	-1.57516820766
347	-2.53700358525
348	-1.29445436625
349	-1.25720919955
350	-2.53700358525
351	-1.36728161998
352	-1.32363281609
353	-7.53137385114
354	-1.36728161998
355	-1.76010874682
356	-13.2726348614
357	-7.34013431525
358	-1.32363281609
359	-5.26396390578
360	-1.29445436625
361	-1.76010874682
362	-12.5263444217
363	-1.36728161998
364	-1.76010874682
365	-4.59274610968
366	-1.29445436625
367	-1.32363281609
368	-3.46829832977
369	-1.62943815325
370	-1.57516820766
371	-3.46829832977
372	-1.29445436625
373	-1.25720919955
374	-2.53700358525
375	-1.81752640184
376	-1.76010874682
377	-7.60303215591
378	-1.29445436625
379	-1.32363281609
380	-8.93077978792
381	-8.69746747066
382	-1.32363281609
383	-7.34562317971
384	-1.29445436625
385	-1.57516820766
386	-4.97403861156
387	-6.72776372545
388	-1.76010874682
389	-10.8455780387
390	-1.29445436625
391	-1.32363281609
392	-4.76700280986
393	-1.29445436625
394	-1.57516820766
395	-3.46829832977
396	-1.29445436625
397	-1.25720919955
398	-7.6853635018
399	-1.62943815325
400	-1.57516820766
401	-2.53700358525
402	-11.0370795228
403	-1.32363281609
404	-13.4441185128
405	-1.62943815325
406	-6.68913873329
407	-9.05861288729
408	-1.36728161998
409	-1.32363281609
410	-6.01857301424
411	-1.62943815325
412	-1.57516820766
413	-7.50256690942
414	-1.62943815325
415	-1.57516820766
416	-8.70760153524
417	-1.62943815325
418	-1.57516820766
419	-8.79378575686
420	-1.62943815325
421	-8.64387985629
422	-11.8916848321
423	-1.29445436625
424	-1.57516820766
425	-2.53700358525
426	-1.62943815325
427	-1.32363281609
428	-7.71145864197
429	-1.81752640184
430	-1.76010874682
431	-13.1120839887
432	-1.36728161998
433	-1.76010874682
434	-8.39486892731
435	-1.36728161998
436	-1.32363281609
437	-5.44761126192
438	-1.62943815325
439	-1.32363281609
440	-8.56060170989
441	-1.81752640184
442	-1.76010874682
443	-11.7987308753
444	-1.29445436625
445	-1.25720919955
446	-2.53700358525
447	-1.29445436625
448	-1.25720919955
449	-7.51434005987
450	-1.36728161998
451	-1.25720919955
452	-5.95429021499
453	-1.62943815325
454	-1.32363281609
455	-4.59274610968
456	-1.62943815325
457	-1.76010874682
458	-3.78332203708
459	-1.29445436625
460	-1.76010874682
461	-8.74319174826
462	-1.81752640184
463	-1.76010874682
464	-4.76700280986
465	-1.81752640184
466	-1.76010874682
467	-8.38995324309
468	-1.36728161998
469	-1.25720919955
470	-3.78332203708
471	-1.29445436625
472	-1.76010874682
473	-2.82574533071
474	-1.62943815325
475	-1.25720919955
476	-2.82574533071
477	-1.29445436625
478	-1.57516820766
479	-8.47142347808
480	-1.36728161998
481	-1.32363281609
482	-4.50055906081
483	-1.62943815325
484	-1.76010874682
485	-2.82574533071
486	-9.88915298293
487	-1.25720919955
488	-3.78332203708
