# log_p 	 lnL 	 
0.0	-1647.56900773	
-0.287682072452	-1647.56277612	
-0.510825623766	-1647.55295856	
-0.69314718056	-1647.53947704	
-0.847297860387	-1647.52285939	
-0.980829253012	-1647.5039645	
-1.09861228867	-1647.48369842	
-1.20397280433	-1647.46286188	
-1.29928298413	-1647.4420984	
-1.38629436112	-1647.42189348	
-1.46633706879	-1647.40259429	
-1.54044504095	-1647.38443473	
-1.60943791243	-1647.36755948	
-1.67397643357	-1647.35204498	
-1.73460105539	-1647.33791662	
-1.79175946923	-1647.32516259	
-1.8458266905	-1647.31374471	
-1.89711998489	-1647.30360676	
-1.94591014906	-1647.29468089	
-1.99243016469	-1647.2868924	
-2.03688192726	-1647.28016332	
-2.07944154168	-1647.274415	
-2.1202635362	-1647.26956994	
-2.15948424935	-1647.26555314	
-2.19722457734	-1647.26229293	
-2.23359222151	-1647.25972151	
-2.26868354132	-1647.25777528	
-2.30258509299	-1647.25639496	
-2.33537491582	-1647.2555256	
-2.36712361413	-1647.25511647	
-2.3978952728	-1647.25512092	
-2.42774823595	-1647.25549622	
-2.45673577282	-1647.2562033	
-2.48490664979	-1647.25720653	
-2.51230562398	-1647.2584735	
-2.53897387106	-1647.25997478	
-2.56494935746	-1647.26168367	
-2.59026716545	-1647.263576	
-2.61495977804	-1647.26562994	
-2.63905732962	-1647.26782574	
-2.66258782703	-1647.27014563	
-2.68557734525	-1647.27257356	
-2.7080502011	-1647.27509511	
-2.73002910782	-1647.2776973	
-2.75153531304	-1647.28036848	
-2.77258872224	-1647.28309819	
-2.79320800944	-1647.28587704	
-2.81341071676	-1647.28869664	
-2.83321334406	-1647.29154946	
-2.85263142991	-1647.29442878	
-2.87167962488	-1647.29732859	
-2.8903717579	-1647.30024352	
-2.90872089656	-1647.30316881	
-2.92673940207	-1647.30610019	
-2.94443897917	-1647.30903388	
-2.96183072188	-1647.31196653	
-2.97892515524	-1647.31489515	
-2.99573227355	-1647.3178171	
-3.01226157551	-1647.32073006	
-3.02852209638	-1647.32363196	
-3.04452243772	-1647.326521	
-3.06027079469	-1647.3293956	
-3.07577498123	-1647.33225435	
-3.09104245336	-1647.33509604	
-3.10608033072	-1647.33791964	
-3.12089541651	-1647.34072421	
-3.13549421593	-1647.34350897	
-3.14988295338	-1647.34627326	
-3.16406758837	-1647.34901651	
-3.17805383035	-1647.35173822	
-3.19184715248	-1647.35443801	
-3.20545280454	-1647.35711555	
-3.21887582487	-1647.35977057	
-3.23212105162	-1647.36240286	
-3.24519313319	-1647.36501227	
-3.25809653802	-1647.36759868	
-3.2708355638	-1647.37016203	
-3.28341434601	-1647.37270228	
-3.295836866	-1647.37521941	
-3.3081069586	-1647.37771347	
-3.32022831913	-1647.38018448	
-3.33220451018	-1647.38263252	
-3.34403896782	-1647.38505768	
-3.35573500759	-1647.38746005	
-3.36729582999	-1647.38983976	
-3.37872452581	-1647.39219693	
-3.39002408106	-1647.3945317	
-3.40119738166	-1647.39684423	
-3.41224721785	-1647.39913467	
-3.42317628838	-1647.40140319	
-3.43398720449	-1647.40364996	
-3.4446824936	-1647.40587515	
-3.45526460293	-1647.40807894	
-3.4657359028	-1647.41026151	
-3.47609868984	-1647.41242306	
-3.48635519	-1647.41456377	
-3.49650756147	-1647.41668382	
-3.50655789732	-1647.41878341	
-3.51650822817	-1647.42086274	
-3.52636052462	-1647.42292198	
-3.53611669956	-1647.42496134	
-3.54577861047	-1647.426981	
-3.55534806149	-1647.42898116	
-3.56482680544	-1647.43096201	
-3.57421654579	-1647.43292373	
-3.58351893846	-1647.43486652	
-3.59273559356	-1647.43679057	
-3.60186807712	-1647.43869606	
-3.61091791264	-1647.44058317	
-3.61988658263	-1647.4424521	
-3.62877553004	-1647.44430302	
-3.63758615973	-1647.44613612	
-3.6463198397	-1647.44795158	
-3.65497790244	-1647.44974957	
-3.66356164613	-1647.45153027	
-3.6720723358	-1647.45329385	
-3.68051120444	-1647.4550405	
-3.68887945411	-1647.45677038	
-3.69717825693	-1647.45848365	
-3.70540875607	-1647.4601805	
-3.7135720667	-1647.46186109	
-3.72166927694	-1647.46352558	
-3.72970144863	-1647.46517413	
-3.73766961828	-1647.46680691	
-3.74557479779	-1647.46842408	
-3.75341797525	-1647.4700258	
-3.76120011569	-1647.47161222	
-3.76892216179	-1647.47318349	
-3.77658503453	-1647.47473978	
-3.78418963392	-1647.47628123	
-3.79173683955	-1647.477808	
-3.79922751128	-1647.47932022	
-3.80666248977	-1647.48081806	
-3.81404259707	-1647.48230166	
-3.82136863716	-1647.48377115	
-3.82864139649	-1647.48522669	
-3.83586164446	-1647.48666841	
-3.84303013394	-1647.48809646	
-3.85014760171	-1647.48951097	
-3.85721476893	-1647.49091208	
-3.86423234159	-1647.49229992	
-3.87120101091	-1647.49367463	
-3.87812145375	-1647.49503634	
-3.88499433304	-1647.49638519	
-3.89182029811	-1647.4977213	
-3.8985999851	-1647.4990448	
-3.90533401728	-1647.50035582	
-3.91202300543	-1647.50165448	
-3.91866754815	-1647.50294091	
-3.92526823218	-1647.50421524	
-3.93182563272	-1647.50547758	
-3.93834031375	-1647.50672805	
-3.94481282825	-1647.50796678	
-3.95124371858	-1647.50919388	
-3.95763351668	-1647.51040948	
-3.96398274436	-1647.51161368	
-3.97029191355	-1647.5128066	
-3.97656152657	-1647.51398835	
-3.98279207632	-1647.51515905	
-3.98898404656	-1647.51631881	
-3.99513791214	-1647.51746774	
-4.00125413916	-1647.51860595	
-4.00733318523	-1647.51973354	
-4.01337549969	-1647.52085062	
-4.01938152375	-1647.5219573	
-4.02535169074	-1647.52305368	
-4.03128642625	-1647.52413987	
-4.03718614838	-1647.52521596	
-4.04305126783	-1647.52628207	
-4.04888218815	-1647.52733828	
-4.05467930583	-1647.5283847	
-4.06044301055	-1647.52942143	
-4.06617368526	-1647.53044857	
-4.07187170637	-1647.5314662	
-4.07753744391	-1647.53247443	
-4.08317126162	-1647.53347335	
-4.08877351717	-1647.53446305	
-4.09434456222	-1647.53544363	
-4.0998847426	-1647.53641518	
-4.10539439841	-1647.53737778	
-4.11087386417	-1647.53833153	
-4.11632346894	-1647.53927652	
-4.12174353641	-1647.54021283	
-4.12713438505	-1647.54114055	
-4.13249632819	-1647.54205976	
-4.13782967416	-1647.54297056	
-4.14313472639	-1647.54387302	
-4.14841178349	-1647.54476723	
-4.15366113938	-1647.54565327	
-4.15888308336	-1647.54653122	
-4.16407790024	-1647.54740117	
-4.1692458704	-1647.54826319	
-4.1743872699	-1647.54911736	
-4.17950237056	-1647.54996376	
-4.18459144007	-1647.55080246	
-4.18965474203	-1647.55163356	
-4.19469253606	-1647.55245711	
-4.19970507788	-1647.55327319	
-4.20469261939	-1647.55408188	
-4.20965540873	-1647.55488326	
-4.21459369037	-1647.55567739	
-4.21950770518	-1647.55646435	
-4.22439769047	-1647.5572442	
-4.22926388012	-1647.55801702	
-4.2341065046	-1647.55878289	
-4.23892579103	-1647.55954185	
-4.2437219633	-1647.560294	
-4.24849524205	-1647.56103938	
-4.25324584481	-1647.56177808	
-4.257973986	-1647.56251015	
-4.26267987704	-1647.56323566	
-4.26736372635	-1647.56395467	
-4.27202573946	-1647.56466726	
-4.27666611902	-1647.56537348	
-4.28128506487	-1647.5660734	
-4.28588277412	-1647.56676707	
-4.29045944115	-1647.56745456	
-4.29501525768	-1647.56813593	
-4.29955041285	-1647.56881124	
-4.3040650932	-1647.56948056	
-4.30855948279	-1647.57014393	
-4.31303376319	-1647.57080141	
-4.31748811354	-1647.57145307	
-4.3219227106	-1647.57209897	
-4.32633772881	-1647.57273915	
-4.33073334029	-1647.57337367	
-4.33510971489	-1647.57400259	
-4.33946702026	-1647.57462597	
-4.34380542185	-1647.57524385	
-4.348125083	-1647.5758563	
-4.3524261649	-1647.57646335	
-4.35670882669	-1647.57706508	
-4.36097322548	-1647.57766152	
-4.36521951636	-1647.57825274	
-4.36944785247	-1647.57883877	
-4.373658385	-1647.57941967	
-4.37785126326	-1647.5799955	
-4.38202663467	-1647.58056629	
-4.38618464482	-1647.5811321	
-4.39032543749	-1647.58169298	
-4.39444915467	-1647.58224898	
-4.39855593663	-1647.58280013	
-4.40264592188	-1647.58334649	
-4.40671924726	-1647.58388811	
-4.41077604796	-1647.58442502	
-4.4148164575	-1647.58495728	
-4.4188406078	-1647.58548493	
-4.42284862919	-1647.58600802	
-4.42684065046	-1647.58652658	
-4.43081679884	-1647.58704066	
-4.43477720006	-1647.58755031	
-4.43872197835	-1647.58805556	
-4.44265125649	-1647.58855646	
-4.44656515581	-1647.58905305	
-4.45046379623	-1647.58954537	
-4.45434729625	-1647.59003346	
-4.45821577303	-1647.59051737	
-4.46206934235	-1647.59099713	
-4.46590811865	-1647.59147277	
-4.46973221509	-1647.59194435	
-4.47354174351	-1647.5924119	
-4.47733681448	-1647.59287545	
-4.48111753732	-1647.59333505	
-4.48488402011	-1647.59379073	
-4.48863636973	-1647.59424253	
-4.49237469184	-1647.59469049	
-4.49609909093	-1647.59513463	
-4.49980967033	-1647.59557501	
-4.50350653221	-1647.59601165	
-4.50718977763	-1647.59644459	
-4.51085950652	-1647.59687386	
-4.51451581772	-1647.5972995	
-4.518158809	-1647.59772154	
-4.52178857705	-1647.59814001	
-4.52540521752	-1647.59855496	
-4.52900882502	-1647.5989664	
-4.53259949315	-1647.59937438	
-4.5361773145	-1647.59977893	
-4.53974238067	-1647.60018008	
-4.54329478227	-1647.60057785	
-4.54683460898	-1647.60097229	
-4.55036194949	-1647.60136342	
-4.5538768916	-1647.60175128	
-4.55737952215	-1647.60213588	
-4.56086992709	-1647.60251727	
-4.56434819147	-1647.60289548	
-4.56781439944	-1647.60327053	
-4.57126863431	-1647.60364245	
-4.5747109785	-1647.60401127	
-4.5781415136	-1647.60437702	
-4.58156032035	-1647.60473973	
-4.58496747867	-1647.60509942	
-4.58836306767	-1647.60545613	
-4.59174716566	-1647.60580987	
-4.59511985013	-1647.60616069	
-4.59848119784	-1647.6065086	
-4.60183128472	-1647.60685363	
-4.60517018599	-1647.60719581	
-4.60849797608	-1647.60753516	
-4.61181472871	-1647.60787171	
-4.61512051684	-1647.60820548	
-4.61841541274	-1647.60853651	
-4.62169948794	-1647.60886481	
-4.62497281328	-1647.60919041	
-4.62823545892	-1647.60951333	
-4.63148749431	-1647.6098336	
-4.63472898823	-1647.61015125	
-4.63796000881	-1647.61046629	
-4.64118062351	-1647.61077875	
-4.64439089914	-1647.61108865	
-4.64759090187	-1647.61139602	
-4.65078069724	-1647.61170087	
-4.65396035016	-1647.61200324	
-4.65712992492	-1647.61230314	
-4.66028948521	-1647.61260059	
-4.66343909411	-1647.61289563	
-4.66657881412	-1647.61318826	
-4.66970870713	-1647.61347851	
-4.67282883446	-1647.6137664	
-4.67593925688	-1647.61405196	
-4.67904003455	-1647.6143352	
-4.68213122712	-1647.61461614	
-4.68521289366	-1647.61489481	
-4.6882850927	-1647.61517122	
-4.69134788223	-1647.6154454	
-4.69440131972	-1647.61571736	
-4.6974454621	-1647.61598713	
-4.70048036579	-1647.61625472	
-4.70350608671	-1647.61652015	
-4.70652268025	-1647.61678344	
-4.70953020131	-1647.61704461	
-4.71252870431	-1647.61730368	
-4.71551824316	-1647.61756067	
-4.7184988713	-1647.6178156	
-4.72147064168	-1647.61806847	
-4.72443360681	-1647.61831932	
-4.72738781871	-1647.61856816	
-4.73033332894	-1647.61881501	
-4.73327018862	-1647.61905988	
-4.73619844839	-1647.61930279	
-4.7391181585	-1647.61954376	
-4.74202936871	-1647.61978281	
-4.74493212836	-1647.62001994	
-4.74782648639	-1647.62025519	
-4.75071249128	-1647.62048856	
-4.75359019111	-1647.62072007	
-4.75645963353	-1647.62094974	
-4.75932086582	-1647.62117758	
-4.7621739348	-1647.62140362	
-4.76501888693	-1647.62162785	
-4.76785576827	-1647.62185031	
-4.77068462447	-1647.622071	
-4.77350550081	-1647.62228994	
-4.77631844218	-1647.62250715	
-4.77912349311	-1647.62272264	
-4.78192069773	-1647.62293642	
-4.78471009982	-1647.62314851	
-4.78749174278	-1647.62335893	
-4.79026566966	-1647.62356768	
-4.79303192316	-1647.62377479	
-4.7957905456	-1647.62398026	
-4.79854157897	-1647.62418412	
-4.80128506491	-1647.62438636	
-4.80402104473	-1647.62458702	
-4.80674955939	-1647.62478609	
-4.8094706495	-1647.62498361	
-4.81218435537	-1647.62517956	
-4.81489071697	-1647.62537398	
-4.81758977394	-1647.62556688	
-4.82028156561	-1647.62575826	
-4.82296613098	-1647.62594813	
-4.82564350875	-1647.62613653	
-4.8283137373	-1647.62632344	
-4.83097685472	-1647.62650889	
-4.83363289878	-1647.62669289	
-4.83628190695	-1647.62687546	
-4.83892391641	-1647.62705659	
-4.84155896405	-1647.62723631	
-4.84418708646	-1647.62741463	
-4.84680831994	-1647.62759156	
-4.84942270051	-1647.6277671	
-4.85203026392	-1647.62794128	
-4.85463104562	-1647.6281141	
-4.8572250808	-1647.62828558	
-4.85981240436	-1647.62845572	
-4.86239305096	-1647.62862454	
-4.86496705495	-1647.62879204	
-4.86753445046	-1647.62895824	
-4.87009527132	-1647.62912316	
-4.87264955112	-1647.62928679	
-4.8751973232	-1647.62944915	
-4.87773862063	-1647.62961025	
-4.88027347623	-1647.6297701	
-4.88280192259	-1647.62992872	
-4.88532399202	-1647.6300861	
-4.88783971662	-1647.63024227	
-4.89034912822	-1647.63039722	
-4.89285225844	-1647.63055098	
-4.89534913864	-1647.63070355	
-4.89783979995	-1647.63085494	
-4.90032427328	-1647.63100516	
-4.90280258929	-1647.63115422	
-4.90527477844	-1647.63130213	
-4.90774087093	-1647.6314489	
-4.91020089677	-1647.63159453	
-4.91265488574	-1647.63173905	
-4.91510286737	-1647.63188244	
-4.91754487103	-1647.63202474	
-4.91998092583	-1647.63216593	
-4.92241106068	-1647.63230604	
-4.92483530429	-1647.63244507	
-4.92725368516	-1647.63258303	
-4.92966623156	-1647.63271993	
-4.93207297159	-1647.63285578	
-4.93447393313	-1647.63299058	
-4.93686914386	-1647.63312434	
-4.93925863125	-1647.63325708	
-4.94164242261	-1647.6333888	
-4.94402054501	-1647.63351951	
-4.94639302537	-1647.63364921	
-4.94875989038	-1647.63377792	
-4.95112116656	-1647.63390564	
-4.95347688026	-1647.63403238	
-4.9558270576	-1647.63415815	
-4.95817172456	-1647.63428296	
-4.96051090691	-1647.63440681	
-4.96284463026	-1647.63452971	
-4.96517292002	-1647.63465166	
-4.96749580144	-1647.63477269	
-4.96981329958	-1647.63489279	
-4.97212543933	-1647.63501196	
-4.97443224543	-1647.63513023	
-4.97673374242	-1647.63524759	
-4.97902995468	-1647.63536406	
-4.98132090643	-1647.63547963	
-4.98360662171	-1647.63559432	
-4.98588712441	-1647.63570813	
-4.98816243824	-1647.63582107	
-4.99043258678	-1647.63593315	
-4.99269759341	-1647.63604437	
-4.99495748138	-1647.63615475	
-4.99721227376	-1647.63626427	
-4.9994619935	-1647.63637297	
-5.00170666335	-1647.63648083	
-5.00394630595	-1647.63658787	
-5.00618094375	-1647.63669409	
-5.00841059907	-1647.6367995	
-5.0106352941	-1647.63690411	
-5.01285505083	-1647.63700792	
-5.01506989116	-1647.63711093	
-5.01727983681	-1647.63721316	
-5.01948490937	-1647.63731461	
-5.02168513028	-1647.63741528	
-5.02388052085	-1647.63751519	
-5.02607110223	-1647.63761434	
-5.02825689545	-1647.63771272	
-5.03043792139	-1647.63781036	
-5.03261420082	-1647.63790725	
-5.03478575433	-1647.63800341	
-5.03695260241	-1647.63809883	
-5.03911476542	-1647.63819352	
-5.04127226356	-1647.63828749	
-5.04342511692	-1647.63838074	
-5.04557334546	-1647.63847328	
-5.047716969	-1647.63856512	
-5.04985600725	-1647.63865625	
-5.05199047978	-1647.63874669	
-5.05412040604	-1647.63883644	
-5.05624580535	-1647.63892551	
-5.05836669692	-1647.63901389	
-5.06048309982	-1647.63910161	
-5.06259503303	-1647.63918865	
-5.06470251537	-1647.63927503	
-5.06680556556	-1647.63936074	
-5.06890420222	-1647.63944581	
-5.07099844382	-1647.63953022	
-5.07308830874	-1647.63961399	
-5.07517381523	-1647.63969712	
-5.07725498144	-1647.63977962	
-5.07933182538	-1647.63986148	
-5.08140436498	-1647.63994272	
-5.08347261805	-1647.64002334	
-5.08553660227	-1647.64010335	
-5.08759633523	-1647.64018274	
-5.08965183441	-1647.64026152	
-5.09170311719	-1647.64033971	
-5.09375020081	-1647.64041729	
-5.09579310244	-1647.64049428	
-5.09783183913	-1647.64057068	
-5.09986642782	-1647.6406465	
-5.10189688537	-1647.64072174	
-5.10392322852	-1647.6407964	
-5.1059454739	-1647.64087049	
-5.10796363806	-1647.64094401	
-5.10997773743	-1647.64101697	
-5.11198778836	-1647.64108937	
-5.11399380708	-1647.64116122	
-5.11599580975	-1647.64123251	
-5.11799381242	-1647.64130326	
-5.11998783102	-1647.64137346	
-5.12197788143	-1647.64144313	
-5.1239639794	-1647.64151226	
-5.12594614061	-1647.64158086	
-5.12792438062	-1647.64164893	
-5.12989871492	-1647.64171648	
-5.13186915891	-1647.64178351	
-5.13383572788	-1647.64185003	
-5.13579843705	-1647.64191603	
-5.13775730154	-1647.64198152	
-5.13971233637	-1647.64204651	
-5.1416635565	-1647.642111	
-5.14361097679	-1647.642175	
-5.145554612	-1647.6422385	
-5.14749447681	-1647.64230151	
-5.14943058584	-1647.64236403	
-5.15136295359	-1647.64242607	
-5.1532915945	-1647.64248763	
-5.15521652291	-1647.64254872	
-5.15713775309	-1647.64260933	
-5.15905529921	-1647.64266947	
-5.1609691754	-1647.64272915	
-5.16287939565	-1647.64278837	
-5.16478597392	-1647.64284713	
-5.16668892407	-1647.64290543	
-5.16858825987	-1647.64296328	
-5.17048399504	-1647.64302068	
-5.17237614319	-1647.64307763	
-5.17426471788	-1647.64313415	
-5.17614973257	-1647.64319022	
-5.17803120067	-1647.64324586	
-5.1799091355	-1647.64330106	
-5.18178355029	-1647.64335583	
-5.18365445823	-1647.64341018	
-5.1855218724	-1647.6434641	
-5.18738580584	-1647.6435176	
-5.18924627149	-1647.64357069	
-5.19110328224	-1647.64362336	
-5.19295685089	-1647.64367561	
-5.19480699018	-1647.64372746	
-5.19665371277	-1647.6437789	
-5.19849703127	-1647.64382994	
-5.20033695819	-1647.64388058	
-5.202173506	-1647.64393082	
-5.20400668708	-1647.64398067	
-5.20583651375	-1647.64403012	
-5.20766299828	-1647.64407919	
-5.20948615284	-1647.64412787	
-5.21130598956	-1647.64417616	
-5.21312252048	-1647.64422408	
-5.21493575761	-1647.64427161	
-5.21674571285	-1647.64431877	
-5.21855239808	-1647.64436556	
-5.22035582508	-1647.64441198	
-5.22215600558	-1647.64445803	
-5.22395295126	-1647.64450371	
-5.22574667371	-1647.64454903	
-5.22753718449	-1647.644594	
-5.22932449506	-1647.6446386	
-5.23110861685	-1647.64468285	
-5.23288956123	-1647.64472675	
-5.23466733947	-1647.64477029	
-5.23644196283	-1647.64481349	
-5.23821344248	-1647.64485634	
-5.23998178954	-1647.64489886	
-5.24174701506	-1647.64494103	
-5.24350913005	-1647.64498286	
-5.24526814546	-1647.64502436	
-5.24702407216	-1647.64506552	
-5.24877692099	-1647.64510635	
-5.25052670271	-1647.64514685	
-5.25227342805	-1647.64518703	
-5.25401710765	-1647.64522688	
-5.25575775213	-1647.64526642	
-5.25749537203	-1647.64530563	
-5.25922997784	-1647.64534452	
-5.26096158	-1647.6453831	
-5.2626901889	-1647.64542136	
-5.26441581487	-1647.64545932	
-5.26613846818	-1647.64549696	
-5.26785815906	-1647.6455343	
-5.26957489768	-1647.64557134	
-5.27128869416	-1647.64560807	
-5.27299955856	-1647.6456445	
-5.27470750091	-1647.64568063	
-5.27641253116	-1647.64571647	
-5.27811465923	-1647.64575201	
-5.27981389498	-1647.64578726	
-5.28151024823	-1647.64582222	
-5.28320372874	-1647.64585689	
-5.28489434622	-1647.64589128	
-5.28658211033	-1647.64592538	
-5.28826703069	-1647.6459592	
-5.28994911688	-1647.64599274	
-5.2916283784	-1647.646026	
-5.29330482472	-1647.64605898	
-5.29497846528	-1647.64609169	
-5.29664930945	-1647.64612412	
-5.29831736655	-1647.64615629	
-5.29998264587	-1647.64618818	
-5.30164515664	-1647.64621981	
-5.30330490806	-1647.64625117	
-5.30496190927	-1647.64628227	
-5.30661616936	-1647.64631311	
-5.3082676974	-1647.64634368	
-5.30991650239	-1647.646374	
-5.3115625933	-1647.64640406	
-5.31320597904	-1647.64643387	
-5.3148466685	-1647.64646342	
-5.3164846705	-1647.64649272	
-5.31811999384	-1647.64652177	
-5.31975264727	-1647.64655057	
-5.32138263948	-1647.64657913	
-5.32300997914	-1647.64660744	
-5.32463467487	-1647.64663551	
-5.32625673524	-1647.64666334	
-5.32787616879	-1647.64669093	
-5.32949298402	-1647.64671828	
-5.33110718937	-1647.64674539	
-5.33271879327	-1647.64677226	
-5.33432780407	-1647.64679891	
-5.33593423012	-1647.64682532	
-5.3375380797	-1647.6468515	
-5.33913936107	-1647.64687745	
-5.34073808243	-1647.64690318	
-5.34233425196	-1647.64692868	
-5.3439278778	-1647.64695395	
-5.34551896803	-1647.64697901	
-5.34710753072	-1647.64700384	
-5.34869357387	-1647.64702845	
-5.35027710548	-1647.64705284	
-5.35185813348	-1647.64707702	
-5.35343666577	-1647.64710098	
-5.35501271022	-1647.64712472	
-5.35658627467	-1647.64714826	
-5.3581573669	-1647.64717158	
-5.35972599468	-1647.64719469	
-5.36129216571	-1647.64721759	
-5.36285588769	-1647.64724029	
-5.36441716825	-1647.64726278	
-5.36597601502	-1647.64728507	
-5.36753243557	-1647.64730715	
-5.36908643744	-1647.64732904	
-5.37063802813	-1647.64735072	
-5.37218721511	-1647.6473722	
-5.37373400583	-1647.64739349	
-5.37527840768	-1647.64741458	
-5.37682042804	-1647.64743547	
-5.37836007422	-1647.64745617	
-5.37989735354	-1647.64747668	
-5.38143227326	-1647.647497	
-5.38296484061	-1647.64751712	
-5.38449506279	-1647.64753706	
-5.38602294697	-1647.64755681	
-5.38754850028	-1647.64757638	
-5.38907172982	-1647.64759576	
-5.39059264266	-1647.64761495	
-5.39211124583	-1647.64763396	
-5.39362754635	-1647.6476528	
-5.39514155118	-1647.64767145	
-5.39665326727	-1647.64768992	
-5.39816270152	-1647.64770821	
-5.39966986081	-1647.64772633	
-5.40117475199	-1647.64774427	
-5.40267738187	-1647.64776204	
-5.40417775725	-1647.64777964	
-5.40567588487	-1647.64779706	
-5.40717177146	-1647.64781431	
-5.40866542372	-1647.64783139	
-5.4101568483	-1647.6478483	
-5.41164605186	-1647.64786505	
-5.41313304098	-1647.64788163	
-5.41461782224	-1647.64789804	
-5.4161004022	-1647.64791429	
-5.41758078737	-1647.64793038	
-5.41905898424	-1647.6479463	
-5.42053499927	-1647.64796206	
-5.42200883889	-1647.64797766	
-5.4234805095	-1647.64799311	
-5.42495001748	-1647.64800839	
-5.42641736918	-1647.64802352	
-5.4278825709	-1647.64803849	
-5.42934562895	-1647.6480533	
-5.43080654959	-1647.64806797	
-5.43226533906	-1647.64808248	
-5.43372200355	-1647.64809683	
-5.43517654927	-1647.64811104	
-5.43662898235	-1647.64812509	
-5.43807930892	-1647.648139	
-5.4395275351	-1647.64815276	
-5.44097366695	-1647.64816637	
-5.44241771052	-1647.64817984	
-5.44385967184	-1647.64819316	
-5.4452995569	-1647.64820633	
-5.44673737167	-1647.64821936	
-5.44817312209	-1647.64823225	
-5.44960681409	-1647.648245	
-5.45103845357	-1647.64825761	
-5.45246804638	-1647.64827007	
-5.45389559837	-1647.6482824	
-5.45532111536	-1647.64829459	
-5.45674460314	-1647.64830665	
-5.45816606749	-1647.64831856	
-5.45958551414	-1647.64833035	
-5.46100294883	-1647.64834199	
-5.46241837723	-1647.64835351	
-5.46383180503	-1647.64836489	
-5.46524323786	-1647.64837614	
-5.46665268137	-1647.64838725	
-5.46806014114	-1647.64839824	
-5.46946562274	-1647.6484091	
-5.47086913175	-1647.64841983	
-5.47227067367	-1647.64843043	
-5.47367025403	-1647.64844091	
-5.47506787829	-1647.64845125	
-5.47646355193	-1647.64846148	
-5.47785728038	-1647.64847158	
-5.47924906905	-1647.64848155	
-5.48063892334	-1647.6484914	
-5.48202684862	-1647.64850113	
-5.48341285022	-1647.64851074	
-5.48479693349	-1647.64852023	
-5.48617910372	-1647.6485296	
-5.48755936619	-1647.64853885	
-5.48893772616	-1647.64854798	
-5.49031418887	-1647.64855699	
-5.49168875953	-1647.64856589	
-5.49306144334	-1647.64857467	
-5.49443224547	-1647.64858334	
-5.49580117108	-1647.64859189	
-5.49716822529	-1647.64860032	
-5.49853341322	-1647.64860865	
-5.49989673995	-1647.64861686	
-5.50125821054	-1647.64862496	
-5.50261783006	-1647.64863295	
-5.50397560352	-1647.64864082	
-5.50533153593	-1647.64864859	
-5.50668563228	-1647.64865625	
-5.50803789753	-1647.6486638	
-5.50938833663	-1647.64867125	
-5.5107369545	-1647.64867859	
-5.51208375605	-1647.64868582	
-5.51342874616	-1647.64869294	
-5.51477192971	-1647.64869996	
-5.51611331154	-1647.64870688	
-5.51745289646	-1647.64871369	
-5.51879068931	-1647.6487204	
-5.52012669485	-1647.64872701	
-5.52146091786	-1647.64873352	
-5.5227933631	-1647.64873992	
-5.52412403528	-1647.64874623	
-5.52545293913	-1647.64875243	
-5.52678007934	-1647.64875854	
-5.52810546058	-1647.64876455	
-5.52942908751	-1647.64877046	
-5.53075096477	-1647.64877627	
-5.53207109697	-1647.64878199	
-5.53338948873	-1647.64878761	
-5.53470614461	-1647.64879314	
-5.53602106919	-1647.64879857	
-5.53733426702	-1647.6488039	
-5.53864574262	-1647.64880915	
-5.5399555005	-1647.6488143	
-5.54126354516	-1647.64881936	
-5.54256988107	-1647.64882432	
-5.5438745127	-1647.6488292	
-5.54517744448	-1647.64883398	
-5.54647868084	-1647.64883868	
-5.54777822618	-1647.64884328	
-5.5490760849	-1647.6488478	
-5.55037226136	-1647.64885223	
-5.55166675992	-1647.64885657	
-5.55295958492	-1647.64886082	
-5.55425074069	-1647.64886499	
-5.55554023152	-1647.64886907	
-5.5568280617	-1647.64887306	
-5.55811423551	-1647.64887697	
-5.5593987572	-1647.64888079	
-5.56068163102	-1647.64888454	
-5.56196286117	-1647.64888819	
-5.56324245188	-1647.64889177	
-5.56452040732	-1647.64889526	
-5.56579673168	-1647.64889867	
-5.56707142911	-1647.648902	
-5.56834450376	-1647.64890525	
-5.56961595975	-1647.64890841	
-5.57088580119	-1647.6489115	
-5.57215403218	-1647.64891451	
-5.57342065679	-1647.64891744	
-5.5746856791	-1647.64892029	
-5.57594910315	-1647.64892306	
-5.57721093297	-1647.64892576	
-5.57847117258	-1647.64892838	
-5.57972982599	-1647.64893092	
-5.58098689718	-1647.64893339	
-5.58224239012	-1647.64893578	
-5.58349630878	-1647.64893809	
-5.5847486571	-1647.64894033	
-5.585999439	-1647.6489425	
-5.5872486584	-1647.6489446	
-5.5884963192	-1647.64894662	
-5.58974242528	-1647.64894856	
-5.59098698051	-1647.64895044	
-5.59222998875	-1647.64895224	
-5.59347145384	-1647.64895398	
-5.5947113796	-1647.64895564	
-5.59594976985	-1647.64895723	
-5.59718662839	-1647.64895875	
-5.598421959	-1647.6489602	
-5.59965576545	-1647.64896158	
-5.60088805149	-1647.6489629	
-5.60211882088	-1647.64896414	
-5.60334807733	-1647.64896532	
-5.60457582457	-1647.64896643	
-5.6058020663	-1647.64896748	
-5.60702680619	-1647.64896845	
-5.60825004793	-1647.64896936	
-5.60947179518	-1647.64897021	
-5.61069205159	-1647.64897099	
-5.61191082078	-1647.6489717	
-5.61312810639	-1647.64897236	
-5.61434391201	-1647.64897294	
-5.61555824124	-1647.64897346	
-5.61677109767	-1647.64897392	
-5.61798248485	-1647.64897432	
-5.61919240636	-1647.64897465	
-5.62040086572	-1647.64897493	
-5.62160786647	-1647.64897514	
-5.62281341212	-1647.64897529	
-5.62401750619	-1647.64897537	
-5.62522015215	-1647.6489754	
-5.6264213535	-1647.64897537	
-5.62762111369	-1647.64897527	
-5.62881943618	-1647.64897512	
-5.63001632442	-1647.64897491	
-5.63121178182	-1647.64897464	
-5.63240581181	-1647.64897431	
-5.6335984178	-1647.64897393	
-5.63478960317	-1647.64897348	
-5.6359793713	-1647.64897298	
-5.63716772557	-1647.64897243	
-5.63835466933	-1647.64897181	
-5.63954020593	-1647.64897114	
-5.64072433869	-1647.64897041	
-5.64190707094	-1647.64896963	
-5.64308840598	-1647.6489688	
-5.64426834712	-1647.6489679	
-5.64544689764	-1647.64896696	
-5.64662406082	-1647.64896596	
-5.64779983991	-1647.6489649	
-5.64897423816	-1647.6489638	
-5.65014725882	-1647.64896264	
-5.65131890512	-1647.64896142	
-5.65248918027	-1647.64896016	
-5.65365808747	-1647.64895884	
-5.65482562993	-1647.64895747	
-5.65599181082	-1647.64895605	
-5.65715663332	-1647.64895458	
-5.65832010058	-1647.64895305	
-5.65948221576	-1647.64895148	
-5.660642982	-1647.64894986	
-5.66180240242	-1647.64894819	
-5.66296048014	-1647.64894646	
-5.66411721826	-1647.64894469	
-5.66527261989	-1647.64894287	
-5.66642668811	-1647.648941	
-5.66757942599	-1647.64893908	
-5.6687308366	-1647.64893712	
-5.66988092298	-1647.6489351	
-5.67102968818	-1647.64893304	
-5.67217713524	-1647.64893094	
-5.67332326717	-1647.64892878	
-5.67446808699	-1647.64892658	
-5.67561159769	-1647.64892433	
-5.67675380227	-1647.64892204	
-5.6778947037	-1647.6489197	
-5.67903430497	-1647.64891732	
-5.68017260902	-1647.64891489	
-5.6813096188	-1647.64891241	
-5.68244533727	-1647.6489099	
-5.68357976734	-1647.64890733	
-5.68471291194	-1647.64890473	
-5.68584477397	-1647.64890208	
-5.68697535634	-1647.64889938	
-5.68810466194	-1647.64889665	
-5.68923269364	-1647.64889387	
-5.69035945432	-1647.64889105	
-5.69148494685	-1647.64888818	
-5.69260917406	-1647.64888528	
-5.6937321388	-1647.64888233	
-5.69485384391	-1647.64887934	
-5.69597429221	-1647.64887631	
-5.69709348651	-1647.64887324	
-5.69821142961	-1647.64887013	
-5.69932812431	-1647.64886697	
-5.70044357339	-1647.64886378	
-5.70155777963	-1647.64886055	
-5.7026707458	-1647.64885728	
-5.70378247466	-1647.64885396	
-5.70489296894	-1647.64885061	
-5.70600223139	-1647.64884722	
-5.70711026475	-1647.64884379	
-5.70821707172	-1647.64884033	
-5.70932265503	-1647.64883682	
-5.71042701737	-1647.64883328	
-5.71153016145	-1647.6488297	
-5.71263208993	-1647.64882608	
-5.71373280551	-1647.64882243	
-5.71483231084	-1647.64881873	
-5.71593060859	-1647.648815	
-5.71702770141	-1647.64881124	
-5.71812359193	-1647.64880744	
-5.71921828279	-1647.6488036	
-5.72031177661	-1647.64879972	
-5.72140407601	-1647.64879582	
-5.72249518359	-1647.64879187	
-5.72358510195	-1647.64878789	
-5.72467383369	-1647.64878388	
-5.72576138137	-1647.64877983	
-5.72684774759	-1647.64877574	
-5.72793293489	-1647.64877163	
-5.72901694583	-1647.64876747	
-5.73009978297	-1647.64876329	
-5.73118144884	-1647.64875907	
-5.73226194598	-1647.64875481	
-5.7333412769	-1647.64875053	
-5.73441944412	-1647.64874621	
-5.73549645015	-1647.64874186	
-5.73657229748	-1647.64873747	
-5.73764698861	-1647.64873306	
-5.73872052602	-1647.64872861	
-5.73979291218	-1647.64872413	
-5.74086414956	-1647.64871962	
-5.74193424062	-1647.64871507	
-5.74300318781	-1647.6487105	
-5.74407099357	-1647.64870589	
-5.74513766034	-1647.64870126	
-5.74620319054	-1647.64869659	
-5.7472675866	-1647.64869189	
-5.74833085092	-1647.64868716	
-5.74939298591	-1647.6486824	
-5.75045399397	-1647.64867762	
-5.75151387748	-1647.6486728	
-5.75257263883	-1647.64866795	
-5.75363028038	-1647.64866307	
-5.75468680452	-1647.64865817	
-5.75574221359	-1647.64865323	
-5.75679650994	-1647.64864827	
-5.75784969593	-1647.64864328	
-5.75890177388	-1647.64863826	
-5.75995274612	-1647.64863321	
-5.76100261499	-1647.64862813	
-5.76205138278	-1647.64862303	
-5.76309905181	-1647.6486179	
-5.76414562438	-1647.64861274	
-5.76519110278	-1647.64860755	
-5.7662354893	-1647.64860234	
-5.76727878622	-1647.6485971	
-5.76832099579	-1647.64859183	
-5.7693621203	-1647.64858653	
-5.770402162	-1647.64858121	
-5.77144112313	-1647.64857587	
-5.77247900594	-1647.64857049	
-5.77351581267	-1647.6485651	
-5.77455154554	-1647.64855967	
-5.77558620679	-1647.64855422	
-5.77661979861	-1647.64854875	
-5.77765232322	-1647.64854325	
-5.77868378283	-1647.64853772	
-5.77971417962	-1647.64853217	
-5.78074351579	-1647.6485266	
-5.78177179352	-1647.648521	
-5.78279901497	-1647.64851537	
-5.78382518233	-1647.64850973	
-5.78485029774	-1647.64850405	
-5.78587436337	-1647.64849836	
-5.78689738137	-1647.64849264	
-5.78791935386	-1647.6484869	
-5.788940283	-1647.64848113	
-5.7899601709	-1647.64847534	
-5.79097901969	-1647.64846953	
-5.79199683148	-1647.64846369	
-5.79301360838	-1647.64845783	
-5.7940293525	-1647.64845195	
-5.79504406593	-1647.64844605	
-5.79605775077	-1647.64844012	
-5.79707040908	-1647.64843417	
-5.79808204295	-1647.6484282	
-5.79909265446	-1647.64842221	
-5.80010224566	-1647.6484162	
-5.80111081862	-1647.64841016	
-5.80211837538	-1647.6484041	
-5.80312491799	-1647.64839803	
-5.80413044849	-1647.64839193	
-5.80513496892	-1647.64838581	
-5.80613848129	-1647.64837967	
-5.80714098764	-1647.6483735	
-5.80814248998	-1647.64836732	
-5.80914299031	-1647.64836112	
