#Site	lnL	
0	-4.42510598128
1	-4.83306789418
2	-12.0610808858
3	-4.44325626315
4	-4.36537675626
5	-16.9142143196
6	-4.90767032298
7	-4.36537675626
8	-11.2721105078
9	-4.42510598128
10	-4.65606306928
11	-14.4371926905
12	-4.44325626315
13	-4.83306789418
14	-10.1654410677
15	-4.44325626315
16	-4.83306789418
17	-8.09161432195
18	-4.73218991215
19	-4.36537675626
20	-12.1401825036
21	-4.42510598128
22	-4.65606306928
23	-10.3776804417
24	-4.42510598128
25	-23.828191691
26	-13.7632922756
27	-4.73218991215
28	-4.36537675626
29	-20.8029392176
30	-4.90767032298
31	-4.36537675626
32	-8.09161432195
33	-4.73218991215
34	-4.65606306928
35	-6.84933448232
36	-4.90767032298
37	-4.83306789418
38	-6.84933448232
39	-4.44325626315
40	-14.4256429515
41	-6.84933448232
42	-4.42510598128
43	-4.39128520739
44	-11.9238143209
45	-4.42510598128
46	-4.39128520739
47	-7.91102989574
48	-4.90767032298
49	-4.39128520739
50	-10.5334416991
51	-4.42510598128
52	-4.65606306928
53	-11.8069021566
54	-4.73218991215
55	-4.65606306928
56	-11.7324005687
57	-4.44325626315
58	-4.65606306928
59	-8.09161432195
60	-4.90767032298
61	-4.36537675626
62	-11.8069021566
63	-4.44325626315
64	-4.36537675626
65	-20.4315406533
66	-4.73218991215
67	-4.36537675626
68	-19.1103622942
69	-4.73218991215
70	-4.65606306928
71	-8.01865878483
72	-4.44325626315
73	-4.36537675626
74	-11.3024414818
75	-10.8796598444
76	-4.36537675626
77	-11.4349736674
78	-4.42510598128
79	-4.39128520739
80	-7.91102989574
81	-4.90767032298
82	-4.83306789418
83	-9.54550093023
84	-4.42510598128
85	-4.83306789418
86	-12.1050018891
87	-4.44325626315
88	-4.65606306928
89	-10.786509195
90	-10.4296667935
91	-4.39128520739
92	-11.3878482836
93	-4.42510598128
94	-4.36537675626
95	-6.58029171069
96	-4.42510598128
97	-4.36537675626
98	-11.8646798016
99	-4.90767032298
100	-4.39128520739
101	-6.84933448232
102	-4.42510598128
103	-4.36537675626
104	-15.3475367986
105	-4.90767032298
106	-4.83306789418
107	-13.1437646976
108	-4.90767032298
109	-4.36537675626
110	-8.74451720562
111	-4.90767032298
112	-4.65606306928
113	-9.63617021455
114	-4.42510598128
115	-4.65606306928
116	-6.84933448232
117	-4.42510598128
118	-4.39128520739
119	-11.2721105078
120	-4.90767032298
121	-4.83306789418
122	-6.58029171069
123	-4.90767032298
124	-4.65606306928
125	-12.522358544
126	-4.44325626315
127	-4.39128520739
128	-6.84933448232
129	-4.73218991215
130	-4.83306789418
131	-11.1433511327
132	-4.44325626315
133	-4.36537675626
134	-10.629575585
135	-4.42510598128
136	-4.65606306928
137	-13.9852625027
138	-4.73218991215
139	-4.39128520739
140	-6.58029171069
141	-4.90767032298
142	-4.83306789418
143	-10.6411409518
144	-10.7197844523
145	-4.39128520739
146	-13.6135637802
147	-10.5008679281
148	-4.39128520739
149	-10.4900757862
150	-4.73218991215
151	-4.83306789418
152	-6.58029171069
153	-4.44325626315
154	-4.39128520739
155	-9.80781068717
156	-4.42510598128
157	-4.36537675626
158	-11.2553436382
159	-4.42510598128
160	-4.65606306928
161	-10.1650666079
162	-4.90767032298
163	-4.39128520739
164	-8.09161432195
165	-4.44325626315
166	-4.83306789418
167	-11.6598539043
168	-4.90767032298
169	-4.65606306928
170	-13.2161968582
171	-4.44325626315
172	-4.39128520739
173	-6.84933448232
174	-4.90767032298
175	-4.36537675626
176	-12.8860041542
177	-4.42510598128
178	-4.83306789418
179	-6.58029171069
180	-4.44325626315
181	-4.65606306928
182	-8.01865878483
183	-4.90767032298
184	-4.65606306928
185	-6.58029171069
186	-4.73218991215
187	-4.39128520739
188	-13.3443860948
189	-4.90767032298
190	-4.65606306928
191	-15.2347338756
192	-4.73218991215
193	-4.65606306928
194	-9.80781068717
195	-4.42510598128
196	-4.36537675626
197	-10.786509195
198	-4.42510598128
199	-4.39128520739
200	-13.6315240898
201	-4.73218991215
202	-4.83306789418
203	-6.58029171069
204	-4.73218991215
205	-4.39128520739
206	-9.39544524764
207	-4.44325626315
208	-4.39128520739
209	-6.84933448232
210	-4.90767032298
211	-4.39128520739
212	-11.9032250137
213	-4.42510598128
214	-4.36537675626
215	-22.881916691
216	-4.90767032298
217	-4.65606306928
218	-15.4533997606
219	-4.73218991215
220	-4.39128520739
221	-6.58029171069
222	-4.73218991215
223	-4.36537675626
224	-6.58029171069
225	-4.42510598128
226	-4.65606306928
227	-7.91102989574
228	-4.73218991215
229	-4.83306789418
230	-11.0909678101
231	-4.44325626315
232	-4.65606306928
233	-6.84933448232
234	-4.42510598128
235	-4.65606306928
236	-6.58029171069
237	-4.90767032298
238	-4.39128520739
239	-17.4159377628
240	-4.90767032298
241	-4.65606306928
242	-11.3878482836
243	-4.90767032298
244	-4.36537675626
245	-11.4349736674
246	-4.44325626315
247	-4.36537675626
248	-6.84933448232
249	-4.44325626315
250	-4.65606306928
251	-12.207034034
252	-13.1782705159
253	-4.39128520739
254	-13.3565617529
255	-4.42510598128
256	-10.8211356712
257	-15.3374689703
258	-4.42510598128
259	-4.36537675626
260	-9.31010793721
261	-4.42510598128
262	-4.65606306928
263	-19.1198070707
264	-4.42510598128
265	-4.83306789418
266	-6.84933448232
267	-4.42510598128
268	-4.83306789418
269	-8.09161432195
270	-4.44325626315
271	-4.83306789418
272	-9.63617021455
273	-4.90767032298
274	-4.83306789418
275	-10.1650666079
276	-4.73218991215
277	-4.39128520739
278	-6.58029171069
279	-4.44325626315
280	-4.36537675626
281	-14.9111800386
282	-4.44325626315
283	-4.39128520739
284	-12.568973256
285	-4.73218991215
286	-4.83306789418
287	-10.5334416991
288	-4.90767032298
289	-4.39128520739
290	-6.58029171069
291	-4.42510598128
292	-4.39128520739
293	-11.089396686
294	-4.90767032298
295	-4.36537675626
296	-19.8927243052
297	-4.44325626315
298	-4.39128520739
299	-12.4335042883
300	-4.44325626315
301	-4.65606306928
302	-18.6483005616
303	-4.90767032298
304	-4.36537675626
305	-6.58029171069
306	-4.42510598128
307	-4.36537675626
308	-8.42868329759
309	-4.44325626315
310	-4.65606306928
311	-11.8971835922
312	-4.73218991215
313	-4.36537675626
314	-14.2046101021
315	-4.44325626315
316	-4.65606306928
317	-12.0339815659
318	-4.90767032298
319	-4.65606306928
320	-11.6906234136
321	-4.42510598128
322	-4.39128520739
323	-8.01865878483
324	-4.90767032298
325	-4.83306789418
326	-9.63617021455
327	-4.90767032298
328	-4.65606306928
329	-10.5334416991
330	-4.44325626315
331	-4.39128520739
332	-10.5334416991
333	-10.8796598444
334	-4.83306789418
335	-6.58029171069
336	-4.42510598128
337	-4.39128520739
338	-11.3265830738
339	-4.90767032298
340	-4.39128520739
341	-6.58029171069
342	-4.73218991215
343	-4.39128520739
344	-11.9803625711
345	-4.73218991215
346	-4.39128520739
347	-15.698368838
348	-4.90767032298
349	-4.83306789418
350	-13.1409470129
351	-4.42510598128
352	-4.65606306928
353	-11.5904253601
354	-4.73218991215
355	-4.83306789418
356	-6.58029171069
357	-4.90767032298
358	-4.36537675626
359	-9.39185735402
360	-4.90767032298
361	-4.39128520739
362	-6.84933448232
363	-4.42510598128
364	-4.65606306928
365	-11.0015508571
366	-4.42510598128
367	-4.36537675626
368	-10.786509195
369	-4.42510598128
370	-4.36537675626
371	-14.5070663534
372	-4.73218991215
373	-4.65606306928
374	-17.3453417622
375	-10.3422451049
376	-4.65606306928
377	-8.01865878483
378	-4.90767032298
379	-4.65606306928
380	-13.4091240843
381	-4.73218991215
382	-4.39128520739
383	-10.8172552382
384	-21.1653241263
385	-4.39128520739
386	-9.28526528614
387	-4.44325626315
388	-4.39128520739
389	-17.1603871816
390	-4.44325626315
391	-4.39128520739
392	-8.83576364114
393	-4.90767032298
394	-4.39128520739
395	-7.91102989574
396	-4.44325626315
397	-4.39128520739
398	-6.58029171069
399	-4.42510598128
400	-4.39128520739
401	-13.4894155677
402	-4.44325626315
403	-4.39128520739
404	-13.671711107
405	-4.73218991215
406	-4.36537675626
407	-12.1059264607
408	-4.44325626315
409	-4.39128520739
410	-15.728238827
411	-4.44325626315
412	-4.65606306928
413	-9.39185735402
414	-4.73218991215
415	-4.65606306928
416	-9.63617021455
417	-4.73218991215
418	-4.65606306928
419	-11.3616607402
420	-10.5008679281
421	-11.2451620281
422	-9.80781068717
423	-4.90767032298
424	-4.39128520739
425	-14.7472795653
426	-4.73218991215
427	-12.7230633433
428	-13.8365373714
429	-4.90767032298
430	-4.39128520739
431	-6.84933448232
432	-4.44325626315
433	-4.36537675626
434	-11.3024414818
435	-14.9798636572
436	-4.36537675626
437	-8.01865878483
438	-4.42510598128
439	-4.36537675626
440	-13.406723544
441	-4.73218991215
442	-4.65606306928
443	-9.0458608351
444	-4.90767032298
445	-4.39128520739
446	-11.3991969381
447	-4.42510598128
448	-4.83306789418
449	-6.84933448232
450	-4.42510598128
451	-4.39128520739
452	-8.42868329759
453	-4.42510598128
454	-4.65606306928
455	-6.84933448232
456	-15.8213495034
457	-4.39128520739
458	-8.09161432195
459	-4.42510598128
460	-4.36537675626
461	-15.9181763275
462	-4.73218991215
463	-4.39128520739
464	-10.3784820549
465	-4.73218991215
466	-4.39128520739
467	-7.95296956708
468	-4.73218991215
469	-4.39128520739
470	-8.83576364114
471	-4.73218991215
472	-4.65606306928
473	-6.84933448232
474	-4.44325626315
475	-4.83306789418
476	-12.4352051871
477	-4.44325626315
478	-4.39128520739
479	-6.58029171069
480	-4.90767032298
481	-4.39128520739
482	-11.0319709829
483	-4.73218991215
484	-4.36537675626
485	-9.80781068717
486	-4.44325626315
487	-4.83306789418
488	-17.6459280413
