# log_p 	 lnL 	 
0.0	-1717.32416549	
-0.287682072452	-1717.2945044	
-0.510825623766	-1717.2580152	
-0.69314718056	-1717.21366255	
-0.847297860387	-1717.16274942	
-0.980829253012	-1717.10661173	
-1.09861228867	-1717.04625012	
-1.20397280433	-1716.98247194	
-1.29928298413	-1716.9160322	
-1.38629436112	-1716.84768762	
-1.46633706879	-1716.77819194	
-1.54044504095	-1716.70826852	
-1.60943791243	-1716.63858205	
-1.67397643357	-1716.56971843	
-1.73460105539	-1716.50217427	
-1.79175946923	-1716.43635475	
-1.8458266905	-1716.37257726	
-1.89711998489	-1716.31107876	
-1.94591014906	-1716.25202516	
-1.99243016469	-1716.19552136	
-2.03688192726	-1716.14162118	
-2.07944154168	-1716.09033671	
-2.1202635362	-1716.04164673	
-2.15948424935	-1715.99550409	
-2.19722457734	-1715.95184212	
-2.23359222151	-1715.91057988	
-2.26868354132	-1715.87162666	
-2.30258509299	-1715.83488555	
-2.33537491582	-1715.80025629	
-2.36712361413	-1715.76763754	
-2.3978952728	-1715.73692866	
-2.42774823595	-1715.70803095	
-2.45673577282	-1715.68084868	
-2.48490664979	-1715.65528969	
-2.51230562398	-1715.63126591	
-2.53897387106	-1715.60869358	
-2.56494935746	-1715.58749335	
-2.59026716545	-1715.56759038	
-2.61495977804	-1715.54891419	
-2.63905732962	-1715.5313986	
-2.66258782703	-1715.51498154	
-2.68557734525	-1715.49960485	
-2.7080502011	-1715.4852141	
-2.73002910782	-1715.47175837	
-2.75153531304	-1715.45919002	
-2.77258872224	-1715.44746447	
-2.79320800944	-1715.43654001	
-2.81341071676	-1715.42637757	
-2.83321334406	-1715.41694056	
-2.85263142991	-1715.40819466	
-2.87167962488	-1715.40010767	
-2.8903717579	-1715.39264932	
-2.90872089656	-1715.38579118	
-2.92673940207	-1715.37950645	
-2.94443897917	-1715.37376989	
-2.96183072188	-1715.36855766	
-2.97892515524	-1715.36384727	
-2.99573227355	-1715.35961742	
-3.01226157551	-1715.35584793	
-3.02852209638	-1715.3525197	
-3.04452243772	-1715.34961456	
-3.06027079469	-1715.34711526	
-3.07577498123	-1715.3450054	
-3.09104245336	-1715.34326933	
-3.10608033072	-1715.34189214	
-3.12089541651	-1715.34085962	
-3.13549421593	-1715.34015816	
-3.14988295338	-1715.33977478	
-3.16406758837	-1715.33969704	
-3.17805383035	-1715.33991302	
-3.19184715248	-1715.34041131	
-3.20545280454	-1715.34118096	
-3.21887582487	-1715.34221146	
-3.23212105162	-1715.34349271	
-3.24519313319	-1715.34501503	
-3.25809653802	-1715.34676907	
-3.2708355638	-1715.34874588	
-3.28341434601	-1715.35093681	
-3.295836866	-1715.35333357	
-3.3081069586	-1715.35592813	
-3.32022831913	-1715.3587128	
-3.33220451018	-1715.36168013	
-3.34403896782	-1715.36482295	
-3.35573500759	-1715.36813436	
-3.36729582999	-1715.37160768	
-3.37872452581	-1715.37523649	
-3.39002408106	-1715.37901458	
-3.40119738166	-1715.38293594	
-3.41224721785	-1715.3869948	
-3.42317628838	-1715.39118558	
-3.43398720449	-1715.39550287	
-3.4446824936	-1715.39994147	
-3.45526460293	-1715.40449635	
-3.4657359028	-1715.40916265	
-3.47609868984	-1715.41393567	
-3.48635519	-1715.41881088	
-3.49650756147	-1715.4237839	
-3.50655789732	-1715.4288505	
-3.51650822817	-1715.43400657	
-3.52636052462	-1715.43924819	
-3.53611669956	-1715.44457151	
-3.54577861047	-1715.44997286	
-3.55534806149	-1715.45544868	
-3.56482680544	-1715.46099551	
-3.57421654579	-1715.46661002	
-3.58351893846	-1715.47228902	
-3.59273559356	-1715.47802938	
-3.60186807712	-1715.4838281	
-3.61091791264	-1715.48968229	
-3.61988658263	-1715.49558915	
-3.62877553004	-1715.50154597	
-3.63758615973	-1715.50755014	
-3.6463198397	-1715.51359913	
-3.65497790244	-1715.5196905	
-3.66356164613	-1715.52582191	
-3.6720723358	-1715.53199107	
-3.68051120444	-1715.5381958	
-3.68887945411	-1715.54443396	
-3.69717825693	-1715.55070352	
-3.70540875607	-1715.55700251	
-3.7135720667	-1715.56332901	
-3.72166927694	-1715.56968118	
-3.72970144863	-1715.57605725	
-3.73766961828	-1715.5824555	
-3.74557479779	-1715.58887429	
-3.75341797525	-1715.59531201	
-3.76120011569	-1715.60176713	
-3.76892216179	-1715.60823817	
-3.77658503453	-1715.61472369	
-3.78418963392	-1715.62122231	
-3.79173683955	-1715.62773271	
-3.79922751128	-1715.6342536	
-3.80666248977	-1715.64078375	
-3.81404259707	-1715.64732198	
-3.82136863716	-1715.65386712	
-3.82864139649	-1715.66041808	
-3.83586164446	-1715.6669738	
-3.84303013394	-1715.67353324	
-3.85014760171	-1715.68009543	
-3.85721476893	-1715.68665942	
-3.86423234159	-1715.6932243	
-3.87120101091	-1715.69978918	
-3.87812145375	-1715.70635322	
-3.88499433304	-1715.71291562	
-3.89182029811	-1715.71947559	
-3.8985999851	-1715.72603237	
-3.90533401728	-1715.73258526	
-3.91202300543	-1715.73913356	
-3.91866754815	-1715.74567661	
-3.92526823218	-1715.75221376	
-3.93182563272	-1715.75874441	
-3.93834031375	-1715.76526797	
-3.94481282825	-1715.77178388	
-3.95124371858	-1715.77829159	
-3.95763351668	-1715.7847906	
-3.96398274436	-1715.79128041	
-3.97029191355	-1715.79776055	
-3.97656152657	-1715.80423056	
-3.98279207632	-1715.81069	
-3.98898404656	-1715.81713848	
-3.99513791214	-1715.82357559	
-4.00125413916	-1715.83000095	
-4.00733318523	-1715.83641421	
-4.01337549969	-1715.84281502	
-4.01938152375	-1715.84920306	
-4.02535169074	-1715.85557801	
-4.03128642625	-1715.86193958	
-4.03718614838	-1715.86828749	
-4.04305126783	-1715.87462146	
-4.04888218815	-1715.88094126	
-4.05467930583	-1715.88724663	
-4.06044301055	-1715.89353734	
-4.06617368526	-1715.8998132	
-4.07187170637	-1715.90607398	
-4.07753744391	-1715.9123195	
-4.08317126162	-1715.91854958	
-4.08877351717	-1715.92476404	
-4.09434456222	-1715.93096274	
-4.0998847426	-1715.93714551	
-4.10539439841	-1715.94331222	
-4.11087386417	-1715.94946274	
-4.11632346894	-1715.95559694	
-4.12174353641	-1715.96171472	
-4.12713438505	-1715.96781596	
-4.13249632819	-1715.97390058	
-4.13782967416	-1715.97996848	
-4.14313472639	-1715.98601958	
-4.14841178349	-1715.99205381	
-4.15366113938	-1715.9980711	
-4.15888308336	-1716.00407139	
-4.16407790024	-1716.01005463	
-4.1692458704	-1716.01602076	
-4.1743872699	-1716.02196975	
-4.17950237056	-1716.02790156	
-4.18459144007	-1716.03381616	
-4.18965474203	-1716.03971353	
-4.19469253606	-1716.04559364	
-4.19970507788	-1716.05145648	
-4.20469261939	-1716.05730205	
-4.20965540873	-1716.06313032	
-4.21459369037	-1716.06894131	
-4.21950770518	-1716.07473502	
-4.22439769047	-1716.08051145	
-4.22926388012	-1716.08627062	
-4.2341065046	-1716.09201254	
-4.23892579103	-1716.09773722	
-4.2437219633	-1716.1034447	
-4.24849524205	-1716.10913499	
-4.25324584481	-1716.11480812	
-4.257973986	-1716.12046413	
-4.26267987704	-1716.12610305	
-4.26736372635	-1716.13172491	
-4.27202573946	-1716.13732976	
-4.27666611902	-1716.14291764	
-4.28128506487	-1716.14848859	
-4.28588277412	-1716.15404266	
-4.29045944115	-1716.15957991	
-4.29501525768	-1716.16510037	
-4.29955041285	-1716.1706041	
-4.3040650932	-1716.17609117	
-4.30855948279	-1716.18156162	
-4.31303376319	-1716.18701552	
-4.31748811354	-1716.19245292	
-4.3219227106	-1716.19787389	
-4.32633772881	-1716.2032785	
-4.33073334029	-1716.2086668	
-4.33510971489	-1716.21403886	
-4.33946702026	-1716.21939476	
-4.34380542185	-1716.22473455	
-4.348125083	-1716.23005832	
-4.3524261649	-1716.23536613	
-4.35670882669	-1716.24065805	
-4.36097322548	-1716.24593415	
-4.36521951636	-1716.25119452	
-4.36944785247	-1716.25643922	
-4.373658385	-1716.26166834	
-4.37785126326	-1716.26688194	
-4.38202663467	-1716.2720801	
-4.38618464482	-1716.2772629	
-4.39032543749	-1716.28243043	
-4.39444915467	-1716.28758275	
-4.39855593663	-1716.29271995	
-4.40264592188	-1716.2978421	
-4.40671924726	-1716.3029493	
-4.41077604796	-1716.3080416	
-4.4148164575	-1716.31311911	
-4.4188406078	-1716.3181819	
-4.42284862919	-1716.32323004	
-4.42684065046	-1716.32826363	
-4.43081679884	-1716.33328273	
-4.43477720006	-1716.33828745	
-4.43872197835	-1716.34327785	
-4.44265125649	-1716.34825401	
-4.44656515581	-1716.35321603	
-4.45046379623	-1716.35816398	
-4.45434729625	-1716.36309794	
-4.45821577303	-1716.368018	
-4.46206934235	-1716.37292424	
-4.46590811865	-1716.37781673	
-4.46973221509	-1716.38269557	
-4.47354174351	-1716.38756083	
-4.47733681448	-1716.3924126	
-4.48111753732	-1716.39725095	
-4.48488402011	-1716.40207598	
-4.48863636973	-1716.40688775	
-4.49237469184	-1716.41168635	
-4.49609909093	-1716.41647186	
-4.49980967033	-1716.42124436	
-4.50350653221	-1716.42600394	
-4.50718977763	-1716.43075066	
-4.51085950652	-1716.43548462	
-4.51451581772	-1716.44020588	
-4.518158809	-1716.44491454	
-4.52178857705	-1716.44961066	
-4.52540521752	-1716.45429434	
-4.52900882502	-1716.45896563	
-4.53259949315	-1716.46362463	
-4.5361773145	-1716.46827141	
-4.53974238067	-1716.47290605	
-4.54329478227	-1716.47752862	
-4.54683460898	-1716.4821392	
-4.55036194949	-1716.48673787	
-4.5538768916	-1716.4913247	
-4.55737952215	-1716.49589977	
-4.56086992709	-1716.50046315	
-4.56434819147	-1716.50501491	
-4.56781439944	-1716.50955514	
-4.57126863431	-1716.5140839	
-4.5747109785	-1716.51860127	
-4.5781415136	-1716.52310731	
-4.58156032035	-1716.52760211	
-4.58496747867	-1716.53208573	
-4.58836306767	-1716.53655825	
-4.59174716566	-1716.54101973	
-4.59511985013	-1716.54547025	
-4.59848119784	-1716.54990988	
-4.60183128472	-1716.55433868	
-4.60517018599	-1716.55875673	
-4.60849797608	-1716.56316409	
-4.61181472871	-1716.56756083	
-4.61512051684	-1716.57194702	
-4.61841541274	-1716.57632273	
-4.62169948794	-1716.58068802	
-4.62497281328	-1716.58504297	
-4.62823545892	-1716.58938762	
-4.63148749431	-1716.59372206	
-4.63472898823	-1716.59804635	
-4.63796000881	-1716.60236054	
-4.64118062351	-1716.60666471	
-4.64439089914	-1716.61095892	
-4.64759090187	-1716.61524322	
-4.65078069724	-1716.6195177	
-4.65396035016	-1716.62378239	
-4.65712992492	-1716.62803737	
-4.66028948521	-1716.6322827	
-4.66343909411	-1716.63651844	
-4.66657881412	-1716.64074465	
-4.66970870713	-1716.64496139	
-4.67282883446	-1716.64916871	
-4.67593925688	-1716.65336669	
-4.67904003455	-1716.65755536	
-4.68213122712	-1716.6617348	
-4.68521289366	-1716.66590506	
-4.6882850927	-1716.6700662	
-4.69134788223	-1716.67421827	
-4.69440131972	-1716.67836133	
-4.6974454621	-1716.68249544	
-4.70048036579	-1716.68662064	
-4.70350608671	-1716.69073701	
-4.70652268025	-1716.69484458	
-4.70953020131	-1716.69894341	
-4.71252870431	-1716.70303357	
-4.71551824316	-1716.70711509	
-4.7184988713	-1716.71118803	
-4.72147064168	-1716.71525245	
-4.72443360681	-1716.71930839	
-4.72738781871	-1716.72335591	
-4.73033332894	-1716.72739506	
-4.73327018862	-1716.73142589	
-4.73619844839	-1716.73544844	
-4.7391181585	-1716.73946277	
-4.74202936871	-1716.74346893	
-4.74493212836	-1716.74746697	
-4.74782648639	-1716.75145692	
-4.75071249128	-1716.75543885	
-4.75359019111	-1716.7594128	
-4.75645963353	-1716.76337882	
-4.75932086582	-1716.76733694	
-4.7621739348	-1716.77128723	
-4.76501888693	-1716.77522972	
-4.76785576827	-1716.77916446	
-4.77068462447	-1716.78309149	
-4.77350550081	-1716.78701087	
-4.77631844218	-1716.79092263	
-4.77912349311	-1716.79482682	
-4.78192069773	-1716.79872347	
-4.78471009982	-1716.80261265	
-4.78749174278	-1716.80649438	
-4.79026566966	-1716.81036871	
-4.79303192316	-1716.81423568	
-4.7957905456	-1716.81809534	
-4.79854157897	-1716.82194772	
-4.80128506491	-1716.82579287	
-4.80402104473	-1716.82963082	
-4.80674955939	-1716.83346162	
-4.8094706495	-1716.83728531	
-4.81218435537	-1716.84110193	
-4.81489071697	-1716.84491151	
-4.81758977394	-1716.84871409	
-4.82028156561	-1716.85250972	
-4.82296613098	-1716.85629842	
-4.82564350875	-1716.86008025	
-4.8283137373	-1716.86385523	
-4.83097685472	-1716.86762341	
-4.83363289878	-1716.87138482	
-4.83628190695	-1716.87513949	
-4.83892391641	-1716.87888747	
-4.84155896405	-1716.88262879	
-4.84418708646	-1716.88636348	
-4.84680831994	-1716.89009159	
-4.84942270051	-1716.89381313	
-4.85203026392	-1716.89752816	
-4.85463104562	-1716.9012367	
-4.8572250808	-1716.9049388	
-4.85981240436	-1716.90863447	
-4.86239305096	-1716.91232376	
-4.86496705495	-1716.9160067	
-4.86753445046	-1716.91968332	
-4.87009527132	-1716.92335365	
-4.87264955112	-1716.92701773	
-4.8751973232	-1716.93067559	
-4.87773862063	-1716.93432727	
-4.88027347623	-1716.93797278	
-4.88280192259	-1716.94161217	
-4.88532399202	-1716.94524546	
-4.88783971662	-1716.94887269	
-4.89034912822	-1716.95249388	
-4.89285225844	-1716.95610907	
-4.89534913864	-1716.95971829	
-4.89783979995	-1716.96332156	
-4.90032427328	-1716.96691891	
-4.90280258929	-1716.97051038	
-4.90527477844	-1716.974096	
-4.90774087093	-1716.97767578	
-4.91020089677	-1716.98124977	
-4.91265488574	-1716.98481798	
-4.91510286737	-1716.98838045	
-4.91754487103	-1716.9919372	
-4.91998092583	-1716.99548827	
-4.92241106068	-1716.99903367	
-4.92483530429	-1717.00257344	
-4.92725368516	-1717.0061076	
-4.92966623156	-1717.00963618	
-4.93207297159	-1717.01315921	
-4.93447393313	-1717.0166767	
-4.93686914386	-1717.0201887	
-4.93925863125	-1717.02369521	
-4.94164242261	-1717.02719628	
-4.94402054501	-1717.03069192	
-4.94639302537	-1717.03418215	
-4.94875989038	-1717.03766702	
-4.95112116656	-1717.04114652	
-4.95347688026	-1717.0446207	
-4.9558270576	-1717.04808958	
-4.95817172456	-1717.05155318	
-4.96051090691	-1717.05501152	
-4.96284463026	-1717.05846463	
-4.96517292002	-1717.06191253	
-4.96749580144	-1717.06535524	
-4.96981329958	-1717.0687928	
-4.97212543933	-1717.07222521	
-4.97443224543	-1717.0756525	
-4.97673374242	-1717.0790747	
-4.97902995468	-1717.08249183	
-4.98132090643	-1717.08590391	
-4.98360662171	-1717.08931096	
-4.98588712441	-1717.092713	
-4.98816243824	-1717.09611005	
-4.99043258678	-1717.09950214	
-4.99269759341	-1717.10288929	
-4.99495748138	-1717.10627152	
-4.99721227376	-1717.10964885	
-4.9994619935	-1717.11302129	
-5.00170666335	-1717.11638888	
-5.00394630595	-1717.11975162	
-5.00618094375	-1717.12310955	
-5.00841059907	-1717.12646268	
-5.0106352941	-1717.12981102	
-5.01285505083	-1717.13315461	
-5.01506989116	-1717.13649346	
-5.01727983681	-1717.13982758	
-5.01948490937	-1717.14315701	
-5.02168513028	-1717.14648175	
-5.02388052085	-1717.14980182	
-5.02607110223	-1717.15311726	
-5.02825689545	-1717.15642806	
-5.03043792139	-1717.15973426	
-5.03261420082	-1717.16303587	
-5.03478575433	-1717.1663329	
-5.03695260241	-1717.16962539	
-5.03911476542	-1717.17291333	
-5.04127226356	-1717.17619676	
-5.04342511692	-1717.17947569	
-5.04557334546	-1717.18275014	
-5.047716969	-1717.18602012	
-5.04985600725	-1717.18928565	
-5.05199047978	-1717.19254675	
-5.05412040604	-1717.19580344	
-5.05624580535	-1717.19905573	
-5.05836669692	-1717.20230364	
-5.06048309982	-1717.20554718	
-5.06259503303	-1717.20878638	
-5.06470251537	-1717.21202125	
-5.06680556556	-1717.2152518	
-5.06890420222	-1717.21847805	
-5.07099844382	-1717.22170001	
-5.07308830874	-1717.22491771	
-5.07517381523	-1717.22813116	
-5.07725498144	-1717.23134037	
-5.07933182538	-1717.23454537	
-5.08140436498	-1717.23774615	
-5.08347261805	-1717.24094275	
-5.08553660227	-1717.24413517	
-5.08759633523	-1717.24732343	
-5.08965183441	-1717.25050755	
-5.09170311719	-1717.25368753	
-5.09375020081	-1717.2568634	
-5.09579310244	-1717.26003517	
-5.09783183913	-1717.26320285	
-5.09986642782	-1717.26636646	
-5.10189688537	-1717.26952601	
-5.10392322852	-1717.27268152	
-5.1059454739	-1717.275833	
-5.10796363806	-1717.27898046	
-5.10997773743	-1717.28212392	
-5.11198778836	-1717.28526339	
-5.11399380708	-1717.28839888	
-5.11599580975	-1717.29153042	
-5.11799381242	-1717.29465801	
-5.11998783102	-1717.29778166	
-5.12197788143	-1717.30090139	
-5.1239639794	-1717.30401722	
-5.12594614061	-1717.30712915	
-5.12792438062	-1717.31023719	
-5.12989871492	-1717.31334137	
-5.13186915891	-1717.31644169	
-5.13383572788	-1717.31953817	
-5.13579843705	-1717.32263082	
-5.13775730154	-1717.32571965	
-5.13971233637	-1717.32880467	
-5.1416635565	-1717.3318859	
-5.14361097679	-1717.33496335	
-5.145554612	-1717.33803703	
-5.14749447681	-1717.34110695	
-5.14943058584	-1717.34417313	
-5.15136295359	-1717.34723557	
-5.1532915945	-1717.3502943	
-5.15521652291	-1717.35334931	
-5.15713775309	-1717.35640062	
-5.15905529921	-1717.35944825	
-5.1609691754	-1717.36249221	
-5.16287939565	-1717.3655325	
-5.16478597392	-1717.36856914	
-5.16668892407	-1717.37160214	
-5.16858825987	-1717.37463151	
-5.17048399504	-1717.37765726	
-5.17237614319	-1717.38067941	
-5.17426471788	-1717.38369796	
-5.17614973257	-1717.38671292	
-5.17803120067	-1717.38972432	
-5.1799091355	-1717.39273214	
-5.18178355029	-1717.39573642	
-5.18365445823	-1717.39873715	
-5.1855218724	-1717.40173435	
-5.18738580584	-1717.40472803	
-5.18924627149	-1717.4077182	
-5.19110328224	-1717.41070487	
-5.19295685089	-1717.41368805	
-5.19480699018	-1717.41666776	
-5.19665371277	-1717.41964399	
-5.19849703127	-1717.42261676	
-5.20033695819	-1717.42558608	
-5.202173506	-1717.42855197	
-5.20400668708	-1717.43151442	
-5.20583651375	-1717.43447346	
-5.20766299828	-1717.43742909	
-5.20948615284	-1717.44038131	
-5.21130598956	-1717.44333015	
-5.21312252048	-1717.44627561	
-5.21493575761	-1717.44921769	
-5.21674571285	-1717.45215642	
-5.21855239808	-1717.45509179	
-5.22035582508	-1717.45802382	
-5.22215600558	-1717.46095252	
-5.22395295126	-1717.46387789	
-5.22574667371	-1717.46679995	
-5.22753718449	-1717.4697187	
-5.22932449506	-1717.47263416	
-5.23110861685	-1717.47554633	
-5.23288956123	-1717.47845522	
-5.23466733947	-1717.48136084	
-5.23644196283	-1717.4842632	
-5.23821344248	-1717.48716231	
-5.23998178954	-1717.49005818	
-5.24174701506	-1717.49295081	
-5.24350913005	-1717.49584022	
-5.24526814546	-1717.49872641	
-5.24702407216	-1717.50160939	
-5.24877692099	-1717.50448917	
-5.25052670271	-1717.50736576	
-5.25227342805	-1717.51023917	
-5.25401710765	-1717.5131094	
-5.25575775213	-1717.51597647	
-5.25749537203	-1717.51884038	
-5.25922997784	-1717.52170114	
-5.26096158	-1717.52455876	
-5.2626901889	-1717.52741324	
-5.26441581487	-1717.5302646	
-5.26613846818	-1717.53311285	
-5.26785815906	-1717.53595798	
-5.26957489768	-1717.53880002	
-5.27128869416	-1717.54163896	
-5.27299955856	-1717.54447481	
-5.27470750091	-1717.54730759	
-5.27641253116	-1717.5501373	
-5.27811465923	-1717.55296394	
-5.27981389498	-1717.55578753	
-5.28151024823	-1717.55860808	
-5.28320372874	-1717.56142558	
-5.28489434622	-1717.56424006	
-5.28658211033	-1717.56705151	
-5.28826703069	-1717.56985994	
-5.28994911688	-1717.57266537	
-5.2916283784	-1717.57546779	
-5.29330482472	-1717.57826722	
-5.29497846528	-1717.58106367	
-5.29664930945	-1717.58385713	
-5.29831736655	-1717.58664762	
-5.29998264587	-1717.58943515	
-5.30164515664	-1717.59221972	
-5.30330490806	-1717.59500133	
-5.30496190927	-1717.59778001	
-5.30661616936	-1717.60055575	
-5.3082676974	-1717.60332855	
-5.30991650239	-1717.60609844	
-5.3115625933	-1717.60886541	
-5.31320597904	-1717.61162947	
-5.3148466685	-1717.61439063	
-5.3164846705	-1717.6171489	
-5.31811999384	-1717.61990427	
-5.31975264727	-1717.62265677	
-5.32138263948	-1717.62540639	
-5.32300997914	-1717.62815314	
-5.32463467487	-1717.63089704	
-5.32625673524	-1717.63363807	
-5.32787616879	-1717.63637626	
-5.32949298402	-1717.63911161	
-5.33110718937	-1717.64184412	
-5.33271879327	-1717.64457381	
-5.33432780407	-1717.64730067	
-5.33593423012	-1717.65002472	
-5.3375380797	-1717.65274596	
-5.33913936107	-1717.6554644	
-5.34073808243	-1717.65818004	
-5.34233425196	-1717.66089289	
-5.3439278778	-1717.66360295	
-5.34551896803	-1717.66631024	
-5.34710753072	-1717.66901476	
-5.34869357387	-1717.67171651	
-5.35027710548	-1717.67441551	
-5.35185813348	-1717.67711175	
-5.35343666577	-1717.67980524	
-5.35501271022	-1717.682496	
-5.35658627467	-1717.68518402	
-5.3581573669	-1717.68786931	
-5.35972599468	-1717.69055188	
-5.36129216571	-1717.69323173	
-5.36285588769	-1717.69590888	
-5.36441716825	-1717.69858331	
-5.36597601502	-1717.70125505	
-5.36753243557	-1717.7039241	
-5.36908643744	-1717.70659046	
-5.37063802813	-1717.70925414	
-5.37218721511	-1717.71191514	
-5.37373400583	-1717.71457348	
-5.37527840768	-1717.71722914	
-5.37682042804	-1717.71988216	
-5.37836007422	-1717.72253251	
-5.37989735354	-1717.72518023	
-5.38143227326	-1717.7278253	
-5.38296484061	-1717.73046773	
-5.38449506279	-1717.73310753	
-5.38602294697	-1717.73574471	
-5.38754850028	-1717.73837927	
-5.38907172982	-1717.74101122	
-5.39059264266	-1717.74364056	
-5.39211124583	-1717.7462673	
-5.39362754635	-1717.74889144	
-5.39514155118	-1717.75151298	
-5.39665326727	-1717.75413194	
-5.39816270152	-1717.75674832	
-5.39966986081	-1717.75936212	
-5.40117475199	-1717.76197336	
-5.40267738187	-1717.76458202	
-5.40417775725	-1717.76718813	
-5.40567588487	-1717.76979168	
-5.40717177146	-1717.77239269	
-5.40866542372	-1717.77499115	
-5.4101568483	-1717.77758707	
-5.41164605186	-1717.78018045	
-5.41313304098	-1717.78277131	
-5.41461782224	-1717.78535964	
-5.4161004022	-1717.78794545	
-5.41758078737	-1717.79052875	
-5.41905898424	-1717.79310955	
-5.42053499927	-1717.79568783	
-5.42200883889	-1717.79826362	
-5.4234805095	-1717.80083692	
-5.42495001748	-1717.80340772	
-5.42641736918	-1717.80597605	
-5.4278825709	-1717.80854189	
-5.42934562895	-1717.81110526	
-5.43080654959	-1717.81366616	
-5.43226533906	-1717.8162246	
-5.43372200355	-1717.81878058	
-5.43517654927	-1717.8213341	
-5.43662898235	-1717.82388517	
-5.43807930892	-1717.8264338	
-5.4395275351	-1717.82897999	
-5.44097366695	-1717.83152374	
-5.44241771052	-1717.83406506	
-5.44385967184	-1717.83660396	
-5.4452995569	-1717.83914043	
-5.44673737167	-1717.84167449	
-5.44817312209	-1717.84420613	
-5.44960681409	-1717.84673537	
-5.45103845357	-1717.8492622	
-5.45246804638	-1717.85178664	
-5.45389559837	-1717.85430868	
-5.45532111536	-1717.85682833	
-5.45674460314	-1717.8593456	
-5.45816606749	-1717.86186049	
-5.45958551414	-1717.864373	
-5.46100294883	-1717.86688314	
-5.46241837723	-1717.86939092	
-5.46383180503	-1717.87189633	
-5.46524323786	-1717.87439939	
-5.46665268137	-1717.87690009	
-5.46806014114	-1717.87939844	
-5.46946562274	-1717.88189445	
-5.47086913175	-1717.88438812	
-5.47227067367	-1717.88687945	
-5.47367025403	-1717.88936845	
-5.47506787829	-1717.89185512	
-5.47646355193	-1717.89433947	
-5.47785728038	-1717.8968215	
-5.47924906905	-1717.89930122	
-5.48063892334	-1717.90177863	
-5.48202684862	-1717.90425373	
-5.48341285022	-1717.90672653	
-5.48479693349	-1717.90919703	
-5.48617910372	-1717.91166524	
-5.48755936619	-1717.91413115	
-5.48893772616	-1717.91659479	
-5.49031418887	-1717.91905614	
-5.49168875953	-1717.92151522	
-5.49306144334	-1717.92397202	
-5.49443224547	-1717.92642656	
-5.49580117108	-1717.92887883	
-5.49716822529	-1717.93132884	
-5.49853341322	-1717.9337766	
-5.49989673995	-1717.9362221	
-5.50125821054	-1717.93866536	
-5.50261783006	-1717.94110637	
-5.50397560352	-1717.94354514	
-5.50533153593	-1717.94598167	
-5.50668563228	-1717.94841597	
-5.50803789753	-1717.95084805	
-5.50938833663	-1717.9532779	
-5.5107369545	-1717.95570553	
-5.51208375605	-1717.95813094	
-5.51342874616	-1717.96055414	
-5.51477192971	-1717.96297513	
-5.51611331154	-1717.96539392	
-5.51745289646	-1717.96781051	
-5.51879068931	-1717.9702249	
-5.52012669485	-1717.97263709	
-5.52146091786	-1717.9750471	
-5.5227933631	-1717.97745492	
-5.52412403528	-1717.97986056	
-5.52545293913	-1717.98226402	
-5.52678007934	-1717.98466531	
-5.52810546058	-1717.98706442	
-5.52942908751	-1717.98946137	
-5.53075096477	-1717.99185616	
-5.53207109697	-1717.99424879	
-5.53338948873	-1717.99663926	
-5.53470614461	-1717.99902758	
-5.53602106919	-1718.00141375	
-5.53733426702	-1718.00379778	
-5.53864574262	-1718.00617967	
-5.5399555005	-1718.00855942	
-5.54126354516	-1718.01093703	
-5.54256988107	-1718.01331252	
-5.5438745127	-1718.01568588	
-5.54517744448	-1718.01805712	
-5.54647868084	-1718.02042624	
-5.54777822618	-1718.02279324	
-5.5490760849	-1718.02515813	
-5.55037226136	-1718.02752091	
-5.55166675992	-1718.02988159	
-5.55295958492	-1718.03224017	
-5.55425074069	-1718.03459664	
-5.55554023152	-1718.03695103	
-5.5568280617	-1718.03930332	
-5.55811423551	-1718.04165353	
-5.5593987572	-1718.04400165	
-5.56068163102	-1718.04634769	
-5.56196286117	-1718.04869166	
-5.56324245188	-1718.05103355	
-5.56452040732	-1718.05337337	
-5.56579673168	-1718.05571113	
-5.56707142911	-1718.05804682	
-5.56834450376	-1718.06038045	
-5.56961595975	-1718.06271202	
-5.57088580119	-1718.06504155	
-5.57215403218	-1718.06736902	
-5.57342065679	-1718.06969445	
-5.5746856791	-1718.07201783	
-5.57594910315	-1718.07433918	
-5.57721093297	-1718.07665848	
-5.57847117258	-1718.07897576	
-5.57972982599	-1718.081291	
-5.58098689718	-1718.08360422	
-5.58224239012	-1718.08591542	
-5.58349630878	-1718.0882246	
-5.5847486571	-1718.09053176	
-5.585999439	-1718.0928369	
-5.5872486584	-1718.09514004	
-5.5884963192	-1718.09744117	
-5.58974242528	-1718.0997403	
-5.59098698051	-1718.10203742	
-5.59222998875	-1718.10433255	
-5.59347145384	-1718.10662569	
-5.5947113796	-1718.10891683	
-5.59594976985	-1718.11120599	
-5.59718662839	-1718.11349316	
-5.598421959	-1718.11577835	
-5.59965576545	-1718.11806157	
-5.60088805149	-1718.12034281	
-5.60211882088	-1718.12262207	
-5.60334807733	-1718.12489937	
-5.60457582457	-1718.1271747	
-5.6058020663	-1718.12944807	
-5.60702680619	-1718.13171949	
-5.60825004793	-1718.13398894	
-5.60947179518	-1718.13625644	
-5.61069205159	-1718.13852199	
-5.61191082078	-1718.1407856	
-5.61312810639	-1718.14304726	
-5.61434391201	-1718.14530698	
-5.61555824124	-1718.14756476	
-5.61677109767	-1718.14982061	
-5.61798248485	-1718.15207453	
-5.61919240636	-1718.15432652	
-5.62040086572	-1718.15657658	
-5.62160786647	-1718.15882472	
-5.62281341212	-1718.16107093	
-5.62401750619	-1718.16331524	
-5.62522015215	-1718.16555763	
-5.6264213535	-1718.1677981	
-5.62762111369	-1718.17003667	
-5.62881943618	-1718.17227334	
-5.63001632442	-1718.1745081	
-5.63121178182	-1718.17674096	
-5.63240581181	-1718.17897193	
-5.6335984178	-1718.18120101	
-5.63478960317	-1718.18342819	
-5.6359793713	-1718.18565349	
-5.63716772557	-1718.1878769	
-5.63835466933	-1718.19009843	
-5.63954020593	-1718.19231808	
-5.64072433869	-1718.19453586	
-5.64190707094	-1718.19675176	
-5.64308840598	-1718.19896579	
-5.64426834712	-1718.20117795	
-5.64544689764	-1718.20338826	
-5.64662406082	-1718.20559669	
-5.64779983991	-1718.20780327	
-5.64897423816	-1718.210008	
-5.65014725882	-1718.21221087	
-5.65131890512	-1718.21441189	
-5.65248918027	-1718.21661106	
-5.65365808747	-1718.21880839	
-5.65482562993	-1718.22100387	
-5.65599181082	-1718.22319752	
-5.65715663332	-1718.22538933	
-5.65832010058	-1718.2275793	
-5.65948221576	-1718.22976745	
-5.660642982	-1718.23195376	
-5.66180240242	-1718.23413825	
-5.66296048014	-1718.23632092	
-5.66411721826	-1718.23850177	
-5.66527261989	-1718.2406808	
-5.66642668811	-1718.24285801	
-5.66757942599	-1718.24503341	
-5.6687308366	-1718.24720701	
-5.66988092298	-1718.24937879	
-5.67102968818	-1718.25154878	
-5.67217713524	-1718.25371696	
-5.67332326717	-1718.25588334	
-5.67446808699	-1718.25804793	
-5.67561159769	-1718.26021072	
-5.67675380227	-1718.26237172	
-5.6778947037	-1718.26453094	
-5.67903430497	-1718.26668837	
-5.68017260902	-1718.26884401	
-5.6813096188	-1718.27099788	
-5.68244533727	-1718.27314996	
-5.68357976734	-1718.27530028	
-5.68471291194	-1718.27744882	
-5.68584477397	-1718.27959559	
-5.68697535634	-1718.28174059	
-5.68810466194	-1718.28388383	
-5.68923269364	-1718.28602531	
-5.69035945432	-1718.28816502	
-5.69148494685	-1718.29030298	
-5.69260917406	-1718.29243919	
-5.6937321388	-1718.29457364	
-5.69485384391	-1718.29670634	
-5.69597429221	-1718.2988373	
-5.69709348651	-1718.30096651	
-5.69821142961	-1718.30309398	
-5.69932812431	-1718.30521971	
-5.70044357339	-1718.30734371	
-5.70155777963	-1718.30946597	
-5.7026707458	-1718.3115865	
-5.70378247466	-1718.31370529	
-5.70489296894	-1718.31582237	
-5.70600223139	-1718.31793771	
-5.70711026475	-1718.32005134	
-5.70821707172	-1718.32216324	
-5.70932265503	-1718.32427343	
-5.71042701737	-1718.32638191	
-5.71153016145	-1718.32848867	
-5.71263208993	-1718.33059372	
-5.71373280551	-1718.33269707	
-5.71483231084	-1718.33479871	
-5.71593060859	-1718.33689865	
-5.71702770141	-1718.33899688	
-5.71812359193	-1718.34109343	
-5.71921828279	-1718.34318827	
-5.72031177661	-1718.34528142	
-5.72140407601	-1718.34737288	
-5.72249518359	-1718.34946266	
-5.72358510195	-1718.35155075	
-5.72467383369	-1718.35363715	
-5.72576138137	-1718.35572188	
-5.72684774759	-1718.35780492	
-5.72793293489	-1718.35988629	
-5.72901694583	-1718.36196599	
-5.73009978297	-1718.36404401	
-5.73118144884	-1718.36612037	
-5.73226194598	-1718.36819506	
-5.7333412769	-1718.37026808	
-5.73441944412	-1718.37233944	
-5.73549645015	-1718.37440914	
-5.73657229748	-1718.37647719	
-5.73764698861	-1718.37854358	
-5.73872052602	-1718.38060831	
-5.73979291218	-1718.3826714	
-5.74086414956	-1718.38473283	
-5.74193424062	-1718.38679263	
-5.74300318781	-1718.38885077	
-5.74407099357	-1718.39090728	
-5.74513766034	-1718.39296215	
-5.74620319054	-1718.39501538	
-5.7472675866	-1718.39706697	
-5.74833085092	-1718.39911693	
-5.74939298591	-1718.40116527	
-5.75045399397	-1718.40321197	
-5.75151387748	-1718.40525705	
-5.75257263883	-1718.40730051	
-5.75363028038	-1718.40934234	
-5.75468680452	-1718.41138256	
-5.75574221359	-1718.41342115	
-5.75679650994	-1718.41545814	
-5.75784969593	-1718.41749351	
-5.75890177388	-1718.41952727	
-5.75995274612	-1718.42155942	
-5.76100261499	-1718.42358997	
-5.76205138278	-1718.42561892	
-5.76309905181	-1718.42764626	
-5.76414562438	-1718.429672	
-5.76519110278	-1718.43169615	
-5.7662354893	-1718.4337187	
-5.76727878622	-1718.43573966	
-5.76832099579	-1718.43775903	
-5.7693621203	-1718.43977681	
-5.770402162	-1718.441793	
-5.77144112313	-1718.44380761	
-5.77247900594	-1718.44582064	
-5.77351581267	-1718.44783209	
-5.77455154554	-1718.44984196	
-5.77558620679	-1718.45185025	
-5.77661979861	-1718.45385697	
-5.77765232322	-1718.45586212	
-5.77868378283	-1718.4578657	
-5.77971417962	-1718.45986772	
-5.78074351579	-1718.46186816	
-5.78177179352	-1718.46386705	
-5.78279901497	-1718.46586438	
-5.78382518233	-1718.46786014	
-5.78485029774	-1718.46985435	
-5.78587436337	-1718.47184701	
-5.78689738137	-1718.47383811	
-5.78791935386	-1718.47582766	
-5.788940283	-1718.47781566	
-5.7899601709	-1718.47980212	
-5.79097901969	-1718.48178703	
-5.79199683148	-1718.48377041	
-5.79301360838	-1718.48575224	
-5.7940293525	-1718.48773253	
-5.79504406593	-1718.48971129	
-5.79605775077	-1718.49168851	
-5.79707040908	-1718.4936642	
-5.79808204295	-1718.49563836	
-5.79909265446	-1718.49761099	
-5.80010224566	-1718.4995821	
-5.80111081862	-1718.50155168	
-5.80211837538	-1718.50351974	
-5.80312491799	-1718.50548628	
-5.80413044849	-1718.50745131	
-5.80513496892	-1718.50941482	
-5.80613848129	-1718.51137681	
-5.80714098764	-1718.51333729	
-5.80814248998	-1718.51529626	
-5.80914299031	-1718.51725373	
