-7.300062108584481901e-01
-5.639773525734939064e-01
-8.195218862342483757e-01
2.179271624923695416e+00
-5.590176083912805627e-01
1.966988110276185919e+00
-1.534989404969214100e+00
-4.667776810444440372e+00
-3.947860322044728587e+00
-5.661044773274308994e+00
-4.661353755698962154e+00
-3.464283728000626450e+00
-6.175284229833482463e+00
-4.675282094247338982e+00
-5.719911833037281568e+00
-4.488609320084379739e+00
-7.732967514353677352e+00
-4.747620122758513972e+00
-4.831831656994665991e+00
-4.972172392027995436e+00
