<<<<<<< HEAD
-6.759955553352615665e-01
-4.826865650104508187e-01
-7.627055971507940013e-01
2.368768545814791793e+00
1.083374629811493933e-01
2.129235090932461105e+00
2.581781871922378402e-01
-3.661042238021621209e+00
-8.847272762784694322e+00
-3.792817729249185366e+00
-4.725716656551792738e+00
-4.201423643235746574e+00
-1.206546317268536406e+01
-5.532901452890899741e+00
-6.065798382635482433e+00
-4.851138748601948159e+00
-5.861808495086263449e+00
-5.130877804004861709e+00
-5.638726632420015150e+00
-6.574817372749040878e+00
=======
-0.675947832245
-0.482707822497
-0.76273921226
2.36877608397
0.108265788963
2.12918967222
0.258152401062
-3.66120380482
-8.84713637678
-3.79254250809
-4.72563313234
-4.20124090905
-12.0653302528
-5.53293904086
-6.06588030604
-4.85126002359
-5.86170333627
-5.13084367538
-5.63882766212
-6.57484781338
>>>>>>> d3a35fbd4733e2578ee1da872cda4e739767da16
