-7.416052648339744868e-01
-5.067230309622672291e-01
-8.379642028615975624e-01
2.671849226856587656e+00
-6.177117753193777094e-01
2.449772585587564055e+00
1.858069124270619765e+00
-1.258983010621762988e+00
-4.171044810722515095e+00
-5.678219438993794554e+00
-4.141645464077829075e+00
-4.344425111525343830e+00
-6.498364449428049028e+00
-6.063214852805719701e+00
-6.043734226461698000e+00
-5.111947276686036545e+00
-6.406071472661758470e+00
-5.468892866745909132e+00
-5.461363244028875741e+00
-6.458713782941326365e+00
