-6.676376627142048825e-01
-5.031208747132209780e-01
-8.406608808811688593e-01
2.472544235533639334e+00
-8.523399837726062245e-01
2.089038360745321121e+00
1.679484231029026331e+00
-1.102701932126494810e+00
-3.733097537650045705e+00
-5.075346091847064756e+00
-4.279741336158843446e+00
-4.532112074947048264e+00
-6.104084819262072692e+00
-4.750592816051396383e+00
-6.282378990566741983e+00
-5.031981104452852627e+00
-7.865279205168122623e+00
-4.670555037605269355e+00
-5.456878799417220094e+00
-5.536536674727451590e+00
