-7.007141227506575865e-01
-5.514148741541289311e-01
-8.024808171786541600e-01
2.293661877816272732e+00
-2.010688929297163863e-01
1.820880807447770477e+00
-5.416867871339103857e-02
-3.726547909826310345e+00
-4.605170185988090914e+00
-4.605170185988090914e+00
-4.605170185988090914e+00
-4.605170185988090914e+00
-4.605170185988090914e+00
-4.605170185988090914e+00
-4.605170185988090914e+00
-4.605170185988090914e+00
-4.605170185988090914e+00
-4.605170185988090914e+00
-4.605170185988090914e+00
-4.605170185988090914e+00
