# log_p 	 lnL 	 
0.0	-1749.32499052	
-0.287682072452	-1749.32271491	
-0.510825623766	-1749.31839547	
-0.69314718056	-1749.31167745	
-0.847297860387	-1749.30259218	
-0.980829253012	-1749.29139829	
-1.09861228867	-1749.27843237	
-1.20397280433	-1749.26402642	
-1.29928298413	-1749.2484744	
-1.38629436112	-1749.23202426	
-1.46633706879	-1749.21488055	
-1.54044504095	-1749.19721049	
-1.60943791243	-1749.17915035	
-1.67397643357	-1749.16081121	
-1.73460105539	-1749.14228366	
-1.79175946923	-1749.12364179	
-1.8458266905	-1749.10494619	
-1.89711998489	-1749.08624659	
-1.94591014906	-1749.06758381	
-1.99243016469	-1749.04899141	
-2.03688192726	-1749.03049706	
-2.07944154168	-1749.01212354	
-2.1202635362	-1748.99388966	
-2.15948424935	-1748.97581098	
-2.19722457734	-1748.9579003	
-2.23359222151	-1748.94016821	
-2.26868354132	-1748.92262342	
-2.30258509299	-1748.90527309	
-2.33537491582	-1748.88812304	
-2.36712361413	-1748.871178	
-2.3978952728	-1748.85444174	
-2.42774823595	-1748.83791723	
-2.45673577282	-1748.82160672	
-2.48490664979	-1748.80551189	
-2.51230562398	-1748.78963385	
-2.53897387106	-1748.77397329	
-2.56494935746	-1748.75853045	
-2.59026716545	-1748.74330524	
-2.61495977804	-1748.72829724	
-2.63905732962	-1748.71350574	
-2.66258782703	-1748.69892976	
-2.68557734525	-1748.68456813	
-2.7080502011	-1748.67041943	
-2.73002910782	-1748.65648209	
-2.75153531304	-1748.64275436	
-2.77258872224	-1748.62923434	
-2.79320800944	-1748.61592002	
-2.81341071676	-1748.60280925	
-2.83321334406	-1748.58989978	
-2.85263142991	-1748.57718929	
-2.87167962488	-1748.56467535	
-2.8903717579	-1748.55235548	
-2.90872089656	-1748.54022714	
-2.92673940207	-1748.52828774	
-2.94443897917	-1748.51653464	
-2.96183072188	-1748.50496517	
-2.97892515524	-1748.49357663	
-2.99573227355	-1748.4823663	
-3.01226157551	-1748.47133145	
-3.02852209638	-1748.46046934	
-3.04452243772	-1748.44977721	
-3.06027079469	-1748.43925232	
-3.07577498123	-1748.42889193	
-3.09104245336	-1748.41869331	
-3.10608033072	-1748.40865372	
-3.12089541651	-1748.39877046	
-3.13549421593	-1748.38904084	
-3.14988295338	-1748.3794622	
-3.16406758837	-1748.37003188	
-3.17805383035	-1748.36074727	
-3.19184715248	-1748.35160578	
-3.20545280454	-1748.34260483	
-3.21887582487	-1748.33374191	
-3.23212105162	-1748.32501449	
-3.24519313319	-1748.31642012	
-3.25809653802	-1748.30795636	
-3.2708355638	-1748.29962081	
-3.28341434601	-1748.2914111	
-3.295836866	-1748.2833249	
-3.3081069586	-1748.27535993	
-3.32022831913	-1748.26751392	
-3.33220451018	-1748.25978465	
-3.34403896782	-1748.25216995	
-3.35573500759	-1748.24466767	
-3.36729582999	-1748.2372757	
-3.37872452581	-1748.22999197	
-3.39002408106	-1748.22281445	
-3.40119738166	-1748.21574114	
-3.41224721785	-1748.20877009	
-3.42317628838	-1748.20189937	
-3.43398720449	-1748.1951271	
-3.4446824936	-1748.18845143	
-3.45526460293	-1748.18187054	
-3.4657359028	-1748.17538265	
-3.47609868984	-1748.16898602	
-3.48635519	-1748.16267893	
-3.49650756147	-1748.15645972	
-3.50655789732	-1748.15032674	
-3.51650822817	-1748.14427838	
-3.52636052462	-1748.13831307	
-3.53611669956	-1748.13242925	
-3.54577861047	-1748.12662541	
-3.55534806149	-1748.12090007	
-3.56482680544	-1748.11525178	
-3.57421654579	-1748.10967911	
-3.58351893846	-1748.10418068	
-3.59273559356	-1748.09875511	
-3.60186807712	-1748.09340106	
-3.61091791264	-1748.08811724	
-3.61988658263	-1748.08290236	
-3.62877553004	-1748.07775515	
-3.63758615973	-1748.07267441	
-3.6463198397	-1748.06765891	
-3.65497790244	-1748.06270748	
-3.66356164613	-1748.05781898	
-3.6720723358	-1748.05299226	
-3.68051120444	-1748.04822622	
-3.68887945411	-1748.04351978	
-3.69717825693	-1748.03887188	
-3.70540875607	-1748.03428148	
-3.7135720667	-1748.02974757	
-3.72166927694	-1748.02526914	
-3.72970144863	-1748.02084523	
-3.73766961828	-1748.01647487	
-3.74557479779	-1748.01215714	
-3.75341797525	-1748.00789112	
-3.76120011569	-1748.00367591	
-3.76892216179	-1747.99951064	
-3.77658503453	-1747.99539444	
-3.78418963392	-1747.99132647	
-3.79173683955	-1747.98730592	
-3.79922751128	-1747.98333197	
-3.80666248977	-1747.97940383	
-3.81404259707	-1747.97552072	
-3.82136863716	-1747.9716819	
-3.82864139649	-1747.96788661	
-3.83586164446	-1747.96413413	
-3.84303013394	-1747.96042374	
-3.85014760171	-1747.95675475	
-3.85721476893	-1747.95312647	
-3.86423234159	-1747.94953824	
-3.87120101091	-1747.94598938	
-3.87812145375	-1747.94247927	
-3.88499433304	-1747.93900727	
-3.89182029811	-1747.93557276	
-3.8985999851	-1747.93217513	
-3.90533401728	-1747.9288138	
-3.91202300543	-1747.92548818	
-3.91866754815	-1747.9221977	
-3.92526823218	-1747.91894181	
-3.93182563272	-1747.91571995	
-3.93834031375	-1747.91253158	
-3.94481282825	-1747.90937619	
-3.95124371858	-1747.90625325	
-3.95763351668	-1747.90316226	
-3.96398274436	-1747.90010272	
-3.97029191355	-1747.89707415	
-3.97656152657	-1747.89407607	
-3.98279207632	-1747.89110801	
-3.98898404656	-1747.88816952	
-3.99513791214	-1747.88526014	
-4.00125413916	-1747.88237943	
-4.00733318523	-1747.87952696	
-4.01337549969	-1747.8767023	
-4.01938152375	-1747.87390505	
-4.02535169074	-1747.87113478	
-4.03128642625	-1747.86839111	
-4.03718614838	-1747.86567363	
-4.04305126783	-1747.86298196	
-4.04888218815	-1747.86031572	
-4.05467930583	-1747.85767454	
-4.06044301055	-1747.85505806	
-4.06617368526	-1747.85246592	
-4.07187170637	-1747.84989776	
-4.07753744391	-1747.84735325	
-4.08317126162	-1747.84483203	
-4.08877351717	-1747.8423338	
-4.09434456222	-1747.8398582	
-4.0998847426	-1747.83740493	
-4.10539439841	-1747.83497368	
-4.11087386417	-1747.83256412	
-4.11632346894	-1747.83017597	
-4.12174353641	-1747.82780892	
-4.12713438505	-1747.82546268	
-4.13249632819	-1747.82313696	
-4.13782967416	-1747.82083148	
-4.14313472639	-1747.81854597	
-4.14841178349	-1747.81628015	
-4.15366113938	-1747.81403376	
-4.15888308336	-1747.81180653	
-4.16407790024	-1747.8095982	
-4.1692458704	-1747.80740853	
-4.1743872699	-1747.80523726	
-4.17950237056	-1747.80308415	
-4.18459144007	-1747.80094895	
-4.18965474203	-1747.79883144	
-4.19469253606	-1747.79673138	
-4.19970507788	-1747.79464854	
-4.20469261939	-1747.7925827	
-4.20965540873	-1747.79053364	
-4.21459369037	-1747.78850114	
-4.21950770518	-1747.78648498	
-4.22439769047	-1747.78448497	
-4.22926388012	-1747.78250089	
-4.2341065046	-1747.78053253	
-4.23892579103	-1747.77857971	
-4.2437219633	-1747.77664223	
-4.24849524205	-1747.77471989	
-4.25324584481	-1747.7728125	
-4.257973986	-1747.77091988	
-4.26267987704	-1747.76904185	
-4.26736372635	-1747.76717822	
-4.27202573946	-1747.76532882	
-4.27666611902	-1747.76349347	
-4.28128506487	-1747.76167201	
-4.28588277412	-1747.75986426	
-4.29045944115	-1747.75807005	
-4.29501525768	-1747.75628923	
-4.29955041285	-1747.75452164	
-4.3040650932	-1747.75276711	
-4.30855948279	-1747.75102549	
-4.31303376319	-1747.74929663	
-4.31748811354	-1747.74758038	
-4.3219227106	-1747.74587658	
-4.32633772881	-1747.7441851	
-4.33073334029	-1747.74250579	
-4.33510971489	-1747.7408385	
-4.33946702026	-1747.7391831	
-4.34380542185	-1747.73753945	
-4.348125083	-1747.73590742	
-4.3524261649	-1747.73428687	
-4.35670882669	-1747.73267768	
-4.36097322548	-1747.7310797	
-4.36521951636	-1747.72949283	
-4.36944785247	-1747.72791692	
-4.373658385	-1747.72635187	
-4.37785126326	-1747.72479754	
-4.38202663467	-1747.72325382	
-4.38618464482	-1747.7217206	
-4.39032543749	-1747.72019774	
-4.39444915467	-1747.71868515	
-4.39855593663	-1747.71718271	
-4.40264592188	-1747.7156903	
-4.40671924726	-1747.71420782	
-4.41077604796	-1747.71273517	
-4.4148164575	-1747.71127222	
-4.4188406078	-1747.70981889	
-4.42284862919	-1747.70837507	
-4.42684065046	-1747.70694065	
-4.43081679884	-1747.70551554	
-4.43477720006	-1747.70409964	
-4.43872197835	-1747.70269285	
-4.44265125649	-1747.70129508	
-4.44656515581	-1747.69990622	
-4.45046379623	-1747.6985262	
-4.45434729625	-1747.69715491	
-4.45821577303	-1747.69579227	
-4.46206934235	-1747.69443818	
-4.46590811865	-1747.69309256	
-4.46973221509	-1747.69175533	
-4.47354174351	-1747.6904264	
-4.47733681448	-1747.68910567	
-4.48111753732	-1747.68779308	
-4.48488402011	-1747.68648854	
-4.48863636973	-1747.68519196	
-4.49237469184	-1747.68390327	
-4.49609909093	-1747.68262239	
-4.49980967033	-1747.68134925	
-4.50350653221	-1747.68008376	
-4.50718977763	-1747.67882585	
-4.51085950652	-1747.67757544	
-4.51451581772	-1747.67633247	
-4.518158809	-1747.67509686	
-4.52178857705	-1747.67386853	
-4.52540521752	-1747.67264743	
-4.52900882502	-1747.67143347	
-4.53259949315	-1747.67022659	
-4.5361773145	-1747.66902673	
-4.53974238067	-1747.66783381	
-4.54329478227	-1747.66664777	
-4.54683460898	-1747.66546854	
-4.55036194949	-1747.66429607	
-4.5538768916	-1747.66313028	
-4.55737952215	-1747.66197111	
-4.56086992709	-1747.66081851	
-4.56434819147	-1747.65967241	
-4.56781439944	-1747.65853275	
-4.57126863431	-1747.65739948	
-4.5747109785	-1747.65627252	
-4.5781415136	-1747.65515184	
-4.58156032035	-1747.65403736	
-4.58496747867	-1747.65292903	
-4.58836306767	-1747.6518268	
-4.59174716566	-1747.65073061	
-4.59511985013	-1747.6496404	
-4.59848119784	-1747.64855613	
-4.60183128472	-1747.64747774	
-4.60517018599	-1747.64640518	
-4.60849797608	-1747.64533839	
-4.61181472871	-1747.64427732	
-4.61512051684	-1747.64322194	
-4.61841541274	-1747.64217217	
-4.62169948794	-1747.64112798	
-4.62497281328	-1747.64008932	
-4.62823545892	-1747.63905614	
-4.63148749431	-1747.63802838	
-4.63472898823	-1747.63700601	
-4.63796000881	-1747.63598898	
-4.64118062351	-1747.63497725	
-4.64439089914	-1747.63397075	
-4.64759090187	-1747.63296947	
-4.65078069724	-1747.63197334	
-4.65396035016	-1747.63098232	
-4.65712992492	-1747.62999637	
-4.66028948521	-1747.62901546	
-4.66343909411	-1747.62803953	
-4.66657881412	-1747.62706854	
-4.66970870713	-1747.62610246	
-4.67282883446	-1747.62514125	
-4.67593925688	-1747.62418485	
-4.67904003455	-1747.62323324	
-4.68213122712	-1747.62228638	
-4.68521289366	-1747.62134422	
-4.6882850927	-1747.62040672	
-4.69134788223	-1747.61947386	
-4.69440131972	-1747.61854558	
-4.6974454621	-1747.61762187	
-4.70048036579	-1747.61670266	
-4.70350608671	-1747.61578794	
-4.70652268025	-1747.61487767	
-4.70953020131	-1747.61397181	
-4.71252870431	-1747.61307032	
-4.71551824316	-1747.61217317	
-4.7184988713	-1747.61128033	
-4.72147064168	-1747.61039176	
-4.72443360681	-1747.60950743	
-4.72738781871	-1747.60862731	
-4.73033332894	-1747.60775136	
-4.73327018862	-1747.60687954	
-4.73619844839	-1747.60601184	
-4.7391181585	-1747.60514822	
-4.74202936871	-1747.60428864	
-4.74493212836	-1747.60343307	
-4.74782648639	-1747.60258149	
-4.75071249128	-1747.60173386	
-4.75359019111	-1747.60089016	
-4.75645963353	-1747.60005034	
-4.75932086582	-1747.5992144	
-4.7621739348	-1747.59838228	
-4.76501888693	-1747.59755398	
-4.76785576827	-1747.59672945	
-4.77068462447	-1747.59590867	
-4.77350550081	-1747.59509161	
-4.77631844218	-1747.59427825	
-4.77912349311	-1747.59346855	
-4.78192069773	-1747.59266249	
-4.78471009982	-1747.59186005	
-4.78749174278	-1747.59106119	
-4.79026566966	-1747.5902659	
-4.79303192316	-1747.58947413	
-4.7957905456	-1747.58868588	
-4.79854157897	-1747.58790111	
-4.80128506491	-1747.58711979	
-4.80402104473	-1747.58634191	
-4.80674955939	-1747.58556744	
-4.8094706495	-1747.58479636	
-4.81218435537	-1747.58402863	
-4.81489071697	-1747.58326424	
-4.81758977394	-1747.58250316	
-4.82028156561	-1747.58174537	
-4.82296613098	-1747.58099085	
-4.82564350875	-1747.58023957	
-4.8283137373	-1747.57949151	
-4.83097685472	-1747.57874665	
-4.83363289878	-1747.57800497	
-4.83628190695	-1747.57726643	
-4.83892391641	-1747.57653103	
-4.84155896405	-1747.57579874	
-4.84418708646	-1747.57506954	
-4.84680831994	-1747.5743434	
-4.84942270051	-1747.57362031	
-4.85203026392	-1747.57290025	
-4.85463104562	-1747.57218319	
-4.8572250808	-1747.57146912	
-4.85981240436	-1747.57075801	
-4.86239305096	-1747.57004984	
-4.86496705495	-1747.5693446	
-4.86753445046	-1747.56864226	
-4.87009527132	-1747.56794281	
-4.87264955112	-1747.56724623	
-4.8751973232	-1747.56655249	
-4.87773862063	-1747.56586158	
-4.88027347623	-1747.56517348	
-4.88280192259	-1747.56448817	
-4.88532399202	-1747.56380563	
-4.88783971662	-1747.56312585	
-4.89034912822	-1747.5624488	
-4.89285225844	-1747.56177447	
-4.89534913864	-1747.56110284	
-4.89783979995	-1747.5604339	
-4.90032427328	-1747.55976762	
-4.90280258929	-1747.55910398	
-4.90527477844	-1747.55844298	
-4.90774087093	-1747.5577846	
-4.91020089677	-1747.55712881	
-4.91265488574	-1747.5564756	
-4.91510286737	-1747.55582496	
-4.91754487103	-1747.55517686	
-4.91998092583	-1747.5545313	
-4.92241106068	-1747.55388825	
-4.92483530429	-1747.55324771	
-4.92725368516	-1747.55260964	
-4.92966623156	-1747.55197405	
-4.93207297159	-1747.55134091	
-4.93447393313	-1747.55071021	
-4.93686914386	-1747.55008193	
-4.93925863125	-1747.54945606	
-4.94164242261	-1747.54883258	
-4.94402054501	-1747.54821148	
-4.94639302537	-1747.54759275	
-4.94875989038	-1747.54697636	
-4.95112116656	-1747.5463623	
-4.95347688026	-1747.54575057	
-4.9558270576	-1747.54514114	
-4.95817172456	-1747.54453401	
-4.96051090691	-1747.54392915	
-4.96284463026	-1747.54332656	
-4.96517292002	-1747.54272622	
-4.96749580144	-1747.54212812	
-4.96981329958	-1747.54153223	
-4.97212543933	-1747.54093856	
-4.97443224543	-1747.54034709	
-4.97673374242	-1747.5397578	
-4.97902995468	-1747.53917068	
-4.98132090643	-1747.53858572	
-4.98360662171	-1747.53800291	
-4.98588712441	-1747.53742222	
-4.98816243824	-1747.53684366	
-4.99043258678	-1747.53626721	
-4.99269759341	-1747.53569285	
-4.99495748138	-1747.53512057	
-4.99721227376	-1747.53455037	
-4.9994619935	-1747.53398222	
-5.00170666335	-1747.53341612	
-5.00394630595	-1747.53285206	
-5.00618094375	-1747.53229001	
-5.00841059907	-1747.53172998	
-5.0106352941	-1747.53117195	
-5.01285505083	-1747.53061591	
-5.01506989116	-1747.53006185	
-5.01727983681	-1747.52950975	
-5.01948490937	-1747.52895961	
-5.02168513028	-1747.52841141	
-5.02388052085	-1747.52786514	
-5.02607110223	-1747.52732079	
-5.02825689545	-1747.52677836	
-5.03043792139	-1747.52623782	
-5.03261420082	-1747.52569918	
-5.03478575433	-1747.52516241	
-5.03695260241	-1747.52462751	
-5.03911476542	-1747.52409447	
-5.04127226356	-1747.52356328	
-5.04342511692	-1747.52303392	
-5.04557334546	-1747.52250639	
-5.047716969	-1747.52198068	
-5.04985600725	-1747.52145677	
-5.05199047978	-1747.52093466	
-5.05412040604	-1747.52041434	
-5.05624580535	-1747.5198958	
-5.05836669692	-1747.51937902	
-5.06048309982	-1747.518864	
-5.06259503303	-1747.51835073	
-5.06470251537	-1747.5178392	
-5.06680556556	-1747.5173294	
-5.06890420222	-1747.51682132	
-5.07099844382	-1747.51631495	
-5.07308830874	-1747.51581028	
-5.07517381523	-1747.5153073	
-5.07725498144	-1747.51480601	
-5.07933182538	-1747.51430639	
-5.08140436498	-1747.51380844	
-5.08347261805	-1747.51331214	
-5.08553660227	-1747.5128175	
-5.08759633523	-1747.51232449	
-5.08965183441	-1747.51183311	
-5.09170311719	-1747.51134335	
-5.09375020081	-1747.51085521	
-5.09579310244	-1747.51036867	
-5.09783183913	-1747.50988373	
-5.09986642782	-1747.50940038	
-5.10189688537	-1747.5089186	
-5.10392322852	-1747.5084384	
-5.1059454739	-1747.50795976	
-5.10796363806	-1747.50748268	
-5.10997773743	-1747.50700714	
-5.11198778836	-1747.50653315	
-5.11399380708	-1747.50606068	
-5.11599580975	-1747.50558974	
-5.11799381242	-1747.50512032	
-5.11998783102	-1747.5046524	
-5.12197788143	-1747.50418598	
-5.1239639794	-1747.50372106	
-5.12594614061	-1747.50325762	
-5.12792438062	-1747.50279565	
-5.12989871492	-1747.50233516	
-5.13186915891	-1747.50187613	
-5.13383572788	-1747.50141856	
-5.13579843705	-1747.50096243	
-5.13775730154	-1747.50050775	
-5.13971233637	-1747.50005449	
-5.1416635565	-1747.49960267	
-5.14361097679	-1747.49915226	
-5.145554612	-1747.49870326	
-5.14749447681	-1747.49825567	
-5.14943058584	-1747.49780948	
-5.15136295359	-1747.49736468	
-5.1532915945	-1747.49692126	
-5.15521652291	-1747.49647922	
-5.15713775309	-1747.49603856	
-5.15905529921	-1747.49559925	
-5.1609691754	-1747.4951613	
-5.16287939565	-1747.4947247	
-5.16478597392	-1747.49428945	
-5.16668892407	-1747.49385554	
-5.16858825987	-1747.49342295	
-5.17048399504	-1747.49299169	
-5.17237614319	-1747.49256175	
-5.17426471788	-1747.49213312	
-5.17614973257	-1747.49170579	
-5.17803120067	-1747.49127976	
-5.1799091355	-1747.49085503	
-5.18178355029	-1747.49043158	
-5.18365445823	-1747.49000942	
-5.1855218724	-1747.48958853	
-5.18738580584	-1747.4891689	
-5.18924627149	-1747.48875054	
-5.19110328224	-1747.48833343	
-5.19295685089	-1747.48791758	
-5.19480699018	-1747.48750297	
-5.19665371277	-1747.48708959	
-5.19849703127	-1747.48667745	
-5.20033695819	-1747.48626654	
-5.202173506	-1747.48585685	
-5.20400668708	-1747.48544837	
-5.20583651375	-1747.4850411	
-5.20766299828	-1747.48463504	
-5.20948615284	-1747.48423018	
-5.21130598956	-1747.4838265	
-5.21312252048	-1747.48342402	
-5.21493575761	-1747.48302272	
-5.21674571285	-1747.48262259	
-5.21855239808	-1747.48222363	
-5.22035582508	-1747.48182584	
-5.22215600558	-1747.48142921	
-5.22395295126	-1747.48103374	
-5.22574667371	-1747.48063941	
-5.22753718449	-1747.48024623	
-5.22932449506	-1747.47985419	
-5.23110861685	-1747.47946328	
-5.23288956123	-1747.4790735	
-5.23466733947	-1747.47868484	
-5.23644196283	-1747.4782973	
-5.23821344248	-1747.47791087	
-5.23998178954	-1747.47752556	
-5.24174701506	-1747.47714134	
-5.24350913005	-1747.47675823	
-5.24526814546	-1747.47637621	
-5.24702407216	-1747.47599527	
-5.24877692099	-1747.47561542	
-5.25052670271	-1747.47523665	
-5.25227342805	-1747.47485896	
-5.25401710765	-1747.47448233	
-5.25575775213	-1747.47410677	
-5.25749537203	-1747.47373226	
-5.25922997784	-1747.47335881	
-5.26096158	-1747.47298642	
-5.2626901889	-1747.47261506	
-5.26441581487	-1747.47224475	
-5.26613846818	-1747.47187548	
-5.26785815906	-1747.47150723	
-5.26957489768	-1747.47114002	
-5.27128869416	-1747.47077383	
-5.27299955856	-1747.47040865	
-5.27470750091	-1747.47004449	
-5.27641253116	-1747.46968134	
-5.27811465923	-1747.4693192	
-5.27981389498	-1747.46895806	
-5.28151024823	-1747.46859791	
-5.28320372874	-1747.46823875	
-5.28489434622	-1747.46788059	
-5.28658211033	-1747.4675234	
-5.28826703069	-1747.4671672	
-5.28994911688	-1747.46681197	
-5.2916283784	-1747.46645771	
-5.29330482472	-1747.46610442	
-5.29497846528	-1747.4657521	
-5.29664930945	-1747.46540073	
-5.29831736655	-1747.46505031	
-5.29998264587	-1747.46470085	
-5.30164515664	-1747.46435233	
-5.30330490806	-1747.46400476	
-5.30496190927	-1747.46365812	
-5.30661616936	-1747.46331242	
-5.3082676974	-1747.46296765	
-5.30991650239	-1747.46262381	
-5.3115625933	-1747.46228089	
-5.31320597904	-1747.46193888	
-5.3148466685	-1747.4615978	
-5.3164846705	-1747.46125762	
-5.31811999384	-1747.46091835	
-5.31975264727	-1747.46057999	
-5.32138263948	-1747.46024253	
-5.32300997914	-1747.45990596	
-5.32463467487	-1747.45957028	
-5.32625673524	-1747.4592355	
-5.32787616879	-1747.45890159	
-5.32949298402	-1747.45856857	
-5.33110718937	-1747.45823643	
-5.33271879327	-1747.45790516	
-5.33432780407	-1747.45757477	
-5.33593423012	-1747.45724524	
-5.3375380797	-1747.45691657	
-5.33913936107	-1747.45658876	
-5.34073808243	-1747.45626181	
-5.34233425196	-1747.45593572	
-5.3439278778	-1747.45561047	
-5.34551896803	-1747.45528607	
-5.34710753072	-1747.45496251	
-5.34869357387	-1747.45463979	
-5.35027710548	-1747.4543179	
-5.35185813348	-1747.45399685	
-5.35343666577	-1747.45367663	
-5.35501271022	-1747.45335724	
-5.35658627467	-1747.45303866	
-5.3581573669	-1747.45272091	
-5.35972599468	-1747.45240397	
-5.36129216571	-1747.45208784	
-5.36285588769	-1747.45177253	
-5.36441716825	-1747.45145802	
-5.36597601502	-1747.45114431	
-5.36753243557	-1747.4508314	
-5.36908643744	-1747.45051929	
-5.37063802813	-1747.45020797	
-5.37218721511	-1747.44989745	
-5.37373400583	-1747.44958771	
-5.37527840768	-1747.44927875	
-5.37682042804	-1747.44897058	
-5.37836007422	-1747.44866318	
-5.37989735354	-1747.44835656	
-5.38143227326	-1747.44805071	
-5.38296484061	-1747.44774563	
-5.38449506279	-1747.44744132	
-5.38602294697	-1747.44713776	
-5.38754850028	-1747.44683497	
-5.38907172982	-1747.44653294	
-5.39059264266	-1747.44623165	
-5.39211124583	-1747.44593112	
-5.39362754635	-1747.44563134	
-5.39514155118	-1747.44533231	
-5.39665326727	-1747.44503401	
-5.39816270152	-1747.44473646	
-5.39966986081	-1747.44443964	
-5.40117475199	-1747.44414356	
-5.40267738187	-1747.4438482	
-5.40417775725	-1747.44355358	
-5.40567588487	-1747.44325968	
-5.40717177146	-1747.4429665	
-5.40866542372	-1747.44267405	
-5.4101568483	-1747.44238231	
-5.41164605186	-1747.44209128	
-5.41313304098	-1747.44180097	
-5.41461782224	-1747.44151136	
-5.4161004022	-1747.44122247	
-5.41758078737	-1747.44093427	
-5.41905898424	-1747.44064678	
-5.42053499927	-1747.44035999	
-5.42200883889	-1747.44007389	
-5.4234805095	-1747.43978848	
-5.42495001748	-1747.43950377	
-5.42641736918	-1747.43921974	
-5.4278825709	-1747.4389364	
-5.42934562895	-1747.43865374	
-5.43080654959	-1747.43837176	
-5.43226533906	-1747.43809046	
-5.43372200355	-1747.43780984	
-5.43517654927	-1747.43752989	
-5.43662898235	-1747.4372506	
-5.43807930892	-1747.43697199	
-5.4395275351	-1747.43669404	
-5.44097366695	-1747.43641675	
-5.44241771052	-1747.43614013	
-5.44385967184	-1747.43586416	
-5.4452995569	-1747.43558885	
-5.44673737167	-1747.43531419	
-5.44817312209	-1747.43504018	
-5.44960681409	-1747.43476682	
-5.45103845357	-1747.43449411	
-5.45246804638	-1747.43422204	
-5.45389559837	-1747.43395061	
-5.45532111536	-1747.43367982	
-5.45674460314	-1747.43340966	
-5.45816606749	-1747.43314015	
-5.45958551414	-1747.43287126	
-5.46100294883	-1747.432603	
-5.46241837723	-1747.43233537	
-5.46383180503	-1747.43206837	
-5.46524323786	-1747.43180198	
-5.46665268137	-1747.43153622	
-5.46806014114	-1747.43127108	
-5.46946562274	-1747.43100655	
-5.47086913175	-1747.43074264	
-5.47227067367	-1747.43047934	
-5.47367025403	-1747.43021665	
-5.47506787829	-1747.42995457	
-5.47646355193	-1747.42969309	
-5.47785728038	-1747.42943221	
-5.47924906905	-1747.42917194	
-5.48063892334	-1747.42891226	
-5.48202684862	-1747.42865318	
-5.48341285022	-1747.4283947	
-5.48479693349	-1747.42813681	
-5.48617910372	-1747.42787951	
-5.48755936619	-1747.42762279	
-5.48893772616	-1747.42736667	
-5.49031418887	-1747.42711112	
-5.49168875953	-1747.42685616	
-5.49306144334	-1747.42660178	
-5.49443224547	-1747.42634798	
-5.49580117108	-1747.42609476	
-5.49716822529	-1747.4258421	
-5.49853341322	-1747.42559002	
-5.49989673995	-1747.42533851	
-5.50125821054	-1747.42508757	
-5.50261783006	-1747.4248372	
-5.50397560352	-1747.42458738	
-5.50533153593	-1747.42433813	
-5.50668563228	-1747.42408944	
-5.50803789753	-1747.42384131	
-5.50938833663	-1747.42359374	
-5.5107369545	-1747.42334672	
-5.51208375605	-1747.42310025	
-5.51342874616	-1747.42285433	
-5.51477192971	-1747.42260896	
-5.51611331154	-1747.42236414	
-5.51745289646	-1747.42211986	
-5.51879068931	-1747.42187613	
-5.52012669485	-1747.42163293	
-5.52146091786	-1747.42139028	
-5.5227933631	-1747.42114816	
-5.52412403528	-1747.42090658	
-5.52545293913	-1747.42066554	
-5.52678007934	-1747.42042502	
-5.52810546058	-1747.42018504	
-5.52942908751	-1747.41994558	
-5.53075096477	-1747.41970665	
-5.53207109697	-1747.41946825	
-5.53338948873	-1747.41923037	
-5.53470614461	-1747.41899301	
-5.53602106919	-1747.41875617	
-5.53733426702	-1747.41851984	
-5.53864574262	-1747.41828404	
-5.5399555005	-1747.41804874	
-5.54126354516	-1747.41781396	
-5.54256988107	-1747.4175797	
-5.5438745127	-1747.41734594	
-5.54517744448	-1747.41711268	
-5.54647868084	-1747.41687994	
-5.54777822618	-1747.4166477	
-5.5490760849	-1747.41641596	
-5.55037226136	-1747.41618472	
-5.55166675992	-1747.41595398	
-5.55295958492	-1747.41572374	
-5.55425074069	-1747.41549399	
-5.55554023152	-1747.41526474	
-5.5568280617	-1747.41503598	
-5.55811423551	-1747.41480771	
-5.5593987572	-1747.41457993	
-5.56068163102	-1747.41435264	
-5.56196286117	-1747.41412583	
-5.56324245188	-1747.41389951	
-5.56452040732	-1747.41367367	
-5.56579673168	-1747.41344831	
-5.56707142911	-1747.41322344	
-5.56834450376	-1747.41299904	
-5.56961595975	-1747.41277511	
-5.57088580119	-1747.41255167	
-5.57215403218	-1747.41232869	
-5.57342065679	-1747.41210619	
-5.5746856791	-1747.41188416	
-5.57594910315	-1747.4116626	
-5.57721093297	-1747.4114415	
-5.57847117258	-1747.41122087	
-5.57972982599	-1747.41100071	
-5.58098689718	-1747.41078101	
-5.58224239012	-1747.41056177	
-5.58349630878	-1747.41034299	
-5.5847486571	-1747.41012466	
-5.585999439	-1747.4099068	
-5.5872486584	-1747.40968939	
-5.5884963192	-1747.40947243	
-5.58974242528	-1747.40925593	
-5.59098698051	-1747.40903988	
-5.59222998875	-1747.40882427	
-5.59347145384	-1747.40860912	
-5.5947113796	-1747.40839441	
-5.59594976985	-1747.40818015	
-5.59718662839	-1747.40796633	
-5.598421959	-1747.40775296	
-5.59965576545	-1747.40754002	
-5.60088805149	-1747.40732753	
-5.60211882088	-1747.40711547	
-5.60334807733	-1747.40690386	
-5.60457582457	-1747.40669267	
-5.6058020663	-1747.40648192	
-5.60702680619	-1747.40627161	
-5.60825004793	-1747.40606172	
-5.60947179518	-1747.40585227	
-5.61069205159	-1747.40564324	
-5.61191082078	-1747.40543464	
-5.61312810639	-1747.40522647	
-5.61434391201	-1747.40501873	
-5.61555824124	-1747.4048114	
-5.61677109767	-1747.4046045	
-5.61798248485	-1747.40439802	
-5.61919240636	-1747.40419196	
-5.62040086572	-1747.40398632	
-5.62160786647	-1747.40378109	
-5.62281341212	-1747.40357628	
-5.62401750619	-1747.40337188	
-5.62522015215	-1747.4031679	
-5.6264213535	-1747.40296433	
-5.62762111369	-1747.40276117	
-5.62881943618	-1747.40255842	
-5.63001632442	-1747.40235608	
-5.63121178182	-1747.40215414	
-5.63240581181	-1747.40195261	
-5.6335984178	-1747.40175148	
-5.63478960317	-1747.40155076	
-5.6359793713	-1747.40135044	
-5.63716772557	-1747.40115051	
-5.63835466933	-1747.40095099	
-5.63954020593	-1747.40075187	
-5.64072433869	-1747.40055314	
-5.64190707094	-1747.40035481	
-5.64308840598	-1747.40015687	
-5.64426834712	-1747.39995933	
-5.64544689764	-1747.39976218	
-5.64662406082	-1747.39956542	
-5.64779983991	-1747.39936904	
-5.64897423816	-1747.39917306	
-5.65014725882	-1747.39897747	
-5.65131890512	-1747.39878226	
-5.65248918027	-1747.39858743	
-5.65365808747	-1747.39839299	
-5.65482562993	-1747.39819894	
-5.65599181082	-1747.39800526	
-5.65715663332	-1747.39781197	
-5.65832010058	-1747.39761905	
-5.65948221576	-1747.39742651	
-5.660642982	-1747.39723435	
-5.66180240242	-1747.39704256	
-5.66296048014	-1747.39685115	
-5.66411721826	-1747.39666012	
-5.66527261989	-1747.39646945	
-5.66642668811	-1747.39627916	
-5.66757942599	-1747.39608924	
-5.6687308366	-1747.39589968	
-5.66988092298	-1747.3957105	
-5.67102968818	-1747.39552168	
-5.67217713524	-1747.39533323	
-5.67332326717	-1747.39514514	
-5.67446808699	-1747.39495742	
-5.67561159769	-1747.39477006	
-5.67675380227	-1747.39458306	
-5.6778947037	-1747.39439642	
-5.67903430497	-1747.39421014	
-5.68017260902	-1747.39402422	
-5.6813096188	-1747.39383865	
-5.68244533727	-1747.39365345	
-5.68357976734	-1747.39346859	
-5.68471291194	-1747.3932841	
-5.68584477397	-1747.39309995	
-5.68697535634	-1747.39291616	
-5.68810466194	-1747.39273272	
-5.68923269364	-1747.39254963	
-5.69035945432	-1747.39236689	
-5.69148494685	-1747.39218449	
-5.69260917406	-1747.39200245	
-5.6937321388	-1747.39182075	
-5.69485384391	-1747.39163939	
-5.69597429221	-1747.39145838	
-5.69709348651	-1747.39127771	
-5.69821142961	-1747.39109738	
-5.69932812431	-1747.3909174	
-5.70044357339	-1747.39073775	
-5.70155777963	-1747.39055845	
-5.7026707458	-1747.39037948	
-5.70378247466	-1747.39020085	
-5.70489296894	-1747.39002256	
-5.70600223139	-1747.3898446	
-5.70711026475	-1747.38966697	
-5.70821707172	-1747.38948968	
-5.70932265503	-1747.38931272	
-5.71042701737	-1747.3891361	
-5.71153016145	-1747.3889598	
-5.71263208993	-1747.38878383	
-5.71373280551	-1747.38860819	
-5.71483231084	-1747.38843288	
-5.71593060859	-1747.3882579	
-5.71702770141	-1747.38808324	
-5.71812359193	-1747.38790891	
-5.71921828279	-1747.3877349	
-5.72031177661	-1747.38756121	
-5.72140407601	-1747.38738785	
-5.72249518359	-1747.3872148	
-5.72358510195	-1747.38704208	
-5.72467383369	-1747.38686968	
-5.72576138137	-1747.38669759	
-5.72684774759	-1747.38652583	
-5.72793293489	-1747.38635438	
-5.72901694583	-1747.38618324	
-5.73009978297	-1747.38601242	
-5.73118144884	-1747.38584192	
-5.73226194598	-1747.38567172	
-5.7333412769	-1747.38550184	
-5.73441944412	-1747.38533228	
-5.73549645015	-1747.38516302	
-5.73657229748	-1747.38499407	
-5.73764698861	-1747.38482543	
-5.73872052602	-1747.3846571	
-5.73979291218	-1747.38448907	
-5.74086414956	-1747.38432136	
-5.74193424062	-1747.38415394	
-5.74300318781	-1747.38398684	
-5.74407099357	-1747.38382003	
-5.74513766034	-1747.38365353	
-5.74620319054	-1747.38348733	
-5.7472675866	-1747.38332143	
-5.74833085092	-1747.38315584	
-5.74939298591	-1747.38299054	
-5.75045399397	-1747.38282554	
-5.75151387748	-1747.38266084	
-5.75257263883	-1747.38249644	
-5.75363028038	-1747.38233233	
-5.75468680452	-1747.38216852	
-5.75574221359	-1747.382005	
-5.75679650994	-1747.38184177	
-5.75784969593	-1747.38167884	
-5.75890177388	-1747.38151621	
-5.75995274612	-1747.38135386	
-5.76100261499	-1747.3811918	
-5.76205138278	-1747.38103004	
-5.76309905181	-1747.38086856	
-5.76414562438	-1747.38070737	
-5.76519110278	-1747.38054647	
-5.7662354893	-1747.38038586	
-5.76727878622	-1747.38022553	
-5.76832099579	-1747.38006548	
-5.7693621203	-1747.37990572	
-5.770402162	-1747.37974625	
-5.77144112313	-1747.37958706	
-5.77247900594	-1747.37942815	
-5.77351581267	-1747.37926952	
-5.77455154554	-1747.37911117	
-5.77558620679	-1747.3789531	
-5.77661979861	-1747.37879531	
-5.77765232322	-1747.3786378	
-5.77868378283	-1747.37848057	
-5.77971417962	-1747.37832361	
-5.78074351579	-1747.37816693	
-5.78177179352	-1747.37801053	
-5.78279901497	-1747.3778544	
-5.78382518233	-1747.37769854	
-5.78485029774	-1747.37754296	
-5.78587436337	-1747.37738765	
-5.78689738137	-1747.37723261	
-5.78791935386	-1747.37707784	
-5.788940283	-1747.37692334	
-5.7899601709	-1747.37676912	
-5.79097901969	-1747.37661516	
-5.79199683148	-1747.37646147	
-5.79301360838	-1747.37630804	
-5.7940293525	-1747.37615489	
-5.79504406593	-1747.376002	
-5.79605775077	-1747.37584937	
-5.79707040908	-1747.37569701	
-5.79808204295	-1747.37554491	
-5.79909265446	-1747.37539308	
-5.80010224566	-1747.37524151	
-5.80111081862	-1747.3750902	
-5.80211837538	-1747.37493915	
-5.80312491799	-1747.37478836	
-5.80413044849	-1747.37463784	
-5.80513496892	-1747.37448757	
-5.80613848129	-1747.37433756	
-5.80714098764	-1747.37418781	
-5.80814248998	-1747.37403831	
-5.80914299031	-1747.37388907	
