#Site	lnL	
0	-5.4312256571
1	-1.52832922651
2	-3.23544804519
3	-1.25233908267
4	-1.28188241613
5	-8.73769131046
6	-1.25233908267
7	-1.28188241613
8	-10.1475151909
9	-8.68467164984
10	-1.20768940932
11	-7.41921374208
12	-1.59942662533
13	-1.28188241613
14	-3.23544804519
15	-1.59942662533
16	-1.28188241613
17	-11.5471968198
18	-1.25233908267
19	-1.8427716136
20	-5.70409649754
21	-1.33943890312
22	-1.20768940932
23	-2.72881581006
24	-1.91882105198
25	-1.8427716136
26	-8.08335811755
27	-1.25233908267
28	-1.52832922651
29	-5.97188463
30	-1.91882105198
31	-1.8427716136
32	-4.89155970926
33	-1.59942662533
34	-1.20768940932
35	-6.36504109454
36	-1.91882105198
37	-1.20768940932
38	-6.07734978353
39	-1.91882105198
40	-1.28188241613
41	-6.96517109624
42	-1.25233908267
43	-1.52832922651
44	-8.68805025895
45	-1.59942662533
46	-1.28188241613
47	-7.3725874893
48	-1.59942662533
49	-1.20768940932
50	-3.23544804519
51	-1.33943890312
52	-7.57552466159
53	-5.3275023492
54	-1.33943890312
55	-1.28188241613
56	-2.72881581006
57	-1.59942662533
58	-1.20768940932
59	-5.52998184569
60	-1.33943890312
61	-1.52832922651
62	-7.66442757608
63	-1.59942662533
64	-1.52832922651
65	-6.97820568116
66	-1.33943890312
67	-1.20768940932
68	-6.34579420408
69	-1.25233908267
70	-1.8427716136
71	-9.98938604026
72	-1.33943890312
73	-6.40577140251
74	-7.48710070905
75	-1.25233908267
76	-1.8427716136
77	-2.72881581006
78	-1.25233908267
79	-1.28188241613
80	-3.23544804519
81	-1.25233908267
82	-1.28188241613
83	-2.72881581006
84	-1.33943890312
85	-1.28188241613
86	-2.72881581006
87	-1.59942662533
88	-1.52832922651
89	-5.05784301925
90	-7.72157147123
91	-1.52832922651
92	-9.37652537089
93	-9.47803364078
94	-1.28188241613
95	-5.80959753312
96	-1.59942662533
97	-1.20768940932
98	-10.5456260131
99	-1.25233908267
100	-1.28188241613
101	-7.38727818504
102	-1.59942662533
103	-1.8427716136
104	-4.11474060886
105	-6.05336663081
106	-1.20768940932
107	-8.13985581902
108	-1.33943890312
109	-1.28188241613
110	-6.34579420408
111	-5.41072391115
112	-1.28188241613
113	-3.23544804519
114	-1.91882105198
115	-1.52832922651
116	-4.66854901083
117	-1.59942662533
118	-1.20768940932
119	-7.41921374208
120	-1.59942662533
121	-1.8427716136
122	-5.81423314456
123	-1.25233908267
124	-1.52832922651
125	-3.23544804519
126	-1.59942662533
127	-1.52832922651
128	-3.99058893765
129	-1.33943890312
130	-1.8427716136
131	-3.23544804519
132	-1.33943890312
133	-1.8427716136
134	-5.15117725088
135	-1.25233908267
136	-1.28188241613
137	-8.42667443333
138	-1.33943890312
139	-7.55339973982
140	-5.81423314456
141	-1.91882105198
142	-1.28188241613
143	-4.55004906798
144	-1.25233908267
145	-1.20768940932
146	-5.12467597908
147	-1.25233908267
148	-1.20768940932
149	-6.36504109454
150	-1.25233908267
151	-1.28188241613
152	-4.66854901083
153	-1.59942662533
154	-1.52832922651
155	-3.99058893765
156	-1.33943890312
157	-1.52832922651
158	-2.72881581006
159	-1.59942662533
160	-1.28188241613
161	-5.05784301925
162	-1.91882105198
163	-1.52832922651
164	-3.23544804519
165	-1.25233908267
166	-1.52832922651
167	-9.54996233503
168	-1.25233908267
169	-1.8427716136
170	-4.25866439408
171	-1.25233908267
172	-8.33681789294
173	-6.4998634127
174	-1.25233908267
175	-1.28188241613
176	-2.72881581006
177	-1.33943890312
178	-1.20768940932
179	-3.23544804519
180	-1.33943890312
181	-1.20768940932
182	-7.26058569563
183	-1.59942662533
184	-8.53978837647
185	-3.23544804519
186	-1.25233908267
187	-1.28188241613
188	-6.78985734603
189	-1.33943890312
190	-1.20768940932
191	-4.66854901083
192	-1.91882105198
193	-1.28188241613
194	-7.92439717252
195	-1.25233908267
196	-1.8427716136
197	-3.23544804519
198	-1.33943890312
199	-1.52832922651
200	-4.55004906798
201	-1.33943890312
202	-1.20768940932
203	-8.50274126661
204	-1.33943890312
205	-1.20768940932
206	-3.23544804519
207	-1.25233908267
208	-1.52832922651
209	-5.49356485251
210	-7.84674893361
211	-6.78912306372
212	-4.95575081928
213	-1.33943890312
214	-1.8427716136
215	-5.2839657113
216	-1.33943890312
217	-1.28188241613
218	-4.69142736175
219	-1.91882105198
220	-1.28188241613
221	-6.94159633041
222	-1.25233908267
223	-1.52832922651
224	-6.13700555027
225	-1.25233908267
226	-1.28188241613
227	-7.63822370667
228	-7.36780664534
229	-1.20768940932
230	-6.07734978353
231	-1.33943890312
232	-1.28188241613
233	-2.72881581006
234	-11.9427692856
235	-1.52832922651
236	-2.72881581006
237	-1.59942662533
238	-1.8427716136
239	-5.81423314456
240	-1.91882105198
241	-1.28188241613
242	-3.23544804519
243	-7.31189485967
244	-1.20768940932
245	-7.95371721979
246	-1.33943890312
247	-1.52832922651
248	-5.65213147023
249	-1.33943890312
250	-1.8427716136
251	-4.83691563533
252	-1.91882105198
253	-1.52832922651
254	-2.72881581006
255	-1.33943890312
256	-7.55828030462
257	-5.81423314456
258	-1.33943890312
259	-1.52832922651
260	-4.93278731569
261	-1.33943890312
262	-1.20768940932
263	-6.17569417964
264	-1.59942662533
265	-1.28188241613
266	-2.72881581006
267	-1.91882105198
268	-1.28188241613
269	-12.3583866291
270	-1.59942662533
271	-1.20768940932
272	-7.57434955444
273	-1.33943890312
274	-1.28188241613
275	-4.55004906798
276	-1.91882105198
277	-1.52832922651
278	-5.05784301925
279	-1.59942662533
280	-1.8427716136
281	-6.73019419073
282	-6.05336663081
283	-1.8427716136
284	-7.7307515977
285	-1.91882105198
286	-1.28188241613
287	-8.96590540202
288	-1.91882105198
289	-1.52832922651
290	-9.99454454672
291	-1.59942662533
292	-1.8427716136
293	-8.4440558593
294	-1.25233908267
295	-1.20768940932
296	-5.15117725088
297	-1.59942662533
298	-1.8427716136
299	-7.77366116415
300	-7.9346346953
301	-1.20768940932
302	-2.72881581006
303	-1.25233908267
304	-1.20768940932
305	-10.1518734494
306	-1.33943890312
307	-1.20768940932
308	-5.12467597908
309	-1.25233908267
310	-1.20768940932
311	-7.501118946
312	-7.46603745661
313	-1.20768940932
314	-8.75397924042
315	-1.33943890312
316	-1.20768940932
317	-7.76469634571
318	-1.33943890312
319	-1.20768940932
320	-8.85016407185
321	-1.33943890312
322	-1.8427716136
323	-2.72881581006
324	-1.91882105198
325	-1.52832922651
326	-3.99058893765
327	-1.91882105198
328	-1.28188241613
329	-4.69142736175
330	-1.59942662533
331	-1.52832922651
332	-12.0207884132
333	-1.33943890312
334	-1.28188241613
335	-6.26561724459
336	-1.59942662533
337	-1.8427716136
338	-2.72881581006
339	-1.25233908267
340	-1.28188241613
341	-2.72881581006
342	-1.25233908267
343	-1.8427716136
344	-11.7802395312
345	-1.59942662533
346	-1.52832922651
347	-4.25866439408
348	-6.55441053937
349	-1.20768940932
350	-7.76489893041
351	-1.25233908267
352	-1.20768940932
353	-2.72881581006
354	-1.25233908267
355	-1.52832922651
356	-6.4998634127
357	-1.59942662533
358	-1.28188241613
359	-9.15285746523
360	-1.59942662533
361	-1.20768940932
362	-16.796644784
363	-1.91882105198
364	-1.20768940932
365	-12.084101861
366	-1.91882105198
367	-1.28188241613
368	-3.99058893765
369	-1.59942662533
370	-1.52832922651
371	-2.72881581006
372	-1.25233908267
373	-1.8427716136
374	-4.66854901083
375	-1.59942662533
376	-1.28188241613
377	-5.52998184569
378	-1.33943890312
379	-1.28188241613
380	-5.74620776552
381	-1.91882105198
382	-1.52832922651
383	-7.48659819038
384	-1.91882105198
385	-1.20768940932
386	-2.72881581006
387	-1.59942662533
388	-1.28188241613
389	-6.17489586097
390	-1.25233908267
391	-1.20768940932
392	-7.09528196567
393	-1.91882105198
394	-7.55339973982
395	-9.20682561529
396	-1.33943890312
397	-1.52832922651
398	-4.66854901083
399	-1.33943890312
400	-1.20768940932
401	-6.90955487081
402	-1.25233908267
403	-1.20768940932
404	-7.60351010521
405	-1.33943890312
406	-1.20768940932
407	-3.23544804519
408	-1.59942662533
409	-1.28188241613
410	-2.72881581006
411	-1.59942662533
412	-1.20768940932
413	-13.2996094985
414	-1.33943890312
415	-1.20768940932
416	-9.61428593988
417	-1.59942662533
418	-1.8427716136
419	-7.48687935249
420	-1.25233908267
421	-1.28188241613
422	-4.11474060886
423	-10.5656302901
424	-1.52832922651
425	-2.72881581006
426	-1.25233908267
427	-1.20768940932
428	-3.99058893765
429	-1.91882105198
430	-1.20768940932
431	-5.43507276682
432	-6.07615847214
433	-1.52832922651
434	-4.66854901083
435	-1.91882105198
436	-1.20768940932
437	-4.55004906798
438	-1.33943890312
439	-1.28188241613
440	-3.99058893765
441	-1.59942662533
442	-1.52832922651
443	-2.72881581006
444	-1.25233908267
445	-1.52832922651
446	-6.73019419073
447	-1.33943890312
448	-1.20768940932
449	-6.87876313836
450	-1.33943890312
451	-1.20768940932
452	-4.55004906798
453	-1.33943890312
454	-1.52832922651
455	-10.7367801293
456	-1.33943890312
457	-1.52832922651
458	-5.15117725088
459	-1.25233908267
460	-1.8427716136
461	-13.7991616447
462	-1.33943890312
463	-1.52832922651
464	-2.72881581006
465	-1.25233908267
466	-1.20768940932
467	-4.69142736175
468	-1.25233908267
469	-1.52832922651
470	-7.4905530921
471	-1.25233908267
472	-1.8427716136
473	-3.23544804519
474	-1.33943890312
475	-1.28188241613
476	-7.4905530921
477	-1.25233908267
478	-1.20768940932
479	-3.23544804519
480	-1.33943890312
481	-1.20768940932
482	-9.59711873695
483	-1.25233908267
484	-1.20768940932
485	-11.3602837898
486	-1.25233908267
487	-1.20768940932
488	-6.73019419073
