#Site	lnL	
0	-11.3911429928
1	-5.69168594987
2	-14.0985939352
3	-11.450928705
4	-9.43290693893
5	-9.16495580346
6	-13.0748549083
7	-4.90165204986
8	-11.0937689051
9	-6.77601743394
10	-10.3059049376
11	-16.9586194218
12	-13.5862484166
13	-11.1849857514
14	-5.3258814516
15	-16.5138381295
16	-5.58821953803
17	-7.85183074102
18	-16.4463651844
19	-7.01043355923
20	-4.28429128351
21	-7.54262435424
22	-12.732463895
23	-5.975117383
24	-11.285910626
25	-11.9227516166
26	-5.69232155897
27	-7.06243211145
28	-7.8107044227
29	-9.97895610582
30	-7.96277572347
31	-5.21468528991
32	-16.9035043327
33	-12.1350213295
34	-10.3391350751
35	-4.80847724304
36	-6.40390504841
37	-15.2078337531
38	-12.9799165796
39	-10.225712762
40	-10.0510214759
41	-15.9210175151
42	-5.30786148116
43	-5.09122433291
44	-17.9075471604
45	-5.69134932158
46	-12.4247423519
47	-11.6480823057
48	-7.13878936524
49	-9.27632920641
50	-5.93893807821
51	-10.0510214778
52	-14.9512874106
53	-4.28429128351
54	-8.28749162195
55	-4.28429128351
56	-11.9856621764
57	-4.29058933034
58	-11.2636414546
59	-8.56375739471
60	-13.6818833249
61	-6.01952050006
62	-4.51064367584
63	-6.40390504841
64	-9.51235513261
65	-10.0711687868
66	-10.8869300697
67	-14.4124144005
68	-12.9981393006
69	-18.9430133854
70	-9.79049847851
71	-11.0528679304
72	-22.0962215321
73	-10.6289174179
74	-24.6069042564
75	-11.5310708502
76	-6.01962407035
77	-10.1186555054
78	-5.26046473053
79	-10.8701111906
80	-13.7690017151
81	-8.78303955764
82	-10.7272561676
83	-8.12116318178
84	-6.40416853637
85	-9.89798132514
86	-12.7349772653
87	-13.997369787
88	-16.3832117046
89	-4.80847724304
90	-14.0517481201
91	-4.28429128351
92	-6.45130370337
93	-12.537011888
94	-11.8303394512
95	-6.09850152951
96	-12.7080385485
97	-9.98313806935
98	-12.3337520607
99	-15.9453375714
100	-20.5297692507
101	-5.69232155897
102	-13.7393954795
103	-19.4971069025
104	-11.6955937765
105	-7.83478697661
106	-14.6836073948
107	-15.3303057902
108	-7.97250654691
109	-13.2850945629
110	-8.30013087697
111	-13.5688777854
112	-7.42726758132
113	-15.8675746687
114	-8.9908849848
115	-10.1881565322
116	-4.96683214817
117	-14.7261210183
118	-5.66009967044
119	-13.1686329436
120	-12.3198894183
121	-17.1355699456
122	-18.8484884918
123	-9.483417652
124	-14.4246573861
125	-10.07538745
126	-7.34466105497
127	-6.73374134556
128	-7.18222399148
129	-8.12316909866
130	-13.233592563
131	-16.4176465022
132	-8.95941575514
133	-5.69232155897
134	-8.86851612863
135	-6.40390504841
136	-8.64418236002
137	-10.7706708511
138	-5.93893807821
139	-12.2567571151
140	-13.8584336024
141	-9.08975827054
142	-10.9872841484
143	-8.9278612499
144	-6.11233976437
145	-14.3701741704
146	-8.82373880105
147	-7.28963047932
148	-4.29058933034
149	-7.72293787871
150	-22.3251028845
151	-7.9874761848
152	-18.1109544769
153	-15.2341243726
154	-8.04464055254
155	-7.50730720053
156	-14.9157200201
157	-16.6009588838
158	-8.815487096
159	-9.86940379128
160	-15.1124029126
161	-10.2070236278
162	-14.1854740081
