-7.519354755369003218e-01
-4.952843035526206528e-01
-7.820712323695474533e-01
2.680412050083215370e+00
-1.144390057452961962e+00
2.358430506733516285e+00
-1.380947510266217648e+00
-4.245395500349202322e+00
-3.865810537108101297e+00
-4.992415802591881224e+00
-4.200091104478540061e+00
-4.148841793290669600e+00
-6.724680094916792861e+00
-6.114393565047048895e+00
-6.144112288059866422e+00
-5.556641739559339044e+00
-4.947521954984283710e+00
-5.852660087889363538e+00
-5.361100981002278942e+00
-6.594781500914725036e+00
