#Site	lnL	
0	-8.81137953809
1	-14.0103469106
2	-5.63723003386
3	-9.09626357116
4	-11.4895887957
5	-11.3144215639
6	-3.90761835335
7	-12.2415224024
8	-7.81422529945
9	-14.2866801274
10	-8.40667385041
11	-4.47762152439
12	-13.3361110022
13	-20.1173893201
14	-6.32780608661
15	-4.45387697726
16	-11.3284560845
17	-10.3590596773
18	-6.98196142725
19	-5.88875634283
20	-13.9741115922
21	-15.1609310129
22	-7.8673142695
23	-8.40766339745
24	-8.76906100414
25	-9.8190876294
26	-3.90761835335
27	-8.25106146884
28	-19.0648489178
29	-5.64683418521
30	-6.9677719257
31	-14.7753584846
32	-17.2458948788
33	-9.40218247225
34	-8.8054462069
35	-5.79150717643
36	-5.36143323321
37	-4.70519048731
38	-11.8190373615
39	-4.70519048731
40	-8.6810610815
41	-17.3928351853
42	-5.00382264068
43	-7.82835631709
44	-4.21159264093
45	-4.4635077481
46	-12.9392367151
47	-8.97797888022
48	-18.7673923495
49	-12.6590013389
50	-11.1925030905
51	-11.3412487065
52	-8.74357568046
53	-20.0728433267
54	-7.30172327265
55	-12.5987163743
56	-17.1242215547
57	-17.0579876041
58	-11.6458421139
59	-26.0702254081
60	-14.3916197473
61	-5.14068432075
62	-3.90761835335
63	-5.14706787889
64	-8.55718885876
65	-11.6939321876
66	-5.3990195044
67	-9.18979672615
68	-11.900042087
69	-14.2263718725
70	-16.5830739055
71	-10.5872905806
72	-9.27790272348
73	-6.83340023127
74	-21.4487881272
75	-8.8054462069
76	-8.7596335862
77	-18.3850307114
78	-11.9305176682
79	-10.8942825492
80	-8.54841309024
81	-9.63368766759
82	-8.95642638167
83	-5.14068432075
84	-9.76847517468
85	-4.32414762684
86	-5.7884980993
87	-12.8264572807
88	-9.37174122611
89	-9.39691740303
90	-6.18318744372
91	-6.6217205233
92	-10.8950924865
93	-16.343480727
94	-4.70519048731
95	-15.4509390301
96	-4.79931811776
97	-7.20960937598
98	-11.5686257133
99	-18.4976633191
100	-10.9037212086
101	-12.1223376386
102	-15.0284427086
103	-18.976333527
104	-16.4023258222
105	-7.92177055759
106	-6.69283627619
107	-10.1172394363
108	-17.8998951364
109	-7.80238569358
110	-7.86614323077
111	-10.9049487907
112	-4.45387697726
113	-13.3813240106
114	-16.439380398
115	-4.32414762684
116	-12.4391671184
117	-8.01424683128
118	-7.6491008798
119	-11.150317726
120	-13.9969741353
121	-17.3461255774
122	-3.90761835335
123	-4.73984005565
124	-8.10848691909
125	-13.786636958
126	-12.9811626263
127	-5.26403974357
128	-8.89138388655
129	-11.7256814048
130	-14.9426990692
131	-11.8327585125
132	-11.9473072996
133	-6.69283627619
134	-11.109874693
135	-5.3990195044
136	-11.4770653751
137	-9.15855206821
138	-10.2845852812
139	-10.25152652
140	-5.14457131159
141	-28.5799003048
142	-12.9736011987
143	-19.4098496453
144	-10.7544474986
145	-5.88875634283
146	-14.1623468323
147	-11.1462989433
148	-6.32393213619
149	-5.14457131159
150	-13.1335643309
151	-14.6551382592
152	-14.1835192465
153	-23.2555594394
154	-13.779154591
155	-5.90169662897
156	-10.3600372424
157	-17.0948495105
158	-10.9627482101
159	-5.93224858608
160	-15.6536527008
161	-11.2527769084
162	-13.297436136
