# log_p 	 lnL 	 
0.0	-1750.9206917	
-0.287682072452	-1750.82875798	
-0.510825623766	-1750.7442705	
-0.69314718056	-1750.66818047	
-0.847297860387	-1750.59851808	
-0.980829253012	-1750.53313334	
-1.09861228867	-1750.47030706	
-1.20397280433	-1750.40881385	
-1.29928298413	-1750.34784157	
-1.38629436112	-1750.28688529	
-1.46633706879	-1750.22565393	
-1.54044504095	-1750.16399964	
-1.60943791243	-1750.10186819	
-1.67397643357	-1750.03926559	
-1.73460105539	-1749.97623583	
-1.79175946923	-1749.91284598	
-1.8458266905	-1749.84917608	
-1.89711998489	-1749.78531202	
-1.94591014906	-1749.72134059	
-1.99243016469	-1749.65734592	
-2.03688192726	-1749.5934071	
-2.07944154168	-1749.52959659	
-2.1202635362	-1749.46597928	
-2.15948424935	-1749.40261213	
-2.19722457734	-1749.33954415	
-2.23359222151	-1749.27681662	
-2.26868354132	-1749.21446363	
-2.30258509299	-1749.15251265	
-2.33537491582	-1749.09098519	
-2.36712361413	-1749.02989754	
-2.3978952728	-1748.96926146	
-2.42774823595	-1748.90908488	
-2.45673577282	-1748.8493725	
-2.48490664979	-1748.79012647	
-2.51230562398	-1748.73134682	
-2.53897387106	-1748.67303203	
-2.56494935746	-1748.61517943	
-2.59026716545	-1748.55778553	
-2.61495977804	-1748.50084638	
-2.63905732962	-1748.44435783	
-2.66258782703	-1748.38831571	
-2.68557734525	-1748.33271605	
-2.7080502011	-1748.27755519	
-2.73002910782	-1748.22282989	
-2.75153531304	-1748.16853743	
-2.77258872224	-1748.11467563	
-2.79320800944	-1748.06124289	
-2.81341071676	-1748.00823817	
-2.83321334406	-1747.95566104	
-2.85263142991	-1747.90351162	
-2.87167962488	-1747.85179052	
-2.8903717579	-1747.80049888	
-2.90872089656	-1747.74963823	
-2.92673940207	-1747.69921051	
-2.94443897917	-1747.64921797	
-2.96183072188	-1747.59966315	
-2.97892515524	-1747.5505488	
-2.99573227355	-1747.50187781	
-3.01226157551	-1747.4536532	
-3.02852209638	-1747.40587804	
-3.04452243772	-1747.3585554	
-3.06027079469	-1747.31168831	
-3.07577498123	-1747.26527971	
-3.09104245336	-1747.21933244	
-3.10608033072	-1747.17384917	
-3.12089541651	-1747.12883238	
-3.13549421593	-1747.08428437	
-3.14988295338	-1747.04020716	
-3.16406758837	-1746.99660257	
-3.17805383035	-1746.95347211	
-3.19184715248	-1746.91081703	
-3.20545280454	-1746.86863829	
-3.21887582487	-1746.82693657	
-3.23212105162	-1746.78571223	
-3.24519313319	-1746.74496535	
-3.25809653802	-1746.7046957	
-3.2708355638	-1746.66490277	
-3.28341434601	-1746.62558576	
-3.295836866	-1746.58674358	
-3.3081069586	-1746.54837488	
-3.32022831913	-1746.51047803	
-3.33220451018	-1746.47305115	
-3.34403896782	-1746.43609213	
-3.35573500759	-1746.39959861	
-3.36729582999	-1746.363568	
-3.37872452581	-1746.32799753	
-3.39002408106	-1746.29288418	
-3.40119738166	-1746.2582248	
-3.41224721785	-1746.22401603	
-3.42317628838	-1746.19025434	
-3.43398720449	-1746.15693608	
-3.4446824936	-1746.12405744	
-3.45526460293	-1746.09161447	
-3.4657359028	-1746.05960311	
-3.47609868984	-1746.02801922	
-3.48635519	-1745.99685851	
-3.49650756147	-1745.96611665	
-3.50655789732	-1745.93578921	
-3.51650822817	-1745.90587168	
-3.52636052462	-1745.87635952	
-3.53611669956	-1745.84724811	
-3.54577861047	-1745.81853279	
-3.55534806149	-1745.79020889	
-3.56482680544	-1745.76227168	
-3.57421654579	-1745.73471641	
-3.58351893846	-1745.70753833	
-3.59273559356	-1745.68073266	
-3.60186807712	-1745.65429464	
-3.61091791264	-1745.62821949	
-3.61988658263	-1745.60250243	
-3.62877553004	-1745.57713871	
-3.63758615973	-1745.55212358	
-3.6463198397	-1745.52745231	
-3.65497790244	-1745.5031202	
-3.66356164613	-1745.47912255	
-3.6720723358	-1745.45545471	
-3.68051120444	-1745.43211206	
-3.68887945411	-1745.40909001	
-3.69717825693	-1745.386384	
-3.70540875607	-1745.36398951	
-3.7135720667	-1745.34190206	
-3.72166927694	-1745.32011722	
-3.72970144863	-1745.2986306	
-3.73766961828	-1745.27743784	
-3.74557479779	-1745.25653463	
-3.75341797525	-1745.23591673	
-3.76120011569	-1745.21557993	
-3.76892216179	-1745.19552006	
-3.77658503453	-1745.17573303	
-3.78418963392	-1745.15621476	
-3.79173683955	-1745.13696124	
-3.79922751128	-1745.11796854	
-3.80666248977	-1745.09923273	
-3.81404259707	-1745.08074996	
-3.82136863716	-1745.06251643	
-3.82864139649	-1745.0445284	
-3.83586164446	-1745.02678217	
-3.84303013394	-1745.00927408	
-3.85014760171	-1744.99200055	
-3.85721476893	-1744.97495804	
-3.86423234159	-1744.95814305	
-3.87120101091	-1744.94155216	
-3.87812145375	-1744.92518196	
-3.88499433304	-1744.90902913	
-3.89182029811	-1744.89309038	
-3.8985999851	-1744.87736248	
-3.90533401728	-1744.86184223	
-3.91202300543	-1744.84652651	
-3.91866754815	-1744.83141223	
-3.92526823218	-1744.81649633	
-3.93182563272	-1744.80177585	
-3.93834031375	-1744.78724782	
-3.94481282825	-1744.77290936	
-3.95124371858	-1744.75875761	
-3.95763351668	-1744.74478976	
-3.96398274436	-1744.73100306	
-3.97029191355	-1744.71739479	
-3.97656152657	-1744.70396228	
-3.98279207632	-1744.6907029	
-3.98898404656	-1744.67761406	
-3.99513791214	-1744.66469321	
-4.00125413916	-1744.65193787	
-4.00733318523	-1744.63934556	
-4.01337549969	-1744.62691386	
-4.01938152375	-1744.6146404	
-4.02535169074	-1744.60252283	
-4.03128642625	-1744.59055884	
-4.03718614838	-1744.57874618	
-4.04305126783	-1744.56708261	
-4.04888218815	-1744.55556594	
-4.05467930583	-1744.54419402	
-4.06044301055	-1744.53296473	
-4.06617368526	-1744.52187598	
-4.07187170637	-1744.51092572	
-4.07753744391	-1744.50011194	
-4.08317126162	-1744.48943265	
-4.08877351717	-1744.47888591	
-4.09434456222	-1744.46846979	
-4.0998847426	-1744.45818242	
-4.10539439841	-1744.44802192	
-4.11087386417	-1744.43798649	
-4.11632346894	-1744.42807433	
-4.12174353641	-1744.41828366	
-4.12713438505	-1744.40861277	
-4.13249632819	-1744.39905993	
-4.13782967416	-1744.38962348	
-4.14313472639	-1744.38030176	
-4.14841178349	-1744.37109314	
-4.15366113938	-1744.36199603	
-4.15888308336	-1744.35300886	
-4.16407790024	-1744.34413009	
-4.1692458704	-1744.33535818	
-4.1743872699	-1744.32669166	
-4.17950237056	-1744.31812904	
-4.18459144007	-1744.30966888	
-4.18965474203	-1744.30130976	
-4.19469253606	-1744.29305028	
-4.19970507788	-1744.28488906	
-4.20469261939	-1744.27682474	
-4.20965540873	-1744.268856	
-4.21459369037	-1744.26098151	
-4.21950770518	-1744.2532	
-4.22439769047	-1744.24551018	
-4.22926388012	-1744.23791082	
-4.2341065046	-1744.23040069	
-4.23892579103	-1744.22297856	
-4.2437219633	-1744.21564326	
-4.24849524205	-1744.20839362	
-4.25324584481	-1744.20122847	
-4.257973986	-1744.19414669	
-4.26267987704	-1744.18714717	
-4.26736372635	-1744.18022879	
-4.27202573946	-1744.17339049	
-4.27666611902	-1744.1666312	
-4.28128506487	-1744.15994987	
-4.28588277412	-1744.15334547	
-4.29045944115	-1744.14681698	
-4.29501525768	-1744.14036342	
-4.29955041285	-1744.13398379	
-4.3040650932	-1744.12767714	
-4.30855948279	-1744.1214425	
-4.31303376319	-1744.11527893	
-4.31748811354	-1744.10918553	
-4.3219227106	-1744.10316137	
-4.32633772881	-1744.09720557	
-4.33073334029	-1744.09131724	
-4.33510971489	-1744.08549552	
-4.33946702026	-1744.07973955	
-4.34380542185	-1744.07404849	
-4.348125083	-1744.06842151	
-4.3524261649	-1744.0628578	
-4.35670882669	-1744.05735656	
-4.36097322548	-1744.05191699	
-4.36521951636	-1744.04653831	
-4.36944785247	-1744.04121977	
-4.373658385	-1744.0359606	
-4.37785126326	-1744.03076006	
-4.38202663467	-1744.02561742	
-4.38618464482	-1744.02053196	
-4.39032543749	-1744.01550295	
-4.39444915467	-1744.01052972	
-4.39855593663	-1744.00561156	
-4.40264592188	-1744.00074779	
-4.40671924726	-1743.99593775	
-4.41077604796	-1743.99118078	
-4.4148164575	-1743.98647622	
-4.4188406078	-1743.98182344	
-4.42284862919	-1743.9772218	
-4.42684065046	-1743.97267069	
-4.43081679884	-1743.96816949	
-4.43477720006	-1743.96371759	
-4.43872197835	-1743.95931441	
-4.44265125649	-1743.95495936	
-4.44656515581	-1743.95065185	
-4.45046379623	-1743.94639132	
-4.45434729625	-1743.94217722	
-4.45821577303	-1743.93800897	
-4.46206934235	-1743.93388605	
-4.46590811865	-1743.92980791	
-4.46973221509	-1743.92577403	
-4.47354174351	-1743.92178387	
-4.47733681448	-1743.91783694	
-4.48111753732	-1743.91393271	
-4.48488402011	-1743.91007069	
-4.48863636973	-1743.90625039	
-4.49237469184	-1743.90247133	
-4.49609909093	-1743.89873301	
-4.49980967033	-1743.89503497	
-4.50350653221	-1743.89137674	
-4.50718977763	-1743.88775787	
-4.51085950652	-1743.8841779	
-4.51451581772	-1743.88063639	
-4.518158809	-1743.87713288	
-4.52178857705	-1743.87366696	
-4.52540521752	-1743.87023819	
-4.52900882502	-1743.86684614	
-4.53259949315	-1743.86349041	
-4.5361773145	-1743.86017058	
-4.53974238067	-1743.85688625	
-4.54329478227	-1743.85363701	
-4.54683460898	-1743.85042247	
-4.55036194949	-1743.84724225	
-4.5538768916	-1743.84409595	
-4.55737952215	-1743.84098321	
-4.56086992709	-1743.83790364	
-4.56434819147	-1743.83485688	
-4.56781439944	-1743.83184256	
-4.57126863431	-1743.82886033	
-4.5747109785	-1743.82590984	
-4.5781415136	-1743.82299073	
-4.58156032035	-1743.82010266	
-4.58496747867	-1743.81724528	
-4.58836306767	-1743.81441828	
-4.59174716566	-1743.8116213	
-4.59511985013	-1743.80885403	
-4.59848119784	-1743.80611615	
-4.60183128472	-1743.80340733	
-4.60517018599	-1743.80072727	
-4.60849797608	-1743.79807565	
-4.61181472871	-1743.79545216	
-4.61512051684	-1743.79285652	
-4.61841541274	-1743.7902884	
-4.62169948794	-1743.78774754	
-4.62497281328	-1743.78523362	
-4.62823545892	-1743.78274638	
-4.63148749431	-1743.78028552	
-4.63472898823	-1743.77785076	
-4.63796000881	-1743.77544184	
-4.64118062351	-1743.77305847	
-4.64439089914	-1743.77070039	
-4.64759090187	-1743.76836733	
-4.65078069724	-1743.76605904	
-4.65396035016	-1743.76377525	
-4.65712992492	-1743.76151571	
-4.66028948521	-1743.75928017	
-4.66343909411	-1743.75706837	
-4.66657881412	-1743.75488008	
-4.66970870713	-1743.75271504	
-4.67282883446	-1743.75057303	
-4.67593925688	-1743.7484538	
-4.67904003455	-1743.74635712	
-4.68213122712	-1743.74428276	
-4.68521289366	-1743.74223048	
-4.6882850927	-1743.74020008	
-4.69134788223	-1743.73819132	
-4.69440131972	-1743.73620398	
-4.6974454621	-1743.73423785	
-4.70048036579	-1743.73229271	
-4.70350608671	-1743.73036835	
-4.70652268025	-1743.72846457	
-4.70953020131	-1743.72658115	
-4.71252870431	-1743.72471789	
-4.71551824316	-1743.72287459	
-4.7184988713	-1743.72105106	
-4.72147064168	-1743.71924708	
-4.72443360681	-1743.71746248	
-4.72738781871	-1743.71569706	
-4.73033332894	-1743.71395062	
-4.73327018862	-1743.71222298	
-4.73619844839	-1743.71051396	
-4.7391181585	-1743.70882337	
-4.74202936871	-1743.70715104	
-4.74493212836	-1743.70549677	
-4.74782648639	-1743.7038604	
-4.75071249128	-1743.70224176	
-4.75359019111	-1743.70064066	
-4.75645963353	-1743.69905694	
-4.75932086582	-1743.69749044	
-4.7621739348	-1743.69594097	
-4.76501888693	-1743.69440839	
-4.76785576827	-1743.69289252	
-4.77068462447	-1743.69139321	
-4.77350550081	-1743.6899103	
-4.77631844218	-1743.68844362	
-4.77912349311	-1743.68699303	
-4.78192069773	-1743.68555838	
-4.78471009982	-1743.6841395	
-4.78749174278	-1743.68273625	
-4.79026566966	-1743.68134849	
-4.79303192316	-1743.67997606	
-4.7957905456	-1743.67861882	
-4.79854157897	-1743.67727662	
-4.80128506491	-1743.67594933	
-4.80402104473	-1743.67463681	
-4.80674955939	-1743.67333892	
-4.8094706495	-1743.67205551	
-4.81218435537	-1743.67078646	
-4.81489071697	-1743.66953164	
-4.81758977394	-1743.6682909	
-4.82028156561	-1743.66706411	
-4.82296613098	-1743.66585116	
-4.82564350875	-1743.66465191	
-4.8283137373	-1743.66346623	
-4.83097685472	-1743.662294	
-4.83363289878	-1743.6611351	
-4.83628190695	-1743.6599894	
-4.83892391641	-1743.65885679	
-4.84155896405	-1743.65773713	
-4.84418708646	-1743.65663032	
-4.84680831994	-1743.65553624	
-4.84942270051	-1743.65445477	
-4.85203026392	-1743.65338579	
-4.85463104562	-1743.6523292	
-4.8572250808	-1743.65128488	
-4.85981240436	-1743.65025272	
-4.86239305096	-1743.64923261	
-4.86496705495	-1743.64822445	
-4.86753445046	-1743.64722812	
-4.87009527132	-1743.64624352	
-4.87264955112	-1743.64527054	
-4.8751973232	-1743.64430908	
-4.87773862063	-1743.64335905	
-4.88027347623	-1743.64242032	
-4.88280192259	-1743.64149282	
-4.88532399202	-1743.64057643	
-4.88783971662	-1743.63967105	
-4.89034912822	-1743.6387766	
-4.89285225844	-1743.63789297	
-4.89534913864	-1743.63702007	
-4.89783979995	-1743.6361578	
-4.90032427328	-1743.63530607	
-4.90280258929	-1743.63446479	
-4.90527477844	-1743.63363387	
-4.90774087093	-1743.63281321	
-4.91020089677	-1743.63200273	
-4.91265488574	-1743.63120234	
-4.91510286737	-1743.63041195	
-4.91754487103	-1743.62963147	
-4.91998092583	-1743.62886082	
-4.92241106068	-1743.62809992	
-4.92483530429	-1743.62734867	
-4.92725368516	-1743.62660699	
-4.92966623156	-1743.62587481	
-4.93207297159	-1743.62515204	
-4.93447393313	-1743.6244386	
-4.93686914386	-1743.62373442	
-4.93925863125	-1743.6230394	
-4.94164242261	-1743.62235348	
-4.94402054501	-1743.62167657	
-4.94639302537	-1743.6210086	
-4.94875989038	-1743.6203495	
-4.95112116656	-1743.61969918	
-4.95347688026	-1743.61905758	
-4.9558270576	-1743.61842461	
-4.95817172456	-1743.61780021	
-4.96051090691	-1743.61718431	
-4.96284463026	-1743.61657683	
-4.96517292002	-1743.61597771	
-4.96749580144	-1743.61538686	
-4.96981329958	-1743.61480423	
-4.97212543933	-1743.61422974	
-4.97443224543	-1743.61366333	
-4.97673374242	-1743.61310493	
-4.97902995468	-1743.61255447	
-4.98132090643	-1743.61201188	
-4.98360662171	-1743.61147711	
-4.98588712441	-1743.61095008	
-4.98816243824	-1743.61043074	
-4.99043258678	-1743.60991901	
-4.99269759341	-1743.60941484	
-4.99495748138	-1743.60891816	
-4.99721227376	-1743.60842891	
-4.9994619935	-1743.60794704	
-5.00170666335	-1743.60747247	
-5.00394630595	-1743.60700515	
-5.00618094375	-1743.60654503	
-5.00841059907	-1743.60609204	
-5.0106352941	-1743.60564612	
-5.01285505083	-1743.60520722	
-5.01506989116	-1743.60477527	
-5.01727983681	-1743.60435023	
-5.01948490937	-1743.60393204	
-5.02168513028	-1743.60352064	
-5.02388052085	-1743.60311598	
-5.02607110223	-1743.60271799	
-5.02825689545	-1743.60232664	
-5.03043792139	-1743.60194186	
-5.03261420082	-1743.6015636	
-5.03478575433	-1743.60119181	
-5.03695260241	-1743.60082644	
-5.03911476542	-1743.60046744	
-5.04127226356	-1743.60011475	
-5.04342511692	-1743.59976832	
-5.04557334546	-1743.59942811	
-5.047716969	-1743.59909407	
-5.04985600725	-1743.59876614	
-5.05199047978	-1743.59844428	
-5.05412040604	-1743.59812845	
-5.05624580535	-1743.59781858	
-5.05836669692	-1743.59751463	
-5.06048309982	-1743.59721657	
-5.06259503303	-1743.59692434	
-5.06470251537	-1743.59663789	
-5.06680556556	-1743.59635718	
-5.06890420222	-1743.59608217	
-5.07099844382	-1743.5958128	
-5.07308830874	-1743.59554905	
-5.07517381523	-1743.59529085	
-5.07725498144	-1743.59503817	
-5.07933182538	-1743.59479097	
-5.08140436498	-1743.5945492	
-5.08347261805	-1743.59431282	
-5.08553660227	-1743.59408179	
-5.08759633523	-1743.59385607	
-5.08965183441	-1743.59363561	
-5.09170311719	-1743.59342038	
-5.09375020081	-1743.59321033	
-5.09579310244	-1743.59300542	
-5.09783183913	-1743.59280562	
-5.09986642782	-1743.59261088	
-5.10189688537	-1743.59242117	
-5.10392322852	-1743.59223645	
-5.1059454739	-1743.59205668	
-5.10796363806	-1743.59188181	
-5.10997773743	-1743.59171182	
-5.11198778836	-1743.59154667	
-5.11399380708	-1743.59138631	
-5.11599580975	-1743.59123072	
-5.11799381242	-1743.59107985	
-5.11998783102	-1743.59093367	
-5.12197788143	-1743.59079215	
-5.1239639794	-1743.59065524	
-5.12594614061	-1743.59052292	
-5.12792438062	-1743.59039515	
-5.12989871492	-1743.59027189	
-5.13186915891	-1743.59015311	
-5.13383572788	-1743.59003877	
-5.13579843705	-1743.58992885	
-5.13775730154	-1743.58982331	
-5.13971233637	-1743.58972212	
-5.1416635565	-1743.58962523	
-5.14361097679	-1743.58953263	
-5.145554612	-1743.58944428	
-5.14749447681	-1743.58936014	
-5.14943058584	-1743.58928019	
-5.15136295359	-1743.58920439	
-5.1532915945	-1743.58913272	
-5.15521652291	-1743.58906513	
-5.15713775309	-1743.58900161	
-5.15905529921	-1743.58894212	
-5.1609691754	-1743.58888663	
-5.16287939565	-1743.58883511	
-5.16478597392	-1743.58878753	
-5.16668892407	-1743.58874386	
-5.16858825987	-1743.58870408	
-5.17048399504	-1743.58866815	
-5.17237614319	-1743.58863605	
-5.17426471788	-1743.58860774	
-5.17614973257	-1743.5885832	
-5.17803120067	-1743.58856241	
-5.1799091355	-1743.58854533	
-5.18178355029	-1743.58853193	
-5.18365445823	-1743.5885222	
-5.1855218724	-1743.58851609	
-5.18738580584	-1743.58851359	
-5.18924627149	-1743.58851467	
-5.19110328224	-1743.58851931	
-5.19295685089	-1743.58852747	
-5.19480699018	-1743.58853913	
-5.19665371277	-1743.58855426	
-5.19849703127	-1743.58857285	
-5.20033695819	-1743.58859486	
-5.202173506	-1743.58862027	
-5.20400668708	-1743.58864906	
-5.20583651375	-1743.58868119	
-5.20766299828	-1743.58871665	
-5.20948615284	-1743.58875541	
-5.21130598956	-1743.58879745	
-5.21312252048	-1743.58884275	
-5.21493575761	-1743.58889127	
-5.21674571285	-1743.588943	
-5.21855239808	-1743.58899792	
-5.22035582508	-1743.58905599	
-5.22215600558	-1743.5891172	
-5.22395295126	-1743.58918153	
-5.22574667371	-1743.58924895	
-5.22753718449	-1743.58931944	
-5.22932449506	-1743.58939297	
-5.23110861685	-1743.58946954	
-5.23288956123	-1743.5895491	
-5.23466733947	-1743.58963165	
-5.23644196283	-1743.58971716	
-5.23821344248	-1743.58980562	
-5.23998178954	-1743.58989699	
-5.24174701506	-1743.58999125	
-5.24350913005	-1743.5900884	
-5.24526814546	-1743.5901884	
-5.24702407216	-1743.59029123	
-5.24877692099	-1743.59039689	
-5.25052670271	-1743.59050533	
-5.25227342805	-1743.59061656	
-5.25401710765	-1743.59073054	
-5.25575775213	-1743.59084725	
-5.25749537203	-1743.59096669	
-5.25922997784	-1743.59108882	
-5.26096158	-1743.59121362	
-5.2626901889	-1743.59134109	
-5.26441581487	-1743.5914712	
-5.26613846818	-1743.59160393	
-5.26785815906	-1743.59173926	
-5.26957489768	-1743.59187718	
-5.27128869416	-1743.59201766	
-5.27299955856	-1743.59216069	
-5.27470750091	-1743.59230625	
-5.27641253116	-1743.59245432	
-5.27811465923	-1743.59260489	
-5.27981389498	-1743.59275793	
-5.28151024823	-1743.59291344	
-5.28320372874	-1743.59307138	
-5.28489434622	-1743.59323175	
-5.28658211033	-1743.59339453	
-5.28826703069	-1743.5935597	
-5.28994911688	-1743.59372724	
-5.2916283784	-1743.59389714	
-5.29330482472	-1743.59406937	
-5.29497846528	-1743.59424394	
-5.29664930945	-1743.59442081	
-5.29831736655	-1743.59459997	
-5.29998264587	-1743.59478141	
-5.30164515664	-1743.59496511	
-5.30330490806	-1743.59515105	
-5.30496190927	-1743.59533922	
-5.30661616936	-1743.5955296	
-5.3082676974	-1743.59572218	
-5.30991650239	-1743.59591694	
-5.3115625933	-1743.59611386	
-5.31320597904	-1743.59631294	
-5.3148466685	-1743.59651416	
-5.3164846705	-1743.59671749	
-5.31811999384	-1743.59692293	
-5.31975264727	-1743.59713047	
-5.32138263948	-1743.59734008	
-5.32300997914	-1743.59755175	
-5.32463467487	-1743.59776548	
-5.32625673524	-1743.59798123	
-5.32787616879	-1743.59819901	
-5.32949298402	-1743.59841879	
-5.33110718937	-1743.59864057	
-5.33271879327	-1743.59886432	
-5.33432780407	-1743.59909004	
-5.33593423012	-1743.59931771	
-5.3375380797	-1743.59954732	
-5.33913936107	-1743.59977885	
-5.34073808243	-1743.60001229	
-5.34233425196	-1743.60024762	
-5.3439278778	-1743.60048485	
-5.34551896803	-1743.60072394	
-5.34710753072	-1743.60096489	
-5.34869357387	-1743.60120769	
-5.35027710548	-1743.60145232	
-5.35185813348	-1743.60169877	
-5.35343666577	-1743.60194703	
-5.35501271022	-1743.60219708	
-5.35658627467	-1743.60244892	
-5.3581573669	-1743.60270252	
-5.35972599468	-1743.60295789	
-5.36129216571	-1743.60321499	
-5.36285588769	-1743.60347384	
-5.36441716825	-1743.6037344	
-5.36597601502	-1743.60399668	
-5.36753243557	-1743.60426065	
-5.36908643744	-1743.60452631	
-5.37063802813	-1743.60479365	
-5.37218721511	-1743.60506265	
-5.37373400583	-1743.6053333	
-5.37527840768	-1743.60560559	
-5.37682042804	-1743.60587951	
-5.37836007422	-1743.60615505	
-5.37989735354	-1743.60643219	
-5.38143227326	-1743.60671093	
-5.38296484061	-1743.60699126	
-5.38449506279	-1743.60727316	
-5.38602294697	-1743.60755663	
-5.38754850028	-1743.60784164	
-5.38907172982	-1743.6081282	
-5.39059264266	-1743.60841629	
-5.39211124583	-1743.6087059	
-5.39362754635	-1743.60899703	
-5.39514155118	-1743.60928965	
-5.39665326727	-1743.60958376	
-5.39816270152	-1743.60987935	
-5.39966986081	-1743.61017641	
-5.40117475199	-1743.61047493	
-5.40267738187	-1743.6107749	
-5.40417775725	-1743.61107631	
-5.40567588487	-1743.61137914	
-5.40717177146	-1743.6116834	
-5.40866542372	-1743.61198907	
-5.4101568483	-1743.61229614	
-5.41164605186	-1743.6126046	
-5.41313304098	-1743.61291444	
-5.41461782224	-1743.61322565	
-5.4161004022	-1743.61353822	
-5.41758078737	-1743.61385215	
-5.41905898424	-1743.61416742	
-5.42053499927	-1743.61448402	
-5.42200883889	-1743.61480195	
-5.4234805095	-1743.6151212	
-5.42495001748	-1743.61544176	
-5.42641736918	-1743.61576361	
-5.4278825709	-1743.61608675	
-5.42934562895	-1743.61641117	
-5.43080654959	-1743.61673687	
-5.43226533906	-1743.61706383	
-5.43372200355	-1743.61739204	
-5.43517654927	-1743.6177215	
-5.43662898235	-1743.6180522	
-5.43807930892	-1743.61838412	
-5.4395275351	-1743.61871727	
-5.44097366695	-1743.61905162	
-5.44241771052	-1743.61938719	
-5.44385967184	-1743.61972394	
-5.4452995569	-1743.62006189	
-5.44673737167	-1743.62040101	
-5.44817312209	-1743.62074131	
-5.44960681409	-1743.62108277	
-5.45103845357	-1743.62142538	
-5.45246804638	-1743.62176914	
-5.45389559837	-1743.62211404	
-5.45532111536	-1743.62246007	
-5.45674460314	-1743.62280723	
-5.45816606749	-1743.6231555	
-5.45958551414	-1743.62350488	
-5.46100294883	-1743.62385536	
-5.46241837723	-1743.62420694	
-5.46383180503	-1743.6245596	
-5.46524323786	-1743.62491334	
-5.46665268137	-1743.62526815	
-5.46806014114	-1743.62562402	
-5.46946562274	-1743.62598095	
-5.47086913175	-1743.62633893	
-5.47227067367	-1743.62669795	
-5.47367025403	-1743.62705801	
-5.47506787829	-1743.62741909	
-5.47646355193	-1743.6277812	
-5.47785728038	-1743.62814431	
-5.47924906905	-1743.62850844	
-5.48063892334	-1743.62887356	
-5.48202684862	-1743.62923968	
-5.48341285022	-1743.62960678	
-5.48479693349	-1743.62997486	
-5.48617910372	-1743.63034392	
-5.48755936619	-1743.63071394	
-5.48893772616	-1743.63108492	
-5.49031418887	-1743.63145685	
-5.49168875953	-1743.63182973	
-5.49306144334	-1743.63220354	
-5.49443224547	-1743.63257829	
-5.49580117108	-1743.63295397	
-5.49716822529	-1743.63333056	
-5.49853341322	-1743.63370807	
-5.49989673995	-1743.63408649	
-5.50125821054	-1743.63446581	
-5.50261783006	-1743.63484602	
-5.50397560352	-1743.63522712	
-5.50533153593	-1743.6356091	
-5.50668563228	-1743.63599196	
-5.50803789753	-1743.63637569	
-5.50938833663	-1743.63676029	
-5.5107369545	-1743.63714574	
-5.51208375605	-1743.63753205	
-5.51342874616	-1743.6379192	
-5.51477192971	-1743.63830719	
-5.51611331154	-1743.63869601	
-5.51745289646	-1743.63908567	
-5.51879068931	-1743.63947615	
-5.52012669485	-1743.63986744	
-5.52146091786	-1743.64025955	
-5.5227933631	-1743.64065246	
-5.52412403528	-1743.64104618	
-5.52545293913	-1743.64144069	
-5.52678007934	-1743.64183598	
-5.52810546058	-1743.64223207	
-5.52942908751	-1743.64262893	
-5.53075096477	-1743.64302656	
-5.53207109697	-1743.64342496	
-5.53338948873	-1743.64382412	
-5.53470614461	-1743.64422404	
-5.53602106919	-1743.64462471	
-5.53733426702	-1743.64502612	
-5.53864574262	-1743.64542828	
-5.5399555005	-1743.64583117	
-5.54126354516	-1743.64623479	
-5.54256988107	-1743.64663914	
-5.5438745127	-1743.64704421	
-5.54517744448	-1743.64744999	
-5.54647868084	-1743.64785649	
-5.54777822618	-1743.64826369	
-5.5490760849	-1743.64867158	
-5.55037226136	-1743.64908018	
-5.55166675992	-1743.64948946	
-5.55295958492	-1743.64989943	
-5.55425074069	-1743.65031008	
-5.55554023152	-1743.65072141	
-5.5568280617	-1743.6511334	
-5.55811423551	-1743.65154606	
-5.5593987572	-1743.65195939	
-5.56068163102	-1743.65237337	
-5.56196286117	-1743.652788	
-5.56324245188	-1743.65320328	
-5.56452040732	-1743.6536192	
-5.56579673168	-1743.65403576	
-5.56707142911	-1743.65445296	
-5.56834450376	-1743.65487078	
-5.56961595975	-1743.65528923	
-5.57088580119	-1743.65570829	
-5.57215403218	-1743.65612798	
-5.57342065679	-1743.65654827	
-5.5746856791	-1743.65696917	
-5.57594910315	-1743.65739068	
-5.57721093297	-1743.65781278	
-5.57847117258	-1743.65823547	
-5.57972982599	-1743.65865876	
-5.58098689718	-1743.65908263	
-5.58224239012	-1743.65950708	
-5.58349630878	-1743.65993211	
-5.5847486571	-1743.66035771	
-5.585999439	-1743.66078387	
-5.5872486584	-1743.66121061	
-5.5884963192	-1743.6616379	
-5.58974242528	-1743.66206575	
-5.59098698051	-1743.66249415	
-5.59222998875	-1743.6629231	
-5.59347145384	-1743.66335259	
-5.5947113796	-1743.66378262	
-5.59594976985	-1743.66421319	
-5.59718662839	-1743.6646443	
-5.598421959	-1743.66507592	
-5.59965576545	-1743.66550808	
-5.60088805149	-1743.66594075	
-5.60211882088	-1743.66637394	
-5.60334807733	-1743.66680765	
-5.60457582457	-1743.66724186	
-5.6058020663	-1743.66767658	
-5.60702680619	-1743.6681118	
-5.60825004793	-1743.66854752	
-5.60947179518	-1743.66898373	
-5.61069205159	-1743.66942043	
-5.61191082078	-1743.66985762	
-5.61312810639	-1743.67029529	
-5.61434391201	-1743.67073344	
-5.61555824124	-1743.67117207	
-5.61677109767	-1743.67161117	
-5.61798248485	-1743.67205074	
-5.61919240636	-1743.67249077	
-5.62040086572	-1743.67293126	
-5.62160786647	-1743.67337222	
-5.62281341212	-1743.67381363	
-5.62401750619	-1743.67425549	
-5.62522015215	-1743.67469779	
-5.6264213535	-1743.67514055	
-5.62762111369	-1743.67558374	
-5.62881943618	-1743.67602737	
-5.63001632442	-1743.67647144	
-5.63121178182	-1743.67691594	
-5.63240581181	-1743.67736086	
-5.6335984178	-1743.67780621	
-5.63478960317	-1743.67825198	
-5.6359793713	-1743.67869817	
-5.63716772557	-1743.67914478	
-5.63835466933	-1743.67959179	
-5.63954020593	-1743.68003922	
-5.64072433869	-1743.68048704	
-5.64190707094	-1743.68093528	
-5.64308840598	-1743.68138391	
-5.64426834712	-1743.68183293	
-5.64544689764	-1743.68228235	
-5.64662406082	-1743.68273216	
-5.64779983991	-1743.68318236	
-5.64897423816	-1743.68363294	
-5.65014725882	-1743.6840839	
-5.65131890512	-1743.68453524	
-5.65248918027	-1743.68498695	
-5.65365808747	-1743.68543904	
-5.65482562993	-1743.68589149	
-5.65599181082	-1743.68634431	
-5.65715663332	-1743.68679749	
-5.65832010058	-1743.68725104	
-5.65948221576	-1743.68770493	
-5.660642982	-1743.68815919	
-5.66180240242	-1743.68861379	
-5.66296048014	-1743.68906875	
-5.66411721826	-1743.68952405	
-5.66527261989	-1743.68997969	
-5.66642668811	-1743.69043568	
-5.66757942599	-1743.690892	
-5.6687308366	-1743.69134865	
-5.66988092298	-1743.69180564	
-5.67102968818	-1743.69226296	
-5.67217713524	-1743.6927206	
-5.67332326717	-1743.69317857	
-5.67446808699	-1743.69363686	
-5.67561159769	-1743.69409547	
-5.67675380227	-1743.69455439	
-5.6778947037	-1743.69501363	
-5.67903430497	-1743.69547317	
-5.68017260902	-1743.69593303	
-5.6813096188	-1743.69639319	
-5.68244533727	-1743.69685366	
-5.68357976734	-1743.69731442	
-5.68471291194	-1743.69777549	
-5.68584477397	-1743.69823685	
-5.68697535634	-1743.6986985	
-5.68810466194	-1743.69916044	
-5.68923269364	-1743.69962267	
-5.69035945432	-1743.70008519	
-5.69148494685	-1743.70054799	
-5.69260917406	-1743.70101107	
-5.6937321388	-1743.70147442	
-5.69485384391	-1743.70193806	
-5.69597429221	-1743.70240197	
-5.69709348651	-1743.70286614	
-5.69821142961	-1743.70333059	
-5.69932812431	-1743.70379531	
-5.70044357339	-1743.70426028	
-5.70155777963	-1743.70472552	
-5.7026707458	-1743.70519102	
-5.70378247466	-1743.70565678	
-5.70489296894	-1743.70612279	
-5.70600223139	-1743.70658906	
-5.70711026475	-1743.70705557	
-5.70821707172	-1743.70752233	
-5.70932265503	-1743.70798934	
-5.71042701737	-1743.70845659	
-5.71153016145	-1743.70892409	
-5.71263208993	-1743.70939182	
-5.71373280551	-1743.70985979	
-5.71483231084	-1743.710328	
-5.71593060859	-1743.71079644	
-5.71702770141	-1743.71126511	
-5.71812359193	-1743.711734	
-5.71921828279	-1743.71220313	
-5.72031177661	-1743.71267248	
-5.72140407601	-1743.71314205	
-5.72249518359	-1743.71361184	
-5.72358510195	-1743.71408185	
-5.72467383369	-1743.71455207	
-5.72576138137	-1743.71502251	
-5.72684774759	-1743.71549316	
-5.72793293489	-1743.71596403	
-5.72901694583	-1743.71643509	
-5.73009978297	-1743.71690637	
-5.73118144884	-1743.71737785	
-5.73226194598	-1743.71784953	
-5.7333412769	-1743.71832141	
-5.73441944412	-1743.71879349	
-5.73549645015	-1743.71926577	
-5.73657229748	-1743.71973824	
-5.73764698861	-1743.7202109	
-5.73872052602	-1743.72068375	
-5.73979291218	-1743.7211568	
-5.74086414956	-1743.72163002	
-5.74193424062	-1743.72210344	
-5.74300318781	-1743.72257703	
-5.74407099357	-1743.72305081	
-5.74513766034	-1743.72352477	
-5.74620319054	-1743.7239989	
-5.7472675866	-1743.72447321	
-5.74833085092	-1743.72494769	
-5.74939298591	-1743.72542235	
-5.75045399397	-1743.72589717	
-5.75151387748	-1743.72637217	
-5.75257263883	-1743.72684733	
-5.75363028038	-1743.72732265	
-5.75468680452	-1743.72779814	
-5.75574221359	-1743.72827379	
-5.75679650994	-1743.7287496	
-5.75784969593	-1743.72922556	
-5.75890177388	-1743.72970169	
-5.75995274612	-1743.73017796	
-5.76100261499	-1743.73065439	
-5.76205138278	-1743.73113098	
-5.76309905181	-1743.73160771	
-5.76414562438	-1743.73208459	
-5.76519110278	-1743.73256161	
-5.7662354893	-1743.73303878	
-5.76727878622	-1743.73351609	
-5.76832099579	-1743.73399355	
-5.7693621203	-1743.73447114	
-5.770402162	-1743.73494887	
-5.77144112313	-1743.73542674	
-5.77247900594	-1743.73590474	
-5.77351581267	-1743.73638287	
-5.77455154554	-1743.73686114	
-5.77558620679	-1743.73733954	
-5.77661979861	-1743.73781806	
-5.77765232322	-1743.73829672	
-5.77868378283	-1743.7387755	
-5.77971417962	-1743.7392544	
-5.78074351579	-1743.73973342	
-5.78177179352	-1743.74021257	
-5.78279901497	-1743.74069183	
-5.78382518233	-1743.74117121	
-5.78485029774	-1743.74165071	
-5.78587436337	-1743.74213033	
-5.78689738137	-1743.74261005	
-5.78791935386	-1743.74308989	
-5.788940283	-1743.74356984	
-5.7899601709	-1743.7440499	
-5.79097901969	-1743.74453007	
-5.79199683148	-1743.74501034	
-5.79301360838	-1743.74549072	
-5.7940293525	-1743.7459712	
-5.79504406593	-1743.74645178	
-5.79605775077	-1743.74693247	
-5.79707040908	-1743.74741325	
-5.79808204295	-1743.74789413	
-5.79909265446	-1743.7483751	
-5.80010224566	-1743.74885618	
-5.80111081862	-1743.74933734	
-5.80211837538	-1743.7498186	
-5.80312491799	-1743.75029995	
-5.80413044849	-1743.75078139	
-5.80513496892	-1743.75126291	
-5.80613848129	-1743.75174453	
-5.80714098764	-1743.75222623	
-5.80814248998	-1743.75270801	
-5.80914299031	-1743.75318988	
