#Site	lnL	
0	-10.3099563475
1	-7.09086679674
2	-10.7586480552
3	-8.65379810349
4	-15.4419780213
5	-8.66906400729
6	-12.5118267886
7	-13.4686288158
8	-24.8914162321
9	-14.0293054599
10	-16.7052545696
11	-7.46359810358
12	-10.6876940866
13	-9.90590219797
14	-10.3442361448
15	-14.4685101477
16	-6.36470994878
17	-10.5703293881
18	-15.6821443831
19	-16.9519443953
20	-14.7442458646
21	-12.063686248
22	-18.5136295067
23	-7.76752760242
24	-10.9254470531
25	-13.9208235129
26	-8.65379810349
27	-16.7857690865
28	-10.3074206055
29	-6.36470994878
30	-7.16664368401
31	-28.8665315464
32	-10.8045012418
33	-17.1714161864
34	-8.66906400729
35	-16.3781889263
36	-9.67809983821
37	-7.04175999578
38	-21.8407242374
39	-6.37641569172
40	-16.7362457513
41	-10.343274171
42	-7.08594061342
43	-11.2058156414
44	-10.6385253197
45	-12.3666763847
46	-8.67232739766
47	-14.5193809065
48	-21.5792204214
49	-7.82998378255
50	-7.32237069194
51	-10.1400391898
52	-12.6280029454
53	-22.9297551997
54	-11.088472827
55	-18.8812732521
56	-11.2400842032
57	-10.8977968776
58	-15.9229841918
59	-10.2167308612
60	-15.0561078472
61	-7.04175999578
62	-7.82998378255
63	-13.1268074751
64	-10.0173810419
65	-19.7238112694
66	-13.1962724168
67	-13.6516633386
68	-14.1650608672
69	-18.6536098157
70	-13.4059677273
71	-13.4507701876
72	-19.1198311667
73	-9.51212408013
74	-7.72052454945
75	-8.93233594837
76	-14.0085250583
77	-6.36470994878
78	-7.76807313603
79	-17.1584928072
80	-11.6663793375
81	-12.7462478749
82	-10.5417112382
83	-8.06667353797
84	-12.288762903
85	-18.4050571145
86	-15.219875837
87	-10.2193530056
88	-14.0692770912
89	-15.7553705778
90	-7.46359810358
91	-14.3459561826
92	-7.46359810358
93	-22.2375582883
94	-9.33551257883
95	-12.6084845492
96	-10.7890676802
97	-8.29258325811
98	-9.25432000077
99	-11.3312986054
100	-11.6192140672
101	-17.5489176228
102	-8.06667353797
103	-13.9400865541
104	-8.77868151818
105	-13.5583650596
106	-9.07571878515
107	-15.025602855
108	-13.7091929609
109	-7.30532037724
110	-10.8287561625
111	-21.5021470912
112	-16.7775774892
113	-9.67809983821
114	-9.1459577386
115	-9.32534778942
116	-7.30532037724
117	-10.3694975209
118	-9.02847143102
119	-9.02847143102
120	-13.4740849235
121	-16.9898389633
122	-19.1018351973
123	-19.4267755793
124	-12.1438530557
125	-10.7118332581
126	-12.3043624098
127	-20.1946269973
128	-17.985426757
129	-17.0836336937
130	-16.3328267011
131	-12.3121770813
132	-15.1069868418
133	-15.3435968976
134	-6.37641569172
135	-20.7268700967
136	-13.4398108146
137	-16.7860528193
138	-21.4121814807
139	-15.004487452
140	-19.0359490643
141	-8.29258325811
142	-13.8719083511
143	-7.58105574872
144	-7.67362685927
145	-6.36470994878
146	-15.8972218885
147	-10.4911671123
148	-11.7502633121
149	-8.93233594837
150	-15.488279278
151	-14.7837144893
152	-6.37641569172
153	-7.76807313603
154	-12.1849604357
155	-10.3226236065
156	-16.4187185148
157	-10.7508195005
158	-8.24443477146
159	-18.3854017292
160	-15.9878131514
161	-14.1609469803
162	-15.3936282339
