#Site	lnL	
0	-2.05878755848
1	-1.631963754
2	-2.08812245997
3	-8.56030017614
4	-1.74883775548
5	-2.08812245997
6	-2.22106541613
7	-2.00061453703
8	-6.26719044266
9	-1.6740310257
10	-2.1682813444
11	-16.0098082693
12	-2.22106541613
13	-1.74883775548
14	-2.01821527662
15	-1.78569392198
16	-1.631963754
17	-2.01821527662
18	-2.22106541613
19	-2.00061453703
20	-10.4714262414
21	-1.6740310257
22	-1.74883775548
23	-2.53728841934
24	-10.7384276157
25	-2.00061453703
26	-7.24697651576
27	-1.6740310257
28	-1.631963754
29	-2.65634245894
30	-2.22106541613
31	-1.74883775548
32	-5.38341313105
33	-6.23870451288
34	-1.74883775548
35	-4.96714069796
36	-2.05878755848
37	-1.631963754
38	-12.3284328203
39	-2.22106541613
40	-1.631963754
41	-2.08812245997
42	-1.78569392198
43	-2.00061453703
44	-6.14287238739
45	-2.22106541613
46	-1.631963754
47	-4.96714069796
48	-1.78569392198
49	-1.631963754
50	-2.01821527662
51	-7.48613828871
52	-1.631963754
53	-6.04784194267
54	-1.6740310257
55	-1.631963754
56	-9.85025789911
57	-1.6740310257
58	-1.631963754
59	-4.96714069796
60	-2.05878755848
61	-1.74883775548
62	-8.92500507373
63	-2.05878755848
64	-1.74883775548
65	-2.65634245894
66	-2.05878755848
67	-2.1682813444
68	-14.5839215844
69	-1.78569392198
70	-2.1682813444
71	-10.9955246683
72	-2.22106541613
73	-2.1682813444
74	-4.96714069796
75	-1.6740310257
76	-2.00061453703
77	-11.7559545711
78	-1.6740310257
79	-1.631963754
80	-5.63143165732
81	-1.78569392198
82	-1.74883775548
83	-2.01821527662
84	-1.6740310257
85	-1.631963754
86	-2.08812245997
87	-1.6740310257
88	-1.631963754
89	-2.01821527662
90	-9.63300392222
91	-1.631963754
92	-2.08812245997
93	-2.05878755848
94	-2.00061453703
95	-4.96714069796
96	-2.05878755848
97	-1.74883775548
98	-2.08812245997
99	-2.05878755848
100	-1.631963754
101	-11.0167959823
102	-1.6740310257
103	-1.74883775548
104	-10.6104891792
105	-2.05878755848
106	-2.1682813444
107	-2.01821527662
108	-2.22106541613
109	-2.00061453703
110	-5.12373661294
111	-1.78569392198
112	-2.1682813444
113	-6.26719044266
114	-2.22106541613
115	-2.1682813444
116	-2.53728841934
117	-1.6740310257
118	-2.1682813444
119	-7.72927457227
120	-1.6740310257
121	-2.1682813444
122	-2.53728841934
123	-1.78569392198
124	-1.631963754
125	-7.76979775082
126	-1.78569392198
127	-1.74883775548
128	-9.20275553933
129	-1.78569392198
130	-1.631963754
131	-8.51005636712
132	-1.78569392198
133	-8.53398212237
134	-10.1099594534
135	-1.78569392198
136	-1.631963754
137	-8.40499892152
138	-1.6740310257
139	-1.631963754
140	-8.51005636712
141	-1.78569392198
142	-1.74883775548
143	-2.08812245997
144	-2.05878755848
145	-1.631963754
146	-5.38341313105
147	-1.6740310257
148	-1.74883775548
149	-5.54747353437
150	-1.78569392198
151	-1.631963754
152	-8.92500507373
153	-2.05878755848
154	-2.00061453703
155	-6.92758638175
156	-2.22106541613
157	-2.1682813444
158	-11.4059688633
159	-1.78569392198
160	-1.74883775548
161	-2.01821527662
162	-1.78569392198
163	-2.1682813444
164	-6.11078594606
165	-1.6740310257
166	-2.00061453703
167	-11.1912340205
168	-1.78569392198
169	-2.00061453703
170	-4.96714069796
171	-1.6740310257
172	-2.00061453703
173	-2.53728841934
174	-2.22106541613
175	-1.631963754
176	-9.75345089133
177	-1.6740310257
178	-1.631963754
179	-6.29417751353
180	-1.78569392198
181	-1.74883775548
182	-7.42462897673
183	-1.6740310257
184	-1.74883775548
185	-12.6789262141
186	-2.05878755848
187	-1.74883775548
188	-2.01821527662
189	-1.78569392198
190	-1.631963754
191	-8.01503642256
192	-2.22106541613
193	-2.1682813444
194	-15.1285507254
195	-1.6740310257
196	-1.631963754
197	-6.11078594606
198	-1.78569392198
199	-1.631963754
200	-2.08812245997
201	-2.05878755848
202	-1.631963754
203	-5.54747353437
204	-1.78569392198
205	-1.631963754
206	-2.65634245894
207	-1.78569392198
208	-2.1682813444
209	-8.37689176917
210	-1.78569392198
211	-1.631963754
212	-7.41103950055
213	-1.6740310257
214	-1.631963754
215	-2.53728841934
216	-1.78569392198
217	-2.1682813444
218	-7.72927457227
219	-6.53809613514
220	-1.631963754
221	-5.12373661294
222	-14.1533730149
223	-7.29165432148
224	-5.38341313105
225	-1.78569392198
226	-2.00061453703
227	-2.08812245997
228	-1.78569392198
229	-2.00061453703
230	-12.1848148655
231	-2.22106541613
232	-1.74883775548
233	-8.52092266819
234	-1.78569392198
235	-1.74883775548
236	-2.01821527662
237	-1.78569392198
238	-1.631963754
239	-22.2805886351
240	-2.05878755848
241	-1.74883775548
242	-11.8734840317
243	-2.22106541613
244	-1.74883775548
245	-5.7939567693
246	-1.6740310257
247	-2.1682813444
248	-6.04784194267
249	-1.78569392198
250	-2.00061453703
251	-2.08812245997
252	-2.22106541613
253	-2.00061453703
254	-6.69266521934
255	-2.05878755848
256	-1.74883775548
257	-9.06050644221
258	-1.78569392198
259	-1.631963754
260	-2.08812245997
261	-2.05878755848
262	-2.1682813444
263	-2.01821527662
264	-2.05878755848
265	-1.631963754
266	-12.9294983986
267	-2.05878755848
268	-2.00061453703
269	-12.4795659186
270	-1.78569392198
271	-8.54638090678
272	-8.01503642256
273	-2.22106541613
274	-1.631963754
275	-12.7405785395
276	-1.6740310257
277	-2.00061453703
278	-10.5477487917
279	-1.78569392198
280	-1.74883775548
281	-5.20945275898
282	-1.6740310257
283	-2.1682813444
284	-2.53728841934
285	-1.6740310257
286	-1.74883775548
287	-2.65634245894
288	-1.6740310257
289	-8.26088531237
290	-6.68349173545
291	-1.78569392198
292	-1.631963754
293	-6.49515279542
294	-6.23870451288
295	-2.00061453703
296	-2.01821527662
297	-1.6740310257
298	-1.631963754
299	-10.543278215
300	-2.05878755848
301	-1.631963754
302	-5.20945275898
303	-2.22106541613
304	-1.631963754
305	-6.35270724147
306	-1.6740310257
307	-2.00061453703
308	-2.65634245894
309	-1.6740310257
310	-2.1682813444
311	-2.08812245997
312	-1.78569392198
313	-1.74883775548
314	-2.08812245997
315	-1.6740310257
316	-1.631963754
317	-4.88053914273
318	-1.6740310257
319	-2.1682813444
320	-2.08812245997
321	-1.6740310257
322	-1.74883775548
323	-2.53728841934
324	-1.6740310257
325	-1.631963754
326	-2.53728841934
327	-6.25424752574
328	-2.1682813444
329	-2.65634245894
330	-1.78569392198
331	-1.631963754
332	-8.37689176917
333	-1.6740310257
334	-1.74883775548
335	-10.1791374993
336	-2.05878755848
337	-2.1682813444
338	-2.01821527662
339	-1.6740310257
340	-1.631963754
341	-5.38341313105
342	-1.78569392198
343	-1.74883775548
344	-15.6836341964
345	-2.05878755848
346	-2.00061453703
347	-4.96714069796
348	-2.22106541613
349	-1.74883775548
350	-16.8054273362
351	-1.78569392198
352	-2.00061453703
353	-6.53631738871
354	-1.6740310257
355	-1.74883775548
356	-2.53728841934
357	-1.6740310257
358	-1.74883775548
359	-6.68349173545
360	-2.05878755848
361	-2.00061453703
362	-10.7410102662
363	-2.05878755848
364	-2.00061453703
365	-2.01821527662
366	-1.78569392198
367	-1.631963754
368	-9.91697737929
369	-1.78569392198
370	-1.631963754
371	-5.79089983525
372	-1.6740310257
373	-1.631963754
374	-2.01821527662
375	-8.10438416516
376	-2.00061453703
377	-6.35270724147
378	-1.78569392198
379	-1.631963754
380	-18.5064383624
381	-1.6740310257
382	-1.74883775548
383	-5.63143165732
384	-1.78569392198
385	-2.00061453703
386	-6.45228181615
387	-1.6740310257
388	-2.00061453703
389	-5.7939567693
390	-1.78569392198
391	-1.74883775548
392	-8.14658527467
393	-1.78569392198
394	-2.1682813444
395	-5.38341313105
396	-7.42214192027
397	-1.631963754
398	-15.5607039694
399	-1.78569392198
400	-2.1682813444
401	-2.01821527662
402	-2.22106541613
403	-1.74883775548
404	-8.83839235823
405	-1.6740310257
406	-7.29165432148
407	-13.9772366931
408	-2.05878755848
409	-2.1682813444
410	-5.38341313105
411	-8.84404840378
412	-1.631963754
413	-7.09054385603
414	-2.05878755848
415	-1.631963754
416	-5.7939567693
417	-1.6740310257
418	-2.1682813444
419	-2.53728841934
420	-1.78569392198
421	-2.1682813444
422	-6.04803756847
423	-1.6740310257
424	-1.74883775548
425	-2.01821527662
426	-2.05878755848
427	-2.00061453703
428	-16.6208242201
429	-1.78569392198
430	-9.12481768528
431	-2.08812245997
432	-2.22106541613
433	-2.00061453703
434	-2.08812245997
435	-2.05878755848
436	-1.74883775548
437	-2.08812245997
438	-2.22106541613
439	-2.00061453703
440	-2.08812245997
441	-2.22106541613
442	-1.631963754
443	-7.34387009896
444	-1.6740310257
445	-1.631963754
446	-2.01821527662
447	-1.6740310257
448	-1.74883775548
449	-5.63143165732
450	-1.78569392198
451	-2.00061453703
452	-14.7956045417
453	-1.6740310257
454	-1.631963754
455	-2.53728841934
456	-2.05878755848
457	-2.00061453703
458	-5.54747353437
459	-2.22106541613
460	-2.1682813444
461	-5.73373447172
462	-2.22106541613
463	-1.631963754
464	-9.27737527314
465	-6.80030477014
466	-1.631963754
467	-2.01821527662
468	-1.6740310257
469	-2.1682813444
470	-6.50739614225
471	-1.6740310257
472	-2.00061453703
473	-9.46075532159
474	-2.05878755848
475	-1.631963754
476	-6.45228181615
477	-2.05878755848
478	-2.1682813444
479	-7.90067247844
480	-1.78569392198
481	-1.74883775548
482	-7.41103950055
483	-1.6740310257
484	-1.631963754
485	-2.65634245894
486	-2.22106541613
487	-2.00061453703
488	-11.1347021648
