-7.337733137085359347e-01
-5.994984268080948420e-01
-8.246888580947204783e-01
2.680674461231295602e+00
-5.994234994399055827e-01
2.421931180670450434e+00
-1.347283915307832536e-01
1.000000011102230267e-08
-4.449213280840477402e+00
-5.225524012752823744e+00
-3.980022691227354859e+00
-4.398137263870166791e+00
-6.538180297668763963e+00
-5.977676101105775963e+00
-6.014560503944458958e+00
-4.931675420462413584e+00
-6.186812415238200025e+00
-5.306046190754371672e+00
-5.223281023569662729e+00
-6.502929451274076733e+00
