# log_p 	 lnL 	 
0.0	-1644.69578952	
-0.287682072452	-1644.71606229	
-0.510825623766	-1644.73068415	
-0.69314718056	-1644.73628403	
-0.847297860387	-1644.73254012	
-0.980829253012	-1644.7206659	
-1.09861228867	-1644.70243131	
-1.20397280433	-1644.67964889	
-1.29928298413	-1644.65393745	
-1.38629436112	-1644.62663658	
-1.46633706879	-1644.59879872	
-1.54044504095	-1644.5712173	
-1.60943791243	-1644.54446815	
-1.67397643357	-1644.51895217	
-1.73460105539	-1644.49493399	
-1.79175946923	-1644.47257449	
-1.8458266905	-1644.45195719	
-1.89711998489	-1644.433109	
-1.94591014906	-1644.41601626	
-1.99243016469	-1644.40063694	
-2.03688192726	-1644.38690987	
-2.07944154168	-1644.37476158	
-2.1202635362	-1644.36411136	
-2.15948424935	-1644.35487494	
-2.19722457734	-1644.34696714	
-2.23359222151	-1644.34030374	
-2.26868354132	-1644.33480275	
-2.30258509299	-1644.33038528	
-2.33537491582	-1644.32697604	
-2.36712361413	-1644.3245037	
-2.3978952728	-1644.32290094	
-2.42774823595	-1644.32210454	
-2.45673577282	-1644.32205525	
-2.48490664979	-1644.3226977	
-2.51230562398	-1644.3239802	
-2.53897387106	-1644.3258546	
-2.56494935746	-1644.32827604	
-2.59026716545	-1644.33120279	
-2.61495977804	-1644.33459602	
-2.63905732962	-1644.33841963	
-2.66258782703	-1644.34264003	
-2.68557734525	-1644.34722599	
-2.7080502011	-1644.35214848	
-2.73002910782	-1644.35738047	
-2.75153531304	-1644.36289681	
-2.77258872224	-1644.36867411	
-2.79320800944	-1644.37469058	
-2.81341071676	-1644.38092593	
-2.83321334406	-1644.38736123	
-2.85263142991	-1644.39397888	
-2.87167962488	-1644.40076243	
-2.8903717579	-1644.40769657	
-2.90872089656	-1644.41476699	
-2.92673940207	-1644.42196036	
-2.94443897917	-1644.42926422	
-2.96183072188	-1644.43666694	
-2.97892515524	-1644.44415765	
-2.99573227355	-1644.4517262	
-3.01226157551	-1644.45936313	
-3.02852209638	-1644.46705956	
-3.04452243772	-1644.47480722	
-3.06027079469	-1644.48259836	
-3.07577498123	-1644.49042576	
-3.09104245336	-1644.49828265	
-3.10608033072	-1644.50616271	
-3.12089541651	-1644.51406003	
-3.13549421593	-1644.52196908	
-3.14988295338	-1644.52988472	
-3.16406758837	-1644.53780212	
-3.17805383035	-1644.54571677	
-3.19184715248	-1644.55362448	
-3.20545280454	-1644.56152131	
-3.21887582487	-1644.5694036	
-3.23212105162	-1644.57726794	
-3.24519313319	-1644.58511114	
-3.25809653802	-1644.59293023	
-3.2708355638	-1644.60072245	
-3.28341434601	-1644.60848523	
-3.295836866	-1644.61621617	
-3.3081069586	-1644.62391306	
-3.32022831913	-1644.63157382	
-3.33220451018	-1644.63919656	
-3.34403896782	-1644.6467795	
-3.35573500759	-1644.654321	
-3.36729582999	-1644.66181955	
-3.37872452581	-1644.66927376	
-3.39002408106	-1644.67668235	
-3.40119738166	-1644.68404413	
-3.41224721785	-1644.69135803	
-3.42317628838	-1644.69862307	
-3.43398720449	-1644.70583834	
-3.4446824936	-1644.71300302	
-3.45526460293	-1644.72011639	
-3.4657359028	-1644.72717778	
-3.47609868984	-1644.73418658	
-3.48635519	-1644.74114227	
-3.49650756147	-1644.74804438	
-3.50655789732	-1644.7548925	
-3.51650822817	-1644.76168626	
-3.52636052462	-1644.76842537	
-3.53611669956	-1644.77510955	
-3.54577861047	-1644.78173861	
-3.55534806149	-1644.78831236	
-3.56482680544	-1644.79483067	
-3.57421654579	-1644.80129346	
-3.58351893846	-1644.80770067	
-3.59273559356	-1644.81405226	
-3.60186807712	-1644.82034826	
-3.61091791264	-1644.82658868	
-3.61988658263	-1644.83277361	
-3.62877553004	-1644.83890312	
-3.63758615973	-1644.84497733	
-3.6463198397	-1644.85099638	
-3.65497790244	-1644.85696043	
-3.66356164613	-1644.86286965	
-3.6720723358	-1644.86872424	
-3.68051120444	-1644.87452441	
-3.68887945411	-1644.8802704	
-3.69717825693	-1644.88596245	
-3.70540875607	-1644.89160082	
-3.7135720667	-1644.89718578	
-3.72166927694	-1644.90271762	
-3.72970144863	-1644.90819664	
-3.73766961828	-1644.91362313	
-3.74557479779	-1644.91899743	
-3.75341797525	-1644.92431984	
-3.76120011569	-1644.92959072	
-3.76892216179	-1644.93481039	
-3.77658503453	-1644.93997921	
-3.78418963392	-1644.94509754	
-3.79173683955	-1644.95016572	
-3.79922751128	-1644.95518414	
-3.80666248977	-1644.96015315	
-3.81404259707	-1644.96507315	
-3.82136863716	-1644.96994449	
-3.82864139649	-1644.97476757	
-3.83586164446	-1644.97954278	
-3.84303013394	-1644.98427049	
-3.85014760171	-1644.9889511	
-3.85721476893	-1644.99358501	
-3.86423234159	-1644.9981726	
-3.87120101091	-1645.00271427	
-3.87812145375	-1645.00721042	
-3.88499433304	-1645.01166144	
-3.89182029811	-1645.01606774	
-3.8985999851	-1645.0204297	
-3.90533401728	-1645.02474774	
-3.91202300543	-1645.02902223	
-3.91866754815	-1645.03325359	
-3.92526823218	-1645.0374422	
-3.93182563272	-1645.04158847	
-3.93834031375	-1645.04569278	
-3.94481282825	-1645.04975554	
-3.95124371858	-1645.05377713	
-3.95763351668	-1645.05775794	
-3.96398274436	-1645.06169837	
-3.97029191355	-1645.0655988	
-3.97656152657	-1645.06945962	
-3.98279207632	-1645.07328121	
-3.98898404656	-1645.07706396	
-3.99513791214	-1645.08080824	
-4.00125413916	-1645.08451443	
-4.00733318523	-1645.08818292	
-4.01337549969	-1645.09181407	
-4.01938152375	-1645.09540825	
-4.02535169074	-1645.09896583	
-4.03128642625	-1645.10248719	
-4.03718614838	-1645.10597268	
-4.04305126783	-1645.10942266	
-4.04888218815	-1645.1128375	
-4.05467930583	-1645.11621755	
-4.06044301055	-1645.11956316	
-4.06617368526	-1645.12287468	
-4.07187170637	-1645.12615247	
-4.07753744391	-1645.12939686	
-4.08317126162	-1645.13260821	
-4.08877351717	-1645.13578684	
-4.09434456222	-1645.1389331	
-4.0998847426	-1645.14204731	
-4.10539439841	-1645.14512982	
-4.11087386417	-1645.14818094	
-4.11632346894	-1645.15120101	
-4.12174353641	-1645.15419034	
-4.12713438505	-1645.15714926	
-4.13249632819	-1645.16007807	
-4.13782967416	-1645.1629771	
-4.14313472639	-1645.16584666	
-4.14841178349	-1645.16868704	
-4.15366113938	-1645.17149857	
-4.15888308336	-1645.17428153	
-4.16407790024	-1645.17703623	
-4.1692458704	-1645.17976296	
-4.1743872699	-1645.18246202	
-4.17950237056	-1645.18513369	
-4.18459144007	-1645.18777827	
-4.18965474203	-1645.19039604	
-4.19469253606	-1645.19298727	
-4.19970507788	-1645.19555226	
-4.20469261939	-1645.19809127	
-4.20965540873	-1645.20060457	
-4.21459369037	-1645.20309245	
-4.21950770518	-1645.20555516	
-4.22439769047	-1645.20799297	
-4.22926388012	-1645.21040614	
-4.2341065046	-1645.21279493	
-4.23892579103	-1645.21515961	
-4.2437219633	-1645.21750041	
-4.24849524205	-1645.2198176	
-4.25324584481	-1645.22211142	
-4.257973986	-1645.22438212	
-4.26267987704	-1645.22662994	
-4.26736372635	-1645.22885513	
-4.27202573946	-1645.23105791	
-4.27666611902	-1645.23323854	
-4.28128506487	-1645.23539723	
-4.28588277412	-1645.23753422	
-4.29045944115	-1645.23964975	
-4.29501525768	-1645.24174402	
-4.29955041285	-1645.24381728	
-4.3040650932	-1645.24586973	
-4.30855948279	-1645.24790161	
-4.31303376319	-1645.24991311	
-4.31748811354	-1645.25190447	
-4.3219227106	-1645.25387588	
-4.32633772881	-1645.25582756	
-4.33073334029	-1645.25775972	
-4.33510971489	-1645.25967255	
-4.33946702026	-1645.26156627	
-4.34380542185	-1645.26344107	
-4.348125083	-1645.26529715	
-4.3524261649	-1645.26713471	
-4.35670882669	-1645.26895394	
-4.36097322548	-1645.27075503	
-4.36521951636	-1645.27253817	
-4.36944785247	-1645.27430355	
-4.373658385	-1645.27605135	
-4.37785126326	-1645.27778176	
-4.38202663467	-1645.27949495	
-4.38618464482	-1645.28119111	
-4.39032543749	-1645.28287042	
-4.39444915467	-1645.28453304	
-4.39855593663	-1645.28617916	
-4.40264592188	-1645.28780894	
-4.40671924726	-1645.28942256	
-4.41077604796	-1645.29102018	
-4.4148164575	-1645.29260196	
-4.4188406078	-1645.29416807	
-4.42284862919	-1645.29571868	
-4.42684065046	-1645.29725394	
-4.43081679884	-1645.29877401	
-4.43477720006	-1645.30027905	
-4.43872197835	-1645.30176921	
-4.44265125649	-1645.30324465	
-4.44656515581	-1645.30470552	
-4.45046379623	-1645.30615196	
-4.45434729625	-1645.30758414	
-4.45821577303	-1645.30900218	
-4.46206934235	-1645.31040624	
-4.46590811865	-1645.31179646	
-4.46973221509	-1645.31317299	
-4.47354174351	-1645.31453596	
-4.47733681448	-1645.31588551	
-4.48111753732	-1645.31722178	
-4.48488402011	-1645.3185449	
-4.48863636973	-1645.31985501	
-4.49237469184	-1645.32115224	
-4.49609909093	-1645.32243673	
-4.49980967033	-1645.32370859	
-4.50350653221	-1645.32496797	
-4.50718977763	-1645.32621498	
-4.51085950652	-1645.32744976	
-4.51451581772	-1645.32867242	
-4.518158809	-1645.32988309	
-4.52178857705	-1645.33108189	
-4.52540521752	-1645.33226894	
-4.52900882502	-1645.33344436	
-4.53259949315	-1645.33460826	
-4.5361773145	-1645.33576077	
-4.53974238067	-1645.33690199	
-4.54329478227	-1645.33803204	
-4.54683460898	-1645.33915104	
-4.55036194949	-1645.34025909	
-4.5538768916	-1645.3413563	
-4.55737952215	-1645.34244279	
-4.56086992709	-1645.34351865	
-4.56434819147	-1645.344584	
-4.56781439944	-1645.34563894	
-4.57126863431	-1645.34668357	
-4.5747109785	-1645.34771801	
-4.5781415136	-1645.34874234	
-4.58156032035	-1645.34975667	
-4.58496747867	-1645.35076109	
-4.58836306767	-1645.35175572	
-4.59174716566	-1645.35274064	
-4.59511985013	-1645.35371595	
-4.59848119784	-1645.35468174	
-4.60183128472	-1645.35563812	
-4.60517018599	-1645.35658517	
-4.60849797608	-1645.35752298	
-4.61181472871	-1645.35845165	
-4.61512051684	-1645.35937127	
-4.61841541274	-1645.36028192	
-4.62169948794	-1645.36118369	
-4.62497281328	-1645.36207668	
-4.62823545892	-1645.36296096	
-4.63148749431	-1645.36383662	
-4.63472898823	-1645.36470376	
-4.63796000881	-1645.36556244	
-4.64118062351	-1645.36641275	
-4.64439089914	-1645.36725478	
-4.64759090187	-1645.3680886	
-4.65078069724	-1645.3689143	
-4.65396035016	-1645.36973195	
-4.65712992492	-1645.37054164	
-4.66028948521	-1645.37134343	
-4.66343909411	-1645.37213742	
-4.66657881412	-1645.37292366	
-4.66970870713	-1645.37370224	
-4.67282883446	-1645.37447324	
-4.67593925688	-1645.37523671	
-4.67904003455	-1645.37599275	
-4.68213122712	-1645.37674141	
-4.68521289366	-1645.37748278	
-4.6882850927	-1645.37821691	
-4.69134788223	-1645.37894389	
-4.69440131972	-1645.37966377	
-4.6974454621	-1645.38037663	
-4.70048036579	-1645.38108254	
-4.70350608671	-1645.38178155	
-4.70652268025	-1645.38247374	
-4.70953020131	-1645.38315918	
-4.71252870431	-1645.38383792	
-4.71551824316	-1645.38451003	
-4.7184988713	-1645.38517558	
-4.72147064168	-1645.38583462	
-4.72443360681	-1645.38648722	
-4.72738781871	-1645.38713344	
-4.73033332894	-1645.38777334	
-4.73327018862	-1645.38840698	
-4.73619844839	-1645.38903441	
-4.7391181585	-1645.38965571	
-4.74202936871	-1645.39027092	
-4.74493212836	-1645.39088011	
-4.74782648639	-1645.39148332	
-4.75071249128	-1645.39208063	
-4.75359019111	-1645.39267207	
-4.75645963353	-1645.39325771	
-4.75932086582	-1645.39383761	
-4.7621739348	-1645.39441181	
-4.76501888693	-1645.39498037	
-4.76785576827	-1645.39554334	
-4.77068462447	-1645.39610078	
-4.77350550081	-1645.39665273	
-4.77631844218	-1645.39719925	
-4.77912349311	-1645.39774039	
-4.78192069773	-1645.3982762	
-4.78471009982	-1645.39880672	
-4.78749174278	-1645.39933202	
-4.79026566966	-1645.39985213	
-4.79303192316	-1645.4003671	
-4.7957905456	-1645.40087699	
-4.79854157897	-1645.40138183	
-4.80128506491	-1645.40188168	
-4.80402104473	-1645.40237659	
-4.80674955939	-1645.40286659	
-4.8094706495	-1645.40335174	
-4.81218435537	-1645.40383207	
-4.81489071697	-1645.40430763	
-4.81758977394	-1645.40477848	
-4.82028156561	-1645.40524464	
-4.82296613098	-1645.40570616	
-4.82564350875	-1645.40616309	
-4.8283137373	-1645.40661547	
-4.83097685472	-1645.40706334	
-4.83363289878	-1645.40750674	
-4.83628190695	-1645.40794571	
-4.83892391641	-1645.40838029	
-4.84155896405	-1645.40881053	
-4.84418708646	-1645.40923645	
-4.84680831994	-1645.40965811	
-4.84942270051	-1645.41007554	
-4.85203026392	-1645.41048878	
-4.85463104562	-1645.41089786	
-4.8572250808	-1645.41130283	
-4.85981240436	-1645.41170372	
-4.86239305096	-1645.41210057	
-4.86496705495	-1645.41249342	
-4.86753445046	-1645.41288229	
-4.87009527132	-1645.41326724	
-4.87264955112	-1645.41364829	
-4.8751973232	-1645.41402547	
-4.87773862063	-1645.41439883	
-4.88027347623	-1645.4147684	
-4.88280192259	-1645.41513421	
-4.88532399202	-1645.4154963	
-4.88783971662	-1645.4158547	
-4.89034912822	-1645.41620943	
-4.89285225844	-1645.41656055	
-4.89534913864	-1645.41690807	
-4.89783979995	-1645.41725203	
-4.90032427328	-1645.41759246	
-4.90280258929	-1645.4179294	
-4.90527477844	-1645.41826287	
-4.90774087093	-1645.41859291	
-4.91020089677	-1645.41891954	
-4.91265488574	-1645.4192428	
-4.91510286737	-1645.41956272	
-4.91754487103	-1645.41987932	
-4.91998092583	-1645.42019264	
-4.92241106068	-1645.42050271	
-4.92483530429	-1645.42080955	
-4.92725368516	-1645.42111319	
-4.92966623156	-1645.42141366	
-4.93207297159	-1645.42171099	
-4.93447393313	-1645.42200521	
-4.93686914386	-1645.42229634	
-4.93925863125	-1645.42258442	
-4.94164242261	-1645.42286946	
-4.94402054501	-1645.4231515	
-4.94639302537	-1645.42343056	
-4.94875989038	-1645.42370667	
-4.95112116656	-1645.42397985	
-4.95347688026	-1645.42425014	
-4.9558270576	-1645.42451754	
-4.95817172456	-1645.4247821	
-4.96051090691	-1645.42504384	
-4.96284463026	-1645.42530277	
-4.96517292002	-1645.42555893	
-4.96749580144	-1645.42581234	
-4.96981329958	-1645.42606302	
-4.97212543933	-1645.426311	
-4.97443224543	-1645.4265563	
-4.97673374242	-1645.42679894	
-4.97902995468	-1645.42703895	
-4.98132090643	-1645.42727635	
-4.98360662171	-1645.42751117	
-4.98588712441	-1645.42774342	
-4.98816243824	-1645.42797312	
-4.99043258678	-1645.42820031	
-4.99269759341	-1645.428425	
-4.99495748138	-1645.42864721	
-4.99721227376	-1645.42886696	
-4.9994619935	-1645.42908428	
-5.00170666335	-1645.42929919	
-5.00394630595	-1645.42951171	
-5.00618094375	-1645.42972186	
-5.00841059907	-1645.42992965	
-5.0106352941	-1645.43013511	
-5.01285505083	-1645.43033827	
-5.01506989116	-1645.43053913	
-5.01727983681	-1645.43073772	
-5.01948490937	-1645.43093406	
-5.02168513028	-1645.43112817	
-5.02388052085	-1645.43132007	
-5.02607110223	-1645.43150977	
-5.02825689545	-1645.4316973	
-5.03043792139	-1645.43188267	
-5.03261420082	-1645.4320659	
-5.03478575433	-1645.43224701	
-5.03695260241	-1645.43242603	
-5.03911476542	-1645.43260296	
-5.04127226356	-1645.43277782	
-5.04342511692	-1645.43295064	
-5.04557334546	-1645.43312142	
-5.047716969	-1645.43329019	
-5.04985600725	-1645.43345697	
-5.05199047978	-1645.43362177	
-5.05412040604	-1645.4337846	
-5.05624580535	-1645.43394549	
-5.05836669692	-1645.43410445	
-5.06048309982	-1645.4342615	
-5.06259503303	-1645.43441666	
-5.06470251537	-1645.43456993	
-5.06680556556	-1645.43472134	
-5.06890420222	-1645.4348709	
-5.07099844382	-1645.43501862	
-5.07308830874	-1645.43516454	
-5.07517381523	-1645.43530864	
-5.07725498144	-1645.43545097	
-5.07933182538	-1645.43559152	
-5.08140436498	-1645.43573031	
-5.08347261805	-1645.43586737	
-5.08553660227	-1645.43600269	
-5.08759633523	-1645.43613631	
-5.08965183441	-1645.43626822	
-5.09170311719	-1645.43639846	
-5.09375020081	-1645.43652702	
-5.09579310244	-1645.43665393	
-5.09783183913	-1645.43677919	
-5.09986642782	-1645.43690283	
-5.10189688537	-1645.43702486	
-5.10392322852	-1645.43714528	
-5.1059454739	-1645.43726412	
-5.10796363806	-1645.43738139	
-5.10997773743	-1645.43749709	
-5.11198778836	-1645.43761125	
-5.11399380708	-1645.43772387	
-5.11599580975	-1645.43783497	
-5.11799381242	-1645.43794456	
-5.11998783102	-1645.43805266	
-5.12197788143	-1645.43815927	
-5.1239639794	-1645.43826441	
-5.12594614061	-1645.4383681	
-5.12792438062	-1645.43847033	
-5.12989871492	-1645.43857113	
-5.13186915891	-1645.43867051	
-5.13383572788	-1645.43876848	
-5.13579843705	-1645.43886505	
-5.13775730154	-1645.43896023	
-5.13971233637	-1645.43905403	
-5.1416635565	-1645.43914647	
-5.14361097679	-1645.43923756	
-5.145554612	-1645.43932731	
-5.14749447681	-1645.43941572	
-5.14943058584	-1645.43950282	
-5.15136295359	-1645.4395886	
-5.1532915945	-1645.43967309	
-5.15521652291	-1645.43975629	
-5.15713775309	-1645.43983822	
-5.15905529921	-1645.43991888	
-5.1609691754	-1645.43999828	
-5.16287939565	-1645.44007644	
-5.16478597392	-1645.44015337	
-5.16668892407	-1645.44022907	
-5.16858825987	-1645.44030356	
-5.17048399504	-1645.44037684	
-5.17237614319	-1645.44044893	
-5.17426471788	-1645.44051983	
-5.17614973257	-1645.44058956	
-5.17803120067	-1645.44065813	
-5.1799091355	-1645.44072553	
-5.18178355029	-1645.4407918	
-5.18365445823	-1645.44085693	
-5.1855218724	-1645.44092093	
-5.18738580584	-1645.44098381	
-5.18924627149	-1645.44104558	
-5.19110328224	-1645.44110626	
-5.19295685089	-1645.44116584	
-5.19480699018	-1645.44122435	
-5.19665371277	-1645.44128178	
-5.19849703127	-1645.44133815	
-5.20033695819	-1645.44139346	
-5.202173506	-1645.44144773	
-5.20400668708	-1645.44150096	
-5.20583651375	-1645.44155316	
-5.20766299828	-1645.44160434	
-5.20948615284	-1645.44165451	
-5.21130598956	-1645.44170368	
-5.21312252048	-1645.44175184	
-5.21493575761	-1645.44179903	
-5.21674571285	-1645.44184523	
-5.21855239808	-1645.44189046	
-5.22035582508	-1645.44193473	
-5.22215600558	-1645.44197804	
-5.22395295126	-1645.44202041	
-5.22574667371	-1645.44206183	
-5.22753718449	-1645.44210233	
-5.22932449506	-1645.4421419	
-5.23110861685	-1645.44218055	
-5.23288956123	-1645.44221829	
-5.23466733947	-1645.44225514	
-5.23644196283	-1645.44229108	
-5.23821344248	-1645.44232614	
-5.23998178954	-1645.44236032	
-5.24174701506	-1645.44239363	
-5.24350913005	-1645.44242607	
-5.24526814546	-1645.44245766	
-5.24702407216	-1645.44248839	
-5.24877692099	-1645.44251828	
-5.25052670271	-1645.44254733	
-5.25227342805	-1645.44257555	
-5.25401710765	-1645.44260294	
-5.25575775213	-1645.44262952	
-5.25749537203	-1645.44265529	
-5.25922997784	-1645.44268025	
-5.26096158	-1645.44270442	
-5.2626901889	-1645.44272779	
-5.26441581487	-1645.44275039	
-5.26613846818	-1645.4427722	
-5.26785815906	-1645.44279324	
-5.26957489768	-1645.44281352	
-5.27128869416	-1645.44283304	
-5.27299955856	-1645.4428518	
-5.27470750091	-1645.44286982	
-5.27641253116	-1645.4428871	
-5.27811465923	-1645.44290364	
-5.27981389498	-1645.44291946	
-5.28151024823	-1645.44293455	
-5.28320372874	-1645.44294892	
-5.28489434622	-1645.44296259	
-5.28658211033	-1645.44297555	
-5.28826703069	-1645.44298781	
-5.28994911688	-1645.44299937	
-5.2916283784	-1645.44301025	
-5.29330482472	-1645.44302045	
-5.29497846528	-1645.44302997	
-5.29664930945	-1645.44303882	
-5.29831736655	-1645.443047	
-5.29998264587	-1645.44305453	
-5.30164515664	-1645.44306139	
-5.30330490806	-1645.44306761	
-5.30496190927	-1645.44307319	
-5.30661616936	-1645.44307812	
-5.3082676974	-1645.44308242	
-5.30991650239	-1645.4430861	
-5.3115625933	-1645.44308915	
-5.31320597904	-1645.44309158	
-5.3148466685	-1645.4430934	
-5.3164846705	-1645.44309461	
-5.31811999384	-1645.44309522	
-5.31975264727	-1645.44309522	
-5.32138263948	-1645.44309464	
-5.32300997914	-1645.44309347	
-5.32463467487	-1645.44309171	
-5.32625673524	-1645.44308937	
-5.32787616879	-1645.44308646	
-5.32949298402	-1645.44308298	
-5.33110718937	-1645.44307894	
-5.33271879327	-1645.44307433	
-5.33432780407	-1645.44306917	
-5.33593423012	-1645.44306346	
-5.3375380797	-1645.4430572	
-5.33913936107	-1645.4430504	
-5.34073808243	-1645.44304306	
-5.34233425196	-1645.44303519	
-5.3439278778	-1645.44302679	
-5.34551896803	-1645.44301786	
-5.34710753072	-1645.44300841	
-5.34869357387	-1645.44299845	
-5.35027710548	-1645.44298798	
-5.35185813348	-1645.442977	
-5.35343666577	-1645.44296551	
-5.35501271022	-1645.44295353	
-5.35658627467	-1645.44294105	
-5.3581573669	-1645.44292808	
-5.35972599468	-1645.44291462	
-5.36129216571	-1645.44290068	
-5.36285588769	-1645.44288626	
-5.36441716825	-1645.44287137	
-5.36597601502	-1645.442856	
-5.36753243557	-1645.44284017	
-5.36908643744	-1645.44282387	
-5.37063802813	-1645.44280711	
-5.37218721511	-1645.4427899	
-5.37373400583	-1645.44277224	
-5.37527840768	-1645.44275412	
-5.37682042804	-1645.44273556	
-5.37836007422	-1645.44271657	
-5.37989735354	-1645.44269713	
-5.38143227326	-1645.44267726	
-5.38296484061	-1645.44265696	
-5.38449506279	-1645.44263623	
-5.38602294697	-1645.44261508	
-5.38754850028	-1645.44259351	
-5.38907172982	-1645.44257153	
-5.39059264266	-1645.44254913	
-5.39211124583	-1645.44252632	
-5.39362754635	-1645.44250311	
-5.39514155118	-1645.44247949	
-5.39665326727	-1645.44245547	
-5.39816270152	-1645.44243106	
-5.39966986081	-1645.44240626	
-5.40117475199	-1645.44238107	
-5.40267738187	-1645.44235549	
-5.40417775725	-1645.44232952	
-5.40567588487	-1645.44230318	
-5.40717177146	-1645.44227646	
-5.40866542372	-1645.44224937	
-5.4101568483	-1645.44222191	
-5.41164605186	-1645.44219408	
-5.41313304098	-1645.44216589	
-5.41461782224	-1645.44213733	
-5.4161004022	-1645.44210842	
-5.41758078737	-1645.44207915	
-5.41905898424	-1645.44204953	
-5.42053499927	-1645.44201957	
-5.42200883889	-1645.44198925	
-5.4234805095	-1645.44195859	
-5.42495001748	-1645.44192759	
-5.42641736918	-1645.44189626	
-5.4278825709	-1645.44186459	
-5.42934562895	-1645.44183259	
-5.43080654959	-1645.44180025	
-5.43226533906	-1645.4417676	
-5.43372200355	-1645.44173461	
-5.43517654927	-1645.44170131	
-5.43662898235	-1645.44166769	
-5.43807930892	-1645.44163376	
-5.4395275351	-1645.44159951	
-5.44097366695	-1645.44156495	
-5.44241771052	-1645.44153008	
-5.44385967184	-1645.44149491	
-5.4452995569	-1645.44145944	
-5.44673737167	-1645.44142367	
-5.44817312209	-1645.4413876	
-5.44960681409	-1645.44135123	
-5.45103845357	-1645.44131458	
-5.45246804638	-1645.44127763	
-5.45389559837	-1645.4412404	
-5.45532111536	-1645.44120288	
-5.45674460314	-1645.44116508	
-5.45816606749	-1645.441127	
-5.45958551414	-1645.44108864	
-5.46100294883	-1645.44105001	
-5.46241837723	-1645.4410111	
-5.46383180503	-1645.44097192	
-5.46524323786	-1645.44093248	
-5.46665268137	-1645.44089277	
-5.46806014114	-1645.4408528	
-5.46946562274	-1645.44081256	
-5.47086913175	-1645.44077207	
-5.47227067367	-1645.44073132	
-5.47367025403	-1645.44069032	
-5.47506787829	-1645.44064906	
-5.47646355193	-1645.44060755	
-5.47785728038	-1645.4405658	
-5.47924906905	-1645.4405238	
-5.48063892334	-1645.44048156	
-5.48202684862	-1645.44043907	
-5.48341285022	-1645.44039635	
-5.48479693349	-1645.44035339	
-5.48617910372	-1645.44031019	
-5.48755936619	-1645.44026676	
-5.48893772616	-1645.4402231	
-5.49031418887	-1645.44017921	
-5.49168875953	-1645.44013509	
-5.49306144334	-1645.44009075	
-5.49443224547	-1645.44004618	
-5.49580117108	-1645.4400014	
-5.49716822529	-1645.43995639	
-5.49853341322	-1645.43991117	
-5.49989673995	-1645.43986573	
-5.50125821054	-1645.43982008	
-5.50261783006	-1645.43977422	
-5.50397560352	-1645.43972815	
-5.50533153593	-1645.43968187	
-5.50668563228	-1645.43963538	
-5.50803789753	-1645.43958869	
-5.50938833663	-1645.4395418	
-5.5107369545	-1645.43949471	
-5.51208375605	-1645.43944742	
-5.51342874616	-1645.43939993	
-5.51477192971	-1645.43935225	
-5.51611331154	-1645.43930437	
-5.51745289646	-1645.43925631	
-5.51879068931	-1645.43920805	
-5.52012669485	-1645.43915961	
-5.52146091786	-1645.43911098	
-5.5227933631	-1645.43906216	
-5.52412403528	-1645.43901316	
-5.52545293913	-1645.43896398	
-5.52678007934	-1645.43891462	
-5.52810546058	-1645.43886509	
-5.52942908751	-1645.43881537	
-5.53075096477	-1645.43876549	
-5.53207109697	-1645.43871542	
-5.53338948873	-1645.43866519	
-5.53470614461	-1645.43861479	
-5.53602106919	-1645.43856422	
-5.53733426702	-1645.43851348	
-5.53864574262	-1645.43846258	
-5.5399555005	-1645.43841151	
-5.54126354516	-1645.43836028	
-5.54256988107	-1645.43830889	
-5.5438745127	-1645.43825734	
-5.54517744448	-1645.43820564	
-5.54647868084	-1645.43815378	
-5.54777822618	-1645.43810176	
-5.5490760849	-1645.43804959	
-5.55037226136	-1645.43799727	
-5.55166675992	-1645.4379448	
-5.55295958492	-1645.43789218	
-5.55425074069	-1645.43783941	
-5.55554023152	-1645.43778649	
-5.5568280617	-1645.43773343	
-5.55811423551	-1645.43768023	
-5.5593987572	-1645.43762689	
-5.56068163102	-1645.4375734	
-5.56196286117	-1645.43751978	
-5.56324245188	-1645.43746602	
-5.56452040732	-1645.43741212	
-5.56579673168	-1645.43735809	
-5.56707142911	-1645.43730392	
-5.56834450376	-1645.43724962	
-5.56961595975	-1645.43719519	
-5.57088580119	-1645.43714063	
-5.57215403218	-1645.43708594	
-5.57342065679	-1645.43703112	
-5.5746856791	-1645.43697618	
-5.57594910315	-1645.43692111	
-5.57721093297	-1645.43686592	
-5.57847117258	-1645.43681061	
-5.57972982599	-1645.43675517	
-5.58098689718	-1645.43669962	
-5.58224239012	-1645.43664394	
-5.58349630878	-1645.43658815	
-5.5847486571	-1645.43653224	
-5.585999439	-1645.43647622	
-5.5872486584	-1645.43642009	
-5.5884963192	-1645.43636384	
-5.58974242528	-1645.43630747	
-5.59098698051	-1645.436251	
-5.59222998875	-1645.43619442	
-5.59347145384	-1645.43613773	
-5.5947113796	-1645.43608094	
-5.59594976985	-1645.43602403	
-5.59718662839	-1645.43596703	
-5.598421959	-1645.43590992	
-5.59965576545	-1645.4358527	
-5.60088805149	-1645.43579539	
-5.60211882088	-1645.43573797	
-5.60334807733	-1645.43568046	
-5.60457582457	-1645.43562284	
-5.6058020663	-1645.43556513	
-5.60702680619	-1645.43550732	
-5.60825004793	-1645.43544942	
-5.60947179518	-1645.43539142	
-5.61069205159	-1645.43533333	
-5.61191082078	-1645.43527515	
-5.61312810639	-1645.43521688	
-5.61434391201	-1645.43515851	
-5.61555824124	-1645.43510006	
-5.61677109767	-1645.43504152	
-5.61798248485	-1645.43498289	
-5.61919240636	-1645.43492417	
-5.62040086572	-1645.43486537	
-5.62160786647	-1645.43480648	
-5.62281341212	-1645.43474752	
-5.62401750619	-1645.43468847	
-5.62522015215	-1645.43462933	
-5.6264213535	-1645.43457012	
-5.62762111369	-1645.43451083	
-5.62881943618	-1645.43445145	
-5.63001632442	-1645.434392	
-5.63121178182	-1645.43433248	
-5.63240581181	-1645.43427287	
-5.6335984178	-1645.4342132	
-5.63478960317	-1645.43415344	
-5.6359793713	-1645.43409362	
-5.63716772557	-1645.43403372	
-5.63835466933	-1645.43397375	
-5.63954020593	-1645.43391371	
-5.64072433869	-1645.4338536	
-5.64190707094	-1645.43379342	
-5.64308840598	-1645.43373317	
-5.64426834712	-1645.43367285	
-5.64544689764	-1645.43361247	
-5.64662406082	-1645.43355202	
-5.64779983991	-1645.4334915	
-5.64897423816	-1645.43343093	
-5.65014725882	-1645.43337029	
-5.65131890512	-1645.43330958	
-5.65248918027	-1645.43324881	
-5.65365808747	-1645.43318799	
-5.65482562993	-1645.4331271	
-5.65599181082	-1645.43306615	
-5.65715663332	-1645.43300515	
-5.65832010058	-1645.43294408	
-5.65948221576	-1645.43288296	
-5.660642982	-1645.43282179	
-5.66180240242	-1645.43276055	
-5.66296048014	-1645.43269926	
-5.66411721826	-1645.43263792	
-5.66527261989	-1645.43257653	
-5.66642668811	-1645.43251508	
-5.66757942599	-1645.43245358	
-5.6687308366	-1645.43239203	
-5.66988092298	-1645.43233042	
-5.67102968818	-1645.43226877	
-5.67217713524	-1645.43220707	
-5.67332326717	-1645.43214532	
-5.67446808699	-1645.43208352	
-5.67561159769	-1645.43202167	
-5.67675380227	-1645.43195978	
-5.6778947037	-1645.43189784	
-5.67903430497	-1645.43183586	
-5.68017260902	-1645.43177383	
-5.6813096188	-1645.43171176	
-5.68244533727	-1645.43164965	
-5.68357976734	-1645.43158749	
-5.68471291194	-1645.43152529	
-5.68584477397	-1645.43146305	
-5.68697535634	-1645.43140077	
-5.68810466194	-1645.43133845	
-5.68923269364	-1645.43127609	
-5.69035945432	-1645.43121369	
-5.69148494685	-1645.43115125	
-5.69260917406	-1645.43108878	
-5.6937321388	-1645.43102627	
-5.69485384391	-1645.43096372	
-5.69597429221	-1645.43090114	
-5.69709348651	-1645.43083852	
-5.69821142961	-1645.43077587	
-5.69932812431	-1645.43071318	
-5.70044357339	-1645.43065046	
-5.70155777963	-1645.43058771	
-5.7026707458	-1645.43052492	
-5.70378247466	-1645.43046211	
-5.70489296894	-1645.43039926	
-5.70600223139	-1645.43033638	
-5.70711026475	-1645.43027347	
-5.70821707172	-1645.43021054	
-5.70932265503	-1645.43014757	
-5.71042701737	-1645.43008458	
-5.71153016145	-1645.43002155	
-5.71263208993	-1645.42995851	
-5.71373280551	-1645.42989543	
-5.71483231084	-1645.42983233	
-5.71593060859	-1645.4297692	
-5.71702770141	-1645.42970605	
-5.71812359193	-1645.42964287	
-5.71921828279	-1645.42957967	
-5.72031177661	-1645.42951645	
-5.72140407601	-1645.4294532	
-5.72249518359	-1645.42938993	
-5.72358510195	-1645.42932664	
-5.72467383369	-1645.42926332	
-5.72576138137	-1645.42919999	
-5.72684774759	-1645.42913663	
-5.72793293489	-1645.42907326	
-5.72901694583	-1645.42900986	
-5.73009978297	-1645.42894645	
-5.73118144884	-1645.42888302	
-5.73226194598	-1645.42881957	
-5.7333412769	-1645.4287561	
-5.73441944412	-1645.42869261	
-5.73549645015	-1645.42862911	
-5.73657229748	-1645.42856559	
-5.73764698861	-1645.42850206	
-5.73872052602	-1645.42843851	
-5.73979291218	-1645.42837494	
-5.74086414956	-1645.42831136	
-5.74193424062	-1645.42824777	
-5.74300318781	-1645.42818417	
-5.74407099357	-1645.42812055	
-5.74513766034	-1645.42805691	
-5.74620319054	-1645.42799327	
-5.7472675866	-1645.42792961	
-5.74833085092	-1645.42786594	
-5.74939298591	-1645.42780227	
-5.75045399397	-1645.42773858	
-5.75151387748	-1645.42767488	
-5.75257263883	-1645.42761117	
-5.75363028038	-1645.42754745	
-5.75468680452	-1645.42748372	
-5.75574221359	-1645.42741998	
-5.75679650994	-1645.42735624	
-5.75784969593	-1645.42729249	
-5.75890177388	-1645.42722873	
-5.75995274612	-1645.42716496	
-5.76100261499	-1645.42710119	
-5.76205138278	-1645.42703741	
-5.76309905181	-1645.42697362	
-5.76414562438	-1645.42690983	
-5.76519110278	-1645.42684603	
-5.7662354893	-1645.42678223	
-5.76727878622	-1645.42671843	
-5.76832099579	-1645.42665462	
-5.7693621203	-1645.42659081	
-5.770402162	-1645.42652699	
-5.77144112313	-1645.42646317	
-5.77247900594	-1645.42639935	
-5.77351581267	-1645.42633553	
-5.77455154554	-1645.4262717	
-5.77558620679	-1645.42620788	
-5.77661979861	-1645.42614405	
-5.77765232322	-1645.42608022	
-5.77868378283	-1645.42601639	
-5.77971417962	-1645.42595256	
-5.78074351579	-1645.42588873	
-5.78177179352	-1645.42582491	
-5.78279901497	-1645.42576108	
-5.78382518233	-1645.42569725	
-5.78485029774	-1645.42563343	
-5.78587436337	-1645.42556961	
-5.78689738137	-1645.42550579	
-5.78791935386	-1645.42544197	
-5.788940283	-1645.42537815	
-5.7899601709	-1645.42531434	
-5.79097901969	-1645.42525053	
-5.79199683148	-1645.42518673	
-5.79301360838	-1645.42512293	
-5.7940293525	-1645.42505913	
-5.79504406593	-1645.42499534	
-5.79605775077	-1645.42493155	
-5.79707040908	-1645.42486777	
-5.79808204295	-1645.424804	
-5.79909265446	-1645.42474023	
-5.80010224566	-1645.42467647	
-5.80111081862	-1645.42461271	
-5.80211837538	-1645.42454896	
-5.80312491799	-1645.42448522	
-5.80413044849	-1645.42442148	
-5.80513496892	-1645.42435775	
-5.80613848129	-1645.42429403	
-5.80714098764	-1645.42423032	
-5.80814248998	-1645.42416662	
-5.80914299031	-1645.42410292	
