#Site	lnL	
0	-1.92116624013
1	-1.5640986841
2	-6.44076536859
3	-1.56197388073
4	-1.22750452831
5	-5.59469870727
6	-8.22163023565
7	-1.30207345625
8	-5.96020666595
9	-1.22589066482
10	-1.30207345625
11	-1.55647849547
12	-1.22589066482
13	-1.30207345625
14	-2.33550051821
15	-1.22589066482
16	-1.92317514586
17	-12.3477742746
18	-1.30083335394
19	-1.5640986841
20	-1.99866507039
21	-1.56197388073
22	-1.22750452831
23	-4.92859076914
24	-1.30083335394
25	-1.92317514586
26	-5.3741349135
27	-1.22589066482
28	-1.5640986841
29	-5.59469870727
30	-1.30083335394
31	-1.30207345625
32	-9.51430619088
33	-1.22589066482
34	-1.22750452831
35	-2.33550051821
36	-1.22589066482
37	-1.92317514586
38	-14.6541432133
39	-1.56197388073
40	-1.22750452831
41	-4.94356923714
42	-1.30083335394
43	-1.22750452831
44	-15.5945172452
45	-1.22589066482
46	-1.30207345625
47	-7.43011525007
48	-1.92116624013
49	-9.66109714262
50	-12.2316783565
51	-1.30083335394
52	-1.92317514586
53	-7.30280540827
54	-1.30083335394
55	-1.30207345625
56	-4.82162765655
57	-1.56197388073
58	-9.97400243222
59	-6.94794407076
60	-1.56197388073
61	-1.30207345625
62	-6.6918676517
63	-1.22589066482
64	-7.9361219104
65	-7.64263011792
66	-1.56197388073
67	-1.92317514586
68	-7.86038122846
69	-1.22589066482
70	-1.22750452831
71	-1.55548585497
72	-1.30083335394
73	-1.5640986841
74	-1.55548585497
75	-1.56197388073
76	-1.5640986841
77	-4.92859076914
78	-1.30083335394
79	-1.30207345625
80	-15.5622813427
81	-1.30083335394
82	-1.5640986841
83	-12.5259992894
84	-1.92116624013
85	-1.5640986841
86	-14.9640867999
87	-1.56197388073
88	-1.92317514586
89	-4.70759635993
90	-1.56197388073
91	-1.22750452831
92	-8.74028728576
93	-1.56197388073
94	-1.22750452831
95	-11.9063176953
96	-1.22589066482
97	-1.30207345625
98	-9.66354756368
99	-1.92116624013
100	-1.92317514586
101	-4.82162765655
102	-1.92116624013
103	-1.22750452831
104	-6.97567913854
105	-1.92116624013
106	-1.30207345625
107	-4.92859076914
108	-1.22589066482
109	-1.5640986841
110	-6.97567913854
111	-1.22589066482
112	-1.22750452831
113	-7.61505589515
114	-1.30083335394
115	-1.22750452831
116	-14.03200695
117	-1.22589066482
118	-1.92317514586
119	-1.55548585497
120	-1.92116624013
121	-8.62097688029
122	-1.55548585497
123	-1.22589066482
124	-1.92317514586
125	-4.82574329978
126	-1.30083335394
127	-1.22750452831
128	-1.55647849547
129	-6.72133493494
130	-1.30207345625
131	-6.49363292719
132	-1.22589066482
133	-1.22750452831
134	-1.55647849547
135	-1.30083335394
136	-6.25276451604
137	-5.3741349135
138	-1.30083335394
139	-1.30207345625
140	-5.30966417954
141	-6.61313599147
142	-1.30207345625
143	-10.7880312654
144	-1.30083335394
145	-1.30207345625
146	-6.74297997175
147	-6.64764294279
148	-1.22750452831
149	-7.91913820242
150	-1.22589066482
151	-1.22750452831
152	-6.49363292719
153	-9.48926551545
154	-1.92317514586
155	-21.7353444426
156	-1.92116624013
157	-1.22750452831
158	-13.2038148415
159	-1.30083335394
160	-1.5640986841
161	-5.30966417954
162	-1.56197388073
163	-1.5640986841
164	-1.55647849547
165	-1.22589066482
166	-1.5640986841
167	-5.3741349135
168	-1.56197388073
169	-1.22750452831
170	-4.94356923714
171	-1.22589066482
172	-1.30207345625
173	-5.30966417954
174	-1.92116624013
175	-1.5640986841
176	-1.55647849547
177	-6.27139218695
178	-1.30207345625
179	-1.99866507039
180	-1.56197388073
181	-1.5640986841
182	-22.8877306541
183	-1.30083335394
184	-1.5640986841
185	-13.0166818849
186	-1.30083335394
187	-1.30207345625
188	-2.33550051821
189	-6.19531456278
190	-10.6294654616
191	-8.1287317556
192	-1.30083335394
193	-1.5640986841
194	-8.1287317556
195	-1.30083335394
196	-1.5640986841
197	-9.26197876964
198	-1.56197388073
199	-1.22750452831
200	-17.9743734585
201	-1.56197388073
202	-1.22750452831
203	-5.71931144221
204	-1.30083335394
205	-1.30207345625
206	-4.82574329978
207	-1.92116624013
208	-1.22750452831
209	-1.55548585497
210	-1.30083335394
211	-1.22750452831
212	-10.0120999868
213	-1.30083335394
214	-1.30207345625
215	-2.33550051821
216	-1.56197388073
217	-1.22750452831
218	-1.55548585497
219	-1.30083335394
220	-6.15336566149
221	-6.03097883103
222	-1.30083335394
223	-1.92317514586
224	-9.93042496945
225	-1.22589066482
226	-1.30207345625
227	-4.92859076914
228	-1.30083335394
229	-1.92317514586
230	-17.6917995693
231	-1.56197388073
232	-9.23892604719
233	-5.19061923644
234	-1.30083335394
235	-1.5640986841
236	-10.0377608144
237	-1.30083335394
238	-1.22750452831
239	-6.49363292719
240	-1.30083335394
241	-1.30207345625
242	-1.55548585497
243	-1.22589066482
244	-1.22750452831
245	-2.33550051821
246	-1.56197388073
247	-1.5640986841
248	-9.05437255719
249	-1.92116624013
250	-1.30207345625
251	-7.51672367222
252	-1.30083335394
253	-1.5640986841
254	-1.55548585497
255	-9.92723938512
256	-1.5640986841
257	-5.59469870727
258	-1.56197388073
259	-9.75955247134
260	-6.26935209896
261	-1.30083335394
262	-1.22750452831
263	-1.55548585497
264	-1.92116624013
265	-1.30207345625
266	-10.7445189792
267	-1.92116624013
268	-1.22750452831
269	-17.0497407215
270	-1.92116624013
271	-1.22750452831
272	-7.86038122846
273	-7.26996219123
274	-1.22750452831
275	-9.42539942765
276	-1.22589066482
277	-1.5640986841
278	-1.99866507039
279	-1.92116624013
280	-1.22750452831
281	-1.55647849547
282	-1.30083335394
283	-1.22750452831
284	-4.70759635993
285	-1.30083335394
286	-1.5640986841
287	-1.55647849547
288	-1.56197388073
289	-6.05496154178
290	-5.90398750561
291	-1.22589066482
292	-1.30207345625
293	-1.55647849547
294	-1.56197388073
295	-1.5640986841
296	-10.4549355768
297	-1.30083335394
298	-1.92317514586
299	-1.55548585497
300	-1.22589066482
301	-1.5640986841
302	-7.43011525007
303	-1.56197388073
304	-1.22750452831
305	-14.0533309703
306	-1.22589066482
307	-1.22750452831
308	-7.06626804043
309	-1.92116624013
310	-1.92317514586
311	-5.41913955392
312	-1.92116624013
313	-1.30207345625
314	-5.25397852232
315	-1.56197388073
316	-1.30207345625
317	-2.33550051821
318	-1.30083335394
319	-1.5640986841
320	-7.05926663547
321	-1.56197388073
322	-1.22750452831
323	-11.4238443352
324	-6.5253365145
325	-1.22750452831
326	-7.31474993661
327	-1.22589066482
328	-1.22750452831
329	-13.0380651662
330	-1.22589066482
331	-1.22750452831
332	-11.1050736764
333	-1.56197388073
334	-1.22750452831
335	-2.33550051821
336	-1.22589066482
337	-1.5640986841
338	-7.83992450079
339	-1.30083335394
340	-1.5640986841
341	-9.63643670112
342	-1.56197388073
343	-1.92317514586
344	-1.55647849547
345	-1.30083335394
346	-1.30207345625
347	-1.99866507039
348	-1.30083335394
349	-1.30207345625
350	-6.74297997175
351	-1.30083335394
352	-1.5640986841
353	-8.85769967096
354	-1.30083335394
355	-1.92317514586
356	-1.55647849547
357	-1.56197388073
358	-1.30207345625
359	-6.26935209896
360	-1.30083335394
361	-1.92317514586
362	-9.94218777292
363	-1.92116624013
364	-1.30207345625
365	-4.92859076914
366	-1.22589066482
367	-1.30207345625
368	-1.55647849547
369	-1.30083335394
370	-1.92317514586
371	-15.0633948851
372	-1.92116624013
373	-8.62281363783
374	-10.6910111651
375	-1.56197388073
376	-1.30207345625
377	-8.88038212807
378	-1.30083335394
379	-1.22750452831
380	-8.97181738886
381	-1.92116624013
382	-1.30207345625
383	-1.55548585497
384	-1.22589066482
385	-1.5640986841
386	-4.70759635993
387	-1.22589066482
388	-1.92317514586
389	-8.25981994864
390	-1.30083335394
391	-1.30207345625
392	-2.33550051821
393	-1.30083335394
394	-1.5640986841
395	-5.30966417954
396	-1.56197388073
397	-1.22750452831
398	-9.13845559821
399	-1.22589066482
400	-1.5640986841
401	-10.377755356
402	-1.30083335394
403	-1.92317514586
404	-6.06184044999
405	-1.56197388073
406	-1.30207345625
407	-1.99866507039
408	-6.25771016192
409	-1.22750452831
410	-1.55548585497
411	-1.30083335394
412	-1.22750452831
413	-12.5439612196
414	-1.22589066482
415	-1.30207345625
416	-7.15864445726
417	-1.22589066482
418	-1.30207345625
419	-5.30966417954
420	-1.22589066482
421	-1.5640986841
422	-1.99866507039
423	-6.61313599147
424	-1.30207345625
425	-9.76399371364
426	-1.56197388073
427	-1.22750452831
428	-8.9568496245
429	-1.56197388073
430	-8.74450106588
431	-19.9646226702
432	-1.22589066482
433	-1.5640986841
434	-1.55548585497
435	-1.30083335394
436	-1.30207345625
437	-1.55647849547
438	-1.22589066482
439	-6.62899093823
440	-11.0265535443
441	-1.22589066482
442	-1.5640986841
443	-6.14773530791
444	-1.30083335394
445	-1.5640986841
446	-8.88583288396
447	-1.30083335394
448	-1.30207345625
449	-6.6918676517
450	-1.56197388073
451	-1.30207345625
452	-1.55647849547
453	-1.22589066482
454	-1.30207345625
455	-10.795706904
456	-1.56197388073
457	-1.22750452831
458	-5.90398750561
459	-1.30083335394
460	-1.22750452831
461	-8.66003559184
462	-1.22589066482
463	-1.92317514586
464	-15.1088638887
465	-1.30083335394
466	-1.5640986841
467	-14.5327717678
468	-1.56197388073
469	-1.30207345625
470	-10.4712659854
471	-6.64764294279
472	-1.5640986841
473	-6.56940205382
474	-1.22589066482
475	-1.92317514586
476	-1.55647849547
477	-1.56197388073
478	-1.22750452831
479	-5.96020666595
480	-1.56197388073
481	-1.5640986841
482	-5.59469870727
483	-1.92116624013
484	-1.5640986841
485	-5.19061923644
486	-1.22589066482
487	-1.30207345625
488	-12.5799233384
