#Site	lnL	
0	-6.25047276213
1	-10.7197234457
2	-22.5459403305
3	-10.9162259145
4	-16.7643738405
5	-30.5121797009
6	-10.3795307883
7	-9.42703340185
8	-10.7181610161
9	-15.449314493
10	-14.0162432741
11	-7.39891550564
12	-17.2492174017
13	-17.0649776463
14	-15.4258838759
15	-20.1205850129
16	-12.4616469485
17	-22.1408468708
18	-7.21830302519
19	-9.07239203985
20	-15.0519515486
21	-13.4803867949
22	-11.977225088
23	-21.1892028223
24	-20.2097708131
25	-8.19124948758
26	-10.1409190936
27	-18.1448216647
28	-19.6587993806
29	-9.15157207037
30	-8.67255524345
31	-16.6885936069
32	-14.3230974456
33	-7.21830302519
34	-27.6812162414
35	-6.12588619393
36	-18.3640557217
37	-12.5867752569
38	-12.1897468615
39	-9.72290141538
40	-14.2370282973
41	-10.9575443729
42	-12.8823143779
43	-23.1894259999
44	-11.4397512359
45	-12.2528828165
46	-9.4055228132
47	-7.071786795
48	-13.2149338595
49	-18.5268103454
50	-11.0433928208
51	-14.004378127
52	-12.0867258736
53	-19.5056745737
54	-8.90138883144
55	-12.6558178567
56	-15.1792444872
57	-14.9079248518
58	-8.16452288706
59	-7.51685615883
60	-6.25047276213
61	-7.68263372095
62	-7.93155029958
63	-16.0733401906
64	-14.0059337915
65	-11.3322175697
66	-6.90290145179
67	-17.8012432016
68	-18.1582780715
69	-11.9568734931
70	-19.6419340982
71	-16.3768464179
72	-15.7275005701
73	-8.19124948758
74	-11.870693444
75	-18.601802168
76	-30.0865569165
77	-24.7316633016
78	-7.21830302519
79	-13.2804827394
80	-25.0314645528
81	-6.12588619393
82	-29.8275859937
83	-17.9581958983
84	-16.6525651279
85	-21.1904353942
86	-6.7173208564
87	-11.3324784998
88	-14.0854376213
89	-9.18848516475
90	-15.8225673788
91	-11.724788987
92	-15.4718385786
93	-9.69849131085
94	-12.0510333506
95	-9.24987461883
96	-14.9476054098
97	-23.5696792894
98	-26.771712489
99	-10.2099276254
100	-6.90290145179
101	-17.0634305219
102	-11.078997227
103	-11.6009063635
104	-18.2260296013
105	-13.4455093508
106	-23.8774975348
107	-12.3227799195
108	-21.9343318322
109	-8.67255524345
110	-11.6377477385
111	-11.107802158
112	-11.5774769934
113	-10.3442381447
114	-16.0390409813
115	-24.1261766919
116	-18.4846403566
117	-13.6798636402
118	-19.5196742888
119	-7.51685615883
120	-14.5818169398
121	-15.8855789155
122	-14.5496525269
123	-24.21470338
124	-16.0371005198
125	-15.3603632406
126	-6.12588619393
127	-13.7442602711
128	-9.32624420207
129	-6.12588619393
130	-14.9930759101
131	-10.193387951
132	-15.3810794443
133	-29.4273488643
134	-11.0342456237
135	-7.46842461409
136	-23.0858683508
137	-17.2885078838
138	-23.4740748378
139	-14.8977095305
140	-16.7647561589
141	-8.90138883144
142	-6.25047276213
143	-7.7285309272
144	-7.37126488765
145	-9.55617143499
146	-7.86100336501
147	-17.2372143799
148	-13.967671631
149	-22.5481259339
150	-15.570236337
151	-12.6536095676
152	-8.01287551961
153	-7.83739410353
154	-7.93155029958
155	-9.86426892429
156	-14.7059598515
157	-6.12588619393
158	-14.6349219504
159	-19.8822737411
160	-8.02529121448
161	-12.3306815583
162	-9.86426892429
