# log_p 	 lnL 	 
0.0	-1647.74365531	
-0.287682072452	-1647.74202058	
-0.510825623766	-1647.73935631	
-0.69314718056	-1647.73593221	
-0.847297860387	-1647.7320131	
-0.980829253012	-1647.72779868	
-1.09861228867	-1647.72342759	
-1.20397280433	-1647.71899335	
-1.29928298413	-1647.7145583	
-1.38629436112	-1647.71016377	
-1.46633706879	-1647.70583689	
-1.54044504095	-1647.70159513	
-1.60943791243	-1647.69744936	
-1.67397643357	-1647.69340591	
-1.73460105539	-1647.68946797	
-1.79175946923	-1647.68563654	
-1.8458266905	-1647.68191114	
-1.89711998489	-1647.67829024	
-1.94591014906	-1647.67477164	
-1.99243016469	-1647.67135267	
-2.03688192726	-1647.66803039	
-2.07944154168	-1647.6648017	
-2.1202635362	-1647.66166342	
-2.15948424935	-1647.65861236	
-2.19722457734	-1647.65564538	
-2.23359222151	-1647.65275936	
-2.26868354132	-1647.64995131	
-2.30258509299	-1647.64721832	
-2.33537491582	-1647.64455755	
-2.36712361413	-1647.64196632	
-2.3978952728	-1647.63944203	
-2.42774823595	-1647.63698218	
-2.45673577282	-1647.63458441	
-2.48490664979	-1647.63224643	
-2.51230562398	-1647.62996607	
-2.53897387106	-1647.62774124	
-2.56494935746	-1647.62556998	
-2.59026716545	-1647.62345037	
-2.61495977804	-1647.6213806	
-2.63905732962	-1647.61935896	
-2.66258782703	-1647.61738378	
-2.68557734525	-1647.61545348	
-2.7080502011	-1647.61356655	
-2.73002910782	-1647.61172156	
-2.75153531304	-1647.6099171	
-2.77258872224	-1647.60815188	
-2.79320800944	-1647.60642461	
-2.81341071676	-1647.60473408	
-2.83321334406	-1647.60307913	
-2.85263142991	-1647.60145866	
-2.87167962488	-1647.59987159	
-2.8903717579	-1647.59831689	
-2.90872089656	-1647.59679359	
-2.92673940207	-1647.59530074	
-2.94443897917	-1647.59383743	
-2.96183072188	-1647.5924028	
-2.97892515524	-1647.590996	
-2.99573227355	-1647.58961624	
-3.01226157551	-1647.58826274	
-3.02852209638	-1647.58693475	
-3.04452243772	-1647.58563156	
-3.06027079469	-1647.58435248	
-3.07577498123	-1647.58309684	
-3.09104245336	-1647.58186401	
-3.10608033072	-1647.58065337	
-3.12089541651	-1647.57946432	
-3.13549421593	-1647.57829628	
-3.14988295338	-1647.57714871	
-3.16406758837	-1647.57602107	
-3.17805383035	-1647.57491285	
-3.19184715248	-1647.57382354	
-3.20545280454	-1647.57275266	
-3.21887582487	-1647.57169976	
-3.23212105162	-1647.57066437	
-3.24519313319	-1647.56964607	
-3.25809653802	-1647.56864444	
-3.2708355638	-1647.56765906	
-3.28341434601	-1647.56668955	
-3.295836866	-1647.56573553	
-3.3081069586	-1647.56479662	
-3.32022831913	-1647.56387247	
-3.33220451018	-1647.56296273	
-3.34403896782	-1647.56206707	
-3.35573500759	-1647.56118516	
-3.36729582999	-1647.56031669	
-3.37872452581	-1647.55946135	
-3.39002408106	-1647.55861885	
-3.40119738166	-1647.55778889	
-3.41224721785	-1647.55697121	
-3.42317628838	-1647.55616552	
-3.43398720449	-1647.55537158	
-3.4446824936	-1647.55458911	
-3.45526460293	-1647.55381788	
-3.4657359028	-1647.55305764	
-3.47609868984	-1647.55230817	
-3.48635519	-1647.55156922	
-3.49650756147	-1647.55084059	
-3.50655789732	-1647.55012205	
-3.51650822817	-1647.5494134	
-3.52636052462	-1647.54871444	
-3.53611669956	-1647.54802496	
-3.54577861047	-1647.54734478	
-3.55534806149	-1647.54667371	
-3.56482680544	-1647.54601157	
-3.57421654579	-1647.54535817	
-3.58351893846	-1647.54471336	
-3.59273559356	-1647.54407695	
-3.60186807712	-1647.54344878	
-3.61091791264	-1647.54282871	
-3.61988658263	-1647.54221656	
-3.62877553004	-1647.54161219	
-3.63758615973	-1647.54101545	
-3.6463198397	-1647.54042621	
-3.65497790244	-1647.5398443	
-3.66356164613	-1647.53926961	
-3.6720723358	-1647.538702	
-3.68051120444	-1647.53814134	
-3.68887945411	-1647.53758749	
-3.69717825693	-1647.53704034	
-3.70540875607	-1647.53649977	
-3.7135720667	-1647.53596565	
-3.72166927694	-1647.53543788	
-3.72970144863	-1647.53491634	
-3.73766961828	-1647.53440092	
-3.74557479779	-1647.53389151	
-3.75341797525	-1647.53338801	
-3.76120011569	-1647.53289031	
-3.76892216179	-1647.53239832	
-3.77658503453	-1647.53191194	
-3.78418963392	-1647.53143107	
-3.79173683955	-1647.53095563	
-3.79922751128	-1647.53048551	
-3.80666248977	-1647.53002063	
-3.81404259707	-1647.5295609	
-3.82136863716	-1647.52910624	
-3.82864139649	-1647.52865656	
-3.83586164446	-1647.52821178	
-3.84303013394	-1647.52777183	
-3.85014760171	-1647.52733662	
-3.85721476893	-1647.52690608	
-3.86423234159	-1647.52648013	
-3.87120101091	-1647.5260587	
-3.87812145375	-1647.52564172	
-3.88499433304	-1647.52522912	
-3.89182029811	-1647.52482082	
-3.8985999851	-1647.52441677	
-3.90533401728	-1647.52401689	
-3.91202300543	-1647.52362113	
-3.91866754815	-1647.52322941	
-3.92526823218	-1647.52284169	
-3.93182563272	-1647.52245788	
-3.93834031375	-1647.52207795	
-3.94481282825	-1647.52170182	
-3.95124371858	-1647.52132944	
-3.95763351668	-1647.52096076	
-3.96398274436	-1647.52059572	
-3.97029191355	-1647.52023427	
-3.97656152657	-1647.51987636	
-3.98279207632	-1647.51952192	
-3.98898404656	-1647.51917092	
-3.99513791214	-1647.5188233	
-4.00125413916	-1647.51847901	
-4.00733318523	-1647.51813801	
-4.01337549969	-1647.51780025	
-4.01938152375	-1647.51746568	
-4.02535169074	-1647.51713426	
-4.03128642625	-1647.51680595	
-4.03718614838	-1647.51648069	
-4.04305126783	-1647.51615846	
-4.04888218815	-1647.5158392	
-4.05467930583	-1647.51552287	
-4.06044301055	-1647.51520944	
-4.06617368526	-1647.51489886	
-4.07187170637	-1647.5145911	
-4.07753744391	-1647.51428612	
-4.08317126162	-1647.51398388	
-4.08877351717	-1647.51368434	
-4.09434456222	-1647.51338747	
-4.0998847426	-1647.51309323	
-4.10539439841	-1647.51280159	
-4.11087386417	-1647.51251251	
-4.11632346894	-1647.51222596	
-4.12174353641	-1647.51194191	
-4.12713438505	-1647.51166032	
-4.13249632819	-1647.51138117	
-4.13782967416	-1647.51110441	
-4.14313472639	-1647.51083002	
-4.14841178349	-1647.51055797	
-4.15366113938	-1647.51028824	
-4.15888308336	-1647.51002078	
-4.16407790024	-1647.50975557	
-4.1692458704	-1647.50949259	
-4.1743872699	-1647.5092318	
-4.17950237056	-1647.50897318	
-4.18459144007	-1647.5087167	
-4.18965474203	-1647.50846233	
-4.19469253606	-1647.50821006	
-4.19970507788	-1647.50795984	
-4.20469261939	-1647.50771166	
-4.20965540873	-1647.5074655	
-4.21459369037	-1647.50722132	
-4.21950770518	-1647.50697911	
-4.22439769047	-1647.50673884	
-4.22926388012	-1647.50650049	
-4.2341065046	-1647.50626403	
-4.23892579103	-1647.50602944	
-4.2437219633	-1647.5057967	
-4.24849524205	-1647.50556579	
-4.25324584481	-1647.50533669	
-4.257973986	-1647.50510937	
-4.26267987704	-1647.50488382	
-4.26736372635	-1647.50466001	
-4.27202573946	-1647.50443793	
-4.27666611902	-1647.50421755	
-4.28128506487	-1647.50399885	
-4.28588277412	-1647.50378182	
-4.29045944115	-1647.50356644	
-4.29501525768	-1647.50335268	
-4.29955041285	-1647.50314054	
-4.3040650932	-1647.50292998	
-4.30855948279	-1647.502721	
-4.31303376319	-1647.50251357	
-4.31748811354	-1647.50230768	
-4.3219227106	-1647.50210332	
-4.32633772881	-1647.50190046	
-4.33073334029	-1647.50169908	
-4.33510971489	-1647.50149918	
-4.33946702026	-1647.50130073	
-4.34380542185	-1647.50110373	
-4.348125083	-1647.50090814	
-4.3524261649	-1647.50071397	
-4.35670882669	-1647.50052119	
-4.36097322548	-1647.50032979	
-4.36521951636	-1647.50013975	
-4.36944785247	-1647.49995106	
-4.373658385	-1647.49976371	
-4.37785126326	-1647.49957768	
-4.38202663467	-1647.49939295	
-4.38618464482	-1647.49920952	
-4.39032543749	-1647.49902737	
-4.39444915467	-1647.49884648	
-4.39855593663	-1647.49866685	
-4.40264592188	-1647.49848846	
-4.40671924726	-1647.49831129	
-4.41077604796	-1647.49813534	
-4.4148164575	-1647.49796059	
-4.4188406078	-1647.49778704	
-4.42284862919	-1647.49761466	
-4.42684065046	-1647.49744344	
-4.43081679884	-1647.49727338	
-4.43477720006	-1647.49710447	
-4.43872197835	-1647.49693668	
-4.44265125649	-1647.49677001	
-4.44656515581	-1647.49660445	
-4.45046379623	-1647.49643999	
-4.45434729625	-1647.49627662	
-4.45821577303	-1647.49611432	
-4.46206934235	-1647.49595309	
-4.46590811865	-1647.49579291	
-4.46973221509	-1647.49563378	
-4.47354174351	-1647.49547568	
-4.47733681448	-1647.49531861	
-4.48111753732	-1647.49516255	
-4.48488402011	-1647.49500749	
-4.48863636973	-1647.49485343	
-4.49237469184	-1647.49470036	
-4.49609909093	-1647.49454826	
-4.49980967033	-1647.49439712	
-4.50350653221	-1647.49424695	
-4.50718977763	-1647.49409772	
-4.51085950652	-1647.49394943	
-4.51451581772	-1647.49380208	
-4.518158809	-1647.49365564	
-4.52178857705	-1647.49351012	
-4.52540521752	-1647.4933655	
-4.52900882502	-1647.49322178	
-4.53259949315	-1647.49307895	
-4.5361773145	-1647.49293699	
-4.53974238067	-1647.49279591	
-4.54329478227	-1647.4926557	
-4.54683460898	-1647.49251633	
-4.55036194949	-1647.49237782	
-4.5538768916	-1647.49224014	
-4.55737952215	-1647.4921033	
-4.56086992709	-1647.49196729	
-4.56434819147	-1647.49183209	
-4.56781439944	-1647.4916977	
-4.57126863431	-1647.49156411	
-4.5747109785	-1647.49143132	
-4.5781415136	-1647.49129932	
-4.58156032035	-1647.4911681	
-4.58496747867	-1647.49103766	
-4.58836306767	-1647.49090798	
-4.59174716566	-1647.49077906	
-4.59511985013	-1647.4906509	
-4.59848119784	-1647.49052349	
-4.60183128472	-1647.49039682	
-4.60517018599	-1647.49027088	
-4.60849797608	-1647.49014567	
-4.61181472871	-1647.49002118	
-4.61512051684	-1647.48989741	
-4.61841541274	-1647.48977435	
-4.62169948794	-1647.489652	
-4.62497281328	-1647.48953034	
-4.62823545892	-1647.48940937	
-4.63148749431	-1647.48928909	
-4.63472898823	-1647.48916949	
-4.63796000881	-1647.48905056	
-4.64118062351	-1647.4889323	
-4.64439089914	-1647.48881471	
-4.64759090187	-1647.48869777	
-4.65078069724	-1647.48858148	
-4.65396035016	-1647.48846584	
-4.65712992492	-1647.48835084	
-4.66028948521	-1647.48823648	
-4.66343909411	-1647.48812275	
-4.66657881412	-1647.48800964	
-4.66970870713	-1647.48789715	
-4.67282883446	-1647.48778528	
-4.67593925688	-1647.48767402	
-4.67904003455	-1647.48756336	
-4.68213122712	-1647.48745331	
-4.68521289366	-1647.48734385	
-4.6882850927	-1647.48723498	
-4.69134788223	-1647.48712669	
-4.69440131972	-1647.48701899	
-4.6974454621	-1647.48691186	
-4.70048036579	-1647.4868053	
-4.70350608671	-1647.48669932	
-4.70652268025	-1647.48659389	
-4.70953020131	-1647.48648902	
-4.71252870431	-1647.48638471	
-4.71551824316	-1647.48628094	
-4.7184988713	-1647.48617772	
-4.72147064168	-1647.48607504	
-4.72443360681	-1647.4859729	
-4.72738781871	-1647.48587129	
-4.73033332894	-1647.48577021	
-4.73327018862	-1647.48566965	
-4.73619844839	-1647.48556961	
-4.7391181585	-1647.48547009	
-4.74202936871	-1647.48537108	
-4.74493212836	-1647.48527258	
-4.74782648639	-1647.48517458	
-4.75071249128	-1647.48507708	
-4.75359019111	-1647.48498008	
-4.75645963353	-1647.48488358	
-4.75932086582	-1647.48478756	
-4.7621739348	-1647.48469202	
-4.76501888693	-1647.48459697	
-4.76785576827	-1647.48450239	
-4.77068462447	-1647.48440829	
-4.77350550081	-1647.48431466	
-4.77631844218	-1647.4842215	
-4.77912349311	-1647.4841288	
-4.78192069773	-1647.48403657	
-4.78471009982	-1647.48394478	
-4.78749174278	-1647.48385346	
-4.79026566966	-1647.48376258	
-4.79303192316	-1647.48367215	
-4.7957905456	-1647.48358216	
-4.79854157897	-1647.48349261	
-4.80128506491	-1647.4834035	
-4.80402104473	-1647.48331483	
-4.80674955939	-1647.48322658	
-4.8094706495	-1647.48313876	
-4.81218435537	-1647.48305137	
-4.81489071697	-1647.4829644	
-4.81758977394	-1647.48287784	
-4.82028156561	-1647.4827917	
-4.82296613098	-1647.48270598	
-4.82564350875	-1647.48262066	
-4.8283137373	-1647.48253575	
-4.83097685472	-1647.48245124	
-4.83363289878	-1647.48236714	
-4.83628190695	-1647.48228343	
-4.83892391641	-1647.48220012	
-4.84155896405	-1647.4821172	
-4.84418708646	-1647.48203467	
-4.84680831994	-1647.48195252	
-4.84942270051	-1647.48187076	
-4.85203026392	-1647.48178938	
-4.85463104562	-1647.48170838	
-4.8572250808	-1647.48162776	
-4.85981240436	-1647.48154751	
-4.86239305096	-1647.48146762	
-4.86496705495	-1647.48138811	
-4.86753445046	-1647.48130897	
-4.87009527132	-1647.48123018	
-4.87264955112	-1647.48115176	
-4.8751973232	-1647.4810737	
-4.87773862063	-1647.48099599	
-4.88027347623	-1647.48091864	
-4.88280192259	-1647.48084163	
-4.88532399202	-1647.48076498	
-4.88783971662	-1647.48068867	
-4.89034912822	-1647.4806127	
-4.89285225844	-1647.48053708	
-4.89534913864	-1647.4804618	
-4.89783979995	-1647.48038685	
-4.90032427328	-1647.48031224	
-4.90280258929	-1647.48023796	
-4.90527477844	-1647.48016401	
-4.90774087093	-1647.48009038	
-4.91020089677	-1647.48001709	
-4.91265488574	-1647.47994412	
-4.91510286737	-1647.47987147	
-4.91754487103	-1647.47979914	
-4.91998092583	-1647.47972712	
-4.92241106068	-1647.47965542	
-4.92483530429	-1647.47958404	
-4.92725368516	-1647.47951296	
-4.92966623156	-1647.4794422	
-4.93207297159	-1647.47937174	
-4.93447393313	-1647.47930159	
-4.93686914386	-1647.47923174	
-4.93925863125	-1647.47916219	
-4.94164242261	-1647.47909294	
-4.94402054501	-1647.47902399	
-4.94639302537	-1647.47895534	
-4.94875989038	-1647.47888697	
-4.95112116656	-1647.4788189	
-4.95347688026	-1647.47875112	
-4.9558270576	-1647.47868363	
-4.95817172456	-1647.47861642	
-4.96051090691	-1647.4785495	
-4.96284463026	-1647.47848286	
-4.96517292002	-1647.4784165	
-4.96749580144	-1647.47835042	
-4.96981329958	-1647.47828462	
-4.97212543933	-1647.47821909	
-4.97443224543	-1647.47815383	
-4.97673374242	-1647.47808885	
-4.97902995468	-1647.47802414	
-4.98132090643	-1647.4779597	
-4.98360662171	-1647.47789552	
-4.98588712441	-1647.47783161	
-4.98816243824	-1647.47776796	
-4.99043258678	-1647.47770457	
-4.99269759341	-1647.47764145	
-4.99495748138	-1647.47757858	
-4.99721227376	-1647.47751597	
-4.9994619935	-1647.47745362	
-5.00170666335	-1647.47739152	
-5.00394630595	-1647.47732967	
-5.00618094375	-1647.47726808	
-5.00841059907	-1647.47720673	
-5.0106352941	-1647.47714563	
-5.01285505083	-1647.47708478	
-5.01506989116	-1647.47702418	
-5.01727983681	-1647.47696381	
-5.01948490937	-1647.47690369	
-5.02168513028	-1647.47684381	
-5.02388052085	-1647.47678417	
-5.02607110223	-1647.47672476	
-5.02825689545	-1647.4766656	
-5.03043792139	-1647.47660666	
-5.03261420082	-1647.47654796	
-5.03478575433	-1647.4764895	
-5.03695260241	-1647.47643126	
-5.03911476542	-1647.47637325	
-5.04127226356	-1647.47631547	
-5.04342511692	-1647.47625792	
-5.04557334546	-1647.47620059	
-5.047716969	-1647.47614349	
-5.04985600725	-1647.47608661	
-5.05199047978	-1647.47602995	
-5.05412040604	-1647.47597351	
-5.05624580535	-1647.47591729	
-5.05836669692	-1647.47586129	
-5.06048309982	-1647.4758055	
-5.06259503303	-1647.47574993	
-5.06470251537	-1647.47569457	
-5.06680556556	-1647.47563943	
-5.06890420222	-1647.47558449	
-5.07099844382	-1647.47552977	
-5.07308830874	-1647.47547526	
-5.07517381523	-1647.47542095	
-5.07725498144	-1647.47536685	
-5.07933182538	-1647.47531295	
-5.08140436498	-1647.47525926	
-5.08347261805	-1647.47520578	
-5.08553660227	-1647.47515249	
-5.08759633523	-1647.4750994	
-5.08965183441	-1647.47504652	
-5.09170311719	-1647.47499383	
-5.09375020081	-1647.47494134	
-5.09579310244	-1647.47488905	
-5.09783183913	-1647.47483695	
-5.09986642782	-1647.47478505	
-5.10189688537	-1647.47473334	
-5.10392322852	-1647.47468182	
-5.1059454739	-1647.47463049	
-5.10796363806	-1647.47457935	
-5.10997773743	-1647.4745284	
-5.11198778836	-1647.47447764	
-5.11399380708	-1647.47442707	
-5.11599580975	-1647.47437668	
-5.11799381242	-1647.47432647	
-5.11998783102	-1647.47427645	
-5.12197788143	-1647.47422661	
-5.1239639794	-1647.47417695	
-5.12594614061	-1647.47412748	
-5.12792438062	-1647.47407818	
-5.12989871492	-1647.47402906	
-5.13186915891	-1647.47398012	
-5.13383572788	-1647.47393136	
-5.13579843705	-1647.47388277	
-5.13775730154	-1647.47383436	
-5.13971233637	-1647.47378612	
-5.1416635565	-1647.47373805	
-5.14361097679	-1647.47369016	
-5.145554612	-1647.47364244	
-5.14749447681	-1647.47359488	
-5.14943058584	-1647.4735475	
-5.15136295359	-1647.47350028	
-5.1532915945	-1647.47345324	
-5.15521652291	-1647.47340636	
-5.15713775309	-1647.47335964	
-5.15905529921	-1647.47331309	
-5.1609691754	-1647.4732667	
-5.16287939565	-1647.47322048	
-5.16478597392	-1647.47317442	
-5.16668892407	-1647.47312852	
-5.16858825987	-1647.47308278	
-5.17048399504	-1647.4730372	
-5.17237614319	-1647.47299178	
-5.17426471788	-1647.47294651	
-5.17614973257	-1647.47290141	
-5.17803120067	-1647.47285646	
-5.1799091355	-1647.47281167	
-5.18178355029	-1647.47276703	
-5.18365445823	-1647.47272254	
-5.1855218724	-1647.47267821	
-5.18738580584	-1647.47263403	
-5.18924627149	-1647.47259	
-5.19110328224	-1647.47254613	
-5.19295685089	-1647.4725024	
-5.19480699018	-1647.47245882	
-5.19665371277	-1647.47241539	
-5.19849703127	-1647.47237211	
-5.20033695819	-1647.47232898	
-5.202173506	-1647.47228599	
-5.20400668708	-1647.47224315	
-5.20583651375	-1647.47220045	
-5.20766299828	-1647.47215789	
-5.20948615284	-1647.47211548	
-5.21130598956	-1647.47207322	
-5.21312252048	-1647.47203109	
-5.21493575761	-1647.4719891	
-5.21674571285	-1647.47194726	
-5.21855239808	-1647.47190555	
-5.22035582508	-1647.47186399	
-5.22215600558	-1647.47182256	
-5.22395295126	-1647.47178127	
-5.22574667371	-1647.47174012	
-5.22753718449	-1647.4716991	
-5.22932449506	-1647.47165822	
-5.23110861685	-1647.47161748	
-5.23288956123	-1647.47157687	
-5.23466733947	-1647.47153639	
-5.23644196283	-1647.47149604	
-5.23821344248	-1647.47145583	
-5.23998178954	-1647.47141575	
-5.24174701506	-1647.4713758	
-5.24350913005	-1647.47133598	
-5.24526814546	-1647.47129629	
-5.24702407216	-1647.47125673	
-5.24877692099	-1647.4712173	
-5.25052670271	-1647.47117799	
-5.25227342805	-1647.47113881	
-5.25401710765	-1647.47109976	
-5.25575775213	-1647.47106084	
-5.25749537203	-1647.47102204	
-5.25922997784	-1647.47098337	
-5.26096158	-1647.47094482	
-5.2626901889	-1647.47090639	
-5.26441581487	-1647.47086809	
-5.26613846818	-1647.4708299	
-5.26785815906	-1647.47079184	
-5.26957489768	-1647.47075391	
-5.27128869416	-1647.47071609	
-5.27299955856	-1647.47067839	
-5.27470750091	-1647.47064081	
-5.27641253116	-1647.47060335	
-5.27811465923	-1647.47056601	
-5.27981389498	-1647.47052879	
-5.28151024823	-1647.47049169	
-5.28320372874	-1647.4704547	
-5.28489434622	-1647.47041782	
-5.28658211033	-1647.47038107	
-5.28826703069	-1647.47034443	
-5.28994911688	-1647.4703079	
-5.2916283784	-1647.47027148	
-5.29330482472	-1647.47023518	
-5.29497846528	-1647.470199	
-5.29664930945	-1647.47016292	
-5.29831736655	-1647.47012696	
-5.29998264587	-1647.47009111	
-5.30164515664	-1647.47005537	
-5.30330490806	-1647.47001974	
-5.30496190927	-1647.46998422	
-5.30661616936	-1647.46994881	
-5.3082676974	-1647.4699135	
-5.30991650239	-1647.46987831	
-5.3115625933	-1647.46984322	
-5.31320597904	-1647.46980824	
-5.3148466685	-1647.46977337	
-5.3164846705	-1647.46973861	
-5.31811999384	-1647.46970395	
-5.31975264727	-1647.46966939	
-5.32138263948	-1647.46963494	
-5.32300997914	-1647.4696006	
-5.32463467487	-1647.46956636	
-5.32625673524	-1647.46953222	
-5.32787616879	-1647.46949818	
-5.32949298402	-1647.46946425	
-5.33110718937	-1647.46943042	
-5.33271879327	-1647.46939669	
-5.33432780407	-1647.46936307	
-5.33593423012	-1647.46932954	
-5.3375380797	-1647.46929611	
-5.33913936107	-1647.46926279	
-5.34073808243	-1647.46922956	
-5.34233425196	-1647.46919643	
-5.3439278778	-1647.4691634	
-5.34551896803	-1647.46913047	
-5.34710753072	-1647.46909763	
-5.34869357387	-1647.4690649	
-5.35027710548	-1647.46903226	
-5.35185813348	-1647.46899971	
-5.35343666577	-1647.46896726	
-5.35501271022	-1647.46893491	
-5.35658627467	-1647.46890265	
-5.3581573669	-1647.46887049	
-5.35972599468	-1647.46883842	
-5.36129216571	-1647.46880645	
-5.36285588769	-1647.46877457	
-5.36441716825	-1647.46874278	
-5.36597601502	-1647.46871108	
-5.36753243557	-1647.46867948	
-5.36908643744	-1647.46864796	
-5.37063802813	-1647.46861654	
-5.37218721511	-1647.46858521	
-5.37373400583	-1647.46855397	
-5.37527840768	-1647.46852282	
-5.37682042804	-1647.46849176	
-5.37836007422	-1647.46846079	
-5.37989735354	-1647.46842991	
-5.38143227326	-1647.46839912	
-5.38296484061	-1647.46836842	
-5.38449506279	-1647.4683378	
-5.38602294697	-1647.46830727	
-5.38754850028	-1647.46827683	
-5.38907172982	-1647.46824647	
-5.39059264266	-1647.46821621	
-5.39211124583	-1647.46818602	
-5.39362754635	-1647.46815593	
-5.39514155118	-1647.46812592	
-5.39665326727	-1647.46809599	
-5.39816270152	-1647.46806615	
-5.39966986081	-1647.46803639	
-5.40117475199	-1647.46800671	
-5.40267738187	-1647.46797712	
-5.40417775725	-1647.46794762	
-5.40567588487	-1647.46791819	
-5.40717177146	-1647.46788885	
-5.40866542372	-1647.46785959	
-5.4101568483	-1647.46783041	
-5.41164605186	-1647.46780131	
-5.41313304098	-1647.4677723	
-5.41461782224	-1647.46774336	
-5.4161004022	-1647.46771451	
-5.41758078737	-1647.46768573	
-5.41905898424	-1647.46765704	
-5.42053499927	-1647.46762842	
-5.42200883889	-1647.46759988	
-5.4234805095	-1647.46757143	
-5.42495001748	-1647.46754305	
-5.42641736918	-1647.46751474	
-5.4278825709	-1647.46748652	
-5.42934562895	-1647.46745837	
-5.43080654959	-1647.46743031	
-5.43226533906	-1647.46740231	
-5.43372200355	-1647.4673744	
-5.43517654927	-1647.46734656	
-5.43662898235	-1647.46731879	
-5.43807930892	-1647.46729111	
-5.4395275351	-1647.46726349	
-5.44097366695	-1647.46723595	
-5.44241771052	-1647.46720849	
-5.44385967184	-1647.4671811	
-5.4452995569	-1647.46715379	
-5.44673737167	-1647.46712655	
-5.44817312209	-1647.46709938	
-5.44960681409	-1647.46707228	
-5.45103845357	-1647.46704526	
-5.45246804638	-1647.46701831	
-5.45389559837	-1647.46699144	
-5.45532111536	-1647.46696463	
-5.45674460314	-1647.4669379	
-5.45816606749	-1647.46691123	
-5.45958551414	-1647.46688464	
-5.46100294883	-1647.46685812	
-5.46241837723	-1647.46683167	
-5.46383180503	-1647.46680529	
-5.46524323786	-1647.46677899	
-5.46665268137	-1647.46675275	
-5.46806014114	-1647.46672658	
-5.46946562274	-1647.46670047	
-5.47086913175	-1647.46667444	
-5.47227067367	-1647.46664848	
-5.47367025403	-1647.46662258	
-5.47506787829	-1647.46659676	
-5.47646355193	-1647.466571	
-5.47785728038	-1647.46654531	
-5.47924906905	-1647.46651968	
-5.48063892334	-1647.46649412	
-5.48202684862	-1647.46646863	
-5.48341285022	-1647.46644321	
-5.48479693349	-1647.46641785	
-5.48617910372	-1647.46639256	
-5.48755936619	-1647.46636733	
-5.48893772616	-1647.46634217	
-5.49031418887	-1647.46631708	
-5.49168875953	-1647.46629204	
-5.49306144334	-1647.46626708	
-5.49443224547	-1647.46624218	
-5.49580117108	-1647.46621734	
-5.49716822529	-1647.46619257	
-5.49853341322	-1647.46616786	
-5.49989673995	-1647.46614321	
-5.50125821054	-1647.46611863	
-5.50261783006	-1647.46609411	
-5.50397560352	-1647.46606965	
-5.50533153593	-1647.46604525	
-5.50668563228	-1647.46602092	
-5.50803789753	-1647.46599665	
-5.50938833663	-1647.46597244	
-5.5107369545	-1647.46594829	
-5.51208375605	-1647.46592421	
-5.51342874616	-1647.46590018	
-5.51477192971	-1647.46587622	
-5.51611331154	-1647.46585231	
-5.51745289646	-1647.46582847	
-5.51879068931	-1647.46580469	
-5.52012669485	-1647.46578096	
-5.52146091786	-1647.4657573	
-5.5227933631	-1647.4657337	
-5.52412403528	-1647.46571015	
-5.52545293913	-1647.46568666	
-5.52678007934	-1647.46566324	
-5.52810546058	-1647.46563987	
-5.52942908751	-1647.46561656	
-5.53075096477	-1647.46559331	
-5.53207109697	-1647.46557011	
-5.53338948873	-1647.46554698	
-5.53470614461	-1647.4655239	
-5.53602106919	-1647.46550088	
-5.53733426702	-1647.46547791	
-5.53864574262	-1647.465455	
-5.5399555005	-1647.46543215	
-5.54126354516	-1647.46540936	
-5.54256988107	-1647.46538662	
-5.5438745127	-1647.46536394	
-5.54517744448	-1647.46534131	
-5.54647868084	-1647.46531874	
-5.54777822618	-1647.46529622	
-5.5490760849	-1647.46527376	
-5.55037226136	-1647.46525136	
-5.55166675992	-1647.46522901	
-5.55295958492	-1647.46520671	
-5.55425074069	-1647.46518447	
-5.55554023152	-1647.46516228	
-5.5568280617	-1647.46514015	
-5.55811423551	-1647.46511807	
-5.5593987572	-1647.46509604	
-5.56068163102	-1647.46507407	
-5.56196286117	-1647.46505215	
-5.56324245188	-1647.46503028	
-5.56452040732	-1647.46500847	
-5.56579673168	-1647.46498671	
-5.56707142911	-1647.464965	
-5.56834450376	-1647.46494334	
-5.56961595975	-1647.46492174	
-5.57088580119	-1647.46490019	
-5.57215403218	-1647.46487869	
-5.57342065679	-1647.46485724	
-5.5746856791	-1647.46483584	
-5.57594910315	-1647.46481449	
-5.57721093297	-1647.4647932	
-5.57847117258	-1647.46477195	
-5.57972982599	-1647.46475076	
-5.58098689718	-1647.46472961	
-5.58224239012	-1647.46470852	
-5.58349630878	-1647.46468748	
-5.5847486571	-1647.46466648	
-5.585999439	-1647.46464554	
-5.5872486584	-1647.46462464	
-5.5884963192	-1647.4646038	
-5.58974242528	-1647.464583	
-5.59098698051	-1647.46456226	
-5.59222998875	-1647.46454156	
-5.59347145384	-1647.46452091	
-5.5947113796	-1647.46450031	
-5.59594976985	-1647.46447975	
-5.59718662839	-1647.46445925	
-5.598421959	-1647.46443879	
-5.59965576545	-1647.46441838	
-5.60088805149	-1647.46439802	
-5.60211882088	-1647.46437771	
-5.60334807733	-1647.46435744	
-5.60457582457	-1647.46433722	
-5.6058020663	-1647.46431705	
-5.60702680619	-1647.46429692	
-5.60825004793	-1647.46427684	
-5.60947179518	-1647.46425681	
-5.61069205159	-1647.46423683	
-5.61191082078	-1647.46421689	
-5.61312810639	-1647.46419699	
-5.61434391201	-1647.46417714	
-5.61555824124	-1647.46415734	
-5.61677109767	-1647.46413758	
-5.61798248485	-1647.46411787	
-5.61919240636	-1647.46409821	
-5.62040086572	-1647.46407858	
-5.62160786647	-1647.46405901	
-5.62281341212	-1647.46403948	
-5.62401750619	-1647.46401999	
-5.62522015215	-1647.46400055	
-5.6264213535	-1647.46398115	
-5.62762111369	-1647.46396179	
-5.62881943618	-1647.46394248	
-5.63001632442	-1647.46392322	
-5.63121178182	-1647.46390399	
-5.63240581181	-1647.46388482	
-5.6335984178	-1647.46386568	
-5.63478960317	-1647.46384659	
-5.6359793713	-1647.46382754	
-5.63716772557	-1647.46380853	
-5.63835466933	-1647.46378957	
-5.63954020593	-1647.46377065	
-5.64072433869	-1647.46375177	
-5.64190707094	-1647.46373293	
-5.64308840598	-1647.46371414	
-5.64426834712	-1647.46369539	
-5.64544689764	-1647.46367668	
-5.64662406082	-1647.46365801	
-5.64779983991	-1647.46363938	
-5.64897423816	-1647.4636208	
-5.65014725882	-1647.46360226	
-5.65131890512	-1647.46358375	
-5.65248918027	-1647.46356529	
-5.65365808747	-1647.46354687	
-5.65482562993	-1647.46352849	
-5.65599181082	-1647.46351015	
-5.65715663332	-1647.46349186	
-5.65832010058	-1647.4634736	
-5.65948221576	-1647.46345538	
-5.660642982	-1647.46343721	
-5.66180240242	-1647.46341907	
-5.66296048014	-1647.46340097	
-5.66411721826	-1647.46338291	
-5.66527261989	-1647.4633649	
-5.66642668811	-1647.46334692	
-5.66757942599	-1647.46332898	
-5.6687308366	-1647.46331108	
-5.66988092298	-1647.46329322	
-5.67102968818	-1647.4632754	
-5.67217713524	-1647.46325762	
-5.67332326717	-1647.46323987	
-5.67446808699	-1647.46322217	
-5.67561159769	-1647.4632045	
-5.67675380227	-1647.46318687	
-5.6778947037	-1647.46316928	
-5.67903430497	-1647.46315173	
-5.68017260902	-1647.46313422	
-5.6813096188	-1647.46311674	
-5.68244533727	-1647.4630993	
-5.68357976734	-1647.4630819	
-5.68471291194	-1647.46306454	
-5.68584477397	-1647.46304721	
-5.68697535634	-1647.46302993	
-5.68810466194	-1647.46301267	
-5.68923269364	-1647.46299546	
-5.69035945432	-1647.46297828	
-5.69148494685	-1647.46296114	
-5.69260917406	-1647.46294404	
-5.6937321388	-1647.46292697	
-5.69485384391	-1647.46290994	
-5.69597429221	-1647.46289295	
-5.69709348651	-1647.46287599	
-5.69821142961	-1647.46285907	
-5.69932812431	-1647.46284218	
-5.70044357339	-1647.46282533	
-5.70155777963	-1647.46280851	
-5.7026707458	-1647.46279173	
-5.70378247466	-1647.46277499	
-5.70489296894	-1647.46275828	
-5.70600223139	-1647.46274161	
-5.70711026475	-1647.46272497	
-5.70821707172	-1647.46270837	
-5.70932265503	-1647.4626918	
-5.71042701737	-1647.46267527	
-5.71153016145	-1647.46265877	
-5.71263208993	-1647.46264231	
-5.71373280551	-1647.46262588	
-5.71483231084	-1647.46260948	
-5.71593060859	-1647.46259312	
-5.71702770141	-1647.4625768	
-5.71812359193	-1647.46256051	
-5.71921828279	-1647.46254425	
-5.72031177661	-1647.46252802	
-5.72140407601	-1647.46251183	
-5.72249518359	-1647.46249568	
-5.72358510195	-1647.46247955	
-5.72467383369	-1647.46246346	
-5.72576138137	-1647.46244741	
-5.72684774759	-1647.46243138	
-5.72793293489	-1647.46241539	
-5.72901694583	-1647.46239944	
-5.73009978297	-1647.46238351	
-5.73118144884	-1647.46236762	
-5.73226194598	-1647.46235176	
-5.7333412769	-1647.46233594	
-5.73441944412	-1647.46232015	
-5.73549645015	-1647.46230438	
-5.73657229748	-1647.46228866	
-5.73764698861	-1647.46227296	
-5.73872052602	-1647.4622573	
-5.73979291218	-1647.46224166	
-5.74086414956	-1647.46222606	
-5.74193424062	-1647.46221049	
-5.74300318781	-1647.46219496	
-5.74407099357	-1647.46217945	
-5.74513766034	-1647.46216398	
-5.74620319054	-1647.46214854	
-5.7472675866	-1647.46213313	
-5.74833085092	-1647.46211775	
-5.74939298591	-1647.4621024	
-5.75045399397	-1647.46208708	
-5.75151387748	-1647.4620718	
-5.75257263883	-1647.46205654	
-5.75363028038	-1647.46204132	
-5.75468680452	-1647.46202612	
-5.75574221359	-1647.46201096	
-5.75679650994	-1647.46199583	
-5.75784969593	-1647.46198073	
-5.75890177388	-1647.46196565	
-5.75995274612	-1647.46195061	
-5.76100261499	-1647.4619356	
-5.76205138278	-1647.46192062	
-5.76309905181	-1647.46190567	
-5.76414562438	-1647.46189075	
-5.76519110278	-1647.46187586	
-5.7662354893	-1647.46186099	
-5.76727878622	-1647.46184616	
-5.76832099579	-1647.46183136	
-5.7693621203	-1647.46181658	
-5.770402162	-1647.46180184	
-5.77144112313	-1647.46178713	
-5.77247900594	-1647.46177244	
-5.77351581267	-1647.46175778	
-5.77455154554	-1647.46174316	
-5.77558620679	-1647.46172856	
-5.77661979861	-1647.46171399	
-5.77765232322	-1647.46169945	
-5.77868378283	-1647.46168493	
-5.77971417962	-1647.46167045	
-5.78074351579	-1647.46165599	
-5.78177179352	-1647.46164157	
-5.78279901497	-1647.46162717	
-5.78382518233	-1647.4616128	
-5.78485029774	-1647.46159845	
-5.78587436337	-1647.46158414	
-5.78689738137	-1647.46156985	
-5.78791935386	-1647.4615556	
-5.788940283	-1647.46154137	
-5.7899601709	-1647.46152716	
-5.79097901969	-1647.46151299	
-5.79199683148	-1647.46149884	
-5.79301360838	-1647.46148472	
-5.7940293525	-1647.46147063	
-5.79504406593	-1647.46145656	
-5.79605775077	-1647.46144252	
-5.79707040908	-1647.46142851	
-5.79808204295	-1647.46141453	
-5.79909265446	-1647.46140057	
-5.80010224566	-1647.46138664	
-5.80111081862	-1647.46137274	
-5.80211837538	-1647.46135886	
-5.80312491799	-1647.46134501	
-5.80413044849	-1647.46133119	
-5.80513496892	-1647.46131739	
-5.80613848129	-1647.46130362	
-5.80714098764	-1647.46128988	
-5.80814248998	-1647.46127616	
-5.80914299031	-1647.46126247	
