# log_p 	 lnL 	 
0.0	-1672.12817215	
-0.287682072452	-1672.12459641	
-0.510825623766	-1672.11953759	
-0.69314718056	-1672.11339684	
-0.847297860387	-1672.1064305	
-0.980829253012	-1672.09880733	
-1.09861228867	-1672.09065496	
-1.20397280433	-1672.08207963	
-1.29928298413	-1672.07317272	
-1.38629436112	-1672.06401298	
-1.46633706879	-1672.05466775	
-1.54044504095	-1672.04519408	
-1.60943791243	-1672.03564	
-1.67397643357	-1672.02604571	
-1.73460105539	-1672.01644473	
-1.79175946923	-1672.00686492	
-1.8458266905	-1671.99732933	
-1.89711998489	-1671.98785695	
-1.94591014906	-1671.97846334	
-1.99243016469	-1671.9691612	
-2.03688192726	-1671.95996075	
-2.07944154168	-1671.95087016	
-2.1202635362	-1671.94189585	
-2.15948424935	-1671.93304273	
-2.19722457734	-1671.92431451	
-2.23359222151	-1671.91571379	
-2.26868354132	-1671.9072423	
-2.30258509299	-1671.89890104	
-2.33537491582	-1671.89069034	
-2.36712361413	-1671.88261003	
-2.3978952728	-1671.8746595	
-2.42774823595	-1671.86683775	
-2.45673577282	-1671.85914352	
-2.48490664979	-1671.85157527	
-2.51230562398	-1671.84413129	
-2.53897387106	-1671.8368097	
-2.56494935746	-1671.82960849	
-2.59026716545	-1671.82252557	
-2.61495977804	-1671.81555879	
-2.63905732962	-1671.80870591	
-2.66258782703	-1671.8019647	
-2.68557734525	-1671.7953329	
-2.7080502011	-1671.78880823	
-2.73002910782	-1671.78238846	
-2.75153531304	-1671.77607131	
-2.77258872224	-1671.76985459	
-2.79320800944	-1671.76373608	
-2.81341071676	-1671.75771364	
-2.83321334406	-1671.75178512	
-2.85263142991	-1671.74594846	
-2.87167962488	-1671.74020159	
-2.8903717579	-1671.73454253	
-2.90872089656	-1671.7289693	
-2.92673940207	-1671.72348001	
-2.94443897917	-1671.71807277	
-2.96183072188	-1671.71274578	
-2.97892515524	-1671.70749724	
-2.99573227355	-1671.70232544	
-3.01226157551	-1671.69722868	
-3.02852209638	-1671.69220532	
-3.04452243772	-1671.68725377	
-3.06027079469	-1671.68237246	
-3.07577498123	-1671.67755988	
-3.09104245336	-1671.67281457	
-3.10608033072	-1671.66813508	
-3.12089541651	-1671.66352002	
-3.13549421593	-1671.65896804	
-3.14988295338	-1671.65447781	
-3.16406758837	-1671.65004805	
-3.17805383035	-1671.64567751	
-3.19184715248	-1671.64136497	
-3.20545280454	-1671.63710926	
-3.21887582487	-1671.63290923	
-3.23212105162	-1671.62876374	
-3.24519313319	-1671.62467173	
-3.25809653802	-1671.62063211	
-3.2708355638	-1671.61664387	
-3.28341434601	-1671.61270599	
-3.295836866	-1671.60881751	
-3.3081069586	-1671.60497746	
-3.32022831913	-1671.60118491	
-3.33220451018	-1671.59743898	
-3.34403896782	-1671.59373876	
-3.35573500759	-1671.59008342	
-3.36729582999	-1671.5864721	
-3.37872452581	-1671.582904	
-3.39002408106	-1671.57937832	
-3.40119738166	-1671.57589429	
-3.41224721785	-1671.57245114	
-3.42317628838	-1671.56904816	
-3.43398720449	-1671.56568461	
-3.4446824936	-1671.5623598	
-3.45526460293	-1671.55907304	
-3.4657359028	-1671.55582367	
-3.47609868984	-1671.55261103	
-3.48635519	-1671.54943449	
-3.49650756147	-1671.54629343	
-3.50655789732	-1671.54318724	
-3.51650822817	-1671.54011534	
-3.52636052462	-1671.53707713	
-3.53611669956	-1671.53407206	
-3.54577861047	-1671.53109958	
-3.55534806149	-1671.52815914	
-3.56482680544	-1671.52525022	
-3.57421654579	-1671.5223723	
-3.58351893846	-1671.51952489	
-3.59273559356	-1671.51670748	
-3.60186807712	-1671.51391959	
-3.61091791264	-1671.51116076	
-3.61988658263	-1671.50843053	
-3.62877553004	-1671.50572843	
-3.63758615973	-1671.50305404	
-3.6463198397	-1671.50040691	
-3.65497790244	-1671.49778664	
-3.66356164613	-1671.49519279	
-3.6720723358	-1671.49262498	
-3.68051120444	-1671.49008279	
-3.68887945411	-1671.48756585	
-3.69717825693	-1671.48507377	
-3.70540875607	-1671.48260619	
-3.7135720667	-1671.48016272	
-3.72166927694	-1671.47774303	
-3.72970144863	-1671.47534675	
-3.73766961828	-1671.47297355	
-3.74557479779	-1671.47062308	
-3.75341797525	-1671.46829503	
-3.76120011569	-1671.46598906	
-3.76892216179	-1671.46370485	
-3.77658503453	-1671.4614421	
-3.78418963392	-1671.45920051	
-3.79173683955	-1671.45697976	
-3.79922751128	-1671.45477958	
-3.80666248977	-1671.45259967	
-3.81404259707	-1671.45043975	
-3.82136863716	-1671.44829955	
-3.82864139649	-1671.44617878	
-3.83586164446	-1671.44407719	
-3.84303013394	-1671.44199451	
-3.85014760171	-1671.4399305	
-3.85721476893	-1671.43788488	
-3.86423234159	-1671.43585742	
-3.87120101091	-1671.43384788	
-3.87812145375	-1671.43185601	
-3.88499433304	-1671.42988158	
-3.89182029811	-1671.42792436	
-3.8985999851	-1671.42598413	
-3.90533401728	-1671.42406066	
-3.91202300543	-1671.42215374	
-3.91866754815	-1671.42026315	
-3.92526823218	-1671.41838867	
-3.93182563272	-1671.41653011	
-3.93834031375	-1671.41468726	
-3.94481282825	-1671.41285992	
-3.95124371858	-1671.4110479	
-3.95763351668	-1671.40925099	
-3.96398274436	-1671.40746901	
-3.97029191355	-1671.40570178	
-3.97656152657	-1671.40394911	
-3.98279207632	-1671.40221082	
-3.98898404656	-1671.40048673	
-3.99513791214	-1671.39877668	
-4.00125413916	-1671.39708047	
-4.00733318523	-1671.39539796	
-4.01337549969	-1671.39372897	
-4.01938152375	-1671.39207334	
-4.02535169074	-1671.39043091	
-4.03128642625	-1671.38880152	
-4.03718614838	-1671.38718501	
-4.04305126783	-1671.38558123	
-4.04888218815	-1671.38399004	
-4.05467930583	-1671.38241128	
-4.06044301055	-1671.38084481	
-4.06617368526	-1671.37929048	
-4.07187170637	-1671.37774816	
-4.07753744391	-1671.3762177	
-4.08317126162	-1671.37469896	
-4.08877351717	-1671.37319182	
-4.09434456222	-1671.37169614	
-4.0998847426	-1671.37021178	
-4.10539439841	-1671.36873863	
-4.11087386417	-1671.36727655	
-4.11632346894	-1671.36582542	
-4.12174353641	-1671.36438511	
-4.12713438505	-1671.36295551	
-4.13249632819	-1671.36153649	
-4.13782967416	-1671.36012794	
-4.14313472639	-1671.35872974	
-4.14841178349	-1671.35734178	
-4.15366113938	-1671.35596395	
-4.15888308336	-1671.35459613	
-4.16407790024	-1671.35323821	
-4.1692458704	-1671.3518901	
-4.1743872699	-1671.35055167	
-4.17950237056	-1671.34922284	
-4.18459144007	-1671.34790349	
-4.18965474203	-1671.34659352	
-4.19469253606	-1671.34529284	
-4.19970507788	-1671.34400134	
-4.20469261939	-1671.34271893	
-4.20965540873	-1671.34144551	
-4.21459369037	-1671.34018099	
-4.21950770518	-1671.33892527	
-4.22439769047	-1671.33767827	
-4.22926388012	-1671.33643989	
-4.2341065046	-1671.33521004	
-4.23892579103	-1671.33398864	
-4.2437219633	-1671.3327756	
-4.24849524205	-1671.33157083	
-4.25324584481	-1671.33037424	
-4.257973986	-1671.32918576	
-4.26267987704	-1671.32800531	
-4.26736372635	-1671.32683279	
-4.27202573946	-1671.32566814	
-4.27666611902	-1671.32451127	
-4.28128506487	-1671.32336211	
-4.28588277412	-1671.32222057	
-4.29045944115	-1671.32108658	
-4.29501525768	-1671.31996008	
-4.29955041285	-1671.31884097	
-4.3040650932	-1671.3177292	
-4.30855948279	-1671.31662469	
-4.31303376319	-1671.31552736	
-4.31748811354	-1671.31443715	
-4.3219227106	-1671.31335399	
-4.32633772881	-1671.31227782	
-4.33073334029	-1671.31120855	
-4.33510971489	-1671.31014613	
-4.33946702026	-1671.3090905	
-4.34380542185	-1671.30804158	
-4.348125083	-1671.30699931	
-4.3524261649	-1671.30596364	
-4.35670882669	-1671.30493449	
-4.36097322548	-1671.3039118	
-4.36521951636	-1671.30289553	
-4.36944785247	-1671.30188559	
-4.373658385	-1671.30088194	
-4.37785126326	-1671.29988452	
-4.38202663467	-1671.29889327	
-4.38618464482	-1671.29790814	
-4.39032543749	-1671.29692905	
-4.39444915467	-1671.29595597	
-4.39855593663	-1671.29498883	
-4.40264592188	-1671.29402759	
-4.40671924726	-1671.29307218	
-4.41077604796	-1671.29212256	
-4.4148164575	-1671.29117866	
-4.4188406078	-1671.29024045	
-4.42284862919	-1671.28930787	
-4.42684065046	-1671.28838086	
-4.43081679884	-1671.28745939	
-4.43477720006	-1671.28654339	
-4.43872197835	-1671.28563282	
-4.44265125649	-1671.28472764	
-4.44656515581	-1671.28382779	
-4.45046379623	-1671.28293323	
-4.45434729625	-1671.28204391	
-4.45821577303	-1671.28115979	
-4.46206934235	-1671.28028082	
-4.46590811865	-1671.27940695	
-4.46973221509	-1671.27853814	
-4.47354174351	-1671.27767435	
-4.47733681448	-1671.27681553	
-4.48111753732	-1671.27596165	
-4.48488402011	-1671.27511265	
-4.48863636973	-1671.2742685	
-4.49237469184	-1671.27342915	
-4.49609909093	-1671.27259457	
-4.49980967033	-1671.27176472	
-4.50350653221	-1671.27093955	
-4.50718977763	-1671.27011902	
-4.51085950652	-1671.2693031	
-4.51451581772	-1671.26849174	
-4.518158809	-1671.26768491	
-4.52178857705	-1671.26688258	
-4.52540521752	-1671.26608469	
-4.52900882502	-1671.26529123	
-4.53259949315	-1671.26450214	
-4.5361773145	-1671.2637174	
-4.53974238067	-1671.26293696	
-4.54329478227	-1671.2621608	
-4.54683460898	-1671.26138888	
-4.55036194949	-1671.26062116	
-4.5538768916	-1671.2598576	
-4.55737952215	-1671.25909819	
-4.56086992709	-1671.25834287	
-4.56434819147	-1671.25759162	
-4.56781439944	-1671.25684441	
-4.57126863431	-1671.2561012	
-4.5747109785	-1671.25536196	
-4.5781415136	-1671.25462667	
-4.58156032035	-1671.25389528	
-4.58496747867	-1671.25316776	
-4.58836306767	-1671.2524441	
-4.59174716566	-1671.25172425	
-4.59511985013	-1671.25100818	
-4.59848119784	-1671.25029587	
-4.60183128472	-1671.24958729	
-4.60517018599	-1671.24888241	
-4.60849797608	-1671.24818119	
-4.61181472871	-1671.24748361	
-4.61512051684	-1671.24678965	
-4.61841541274	-1671.24609927	
-4.62169948794	-1671.24541245	
-4.62497281328	-1671.24472915	
-4.62823545892	-1671.24404936	
-4.63148749431	-1671.24337304	
-4.63472898823	-1671.24270017	
-4.63796000881	-1671.24203072	
-4.64118062351	-1671.24136467	
-4.64439089914	-1671.24070198	
-4.64759090187	-1671.24004265	
-4.65078069724	-1671.23938663	
-4.65396035016	-1671.2387339	
-4.65712992492	-1671.23808445	
-4.66028948521	-1671.23743824	
-4.66343909411	-1671.23679525	
-4.66657881412	-1671.23615546	
-4.66970870713	-1671.23551885	
-4.67282883446	-1671.23488538	
-4.67593925688	-1671.23425504	
-4.67904003455	-1671.2336278	
-4.68213122712	-1671.23300364	
-4.68521289366	-1671.23238254	
-4.6882850927	-1671.23176448	
-4.69134788223	-1671.23114943	
-4.69440131972	-1671.23053737	
-4.6974454621	-1671.22992828	
-4.70048036579	-1671.22932214	
-4.70350608671	-1671.22871892	
-4.70652268025	-1671.22811862	
-4.70953020131	-1671.22752119	
-4.71252870431	-1671.22692663	
-4.71551824316	-1671.22633491	
-4.7184988713	-1671.22574602	
-4.72147064168	-1671.22515993	
-4.72443360681	-1671.22457662	
-4.72738781871	-1671.22399608	
-4.73033332894	-1671.22341828	
-4.73327018862	-1671.2228432	
-4.73619844839	-1671.22227083	
-4.7391181585	-1671.22170114	
-4.74202936871	-1671.22113412	
-4.74493212836	-1671.22056976	
-4.74782648639	-1671.22000802	
-4.75071249128	-1671.21944889	
-4.75359019111	-1671.21889235	
-4.75645963353	-1671.2183384	
-4.75932086582	-1671.21778699	
-4.7621739348	-1671.21723813	
-4.76501888693	-1671.2166918	
-4.76785576827	-1671.21614796	
-4.77068462447	-1671.21560662	
-4.77350550081	-1671.21506774	
-4.77631844218	-1671.21453132	
-4.77912349311	-1671.21399734	
-4.78192069773	-1671.21346578	
-4.78471009982	-1671.21293663	
-4.78749174278	-1671.21240986	
-4.79026566966	-1671.21188546	
-4.79303192316	-1671.21136342	
-4.7957905456	-1671.21084372	
-4.79854157897	-1671.21032635	
-4.80128506491	-1671.20981128	
-4.80402104473	-1671.20929851	
-4.80674955939	-1671.20878802	
-4.8094706495	-1671.20827979	
-4.81218435537	-1671.2077738	
-4.81489071697	-1671.20727005	
-4.81758977394	-1671.20676852	
-4.82028156561	-1671.2062692	
-4.82296613098	-1671.20577206	
-4.82564350875	-1671.2052771	
-4.8283137373	-1671.2047843	
-4.83097685472	-1671.20429365	
-4.83363289878	-1671.20380513	
-4.83628190695	-1671.20331873	
-4.83892391641	-1671.20283443	
-4.84155896405	-1671.20235223	
-4.84418708646	-1671.2018721	
-4.84680831994	-1671.20139404	
-4.84942270051	-1671.20091803	
-4.85203026392	-1671.20044406	
-4.85463104562	-1671.19997211	
-4.8572250808	-1671.19950218	
-4.85981240436	-1671.19903424	
-4.86239305096	-1671.19856829	
-4.86496705495	-1671.19810432	
-4.86753445046	-1671.19764231	
-4.87009527132	-1671.19718225	
-4.87264955112	-1671.19672412	
-4.8751973232	-1671.19626792	
-4.87773862063	-1671.19581363	
-4.88027347623	-1671.19536124	
-4.88280192259	-1671.19491074	
-4.88532399202	-1671.19446212	
-4.88783971662	-1671.19401536	
-4.89034912822	-1671.19357046	
-4.89285225844	-1671.1931274	
-4.89534913864	-1671.19268617	
-4.89783979995	-1671.19224676	
-4.90032427328	-1671.19180916	
-4.90280258929	-1671.19137335	
-4.90527477844	-1671.19093933	
-4.90774087093	-1671.19050709	
-4.91020089677	-1671.19007661	
-4.91265488574	-1671.18964788	
-4.91510286737	-1671.1892209	
-4.91754487103	-1671.18879565	
-4.91998092583	-1671.18837212	
-4.92241106068	-1671.1879503	
-4.92483530429	-1671.18753018	
-4.92725368516	-1671.18711176	
-4.92966623156	-1671.18669501	
-4.93207297159	-1671.18627993	
-4.93447393313	-1671.18586652	
-4.93686914386	-1671.18545475	
-4.93925863125	-1671.18504463	
-4.94164242261	-1671.18463614	
-4.94402054501	-1671.18422926	
-4.94639302537	-1671.183824	
-4.94875989038	-1671.18342034	
-4.95112116656	-1671.18301828	
-4.95347688026	-1671.18261779	
-4.9558270576	-1671.18221888	
-4.95817172456	-1671.18182154	
-4.96051090691	-1671.18142575	
-4.96284463026	-1671.18103151	
-4.96517292002	-1671.1806388	
-4.96749580144	-1671.18024762	
-4.96981329958	-1671.17985796	
-4.97212543933	-1671.17946982	
-4.97443224543	-1671.17908317	
-4.97673374242	-1671.17869802	
-4.97902995468	-1671.17831435	
-4.98132090643	-1671.17793216	
-4.98360662171	-1671.17755143	
-4.98588712441	-1671.17717216	
-4.98816243824	-1671.17679435	
-4.99043258678	-1671.17641797	
-4.99269759341	-1671.17604303	
-4.99495748138	-1671.17566952	
-4.99721227376	-1671.17529743	
-4.9994619935	-1671.17492674	
-5.00170666335	-1671.17455745	
-5.00394630595	-1671.17418956	
-5.00618094375	-1671.17382306	
-5.00841059907	-1671.17345793	
-5.0106352941	-1671.17309418	
-5.01285505083	-1671.17273178	
-5.01506989116	-1671.17237075	
-5.01727983681	-1671.17201105	
-5.01948490937	-1671.1716527	
-5.02168513028	-1671.17129569	
-5.02388052085	-1671.17093999	
-5.02607110223	-1671.17058562	
-5.02825689545	-1671.17023255	
-5.03043792139	-1671.16988079	
-5.03261420082	-1671.16953032	
-5.03478575433	-1671.16918115	
-5.03695260241	-1671.16883325	
-5.03911476542	-1671.16848663	
-5.04127226356	-1671.16814128	
-5.04342511692	-1671.16779719	
-5.04557334546	-1671.16745435	
-5.047716969	-1671.16711276	
-5.04985600725	-1671.1667724	
-5.05199047978	-1671.16643329	
-5.05412040604	-1671.1660954	
-5.05624580535	-1671.16575873	
-5.05836669692	-1671.16542327	
-5.06048309982	-1671.16508902	
-5.06259503303	-1671.16475597	
-5.06470251537	-1671.16442412	
-5.06680556556	-1671.16409345	
-5.06890420222	-1671.16376396	
-5.07099844382	-1671.16343565	
-5.07308830874	-1671.16310851	
-5.07517381523	-1671.16278253	
-5.07725498144	-1671.16245771	
-5.07933182538	-1671.16213403	
-5.08140436498	-1671.1618115	
-5.08347261805	-1671.16149011	
-5.08553660227	-1671.16116985	
-5.08759633523	-1671.16085072	
-5.08965183441	-1671.16053271	
-5.09170311719	-1671.16021581	
-5.09375020081	-1671.15990002	
-5.09579310244	-1671.15958533	
-5.09783183913	-1671.15927174	
-5.09986642782	-1671.15895925	
-5.10189688537	-1671.15864783	
-5.10392322852	-1671.1583375	
-5.1059454739	-1671.15802824	
-5.10796363806	-1671.15772005	
-5.10997773743	-1671.15741292	
-5.11198778836	-1671.15710685	
-5.11399380708	-1671.15680183	
-5.11599580975	-1671.15649786	
-5.11799381242	-1671.15619493	
-5.11998783102	-1671.15589304	
-5.12197788143	-1671.15559218	
-5.1239639794	-1671.15529234	
-5.12594614061	-1671.15499352	
-5.12792438062	-1671.15469572	
-5.12989871492	-1671.15439893	
-5.13186915891	-1671.15410315	
-5.13383572788	-1671.15380836	
-5.13579843705	-1671.15351457	
-5.13775730154	-1671.15322176	
-5.13971233637	-1671.15292995	
-5.1416635565	-1671.15263911	
-5.14361097679	-1671.15234924	
-5.145554612	-1671.15206035	
-5.14749447681	-1671.15177242	
-5.14943058584	-1671.15148545	
-5.15136295359	-1671.15119944	
-5.1532915945	-1671.15091438	
-5.15521652291	-1671.15063026	
-5.15713775309	-1671.15034709	
-5.15905529921	-1671.15006485	
-5.1609691754	-1671.14978354	
-5.16287939565	-1671.14950316	
-5.16478597392	-1671.14922371	
-5.16668892407	-1671.14894517	
-5.16858825987	-1671.14866754	
-5.17048399504	-1671.14839083	
-5.17237614319	-1671.14811502	
-5.17426471788	-1671.14784011	
-5.17614973257	-1671.14756609	
-5.17803120067	-1671.14729297	
-5.1799091355	-1671.14702074	
-5.18178355029	-1671.14674938	
-5.18365445823	-1671.14647891	
-5.1855218724	-1671.14620931	
-5.18738580584	-1671.14594058	
-5.18924627149	-1671.14567272	
-5.19110328224	-1671.14540572	
-5.19295685089	-1671.14513957	
-5.19480699018	-1671.14487428	
-5.19665371277	-1671.14460984	
-5.19849703127	-1671.14434625	
-5.20033695819	-1671.14408349	
-5.202173506	-1671.14382157	
-5.20400668708	-1671.14356049	
-5.20583651375	-1671.14330024	
-5.20766299828	-1671.14304081	
-5.20948615284	-1671.1427822	
-5.21130598956	-1671.14252441	
-5.21312252048	-1671.14226743	
-5.21493575761	-1671.14201127	
-5.21674571285	-1671.1417559	
-5.21855239808	-1671.14150135	
-5.22035582508	-1671.14124759	
-5.22215600558	-1671.14099462	
-5.22395295126	-1671.14074245	
-5.22574667371	-1671.14049106	
-5.22753718449	-1671.14024046	
-5.22932449506	-1671.13999063	
-5.23110861685	-1671.13974159	
-5.23288956123	-1671.13949331	
-5.23466733947	-1671.13924581	
-5.23644196283	-1671.13899907	
-5.23821344248	-1671.13875309	
-5.23998178954	-1671.13850787	
-5.24174701506	-1671.13826341	
-5.24350913005	-1671.13801969	
-5.24526814546	-1671.13777673	
-5.24702407216	-1671.13753451	
-5.24877692099	-1671.13729303	
-5.25052670271	-1671.13705229	
-5.25227342805	-1671.13681228	
-5.25401710765	-1671.13657301	
-5.25575775213	-1671.13633446	
-5.25749537203	-1671.13609663	
-5.25922997784	-1671.13585953	
-5.26096158	-1671.13562315	
-5.2626901889	-1671.13538748	
-5.26441581487	-1671.13515252	
-5.26613846818	-1671.13491827	
-5.26785815906	-1671.13468472	
-5.26957489768	-1671.13445188	
-5.27128869416	-1671.13421974	
-5.27299955856	-1671.13398829	
-5.27470750091	-1671.13375753	
-5.27641253116	-1671.13352746	
-5.27811465923	-1671.13329808	
-5.27981389498	-1671.13306938	
-5.28151024823	-1671.13284136	
-5.28320372874	-1671.13261402	
-5.28489434622	-1671.13238736	
-5.28658211033	-1671.13216136	
-5.28826703069	-1671.13193603	
-5.28994911688	-1671.13171137	
-5.2916283784	-1671.13148737	
-5.29330482472	-1671.13126403	
-5.29497846528	-1671.13104134	
-5.29664930945	-1671.13081931	
-5.29831736655	-1671.13059793	
-5.29998264587	-1671.1303772	
-5.30164515664	-1671.13015711	
-5.30330490806	-1671.12993766	
-5.30496190927	-1671.12971886	
-5.30661616936	-1671.12950069	
-5.3082676974	-1671.12928315	
-5.30991650239	-1671.12906624	
-5.3115625933	-1671.12884997	
-5.31320597904	-1671.12863431	
-5.3148466685	-1671.12841929	
-5.3164846705	-1671.12820488	
-5.31811999384	-1671.12799109	
-5.31975264727	-1671.12777791	
-5.32138263948	-1671.12756534	
-5.32300997914	-1671.12735339	
-5.32463467487	-1671.12714204	
-5.32625673524	-1671.1269313	
-5.32787616879	-1671.12672116	
-5.32949298402	-1671.12651161	
-5.33110718937	-1671.12630267	
-5.33271879327	-1671.12609431	
-5.33432780407	-1671.12588655	
-5.33593423012	-1671.12567938	
-5.3375380797	-1671.1254728	
-5.33913936107	-1671.12526679	
-5.34073808243	-1671.12506137	
-5.34233425196	-1671.12485653	
-5.3439278778	-1671.12465227	
-5.34551896803	-1671.12444858	
-5.34710753072	-1671.12424546	
-5.34869357387	-1671.12404291	
-5.35027710548	-1671.12384093	
-5.35185813348	-1671.12363951	
-5.35343666577	-1671.12343866	
-5.35501271022	-1671.12323836	
-5.35658627467	-1671.12303863	
-5.3581573669	-1671.12283944	
-5.35972599468	-1671.12264081	
-5.36129216571	-1671.12244274	
-5.36285588769	-1671.12224521	
-5.36441716825	-1671.12204822	
-5.36597601502	-1671.12185178	
-5.36753243557	-1671.12165588	
-5.36908643744	-1671.12146052	
-5.37063802813	-1671.1212657	
-5.37218721511	-1671.12107141	
-5.37373400583	-1671.12087766	
-5.37527840768	-1671.12068443	
-5.37682042804	-1671.12049174	
-5.37836007422	-1671.12029957	
-5.37989735354	-1671.12010792	
-5.38143227326	-1671.1199168	
-5.38296484061	-1671.11972619	
-5.38449506279	-1671.11953611	
-5.38602294697	-1671.11934654	
-5.38754850028	-1671.11915748	
-5.38907172982	-1671.11896893	
-5.39059264266	-1671.1187809	
-5.39211124583	-1671.11859337	
-5.39362754635	-1671.11840634	
-5.39514155118	-1671.11821982	
-5.39665326727	-1671.1180338	
-5.39816270152	-1671.11784828	
-5.39966986081	-1671.11766326	
-5.40117475199	-1671.11747873	
-5.40267738187	-1671.11729469	
-5.40417775725	-1671.11711115	
-5.40567588487	-1671.11692809	
-5.40717177146	-1671.11674552	
-5.40866542372	-1671.11656344	
-5.4101568483	-1671.11638184	
-5.41164605186	-1671.11620072	
-5.41313304098	-1671.11602009	
-5.41461782224	-1671.11583993	
-5.4161004022	-1671.11566024	
-5.41758078737	-1671.11548103	
-5.41905898424	-1671.11530229	
-5.42053499927	-1671.11512402	
-5.42200883889	-1671.11494622	
-5.4234805095	-1671.11476889	
-5.42495001748	-1671.11459202	
-5.42641736918	-1671.11441561	
-5.4278825709	-1671.11423966	
-5.42934562895	-1671.11406418	
-5.43080654959	-1671.11388915	
-5.43226533906	-1671.11371457	
-5.43372200355	-1671.11354045	
-5.43517654927	-1671.11336678	
-5.43662898235	-1671.11319357	
-5.43807930892	-1671.1130208	
-5.4395275351	-1671.11284848	
-5.44097366695	-1671.1126766	
-5.44241771052	-1671.11250516	
-5.44385967184	-1671.11233417	
-5.4452995569	-1671.11216362	
-5.44673737167	-1671.1119935	
-5.44817312209	-1671.11182383	
-5.44960681409	-1671.11165458	
-5.45103845357	-1671.11148577	
-5.45246804638	-1671.1113174	
-5.45389559837	-1671.11114945	
-5.45532111536	-1671.11098193	
-5.45674460314	-1671.11081484	
-5.45816606749	-1671.11064817	
-5.45958551414	-1671.11048192	
-5.46100294883	-1671.1103161	
-5.46241837723	-1671.1101507	
-5.46383180503	-1671.10998571	
-5.46524323786	-1671.10982114	
-5.46665268137	-1671.10965699	
-5.46806014114	-1671.10949325	
-5.46946562274	-1671.10932993	
-5.47086913175	-1671.10916701	
-5.47227067367	-1671.10900451	
-5.47367025403	-1671.10884241	
-5.47506787829	-1671.10868072	
-5.47646355193	-1671.10851943	
-5.47785728038	-1671.10835854	
-5.47924906905	-1671.10819806	
-5.48063892334	-1671.10803798	
-5.48202684862	-1671.10787829	
-5.48341285022	-1671.10771901	
-5.48479693349	-1671.10756011	
-5.48617910372	-1671.10740162	
-5.48755936619	-1671.10724351	
-5.48893772616	-1671.1070858	
-5.49031418887	-1671.10692847	
-5.49168875953	-1671.10677154	
-5.49306144334	-1671.10661499	
-5.49443224547	-1671.10645882	
-5.49580117108	-1671.10630305	
-5.49716822529	-1671.10614765	
-5.49853341322	-1671.10599263	
-5.49989673995	-1671.105838	
-5.50125821054	-1671.10568374	
-5.50261783006	-1671.10552986	
-5.50397560352	-1671.10537635	
-5.50533153593	-1671.10522322	
-5.50668563228	-1671.10507047	
-5.50803789753	-1671.10491808	
-5.50938833663	-1671.10476606	
-5.5107369545	-1671.10461442	
-5.51208375605	-1671.10446314	
-5.51342874616	-1671.10431222	
-5.51477192971	-1671.10416168	
-5.51611331154	-1671.10401149	
-5.51745289646	-1671.10386167	
-5.51879068931	-1671.10371221	
-5.52012669485	-1671.1035631	
-5.52146091786	-1671.10341436	
-5.5227933631	-1671.10326597	
-5.52412403528	-1671.10311794	
-5.52545293913	-1671.10297026	
-5.52678007934	-1671.10282294	
-5.52810546058	-1671.10267597	
-5.52942908751	-1671.10252935	
-5.53075096477	-1671.10238308	
-5.53207109697	-1671.10223715	
-5.53338948873	-1671.10209158	
-5.53470614461	-1671.10194635	
-5.53602106919	-1671.10180146	
-5.53733426702	-1671.10165692	
-5.53864574262	-1671.10151272	
-5.5399555005	-1671.10136886	
-5.54126354516	-1671.10122533	
-5.54256988107	-1671.10108215	
-5.5438745127	-1671.10093931	
-5.54517744448	-1671.1007968	
-5.54647868084	-1671.10065462	
-5.54777822618	-1671.10051278	
-5.5490760849	-1671.10037127	
-5.55037226136	-1671.1002301	
-5.55166675992	-1671.10008925	
-5.55295958492	-1671.09994873	
-5.55425074069	-1671.09980854	
-5.55554023152	-1671.09966868	
-5.5568280617	-1671.09952914	
-5.55811423551	-1671.09938993	
-5.5593987572	-1671.09925104	
-5.56068163102	-1671.09911247	
-5.56196286117	-1671.09897422	
-5.56324245188	-1671.0988363	
-5.56452040732	-1671.09869869	
-5.56579673168	-1671.0985614	
-5.56707142911	-1671.09842443	
-5.56834450376	-1671.09828777	
-5.56961595975	-1671.09815142	
-5.57088580119	-1671.09801539	
-5.57215403218	-1671.09787968	
-5.57342065679	-1671.09774427	
-5.5746856791	-1671.09760917	
-5.57594910315	-1671.09747438	
-5.57721093297	-1671.0973399	
-5.57847117258	-1671.09720573	
-5.57972982599	-1671.09707186	
-5.58098689718	-1671.0969383	
-5.58224239012	-1671.09680504	
-5.58349630878	-1671.09667209	
-5.5847486571	-1671.09653944	
-5.585999439	-1671.09640708	
-5.5872486584	-1671.09627503	
-5.5884963192	-1671.09614328	
-5.58974242528	-1671.09601182	
-5.59098698051	-1671.09588066	
-5.59222998875	-1671.09574979	
-5.59347145384	-1671.09561923	
-5.5947113796	-1671.09548895	
-5.59594976985	-1671.09535897	
-5.59718662839	-1671.09522927	
-5.598421959	-1671.09509987	
-5.59965576545	-1671.09497076	
-5.60088805149	-1671.09484194	
-5.60211882088	-1671.09471341	
-5.60334807733	-1671.09458516	
-5.60457582457	-1671.0944572	
-5.6058020663	-1671.09432952	
-5.60702680619	-1671.09420213	
-5.60825004793	-1671.09407502	
-5.60947179518	-1671.09394819	
-5.61069205159	-1671.09382164	
-5.61191082078	-1671.09369538	
-5.61312810639	-1671.09356939	
-5.61434391201	-1671.09344368	
-5.61555824124	-1671.09331825	
-5.61677109767	-1671.09319309	
-5.61798248485	-1671.09306822	
-5.61919240636	-1671.09294361	
-5.62040086572	-1671.09281928	
-5.62160786647	-1671.09269522	
-5.62281341212	-1671.09257144	
-5.62401750619	-1671.09244792	
-5.62522015215	-1671.09232468	
-5.6264213535	-1671.0922017	
-5.62762111369	-1671.092079	
-5.62881943618	-1671.09195656	
-5.63001632442	-1671.09183439	
-5.63121178182	-1671.09171248	
-5.63240581181	-1671.09159084	
-5.6335984178	-1671.09146946	
-5.63478960317	-1671.09134835	
-5.6359793713	-1671.09122749	
-5.63716772557	-1671.0911069	
-5.63835466933	-1671.09098658	
-5.63954020593	-1671.09086651	
-5.64072433869	-1671.0907467	
-5.64190707094	-1671.09062714	
-5.64308840598	-1671.09050785	
-5.64426834712	-1671.09038881	
-5.64544689764	-1671.09027003	
-5.64662406082	-1671.0901515	
-5.64779983991	-1671.09003322	
-5.64897423816	-1671.0899152	
-5.65014725882	-1671.08979744	
-5.65131890512	-1671.08967992	
-5.65248918027	-1671.08956265	
-5.65365808747	-1671.08944564	
-5.65482562993	-1671.08932887	
-5.65599181082	-1671.08921235	
-5.65715663332	-1671.08909608	
-5.65832010058	-1671.08898006	
-5.65948221576	-1671.08886428	
-5.660642982	-1671.08874875	
-5.66180240242	-1671.08863346	
-5.66296048014	-1671.08851842	
-5.66411721826	-1671.08840361	
-5.66527261989	-1671.08828905	
-5.66642668811	-1671.08817474	
-5.66757942599	-1671.08806066	
-5.6687308366	-1671.08794682	
-5.66988092298	-1671.08783322	
-5.67102968818	-1671.08771986	
-5.67217713524	-1671.08760674	
-5.67332326717	-1671.08749386	
-5.67446808699	-1671.08738121	
-5.67561159769	-1671.08726879	
-5.67675380227	-1671.08715662	
-5.6778947037	-1671.08704467	
-5.67903430497	-1671.08693296	
-5.68017260902	-1671.08682148	
-5.6813096188	-1671.08671023	
-5.68244533727	-1671.08659921	
-5.68357976734	-1671.08648843	
-5.68471291194	-1671.08637787	
-5.68584477397	-1671.08626754	
-5.68697535634	-1671.08615744	
-5.68810466194	-1671.08604757	
-5.68923269364	-1671.08593792	
-5.69035945432	-1671.08582851	
-5.69148494685	-1671.08571931	
-5.69260917406	-1671.08561034	
-5.6937321388	-1671.0855016	
-5.69485384391	-1671.08539307	
-5.69597429221	-1671.08528477	
-5.69709348651	-1671.0851767	
-5.69821142961	-1671.08506884	
-5.69932812431	-1671.0849612	
-5.70044357339	-1671.08485379	
-5.70155777963	-1671.08474659	
-5.7026707458	-1671.08463961	
-5.70378247466	-1671.08453285	
-5.70489296894	-1671.08442631	
-5.70600223139	-1671.08431998	
-5.70711026475	-1671.08421387	
-5.70821707172	-1671.08410797	
-5.70932265503	-1671.08400229	
-5.71042701737	-1671.08389683	
-5.71153016145	-1671.08379157	
-5.71263208993	-1671.08368653	
-5.71373280551	-1671.0835817	
-5.71483231084	-1671.08347708	
-5.71593060859	-1671.08337268	
-5.71702770141	-1671.08326848	
-5.71812359193	-1671.08316449	
-5.71921828279	-1671.08306071	
-5.72031177661	-1671.08295714	
-5.72140407601	-1671.08285378	
-5.72249518359	-1671.08275062	
-5.72358510195	-1671.08264767	
-5.72467383369	-1671.08254493	
-5.72576138137	-1671.08244239	
-5.72684774759	-1671.08234005	
-5.72793293489	-1671.08223792	
-5.72901694583	-1671.08213599	
-5.73009978297	-1671.08203427	
-5.73118144884	-1671.08193274	
-5.73226194598	-1671.08183142	
-5.7333412769	-1671.0817303	
-5.73441944412	-1671.08162938	
-5.73549645015	-1671.08152866	
-5.73657229748	-1671.08142814	
-5.73764698861	-1671.08132781	
-5.73872052602	-1671.08122769	
-5.73979291218	-1671.08112776	
-5.74086414956	-1671.08102803	
-5.74193424062	-1671.08092849	
-5.74300318781	-1671.08082915	
-5.74407099357	-1671.08073001	
-5.74513766034	-1671.08063106	
-5.74620319054	-1671.0805323	
-5.7472675866	-1671.08043374	
-5.74833085092	-1671.08033537	
-5.74939298591	-1671.08023719	
-5.75045399397	-1671.0801392	
-5.75151387748	-1671.0800414	
-5.75257263883	-1671.0799438	
-5.75363028038	-1671.07984638	
-5.75468680452	-1671.07974916	
-5.75574221359	-1671.07965212	
-5.75679650994	-1671.07955527	
-5.75784969593	-1671.07945861	
-5.75890177388	-1671.07936213	
-5.75995274612	-1671.07926584	
-5.76100261499	-1671.07916974	
-5.76205138278	-1671.07907382	
-5.76309905181	-1671.07897809	
-5.76414562438	-1671.07888255	
-5.76519110278	-1671.07878718	
-5.7662354893	-1671.078692	
-5.76727878622	-1671.07859701	
-5.76832099579	-1671.07850219	
-5.7693621203	-1671.07840756	
-5.770402162	-1671.07831311	
-5.77144112313	-1671.07821884	
-5.77247900594	-1671.07812475	
-5.77351581267	-1671.07803084	
-5.77455154554	-1671.0779371	
-5.77558620679	-1671.07784355	
-5.77661979861	-1671.07775018	
-5.77765232322	-1671.07765698	
-5.77868378283	-1671.07756396	
-5.77971417962	-1671.07747112	
-5.78074351579	-1671.07737845	
-5.78177179352	-1671.07728596	
-5.78279901497	-1671.07719364	
-5.78382518233	-1671.0771015	
-5.78485029774	-1671.07700953	
-5.78587436337	-1671.07691774	
-5.78689738137	-1671.07682612	
-5.78791935386	-1671.07673467	
-5.788940283	-1671.0766434	
-5.7899601709	-1671.07655229	
-5.79097901969	-1671.07646136	
-5.79199683148	-1671.0763706	
-5.79301360838	-1671.07628001	
-5.7940293525	-1671.07618959	
-5.79504406593	-1671.07609933	
-5.79605775077	-1671.07600925	
-5.79707040908	-1671.07591934	
-5.79808204295	-1671.07582959	
-5.79909265446	-1671.07574001	
-5.80010224566	-1671.0756506	
-5.80111081862	-1671.07556135	
-5.80211837538	-1671.07547227	
-5.80312491799	-1671.07538336	
-5.80413044849	-1671.07529461	
-5.80513496892	-1671.07520602	
-5.80613848129	-1671.0751176	
-5.80714098764	-1671.07502934	
-5.80814248998	-1671.07494125	
-5.80914299031	-1671.07485332	
