#Site	lnL	
0	-1.86083893236
1	-1.26733469067
2	-1.95074631783
3	-1.33165008175
4	-1.26214980901
5	-6.51302443249
6	-1.66665136295
7	-1.26733469067
8	-2.48259078673
9	-1.86083893236
10	-1.77621927855
11	-9.45355629528
12	-1.86083893236
13	-1.58250825474
14	-2.68522899141
15	-1.33165008175
16	-1.26214980901
17	-4.9351431679
18	-1.66665136295
19	-1.26214980901
20	-1.95074631783
21	-1.66665136295
22	-1.26733469067
23	-6.09678099999
24	-1.33165008175
25	-1.58250825474
26	-2.48259078673
27	-1.86083893236
28	-1.26214980901
29	-10.8974432158
30	-1.31712621387
31	-1.26214980901
32	-7.93903836839
33	-15.0327436876
34	-1.26214980901
35	-7.85314182474
36	-1.33165008175
37	-1.26733469067
38	-6.09678099999
39	-1.86083893236
40	-1.26733469067
41	-1.95074631783
42	-1.33165008175
43	-1.26214980901
44	-7.43174870633
45	-1.66665136295
46	-1.58250825474
47	-11.558676601
48	-1.33165008175
49	-1.77621927855
50	-4.61559284271
51	-5.57170834924
52	-1.58250825474
53	-1.95074631783
54	-1.33165008175
55	-1.26214980901
56	-2.68522899141
57	-1.66665136295
58	-10.6723182006
59	-6.22594490143
60	-5.73526628699
61	-1.26733469067
62	-9.4884200971
63	-1.66665136295
64	-1.58250825474
65	-13.3349330141
66	-1.31712621387
67	-1.77621927855
68	-1.95074631783
69	-1.33165008175
70	-1.26733469067
71	-9.72894599435
72	-1.33165008175
73	-1.26733469067
74	-8.03706732654
75	-1.66665136295
76	-1.26214980901
77	-11.84213288
78	-1.33165008175
79	-1.26733469067
80	-7.51961088291
81	-1.33165008175
82	-1.58250825474
83	-8.23576207613
84	-1.33165008175
85	-1.26214980901
86	-5.84819157662
87	-1.33165008175
88	-1.26214980901
89	-4.73405702109
90	-1.66665136295
91	-1.26733469067
92	-9.739833287
93	-1.33165008175
94	-1.26733469067
95	-7.82399142589
96	-1.86083893236
97	-1.26214980901
98	-1.84711156603
99	-1.31712621387
100	-1.26214980901
101	-5.56514453939
102	-5.73526628699
103	-1.26733469067
104	-13.6102774895
105	-1.31712621387
106	-1.26733469067
107	-9.69353861081
108	-1.31712621387
109	-1.26214980901
110	-4.61559284271
111	-1.31712621387
112	-1.58250825474
113	-4.7335453686
114	-9.81409389797
115	-1.26214980901
116	-4.51980276664
117	-9.54495723523
118	-1.26733469067
119	-9.28791751702
120	-1.86083893236
121	-1.26733469067
122	-6.09821569087
123	-1.33165008175
124	-1.26214980901
125	-1.84711156603
126	-1.31712621387
127	-1.58250825474
128	-8.27669215376
129	-1.33165008175
130	-1.26733469067
131	-8.48836729292
132	-1.33165008175
133	-1.58250825474
134	-12.5796503705
135	-10.2900309292
136	-1.26733469067
137	-10.0440623979
138	-1.31712621387
139	-1.58250825474
140	-2.48259078673
141	-1.31712621387
142	-1.77621927855
143	-11.5800108943
144	-1.66665136295
145	-1.26214980901
146	-2.48259078673
147	-1.31712621387
148	-1.26214980901
149	-5.9848077806
150	-1.33165008175
151	-1.26214980901
152	-5.47298578023
153	-1.66665136295
154	-1.77621927855
155	-4.51980276664
156	-1.33165008175
157	-1.77621927855
158	-6.1243065081
159	-1.31712621387
160	-1.26214980901
161	-8.13180070478
162	-1.31712621387
163	-8.64441972365
164	-9.0965747172
165	-1.86083893236
166	-1.26214980901
167	-6.44276552728
168	-1.66665136295
169	-1.26733469067
170	-8.71807670005
171	-1.66665136295
172	-1.58250825474
173	-6.0070111975
174	-1.86083893236
175	-1.26214980901
176	-6.18945910909
177	-1.33165008175
178	-1.26214980901
179	-6.22594490143
180	-1.86083893236
181	-1.58250825474
182	-4.51980276664
183	-1.31712621387
184	-1.26733469067
185	-1.84711156603
186	-1.33165008175
187	-1.26733469067
188	-6.51302443249
189	-1.33165008175
190	-1.26214980901
191	-12.7020521848
192	-1.66665136295
193	-7.8462601167
194	-1.84711156603
195	-1.31712621387
196	-1.77621927855
197	-1.95074631783
198	-1.66665136295
199	-1.26214980901
200	-11.1962170121
201	-1.31712621387
202	-1.26733469067
203	-2.48259078673
204	-1.33165008175
205	-1.77621927855
206	-12.0289574873
207	-1.33165008175
208	-1.26214980901
209	-6.23741522973
210	-1.31712621387
211	-1.26214980901
212	-8.20341714386
213	-7.45901627953
214	-8.12536256987
215	-4.7335453686
216	-1.86083893236
217	-1.26214980901
218	-1.95074631783
219	-1.86083893236
220	-1.26733469067
221	-1.84711156603
222	-1.66665136295
223	-1.26733469067
224	-4.9351431679
225	-1.33165008175
226	-1.77621927855
227	-8.13475145646
228	-1.33165008175
229	-1.77621927855
230	-8.27934093367
231	-1.31712621387
232	-1.58250825474
233	-4.51980276664
234	-1.86083893236
235	-1.26733469067
236	-4.89707866772
237	-1.86083893236
238	-1.77621927855
239	-9.65122350641
240	-1.31712621387
241	-1.26214980901
242	-1.84711156603
243	-1.31712621387
244	-1.26733469067
245	-2.68522899141
246	-1.31712621387
247	-1.26733469067
248	-5.01390772997
249	-6.29331834543
250	-1.26214980901
251	-9.87708131607
252	-1.86083893236
253	-1.77621927855
254	-6.75382367153
255	-1.66665136295
256	-1.26214980901
257	-1.95074631783
258	-1.66665136295
259	-1.58250825474
260	-5.20802861304
261	-1.33165008175
262	-1.58250825474
263	-1.84711156603
264	-1.33165008175
265	-1.58250825474
266	-4.42620709873
267	-1.33165008175
268	-1.26214980901
269	-10.5118738913
270	-1.33165008175
271	-1.58250825474
272	-6.57675499267
273	-1.66665136295
274	-1.26733469067
275	-1.84711156603
276	-1.31712621387
277	-1.26733469067
278	-10.2949457127
279	-1.33165008175
280	-1.58250825474
281	-9.71882408507
282	-1.66665136295
283	-1.77621927855
284	-4.89707866772
285	-1.31712621387
286	-1.58250825474
287	-15.0990517875
288	-1.66665136295
289	-1.26214980901
290	-2.48259078673
291	-1.86083893236
292	-1.26733469067
293	-7.32613531529
294	-1.66665136295
295	-1.77621927855
296	-1.84711156603
297	-1.31712621387
298	-1.58250825474
299	-4.51980276664
300	-1.31712621387
301	-1.26733469067
302	-5.84819157662
303	-1.33165008175
304	-1.26733469067
305	-9.04787024621
306	-1.66665136295
307	-1.77621927855
308	-13.2253990417
309	-1.86083893236
310	-1.58250825474
311	-5.20802861304
312	-1.66665136295
313	-1.58250825474
314	-13.0648735354
315	-5.76803707082
316	-1.77621927855
317	-13.5791876129
318	-10.825936371
319	-1.26214980901
320	-6.740311963
321	-1.33165008175
322	-1.58250825474
323	-1.84711156603
324	-6.29331834543
325	-7.65796068742
326	-9.2932270467
327	-1.31712621387
328	-1.26214980901
329	-5.56514453939
330	-8.01521347404
331	-1.26214980901
332	-12.4054274371
333	-1.31712621387
334	-1.26733469067
335	-11.6388249996
336	-1.33165008175
337	-1.26214980901
338	-12.2674809907
339	-1.31712621387
340	-6.43622908519
341	-7.98301333701
342	-1.33165008175
343	-1.26214980901
344	-1.95074631783
345	-1.31712621387
346	-1.77621927855
347	-6.51845305577
348	-1.86083893236
349	-1.26214980901
350	-8.33335799815
351	-1.33165008175
352	-1.77621927855
353	-10.4759022389
354	-11.5643035321
355	-1.26214980901
356	-11.1932477194
357	-1.66665136295
358	-1.26214980901
359	-10.1048366569
360	-1.66665136295
361	-1.58250825474
362	-8.38223640342
363	-1.86083893236
364	-1.58250825474
365	-6.04575354635
366	-6.07916776934
367	-1.26733469067
368	-12.0183979647
369	-1.86083893236
370	-1.26733469067
371	-8.42728295038
372	-1.86083893236
373	-1.26733469067
374	-7.41378621936
375	-1.66665136295
376	-1.26733469067
377	-4.89707866772
378	-1.66665136295
379	-6.60989460258
380	-17.9191157848
381	-8.01521347404
382	-1.26733469067
383	-10.4198191664
384	-1.86083893236
385	-1.58250825474
386	-10.7124841538
387	-1.33165008175
388	-1.26214980901
389	-8.04181287106
390	-1.33165008175
391	-1.26733469067
392	-5.98991655637
393	-1.86083893236
394	-1.26214980901
395	-8.75924755351
396	-1.33165008175
397	-7.8462601167
398	-12.5147645804
399	-1.31712621387
400	-1.26733469067
401	-6.39511191686
402	-7.54890098126
403	-1.26733469067
404	-1.95074631783
405	-1.33165008175
406	-1.77621927855
407	-5.20802861304
408	-1.66665136295
409	-1.26733469067
410	-9.21065803425
411	-1.31712621387
412	-1.58250825474
413	-4.51980276664
414	-1.31712621387
415	-1.77621927855
416	-15.6172499637
417	-1.66665136295
418	-1.26214980901
419	-12.0324812929
420	-1.33165008175
421	-1.58250825474
422	-4.61559284271
423	-1.31712621387
424	-1.58250825474
425	-2.68522899141
426	-1.31712621387
427	-1.26214980901
428	-9.9545127166
429	-9.18158493106
430	-6.23980237303
431	-5.98991655637
432	-1.66665136295
433	-1.26733469067
434	-8.33019259851
435	-1.31712621387
436	-1.26214980901
437	-1.84711156603
438	-1.31712621387
439	-1.58250825474
440	-8.53320093618
441	-1.31712621387
442	-9.15453322578
443	-1.95074631783
444	-1.31712621387
445	-1.26733469067
446	-5.02692676339
447	-1.31712621387
448	-1.58250825474
449	-5.47298578023
450	-1.86083893236
451	-1.26733469067
452	-5.20802861304
453	-1.31712621387
454	-1.58250825474
455	-9.01892806812
456	-1.31712621387
457	-1.26214980901
458	-4.7335453686
459	-1.86083893236
460	-1.58250825474
461	-5.84819157662
462	-1.33165008175
463	-1.26733469067
464	-9.64806336991
465	-1.33165008175
466	-1.58250825474
467	-4.42620709873
468	-1.66665136295
469	-1.58250825474
470	-9.97525549733
471	-1.33165008175
472	-1.77621927855
473	-10.6092408785
474	-1.86083893236
475	-1.26214980901
476	-5.01390772997
477	-1.31712621387
478	-1.58250825474
479	-7.70700134162
480	-1.31712621387
481	-1.26214980901
482	-8.46759067152
483	-1.33165008175
484	-1.77621927855
485	-2.48259078673
486	-1.33165008175
487	-1.26733469067
488	-9.04787024621
