# log_p 	 lnL 	 
0.0	-1738.86038239	
-0.287682072452	-1738.86154774	
-0.510825623766	-1738.86024519	
-0.69314718056	-1738.8528281	
-0.847297860387	-1738.83867595	
-0.980829253012	-1738.81842735	
-1.09861228867	-1738.79303339	
-1.20397280433	-1738.76343188	
-1.29928298413	-1738.73046631	
-1.38629436112	-1738.69487739	
-1.46633706879	-1738.65731084	
-1.54044504095	-1738.61832707	
-1.60943791243	-1738.57840999	
-1.67397643357	-1738.53797502	
-1.73460105539	-1738.49737617	
-1.79175946923	-1738.45691261	
-1.8458266905	-1738.41683454	
-1.89711998489	-1738.37734865	
-1.94591014906	-1738.33862318	
-1.99243016469	-1738.30079258	
-2.03688192726	-1738.26396183	
-2.07944154168	-1738.2282105	
-2.1202635362	-1738.19359638	
-2.15948424935	-1738.16015882	
-2.19722457734	-1738.12792176	
-2.23359222151	-1738.09689635	
-2.26868354132	-1738.06708326	
-2.30258509299	-1738.03847474	
-2.33537491582	-1738.01105628	
-2.36712361413	-1737.98480811	
-2.3978952728	-1737.9597064	
-2.42774823595	-1737.93572427	
-2.45673577282	-1737.91283263	
-2.48490664979	-1737.89100086	
-2.51230562398	-1737.87019736	
-2.53897387106	-1737.85038996	
-2.56494935746	-1737.83154634	
-2.59026716545	-1737.81363423	
-2.61495977804	-1737.79662165	
-2.63905732962	-1737.78047711	
-2.66258782703	-1737.76516968	
-2.68557734525	-1737.75066912	
-2.7080502011	-1737.73694591	
-2.73002910782	-1737.72397134	
-2.75153531304	-1737.71171753	
-2.77258872224	-1737.70015741	
-2.79320800944	-1737.68926478	
-2.81341071676	-1737.67901428	
-2.83321334406	-1737.6693814	
-2.85263142991	-1737.66034243	
-2.87167962488	-1737.65187453	
-2.8903717579	-1737.64395562	
-2.90872089656	-1737.63656444	
-2.92673940207	-1737.62968046	
-2.94443897917	-1737.62328392	
-2.96183072188	-1737.6173558	
-2.97892515524	-1737.61187774	
-2.99573227355	-1737.6068321	
-3.01226157551	-1737.6022019	
-3.02852209638	-1737.59797079	
-3.04452243772	-1737.59412303	
-3.06027079469	-1737.5906435	
-3.07577498123	-1737.58751766	
-3.09104245336	-1737.5847315	
-3.10608033072	-1737.58227158	
-3.12089541651	-1737.58012497	
-3.13549421593	-1737.57827924	
-3.14988295338	-1737.57672244	
-3.16406758837	-1737.57544309	
-3.17805383035	-1737.57443015	
-3.19184715248	-1737.57367302	
-3.20545280454	-1737.57316152	
-3.21887582487	-1737.57288585	
-3.23212105162	-1737.57283662	
-3.24519313319	-1737.57300479	
-3.25809653802	-1737.57338166	
-3.2708355638	-1737.57395892	
-3.28341434601	-1737.57472854	
-3.295836866	-1737.57568283	
-3.3081069586	-1737.5768144	
-3.32022831913	-1737.57811613	
-3.33220451018	-1737.5795812	
-3.34403896782	-1737.58120307	
-3.35573500759	-1737.58297541	
-3.36729582999	-1737.58489219	
-3.37872452581	-1737.58694759	
-3.39002408106	-1737.58913601	
-3.40119738166	-1737.59145208	
-3.41224721785	-1737.59389064	
-3.42317628838	-1737.59644674	
-3.43398720449	-1737.59911559	
-3.4446824936	-1737.60189262	
-3.45526460293	-1737.60477342	
-3.4657359028	-1737.60775376	
-3.47609868984	-1737.61082957	
-3.48635519	-1737.61399691	
-3.49650756147	-1737.61725205	
-3.50655789732	-1737.62059134	
-3.51650822817	-1737.62401132	
-3.52636052462	-1737.62750862	
-3.53611669956	-1737.63108003	
-3.54577861047	-1737.63472246	
-3.55534806149	-1737.63843291	
-3.56482680544	-1737.64220853	
-3.57421654579	-1737.64604654	
-3.58351893846	-1737.6499443	
-3.59273559356	-1737.65389924	
-3.60186807712	-1737.65790891	
-3.61091791264	-1737.66197094	
-3.61988658263	-1737.66608304	
-3.62877553004	-1737.67024303	
-3.63758615973	-1737.67444879	
-3.6463198397	-1737.67869828	
-3.65497790244	-1737.68298954	
-3.66356164613	-1737.68732068	
-3.6720723358	-1737.69168989	
-3.68051120444	-1737.69609541	
-3.68887945411	-1737.70053555	
-3.69717825693	-1737.7050087	
-3.70540875607	-1737.70951327	
-3.7135720667	-1737.71404777	
-3.72166927694	-1737.71861073	
-3.72970144863	-1737.72320076	
-3.73766961828	-1737.72781649	
-3.74557479779	-1737.73245663	
-3.75341797525	-1737.73711992	
-3.76120011569	-1737.74180515	
-3.76892216179	-1737.74651114	
-3.77658503453	-1737.75123678	
-3.78418963392	-1737.75598097	
-3.79173683955	-1737.76074267	
-3.79922751128	-1737.76552087	
-3.80666248977	-1737.77031459	
-3.81404259707	-1737.77512288	
-3.82136863716	-1737.77994485	
-3.82864139649	-1737.78477962	
-3.83586164446	-1737.78962634	
-3.84303013394	-1737.79448419	
-3.85014760171	-1737.79935239	
-3.85721476893	-1737.80423019	
-3.86423234159	-1737.80911683	
-3.87120101091	-1737.81401163	
-3.87812145375	-1737.8189139	
-3.88499433304	-1737.82382298	
-3.89182029811	-1737.82873822	
-3.8985999851	-1737.83365903	
-3.90533401728	-1737.83858479	
-3.91202300543	-1737.84351496	
-3.91866754815	-1737.84844896	
-3.92526823218	-1737.85338626	
-3.93182563272	-1737.85832636	
-3.93834031375	-1737.86326875	
-3.94481282825	-1737.86821296	
-3.95124371858	-1737.87315851	
-3.95763351668	-1737.87810497	
-3.96398274436	-1737.88305189	
-3.97029191355	-1737.88799887	
-3.97656152657	-1737.8929455	
-3.98279207632	-1737.89789138	
-3.98898404656	-1737.90283615	
-3.99513791214	-1737.90777944	
-4.00125413916	-1737.9127209	
-4.00733318523	-1737.91766019	
-4.01337549969	-1737.92259699	
-4.01938152375	-1737.92753097	
-4.02535169074	-1737.93246184	
-4.03128642625	-1737.9373893	
-4.03718614838	-1737.94231307	
-4.04305126783	-1737.94723287	
-4.04888218815	-1737.95214844	
-4.05467930583	-1737.95705952	
-4.06044301055	-1737.96196586	
-4.06617368526	-1737.96686723	
-4.07187170637	-1737.9717634	
-4.07753744391	-1737.97665415	
-4.08317126162	-1737.98153926	
-4.08877351717	-1737.98641852	
-4.09434456222	-1737.99129174	
-4.0998847426	-1737.99615873	
-4.10539439841	-1738.0010193	
-4.11087386417	-1738.00587326	
-4.11632346894	-1738.01072046	
-4.12174353641	-1738.01556072	
-4.12713438505	-1738.02039388	
-4.13249632819	-1738.02521978	
-4.13782967416	-1738.03003829	
-4.14313472639	-1738.03484925	
-4.14841178349	-1738.03965253	
-4.15366113938	-1738.044448	
-4.15888308336	-1738.04923552	
-4.16407790024	-1738.05401497	
-4.1692458704	-1738.05878624	
-4.1743872699	-1738.06354921	
-4.17950237056	-1738.06830377	
-4.18459144007	-1738.07304981	
-4.18965474203	-1738.07778724	
-4.19469253606	-1738.08251595	
-4.19970507788	-1738.08723585	
-4.20469261939	-1738.09194685	
-4.20965540873	-1738.09664887	
-4.21459369037	-1738.10134182	
-4.21950770518	-1738.10602562	
-4.22439769047	-1738.1107002	
-4.22926388012	-1738.11536548	
-4.2341065046	-1738.12002139	
-4.23892579103	-1738.12466786	
-4.2437219633	-1738.12930483	
-4.24849524205	-1738.13393224	
-4.25324584481	-1738.13855003	
-4.257973986	-1738.14315814	
-4.26267987704	-1738.14775653	
-4.26736372635	-1738.15234513	
-4.27202573946	-1738.1569239	
-4.27666611902	-1738.16149279	
-4.28128506487	-1738.16605176	
-4.28588277412	-1738.17060076	
-4.29045944115	-1738.17513977	
-4.29501525768	-1738.17966873	
-4.29955041285	-1738.18418761	
-4.3040650932	-1738.18869638	
-4.30855948279	-1738.19319501	
-4.31303376319	-1738.19768346	
-4.31748811354	-1738.20216171	
-4.3219227106	-1738.20662973	
-4.32633772881	-1738.21108749	
-4.33073334029	-1738.21553498	
-4.33510971489	-1738.21997217	
-4.33946702026	-1738.22439904	
-4.34380542185	-1738.22881556	
-4.348125083	-1738.23322173	
-4.3524261649	-1738.23761753	
-4.35670882669	-1738.24200293	
-4.36097322548	-1738.24637794	
-4.36521951636	-1738.25074253	
-4.36944785247	-1738.2550967	
-4.373658385	-1738.25944043	
-4.37785126326	-1738.26377372	
-4.38202663467	-1738.26809655	
-4.38618464482	-1738.27240893	
-4.39032543749	-1738.27671085	
-4.39444915467	-1738.28100229	
-4.39855593663	-1738.28528327	
-4.40264592188	-1738.28955377	
-4.40671924726	-1738.2938138	
-4.41077604796	-1738.29806335	
-4.4148164575	-1738.30230242	
-4.4188406078	-1738.30653102	
-4.42284862919	-1738.31074915	
-4.42684065046	-1738.31495681	
-4.43081679884	-1738.319154	
-4.43477720006	-1738.32334073	
-4.43872197835	-1738.327517	
-4.44265125649	-1738.33168282	
-4.44656515581	-1738.3358382	
-4.45046379623	-1738.33998314	
-4.45434729625	-1738.34411765	
-4.45821577303	-1738.34824173	
-4.46206934235	-1738.3523554	
-4.46590811865	-1738.35645867	
-4.46973221509	-1738.36055155	
-4.47354174351	-1738.36463404	
-4.47733681448	-1738.36870616	
-4.48111753732	-1738.37276792	
-4.48488402011	-1738.37681933	
-4.48863636973	-1738.38086041	
-4.49237469184	-1738.38489116	
-4.49609909093	-1738.38891161	
-4.49980967033	-1738.39292176	
-4.50350653221	-1738.39692163	
-4.50718977763	-1738.40091123	
-4.51085950652	-1738.40489059	
-4.51451581772	-1738.40885971	
-4.518158809	-1738.41281861	
-4.52178857705	-1738.41676731	
-4.52540521752	-1738.42070583	
-4.52900882502	-1738.42463418	
-4.53259949315	-1738.42855237	
-4.5361773145	-1738.43246044	
-4.53974238067	-1738.43635838	
-4.54329478227	-1738.44024624	
-4.54683460898	-1738.44412401	
-4.55036194949	-1738.44799172	
-4.5538768916	-1738.4518494	
-4.55737952215	-1738.45569705	
-4.56086992709	-1738.45953471	
-4.56434819147	-1738.46336238	
-4.56781439944	-1738.46718009	
-4.57126863431	-1738.47098786	
-4.5747109785	-1738.47478571	
-4.5781415136	-1738.47857366	
-4.58156032035	-1738.48235173	
-4.58496747867	-1738.48611995	
-4.58836306767	-1738.48987833	
-4.59174716566	-1738.49362689	
-4.59511985013	-1738.49736566	
-4.59848119784	-1738.50109466	
-4.60183128472	-1738.50481392	
-4.60517018599	-1738.50852344	
-4.60849797608	-1738.51222326	
-4.61181472871	-1738.5159134	
-4.61512051684	-1738.51959388	
-4.61841541274	-1738.52326472	
-4.62169948794	-1738.52692595	
-4.62497281328	-1738.53057759	
-4.62823545892	-1738.53421966	
-4.63148749431	-1738.53785219	
-4.63472898823	-1738.54147519	
-4.63796000881	-1738.5450887	
-4.64118062351	-1738.54869273	
-4.64439089914	-1738.55228731	
-4.64759090187	-1738.55587246	
-4.65078069724	-1738.55944821	
-4.65396035016	-1738.56301458	
-4.65712992492	-1738.56657159	
-4.66028948521	-1738.57011927	
-4.66343909411	-1738.57365764	
-4.66657881412	-1738.57718673	
-4.66970870713	-1738.58070655	
-4.67282883446	-1738.58421714	
-4.67593925688	-1738.58771852	
-4.67904003455	-1738.59121071	
-4.68213122712	-1738.59469373	
-4.68521289366	-1738.59816762	
-4.6882850927	-1738.60163239	
-4.69134788223	-1738.60508807	
-4.69440131972	-1738.60853469	
-4.6974454621	-1738.61197226	
-4.70048036579	-1738.61540081	
-4.70350608671	-1738.61882037	
-4.70652268025	-1738.62223097	
-4.70953020131	-1738.62563261	
-4.71252870431	-1738.62902534	
-4.71551824316	-1738.63240918	
-4.7184988713	-1738.63578414	
-4.72147064168	-1738.63915026	
-4.72443360681	-1738.64250755	
-4.72738781871	-1738.64585605	
-4.73033332894	-1738.64919578	
-4.73327018862	-1738.65252675	
-4.73619844839	-1738.65584901	
-4.7391181585	-1738.65916256	
-4.74202936871	-1738.66246744	
-4.74493212836	-1738.66576367	
-4.74782648639	-1738.66905128	
-4.75071249128	-1738.67233028	
-4.75359019111	-1738.67560071	
-4.75645963353	-1738.67886258	
-4.75932086582	-1738.68211593	
-4.7621739348	-1738.68536077	
-4.76501888693	-1738.68859713	
-4.76785576827	-1738.69182504	
-4.77068462447	-1738.69504452	
-4.77350550081	-1738.69825559	
-4.77631844218	-1738.70145828	
-4.77912349311	-1738.70465261	
-4.78192069773	-1738.70783861	
-4.78471009982	-1738.7110163	
-4.78749174278	-1738.71418571	
-4.79026566966	-1738.71734685	
-4.79303192316	-1738.72049975	
-4.7957905456	-1738.72364445	
-4.79854157897	-1738.72678095	
-4.80128506491	-1738.72990929	
-4.80402104473	-1738.73302949	
-4.80674955939	-1738.73614157	
-4.8094706495	-1738.73924555	
-4.81218435537	-1738.74234147	
-4.81489071697	-1738.74542934	
-4.81758977394	-1738.74850919	
-4.82028156561	-1738.75158104	
-4.82296613098	-1738.75464491	
-4.82564350875	-1738.75770084	
-4.8283137373	-1738.76074883	
-4.83097685472	-1738.76378893	
-4.83363289878	-1738.76682114	
-4.83628190695	-1738.76984549	
-4.83892391641	-1738.77286201	
-4.84155896405	-1738.77587072	
-4.84418708646	-1738.77887164	
-4.84680831994	-1738.78186479	
-4.84942270051	-1738.78485021	
-4.85203026392	-1738.7878279	
-4.85463104562	-1738.7907979	
-4.8572250808	-1738.79376023	
-4.85981240436	-1738.79671491	
-4.86239305096	-1738.79966196	
-4.86496705495	-1738.80260141	
-4.86753445046	-1738.80553328	
-4.87009527132	-1738.80845759	
-4.87264955112	-1738.81137436	
-4.8751973232	-1738.81428362	
-4.87773862063	-1738.81718539	
-4.88027347623	-1738.82007969	
-4.88280192259	-1738.82296655	
-4.88532399202	-1738.82584598	
-4.88783971662	-1738.82871801	
-4.89034912822	-1738.83158267	
-4.89285225844	-1738.83443996	
-4.89534913864	-1738.83728993	
-4.89783979995	-1738.84013258	
-4.90032427328	-1738.84296794	
-4.90280258929	-1738.84579603	
-4.90527477844	-1738.84861687	
-4.90774087093	-1738.85143049	
-4.91020089677	-1738.85423691	
-4.91265488574	-1738.85703615	
-4.91510286737	-1738.85982822	
-4.91754487103	-1738.86261316	
-4.91998092583	-1738.86539099	
-4.92241106068	-1738.86816171	
-4.92483530429	-1738.87092537	
-4.92725368516	-1738.87368197	
-4.92966623156	-1738.87643154	
-4.93207297159	-1738.8791741	
-4.93447393313	-1738.88190968	
-4.93686914386	-1738.88463828	
-4.93925863125	-1738.88735994	
-4.94164242261	-1738.89007467	
-4.94402054501	-1738.8927825	
-4.94639302537	-1738.89548345	
-4.94875989038	-1738.89817753	
-4.95112116656	-1738.90086477	
-4.95347688026	-1738.90354519	
-4.9558270576	-1738.90621881	
-4.95817172456	-1738.90888565	
-4.96051090691	-1738.91154573	
-4.96284463026	-1738.91419907	
-4.96517292002	-1738.91684569	
-4.96749580144	-1738.91948561	
-4.96981329958	-1738.92211886	
-4.97212543933	-1738.92474544	
-4.97443224543	-1738.92736539	
-4.97673374242	-1738.92997872	
-4.97902995468	-1738.93258545	
-4.98132090643	-1738.9351856	
-4.98360662171	-1738.9377792	
-4.98588712441	-1738.94036625	
-4.98816243824	-1738.94294679	
-4.99043258678	-1738.94552083	
-4.99269759341	-1738.94808839	
-4.99495748138	-1738.95064948	
-4.99721227376	-1738.95320414	
-4.9994619935	-1738.95575238	
-5.00170666335	-1738.95829421	
-5.00394630595	-1738.96082967	
-5.00618094375	-1738.96335876	
-5.00841059907	-1738.9658815	
-5.0106352941	-1738.96839793	
-5.01285505083	-1738.97090804	
-5.01506989116	-1738.97341187	
-5.01727983681	-1738.97590943	
-5.01948490937	-1738.97840075	
-5.02168513028	-1738.98088583	
-5.02388052085	-1738.9833647	
-5.02607110223	-1738.98583738	
-5.02825689545	-1738.98830388	
-5.03043792139	-1738.99076423	
-5.03261420082	-1738.99321844	
-5.03478575433	-1738.99566654	
-5.03695260241	-1738.99810853	
-5.03911476542	-1739.00054444	
-5.04127226356	-1739.00297429	
-5.04342511692	-1739.0053981	
-5.04557334546	-1739.00781587	
-5.047716969	-1739.01022764	
-5.04985600725	-1739.01263342	
-5.05199047978	-1739.01503322	
-5.05412040604	-1739.01742707	
-5.05624580535	-1739.01981499	
-5.05836669692	-1739.02219698	
-5.06048309982	-1739.02457307	
-5.06259503303	-1739.02694328	
-5.06470251537	-1739.02930762	
-5.06680556556	-1739.03166611	
-5.06890420222	-1739.03401877	
-5.07099844382	-1739.03636562	
-5.07308830874	-1739.03870667	
-5.07517381523	-1739.04104194	
-5.07725498144	-1739.04337145	
-5.07933182538	-1739.04569522	
-5.08140436498	-1739.04801326	
-5.08347261805	-1739.05032559	
-5.08553660227	-1739.05263222	
-5.08759633523	-1739.05493318	
-5.08965183441	-1739.05722848	
-5.09170311719	-1739.05951814	
-5.09375020081	-1739.06180217	
-5.09579310244	-1739.0640806	
-5.09783183913	-1739.06635343	
-5.09986642782	-1739.06862069	
-5.10189688537	-1739.07088238	
-5.10392322852	-1739.07313854	
-5.1059454739	-1739.07538917	
-5.10796363806	-1739.07763429	
-5.10997773743	-1739.07987392	
-5.11198778836	-1739.08210807	
-5.11399380708	-1739.08433676	
-5.11599580975	-1739.08656001	
-5.11799381242	-1739.08877783	
-5.11998783102	-1739.09099023	
-5.12197788143	-1739.09319725	
-5.1239639794	-1739.09539888	
-5.12594614061	-1739.09759515	
-5.12792438062	-1739.09978607	
-5.12989871492	-1739.10197165	
-5.13186915891	-1739.10415192	
-5.13383572788	-1739.1063269	
-5.13579843705	-1739.10849658	
-5.13775730154	-1739.110661	
-5.13971233637	-1739.11282016	
-5.1416635565	-1739.11497409	
-5.14361097679	-1739.11712279	
-5.145554612	-1739.11926629	
-5.14749447681	-1739.12140459	
-5.14943058584	-1739.12353772	
-5.15136295359	-1739.12566568	
-5.1532915945	-1739.1277885	
-5.15521652291	-1739.12990619	
-5.15713775309	-1739.13201877	
-5.15905529921	-1739.13412624	
-5.1609691754	-1739.13622862	
-5.16287939565	-1739.13832594	
-5.16478597392	-1739.1404182	
-5.16668892407	-1739.14250542	
-5.16858825987	-1739.14458761	
-5.17048399504	-1739.14666479	
-5.17237614319	-1739.14873698	
-5.17426471788	-1739.15080418	
-5.17614973257	-1739.15286642	
-5.17803120067	-1739.1549237	
-5.1799091355	-1739.15697604	
-5.18178355029	-1739.15902346	
-5.18365445823	-1739.16106597	
-5.1855218724	-1739.16310359	
-5.18738580584	-1739.16513632	
-5.18924627149	-1739.16716419	
-5.19110328224	-1739.16918721	
-5.19295685089	-1739.17120539	
-5.19480699018	-1739.17321874	
-5.19665371277	-1739.17522728	
-5.19849703127	-1739.17723103	
-5.20033695819	-1739.17923	
-5.202173506	-1739.18122419	
-5.20400668708	-1739.18321364	
-5.20583651375	-1739.18519834	
-5.20766299828	-1739.18717832	
-5.20948615284	-1739.18915358	
-5.21130598956	-1739.19112415	
-5.21312252048	-1739.19309003	
-5.21493575761	-1739.19505123	
-5.21674571285	-1739.19700778	
-5.21855239808	-1739.19895969	
-5.22035582508	-1739.20090696	
-5.22215600558	-1739.20284962	
-5.22395295126	-1739.20478767	
-5.22574667371	-1739.20672113	
-5.22753718449	-1739.20865002	
-5.22932449506	-1739.21057434	
-5.23110861685	-1739.2124941	
-5.23288956123	-1739.21440933	
-5.23466733947	-1739.21632004	
-5.23644196283	-1739.21822623	
-5.23821344248	-1739.22012792	
-5.23998178954	-1739.22202513	
-5.24174701506	-1739.22391786	
-5.24350913005	-1739.22580614	
-5.24526814546	-1739.22768997	
-5.24702407216	-1739.22956936	
-5.24877692099	-1739.23144433	
-5.25052670271	-1739.23331489	
-5.25227342805	-1739.23518106	
-5.25401710765	-1739.23704284	
-5.25575775213	-1739.23890025	
-5.25749537203	-1739.24075331	
-5.25922997784	-1739.24260201	
-5.26096158	-1739.24444639	
-5.2626901889	-1739.24628644	
-5.26441581487	-1739.24812219	
-5.26613846818	-1739.24995363	
-5.26785815906	-1739.2517808	
-5.26957489768	-1739.25360369	
-5.27128869416	-1739.25542232	
-5.27299955856	-1739.25723671	
-5.27470750091	-1739.25904686	
-5.27641253116	-1739.26085279	
-5.27811465923	-1739.26265451	
-5.27981389498	-1739.26445202	
-5.28151024823	-1739.26624536	
-5.28320372874	-1739.26803451	
-5.28489434622	-1739.2698195	
-5.28658211033	-1739.27160035	
-5.28826703069	-1739.27337705	
-5.28994911688	-1739.27514962	
-5.2916283784	-1739.27691808	
-5.29330482472	-1739.27868244	
-5.29497846528	-1739.2804427	
-5.29664930945	-1739.28219888	
-5.29831736655	-1739.283951	
-5.29998264587	-1739.28569905	
-5.30164515664	-1739.28744306	
-5.30330490806	-1739.28918303	
-5.30496190927	-1739.29091899	
-5.30661616936	-1739.29265092	
-5.3082676974	-1739.29437886	
-5.30991650239	-1739.29610281	
-5.3115625933	-1739.29782279	
-5.31320597904	-1739.29953879	
-5.3148466685	-1739.30125084	
-5.3164846705	-1739.30295895	
-5.31811999384	-1739.30466312	
-5.31975264727	-1739.30636337	
-5.32138263948	-1739.30805971	
-5.32300997914	-1739.30975215	
-5.32463467487	-1739.3114407	
-5.32625673524	-1739.31312537	
-5.32787616879	-1739.31480618	
-5.32949298402	-1739.31648313	
-5.33110718937	-1739.31815624	
-5.33271879327	-1739.31982551	
-5.33432780407	-1739.32149095	
-5.33593423012	-1739.32315259	
-5.3375380797	-1739.32481042	
-5.33913936107	-1739.32646446	
-5.34073808243	-1739.32811472	
-5.34233425196	-1739.32976121	
-5.3439278778	-1739.33140394	
-5.34551896803	-1739.33304292	
-5.34710753072	-1739.33467817	
-5.34869357387	-1739.33630968	
-5.35027710548	-1739.33793748	
-5.35185813348	-1739.33956157	
-5.35343666577	-1739.34118196	
-5.35501271022	-1739.34279866	
-5.35658627467	-1739.34441169	
-5.3581573669	-1739.34602106	
-5.35972599468	-1739.34762677	
-5.36129216571	-1739.34922883	
-5.36285588769	-1739.35082725	
-5.36441716825	-1739.35242206	
-5.36597601502	-1739.35401324	
-5.36753243557	-1739.35560082	
-5.36908643744	-1739.35718481	
-5.37063802813	-1739.35876521	
-5.37218721511	-1739.36034204	
-5.37373400583	-1739.3619153	
-5.37527840768	-1739.363485	
-5.37682042804	-1739.36505116	
-5.37836007422	-1739.36661379	
-5.37989735354	-1739.36817288	
-5.38143227326	-1739.36972847	
-5.38296484061	-1739.37128054	
-5.38449506279	-1739.37282912	
-5.38602294697	-1739.37437422	
-5.38754850028	-1739.37591583	
-5.38907172982	-1739.37745398	
-5.39059264266	-1739.37898867	
-5.39211124583	-1739.38051991	
-5.39362754635	-1739.38204771	
-5.39514155118	-1739.38357209	
-5.39665326727	-1739.38509304	
-5.39816270152	-1739.38661058	
-5.39966986081	-1739.38812473	
-5.40117475199	-1739.38963548	
-5.40267738187	-1739.39114284	
-5.40417775725	-1739.39264684	
-5.40567588487	-1739.39414747	
-5.40717177146	-1739.39564475	
-5.40866542372	-1739.39713868	
-5.4101568483	-1739.39862927	
-5.41164605186	-1739.40011654	
-5.41313304098	-1739.40160049	
-5.41461782224	-1739.40308113	
-5.4161004022	-1739.40455847	
-5.41758078737	-1739.40603252	
-5.41905898424	-1739.40750329	
-5.42053499927	-1739.40897079	
-5.42200883889	-1739.41043502	
-5.4234805095	-1739.411896	
-5.42495001748	-1739.41335374	
-5.42641736918	-1739.41480823	
-5.4278825709	-1739.4162595	
-5.42934562895	-1739.41770755	
-5.43080654959	-1739.41915239	
-5.43226533906	-1739.42059402	
-5.43372200355	-1739.42203247	
-5.43517654927	-1739.42346773	
-5.43662898235	-1739.42489981	
-5.43807930892	-1739.42632873	
-5.4395275351	-1739.42775449	
-5.44097366695	-1739.42917709	
-5.44241771052	-1739.43059656	
-5.44385967184	-1739.4320129	
-5.4452995569	-1739.43342611	
-5.44673737167	-1739.4348362	
-5.44817312209	-1739.43624319	
-5.44960681409	-1739.43764708	
-5.45103845357	-1739.43904788	
-5.45246804638	-1739.4404456	
-5.45389559837	-1739.44184024	
-5.45532111536	-1739.44323182	
-5.45674460314	-1739.44462034	
-5.45816606749	-1739.44600582	
-5.45958551414	-1739.44738825	
-5.46100294883	-1739.44876765	
-5.46241837723	-1739.45014403	
-5.46383180503	-1739.45151739	
-5.46524323786	-1739.45288774	
-5.46665268137	-1739.4542551	
-5.46806014114	-1739.45561946	
-5.46946562274	-1739.45698084	
-5.47086913175	-1739.45833924	
-5.47227067367	-1739.45969468	
-5.47367025403	-1739.46104716	
-5.47506787829	-1739.46239668	
-5.47646355193	-1739.46374327	
-5.47785728038	-1739.46508691	
-5.47924906905	-1739.46642763	
-5.48063892334	-1739.46776543	
-5.48202684862	-1739.46910032	
-5.48341285022	-1739.47043231	
-5.48479693349	-1739.47176139	
-5.48617910372	-1739.47308759	
-5.48755936619	-1739.47441091	
-5.48893772616	-1739.47573136	
-5.49031418887	-1739.47704894	
-5.49168875953	-1739.47836366	
-5.49306144334	-1739.47967553	
-5.49443224547	-1739.48098456	
-5.49580117108	-1739.48229076	
-5.49716822529	-1739.48359413	
-5.49853341322	-1739.48489467	
-5.49989673995	-1739.48619241	
-5.50125821054	-1739.48748734	
-5.50261783006	-1739.48877948	
-5.50397560352	-1739.49006882	
-5.50533153593	-1739.49135539	
-5.50668563228	-1739.49263917	
-5.50803789753	-1739.49392019	
-5.50938833663	-1739.49519845	
-5.5107369545	-1739.49647396	
-5.51208375605	-1739.49774673	
-5.51342874616	-1739.49901675	
-5.51477192971	-1739.50028404	
-5.51611331154	-1739.50154861	
-5.51745289646	-1739.50281047	
-5.51879068931	-1739.50406961	
-5.52012669485	-1739.50532606	
-5.52146091786	-1739.5065798	
-5.5227933631	-1739.50783086	
-5.52412403528	-1739.50907924	
-5.52545293913	-1739.51032495	
-5.52678007934	-1739.51156799	
-5.52810546058	-1739.51280837	
-5.52942908751	-1739.5140461	
-5.53075096477	-1739.51528118	
-5.53207109697	-1739.51651363	
-5.53338948873	-1739.51774344	
-5.53470614461	-1739.51897063	
-5.53602106919	-1739.52019521	
-5.53733426702	-1739.52141717	
-5.53864574262	-1739.52263653	
-5.5399555005	-1739.52385329	
-5.54126354516	-1739.52506746	
-5.54256988107	-1739.52627905	
-5.5438745127	-1739.52748806	
-5.54517744448	-1739.5286945	
-5.54647868084	-1739.52989838	
-5.54777822618	-1739.53109971	
-5.5490760849	-1739.53229848	
-5.55037226136	-1739.53349471	
-5.55166675992	-1739.53468841	
-5.55295958492	-1739.53587958	
-5.55425074069	-1739.53706822	
-5.55554023152	-1739.53825435	
-5.5568280617	-1739.53943797	
-5.55811423551	-1739.54061908	
-5.5593987572	-1739.5417977	
-5.56068163102	-1739.54297383	
-5.56196286117	-1739.54414748	
-5.56324245188	-1739.54531865	
-5.56452040732	-1739.54648735	
-5.56579673168	-1739.54765359	
-5.56707142911	-1739.54881736	
-5.56834450376	-1739.54997869	
-5.56961595975	-1739.55113757	
-5.57088580119	-1739.55229402	
-5.57215403218	-1739.55344803	
-5.57342065679	-1739.55459962	
-5.5746856791	-1739.55574879	
-5.57594910315	-1739.55689554	
-5.57721093297	-1739.55803989	
-5.57847117258	-1739.55918184	
-5.57972982599	-1739.56032139	
-5.58098689718	-1739.56145856	
-5.58224239012	-1739.56259334	
-5.58349630878	-1739.56372575	
-5.5847486571	-1739.56485579	
-5.585999439	-1739.56598346	
-5.5872486584	-1739.56710878	
-5.5884963192	-1739.56823175	
-5.58974242528	-1739.56935237	
-5.59098698051	-1739.57047066	
-5.59222998875	-1739.57158661	
-5.59347145384	-1739.57270023	
-5.5947113796	-1739.57381154	
-5.59594976985	-1739.57492052	
-5.59718662839	-1739.5760272	
-5.598421959	-1739.57713158	
-5.59965576545	-1739.57823366	
-5.60088805149	-1739.57933345	
-5.60211882088	-1739.58043096	
-5.60334807733	-1739.58152618	
-5.60457582457	-1739.58261914	
-5.6058020663	-1739.58370982	
-5.60702680619	-1739.58479824	
-5.60825004793	-1739.58588441	
-5.60947179518	-1739.58696833	
-5.61069205159	-1739.58805	
-5.61191082078	-1739.58912944	
-5.61312810639	-1739.59020664	
-5.61434391201	-1739.59128162	
-5.61555824124	-1739.59235437	
-5.61677109767	-1739.59342491	
-5.61798248485	-1739.59449324	
-5.61919240636	-1739.59555936	
-5.62040086572	-1739.59662329	
-5.62160786647	-1739.59768502	
-5.62281341212	-1739.59874457	
-5.62401750619	-1739.59980194	
-5.62522015215	-1739.60085712	
-5.6264213535	-1739.60191014	
-5.62762111369	-1739.602961	
-5.62881943618	-1739.60400969	
-5.63001632442	-1739.60505623	
-5.63121178182	-1739.60610062	
-5.63240581181	-1739.60714287	
-5.6335984178	-1739.60818298	
-5.63478960317	-1739.60922096	
-5.6359793713	-1739.61025682	
-5.63716772557	-1739.61129055	
-5.63835466933	-1739.61232216	
-5.63954020593	-1739.61335167	
-5.64072433869	-1739.61437907	
-5.64190707094	-1739.61540437	
-5.64308840598	-1739.61642758	
-5.64426834712	-1739.61744869	
-5.64544689764	-1739.61846773	
-5.64662406082	-1739.61948468	
-5.64779983991	-1739.62049957	
-5.64897423816	-1739.62151238	
-5.65014725882	-1739.62252313	
-5.65131890512	-1739.62353183	
-5.65248918027	-1739.62453847	
-5.65365808747	-1739.62554307	
-5.65482562993	-1739.62654562	
-5.65599181082	-1739.62754614	
-5.65715663332	-1739.62854462	
-5.65832010058	-1739.62954108	
-5.65948221576	-1739.63053552	
-5.660642982	-1739.63152794	
-5.66180240242	-1739.63251835	
-5.66296048014	-1739.63350676	
-5.66411721826	-1739.63449316	
-5.66527261989	-1739.63547757	
-5.66642668811	-1739.63645999	
-5.66757942599	-1739.63744042	
-5.6687308366	-1739.63841887	
-5.66988092298	-1739.63939534	
-5.67102968818	-1739.64036985	
-5.67217713524	-1739.64134238	
-5.67332326717	-1739.64231296	
-5.67446808699	-1739.64328158	
-5.67561159769	-1739.64424825	
-5.67675380227	-1739.64521298	
-5.6778947037	-1739.64617576	
-5.67903430497	-1739.64713661	
-5.68017260902	-1739.64809552	
-5.6813096188	-1739.64905251	
-5.68244533727	-1739.65000757	
-5.68357976734	-1739.65096072	
-5.68471291194	-1739.65191196	
-5.68584477397	-1739.65286129	
-5.68697535634	-1739.65380871	
-5.68810466194	-1739.65475424	
-5.68923269364	-1739.65569787	
-5.69035945432	-1739.65663962	
-5.69148494685	-1739.65757948	
-5.69260917406	-1739.65851746	
-5.6937321388	-1739.65945357	
-5.69485384391	-1739.66038781	
-5.69597429221	-1739.66132019	
-5.69709348651	-1739.6622507	
-5.69821142961	-1739.66317936	
-5.69932812431	-1739.66410616	
-5.70044357339	-1739.66503112	
-5.70155777963	-1739.66595424	
-5.7026707458	-1739.66687552	
-5.70378247466	-1739.66779497	
-5.70489296894	-1739.66871259	
-5.70600223139	-1739.66962838	
-5.70711026475	-1739.67054236	
-5.70821707172	-1739.67145452	
-5.70932265503	-1739.67236487	
-5.71042701737	-1739.67327341	
-5.71153016145	-1739.67418016	
-5.71263208993	-1739.6750851	
-5.71373280551	-1739.67598826	
-5.71483231084	-1739.67688963	
-5.71593060859	-1739.67778921	
-5.71702770141	-1739.67868701	
-5.71812359193	-1739.67958304	
-5.71921828279	-1739.6804773	
-5.72031177661	-1739.6813698	
-5.72140407601	-1739.68226053	
-5.72249518359	-1739.6831495	
-5.72358510195	-1739.68403672	
-5.72467383369	-1739.6849222	
-5.72576138137	-1739.68580592	
-5.72684774759	-1739.68668791	
-5.72793293489	-1739.68756817	
-5.72901694583	-1739.68844669	
-5.73009978297	-1739.68932348	
-5.73118144884	-1739.69019855	
-5.73226194598	-1739.69107191	
-5.7333412769	-1739.69194354	
-5.73441944412	-1739.69281347	
-5.73549645015	-1739.69368169	
-5.73657229748	-1739.69454821	
-5.73764698861	-1739.69541304	
-5.73872052602	-1739.69627616	
-5.73979291218	-1739.6971376	
-5.74086414956	-1739.69799736	
-5.74193424062	-1739.69885543	
-5.74300318781	-1739.69971183	
-5.74407099357	-1739.70056655	
-5.74513766034	-1739.70141961	
-5.74620319054	-1739.702271	
-5.7472675866	-1739.70312072	
-5.74833085092	-1739.7039688	
-5.74939298591	-1739.70481522	
-5.75045399397	-1739.70565999	
-5.75151387748	-1739.70650311	
-5.75257263883	-1739.7073446	
-5.75363028038	-1739.70818445	
-5.75468680452	-1739.70902267	
-5.75574221359	-1739.70985926	
-5.75679650994	-1739.71069422	
-5.75784969593	-1739.71152756	
-5.75890177388	-1739.71235929	
-5.75995274612	-1739.71318941	
-5.76100261499	-1739.71401791	
-5.76205138278	-1739.71484481	
-5.76309905181	-1739.71567011	
-5.76414562438	-1739.71649381	
-5.76519110278	-1739.71731592	
-5.7662354893	-1739.71813644	
-5.76727878622	-1739.71895538	
-5.76832099579	-1739.71977273	
-5.7693621203	-1739.7205885	
-5.770402162	-1739.7214027	
-5.77144112313	-1739.72221533	
-5.77247900594	-1739.7230264	
-5.77351581267	-1739.7238359	
-5.77455154554	-1739.72464384	
-5.77558620679	-1739.72545023	
-5.77661979861	-1739.72625506	
-5.77765232322	-1739.72705835	
-5.77868378283	-1739.7278601	
-5.77971417962	-1739.7286603	
-5.78074351579	-1739.72945897	
-5.78177179352	-1739.7302561	
-5.78279901497	-1739.73105171	
-5.78382518233	-1739.73184579	
-5.78485029774	-1739.73263835	
-5.78587436337	-1739.73342939	
-5.78689738137	-1739.73421891	
-5.78791935386	-1739.73500693	
-5.788940283	-1739.73579344	
-5.7899601709	-1739.73657844	
-5.79097901969	-1739.73736195	
-5.79199683148	-1739.73814396	
-5.79301360838	-1739.73892447	
-5.7940293525	-1739.7397035	
-5.79504406593	-1739.74048104	
-5.79605775077	-1739.7412571	
-5.79707040908	-1739.74203168	
-5.79808204295	-1739.74280479	
-5.79909265446	-1739.74357643	
-5.80010224566	-1739.74434659	
-5.80111081862	-1739.74511529	
-5.80211837538	-1739.74588254	
-5.80312491799	-1739.74664832	
-5.80413044849	-1739.74741265	
-5.80513496892	-1739.74817553	
-5.80613848129	-1739.74893697	
-5.80714098764	-1739.74969696	
-5.80814248998	-1739.75045551	
-5.80914299031	-1739.75121262	
