-7.273475758366555466e-01
-5.209665018934490632e-01
-7.887909009887260625e-01
2.465573743094564563e+00
-1.051208625337924030e+00
2.174215021152974270e+00
-1.855426100374417242e+00
-3.958914026196166613e+00
-4.040399460187906300e+00
-5.159552156624525487e+00
-4.002748572237160296e+00
-4.070207650305194491e+00
-5.226600533460603160e+00
-5.351310611336183243e+00
-6.334683996796644401e+00
-5.359780761536461213e+00
-5.475302170325874407e+00
-5.386851412723907551e+00
-4.840133172425560737e+00
-7.383732099488583778e+00
