#Site	lnL	
0	-7.08313475638
1	-1.50207847965
2	-5.63578109528
3	-1.62619200372
4	-1.35715881239
5	-5.63578109528
6	-1.62619200372
7	-1.50207847965
8	-6.90182768345
9	-1.45227831358
10	-1.35715881239
11	-6.28202861253
12	-1.75486874859
13	-1.35715881239
14	-8.95399127745
15	-1.75486874859
16	-1.63458614548
17	-8.28875107843
18	-1.75486874859
19	-1.31770140158
20	-6.77580788054
21	-1.45227831358
22	-1.50207847965
23	-1.47317939399
24	-1.423629174
25	-1.31770140158
26	-4.95093769986
27	-1.75486874859
28	-1.31770140158
29	-17.9622644383
30	-1.423629174
31	-1.50207847965
32	-9.57524976738
33	-1.423629174
34	-1.31770140158
35	-15.7439682978
36	-1.62619200372
37	-1.31770140158
38	-12.6857666151
39	-1.45227831358
40	-1.35715881239
41	-9.43023130673
42	-1.75486874859
43	-1.31770140158
44	-1.47317939399
45	-6.39589581058
46	-1.35715881239
47	-10.06129758
48	-5.0850900234
49	-1.50207847965
50	-9.93769997091
51	-1.45227831358
52	-1.63458614548
53	-1.47317939399
54	-1.423629174
55	-1.31770140158
56	-5.91744301068
57	-7.01034529743
58	-1.35715881239
59	-11.0844131175
60	-5.74858631661
61	-1.50207847965
62	-11.5639025418
63	-1.45227831358
64	-1.50207847965
65	-10.9967597904
66	-6.97281572838
67	-6.71478832415
68	-4.97719184338
69	-1.62619200372
70	-1.35715881239
71	-9.07836520992
72	-1.62619200372
73	-1.35715881239
74	-5.47165598366
75	-6.16291708598
76	-1.63458614548
77	-15.1658555805
78	-1.45227831358
79	-7.19516782722
80	-11.6148276575
81	-1.62619200372
82	-1.31770140158
83	-8.28875107843
84	-1.423629174
85	-1.35715881239
86	-9.90088083915
87	-1.423629174
88	-1.63458614548
89	-1.78132618094
90	-1.62619200372
91	-1.35715881239
92	-5.14922820477
93	-1.62619200372
94	-1.63458614548
95	-1.44689649078
96	-1.45227831358
97	-1.35715881239
98	-4.95093769986
99	-1.62619200372
100	-1.31770140158
101	-9.86851147095
102	-1.62619200372
103	-1.35715881239
104	-1.78132618094
105	-1.62619200372
106	-1.35715881239
107	-19.6439914617
108	-1.45227831358
109	-1.50207847965
110	-8.88716288873
111	-7.72683361321
112	-1.35715881239
113	-8.88716288873
114	-1.75486874859
115	-1.63458614548
116	-15.0146539208
117	-1.45227831358
118	-1.35715881239
119	-1.44689649078
120	-1.45227831358
121	-1.63458614548
122	-14.1283876371
123	-1.45227831358
124	-1.35715881239
125	-4.95093769986
126	-1.423629174
127	-1.63458614548
128	-5.14922820477
129	-5.25809152541
130	-1.31770140158
131	-1.44689649078
132	-1.423629174
133	-1.35715881239
134	-1.47317939399
135	-1.75486874859
136	-1.31770140158
137	-1.44689649078
138	-1.45227831358
139	-1.63458614548
140	-1.44689649078
141	-1.62619200372
142	-1.31770140158
143	-8.95399127745
144	-1.45227831358
145	-1.31770140158
146	-1.65347486133
147	-1.423629174
148	-1.31770140158
149	-1.78132618094
150	-1.423629174
151	-1.50207847965
152	-8.52320847893
153	-1.75486874859
154	-1.63458614548
155	-6.64480478202
156	-1.45227831358
157	-1.50207847965
158	-6.09100782925
159	-1.75486874859
160	-1.35715881239
161	-9.94880589851
162	-1.62619200372
163	-1.31770140158
164	-12.9098614823
165	-1.75486874859
166	-1.63458614548
167	-1.47317939399
168	-1.423629174
169	-1.50207847965
170	-6.90182768345
171	-1.45227831358
172	-1.63458614548
173	-4.97719184338
174	-1.45227831358
175	-1.50207847965
176	-12.1944275126
177	-1.75486874859
178	-1.50207847965
179	-1.65347486133
180	-5.0850900234
181	-1.50207847965
182	-1.78132618094
183	-1.45227831358
184	-1.50207847965
185	-6.80114308905
186	-5.76799016341
187	-1.50207847965
188	-1.47317939399
189	-1.75486874859
190	-1.35715881239
191	-5.63578109528
192	-1.62619200372
193	-1.63458614548
194	-1.47317939399
195	-1.423629174
196	-1.35715881239
197	-5.63578109528
198	-1.62619200372
199	-1.31770140158
200	-11.0063755234
201	-1.45227831358
202	-6.18880314303
203	-12.1946289248
204	-1.45227831358
205	-1.50207847965
206	-1.47317939399
207	-1.45227831358
208	-1.63458614548
209	-5.48770489063
210	-1.423629174
211	-1.31770140158
212	-1.78132618094
213	-1.62619200372
214	-1.35715881239
215	-14.6421122032
216	-1.423629174
217	-1.63458614548
218	-1.78132618094
219	-1.62619200372
220	-1.50207847965
221	-14.0359975248
222	-1.423629174
223	-1.50207847965
224	-7.79347356849
225	-1.423629174
226	-1.31770140158
227	-1.44689649078
228	-1.62619200372
229	-1.63458614548
230	-8.95399127745
231	-1.45227831358
232	-1.31770140158
233	-4.95093769986
234	-1.62619200372
235	-1.35715881239
236	-6.1207582006
237	-5.06214829876
238	-1.35715881239
239	-10.2018001192
240	-13.8044339395
241	-1.50207847965
242	-4.97719184338
243	-1.423629174
244	-1.35715881239
245	-1.78132618094
246	-1.423629174
247	-1.63458614548
248	-7.00625453095
249	-1.62619200372
250	-1.63458614548
251	-1.44689649078
252	-1.45227831358
253	-6.53302098293
254	-6.69775891417
255	-1.75486874859
256	-1.31770140158
257	-7.44448066356
258	-1.45227831358
259	-1.35715881239
260	-6.1207582006
261	-1.75486874859
262	-1.31770140158
263	-6.77580788054
264	-1.423629174
265	-1.50207847965
266	-1.44689649078
267	-1.62619200372
268	-1.50207847965
269	-7.00625453095
270	-5.58250235576
271	-1.31770140158
272	-5.14922820477
273	-1.423629174
274	-1.31770140158
275	-6.1510281333
276	-1.62619200372
277	-1.35715881239
278	-6.04820353206
279	-1.75486874859
280	-1.35715881239
281	-4.95093769986
282	-8.0410273412
283	-1.50207847965
284	-5.91744301068
285	-1.423629174
286	-1.31770140158
287	-15.361076121
288	-5.58250235576
289	-1.50207847965
290	-1.47317939399
291	-1.62619200372
292	-1.31770140158
293	-7.75231591692
294	-1.75486874859
295	-1.63458614548
296	-7.00380278608
297	-1.423629174
298	-1.63458614548
299	-5.91744301068
300	-1.423629174
301	-1.63458614548
302	-6.32391178819
303	-1.75486874859
304	-7.77265345367
305	-17.2488523381
306	-1.45227831358
307	-1.50207847965
308	-5.88650487644
309	-1.423629174
310	-1.63458614548
311	-6.32391178819
312	-1.45227831358
313	-1.31770140158
314	-15.8872349645
315	-1.423629174
316	-1.50207847965
317	-8.63408923204
318	-1.423629174
319	-1.31770140158
320	-4.97719184338
321	-1.45227831358
322	-1.31770140158
323	-1.78132618094
324	-1.45227831358
325	-1.63458614548
326	-15.8607937528
327	-8.42517543272
328	-1.35715881239
329	-1.44689649078
330	-1.62619200372
331	-1.31770140158
332	-9.94880589851
333	-1.62619200372
334	-7.71094890468
335	-9.92326634505
336	-1.75486874859
337	-1.63458614548
338	-9.01716926597
339	-1.75486874859
340	-1.31770140158
341	-6.32391178819
342	-1.62619200372
343	-1.31770140158
344	-4.95093769986
345	-1.423629174
346	-1.63458614548
347	-1.47317939399
348	-1.423629174
349	-7.85063621712
350	-1.47317939399
351	-1.75486874859
352	-1.31770140158
353	-4.97719184338
354	-1.423629174
355	-1.63458614548
356	-1.47317939399
357	-1.423629174
358	-1.31770140158
359	-13.0739580168
360	-5.76799016341
361	-1.50207847965
362	-1.65347486133
363	-1.45227831358
364	-1.63458614548
365	-1.47317939399
366	-1.45227831358
367	-1.31770140158
368	-6.77580788054
369	-1.75486874859
370	-1.31770140158
371	-6.04820353206
372	-1.62619200372
373	-1.35715881239
374	-22.2482798799
375	-1.45227831358
376	-1.31770140158
377	-7.17793446873
378	-5.25809152541
379	-1.31770140158
380	-4.95093769986
381	-1.75486874859
382	-1.31770140158
383	-1.44689649078
384	-6.02599175933
385	-1.50207847965
386	-9.72761148005
387	-1.75486874859
388	-1.35715881239
389	-5.48770489063
390	-1.62619200372
391	-1.63458614548
392	-20.0636424204
393	-1.45227831358
394	-1.63458614548
395	-14.3660871396
396	-1.75486874859
397	-1.35715881239
398	-1.47317939399
399	-1.423629174
400	-1.35715881239
401	-1.44689649078
402	-1.45227831358
403	-1.50207847965
404	-6.84906258305
405	-1.45227831358
406	-1.50207847965
407	-11.0547943348
408	-1.45227831358
409	-1.31770140158
410	-11.8519458493
411	-1.62619200372
412	-1.31770140158
413	-13.7876338182
414	-1.75486874859
415	-1.63458614548
416	-12.3823867372
417	-9.12251561934
418	-1.35715881239
419	-1.47317939399
420	-1.45227831358
421	-1.31770140158
422	-1.44689649078
423	-1.75486874859
424	-1.63458614548
425	-14.0702191312
426	-1.45227831358
427	-1.31770140158
428	-11.6332543331
429	-1.75486874859
430	-1.31770140158
431	-14.1592818343
432	-10.2426263407
433	-1.31770140158
434	-12.9552225486
435	-1.45227831358
436	-1.63458614548
437	-6.84906258305
438	-1.75486874859
439	-1.35715881239
440	-1.47317939399
441	-1.75486874859
442	-1.50207847965
443	-11.2115093315
444	-1.423629174
445	-1.35715881239
446	-1.47317939399
447	-1.62619200372
448	-11.0500968719
449	-1.65347486133
450	-1.62619200372
451	-1.35715881239
452	-1.44689649078
453	-1.45227831358
454	-1.31770140158
455	-1.44689649078
456	-6.02599175933
457	-1.31770140158
458	-15.0388818361
459	-1.45227831358
460	-1.50207847965
461	-9.34816910906
462	-1.45227831358
463	-1.50207847965
464	-6.67593946876
465	-8.91953676937
466	-9.20181548551
467	-26.7276189857
468	-1.62619200372
469	-1.50207847965
470	-14.455304309
471	-1.45227831358
472	-1.31770140158
473	-6.93845684619
474	-1.62619200372
475	-1.31770140158
476	-7.88494739169
477	-1.423629174
478	-1.63458614548
479	-9.3449905078
480	-1.45227831358
481	-1.35715881239
482	-6.97351182746
483	-1.62619200372
484	-1.50207847965
485	-1.78132618094
486	-1.45227831358
487	-1.50207847965
488	-9.35091511688
