#Site	lnL	
0	-1.78576100177
1	-1.3713060984
2	-1.79303816438
3	-1.8679482584
4	-1.3713060984
5	-11.5572714983
6	-1.78576100177
7	-9.5375353483
8	-5.88766864423
9	-1.8679482584
10	-1.48727494711
11	-16.6077050291
12	-1.55886029241
13	-1.3713060984
14	-7.12477288948
15	-1.55886029241
16	-1.3713060984
17	-1.79303816438
18	-1.4385146093
19	-1.77436295905
20	-10.0537447453
21	-1.8679482584
22	-1.77436295905
23	-1.44425144394
24	-1.55886029241
25	-1.48727494711
26	-11.3482535782
27	-1.4385146093
28	-1.77436295905
29	-6.89716126653
30	-5.94126121851
31	-1.48727494711
32	-1.44425144394
33	-1.78576100177
34	-1.48727494711
35	-11.0606641101
36	-6.96185033007
37	-1.48727494711
38	-5.93992776632
39	-1.4385146093
40	-7.98850044268
41	-1.87594348055
42	-1.78576100177
43	-1.3713060984
44	-10.307404908
45	-1.4385146093
46	-1.48727494711
47	-11.4132523861
48	-1.55886029241
49	-1.48727494711
50	-5.90025882259
51	-1.4385146093
52	-1.48727494711
53	-11.4132523861
54	-12.8616299966
55	-1.48727494711
56	-1.56497263944
57	-1.55886029241
58	-1.3713060984
59	-1.56497263944
60	-1.55886029241
61	-1.3713060984
62	-8.00588926952
63	-1.55886029241
64	-1.7005712594
65	-21.7115000368
66	-1.4385146093
67	-1.48727494711
68	-1.44425144394
69	-1.4385146093
70	-1.3713060984
71	-10.0219414695
72	-1.78576100177
73	-1.77436295905
74	-16.1521455572
75	-1.8679482584
76	-1.7005712594
77	-14.9067472714
78	-1.78576100177
79	-1.48727494711
80	-18.909943944
81	-1.4385146093
82	-1.7005712594
83	-13.7982319553
84	-6.85748666048
85	-1.77436295905
86	-9.84033227524
87	-1.4385146093
88	-1.77436295905
89	-5.93992776632
90	-1.4385146093
91	-1.48727494711
92	-24.5294487674
93	-1.78576100177
94	-1.3713060984
95	-6.89132124095
96	-1.8679482584
97	-1.48727494711
98	-8.31463320037
99	-1.55886029241
100	-1.77436295905
101	-12.7981164111
102	-1.78576100177
103	-6.8474633114
104	-13.7999303543
105	-1.4385146093
106	-1.3713060984
107	-5.90025882259
108	-1.8679482584
109	-1.7005712594
110	-23.5079103999
111	-1.4385146093
112	-1.3713060984
113	-13.6394945237
114	-1.4385146093
115	-1.7005712594
116	-9.01452304715
117	-1.78576100177
118	-1.3713060984
119	-1.79303816438
120	-1.4385146093
121	-1.3713060984
122	-12.624541389
123	-1.8679482584
124	-1.48727494711
125	-10.0537447453
126	-1.78576100177
127	-1.77436295905
128	-23.30634243
129	-1.78576100177
130	-1.3713060984
131	-5.96235016583
132	-7.39792696422
133	-1.48727494711
134	-5.93992776632
135	-1.55886029241
136	-1.48727494711
137	-7.12477288948
138	-1.78576100177
139	-1.7005712594
140	-9.99242521158
141	-1.78576100177
142	-1.48727494711
143	-1.56497263944
144	-1.8679482584
145	-1.3713060984
146	-11.2721163913
147	-1.8679482584
148	-1.3713060984
149	-11.0497988843
150	-1.55886029241
151	-1.3713060984
152	-5.93992776632
153	-1.4385146093
154	-1.48727494711
155	-5.88766864423
156	-7.39792696422
157	-1.7005712594
158	-5.92203243036
159	-1.55886029241
160	-1.77436295905
161	-18.4904854279
162	-1.4385146093
163	-7.71029417855
164	-11.7541744621
165	-1.8679482584
166	-1.3713060984
167	-5.92203243036
168	-1.78576100177
169	-1.3713060984
170	-1.56497263944
171	-1.8679482584
172	-1.77436295905
173	-15.7064667552
174	-1.4385146093
175	-1.7005712594
176	-8.43984328469
177	-1.8679482584
178	-6.75949614784
179	-8.43984328469
180	-1.8679482584
181	-1.3713060984
182	-13.5552611522
183	-1.8679482584
184	-1.77436295905
185	-13.6562938938
186	-1.8679482584
187	-1.48727494711
188	-9.45380698266
189	-1.4385146093
190	-1.48727494711
191	-19.9425924197
192	-1.4385146093
193	-1.3713060984
194	-18.5910270448
195	-1.78576100177
196	-1.3713060984
197	-1.56497263944
198	-1.78576100177
199	-1.3713060984
200	-1.87594348055
201	-1.78576100177
202	-1.7005712594
203	-7.12477288948
204	-1.8679482584
205	-1.77436295905
206	-11.3168797974
207	-1.8679482584
208	-1.3713060984
209	-12.2194819613
210	-1.8679482584
211	-1.3713060984
212	-1.87594348055
213	-1.4385146093
214	-1.3713060984
215	-17.5483950202
216	-1.8679482584
217	-1.7005712594
218	-16.109631404
219	-1.4385146093
220	-1.77436295905
221	-5.90025882259
222	-1.8679482584
223	-1.3713060984
224	-1.56497263944
225	-1.78576100177
226	-1.48727494711
227	-9.95645627978
228	-8.54970541053
229	-1.7005712594
230	-5.93992776632
231	-1.78576100177
232	-1.3713060984
233	-14.7672017912
234	-1.78576100177
235	-1.48727494711
236	-5.90025882259
237	-1.78576100177
238	-1.3713060984
239	-1.56497263944
240	-1.8679482584
241	-1.48727494711
242	-5.96260330235
243	-1.8679482584
244	-1.3713060984
245	-5.93553422093
246	-1.55886029241
247	-1.7005712594
248	-5.93553422093
249	-5.94126121851
250	-1.48727494711
251	-1.56497263944
252	-1.55886029241
253	-1.48727494711
254	-1.44425144394
255	-1.8679482584
256	-1.3713060984
257	-1.44425144394
258	-1.8679482584
259	-1.77436295905
260	-6.89716126653
261	-1.55886029241
262	-1.3713060984
263	-7.13123557588
264	-1.55886029241
265	-1.3713060984
266	-5.87408138956
267	-8.12792155233
268	-1.3713060984
269	-12.5797810645
270	-1.4385146093
271	-1.77436295905
272	-1.87594348055
273	-6.0565566001
274	-1.77436295905
275	-1.56497263944
276	-1.55886029241
277	-1.7005712594
278	-14.1921125157
279	-1.55886029241
280	-1.3713060984
281	-11.3169712914
282	-1.55886029241
283	-1.7005712594
284	-5.92203243036
285	-1.8679482584
286	-1.7005712594
287	-9.91742052298
288	-1.55886029241
289	-1.3713060984
290	-7.17335100838
291	-11.3627094754
292	-1.48727494711
293	-1.79303816438
294	-8.75306335448
295	-1.48727494711
296	-15.3177528359
297	-1.78576100177
298	-1.3713060984
299	-9.8637514298
300	-1.8679482584
301	-1.3713060984
302	-10.9461148627
303	-1.4385146093
304	-1.7005712594
305	-6.03671910483
306	-1.55886029241
307	-1.7005712594
308	-15.3408110013
309	-1.8679482584
310	-1.48727494711
311	-5.90025882259
312	-1.8679482584
313	-6.78385077532
314	-1.44425144394
315	-1.4385146093
316	-1.77436295905
317	-7.30479618541
318	-8.10794016554
319	-1.48727494711
320	-7.17335100838
321	-1.55886029241
322	-7.68180302373
323	-1.56497263944
324	-1.78576100177
325	-1.48727494711
326	-1.44425144394
327	-1.4385146093
328	-1.3713060984
329	-16.3242638485
330	-1.8679482584
331	-1.3713060984
332	-14.6761393969
333	-9.44831411978
334	-1.7005712594
335	-1.87594348055
336	-1.8679482584
337	-1.3713060984
338	-15.2967339371
339	-1.78576100177
340	-8.87131445109
341	-6.89132124095
342	-6.85748666048
343	-1.48727494711
344	-19.1885132917
345	-1.55886029241
346	-1.3713060984
347	-5.93992776632
348	-1.4385146093
349	-1.48727494711
350	-5.93992776632
351	-1.4385146093
352	-1.3713060984
353	-15.2558773568
354	-1.55886029241
355	-9.28280578248
356	-10.2822518406
357	-1.55886029241
358	-1.3713060984
359	-9.51261217518
360	-1.8679482584
361	-1.48727494711
362	-1.44425144394
363	-1.4385146093
364	-1.48727494711
365	-8.7860919309
366	-1.4385146093
367	-1.48727494711
368	-9.97949409814
369	-1.78576100177
370	-1.7005712594
371	-5.90025882259
372	-1.8679482584
373	-1.77436295905
374	-6.03671910483
375	-1.55886029241
376	-1.7005712594
377	-14.3029961543
378	-1.8679482584
379	-1.3713060984
380	-1.56497263944
381	-1.4385146093
382	-1.7005712594
383	-8.71194869638
384	-1.78576100177
385	-1.3713060984
386	-11.738452973
387	-1.78576100177
388	-1.48727494711
389	-15.3093327587
390	-1.78576100177
391	-1.48727494711
392	-12.5054672146
393	-1.78576100177
394	-1.3713060984
395	-12.3279545941
396	-1.78576100177
397	-1.3713060984
398	-1.79303816438
399	-1.4385146093
400	-1.7005712594
401	-5.93553422093
402	-8.51590404868
403	-1.48727494711
404	-1.44425144394
405	-1.4385146093
406	-1.3713060984
407	-5.93163261206
408	-13.5107341948
409	-1.7005712594
410	-11.4672575372
411	-1.55886029241
412	-1.3713060984
413	-8.50859075242
414	-1.55886029241
415	-1.7005712594
416	-1.56497263944
417	-1.4385146093
418	-1.77436295905
419	-13.9649244058
420	-7.4057090052
421	-1.77436295905
422	-1.44425144394
423	-1.4385146093
424	-1.3713060984
425	-5.96260330235
426	-1.55886029241
427	-1.77436295905
428	-1.56497263944
429	-1.55886029241
430	-1.7005712594
431	-18.5701665386
432	-1.4385146093
433	-1.3713060984
434	-18.3989994968
435	-1.4385146093
436	-1.7005712594
437	-7.36349881435
438	-1.8679482584
439	-1.48727494711
440	-5.92203243036
441	-1.4385146093
442	-1.77436295905
443	-15.7040965043
444	-1.78576100177
445	-1.7005712594
446	-12.1097701145
447	-1.55886029241
448	-1.3713060984
449	-6.92080483349
450	-1.55886029241
451	-1.3713060984
452	-20.3557816355
453	-1.4385146093
454	-1.3713060984
455	-6.01436758149
456	-1.4385146093
457	-1.3713060984
458	-1.44425144394
459	-1.78576100177
460	-1.48727494711
461	-11.4774122233
462	-1.55886029241
463	-1.48727494711
464	-11.6618552418
465	-1.8679482584
466	-1.3713060984
467	-1.44425144394
468	-1.4385146093
469	-1.48727494711
470	-14.5987142086
471	-1.4385146093
472	-1.7005712594
473	-5.92203243036
474	-1.55886029241
475	-1.7005712594
476	-6.03671910483
477	-1.78576100177
478	-1.7005712594
479	-8.7860919309
480	-1.55886029241
481	-1.77436295905
482	-8.43984328469
483	-1.4385146093
484	-1.3713060984
485	-10.9166525624
486	-5.96413448797
487	-1.48727494711
488	-1.79303816438
