#Site	lnL	
0	-8.07352625266
1	-2.54900317447
2	-9.4596291301
3	-2.63365109378
4	-2.54900317447
5	-9.10535392298
6	-2.63365109378
7	-2.54900317447
8	-3.66805301741
9	-2.63365109378
10	-2.57814702142
11	-10.3231938533
12	-2.96698584933
13	-2.54900317447
14	-6.34101744247
15	-2.98273111812
16	-2.54900317447
17	-4.37645036547
18	-2.98273111812
19	-2.54900317447
20	-16.6177313637
21	-2.63365109378
22	-2.57814702142
23	-6.53008799188
24	-8.10918602136
25	-2.54900317447
26	-9.88920454977
27	-2.96698584933
28	-2.57814702142
29	-11.4374049104
30	-2.98273111812
31	-2.89252202863
32	-6.3585266908
33	-2.98273111812
34	-2.89252202863
35	-11.816573116
36	-2.60517241686
37	-2.57814702142
38	-12.3998921709
39	-2.63365109378
40	-2.57814702142
41	-8.25160564626
42	-2.63365109378
43	-2.54900317447
44	-10.9770174431
45	-2.98273111812
46	-2.54900317447
47	-9.27209366352
48	-2.96698584933
49	-2.57814702142
50	-6.09509741705
51	-2.96698584933
52	-2.90996529649
53	-8.73748262082
54	-2.63365109378
55	-2.54900317447
56	-3.68575001816
57	-2.63365109378
58	-2.89252202863
59	-8.5904099337
60	-2.60517241686
61	-2.54900317447
62	-5.88762047297
63	-2.96698584933
64	-2.57814702142
65	-5.88762047297
66	-7.18137308854
67	-2.89252202863
68	-9.38017516126
69	-2.96698584933
70	-2.54900317447
71	-10.2100892114
72	-2.96698584933
73	-2.89252202863
74	-7.74863508913
75	-2.96698584933
76	-2.90996529649
77	-9.63174389758
78	-2.98273111812
79	-2.89252202863
80	-13.5707851902
81	-2.63365109378
82	-2.57814702142
83	-3.68575001816
84	-2.63365109378
85	-2.90996529649
86	-4.37645036547
87	-2.63365109378
88	-7.81240027267
89	-3.66805301741
90	-2.98273111812
91	-2.89252202863
92	-13.8879771748
93	-2.96698584933
94	-2.89252202863
95	-11.409725767
96	-7.66565221348
97	-2.57814702142
98	-7.72045765477
99	-2.60517241686
100	-2.54900317447
101	-4.39190818018
102	-7.62864893798
103	-10.5969036454
104	-3.66805301741
105	-2.96698584933
106	-2.57814702142
107	-7.41217657798
108	-2.96698584933
109	-2.57814702142
110	-9.94317114354
111	-2.96698584933
112	-2.57814702142
113	-11.5176636912
114	-2.63365109378
115	-2.54900317447
116	-6.91091038215
117	-2.96698584933
118	-2.57814702142
119	-3.68575001816
120	-2.96698584933
121	-7.86000947601
122	-13.1055460959
123	-2.98273111812
124	-2.57814702142
125	-6.63545135214
126	-9.6859749855
127	-2.54900317447
128	-14.6868863737
129	-2.60517241686
130	-2.89252202863
131	-7.74863508913
132	-2.98273111812
133	-2.57814702142
134	-7.41217657798
135	-2.98273111812
136	-2.90996529649
137	-11.0286748793
138	-2.98273111812
139	-2.54900317447
140	-10.7945751612
141	-2.98273111812
142	-2.57814702142
143	-13.5728214514
144	-2.60517241686
145	-2.57814702142
146	-3.66805301741
147	-2.60517241686
148	-2.57814702142
149	-6.09509741705
150	-2.63365109378
151	-2.54900317447
152	-5.88762047297
153	-2.96698584933
154	-2.54900317447
155	-3.68575001816
156	-2.98273111812
157	-2.89252202863
158	-6.80303740282
159	-2.60517241686
160	-2.90996529649
161	-5.88762047297
162	-2.63365109378
163	-2.54900317447
164	-3.66805301741
165	-2.96698584933
166	-2.54900317447
167	-13.4269505107
168	-2.98273111812
169	-2.57814702142
170	-3.66805301741
171	-2.98273111812
172	-2.57814702142
173	-10.8335731661
174	-2.98273111812
175	-2.90996529649
176	-3.66805301741
177	-2.96698584933
178	-2.57814702142
179	-8.93454880492
180	-2.63365109378
181	-2.54900317447
182	-3.66805301741
183	-2.63365109378
184	-2.57814702142
185	-6.3585266908
186	-2.60517241686
187	-2.57814702142
188	-4.37645036547
189	-2.63365109378
190	-2.89252202863
191	-3.66805301741
192	-2.60517241686
193	-2.89252202863
194	-4.39190818018
195	-2.63365109378
196	-2.89252202863
197	-7.84869943594
198	-2.98273111812
199	-2.90996529649
200	-7.32308615456
201	-2.96698584933
202	-2.90996529649
203	-12.5331308117
204	-2.96698584933
205	-2.57814702142
206	-6.34101744247
207	-2.60517241686
208	-2.89252202863
209	-3.66805301741
210	-2.63365109378
211	-2.57814702142
212	-6.10470652286
213	-2.63365109378
214	-2.57814702142
215	-8.8341473234
216	-2.63365109378
217	-2.54900317447
218	-4.37645036547
219	-7.61975260111
220	-2.90996529649
221	-11.5409944505
222	-2.98273111812
223	-2.54900317447
224	-14.9250609694
225	-7.61975260111
226	-2.57814702142
227	-10.1264974749
228	-7.62864893798
229	-2.90996529649
230	-6.7664852031
231	-2.60517241686
232	-2.90996529649
233	-6.12211859095
234	-2.96698584933
235	-2.57814702142
236	-10.7672769008
237	-2.60517241686
238	-2.57814702142
239	-8.29011326859
240	-2.60517241686
241	-2.54900317447
242	-7.80510398026
243	-10.6205314558
244	-2.89252202863
245	-3.66805301741
246	-2.60517241686
247	-2.89252202863
248	-7.14995408709
249	-11.4342668496
250	-2.89252202863
251	-6.54823882016
252	-2.63365109378
253	-2.57814702142
254	-9.01602477548
255	-2.98273111812
256	-2.57814702142
257	-6.7664852031
258	-2.63365109378
259	-2.57814702142
260	-8.05655730677
261	-2.98273111812
262	-9.34942507489
263	-3.66805301741
264	-2.98273111812
265	-2.57814702142
266	-3.66805301741
267	-2.60517241686
268	-2.89252202863
269	-11.078694198
270	-2.96698584933
271	-2.57814702142
272	-14.3306054968
273	-2.63365109378
274	-2.90996529649
275	-6.53008799188
276	-7.35693118362
277	-2.90996529649
278	-3.66805301741
279	-2.96698584933
280	-2.57814702142
281	-8.25160564626
282	-2.98273111812
283	-2.57814702142
284	-8.60015822324
285	-2.60517241686
286	-2.89252202863
287	-4.39190818018
288	-2.60517241686
289	-2.89252202863
290	-4.39190818018
291	-2.63365109378
292	-2.54900317447
293	-6.93411106265
294	-2.63365109378
295	-2.54900317447
296	-5.9486331471
297	-2.63365109378
298	-2.90996529649
299	-8.49901724377
300	-11.6192234493
301	-2.89252202863
302	-10.1496493854
303	-2.96698584933
304	-2.89252202863
305	-6.09509741705
306	-2.63365109378
307	-2.54900317447
308	-11.7938181345
309	-2.63365109378
310	-2.89252202863
311	-12.142925857
312	-2.96698584933
313	-2.89252202863
314	-15.5441045193
315	-2.60517241686
316	-2.54900317447
317	-12.1207821962
318	-2.98273111812
319	-2.89252202863
320	-8.90348895891
321	-2.60517241686
322	-2.54900317447
323	-12.358509305
324	-2.60517241686
325	-2.57814702142
326	-8.70883713405
327	-2.60517241686
328	-2.89252202863
329	-3.66805301741
330	-8.07352625266
331	-2.54900317447
332	-11.4505861064
333	-2.63365109378
334	-2.57814702142
335	-7.32308615456
336	-2.96698584933
337	-2.54900317447
338	-11.5119969422
339	-2.96698584933
340	-2.89252202863
341	-11.4302743964
342	-2.98273111812
343	-2.54900317447
344	-13.8654659306
345	-2.98273111812
346	-2.57814702142
347	-6.97106669607
348	-8.33372412534
349	-2.57814702142
350	-9.77040188184
351	-2.63365109378
352	-2.57814702142
353	-11.851152147
354	-2.98273111812
355	-2.89252202863
356	-10.7044198458
357	-2.98273111812
358	-2.89252202863
359	-10.8543866279
360	-2.63365109378
361	-2.54900317447
362	-3.66805301741
363	-2.96698584933
364	-2.57814702142
365	-6.12211859095
366	-9.05581875347
367	-2.57814702142
368	-4.37645036547
369	-2.60517241686
370	-2.57814702142
371	-4.39190818018
372	-2.63365109378
373	-2.90996529649
374	-11.3099812852
375	-2.60517241686
376	-2.54900317447
377	-3.68575001816
378	-2.96698584933
379	-2.57814702142
380	-9.04786155334
381	-2.63365109378
382	-2.57814702142
383	-10.8047312404
384	-2.98273111812
385	-2.89252202863
386	-6.93411106265
387	-2.60517241686
388	-2.54900317447
389	-3.66805301741
390	-2.98273111812
391	-2.89252202863
392	-17.4978412227
393	-12.3607907797
394	-2.57814702142
395	-8.49836017755
396	-2.60517241686
397	-2.54900317447
398	-8.85361635122
399	-2.96698584933
400	-2.89252202863
401	-8.73798224805
402	-2.96698584933
403	-2.54900317447
404	-7.81987379522
405	-2.63365109378
406	-13.6904831478
407	-11.7718234854
408	-2.96698584933
409	-2.57814702142
410	-3.66805301741
411	-2.60517241686
412	-2.89252202863
413	-3.68575001816
414	-2.60517241686
415	-2.90996529649
416	-15.9096651572
417	-2.60517241686
418	-2.90996529649
419	-10.9639988773
420	-2.60517241686
421	-2.89252202863
422	-8.90348895891
423	-8.72796304052
424	-12.2116896322
425	-9.5082606656
426	-10.8330715034
427	-2.54900317447
428	-9.06281073494
429	-2.63365109378
430	-9.70849478191
431	-3.66805301741
432	-2.63365109378
433	-9.34942507489
434	-3.68575001816
435	-2.98273111812
436	-2.57814702142
437	-5.98809193608
438	-2.60517241686
439	-2.57814702142
440	-10.8179638717
441	-2.60517241686
442	-10.2406987699
443	-7.57053044297
444	-8.25191117463
445	-2.89252202863
446	-3.66805301741
447	-2.60517241686
448	-2.57814702142
449	-18.5584582725
450	-2.63365109378
451	-2.90996529649
452	-7.14995408709
453	-2.60517241686
454	-2.90996529649
455	-9.22054631769
456	-2.98273111812
457	-2.57814702142
458	-9.94317114354
459	-2.63365109378
460	-2.54900317447
461	-6.97106669607
462	-2.63365109378
463	-2.89252202863
464	-11.6043473095
465	-2.63365109378
466	-2.57814702142
467	-6.80303740282
468	-2.98273111812
469	-2.57814702142
470	-7.57053044297
471	-2.63365109378
472	-2.54900317447
473	-6.16291506884
474	-2.96698584933
475	-2.54900317447
476	-10.5189508882
477	-2.98273111812
478	-2.54900317447
479	-5.88762047297
480	-2.96698584933
481	-2.54900317447
482	-13.9690460935
483	-2.60517241686
484	-8.7126302401
485	-5.88762047297
486	-2.96698584933
487	-2.54900317447
488	-8.20909120799
