#Site	lnL	
0	-6.67396217908
1	-6.07612212822
2	-9.93281852818
3	-6.12736848781
4	-6.09394340067
5	-11.3447670484
6	-6.47458947034
7	-6.07612212822
8	-14.2214984827
9	-6.67396217908
10	-6.6069116071
11	-11.9938231514
12	-6.67396217908
13	-6.40661125203
14	-15.6275502623
15	-6.12736848781
16	-6.09394340067
17	-12.1525755406
18	-6.47458947034
19	-6.09394340067
20	-9.93281852818
21	-6.47458947034
22	-6.07612212822
23	-11.3447670484
24	-6.12736848781
25	-6.40661125203
26	-11.7902240798
27	-6.67396217908
28	-6.09394340067
29	-11.9166974401
30	-6.13754880544
31	-6.09394340067
32	-11.3447670484
33	-10.4865764419
34	-6.09394340067
35	-11.7060950217
36	-6.12736848781
37	-6.07612212822
38	-11.0534659669
39	-19.2533156229
40	-6.07612212822
41	-9.93281852818
42	-6.12736848781
43	-6.09394340067
44	-14.4600333248
45	-6.47458947034
46	-6.40661125203
47	-11.8845623017
48	-6.12736848781
49	-6.6069116071
50	-13.9860283376
51	-10.5168990143
52	-6.40661125203
53	-12.6509713193
54	-6.12736848781
55	-6.09394340067
56	-15.2632266598
57	-6.47458947034
58	-6.6069116071
59	-15.3206978291
60	-6.12736848781
61	-6.07612212822
62	-15.3206978291
63	-6.47458947034
64	-6.40661125203
65	-14.3815772481
66	-6.13754880544
67	-11.5425106089
68	-9.93281852818
69	-6.12736848781
70	-6.07612212822
71	-13.7234251091
72	-6.12736848781
73	-6.07612212822
74	-14.3143499775
75	-6.47458947034
76	-6.09394340067
77	-16.0646743316
78	-6.12736848781
79	-6.07612212822
80	-12.7966604631
81	-6.12736848781
82	-6.40661125203
83	-11.7902240798
84	-6.12736848781
85	-6.09394340067
86	-9.45888293558
87	-6.12736848781
88	-6.09394340067
89	-19.9217462616
90	-6.47458947034
91	-6.07612212822
92	-11.7902240798
93	-6.12736848781
94	-6.07612212822
95	-13.7206963394
96	-12.3209582304
97	-6.09394340067
98	-17.5400296873
99	-6.13754880544
100	-20.7236322798
101	-15.5405357121
102	-17.7325689425
103	-6.07612212822
104	-16.6425107364
105	-6.13754880544
106	-6.07612212822
107	-12.1525755406
108	-13.0656670676
109	-6.09394340067
110	-11.0649007021
111	-6.13754880544
112	-6.40661125203
113	-11.7902240798
114	-6.13754880544
115	-6.09394340067
116	-14.1275415221
117	-6.12736848781
118	-6.07612212822
119	-10.5368001981
120	-6.67396217908
121	-6.07612212822
122	-15.0203028063
123	-6.12736848781
124	-6.09394340067
125	-9.45888293558
126	-6.13754880544
127	-6.40661125203
128	-10.5368001981
129	-6.12736848781
130	-6.07612212822
131	-14.6144865968
132	-6.12736848781
133	-6.40661125203
134	-13.6840261782
135	-6.67396217908
136	-6.07612212822
137	-13.5027039017
138	-6.13754880544
139	-6.40661125203
140	-11.9938231514
141	-6.13754880544
142	-6.6069116071
143	-12.3760903125
144	-12.3340203407
145	-6.09394340067
146	-19.3827392155
147	-6.13754880544
148	-6.09394340067
149	-11.7902240798
150	-6.12736848781
151	-6.09394340067
152	-11.9454867745
153	-6.47458947034
154	-6.6069116071
155	-9.93281852818
156	-6.12736848781
157	-6.6069116071
158	-11.7902240798
159	-6.13754880544
160	-6.09394340067
161	-20.4574207948
162	-6.13754880544
163	-6.40661125203
164	-11.9042451467
165	-6.67396217908
166	-6.09394340067
167	-12.1525755406
168	-6.47458947034
169	-21.0676949542
170	-9.93281852818
171	-6.47458947034
172	-6.40661125203
173	-9.93281852818
174	-6.67396217908
175	-6.09394340067
176	-14.8034727824
177	-6.12736848781
178	-6.09394340067
179	-12.2173091379
180	-6.67396217908
181	-6.40661125203
182	-9.93281852818
183	-6.13754880544
184	-6.07612212822
185	-18.4412964057
186	-6.12736848781
187	-6.07612212822
188	-11.7902240798
189	-6.12736848781
190	-6.09394340067
191	-13.6905935532
192	-6.47458947034
193	-6.09394340067
194	-11.6694534534
195	-6.13754880544
196	-6.6069116071
197	-10.6026547377
198	-6.47458947034
199	-6.09394340067
200	-14.7160467464
201	-6.13754880544
202	-6.07612212822
203	-22.0606310197
204	-6.12736848781
205	-6.6069116071
206	-12.6005322264
207	-12.8540031781
208	-6.09394340067
209	-17.0721363286
210	-17.6385364967
211	-6.09394340067
212	-9.45888293558
213	-6.67396217908
214	-6.6069116071
215	-15.3273106923
216	-6.67396217908
217	-6.09394340067
218	-20.5051433606
219	-6.67396217908
220	-6.07612212822
221	-10.3567223454
222	-6.47458947034
223	-6.07612212822
224	-14.3519297094
225	-6.12736848781
226	-6.6069116071
227	-13.4231191401
228	-16.6431647256
229	-6.6069116071
230	-19.1790827954
231	-6.13754880544
232	-6.40661125203
233	-9.93281852818
234	-6.67396217908
235	-6.07612212822
236	-13.3725331597
237	-6.67396217908
238	-6.6069116071
239	-9.45888293558
240	-6.13754880544
241	-6.09394340067
242	-9.45888293558
243	-6.13754880544
244	-6.07612212822
245	-12.3290852002
246	-6.13754880544
247	-6.07612212822
248	-15.4884626162
249	-6.67396217908
250	-6.09394340067
251	-12.2804776576
252	-6.67396217908
253	-6.6069116071
254	-13.4669003437
255	-6.47458947034
256	-6.09394340067
257	-15.3486939568
258	-6.47458947034
259	-6.40661125203
260	-12.1525755406
261	-6.12736848781
262	-6.40661125203
263	-9.45888293558
264	-6.12736848781
265	-6.40661125203
266	-10.2846956004
267	-6.12736848781
268	-6.09394340067
269	-14.3814979733
270	-6.12736848781
271	-6.40661125203
272	-12.3185243793
273	-6.47458947034
274	-6.07612212822
275	-9.45888293558
276	-6.13754880544
277	-6.07612212822
278	-11.7612326874
279	-6.12736848781
280	-6.40661125203
281	-12.8588034324
282	-6.47458947034
283	-6.6069116071
284	-11.8815532094
285	-6.13754880544
286	-6.40661125203
287	-9.93281852818
288	-6.47458947034
289	-6.09394340067
290	-14.3162683807
291	-6.67396217908
292	-6.07612212822
293	-10.6026547377
294	-6.47458947034
295	-6.6069116071
296	-9.45888293558
297	-6.13754880544
298	-6.40661125203
299	-10.6026547377
300	-6.13754880544
301	-15.0420975268
302	-9.45888293558
303	-6.12736848781
304	-6.07612212822
305	-12.7214483346
306	-6.47458947034
307	-6.6069116071
308	-13.5314393903
309	-6.67396217908
310	-6.40661125203
311	-14.5442499254
312	-6.47458947034
313	-6.40661125203
314	-14.0911725702
315	-10.7415385759
316	-6.6069116071
317	-14.6808204313
318	-6.47458947034
319	-6.09394340067
320	-19.0430574396
321	-6.12736848781
322	-6.40661125203
323	-10.3567223454
324	-6.67396217908
325	-19.5014475568
326	-14.6808204313
327	-6.13754880544
328	-6.09394340067
329	-9.45888293558
330	-6.12736848781
331	-6.09394340067
332	-11.6866721891
333	-6.13754880544
334	-6.07612212822
335	-13.8929454317
336	-6.12736848781
337	-6.09394340067
338	-12.3930871677
339	-6.13754880544
340	-28.5964577856
341	-11.7902240798
342	-6.12736848781
343	-6.09394340067
344	-9.93281852818
345	-6.13754880544
346	-6.6069116071
347	-11.8845623017
348	-6.67396217908
349	-6.09394340067
350	-9.45888293558
351	-6.12736848781
352	-6.6069116071
353	-11.7902240798
354	-6.67396217908
355	-6.09394340067
356	-9.93281852818
357	-6.47458947034
358	-6.09394340067
359	-11.0649007021
360	-14.9716505695
361	-6.40661125203
362	-12.2173091379
363	-6.67396217908
364	-6.40661125203
365	-9.93281852818
366	-6.12736848781
367	-6.07612212822
368	-14.252004556
369	-6.67396217908
370	-6.07612212822
371	-10.2846956004
372	-6.67396217908
373	-6.07612212822
374	-12.1525755406
375	-21.7257447176
376	-6.07612212822
377	-12.9932868069
378	-6.47458947034
379	-6.09394340067
380	-13.5540844739
381	-18.2317703151
382	-6.07612212822
383	-10.2846956004
384	-6.67396217908
385	-6.40661125203
386	-11.9042451467
387	-15.2387384832
388	-6.09394340067
389	-11.1154000188
390	-6.12736848781
391	-6.07612212822
392	-17.4050284877
393	-6.67396217908
394	-6.09394340067
395	-11.9938231514
396	-6.12736848781
397	-6.09394340067
398	-11.552346243
399	-6.13754880544
400	-6.07612212822
401	-11.9938231514
402	-6.13754880544
403	-6.07612212822
404	-11.9454867745
405	-6.12736848781
406	-6.6069116071
407	-15.0836900566
408	-6.47458947034
409	-6.07612212822
410	-14.553945692
411	-6.13754880544
412	-6.40661125203
413	-11.1154000188
414	-6.13754880544
415	-6.6069116071
416	-15.0836900566
417	-6.47458947034
418	-6.09394340067
419	-27.7886283222
420	-6.12736848781
421	-6.40661125203
422	-9.45888293558
423	-6.13754880544
424	-6.40661125203
425	-27.0970524692
426	-6.13754880544
427	-6.09394340067
428	-25.8930417358
429	-6.12736848781
430	-11.103751383
431	-9.45888293558
432	-6.47458947034
433	-6.07612212822
434	-10.3567223454
435	-6.13754880544
436	-6.09394340067
437	-9.45888293558
438	-6.13754880544
439	-6.40661125203
440	-14.5190678388
441	-6.13754880544
442	-6.40661125203
443	-16.1644661729
444	-6.13754880544
445	-6.07612212822
446	-11.7902240798
447	-6.13754880544
448	-6.40661125203
449	-9.93281852818
450	-6.67396217908
451	-6.07612212822
452	-18.3852499653
453	-6.13754880544
454	-13.3144381798
455	-9.45888293558
456	-6.13754880544
457	-6.09394340067
458	-11.7902240798
459	-6.67396217908
460	-6.40661125203
461	-12.3930871677
462	-6.12736848781
463	-6.07612212822
464	-12.1525755406
465	-6.12736848781
466	-6.40661125203
467	-14.709084237
468	-6.47458947034
469	-6.40661125203
470	-13.5477787781
471	-6.12736848781
472	-6.6069116071
473	-9.45888293558
474	-6.67396217908
475	-6.09394340067
476	-12.9715168191
477	-16.4222379526
478	-6.40661125203
479	-9.93281852818
480	-6.13754880544
481	-6.09394340067
482	-9.93281852818
483	-6.12736848781
484	-6.6069116071
485	-15.7404524492
486	-6.12736848781
487	-6.07612212822
488	-14.5169190092
