-7.856973928873915991e-01
-4.226788955039850193e-01
-9.073202141337934901e-01
2.953632836184668431e+00
-8.767419386372236056e-01
2.478956331593325402e+00
-4.253879589191491561e-01
-3.753890355659796896e+00
-4.487121515432027863e+00
-4.925782605881418696e+00
-4.458082046195598558e+00
-4.321414389583989824e+00
-5.709539766818306106e+00
-7.256893872542264923e+00
-6.215263012876465432e+00
-5.082013109262689454e+00
-6.257071522470377900e+00
-4.758687431039689386e+00
-5.410014542379120606e+00
-8.506672084864655758e+00
