# log_p 	 lnL 	 
0.0	-1810.52612411	
-0.287682072452	-1810.52242308	
-0.510825623766	-1810.51832283	
-0.69314718056	-1810.51431458	
-0.847297860387	-1810.51047302	
-0.980829253012	-1810.50656868	
-1.09861228867	-1810.50222012	
-1.20397280433	-1810.49702338	
-1.29928298413	-1810.49063132	
-1.38629436112	-1810.4827861	
-1.46633706879	-1810.47332045	
-1.54044504095	-1810.46214333	
-1.60943791243	-1810.44922104	
-1.67397643357	-1810.43456002	
-1.73460105539	-1810.41819381	
-1.79175946923	-1810.40017425	
-1.8458266905	-1810.38056612	
-1.89711998489	-1810.35944418	
-1.94591014906	-1810.33689139	
-1.99243016469	-1810.31299785	
-2.03688192726	-1810.28785982	
-2.07944154168	-1810.26157863	
-2.1202635362	-1810.23425954	
-2.15948424935	-1810.20601035	
-2.19722457734	-1810.17694002	
-2.23359222151	-1810.14715727	
-2.26868354132	-1810.11676924	
-2.30258509299	-1810.08588028	
-2.33537491582	-1810.05459095	
-2.36712361413	-1810.02299711	
-2.3978952728	-1809.9911893	
-2.42774823595	-1809.95925227	
-2.45673577282	-1809.92726466	
-2.48490664979	-1809.89529885	
-2.51230562398	-1809.86342097	
-2.53897387106	-1809.83169094	
-2.56494935746	-1809.80016274	
-2.59026716545	-1809.76888456	
-2.61495977804	-1809.73789915	
-2.63905732962	-1809.70724415	
-2.66258782703	-1809.67695244	
-2.68557734525	-1809.64705245	
-2.7080502011	-1809.61756858	
-2.73002910782	-1809.58852153	
-2.75153531304	-1809.5599286	
-2.77258872224	-1809.53180409	
-2.79320800944	-1809.50415951	
-2.81341071676	-1809.47700393	
-2.83321334406	-1809.45034424	
-2.85263142991	-1809.42418535	
-2.87167962488	-1809.39853044	
-2.8903717579	-1809.37338117	
-2.90872089656	-1809.34873785	
-2.92673940207	-1809.32459959	
-2.94443897917	-1809.3009645	
-2.96183072188	-1809.27782976	
-2.97892515524	-1809.25519179	
-2.99573227355	-1809.23304634	
-3.01226157551	-1809.21138856	
-3.02852209638	-1809.19021313	
-3.04452243772	-1809.16951432	
-3.06027079469	-1809.14928604	
-3.07577498123	-1809.12952192	
-3.09104245336	-1809.11021533	
-3.10608033072	-1809.09135947	
-3.12089541651	-1809.0729474	
-3.13549421593	-1809.05497203	
-3.14988295338	-1809.03742622	
-3.16406758837	-1809.02030276	
-3.17805383035	-1809.0035944	
-3.19184715248	-1808.9872939	
-3.20545280454	-1808.971394	
-3.21887582487	-1808.95588749	
-3.23212105162	-1808.94076718	
-3.24519313319	-1808.92602592	
-3.25809653802	-1808.91165665	
-3.2708355638	-1808.89765235	
-3.28341434601	-1808.88400608	
-3.295836866	-1808.87071098	
-3.3081069586	-1808.85776029	
-3.32022831913	-1808.84514732	
-3.33220451018	-1808.8328655	
-3.34403896782	-1808.82090833	
-3.35573500759	-1808.80926944	
-3.36729582999	-1808.79794252	
-3.37872452581	-1808.78692141	
-3.39002408106	-1808.77620002	
-3.40119738166	-1808.76577238	
-3.41224721785	-1808.75563262	
-3.42317628838	-1808.74577497	
-3.43398720449	-1808.73619379	
-3.4446824936	-1808.72688352	
-3.45526460293	-1808.71783869	
-3.4657359028	-1808.70905398	
-3.47609868984	-1808.70052413	
-3.48635519	-1808.69224401	
-3.49650756147	-1808.68420855	
-3.50655789732	-1808.67641284	
-3.51650822817	-1808.668852	
-3.52636052462	-1808.6615213	
-3.53611669956	-1808.65441608	
-3.54577861047	-1808.64753178	
-3.55534806149	-1808.64086392	
-3.56482680544	-1808.63440812	
-3.57421654579	-1808.62816011	
-3.58351893846	-1808.62211566	
-3.59273559356	-1808.61627067	
-3.60186807712	-1808.6106211	
-3.61091791264	-1808.605163	
-3.61988658263	-1808.5998925	
-3.62877553004	-1808.59480582	
-3.63758615973	-1808.58989924	
-3.6463198397	-1808.58516913	
-3.65497790244	-1808.58061193	
-3.66356164613	-1808.57622415	
-3.6720723358	-1808.57200239	
-3.68051120444	-1808.5679433	
-3.68887945411	-1808.56404361	
-3.69717825693	-1808.56030011	
-3.70540875607	-1808.55670967	
-3.7135720667	-1808.55326921	
-3.72166927694	-1808.54997573	
-3.72970144863	-1808.54682628	
-3.73766961828	-1808.54381797	
-3.74557479779	-1808.54094798	
-3.75341797525	-1808.53821354	
-3.76120011569	-1808.53561194	
-3.76892216179	-1808.53314054	
-3.77658503453	-1808.53079672	
-3.78418963392	-1808.52857795	
-3.79173683955	-1808.52648174	
-3.79922751128	-1808.52450564	
-3.80666248977	-1808.52264727	
-3.81404259707	-1808.52090428	
-3.82136863716	-1808.51927438	
-3.82864139649	-1808.51775533	
-3.83586164446	-1808.51634492	
-3.84303013394	-1808.515041	
-3.85014760171	-1808.51384147	
-3.85721476893	-1808.51274425	
-3.86423234159	-1808.51174732	
-3.87120101091	-1808.51084869	
-3.87812145375	-1808.51004643	
-3.88499433304	-1808.50933862	
-3.89182029811	-1808.50872341	
-3.8985999851	-1808.50819896	
-3.90533401728	-1808.50776349	
-3.91202300543	-1808.50741525	
-3.91866754815	-1808.5071525	
-3.92526823218	-1808.50697357	
-3.93182563272	-1808.50687681	
-3.93834031375	-1808.5068606	
-3.94481282825	-1808.50692336	
-3.95124371858	-1808.50706352	
-3.95763351668	-1808.50727958	
-3.96398274436	-1808.50757004	
-3.97029191355	-1808.50793343	
-3.97656152657	-1808.50836832	
-3.98279207632	-1808.50887331	
-3.98898404656	-1808.50944702	
-3.99513791214	-1808.5100881	
-4.00125413916	-1808.51079523	
-4.00733318523	-1808.5115671	
-4.01337549969	-1808.51240246	
-4.01938152375	-1808.51330004	
-4.02535169074	-1808.51425863	
-4.03128642625	-1808.51527702	
-4.03718614838	-1808.51635405	
-4.04305126783	-1808.51748856	
-4.04888218815	-1808.51867942	
-4.05467930583	-1808.51992552	
-4.06044301055	-1808.52122578	
-4.06617368526	-1808.52257912	
-4.07187170637	-1808.5239845	
-4.07753744391	-1808.5254409	
-4.08317126162	-1808.52694731	
-4.08877351717	-1808.52850275	
-4.09434456222	-1808.53010624	
-4.0998847426	-1808.53175683	
-4.10539439841	-1808.53345361	
-4.11087386417	-1808.53519564	
-4.11632346894	-1808.53698204	
-4.12174353641	-1808.53881192	
-4.12713438505	-1808.54068442	
-4.13249632819	-1808.5425987	
-4.13782967416	-1808.54455393	
-4.14313472639	-1808.54654928	
-4.14841178349	-1808.54858397	
-4.15366113938	-1808.5506572	
-4.15888308336	-1808.5527682	
-4.16407790024	-1808.55491622	
-4.1692458704	-1808.55710052	
-4.1743872699	-1808.55932037	
-4.17950237056	-1808.56157505	
-4.18459144007	-1808.56386386	
-4.18965474203	-1808.56618611	
-4.19469253606	-1808.56854113	
-4.19970507788	-1808.57092826	
-4.20469261939	-1808.57334683	
-4.20965540873	-1808.57579622	
-4.21459369037	-1808.5782758	
-4.21950770518	-1808.58078494	
-4.22439769047	-1808.58332304	
-4.22926388012	-1808.58588952	
-4.2341065046	-1808.58848378	
-4.23892579103	-1808.59110525	
-4.2437219633	-1808.59375337	
-4.24849524205	-1808.5964276	
-4.25324584481	-1808.59912737	
-4.257973986	-1808.60185217	
-4.26267987704	-1808.60460147	
-4.26736372635	-1808.60737476	
-4.27202573946	-1808.61017152	
-4.27666611902	-1808.61299127	
-4.28128506487	-1808.61583353	
-4.28588277412	-1808.6186978	
-4.29045944115	-1808.62158362	
-4.29501525768	-1808.62449054	
-4.29955041285	-1808.62741809	
-4.3040650932	-1808.63036583	
-4.30855948279	-1808.63333333	
-4.31303376319	-1808.63632016	
-4.31748811354	-1808.63932588	
-4.3219227106	-1808.6423501	
-4.32633772881	-1808.6453924	
-4.33073334029	-1808.64845237	
-4.33510971489	-1808.65152964	
-4.33946702026	-1808.65462381	
-4.34380542185	-1808.6577345	
-4.348125083	-1808.66086134	
-4.3524261649	-1808.66400396	
-4.35670882669	-1808.66716201	
-4.36097322548	-1808.67033512	
-4.36521951636	-1808.67352296	
-4.36944785247	-1808.67672517	
-4.373658385	-1808.67994143	
-4.37785126326	-1808.6831714	
-4.38202663467	-1808.68641476	
-4.38618464482	-1808.68967119	
-4.39032543749	-1808.69294038	
-4.39444915467	-1808.69622201	
-4.39855593663	-1808.69951579	
-4.40264592188	-1808.70282142	
-4.40671924726	-1808.70613861	
-4.41077604796	-1808.70946706	
-4.4148164575	-1808.71280651	
-4.4188406078	-1808.71615666	
-4.42284862919	-1808.71951724	
-4.42684065046	-1808.72288799	
-4.43081679884	-1808.72626865	
-4.43477720006	-1808.72965895	
-4.43872197835	-1808.73305863	
-4.44265125649	-1808.73646746	
-4.44656515581	-1808.73988518	
-4.45046379623	-1808.74331155	
-4.45434729625	-1808.74674632	
-4.45821577303	-1808.75018928	
-4.46206934235	-1808.75364018	
-4.46590811865	-1808.75709881	
-4.46973221509	-1808.76056493	
-4.47354174351	-1808.76403833	
-4.47733681448	-1808.76751879	
-4.48111753732	-1808.77100611	
-4.48488402011	-1808.77450007	
-4.48863636973	-1808.77800047	
-4.49237469184	-1808.78150711	
-4.49609909093	-1808.78501979	
-4.49980967033	-1808.78853832	
-4.50350653221	-1808.7920625	
-4.50718977763	-1808.79559215	
-4.51085950652	-1808.79912709	
-4.51451581772	-1808.80266712	
-4.518158809	-1808.80621208	
-4.52178857705	-1808.80976178	
-4.52540521752	-1808.81331605	
-4.52900882502	-1808.81687473	
-4.53259949315	-1808.82043764	
-4.5361773145	-1808.82400463	
-4.53974238067	-1808.82757552	
-4.54329478227	-1808.83115017	
-4.54683460898	-1808.83472841	
-4.55036194949	-1808.83831009	
-4.5538768916	-1808.84189506	
-4.55737952215	-1808.84548317	
-4.56086992709	-1808.84907427	
-4.56434819147	-1808.85266822	
-4.56781439944	-1808.85626489	
-4.57126863431	-1808.85986412	
-4.5747109785	-1808.86346578	
-4.5781415136	-1808.86706975	
-4.58156032035	-1808.87067587	
-4.58496747867	-1808.87428404	
-4.58836306767	-1808.87789411	
-4.59174716566	-1808.88150596	
-4.59511985013	-1808.88511947	
-4.59848119784	-1808.88873452	
-4.60183128472	-1808.89235098	
-4.60517018599	-1808.89596874	
-4.60849797608	-1808.89958768	
-4.61181472871	-1808.90320769	
-4.61512051684	-1808.90682866	
-4.61841541274	-1808.91045047	
-4.62169948794	-1808.91407302	
-4.62497281328	-1808.9176962	
-4.62823545892	-1808.9213199	
-4.63148749431	-1808.92494403	
-4.63472898823	-1808.92856848	
-4.63796000881	-1808.93219315	
-4.64118062351	-1808.93581795	
-4.64439089914	-1808.93944277	
-4.64759090187	-1808.94306753	
-4.65078069724	-1808.94669212	
-4.65396035016	-1808.95031646	
-4.65712992492	-1808.95394046	
-4.66028948521	-1808.95756402	
-4.66343909411	-1808.96118707	
-4.66657881412	-1808.96480951	
-4.66970870713	-1808.96843126	
-4.67282883446	-1808.97205224	
-4.67593925688	-1808.97567236	
-4.67904003455	-1808.97929155	
-4.68213122712	-1808.98290973	
-4.68521289366	-1808.98652682	
-4.6882850927	-1808.99014274	
-4.69134788223	-1808.99375741	
-4.69440131972	-1808.99737078	
-4.6974454621	-1809.00098275	
-4.70048036579	-1809.00459326	
-4.70350608671	-1809.00820224	
-4.70652268025	-1809.01180963	
-4.70953020131	-1809.01541534	
-4.71252870431	-1809.01901933	
-4.71551824316	-1809.02262151	
-4.7184988713	-1809.02622183	
-4.72147064168	-1809.02982023	
-4.72443360681	-1809.03341663	
-4.72738781871	-1809.03701099	
-4.73033332894	-1809.04060323	
-4.73327018862	-1809.04419331	
-4.73619844839	-1809.04778115	
-4.7391181585	-1809.05136672	
-4.74202936871	-1809.05494994	
-4.74493212836	-1809.05853077	
-4.74782648639	-1809.06210914	
-4.75071249128	-1809.06568501	
-4.75359019111	-1809.06925833	
-4.75645963353	-1809.07282904	
-4.75932086582	-1809.07639709	
-4.7621739348	-1809.07996243	
-4.76501888693	-1809.08352501	
-4.76785576827	-1809.08708479	
-4.77068462447	-1809.09064172	
-4.77350550081	-1809.09419575	
-4.77631844218	-1809.09774684	
-4.77912349311	-1809.10129493	
-4.78192069773	-1809.10484	
-4.78471009982	-1809.10838198	
-4.78749174278	-1809.11192085	
-4.79026566966	-1809.11545656	
-4.79303192316	-1809.11898907	
-4.7957905456	-1809.12251834	
-4.79854157897	-1809.12604432	
-4.80128506491	-1809.12956699	
-4.80402104473	-1809.1330863	
-4.80674955939	-1809.13660221	
-4.8094706495	-1809.14011469	
-4.81218435537	-1809.14362371	
-4.81489071697	-1809.14712922	
-4.81758977394	-1809.15063119	
-4.82028156561	-1809.15412959	
-4.82296613098	-1809.15762439	
-4.82564350875	-1809.16111554	
-4.8283137373	-1809.16460303	
-4.83097685472	-1809.16808681	
-4.83363289878	-1809.17156686	
-4.83628190695	-1809.17504315	
-4.83892391641	-1809.17851564	
-4.84155896405	-1809.18198431	
-4.84418708646	-1809.18544912	
-4.84680831994	-1809.18891006	
-4.84942270051	-1809.19236709	
-4.85203026392	-1809.19582018	
-4.85463104562	-1809.19926931	
-4.8572250808	-1809.20271445	
-4.85981240436	-1809.20615558	
-4.86239305096	-1809.20959266	
-4.86496705495	-1809.21302569	
-4.86753445046	-1809.21645463	
-4.87009527132	-1809.21987945	
-4.87264955112	-1809.22330014	
-4.8751973232	-1809.22671668	
-4.87773862063	-1809.23012903	
-4.88027347623	-1809.23353718	
-4.88280192259	-1809.23694111	
-4.88532399202	-1809.2403408	
-4.88783971662	-1809.24373622	
-4.89034912822	-1809.24712735	
-4.89285225844	-1809.25051419	
-4.89534913864	-1809.25389669	
-4.89783979995	-1809.25727486	
-4.90032427328	-1809.26064867	
-4.90280258929	-1809.26401809	
-4.90527477844	-1809.26738312	
-4.90774087093	-1809.27074374	
-4.91020089677	-1809.27409992	
-4.91265488574	-1809.27745166	
-4.91510286737	-1809.28079893	
-4.91754487103	-1809.28414173	
-4.91998092583	-1809.28748003	
-4.92241106068	-1809.29081382	
-4.92483530429	-1809.29414309	
-4.92725368516	-1809.29746781	
-4.92966623156	-1809.30078799	
-4.93207297159	-1809.30410359	
-4.93447393313	-1809.30741462	
-4.93686914386	-1809.31072106	
-4.93925863125	-1809.31402288	
-4.94164242261	-1809.31732009	
-4.94402054501	-1809.32061267	
-4.94639302537	-1809.32390061	
-4.94875989038	-1809.32718389	
-4.95112116656	-1809.3304625	
-4.95347688026	-1809.33373644	
-4.9558270576	-1809.3370057	
-4.95817172456	-1809.34027025	
-4.96051090691	-1809.3435301	
-4.96284463026	-1809.34678523	
-4.96517292002	-1809.35003563	
-4.96749580144	-1809.3532813	
-4.96981329958	-1809.35652222	
-4.97212543933	-1809.35975839	
-4.97443224543	-1809.3629898	
-4.97673374242	-1809.36621643	
-4.97902995468	-1809.36943829	
-4.98132090643	-1809.37265535	
-4.98360662171	-1809.37586763	
-4.98588712441	-1809.3790751	
-4.98816243824	-1809.38227776	
-4.99043258678	-1809.38547561	
-4.99269759341	-1809.38866864	
-4.99495748138	-1809.39185684	
-4.99721227376	-1809.3950402	
-4.9994619935	-1809.39821872	
-5.00170666335	-1809.4013924	
-5.00394630595	-1809.40456122	
-5.00618094375	-1809.40772519	
-5.00841059907	-1809.41088429	
-5.0106352941	-1809.41403853	
-5.01285505083	-1809.41718789	
-5.01506989116	-1809.42033238	
-5.01727983681	-1809.42347199	
-5.01948490937	-1809.42660671	
-5.02168513028	-1809.42973654	
-5.02388052085	-1809.43286148	
-5.02607110223	-1809.43598152	
-5.02825689545	-1809.43909667	
-5.03043792139	-1809.44220691	
-5.03261420082	-1809.44531224	
-5.03478575433	-1809.44841267	
-5.03695260241	-1809.45150818	
-5.03911476542	-1809.45459878	
-5.04127226356	-1809.45768446	
-5.04342511692	-1809.46076523	
-5.04557334546	-1809.46384107	
-5.047716969	-1809.46691199	
-5.04985600725	-1809.46997799	
-5.05199047978	-1809.47303905	
-5.05412040604	-1809.4760952	
-5.05624580535	-1809.47914641	
-5.05836669692	-1809.48219269	
-5.06048309982	-1809.48523404	
-5.06259503303	-1809.48827046	
-5.06470251537	-1809.49130195	
-5.06680556556	-1809.4943285	
-5.06890420222	-1809.49735012	
-5.07099844382	-1809.50036681	
-5.07308830874	-1809.50337856	
-5.07517381523	-1809.50638537	
-5.07725498144	-1809.50938725	
-5.07933182538	-1809.5123842	
-5.08140436498	-1809.51537622	
-5.08347261805	-1809.5183633	
-5.08553660227	-1809.52134545	
-5.08759633523	-1809.52432266	
-5.08965183441	-1809.52729495	
-5.09170311719	-1809.5302623	
-5.09375020081	-1809.53322473	
-5.09579310244	-1809.53618222	
-5.09783183913	-1809.53913479	
-5.09986642782	-1809.54208243	
-5.10189688537	-1809.54502515	
-5.10392322852	-1809.54796295	
-5.1059454739	-1809.55089583	
-5.10796363806	-1809.55382378	
-5.10997773743	-1809.55674682	
-5.11198778836	-1809.55966495	
-5.11399380708	-1809.56257816	
-5.11599580975	-1809.56548646	
-5.11799381242	-1809.56838985	
-5.11998783102	-1809.57128833	
-5.12197788143	-1809.57418191	
-5.1239639794	-1809.57707059	
-5.12594614061	-1809.57995437	
-5.12792438062	-1809.58283325	
-5.12989871492	-1809.58570724	
-5.13186915891	-1809.58857634	
-5.13383572788	-1809.59144055	
-5.13579843705	-1809.59429988	
-5.13775730154	-1809.59715432	
-5.13971233637	-1809.60000389	
-5.1416635565	-1809.60284858	
-5.14361097679	-1809.6056884	
-5.145554612	-1809.60852336	
-5.14749447681	-1809.61135344	
-5.14943058584	-1809.61417867	
-5.15136295359	-1809.61699904	
-5.1532915945	-1809.61981456	
-5.15521652291	-1809.62262522	
-5.15713775309	-1809.62543104	
-5.15905529921	-1809.62823202	
-5.1609691754	-1809.63102816	
-5.16287939565	-1809.63381946	
-5.16478597392	-1809.63660594	
-5.16668892407	-1809.63938759	
-5.16858825987	-1809.64216442	
-5.17048399504	-1809.64493643	
-5.17237614319	-1809.64770363	
-5.17426471788	-1809.65046602	
-5.17614973257	-1809.6532236	
-5.17803120067	-1809.65597639	
-5.1799091355	-1809.65872438	
-5.18178355029	-1809.66146759	
-5.18365445823	-1809.664206	
-5.1855218724	-1809.66693964	
-5.18738580584	-1809.6696685	
-5.18924627149	-1809.67239259	
-5.19110328224	-1809.67511192	
-5.19295685089	-1809.67782648	
-5.19480699018	-1809.68053629	
-5.19665371277	-1809.68324135	
-5.19849703127	-1809.68594166	
-5.20033695819	-1809.68863723	
-5.202173506	-1809.69132807	
-5.20400668708	-1809.69401417	
-5.20583651375	-1809.69669555	
-5.20766299828	-1809.69937222	
-5.20948615284	-1809.70204417	
-5.21130598956	-1809.70471141	
-5.21312252048	-1809.70737394	
-5.21493575761	-1809.71003178	
-5.21674571285	-1809.71268493	
-5.21855239808	-1809.7153334	
-5.22035582508	-1809.71797718	
-5.22215600558	-1809.72061628	
-5.22395295126	-1809.72325072	
-5.22574667371	-1809.7258805	
-5.22753718449	-1809.72850562	
-5.22932449506	-1809.73112608	
-5.23110861685	-1809.7337419	
-5.23288956123	-1809.73635308	
-5.23466733947	-1809.73895963	
-5.23644196283	-1809.74156154	
-5.23821344248	-1809.74415884	
-5.23998178954	-1809.74675152	
-5.24174701506	-1809.74933959	
-5.24350913005	-1809.75192306	
-5.24526814546	-1809.75450192	
-5.24702407216	-1809.7570762	
-5.24877692099	-1809.75964589	
-5.25052670271	-1809.762211	
-5.25227342805	-1809.76477154	
-5.25401710765	-1809.76732752	
-5.25575775213	-1809.76987893	
-5.25749537203	-1809.77242579	
-5.25922997784	-1809.7749681	
-5.26096158	-1809.77750587	
-5.2626901889	-1809.7800391	
-5.26441581487	-1809.78256781	
-5.26613846818	-1809.78509199	
-5.26785815906	-1809.78761166	
-5.26957489768	-1809.79012682	
-5.27128869416	-1809.79263747	
-5.27299955856	-1809.79514363	
-5.27470750091	-1809.7976453	
-5.27641253116	-1809.80014249	
-5.27811465923	-1809.8026352	
-5.27981389498	-1809.80512345	
-5.28151024823	-1809.80760722	
-5.28320372874	-1809.81008655	
-5.28489434622	-1809.81256142	
-5.28658211033	-1809.81503185	
-5.28826703069	-1809.81749784	
-5.28994911688	-1809.8199594	
-5.2916283784	-1809.82241654	
-5.29330482472	-1809.82486926	
-5.29497846528	-1809.82731758	
-5.29664930945	-1809.82976149	
-5.29831736655	-1809.832201	
-5.29998264587	-1809.83463613	
-5.30164515664	-1809.83706687	
-5.30330490806	-1809.83949324	
-5.30496190927	-1809.84191524	
-5.30661616936	-1809.84433288	
-5.3082676974	-1809.84674617	
-5.30991650239	-1809.8491551	
-5.3115625933	-1809.8515597	
-5.31320597904	-1809.85395996	
-5.3148466685	-1809.85635589	
-5.3164846705	-1809.8587475	
-5.31811999384	-1809.8611348	
-5.31975264727	-1809.8635178	
-5.32138263948	-1809.86589649	
-5.32300997914	-1809.86827089	
-5.32463467487	-1809.87064101	
-5.32625673524	-1809.87300685	
-5.32787616879	-1809.87536841	
-5.32949298402	-1809.87772572	
-5.33110718937	-1809.88007876	
-5.33271879327	-1809.88242756	
-5.33432780407	-1809.88477211	
-5.33593423012	-1809.88711242	
-5.3375380797	-1809.88944851	
-5.33913936107	-1809.89178037	
-5.34073808243	-1809.89410802	
-5.34233425196	-1809.89643146	
-5.3439278778	-1809.8987507	
-5.34551896803	-1809.90106575	
-5.34710753072	-1809.90337661	
-5.34869357387	-1809.90568329	
-5.35027710548	-1809.9079858	
-5.35185813348	-1809.91028414	
-5.35343666577	-1809.91257833	
-5.35501271022	-1809.91486836	
-5.35658627467	-1809.91715425	
-5.3581573669	-1809.919436	
-5.35972599468	-1809.92171362	
-5.36129216571	-1809.92398712	
-5.36285588769	-1809.92625651	
-5.36441716825	-1809.92852178	
-5.36597601502	-1809.93078296	
-5.36753243557	-1809.93304004	
-5.36908643744	-1809.93529303	
-5.37063802813	-1809.93754195	
-5.37218721511	-1809.93978679	
-5.37373400583	-1809.94202756	
-5.37527840768	-1809.94426428	
-5.37682042804	-1809.94649695	
-5.37836007422	-1809.94872557	
-5.37989735354	-1809.95095016	
-5.38143227326	-1809.95317071	
-5.38296484061	-1809.95538725	
-5.38449506279	-1809.95759976	
-5.38602294697	-1809.95980827	
-5.38754850028	-1809.96201278	
-5.38907172982	-1809.9642133	
-5.39059264266	-1809.96640983	
-5.39211124583	-1809.96860237	
-5.39362754635	-1809.97079095	
-5.39514155118	-1809.97297556	
-5.39665326727	-1809.97515621	
-5.39816270152	-1809.97733291	
-5.39966986081	-1809.97950567	
-5.40117475199	-1809.98167449	
-5.40267738187	-1809.98383938	
-5.40417775725	-1809.98600035	
-5.40567588487	-1809.98815741	
-5.40717177146	-1809.99031055	
-5.40866542372	-1809.9924598	
-5.4101568483	-1809.99460515	
-5.41164605186	-1809.99674661	
-5.41313304098	-1809.99888419	
-5.41461782224	-1810.00101791	
-5.4161004022	-1810.00314775	
-5.41758078737	-1810.00527374	
-5.41905898424	-1810.00739588	
-5.42053499927	-1810.00951417	
-5.42200883889	-1810.01162862	
-5.4234805095	-1810.01373925	
-5.42495001748	-1810.01584605	
-5.42641736918	-1810.01794904	
-5.4278825709	-1810.02004822	
-5.42934562895	-1810.0221436	
-5.43080654959	-1810.02423518	
-5.43226533906	-1810.02632298	
-5.43372200355	-1810.02840699	
-5.43517654927	-1810.03048723	
-5.43662898235	-1810.03256371	
-5.43807930892	-1810.03463643	
-5.4395275351	-1810.03670539	
-5.44097366695	-1810.03877061	
-5.44241771052	-1810.0408321	
-5.44385967184	-1810.04288985	
-5.4452995569	-1810.04494388	
-5.44673737167	-1810.04699419	
-5.44817312209	-1810.04904079	
-5.44960681409	-1810.05108369	
-5.45103845357	-1810.05312289	
-5.45246804638	-1810.0551584	
-5.45389559837	-1810.05719023	
-5.45532111536	-1810.05921839	
-5.45674460314	-1810.06124288	
-5.45816606749	-1810.06326371	
-5.45958551414	-1810.06528088	
-5.46100294883	-1810.06729441	
-5.46241837723	-1810.0693043	
-5.46383180503	-1810.07131055	
-5.46524323786	-1810.07331318	
-5.46665268137	-1810.07531219	
-5.46806014114	-1810.07730759	
-5.46946562274	-1810.07929938	
-5.47086913175	-1810.08128758	
-5.47227067367	-1810.08327218	
-5.47367025403	-1810.0852532	
-5.47506787829	-1810.08723064	
-5.47646355193	-1810.08920451	
-5.47785728038	-1810.09117481	
-5.47924906905	-1810.09314156	
-5.48063892334	-1810.09510476	
-5.48202684862	-1810.09706441	
-5.48341285022	-1810.09902053	
-5.48479693349	-1810.10097312	
-5.48617910372	-1810.10292219	
-5.48755936619	-1810.10486774	
-5.48893772616	-1810.10680978	
-5.49031418887	-1810.10874832	
-5.49168875953	-1810.11068336	
-5.49306144334	-1810.11261491	
-5.49443224547	-1810.11454299	
-5.49580117108	-1810.11646758	
-5.49716822529	-1810.11838871	
-5.49853341322	-1810.12030638	
-5.49989673995	-1810.12222059	
-5.50125821054	-1810.12413135	
-5.50261783006	-1810.12603868	
-5.50397560352	-1810.12794256	
-5.50533153593	-1810.12984302	
-5.50668563228	-1810.13174006	
-5.50803789753	-1810.13363368	
-5.50938833663	-1810.1355239	
-5.5107369545	-1810.13741071	
-5.51208375605	-1810.13929413	
-5.51342874616	-1810.14117416	
-5.51477192971	-1810.14305081	
-5.51611331154	-1810.14492409	
-5.51745289646	-1810.14679399	
-5.51879068931	-1810.14866054	
-5.52012669485	-1810.15052373	
-5.52146091786	-1810.15238357	
-5.5227933631	-1810.15424007	
-5.52412403528	-1810.15609324	
-5.52545293913	-1810.15794308	
-5.52678007934	-1810.15978959	
-5.52810546058	-1810.16163279	
-5.52942908751	-1810.16347268	
-5.53075096477	-1810.16530927	
-5.53207109697	-1810.16714256	
-5.53338948873	-1810.16897257	
-5.53470614461	-1810.17079929	
-5.53602106919	-1810.17262273	
-5.53733426702	-1810.17444291	
-5.53864574262	-1810.17625982	
-5.5399555005	-1810.17807347	
-5.54126354516	-1810.17988388	
-5.54256988107	-1810.18169104	
-5.5438745127	-1810.18349496	
-5.54517744448	-1810.18529565	
-5.54647868084	-1810.18709312	
-5.54777822618	-1810.18888737	
-5.5490760849	-1810.19067841	
-5.55037226136	-1810.19246624	
-5.55166675992	-1810.19425087	
-5.55295958492	-1810.19603231	
-5.55425074069	-1810.19781056	
-5.55554023152	-1810.19958563	
-5.5568280617	-1810.20135753	
-5.55811423551	-1810.20312627	
-5.5593987572	-1810.20489184	
-5.56068163102	-1810.20665425	
-5.56196286117	-1810.20841352	
-5.56324245188	-1810.21016965	
-5.56452040732	-1810.21192263	
-5.56579673168	-1810.21367249	
-5.56707142911	-1810.21541923	
-5.56834450376	-1810.21716285	
-5.56961595975	-1810.21890336	
-5.57088580119	-1810.22064076	
-5.57215403218	-1810.22237507	
-5.57342065679	-1810.22410628	
-5.5746856791	-1810.22583441	
-5.57594910315	-1810.22755945	
-5.57721093297	-1810.22928143	
-5.57847117258	-1810.23100033	
-5.57972982599	-1810.23271617	
-5.58098689718	-1810.23442896	
-5.58224239012	-1810.2361387	
-5.58349630878	-1810.2378454	
-5.5847486571	-1810.23954906	
-5.585999439	-1810.24124968	
-5.5872486584	-1810.24294729	
-5.5884963192	-1810.24464187	
-5.58974242528	-1810.24633344	
-5.59098698051	-1810.24802201	
-5.59222998875	-1810.24970757	
-5.59347145384	-1810.25139014	
-5.5947113796	-1810.25306973	
-5.59594976985	-1810.25474632	
-5.59718662839	-1810.25641995	
-5.598421959	-1810.2580906	
-5.59965576545	-1810.25975829	
-5.60088805149	-1810.26142301	
-5.60211882088	-1810.26308479	
-5.60334807733	-1810.26474362	
-5.60457582457	-1810.26639951	
-5.6058020663	-1810.26805246	
-5.60702680619	-1810.26970249	
-5.60825004793	-1810.27134959	
-5.60947179518	-1810.27299377	
-5.61069205159	-1810.27463505	
-5.61191082078	-1810.27627341	
-5.61312810639	-1810.27790888	
-5.61434391201	-1810.27954146	
-5.61555824124	-1810.28117114	
-5.61677109767	-1810.28279795	
-5.61798248485	-1810.28442188	
-5.61919240636	-1810.28604293	
-5.62040086572	-1810.28766113	
-5.62160786647	-1810.28927646	
-5.62281341212	-1810.29088894	
-5.62401750619	-1810.29249858	
-5.62522015215	-1810.29410537	
-5.6264213535	-1810.29570933	
-5.62762111369	-1810.29731045	
-5.62881943618	-1810.29890875	
-5.63001632442	-1810.30050424	
-5.63121178182	-1810.30209691	
-5.63240581181	-1810.30368677	
-5.6335984178	-1810.30527383	
-5.63478960317	-1810.3068581	
-5.6359793713	-1810.30843957	
-5.63716772557	-1810.31001826	
-5.63835466933	-1810.31159417	
-5.63954020593	-1810.31316731	
-5.64072433869	-1810.31473768	
-5.64190707094	-1810.31630529	
-5.64308840598	-1810.31787014	
-5.64426834712	-1810.31943224	
-5.64544689764	-1810.32099159	
-5.64662406082	-1810.32254821	
-5.64779983991	-1810.32410209	
-5.64897423816	-1810.32565324	
-5.65014725882	-1810.32720167	
-5.65131890512	-1810.32874738	
-5.65248918027	-1810.33029038	
-5.65365808747	-1810.33183067	
-5.65482562993	-1810.33336826	
-5.65599181082	-1810.33490315	
-5.65715663332	-1810.33643535	
-5.65832010058	-1810.33796487	
-5.65948221576	-1810.33949171	
-5.660642982	-1810.34101587	
-5.66180240242	-1810.34253737	
-5.66296048014	-1810.3440562	
-5.66411721826	-1810.34557238	
-5.66527261989	-1810.3470859	
-5.66642668811	-1810.34859677	
-5.66757942599	-1810.35010501	
-5.6687308366	-1810.3516106	
-5.66988092298	-1810.35311357	
-5.67102968818	-1810.35461391	
-5.67217713524	-1810.35611163	
-5.67332326717	-1810.35760673	
-5.67446808699	-1810.35909923	
-5.67561159769	-1810.36058911	
-5.67675380227	-1810.36207641	
-5.6778947037	-1810.3635611	
-5.67903430497	-1810.36504321	
-5.68017260902	-1810.36652273	
-5.6813096188	-1810.36799968	
-5.68244533727	-1810.36947405	
-5.68357976734	-1810.37094586	
-5.68471291194	-1810.3724151	
-5.68584477397	-1810.37388178	
-5.68697535634	-1810.37534591	
-5.68810466194	-1810.3768075	
-5.68923269364	-1810.37826654	
-5.69035945432	-1810.37972305	
-5.69148494685	-1810.38117702	
-5.69260917406	-1810.38262847	
-5.6937321388	-1810.3840774	
-5.69485384391	-1810.38552381	
-5.69597429221	-1810.38696771	
-5.69709348651	-1810.3884091	
-5.69821142961	-1810.38984799	
-5.69932812431	-1810.39128439	
-5.70044357339	-1810.39271829	
-5.70155777963	-1810.39414971	
-5.7026707458	-1810.39557865	
-5.70378247466	-1810.39700512	
-5.70489296894	-1810.39842911	
-5.70600223139	-1810.39985063	
-5.70711026475	-1810.4012697	
-5.70821707172	-1810.40268631	
-5.70932265503	-1810.40410047	
-5.71042701737	-1810.40551218	
-5.71153016145	-1810.40692145	
-5.71263208993	-1810.40832829	
-5.71373280551	-1810.40973269	
-5.71483231084	-1810.41113467	
-5.71593060859	-1810.41253423	
-5.71702770141	-1810.41393137	
-5.71812359193	-1810.4153261	
-5.71921828279	-1810.41671842	
-5.72031177661	-1810.41810834	
-5.72140407601	-1810.41949586	
-5.72249518359	-1810.420881	
-5.72358510195	-1810.42226374	
-5.72467383369	-1810.42364411	
-5.72576138137	-1810.42502209	
-5.72684774759	-1810.4263977	
-5.72793293489	-1810.42777095	
-5.72901694583	-1810.42914183	
-5.73009978297	-1810.43051035	
-5.73118144884	-1810.43187652	
-5.73226194598	-1810.43324034	
-5.7333412769	-1810.43460182	
-5.73441944412	-1810.43596096	
-5.73549645015	-1810.43731776	
-5.73657229748	-1810.43867224	
-5.73764698861	-1810.44002439	
-5.73872052602	-1810.44137421	
-5.73979291218	-1810.44272173	
-5.74086414956	-1810.44406693	
-5.74193424062	-1810.44540982	
-5.74300318781	-1810.44675041	
-5.74407099357	-1810.44808871	
-5.74513766034	-1810.44942471	
-5.74620319054	-1810.45075843	
-5.7472675866	-1810.45208986	
-5.74833085092	-1810.45341902	
-5.74939298591	-1810.4547459	
-5.75045399397	-1810.45607051	
-5.75151387748	-1810.45739285	
-5.75257263883	-1810.45871294	
-5.75363028038	-1810.46003077	
-5.75468680452	-1810.46134635	
-5.75574221359	-1810.46265968	
-5.75679650994	-1810.46397077	
-5.75784969593	-1810.46527962	
-5.75890177388	-1810.46658624	
-5.75995274612	-1810.46789064	
-5.76100261499	-1810.4691928	
-5.76205138278	-1810.47049275	
-5.76309905181	-1810.47179048	
-5.76414562438	-1810.47308601	
-5.76519110278	-1810.47437932	
-5.7662354893	-1810.47567044	
-5.76727878622	-1810.47695936	
-5.76832099579	-1810.47824608	
-5.7693621203	-1810.47953062	
-5.770402162	-1810.48081297	
-5.77144112313	-1810.48209314	
-5.77247900594	-1810.48337114	
-5.77351581267	-1810.48464697	
-5.77455154554	-1810.48592063	
-5.77558620679	-1810.48719213	
-5.77661979861	-1810.48846147	
-5.77765232322	-1810.48972865	
-5.77868378283	-1810.49099369	
-5.77971417962	-1810.49225659	
-5.78074351579	-1810.49351734	
-5.78177179352	-1810.49477596	
-5.78279901497	-1810.49603244	
-5.78382518233	-1810.4972868	
-5.78485029774	-1810.49853903	
-5.78587436337	-1810.49978915	
-5.78689738137	-1810.50103715	
-5.78791935386	-1810.50228304	
-5.788940283	-1810.50352683	
-5.7899601709	-1810.50476851	
-5.79097901969	-1810.5060081	
-5.79199683148	-1810.50724559	
-5.79301360838	-1810.50848099	
-5.7940293525	-1810.50971431	
-5.79504406593	-1810.51094554	
-5.79605775077	-1810.5121747	
-5.79707040908	-1810.51340179	
-5.79808204295	-1810.51462681	
-5.79909265446	-1810.51584976	
-5.80010224566	-1810.51707066	
-5.80111081862	-1810.51828949	
-5.80211837538	-1810.51950628	
-5.80312491799	-1810.52072102	
-5.80413044849	-1810.52193371	
-5.80513496892	-1810.52314437	
-5.80613848129	-1810.52435299	
-5.80714098764	-1810.52555958	
-5.80814248998	-1810.52676414	
-5.80914299031	-1810.52796668	
