#Site	lnL	
0	-1.49510612597
1	-1.43255682821
2	-1.67485525953
3	-1.76133805827
4	-1.43255682821
5	-26.6575295764
6	-8.57201675727
7	-1.68480988928
8	-7.64329237419
9	-8.91603125519
10	-6.66690026062
11	-6.62642231286
12	-1.49510612597
13	-1.33182123895
14	-6.64151704658
15	-1.49510612597
16	-9.01388334394
17	-6.76297961069
18	-1.6776117728
19	-1.33182123895
20	-7.43613783687
21	-1.49510612597
22	-1.68480988928
23	-1.42441718685
24	-1.39839159727
25	-1.43255682821
26	-1.42441718685
27	-1.39839159727
28	-1.68480988928
29	-6.62642231286
30	-1.49510612597
31	-1.33182123895
32	-6.64755806306
33	-1.49510612597
34	-1.43255682821
35	-7.82046442876
36	-1.49510612597
37	-1.5950067433
38	-14.7405950571
39	-1.49510612597
40	-1.5950067433
41	-1.32315553932
42	-1.49510612597
43	-1.33182123895
44	-11.7077989825
45	-1.39839159727
46	-1.5950067433
47	-6.64151704658
48	-6.61956308753
49	-1.33182123895
50	-1.42441718685
51	-1.49510612597
52	-1.43255682821
53	-14.1594106857
54	-1.49510612597
55	-1.68480988928
56	-1.42441718685
57	-1.49510612597
58	-1.43255682821
59	-21.9581620271
60	-1.39839159727
61	-1.5950067433
62	-6.62642231286
63	-7.26714458919
64	-1.43255682821
65	-6.96994031205
66	-1.76133805827
67	-1.68480988928
68	-16.0276202288
69	-1.49510612597
70	-7.872086832
71	-14.318782977
72	-6.03174020115
73	-1.5950067433
74	-6.96994031205
75	-1.76133805827
76	-1.43255682821
77	-6.96994031205
78	-1.49510612597
79	-1.5950067433
80	-10.309752253
81	-1.39839159727
82	-1.68480988928
83	-14.6122601286
84	-6.81166618608
85	-1.68480988928
86	-6.84317845799
87	-1.49510612597
88	-1.43255682821
89	-12.9383380699
90	-1.49510612597
91	-1.33182123895
92	-12.5114721209
93	-1.39839159727
94	-1.5950067433
95	-13.2099639004
96	-1.76133805827
97	-1.33182123895
98	-13.1088590492
99	-1.39839159727
100	-1.43255682821
101	-23.9628440453
102	-1.39839159727
103	-1.33182123895
104	-8.3087342523
105	-1.6776117728
106	-1.33182123895
107	-6.84317845799
108	-1.6776117728
109	-1.5950067433
110	-13.6124276032
111	-1.76133805827
112	-1.68480988928
113	-1.42441718685
114	-1.39839159727
115	-1.43255682821
116	-8.01622758296
117	-1.76133805827
118	-1.33182123895
119	-14.2580860723
120	-5.84218233206
121	-1.43255682821
122	-6.84317845799
123	-6.03174020115
124	-1.5950067433
125	-12.0685000471
126	-1.6776117728
127	-1.68480988928
128	-10.5697884692
129	-1.49510612597
130	-1.68480988928
131	-1.42441718685
132	-9.17359565249
133	-1.43255682821
134	-6.64151704658
135	-1.76133805827
136	-1.5950067433
137	-18.1987914841
138	-1.76133805827
139	-7.66609098349
140	-21.7648304342
141	-1.49510612597
142	-1.5950067433
143	-17.0967474624
144	-1.39839159727
145	-1.33182123895
146	-17.959889261
147	-1.39839159727
148	-1.33182123895
149	-9.1590264401
150	-1.49510612597
151	-1.43255682821
152	-14.7003979621
153	-1.39839159727
154	-6.82653508874
155	-21.376967859
156	-1.76133805827
157	-1.33182123895
158	-1.42441718685
159	-1.39839159727
160	-1.33182123895
161	-16.2282281806
162	-1.76133805827
163	-1.43255682821
164	-15.2668607244
165	-1.49510612597
166	-1.43255682821
167	-15.4924111605
168	-1.6776117728
169	-1.33182123895
170	-6.95972758264
171	-1.76133805827
172	-1.43255682821
173	-8.11221384185
174	-1.49510612597
175	-1.5950067433
176	-14.2217785784
177	-1.49510612597
178	-1.33182123895
179	-1.58425911803
180	-1.49510612597
181	-1.68480988928
182	-8.31056032197
183	-1.6776117728
184	-1.43255682821
185	-6.96994031205
186	-1.6776117728
187	-1.33182123895
188	-1.32315553932
189	-1.6776117728
190	-1.43255682821
191	-6.83791206679
192	-1.39839159727
193	-1.43255682821
194	-6.77469440668
195	-1.76133805827
196	-1.33182123895
197	-14.2791127079
198	-1.49510612597
199	-1.68480988928
200	-6.76297961069
201	-1.76133805827
202	-1.5950067433
203	-17.7664850137
204	-6.98254200065
205	-1.5950067433
206	-1.32315553932
207	-1.76133805827
208	-1.33182123895
209	-20.8921835879
210	-1.6776117728
211	-1.43255682821
212	-8.11013934304
213	-1.39839159727
214	-1.33182123895
215	-6.84317845799
216	-1.6776117728
217	-1.43255682821
218	-1.58425911803
219	-1.39839159727
220	-1.5950067433
221	-9.30699543922
222	-6.98254200065
223	-1.33182123895
224	-17.1265206411
225	-1.6776117728
226	-1.43255682821
227	-6.64755806306
228	-1.49510612597
229	-6.81463299743
230	-1.42441718685
231	-1.76133805827
232	-1.68480988928
233	-9.38332785356
234	-1.39839159727
235	-1.68480988928
236	-13.1394832846
237	-1.49510612597
238	-1.68480988928
239	-17.0975085979
240	-1.39839159727
241	-1.43255682821
242	-13.0945418872
243	-1.6776117728
244	-1.43255682821
245	-13.4413324577
246	-1.6776117728
247	-1.43255682821
248	-6.64755806306
249	-1.39839159727
250	-1.33182123895
251	-20.5585358699
252	-1.76133805827
253	-1.43255682821
254	-7.97655731382
255	-1.39839159727
256	-1.5950067433
257	-6.61518287152
258	-1.76133805827
259	-1.33182123895
260	-13.6462285107
261	-1.49510612597
262	-1.68480988928
263	-12.7724910365
264	-1.39839159727
265	-1.33182123895
266	-23.514565352
267	-6.98339418254
268	-7.50008213435
269	-1.42441718685
270	-1.49510612597
271	-1.33182123895
272	-1.32315553932
273	-1.6776117728
274	-1.33182123895
275	-9.15107208256
276	-1.76133805827
277	-1.68480988928
278	-1.42441718685
279	-5.84218233206
280	-1.5950067433
281	-1.67485525953
282	-1.76133805827
283	-1.68480988928
284	-6.76297961069
285	-1.49510612597
286	-1.68480988928
287	-1.58425911803
288	-1.6776117728
289	-1.43255682821
290	-12.7724910365
291	-1.76133805827
292	-1.33182123895
293	-15.0602302288
294	-1.39839159727
295	-1.43255682821
296	-8.00157080864
297	-1.39839159727
298	-6.49738503372
299	-13.6117294889
300	-1.76133805827
301	-1.33182123895
302	-8.00157080864
303	-1.6776117728
304	-1.33182123895
305	-1.32315553932
306	-1.6776117728
307	-1.68480988928
308	-1.42441718685
309	-5.84218233206
310	-1.5950067433
311	-18.1547832706
312	-1.6776117728
313	-1.33182123895
314	-14.5988504994
315	-1.49510612597
316	-1.68480988928
317	-7.63280026503
318	-1.6776117728
319	-1.5950067433
320	-1.67485525953
321	-1.76133805827
322	-1.33182123895
323	-6.64755806306
324	-1.6776117728
325	-1.43255682821
326	-1.58425911803
327	-1.39839159727
328	-1.5950067433
329	-12.8837510098
330	-1.76133805827
331	-1.68480988928
332	-6.77469440668
333	-1.39839159727
334	-1.33182123895
335	-14.444550452
336	-1.39839159727
337	-1.43255682821
338	-8.93444261687
339	-1.39839159727
340	-1.68480988928
341	-9.39383163162
342	-1.39839159727
343	-1.43255682821
344	-15.2648451774
345	-1.39839159727
346	-1.68480988928
347	-13.2099639012
348	-1.39839159727
349	-1.33182123895
350	-12.9718966079
351	-1.39839159727
352	-1.33182123895
353	-6.77469440668
354	-1.76133805827
355	-1.5950067433
356	-8.21108731404
357	-1.49510612597
358	-1.43255682821
359	-14.3497644732
360	-1.39839159727
361	-1.43255682821
362	-11.7077963167
363	-1.39839159727
364	-1.33182123895
365	-14.5058394601
366	-1.76133805827
367	-1.33182123895
368	-1.42441718685
369	-6.98254200065
370	-12.1858042489
371	-7.78231444968
372	-1.6776117728
373	-1.33182123895
374	-1.32315553932
375	-1.6776117728
376	-1.68480988928
377	-7.77013982978
378	-6.01505157483
379	-1.33182123895
380	-8.11221384185
381	-1.49510612597
382	-1.43255682821
383	-1.32315553932
384	-1.6776117728
385	-1.5950067433
386	-1.32315553932
387	-1.76133805827
388	-1.43255682821
389	-12.9718964284
390	-1.6776117728
391	-1.33182123895
392	-14.4684781079
393	-5.84218233206
394	-1.68480988928
395	-9.18563308318
396	-1.39839159727
397	-1.43255682821
398	-12.4856651252
399	-1.49510612597
400	-1.5950067433
401	-1.58425911803
402	-1.39839159727
403	-1.33182123895
404	-10.0672021276
405	-1.76133805827
406	-1.33182123895
407	-16.754615919
408	-1.6776117728
409	-1.68480988928
410	-6.64151704658
411	-1.39839159727
412	-1.43255682821
413	-1.67485525953
414	-7.36829188033
415	-1.33182123895
416	-1.42441718685
417	-1.49510612597
418	-1.68480988928
419	-12.6385655215
420	-1.39839159727
421	-1.5950067433
422	-1.58425911803
423	-1.39839159727
424	-1.33182123895
425	-11.546440209
426	-8.91603125519
427	-8.74799308408
428	-1.32315553932
429	-1.49510612597
430	-1.43255682821
431	-7.76928768552
432	-8.33876641261
433	-1.5950067433
434	-1.67485525953
435	-1.76133805827
436	-1.5950067433
437	-1.67485525953
438	-1.39839159727
439	-1.33182123895
440	-6.84317845799
441	-1.39839159727
442	-1.5950067433
443	-15.407496745
444	-1.39839159727
445	-1.5950067433
446	-6.62642231286
447	-1.39839159727
448	-1.43255682821
449	-16.8041190183
450	-1.6776117728
451	-1.68480988928
452	-1.32315553932
453	-7.17440295414
454	-1.43255682821
455	-8.00806436522
456	-1.76133805827
457	-1.33182123895
458	-15.8251658002
459	-1.49510612597
460	-1.5950067433
461	-16.8473772558
462	-6.01889109936
463	-1.33182123895
464	-7.78146131929
465	-1.49510612597
466	-1.33182123895
467	-26.6589895624
468	-1.76133805827
469	-1.33182123895
470	-6.62642231286
471	-1.6776117728
472	-1.68480988928
473	-7.82046442876
474	-1.76133805827
475	-1.43255682821
476	-6.62642231286
477	-1.6776117728
478	-1.33182123895
479	-1.67485525953
480	-1.76133805827
481	-1.33182123895
482	-1.58425911803
483	-1.49510612597
484	-1.43255682821
485	-7.96679706843
486	-1.39839159727
487	-1.33182123895
488	-6.64755806306
