-7.982815654724613186e-01
-4.585328291312386617e-01
-8.217874360925696564e-01
2.135094063756041383e+00
1.852079655796063373e-01
1.235604736930917824e-01
-2.651502845708816558e+00
-4.513611872312607964e+00
-3.127043718799849437e+00
-4.067582896608398890e+00
-2.838137938225302026e+00
-3.160856731633804539e+00
-5.362145461334972829e+00
-5.400616747828103748e+00
-4.513333700624218459e+00
-3.217853400673210462e+00
-6.070906406736345851e+00
-4.469589089685129579e+00
-3.209584917069020715e+00
-5.793674563405880384e+00
