-8.016653219559441990e-01
-4.910429671559428666e-01
-8.456188106224877821e-01
2.793959593981564904e+00
-1.397009095805827661e+00
2.440482116585124928e+00
-8.343900075748811318e-01
-2.500511976642018741e+00
-4.818119419262834491e+00
-6.950029086976889481e+00
-4.037228399092454012e+00
-4.213013368737990483e+00
-5.648145006232442533e+00
-5.717549587412022127e+00
-5.955419696947759967e+00
-5.481588502189252310e+00
-6.563101650962006595e+00
-4.961222800835548341e+00
-5.504244853965942319e+00
-6.521331657029894480e+00
