-7.070877792959374686e-01
-5.211286473052682000e-01
-8.827318934782848459e-01
3.073718513048505852e+00
-6.927048953977854584e-01
2.514762642563746819e+00
-1.252563522436611265e+01
-3.912022995428146022e+00
-4.160971960445384532e+00
-6.319854608403433716e+00
-4.419316636686805744e+00
-4.301279402913500860e+00
-6.375310915101559672e+00
-6.236212361497943668e+00
-6.001878090475471161e+00
-5.275693383460362540e+00
-7.102941827399682495e+00
-5.294293596471808527e+00
-5.811642361724370431e+00
-6.787220315912282587e+00
