# log_p 	 lnL 	 
0.0	-1628.41295434	
-0.287682072452	-1628.40832935	
-0.510825623766	-1628.40179399	
-0.69314718056	-1628.39323997	
-0.847297860387	-1628.38270988	
-0.980829253012	-1628.37040518	
-1.09861228867	-1628.35660263	
-1.20397280433	-1628.34158862	
-1.29928298413	-1628.32562578	
-1.38629436112	-1628.30894101	
-1.46633706879	-1628.2917243	
-1.54044504095	-1628.27413213	
-1.60943791243	-1628.25629225	
-1.67397643357	-1628.23830849	
-1.73460105539	-1628.22026496	
-1.79175946923	-1628.20222973	
-1.8458266905	-1628.18425778	
-1.89711998489	-1628.1663934	
-1.94591014906	-1628.14867218	
-1.99243016469	-1628.13112257	
-2.03688192726	-1628.1137672	
-2.07944154168	-1628.09662385	
-2.1202635362	-1628.07970635	
-2.15948424935	-1628.06302526	
-2.19722457734	-1628.0465884	
-2.23359222151	-1628.03040136	
-2.26868354132	-1628.01446784	
-2.30258509299	-1627.99878999	
-2.33537491582	-1627.98336868	
-2.36712361413	-1627.96820369	
-2.3978952728	-1627.95329393	
-2.42774823595	-1627.93863757	
-2.45673577282	-1627.92423219	
-2.48490664979	-1627.91007486	
-2.51230562398	-1627.89616226	
-2.53897387106	-1627.88249076	
-2.56494935746	-1627.86905647	
-2.59026716545	-1627.85585529	
-2.61495977804	-1627.84288298	
-2.63905732962	-1627.83013521	
-2.66258782703	-1627.81760754	
-2.68557734525	-1627.80529552	
-2.7080502011	-1627.79319465	
-2.73002910782	-1627.78130046	
-2.75153531304	-1627.76960847	
-2.77258872224	-1627.75811424	
-2.79320800944	-1627.74681339	
-2.81341071676	-1627.73570157	
-2.83321334406	-1627.72477452	
-2.85263142991	-1627.71402803	
-2.87167962488	-1627.70345796	
-2.8903717579	-1627.69306026	
-2.90872089656	-1627.68283097	
-2.92673940207	-1627.67276619	
-2.94443897917	-1627.66286213	
-2.96183072188	-1627.65311507	
-2.97892515524	-1627.64352139	
-2.99573227355	-1627.63407755	
-3.01226157551	-1627.62478009	
-3.02852209638	-1627.61562567	
-3.04452243772	-1627.60661099	
-3.06027079469	-1627.59773287	
-3.07577498123	-1627.58898819	
-3.09104245336	-1627.58037394	
-3.10608033072	-1627.57188715	
-3.12089541651	-1627.56352498	
-3.13549421593	-1627.55528462	
-3.14988295338	-1627.54716336	
-3.16406758837	-1627.53915857	
-3.17805383035	-1627.53126767	
-3.19184715248	-1627.52348816	
-3.20545280454	-1627.51581762	
-3.21887582487	-1627.50825369	
-3.23212105162	-1627.50079406	
-3.24519313319	-1627.4934365	
-3.25809653802	-1627.48617883	
-3.2708355638	-1627.47901894	
-3.28341434601	-1627.47195478	
-3.295836866	-1627.46498434	
-3.3081069586	-1627.45810567	
-3.32022831913	-1627.45131688	
-3.33220451018	-1627.44461612	
-3.34403896782	-1627.43800161	
-3.35573500759	-1627.4314716	
-3.36729582999	-1627.42502439	
-3.37872452581	-1627.41865832	
-3.39002408106	-1627.41237178	
-3.40119738166	-1627.40616321	
-3.41224721785	-1627.40003109	
-3.42317628838	-1627.39397391	
-3.43398720449	-1627.38799024	
-3.4446824936	-1627.38207867	
-3.45526460293	-1627.37623783	
-3.4657359028	-1627.37046636	
-3.47609868984	-1627.36476298	
-3.48635519	-1627.3591264	
-3.49650756147	-1627.3535554	
-3.50655789732	-1627.34804875	
-3.51650822817	-1627.34260529	
-3.52636052462	-1627.33722386	
-3.53611669956	-1627.33190335	
-3.54577861047	-1627.32664266	
-3.55534806149	-1627.32144072	
-3.56482680544	-1627.3162965	
-3.57421654579	-1627.31120898	
-3.58351893846	-1627.30617717	
-3.59273559356	-1627.3012001	
-3.60186807712	-1627.29627683	
-3.61091791264	-1627.29140644	
-3.61988658263	-1627.28658802	
-3.62877553004	-1627.28182071	
-3.63758615973	-1627.27710363	
-3.6463198397	-1627.27243596	
-3.65497790244	-1627.26781687	
-3.66356164613	-1627.26324556	
-3.6720723358	-1627.25872124	
-3.68051120444	-1627.25424316	
-3.68887945411	-1627.24981057	
-3.69717825693	-1627.24542272	
-3.70540875607	-1627.24107892	
-3.7135720667	-1627.23677846	
-3.72166927694	-1627.23252065	
-3.72970144863	-1627.22830483	
-3.73766961828	-1627.22413034	
-3.74557479779	-1627.21999654	
-3.75341797525	-1627.21590281	
-3.76120011569	-1627.21184852	
-3.76892216179	-1627.20783309	
-3.77658503453	-1627.20385592	
-3.78418963392	-1627.19991644	
-3.79173683955	-1627.19601408	
-3.79922751128	-1627.19214829	
-3.80666248977	-1627.18831853	
-3.81404259707	-1627.18452427	
-3.82136863716	-1627.180765	
-3.82864139649	-1627.17704019	
-3.83586164446	-1627.17334937	
-3.84303013394	-1627.16969203	
-3.85014760171	-1627.16606769	
-3.85721476893	-1627.1624759	
-3.86423234159	-1627.15891619	
-3.87120101091	-1627.15538811	
-3.87812145375	-1627.15189121	
-3.88499433304	-1627.14842506	
-3.89182029811	-1627.14498924	
-3.8985999851	-1627.14158334	
-3.90533401728	-1627.13820693	
-3.91202300543	-1627.13485962	
-3.91866754815	-1627.13154102	
-3.92526823218	-1627.12825074	
-3.93182563272	-1627.1249884	
-3.93834031375	-1627.12175362	
-3.94481282825	-1627.11854605	
-3.95124371858	-1627.11536532	
-3.95763351668	-1627.11221108	
-3.96398274436	-1627.10908299	
-3.97029191355	-1627.1059807	
-3.97656152657	-1627.10290388	
-3.98279207632	-1627.09985221	
-3.98898404656	-1627.09682536	
-3.99513791214	-1627.09382302	
-4.00125413916	-1627.09084487	
-4.00733318523	-1627.08789061	
-4.01337549969	-1627.08495994	
-4.01938152375	-1627.08205257	
-4.02535169074	-1627.0791682	
-4.03128642625	-1627.07630656	
-4.03718614838	-1627.07346736	
-4.04305126783	-1627.07065032	
-4.04888218815	-1627.06785519	
-4.05467930583	-1627.06508168	
-4.06044301055	-1627.06232954	
-4.06617368526	-1627.05959852	
-4.07187170637	-1627.05688835	
-4.07753744391	-1627.0541988	
-4.08317126162	-1627.05152961	
-4.08877351717	-1627.04888055	
-4.09434456222	-1627.04625138	
-4.0998847426	-1627.04364187	
-4.10539439841	-1627.04105178	
-4.11087386417	-1627.0384809	
-4.11632346894	-1627.035929	
-4.12174353641	-1627.03339586	
-4.12713438505	-1627.03088126	
-4.13249632819	-1627.02838501	
-4.13782967416	-1627.02590688	
-4.14313472639	-1627.02344668	
-4.14841178349	-1627.0210042	
-4.15366113938	-1627.01857924	
-4.15888308336	-1627.01617161	
-4.16407790024	-1627.01378111	
-4.1692458704	-1627.01140756	
-4.1743872699	-1627.00905077	
-4.17950237056	-1627.00671056	
-4.18459144007	-1627.00438674	
-4.18965474203	-1627.00207913	
-4.19469253606	-1626.99978757	
-4.19970507788	-1626.99751187	
-4.20469261939	-1626.99525187	
-4.20965540873	-1626.9930074	
-4.21459369037	-1626.99077829	
-4.21950770518	-1626.98856438	
-4.22439769047	-1626.98636551	
-4.22926388012	-1626.98418152	
-4.2341065046	-1626.98201226	
-4.23892579103	-1626.97985756	
-4.2437219633	-1626.97771729	
-4.24849524205	-1626.97559129	
-4.25324584481	-1626.97347941	
-4.257973986	-1626.9713815	
-4.26267987704	-1626.96929743	
-4.26736372635	-1626.96722705	
-4.27202573946	-1626.96517023	
-4.27666611902	-1626.96312682	
-4.28128506487	-1626.9610967	
-4.28588277412	-1626.95907972	
-4.29045944115	-1626.95707575	
-4.29501525768	-1626.95508467	
-4.29955041285	-1626.95310635	
-4.3040650932	-1626.95114066	
-4.30855948279	-1626.94918748	
-4.31303376319	-1626.94724668	
-4.31748811354	-1626.94531814	
-4.3219227106	-1626.94340174	
-4.32633772881	-1626.94149737	
-4.33073334029	-1626.93960491	
-4.33510971489	-1626.93772424	
-4.33946702026	-1626.93585525	
-4.34380542185	-1626.93399783	
-4.348125083	-1626.93215186	
-4.3524261649	-1626.93031724	
-4.35670882669	-1626.92849386	
-4.36097322548	-1626.92668162	
-4.36521951636	-1626.9248804	
-4.36944785247	-1626.92309011	
-4.373658385	-1626.92131065	
-4.37785126326	-1626.91954191	
-4.38202663467	-1626.91778378	
-4.38618464482	-1626.91603619	
-4.39032543749	-1626.91429902	
-4.39444915467	-1626.91257218	
-4.39855593663	-1626.91085558	
-4.40264592188	-1626.90914913	
-4.40671924726	-1626.90745272	
-4.41077604796	-1626.90576628	
-4.4148164575	-1626.9040897	
-4.4188406078	-1626.90242291	
-4.42284862919	-1626.90076581	
-4.42684065046	-1626.89911831	
-4.43081679884	-1626.89748034	
-4.43477720006	-1626.8958518	
-4.43872197835	-1626.89423262	
-4.44265125649	-1626.8926227	
-4.44656515581	-1626.89102197	
-4.45046379623	-1626.88943035	
-4.45434729625	-1626.88784776	
-4.45821577303	-1626.88627412	
-4.46206934235	-1626.88470934	
-4.46590811865	-1626.88315337	
-4.46973221509	-1626.88160611	
-4.47354174351	-1626.88006749	
-4.47733681448	-1626.87853745	
-4.48111753732	-1626.87701589	
-4.48488402011	-1626.87550277	
-4.48863636973	-1626.87399799	
-4.49237469184	-1626.8725015	
-4.49609909093	-1626.87101321	
-4.49980967033	-1626.86953307	
-4.50350653221	-1626.868061	
-4.50718977763	-1626.86659694	
-4.51085950652	-1626.86514081	
-4.51451581772	-1626.86369256	
-4.518158809	-1626.86225212	
-4.52178857705	-1626.86081942	
-4.52540521752	-1626.8593944	
-4.52900882502	-1626.85797699	
-4.53259949315	-1626.85656714	
-4.5361773145	-1626.85516478	
-4.53974238067	-1626.85376985	
-4.54329478227	-1626.85238229	
-4.54683460898	-1626.85100204	
-4.55036194949	-1626.84962904	
-4.5538768916	-1626.84826324	
-4.55737952215	-1626.84690457	
-4.56086992709	-1626.84555298	
-4.56434819147	-1626.84420841	
-4.56781439944	-1626.84287081	
-4.57126863431	-1626.84154011	
-4.5747109785	-1626.84021628	
-4.5781415136	-1626.83889924	
-4.58156032035	-1626.83758896	
-4.58496747867	-1626.83628537	
-4.58836306767	-1626.83498842	
-4.59174716566	-1626.83369806	
-4.59511985013	-1626.83241424	
-4.59848119784	-1626.83113692	
-4.60183128472	-1626.82986603	
-4.60517018599	-1626.82860153	
-4.60849797608	-1626.82734336	
-4.61181472871	-1626.8260915	
-4.61512051684	-1626.82484587	
-4.61841541274	-1626.82360644	
-4.62169948794	-1626.82237316	
-4.62497281328	-1626.82114598	
-4.62823545892	-1626.81992485	
-4.63148749431	-1626.81870974	
-4.63472898823	-1626.81750059	
-4.63796000881	-1626.81629736	
-4.64118062351	-1626.8151	
-4.64439089914	-1626.81390848	
-4.64759090187	-1626.81272275	
-4.65078069724	-1626.81154276	
-4.65396035016	-1626.81036847	
-4.65712992492	-1626.80919984	
-4.66028948521	-1626.80803684	
-4.66343909411	-1626.80687941	
-4.66657881412	-1626.80572751	
-4.66970870713	-1626.80458112	
-4.67282883446	-1626.80344018	
-4.67593925688	-1626.80230465	
-4.67904003455	-1626.80117451	
-4.68213122712	-1626.8000497	
-4.68521289366	-1626.79893019	
-4.6882850927	-1626.79781594	
-4.69134788223	-1626.79670692	
-4.69440131972	-1626.79560309	
-4.6974454621	-1626.7945044	
-4.70048036579	-1626.79341083	
-4.70350608671	-1626.79232233	
-4.70652268025	-1626.79123887	
-4.70953020131	-1626.79016042	
-4.71252870431	-1626.78908694	
-4.71551824316	-1626.78801839	
-4.7184988713	-1626.78695474	
-4.72147064168	-1626.78589596	
-4.72443360681	-1626.78484201	
-4.72738781871	-1626.78379286	
-4.73033332894	-1626.78274848	
-4.73327018862	-1626.78170882	
-4.73619844839	-1626.78067387	
-4.7391181585	-1626.77964358	
-4.74202936871	-1626.77861792	
-4.74493212836	-1626.77759687	
-4.74782648639	-1626.77658039	
-4.75071249128	-1626.77556845	
-4.75359019111	-1626.77456102	
-4.75645963353	-1626.77355807	
-4.75932086582	-1626.77255957	
-4.7621739348	-1626.77156549	
-4.76501888693	-1626.77057579	
-4.76785576827	-1626.76959045	
-4.77068462447	-1626.76860944	
-4.77350550081	-1626.76763274	
-4.77631844218	-1626.7666603	
-4.77912349311	-1626.76569211	
-4.78192069773	-1626.76472813	
-4.78471009982	-1626.76376834	
-4.78749174278	-1626.76281272	
-4.79026566966	-1626.76186122	
-4.79303192316	-1626.76091383	
-4.7957905456	-1626.75997051	
-4.79854157897	-1626.75903125	
-4.80128506491	-1626.75809601	
-4.80402104473	-1626.75716477	
-4.80674955939	-1626.7562375	
-4.8094706495	-1626.75531418	
-4.81218435537	-1626.75439478	
-4.81489071697	-1626.75347928	
-4.81758977394	-1626.75256764	
-4.82028156561	-1626.75165986	
-4.82296613098	-1626.75075589	
-4.82564350875	-1626.74985572	
-4.8283137373	-1626.74895932	
-4.83097685472	-1626.74806667	
-4.83363289878	-1626.74717775	
-4.83628190695	-1626.74629252	
-4.83892391641	-1626.74541097	
-4.84155896405	-1626.74453308	
-4.84418708646	-1626.74365882	
-4.84680831994	-1626.74278817	
-4.84942270051	-1626.7419211	
-4.85203026392	-1626.74105759	
-4.85463104562	-1626.74019763	
-4.8572250808	-1626.73934118	
-4.85981240436	-1626.73848823	
-4.86239305096	-1626.73763876	
-4.86496705495	-1626.73679274	
-4.86753445046	-1626.73595015	
-4.87009527132	-1626.73511097	
-4.87264955112	-1626.73427518	
-4.8751973232	-1626.73344277	
-4.87773862063	-1626.7326137	
-4.88027347623	-1626.73178795	
-4.88280192259	-1626.73096552	
-4.88532399202	-1626.73014637	
-4.88783971662	-1626.7293305	
-4.89034912822	-1626.72851787	
-4.89285225844	-1626.72770846	
-4.89534913864	-1626.72690227	
-4.89783979995	-1626.72609927	
-4.90032427328	-1626.72529943	
-4.90280258929	-1626.72450275	
-4.90527477844	-1626.7237092	
-4.90774087093	-1626.72291877	
-4.91020089677	-1626.72213142	
-4.91265488574	-1626.72134716	
-4.91510286737	-1626.72056595	
-4.91754487103	-1626.71978779	
-4.91998092583	-1626.71901264	
-4.92241106068	-1626.71824051	
-4.92483530429	-1626.71747135	
-4.92725368516	-1626.71670517	
-4.92966623156	-1626.71594194	
-4.93207297159	-1626.71518164	
-4.93447393313	-1626.71442427	
-4.93686914386	-1626.71366979	
-4.93925863125	-1626.71291819	
-4.94164242261	-1626.71216947	
-4.94402054501	-1626.71142359	
-4.94639302537	-1626.71068055	
-4.94875989038	-1626.70994032	
-4.95112116656	-1626.7092029	
-4.95347688026	-1626.70846826	
-4.9558270576	-1626.70773639	
-4.95817172456	-1626.70700727	
-4.96051090691	-1626.70628089	
-4.96284463026	-1626.70555723	
-4.96517292002	-1626.70483628	
-4.96749580144	-1626.70411802	
-4.96981329958	-1626.70340244	
-4.97212543933	-1626.70268952	
-4.97443224543	-1626.70197924	
-4.97673374242	-1626.7012716	
-4.97902995468	-1626.70056657	
-4.98132090643	-1626.69986414	
-4.98360662171	-1626.6991643	
-4.98588712441	-1626.69846703	
-4.98816243824	-1626.69777232	
-4.99043258678	-1626.69708015	
-4.99269759341	-1626.69639052	
-4.99495748138	-1626.69570339	
-4.99721227376	-1626.69501878	
-4.9994619935	-1626.69433664	
-5.00170666335	-1626.69365699	
-5.00394630595	-1626.69297979	
-5.00618094375	-1626.69230504	
-5.00841059907	-1626.69163273	
-5.0106352941	-1626.69096283	
-5.01285505083	-1626.69029535	
-5.01506989116	-1626.68963025	
-5.01727983681	-1626.68896754	
-5.01948490937	-1626.6883072	
-5.02168513028	-1626.68764921	
-5.02388052085	-1626.68699357	
-5.02607110223	-1626.68634025	
-5.02825689545	-1626.68568925	
-5.03043792139	-1626.68504056	
-5.03261420082	-1626.68439416	
-5.03478575433	-1626.68375004	
-5.03695260241	-1626.68310819	
-5.03911476542	-1626.68246859	
-5.04127226356	-1626.68183124	
-5.04342511692	-1626.68119612	
-5.04557334546	-1626.68056322	
-5.047716969	-1626.67993253	
-5.04985600725	-1626.67930404	
-5.05199047978	-1626.67867773	
-5.05412040604	-1626.6780536	
-5.05624580535	-1626.67743163	
-5.05836669692	-1626.67681181	
-5.06048309982	-1626.67619412	
-5.06259503303	-1626.67557857	
-5.06470251537	-1626.67496514	
-5.06680556556	-1626.67435381	
-5.06890420222	-1626.67374457	
-5.07099844382	-1626.67313742	
-5.07308830874	-1626.67253235	
-5.07517381523	-1626.67192934	
-5.07725498144	-1626.67132838	
-5.07933182538	-1626.67072946	
-5.08140436498	-1626.67013257	
-5.08347261805	-1626.66953771	
-5.08553660227	-1626.66894485	
-5.08759633523	-1626.668354	
-5.08965183441	-1626.66776513	
-5.09170311719	-1626.66717825	
-5.09375020081	-1626.66659333	
-5.09579310244	-1626.66601038	
-5.09783183913	-1626.66542937	
-5.09986642782	-1626.66485031	
-5.10189688537	-1626.66427317	
-5.10392322852	-1626.66369795	
-5.1059454739	-1626.66312465	
-5.10796363806	-1626.66255325	
-5.10997773743	-1626.66198374	
-5.11198778836	-1626.66141611	
-5.11399380708	-1626.66085035	
-5.11599580975	-1626.66028646	
-5.11799381242	-1626.65972442	
-5.11998783102	-1626.65916422	
-5.12197788143	-1626.65860586	
-5.1239639794	-1626.65804933	
-5.12594614061	-1626.65749462	
-5.12792438062	-1626.65694171	
-5.12989871492	-1626.65639061	
-5.13186915891	-1626.65584129	
-5.13383572788	-1626.65529376	
-5.13579843705	-1626.654748	
-5.13775730154	-1626.654204	
-5.13971233637	-1626.65366176	
-5.1416635565	-1626.65312127	
-5.14361097679	-1626.65258252	
-5.145554612	-1626.65204549	
-5.14749447681	-1626.65151019	
-5.14943058584	-1626.65097661	
-5.15136295359	-1626.65044472	
-5.1532915945	-1626.64991454	
-5.15521652291	-1626.64938604	
-5.15713775309	-1626.64885923	
-5.15905529921	-1626.64833409	
-5.1609691754	-1626.64781061	
-5.16287939565	-1626.64728879	
-5.16478597392	-1626.64676861	
-5.16668892407	-1626.64625008	
-5.16858825987	-1626.64573318	
-5.17048399504	-1626.64521791	
-5.17237614319	-1626.64470426	
-5.17426471788	-1626.64419221	
-5.17614973257	-1626.64368177	
-5.17803120067	-1626.64317292	
-5.1799091355	-1626.64266566	
-5.18178355029	-1626.64215997	
-5.18365445823	-1626.64165586	
-5.1855218724	-1626.64115332	
-5.18738580584	-1626.64065233	
-5.18924627149	-1626.64015289	
-5.19110328224	-1626.639655	
-5.19295685089	-1626.63915864	
-5.19480699018	-1626.63866381	
-5.19665371277	-1626.6381705	
-5.19849703127	-1626.63767871	
-5.20033695819	-1626.63718842	
-5.202173506	-1626.63669963	
-5.20400668708	-1626.63621234	
-5.20583651375	-1626.63572653	
-5.20766299828	-1626.63524221	
-5.20948615284	-1626.63475935	
-5.21130598956	-1626.63427796	
-5.21312252048	-1626.63379803	
-5.21493575761	-1626.63331956	
-5.21674571285	-1626.63284253	
-5.21855239808	-1626.63236694	
-5.22035582508	-1626.63189278	
-5.22215600558	-1626.63142005	
-5.22395295126	-1626.63094874	
-5.22574667371	-1626.63047884	
-5.22753718449	-1626.63001035	
-5.22932449506	-1626.62954326	
-5.23110861685	-1626.62907757	
-5.23288956123	-1626.62861326	
-5.23466733947	-1626.62815033	
-5.23644196283	-1626.62768878	
-5.23821344248	-1626.6272286	
-5.23998178954	-1626.62676978	
-5.24174701506	-1626.62631232	
-5.24350913005	-1626.62585621	
-5.24526814546	-1626.62540145	
-5.24702407216	-1626.62494803	
-5.24877692099	-1626.62449593	
-5.25052670271	-1626.62404517	
-5.25227342805	-1626.62359573	
-5.25401710765	-1626.6231476	
-5.25575775213	-1626.62270078	
-5.25749537203	-1626.62225527	
-5.25922997784	-1626.62181105	
-5.26096158	-1626.62136813	
-5.2626901889	-1626.62092649	
-5.26441581487	-1626.62048614	
-5.26613846818	-1626.62004706	
-5.26785815906	-1626.61960925	
-5.26957489768	-1626.6191727	
-5.27128869416	-1626.61873741	
-5.27299955856	-1626.61830338	
-5.27470750091	-1626.61787059	
-5.27641253116	-1626.61743905	
-5.27811465923	-1626.61700875	
-5.27981389498	-1626.61657967	
-5.28151024823	-1626.61615182	
-5.28320372874	-1626.6157252	
-5.28489434622	-1626.61529979	
-5.28658211033	-1626.61487559	
-5.28826703069	-1626.61445259	
-5.28994911688	-1626.6140308	
-5.2916283784	-1626.6136102	
-5.29330482472	-1626.61319079	
-5.29497846528	-1626.61277257	
-5.29664930945	-1626.61235553	
-5.29831736655	-1626.61193966	
-5.29998264587	-1626.61152496	
-5.30164515664	-1626.61111142	
-5.30330490806	-1626.61069905	
-5.30496190927	-1626.61028783	
-5.30661616936	-1626.60987776	
-5.3082676974	-1626.60946884	
-5.30991650239	-1626.60906106	
-5.3115625933	-1626.60865441	
-5.31320597904	-1626.6082489	
-5.3148466685	-1626.60784451	
-5.3164846705	-1626.60744124	
-5.31811999384	-1626.60703909	
-5.31975264727	-1626.60663805	
-5.32138263948	-1626.60623811	
-5.32300997914	-1626.60583929	
-5.32463467487	-1626.60544155	
-5.32625673524	-1626.60504492	
-5.32787616879	-1626.60464937	
-5.32949298402	-1626.60425491	
-5.33110718937	-1626.60386152	
-5.33271879327	-1626.60346922	
-5.33432780407	-1626.60307798	
-5.33593423012	-1626.60268781	
-5.3375380797	-1626.60229871	
-5.33913936107	-1626.60191066	
-5.34073808243	-1626.60152366	
-5.34233425196	-1626.60113772	
-5.3439278778	-1626.60075282	
-5.34551896803	-1626.60036896	
-5.34710753072	-1626.59998614	
-5.34869357387	-1626.59960435	
-5.35027710548	-1626.59922358	
-5.35185813348	-1626.59884385	
-5.35343666577	-1626.59846513	
-5.35501271022	-1626.59808743	
-5.35658627467	-1626.59771074	
-5.3581573669	-1626.59733505	
-5.35972599468	-1626.59696037	
-5.36129216571	-1626.5965867	
-5.36285588769	-1626.59621401	
-5.36441716825	-1626.59584232	
-5.36597601502	-1626.59547161	
-5.36753243557	-1626.59510189	
-5.36908643744	-1626.59473315	
-5.37063802813	-1626.59436538	
-5.37218721511	-1626.59399859	
-5.37373400583	-1626.59363276	
-5.37527840768	-1626.5932679	
-5.37682042804	-1626.59290399	
-5.37836007422	-1626.59254105	
-5.37989735354	-1626.59217905	
-5.38143227326	-1626.59181801	
-5.38296484061	-1626.59145791	
-5.38449506279	-1626.59109875	
-5.38602294697	-1626.59074053	
-5.38754850028	-1626.59038324	
-5.38907172982	-1626.59002689	
-5.39059264266	-1626.58967146	
-5.39211124583	-1626.58931695	
-5.39362754635	-1626.58896336	
-5.39514155118	-1626.58861069	
-5.39665326727	-1626.58825893	
-5.39816270152	-1626.58790808	
-5.39966986081	-1626.58755814	
-5.40117475199	-1626.58720909	
-5.40267738187	-1626.58686095	
-5.40417775725	-1626.5865137	
-5.40567588487	-1626.58616734	
-5.40717177146	-1626.58582186	
-5.40866542372	-1626.58547728	
-5.4101568483	-1626.58513357	
-5.41164605186	-1626.58479074	
-5.41313304098	-1626.58444878	
-5.41461782224	-1626.5841077	
-5.4161004022	-1626.58376748	
-5.41758078737	-1626.58342813	
-5.41905898424	-1626.58308964	
-5.42053499927	-1626.582752	
-5.42200883889	-1626.58241522	
-5.4234805095	-1626.58207929	
-5.42495001748	-1626.58174421	
-5.42641736918	-1626.58140997	
-5.4278825709	-1626.58107657	
-5.42934562895	-1626.58074402	
-5.43080654959	-1626.58041229	
-5.43226533906	-1626.5800814	
-5.43372200355	-1626.57975134	
-5.43517654927	-1626.5794221	
-5.43662898235	-1626.57909369	
-5.43807930892	-1626.57876609	
-5.4395275351	-1626.57843931	
-5.44097366695	-1626.57811334	
-5.44241771052	-1626.57778819	
-5.44385967184	-1626.57746384	
-5.4452995569	-1626.57714029	
-5.44673737167	-1626.57681755	
-5.44817312209	-1626.5764956	
-5.44960681409	-1626.57617445	
-5.45103845357	-1626.57585409	
-5.45246804638	-1626.57553452	
-5.45389559837	-1626.57521574	
-5.45532111536	-1626.57489774	
-5.45674460314	-1626.57458052	
-5.45816606749	-1626.57426407	
-5.45958551414	-1626.57394841	
-5.46100294883	-1626.57363351	
-5.46241837723	-1626.57331938	
-5.46383180503	-1626.57300602	
-5.46524323786	-1626.57269342	
-5.46665268137	-1626.57238159	
-5.46806014114	-1626.57207051	
-5.46946562274	-1626.57176018	
-5.47086913175	-1626.57145061	
-5.47227067367	-1626.57114179	
-5.47367025403	-1626.57083371	
-5.47506787829	-1626.57052638	
-5.47646355193	-1626.57021979	
-5.47785728038	-1626.56991394	
-5.47924906905	-1626.56960882	
-5.48063892334	-1626.56930444	
-5.48202684862	-1626.56900079	
-5.48341285022	-1626.56869786	
-5.48479693349	-1626.56839566	
-5.48617910372	-1626.56809419	
-5.48755936619	-1626.56779343	
-5.48893772616	-1626.56749339	
-5.49031418887	-1626.56719407	
-5.49168875953	-1626.56689546	
-5.49306144334	-1626.56659756	
-5.49443224547	-1626.56630036	
-5.49580117108	-1626.56600387	
-5.49716822529	-1626.56570809	
-5.49853341322	-1626.565413	
-5.49989673995	-1626.56511861	
-5.50125821054	-1626.56482491	
-5.50261783006	-1626.56453191	
-5.50397560352	-1626.5642396	
-5.50533153593	-1626.56394797	
-5.50668563228	-1626.56365703	
-5.50803789753	-1626.56336677	
-5.50938833663	-1626.56307719	
-5.5107369545	-1626.56278829	
-5.51208375605	-1626.56250007	
-5.51342874616	-1626.56221251	
-5.51477192971	-1626.56192563	
-5.51611331154	-1626.56163942	
-5.51745289646	-1626.56135387	
-5.51879068931	-1626.56106899	
-5.52012669485	-1626.56078476	
-5.52146091786	-1626.5605012	
-5.5227933631	-1626.56021829	
-5.52412403528	-1626.55993604	
-5.52545293913	-1626.55965444	
-5.52678007934	-1626.55937349	
-5.52810546058	-1626.55909318	
-5.52942908751	-1626.55881352	
-5.53075096477	-1626.55853451	
-5.53207109697	-1626.55825613	
-5.53338948873	-1626.5579784	
-5.53470614461	-1626.5577013	
-5.53602106919	-1626.55742483	
-5.53733426702	-1626.557149	
-5.53864574262	-1626.5568738	
-5.5399555005	-1626.55659922	
-5.54126354516	-1626.55632527	
-5.54256988107	-1626.55605194	
-5.5438745127	-1626.55577924	
-5.54517744448	-1626.55550715	
-5.54647868084	-1626.55523568	
-5.54777822618	-1626.55496483	
-5.5490760849	-1626.55469458	
-5.55037226136	-1626.55442495	
-5.55166675992	-1626.55415593	
-5.55295958492	-1626.55388751	
-5.55425074069	-1626.5536197	
-5.55554023152	-1626.55335249	
-5.5568280617	-1626.55308588	
-5.55811423551	-1626.55281987	
-5.5593987572	-1626.55255446	
-5.56068163102	-1626.55228964	
-5.56196286117	-1626.55202541	
-5.56324245188	-1626.55176178	
-5.56452040732	-1626.55149873	
-5.56579673168	-1626.55123627	
-5.56707142911	-1626.55097439	
-5.56834450376	-1626.55071309	
-5.56961595975	-1626.55045238	
-5.57088580119	-1626.55019224	
-5.57215403218	-1626.54993268	
-5.57342065679	-1626.5496737	
-5.5746856791	-1626.54941529	
-5.57594910315	-1626.54915744	
-5.57721093297	-1626.54890017	
-5.57847117258	-1626.54864347	
-5.57972982599	-1626.54838733	
-5.58098689718	-1626.54813175	
-5.58224239012	-1626.54787674	
-5.58349630878	-1626.54762228	
-5.5847486571	-1626.54736838	
-5.585999439	-1626.54711504	
-5.5872486584	-1626.54686225	
-5.5884963192	-1626.54661002	
-5.58974242528	-1626.54635833	
-5.59098698051	-1626.5461072	
-5.59222998875	-1626.54585661	
-5.59347145384	-1626.54560656	
-5.5947113796	-1626.54535706	
-5.59594976985	-1626.5451081	
-5.59718662839	-1626.54485968	
-5.598421959	-1626.5446118	
-5.59965576545	-1626.54436446	
-5.60088805149	-1626.54411765	
-5.60211882088	-1626.54387137	
-5.60334807733	-1626.54362562	
-5.60457582457	-1626.5433804	
-5.6058020663	-1626.54313571	
-5.60702680619	-1626.54289155	
-5.60825004793	-1626.54264791	
-5.60947179518	-1626.54240479	
-5.61069205159	-1626.54216219	
-5.61191082078	-1626.54192012	
-5.61312810639	-1626.54167855	
-5.61434391201	-1626.54143751	
-5.61555824124	-1626.54119698	
-5.61677109767	-1626.54095696	
-5.61798248485	-1626.54071745	
-5.61919240636	-1626.54047846	
-5.62040086572	-1626.54023997	
-5.62160786647	-1626.54000198	
-5.62281341212	-1626.5397645	
-5.62401750619	-1626.53952752	
-5.62522015215	-1626.53929105	
-5.6264213535	-1626.53905507	
-5.62762111369	-1626.53881959	
-5.62881943618	-1626.53858461	
-5.63001632442	-1626.53835012	
-5.63121178182	-1626.53811613	
-5.63240581181	-1626.53788262	
-5.6335984178	-1626.53764961	
-5.63478960317	-1626.53741709	
-5.6359793713	-1626.53718505	
-5.63716772557	-1626.5369535	
-5.63835466933	-1626.53672243	
-5.63954020593	-1626.53649184	
-5.64072433869	-1626.53626174	
-5.64190707094	-1626.53603211	
-5.64308840598	-1626.53580297	
-5.64426834712	-1626.53557429	
-5.64544689764	-1626.5353461	
-5.64662406082	-1626.53511838	
-5.64779983991	-1626.53489113	
-5.64897423816	-1626.53466434	
-5.65014725882	-1626.53443803	
-5.65131890512	-1626.53421219	
-5.65248918027	-1626.53398681	
-5.65365808747	-1626.5337619	
-5.65482562993	-1626.53353745	
-5.65599181082	-1626.53331346	
-5.65715663332	-1626.53308993	
-5.65832010058	-1626.53286687	
-5.65948221576	-1626.53264426	
-5.660642982	-1626.5324221	
-5.66180240242	-1626.5322004	
-5.66296048014	-1626.53197915	
-5.66411721826	-1626.53175836	
-5.66527261989	-1626.53153801	
-5.66642668811	-1626.53131812	
-5.66757942599	-1626.53109867	
-5.6687308366	-1626.53087967	
-5.66988092298	-1626.53066111	
-5.67102968818	-1626.530443	
-5.67217713524	-1626.53022533	
-5.67332326717	-1626.5300081	
-5.67446808699	-1626.52979131	
-5.67561159769	-1626.52957496	
-5.67675380227	-1626.52935904	
-5.6778947037	-1626.52914356	
-5.67903430497	-1626.52892852	
-5.68017260902	-1626.52871391	
-5.6813096188	-1626.52849973	
-5.68244533727	-1626.52828598	
-5.68357976734	-1626.52807266	
-5.68471291194	-1626.52785976	
-5.68584477397	-1626.5276473	
-5.68697535634	-1626.52743526	
-5.68810466194	-1626.52722364	
-5.68923269364	-1626.52701244	
-5.69035945432	-1626.52680167	
-5.69148494685	-1626.52659132	
-5.69260917406	-1626.52638138	
-5.6937321388	-1626.52617187	
-5.69485384391	-1626.52596277	
-5.69597429221	-1626.52575408	
-5.69709348651	-1626.52554581	
-5.69821142961	-1626.52533795	
-5.69932812431	-1626.5251305	
-5.70044357339	-1626.52492346	
-5.70155777963	-1626.52471684	
-5.7026707458	-1626.52451061	
-5.70378247466	-1626.5243048	
-5.70489296894	-1626.52409939	
-5.70600223139	-1626.52389439	
-5.70711026475	-1626.52368978	
-5.70821707172	-1626.52348558	
-5.70932265503	-1626.52328178	
-5.71042701737	-1626.52307838	
-5.71153016145	-1626.52287538	
-5.71263208993	-1626.52267278	
-5.71373280551	-1626.52247057	
-5.71483231084	-1626.52226875	
-5.71593060859	-1626.52206733	
-5.71702770141	-1626.5218663	
-5.71812359193	-1626.52166567	
-5.71921828279	-1626.52146542	
-5.72031177661	-1626.52126556	
-5.72140407601	-1626.52106609	
-5.72249518359	-1626.52086701	
-5.72358510195	-1626.52066831	
-5.72467383369	-1626.52046999	
-5.72576138137	-1626.52027206	
-5.72684774759	-1626.52007451	
-5.72793293489	-1626.51987735	
-5.72901694583	-1626.51968056	
-5.73009978297	-1626.51948415	
-5.73118144884	-1626.51928812	
-5.73226194598	-1626.51909246	
-5.7333412769	-1626.51889719	
-5.73441944412	-1626.51870228	
-5.73549645015	-1626.51850775	
-5.73657229748	-1626.51831359	
-5.73764698861	-1626.51811981	
-5.73872052602	-1626.51792639	
-5.73979291218	-1626.51773334	
-5.74086414956	-1626.51754066	
-5.74193424062	-1626.51734835	
-5.74300318781	-1626.5171564	
-5.74407099357	-1626.51696482	
-5.74513766034	-1626.5167736	
-5.74620319054	-1626.51658275	
-5.7472675866	-1626.51639225	
-5.74833085092	-1626.51620212	
-5.74939298591	-1626.51601235	
-5.75045399397	-1626.51582294	
-5.75151387748	-1626.51563388	
-5.75257263883	-1626.51544518	
-5.75363028038	-1626.51525684	
-5.75468680452	-1626.51506885	
-5.75574221359	-1626.51488121	
-5.75679650994	-1626.51469393	
-5.75784969593	-1626.514507	
-5.75890177388	-1626.51432042	
-5.75995274612	-1626.51413419	
-5.76100261499	-1626.5139483	
-5.76205138278	-1626.51376277	
-5.76309905181	-1626.51357758	
-5.76414562438	-1626.51339274	
-5.76519110278	-1626.51320824	
-5.7662354893	-1626.51302409	
-5.76727878622	-1626.51284028	
-5.76832099579	-1626.51265681	
-5.7693621203	-1626.51247369	
-5.770402162	-1626.5122909	
-5.77144112313	-1626.51210845	
-5.77247900594	-1626.51192634	
-5.77351581267	-1626.51174457	
-5.77455154554	-1626.51156313	
-5.77558620679	-1626.51138203	
-5.77661979861	-1626.51120126	
-5.77765232322	-1626.51102083	
-5.77868378283	-1626.51084073	
-5.77971417962	-1626.51066096	
-5.78074351579	-1626.51048152	
-5.78177179352	-1626.51030241	
-5.78279901497	-1626.51012363	
-5.78382518233	-1626.50994518	
-5.78485029774	-1626.50976705	
-5.78587436337	-1626.50958925	
-5.78689738137	-1626.50941178	
-5.78791935386	-1626.50923463	
-5.788940283	-1626.50905781	
-5.7899601709	-1626.5088813	
-5.79097901969	-1626.50870512	
-5.79199683148	-1626.50852926	
-5.79301360838	-1626.50835372	
-5.7940293525	-1626.5081785	
-5.79504406593	-1626.50800359	
-5.79605775077	-1626.50782901	
-5.79707040908	-1626.50765474	
-5.79808204295	-1626.50748078	
-5.79909265446	-1626.50730714	
-5.80010224566	-1626.50713382	
-5.80111081862	-1626.5069608	
-5.80211837538	-1626.5067881	
-5.80312491799	-1626.50661571	
-5.80413044849	-1626.50644364	
-5.80513496892	-1626.50627187	
-5.80613848129	-1626.50610041	
-5.80714098764	-1626.50592925	
-5.80814248998	-1626.50575841	
-5.80914299031	-1626.50558787	
