# log_p 	 lnL 	 
0.0	-1744.08487743	
-0.287682072452	-1743.89949538	
-0.510825623766	-1743.69640541	
-0.69314718056	-1743.55130066	
-0.847297860387	-1743.45773369	
-0.980829253012	-1743.40114979	
-1.09861228867	-1743.36991397	
-1.20397280433	-1743.35587946	
-1.29928298413	-1743.35353144	
-1.38629436112	-1743.35916771	
-1.46633706879	-1743.37030093	
-1.54044504095	-1743.38525124	
-1.60943791243	-1743.40287495	
-1.67397643357	-1743.42238521	
-1.73460105539	-1743.44323381	
-1.79175946923	-1743.46503312	
-1.8458266905	-1743.48750452	
-1.89711998489	-1743.51044404	
-1.94591014906	-1743.53369951	
-1.99243016469	-1743.55715516	
-2.03688192726	-1743.58072117	
-2.07944154168	-1743.60432665	
-2.1202635362	-1743.62791465	
-2.15948424935	-1743.6514388	
-2.19722457734	-1743.6748609	
-2.23359222151	-1743.69814917	
-2.26868354132	-1743.72127698	
-2.30258509299	-1743.74422198	
-2.33537491582	-1743.76696529	
-2.36712361413	-1743.78949104	
-2.3978952728	-1743.81178587	
-2.42774823595	-1743.83383864	
-2.45673577282	-1743.8556401	
-2.48490664979	-1743.87718264	
-2.51230562398	-1743.89846015	
-2.53897387106	-1743.91946778	
-2.56494935746	-1743.94020183	
-2.59026716545	-1743.96065958	
-2.61495977804	-1743.98083921	
-2.63905732962	-1744.00073968	
-2.66258782703	-1744.02036065	
-2.68557734525	-1744.03970236	
-2.7080502011	-1744.05876561	
-2.73002910782	-1744.07755167	
-2.75153531304	-1744.09606219	
-2.77258872224	-1744.11429922	
-2.79320800944	-1744.13226509	
-2.81341071676	-1744.14996241	
-2.83321334406	-1744.16739402	
-2.85263142991	-1744.18456296	
-2.87167962488	-1744.20147243	
-2.8903717579	-1744.21812578	
-2.90872089656	-1744.23452646	
-2.92673940207	-1744.25067802	
-2.94443897917	-1744.26658409	
-2.96183072188	-1744.28224835	
-2.97892515524	-1744.29767452	
-2.99573227355	-1744.31286636	
-3.01226157551	-1744.32782764	
-3.02852209638	-1744.34256212	
-3.04452243772	-1744.35707357	
-3.06027079469	-1744.37136576	
-3.07577498123	-1744.38544243	
-3.09104245336	-1744.39930727	
-3.10608033072	-1744.41296398	
-3.12089541651	-1744.4264162	
-3.13549421593	-1744.43966753	
-3.14988295338	-1744.45272154	
-3.16406758837	-1744.46558174	
-3.17805383035	-1744.4782516	
-3.19184715248	-1744.49073453	
-3.20545280454	-1744.50303389	
-3.21887582487	-1744.51515299	
-3.23212105162	-1744.5270951	
-3.24519313319	-1744.53886339	
-3.25809653802	-1744.55046102	
-3.2708355638	-1744.56189107	
-3.28341434601	-1744.57315656	
-3.295836866	-1744.58426047	
-3.3081069586	-1744.59520571	
-3.32022831913	-1744.60599514	
-3.33220451018	-1744.61663155	
-3.34403896782	-1744.62711769	
-3.35573500759	-1744.63745626	
-3.36729582999	-1744.64764988	
-3.37872452581	-1744.65770114	
-3.39002408106	-1744.66761257	
-3.40119738166	-1744.67738664	
-3.41224721785	-1744.68702579	
-3.42317628838	-1744.69653237	
-3.43398720449	-1744.70590873	
-3.4446824936	-1744.71515713	
-3.45526460293	-1744.72427981	
-3.4657359028	-1744.73327895	
-3.47609868984	-1744.74215667	
-3.48635519	-1744.75091508	
-3.49650756147	-1744.75955622	
-3.50655789732	-1744.76808208	
-3.51650822817	-1744.77649465	
-3.52636052462	-1744.78479582	
-3.53611669956	-1744.79298749	
-3.54577861047	-1744.80107149	
-3.55534806149	-1744.80904962	
-3.56482680544	-1744.81692365	
-3.57421654579	-1744.8246953	
-3.58351893846	-1744.83236627	
-3.59273559356	-1744.83993821	
-3.60186807712	-1744.84741273	
-3.61091791264	-1744.85479144	
-3.61988658263	-1744.86207587	
-3.62877553004	-1744.86926756	
-3.63758615973	-1744.876368	
-3.6463198397	-1744.88337865	
-3.65497790244	-1744.89030093	
-3.66356164613	-1744.89713625	
-3.6720723358	-1744.90388599	
-3.68051120444	-1744.91055149	
-3.68887945411	-1744.91713407	
-3.69717825693	-1744.92363501	
-3.70540875607	-1744.9300556	
-3.7135720667	-1744.93639707	
-3.72166927694	-1744.94266063	
-3.72970144863	-1744.94884749	
-3.73766961828	-1744.9549588	
-3.74557479779	-1744.96099572	
-3.75341797525	-1744.96695938	
-3.76120011569	-1744.97285087	
-3.76892216179	-1744.97867127	
-3.77658503453	-1744.98442165	
-3.78418963392	-1744.99010306	
-3.79173683955	-1744.9957165	
-3.79922751128	-1745.00126298	
-3.80666248977	-1745.00674349	
-3.81404259707	-1745.01215898	
-3.82136863716	-1745.01751041	
-3.82864139649	-1745.0227987	
-3.83586164446	-1745.02802477	
-3.84303013394	-1745.0331895	
-3.85014760171	-1745.03829379	
-3.85721476893	-1745.04333849	
-3.86423234159	-1745.04832444	
-3.87120101091	-1745.05325249	
-3.87812145375	-1745.05812344	
-3.88499433304	-1745.0629381	
-3.89182029811	-1745.06769725	
-3.8985999851	-1745.07240167	
-3.90533401728	-1745.07705213	
-3.91202300543	-1745.08164936	
-3.91866754815	-1745.0861941	
-3.92526823218	-1745.09068707	
-3.93182563272	-1745.09512898	
-3.93834031375	-1745.09952053	
-3.94481282825	-1745.10386239	
-3.95124371858	-1745.10815525	
-3.95763351668	-1745.11239977	
-3.96398274436	-1745.11659658	
-3.97029191355	-1745.12074634	
-3.97656152657	-1745.12484967	
-3.98279207632	-1745.12890719	
-3.98898404656	-1745.13291951	
-3.99513791214	-1745.13688722	
-4.00125413916	-1745.14081091	
-4.00733318523	-1745.14469116	
-4.01337549969	-1745.14852854	
-4.01938152375	-1745.15232361	
-4.02535169074	-1745.15607691	
-4.03128642625	-1745.15978899	
-4.03718614838	-1745.16346038	
-4.04305126783	-1745.16709161	
-4.04888218815	-1745.17068319	
-4.05467930583	-1745.17423563	
-4.06044301055	-1745.17774942	
-4.06617368526	-1745.18122507	
-4.07187170637	-1745.18466305	
-4.07753744391	-1745.18806384	
-4.08317126162	-1745.19142791	
-4.08877351717	-1745.19475572	
-4.09434456222	-1745.19804772	
-4.0998847426	-1745.20130437	
-4.10539439841	-1745.2045261	
-4.11087386417	-1745.20771335	
-4.11632346894	-1745.21086655	
-4.12174353641	-1745.21398611	
-4.12713438505	-1745.21707246	
-4.13249632819	-1745.22012599	
-4.13782967416	-1745.22314712	
-4.14313472639	-1745.22613623	
-4.14841178349	-1745.22909372	
-4.15366113938	-1745.23201998	
-4.15888308336	-1745.23491538	
-4.16407790024	-1745.23778029	
-4.1692458704	-1745.24061509	
-4.1743872699	-1745.24342014	
-4.17950237056	-1745.24619579	
-4.18459144007	-1745.24894239	
-4.18965474203	-1745.2516603	
-4.19469253606	-1745.25434985	
-4.19970507788	-1745.25701139	
-4.20469261939	-1745.25964524	
-4.20965540873	-1745.26225173	
-4.21459369037	-1745.26483119	
-4.21950770518	-1745.26738393	
-4.22439769047	-1745.26991027	
-4.22926388012	-1745.27241052	
-4.2341065046	-1745.27488497	
-4.23892579103	-1745.27733395	
-4.2437219633	-1745.27975773	
-4.24849524205	-1745.28215661	
-4.25324584481	-1745.28453089	
-4.257973986	-1745.28688084	
-4.26267987704	-1745.28920675	
-4.26736372635	-1745.29150889	
-4.27202573946	-1745.29378754	
-4.27666611902	-1745.29604296	
-4.28128506487	-1745.29827543	
-4.28588277412	-1745.3004852	
-4.29045944115	-1745.30267253	
-4.29501525768	-1745.30483768	
-4.29955041285	-1745.30698089	
-4.3040650932	-1745.30910243	
-4.30855948279	-1745.31120252	
-4.31303376319	-1745.31328142	
-4.31748811354	-1745.31533936	
-4.3219227106	-1745.31737658	
-4.32633772881	-1745.31939331	
-4.33073334029	-1745.32138978	
-4.33510971489	-1745.32336621	
-4.33946702026	-1745.32532283	
-4.34380542185	-1745.32725985	
-4.348125083	-1745.32917751	
-4.3524261649	-1745.331076	
-4.35670882669	-1745.33295555	
-4.36097322548	-1745.33481635	
-4.36521951636	-1745.33665863	
-4.36944785247	-1745.33848257	
-4.373658385	-1745.34028839	
-4.37785126326	-1745.34207628	
-4.38202663467	-1745.34384644	
-4.38618464482	-1745.34559905	
-4.39032543749	-1745.34733432	
-4.39444915467	-1745.34905242	
-4.39855593663	-1745.35075356	
-4.40264592188	-1745.3524379	
-4.40671924726	-1745.35410563	
-4.41077604796	-1745.35575694	
-4.4148164575	-1745.35739199	
-4.4188406078	-1745.35901097	
-4.42284862919	-1745.36061404	
-4.42684065046	-1745.36220137	
-4.43081679884	-1745.36377314	
-4.43477720006	-1745.36532951	
-4.43872197835	-1745.36687065	
-4.44265125649	-1745.36839671	
-4.44656515581	-1745.36990786	
-4.45046379623	-1745.37140425	
-4.45434729625	-1745.37288604	
-4.45821577303	-1745.3743534	
-4.46206934235	-1745.37580645	
-4.46590811865	-1745.37724537	
-4.46973221509	-1745.3786703	
-4.47354174351	-1745.38008138	
-4.47733681448	-1745.38147876	
-4.48111753732	-1745.38286259	
-4.48488402011	-1745.384233	
-4.48863636973	-1745.38559013	
-4.49237469184	-1745.38693413	
-4.49609909093	-1745.38826513	
-4.49980967033	-1745.38958326	
-4.50350653221	-1745.39088867	
-4.50718977763	-1745.39218147	
-4.51085950652	-1745.39346181	
-4.51451581772	-1745.3947298	
-4.518158809	-1745.39598559	
-4.52178857705	-1745.39722928	
-4.52540521752	-1745.39846101	
-4.52900882502	-1745.39968091	
-4.53259949315	-1745.40088908	
-4.5361773145	-1745.40208566	
-4.53974238067	-1745.40327075	
-4.54329478227	-1745.40444448	
-4.54683460898	-1745.40560697	
-4.55036194949	-1745.40675832	
-4.5538768916	-1745.40789865	
-4.55737952215	-1745.40902807	
-4.56086992709	-1745.4101467	
-4.56434819147	-1745.41125464	
-4.56781439944	-1745.41235199	
-4.57126863431	-1745.41343888	
-4.5747109785	-1745.41451539	
-4.5781415136	-1745.41558164	
-4.58156032035	-1745.41663773	
-4.58496747867	-1745.41768376	
-4.58836306767	-1745.41871984	
-4.59174716566	-1745.41974605	
-4.59511985013	-1745.4207625	
-4.59848119784	-1745.4217693	
-4.60183128472	-1745.42276652	
-4.60517018599	-1745.42375427	
-4.60849797608	-1745.42473265	
-4.61181472871	-1745.42570174	
-4.61512051684	-1745.42666164	
-4.61841541274	-1745.42761244	
-4.62169948794	-1745.42855422	
-4.62497281328	-1745.42948709	
-4.62823545892	-1745.43041111	
-4.63148749431	-1745.43132639	
-4.63472898823	-1745.43223301	
-4.63796000881	-1745.43313105	
-4.64118062351	-1745.4340206	
-4.64439089914	-1745.43490174	
-4.64759090187	-1745.43577455	
-4.65078069724	-1745.43663912	
-4.65396035016	-1745.43749552	
-4.65712992492	-1745.43834383	
-4.66028948521	-1745.43918414	
-4.66343909411	-1745.44001651	
-4.66657881412	-1745.44084103	
-4.66970870713	-1745.44165778	
-4.67282883446	-1745.44246682	
-4.67593925688	-1745.44326824	
-4.67904003455	-1745.4440621	
-4.68213122712	-1745.44484849	
-4.68521289366	-1745.44562746	
-4.6882850927	-1745.44639909	
-4.69134788223	-1745.44716346	
-4.69440131972	-1745.44792063	
-4.6974454621	-1745.44867068	
-4.70048036579	-1745.44941366	
-4.70350608671	-1745.45014965	
-4.70652268025	-1745.45087871	
-4.70953020131	-1745.45160091	
-4.71252870431	-1745.45231632	
-4.71551824316	-1745.453025	
-4.7184988713	-1745.45372701	
-4.72147064168	-1745.45442242	
-4.72443360681	-1745.45511129	
-4.72738781871	-1745.45579368	
-4.73033332894	-1745.45646965	
-4.73327018862	-1745.45713927	
-4.73619844839	-1745.45780259	
-4.7391181585	-1745.45845967	
-4.74202936871	-1745.45911057	
-4.74493212836	-1745.45975535	
-4.74782648639	-1745.46039407	
-4.75071249128	-1745.46102678	
-4.75359019111	-1745.46165355	
-4.75645963353	-1745.46227441	
-4.75932086582	-1745.46288944	
-4.7621739348	-1745.46349869	
-4.76501888693	-1745.4641022	
-4.76785576827	-1745.46470003	
-4.77068462447	-1745.46529224	
-4.77350550081	-1745.46587888	
-4.77631844218	-1745.46646	
-4.77912349311	-1745.46703564	
-4.78192069773	-1745.46760587	
-4.78471009982	-1745.46817073	
-4.78749174278	-1745.46873027	
-4.79026566966	-1745.46928454	
-4.79303192316	-1745.46983359	
-4.7957905456	-1745.47037746	
-4.79854157897	-1745.47091621	
-4.80128506491	-1745.47144988	
-4.80402104473	-1745.47197852	
-4.80674955939	-1745.47250217	
-4.8094706495	-1745.47302088	
-4.81218435537	-1745.47353469	
-4.81489071697	-1745.47404366	
-4.81758977394	-1745.47454782	
-4.82028156561	-1745.47504721	
-4.82296613098	-1745.47554189	
-4.82564350875	-1745.47603189	
-4.8283137373	-1745.47651726	
-4.83097685472	-1745.47699803	
-4.83363289878	-1745.47747426	
-4.83628190695	-1745.47794598	
-4.83892391641	-1745.47841323	
-4.84155896405	-1745.47887605	
-4.84418708646	-1745.47933448	
-4.84680831994	-1745.47978857	
-4.84942270051	-1745.48023835	
-4.85203026392	-1745.48068386	
-4.85463104562	-1745.48112514	
-4.8572250808	-1745.48156222	
-4.85981240436	-1745.48199515	
-4.86239305096	-1745.48242396	
-4.86496705495	-1745.48284869	
-4.86753445046	-1745.48326937	
-4.87009527132	-1745.48368605	
-4.87264955112	-1745.48409875	
-4.8751973232	-1745.48450751	
-4.87773862063	-1745.48491238	
-4.88027347623	-1745.48531337	
-4.88280192259	-1745.48571053	
-4.88532399202	-1745.4861039	
-4.88783971662	-1745.48649349	
-4.89034912822	-1745.48687936	
-4.89285225844	-1745.48726152	
-4.89534913864	-1745.48764002	
-4.89783979995	-1745.48801489	
-4.90032427328	-1745.48838615	
-4.90280258929	-1745.48875385	
-4.90527477844	-1745.48911801	
-4.90774087093	-1745.48947866	
-4.91020089677	-1745.48983583	
-4.91265488574	-1745.49018956	
-4.91510286737	-1745.49053987	
-4.91754487103	-1745.4908868	
-4.91998092583	-1745.49123037	
-4.92241106068	-1745.49157061	
-4.92483530429	-1745.49190756	
-4.92725368516	-1745.49224124	
-4.92966623156	-1745.49257168	
-4.93207297159	-1745.49289891	
-4.93447393313	-1745.49322296	
-4.93686914386	-1745.49354385	
-4.93925863125	-1745.49386161	
-4.94164242261	-1745.49417627	
-4.94402054501	-1745.49448786	
-4.94639302537	-1745.4947964	
-4.94875989038	-1745.49510192	
-4.95112116656	-1745.49540444	
-4.95347688026	-1745.495704	
-4.9558270576	-1745.49600061	
-4.95817172456	-1745.49629431	
-4.96051090691	-1745.49658511	
-4.96284463026	-1745.49687305	
-4.96517292002	-1745.49715814	
-4.96749580144	-1745.49744042	
-4.96981329958	-1745.4977199	
-4.97212543933	-1745.49799661	
-4.97443224543	-1745.49827058	
-4.97673374242	-1745.49854182	
-4.97902995468	-1745.49881036	
-4.98132090643	-1745.49907623	
-4.98360662171	-1745.49933945	
-4.98588712441	-1745.49960003	
-4.98816243824	-1745.49985801	
-4.99043258678	-1745.5001134	
-4.99269759341	-1745.50036623	
-4.99495748138	-1745.50061652	
-4.99721227376	-1745.50086429	
-4.9994619935	-1745.50110956	
-5.00170666335	-1745.50135235	
-5.00394630595	-1745.50159268	
-5.00618094375	-1745.50183059	
-5.00841059907	-1745.50206607	
-5.0106352941	-1745.50229916	
-5.01285505083	-1745.50252988	
-5.01506989116	-1745.50275825	
-5.01727983681	-1745.50298428	
-5.01948490937	-1745.503208	
-5.02168513028	-1745.50342942	
-5.02388052085	-1745.50364857	
-5.02607110223	-1745.50386546	
-5.02825689545	-1745.50408012	
-5.03043792139	-1745.50429256	
-5.03261420082	-1745.5045028	
-5.03478575433	-1745.50471085	
-5.03695260241	-1745.50491675	
-5.03911476542	-1745.5051205	
-5.04127226356	-1745.50532213	
-5.04342511692	-1745.50552164	
-5.04557334546	-1745.50571907	
-5.047716969	-1745.50591442	
-5.04985600725	-1745.50610772	
-5.05199047978	-1745.50629898	
-5.05412040604	-1745.50648822	
-5.05624580535	-1745.50667545	
-5.05836669692	-1745.50686069	
-5.06048309982	-1745.50704397	
-5.06259503303	-1745.50722528	
-5.06470251537	-1745.50740466	
-5.06680556556	-1745.50758212	
-5.06890420222	-1745.50775767	
-5.07099844382	-1745.50793133	
-5.07308830874	-1745.50810311	
-5.07517381523	-1745.50827304	
-5.07725498144	-1745.50844112	
-5.07933182538	-1745.50860737	
-5.08140436498	-1745.50877181	
-5.08347261805	-1745.50893445	
-5.08553660227	-1745.50909531	
-5.08759633523	-1745.5092544	
-5.08965183441	-1745.50941173	
-5.09170311719	-1745.50956732	
-5.09375020081	-1745.50972119	
-5.09579310244	-1745.50987335	
-5.09783183913	-1745.51002381	
-5.09986642782	-1745.51017258	
-5.10189688537	-1745.51031969	
-5.10392322852	-1745.51046514	
-5.1059454739	-1745.51060895	
-5.10796363806	-1745.51075113	
-5.10997773743	-1745.5108917	
-5.11198778836	-1745.51103066	
-5.11399380708	-1745.51116804	
-5.11599580975	-1745.51130383	
-5.11799381242	-1745.51143807	
-5.11998783102	-1745.51157076	
-5.12197788143	-1745.51170191	
-5.1239639794	-1745.51183153	
-5.12594614061	-1745.51195964	
-5.12792438062	-1745.51208625	
-5.12989871492	-1745.51221138	
-5.13186915891	-1745.51233503	
-5.13383572788	-1745.51245721	
-5.13579843705	-1745.51257795	
-5.13775730154	-1745.51269724	
-5.13971233637	-1745.5128151	
-5.1416635565	-1745.51293155	
-5.14361097679	-1745.5130466	
-5.145554612	-1745.51316025	
-5.14749447681	-1745.51327252	
-5.14943058584	-1745.51338341	
-5.15136295359	-1745.51349295	
-5.1532915945	-1745.51360114	
-5.15521652291	-1745.51370799	
-5.15713775309	-1745.51381351	
-5.15905529921	-1745.51391772	
-5.1609691754	-1745.51402062	
-5.16287939565	-1745.51412223	
-5.16478597392	-1745.51422255	
-5.16668892407	-1745.51432159	
-5.16858825987	-1745.51441938	
-5.17048399504	-1745.5145159	
-5.17237614319	-1745.51461119	
-5.17426471788	-1745.51470524	
-5.17614973257	-1745.51479807	
-5.17803120067	-1745.51488968	
-5.1799091355	-1745.51498009	
-5.18178355029	-1745.51506931	
-5.18365445823	-1745.51515734	
-5.1855218724	-1745.51524419	
-5.18738580584	-1745.51532988	
-5.18924627149	-1745.51541441	
-5.19110328224	-1745.5154978	
-5.19295685089	-1745.51558005	
-5.19480699018	-1745.51566117	
-5.19665371277	-1745.51574116	
-5.19849703127	-1745.51582005	
-5.20033695819	-1745.51589784	
-5.202173506	-1745.51597453	
-5.20400668708	-1745.51605014	
-5.20583651375	-1745.51612467	
-5.20766299828	-1745.51619814	
-5.20948615284	-1745.51627054	
-5.21130598956	-1745.5163419	
-5.21312252048	-1745.51641222	
-5.21493575761	-1745.5164815	
-5.21674571285	-1745.51654975	
-5.21855239808	-1745.51661699	
-5.22035582508	-1745.51668322	
-5.22215600558	-1745.51674845	
-5.22395295126	-1745.51681269	
-5.22574667371	-1745.51687594	
-5.22753718449	-1745.51693822	
-5.22932449506	-1745.51699952	
-5.23110861685	-1745.51705987	
-5.23288956123	-1745.51711926	
-5.23466733947	-1745.5171777	
-5.23644196283	-1745.5172352	
-5.23821344248	-1745.51729178	
-5.23998178954	-1745.51734743	
-5.24174701506	-1745.51740216	
-5.24350913005	-1745.51745598	
-5.24526814546	-1745.5175089	
-5.24702407216	-1745.51756093	
-5.24877692099	-1745.51761207	
-5.25052670271	-1745.51766232	
-5.25227342805	-1745.51771171	
-5.25401710765	-1745.51776022	
-5.25575775213	-1745.51780788	
-5.25749537203	-1745.51785468	
-5.25922997784	-1745.51790064	
-5.26096158	-1745.51794576	
-5.2626901889	-1745.51799004	
-5.26441581487	-1745.5180335	
-5.26613846818	-1745.51807614	
-5.26785815906	-1745.51811796	
-5.26957489768	-1745.51815898	
-5.27128869416	-1745.51819919	
-5.27299955856	-1745.51823861	
-5.27470750091	-1745.51827725	
-5.27641253116	-1745.5183151	
-5.27811465923	-1745.51835217	
-5.27981389498	-1745.51838848	
-5.28151024823	-1745.51842402	
-5.28320372874	-1745.51845881	
-5.28489434622	-1745.51849284	
-5.28658211033	-1745.51852613	
-5.28826703069	-1745.51855868	
-5.28994911688	-1745.51859049	
-5.2916283784	-1745.51862158	
-5.29330482472	-1745.51865194	
-5.29497846528	-1745.51868159	
-5.29664930945	-1745.51871052	
-5.29831736655	-1745.51873875	
-5.29998264587	-1745.51876628	
-5.30164515664	-1745.51879312	
-5.30330490806	-1745.51881927	
-5.30496190927	-1745.51884473	
-5.30661616936	-1745.51886952	
-5.3082676974	-1745.51889363	
-5.30991650239	-1745.51891708	
-5.3115625933	-1745.51893986	
-5.31320597904	-1745.51896199	
-5.3148466685	-1745.51898347	
-5.3164846705	-1745.51900429	
-5.31811999384	-1745.51902448	
-5.31975264727	-1745.51904403	
-5.32138263948	-1745.51906295	
-5.32300997914	-1745.51908124	
-5.32463467487	-1745.51909891	
-5.32625673524	-1745.51911597	
-5.32787616879	-1745.51913241	
-5.32949298402	-1745.51914825	
-5.33110718937	-1745.51916348	
-5.33271879327	-1745.51917811	
-5.33432780407	-1745.51919216	
-5.33593423012	-1745.51920561	
-5.3375380797	-1745.51921848	
-5.33913936107	-1745.51923077	
-5.34073808243	-1745.51924249	
-5.34233425196	-1745.51925364	
-5.3439278778	-1745.51926422	
-5.34551896803	-1745.51927424	
-5.34710753072	-1745.51928371	
-5.34869357387	-1745.51929262	
-5.35027710548	-1745.51930098	
-5.35185813348	-1745.5193088	
-5.35343666577	-1745.51931608	
-5.35501271022	-1745.51932283	
-5.35658627467	-1745.51932905	
-5.3581573669	-1745.51933474	
-5.35972599468	-1745.5193399	
-5.36129216571	-1745.51934455	
-5.36285588769	-1745.51934868	
-5.36441716825	-1745.51935231	
-5.36597601502	-1745.51935543	
-5.36753243557	-1745.51935804	
-5.36908643744	-1745.51936016	
-5.37063802813	-1745.51936178	
-5.37218721511	-1745.51936291	
-5.37373400583	-1745.51936356	
-5.37527840768	-1745.51936372	
-5.37682042804	-1745.5193634	
-5.37836007422	-1745.51936261	
-5.37989735354	-1745.51936135	
-5.38143227326	-1745.51935962	
-5.38296484061	-1745.51935742	
-5.38449506279	-1745.51935477	
-5.38602294697	-1745.51935165	
-5.38754850028	-1745.51934809	
-5.38907172982	-1745.51934407	
-5.39059264266	-1745.51933961	
-5.39211124583	-1745.51933471	
-5.39362754635	-1745.51932936	
-5.39514155118	-1745.51932359	
-5.39665326727	-1745.51931737	
-5.39816270152	-1745.51931073	
-5.39966986081	-1745.51930367	
-5.40117475199	-1745.51929618	
-5.40267738187	-1745.51928828	
-5.40417775725	-1745.51927996	
-5.40567588487	-1745.51927122	
-5.40717177146	-1745.51926208	
-5.40866542372	-1745.51925253	
-5.4101568483	-1745.51924258	
-5.41164605186	-1745.51923223	
-5.41313304098	-1745.51922149	
-5.41461782224	-1745.51921035	
-5.4161004022	-1745.51919882	
-5.41758078737	-1745.51918691	
-5.41905898424	-1745.51917461	
-5.42053499927	-1745.51916193	
-5.42200883889	-1745.51914887	
-5.4234805095	-1745.51913544	
-5.42495001748	-1745.51912164	
-5.42641736918	-1745.51910747	
-5.4278825709	-1745.51909293	
-5.42934562895	-1745.51907803	
-5.43080654959	-1745.51906277	
-5.43226533906	-1745.51904715	
-5.43372200355	-1745.51903118	
-5.43517654927	-1745.51901486	
-5.43662898235	-1745.51899819	
-5.43807930892	-1745.51898117	
-5.4395275351	-1745.51896381	
-5.44097366695	-1745.51894611	
-5.44241771052	-1745.51892807	
-5.44385967184	-1745.5189097	
-5.4452995569	-1745.51889099	
-5.44673737167	-1745.51887196	
-5.44817312209	-1745.5188526	
-5.44960681409	-1745.51883291	
-5.45103845357	-1745.5188129	
-5.45246804638	-1745.51879257	
-5.45389559837	-1745.51877193	
-5.45532111536	-1745.51875097	
-5.45674460314	-1745.5187297	
-5.45816606749	-1745.51870812	
-5.45958551414	-1745.51868624	
-5.46100294883	-1745.51866405	
-5.46241837723	-1745.51864155	
-5.46383180503	-1745.51861876	
-5.46524323786	-1745.51859568	
-5.46665268137	-1745.51857229	
-5.46806014114	-1745.51854862	
-5.46946562274	-1745.51852466	
-5.47086913175	-1745.5185004	
-5.47227067367	-1745.51847587	
-5.47367025403	-1745.51845105	
-5.47506787829	-1745.51842595	
-5.47646355193	-1745.51840057	
-5.47785728038	-1745.51837491	
-5.47924906905	-1745.51834899	
-5.48063892334	-1745.51832279	
-5.48202684862	-1745.51829632	
-5.48341285022	-1745.51826958	
-5.48479693349	-1745.51824258	
-5.48617910372	-1745.51821532	
-5.48755936619	-1745.51818779	
-5.48893772616	-1745.51816001	
-5.49031418887	-1745.51813197	
-5.49168875953	-1745.51810367	
-5.49306144334	-1745.51807513	
-5.49443224547	-1745.51804633	
-5.49580117108	-1745.51801729	
-5.49716822529	-1745.517988	
-5.49853341322	-1745.51795846	
-5.49989673995	-1745.51792868	
-5.50125821054	-1745.51789866	
-5.50261783006	-1745.51786841	
-5.50397560352	-1745.51783792	
-5.50533153593	-1745.51780719	
-5.50668563228	-1745.51777623	
-5.50803789753	-1745.51774504	
-5.50938833663	-1745.51771362	
-5.5107369545	-1745.51768198	
-5.51208375605	-1745.51765011	
-5.51342874616	-1745.51761802	
-5.51477192971	-1745.5175857	
-5.51611331154	-1745.51755317	
-5.51745289646	-1745.51752042	
-5.51879068931	-1745.51748745	
-5.52012669485	-1745.51745427	
-5.52146091786	-1745.51742088	
-5.5227933631	-1745.51738728	
-5.52412403528	-1745.51735347	
-5.52545293913	-1745.51731945	
-5.52678007934	-1745.51728523	
-5.52810546058	-1745.5172508	
-5.52942908751	-1745.51721618	
-5.53075096477	-1745.51718135	
-5.53207109697	-1745.51714632	
-5.53338948873	-1745.5171111	
-5.53470614461	-1745.51707568	
-5.53602106919	-1745.51704007	
-5.53733426702	-1745.51700427	
-5.53864574262	-1745.51696827	
-5.5399555005	-1745.51693209	
-5.54126354516	-1745.51689572	
-5.54256988107	-1745.51685917	
-5.5438745127	-1745.51682243	
-5.54517744448	-1745.51678551	
-5.54647868084	-1745.51674841	
-5.54777822618	-1745.51671113	
-5.5490760849	-1745.51667367	
-5.55037226136	-1745.51663604	
-5.55166675992	-1745.51659823	
-5.55295958492	-1745.51656025	
-5.55425074069	-1745.5165221	
-5.55554023152	-1745.51648378	
-5.5568280617	-1745.51644529	
-5.55811423551	-1745.51640663	
-5.5593987572	-1745.5163678	
-5.56068163102	-1745.51632881	
-5.56196286117	-1745.51628966	
-5.56324245188	-1745.51625035	
-5.56452040732	-1745.51621088	
-5.56579673168	-1745.51617124	
-5.56707142911	-1745.51613145	
-5.56834450376	-1745.51609151	
-5.56961595975	-1745.51605141	
-5.57088580119	-1745.51601116	
-5.57215403218	-1745.51597075	
-5.57342065679	-1745.51593019	
-5.5746856791	-1745.51588949	
-5.57594910315	-1745.51584864	
-5.57721093297	-1745.51580764	
-5.57847117258	-1745.51576649	
-5.57972982599	-1745.5157252	
-5.58098689718	-1745.51568377	
-5.58224239012	-1745.5156422	
-5.58349630878	-1745.51560048	
-5.5847486571	-1745.51555863	
-5.585999439	-1745.51551664	
-5.5872486584	-1745.51547451	
-5.5884963192	-1745.51543225	
-5.58974242528	-1745.51538985	
-5.59098698051	-1745.51534732	
-5.59222998875	-1745.51530466	
-5.59347145384	-1745.51526187	
-5.5947113796	-1745.51521895	
-5.59594976985	-1745.5151759	
-5.59718662839	-1745.51513272	
-5.598421959	-1745.51508942	
-5.59965576545	-1745.515046	
-5.60088805149	-1745.51500244	
-5.60211882088	-1745.51495877	
-5.60334807733	-1745.51491498	
-5.60457582457	-1745.51487106	
-5.6058020663	-1745.51482703	
-5.60702680619	-1745.51478288	
-5.60825004793	-1745.51473861	
-5.60947179518	-1745.51469422	
-5.61069205159	-1745.51464972	
-5.61191082078	-1745.51460511	
-5.61312810639	-1745.51456038	
-5.61434391201	-1745.51451555	
-5.61555824124	-1745.5144706	
-5.61677109767	-1745.51442554	
-5.61798248485	-1745.51438037	
-5.61919240636	-1745.5143351	
-5.62040086572	-1745.51428972	
-5.62160786647	-1745.51424424	
-5.62281341212	-1745.51419865	
-5.62401750619	-1745.51415295	
-5.62522015215	-1745.51410716	
-5.6264213535	-1745.51406126	
-5.62762111369	-1745.51401526	
-5.62881943618	-1745.51396916	
-5.63001632442	-1745.51392297	
-5.63121178182	-1745.51387667	
-5.63240581181	-1745.51383028	
-5.6335984178	-1745.5137838	
-5.63478960317	-1745.51373722	
-5.6359793713	-1745.51369054	
-5.63716772557	-1745.51364377	
-5.63835466933	-1745.51359691	
-5.63954020593	-1745.51354996	
-5.64072433869	-1745.51350292	
-5.64190707094	-1745.51345579	
-5.64308840598	-1745.51340857	
-5.64426834712	-1745.51336126	
-5.64544689764	-1745.51331387	
-5.64662406082	-1745.51326639	
-5.64779983991	-1745.51321883	
-5.64897423816	-1745.51317118	
-5.65014725882	-1745.51312345	
-5.65131890512	-1745.51307563	
-5.65248918027	-1745.51302774	
-5.65365808747	-1745.51297976	
-5.65482562993	-1745.5129317	
-5.65599181082	-1745.51288357	
-5.65715663332	-1745.51283535	
-5.65832010058	-1745.51278706	
-5.65948221576	-1745.51273869	
-5.660642982	-1745.51269025	
-5.66180240242	-1745.51264173	
-5.66296048014	-1745.51259313	
-5.66411721826	-1745.51254447	
-5.66527261989	-1745.51249573	
-5.66642668811	-1745.51244692	
-5.66757942599	-1745.51239803	
-5.6687308366	-1745.51234908	
-5.66988092298	-1745.51230006	
-5.67102968818	-1745.51225096	
-5.67217713524	-1745.5122018	
-5.67332326717	-1745.51215257	
-5.67446808699	-1745.51210328	
-5.67561159769	-1745.51205392	
-5.67675380227	-1745.51200449	
-5.6778947037	-1745.511955	
-5.67903430497	-1745.51190545	
-5.68017260902	-1745.51185583	
-5.6813096188	-1745.51180615	
-5.68244533727	-1745.51175641	
-5.68357976734	-1745.51170661	
-5.68471291194	-1745.51165674	
-5.68584477397	-1745.51160682	
-5.68697535634	-1745.51155684	
-5.68810466194	-1745.5115068	
-5.68923269364	-1745.5114567	
-5.69035945432	-1745.51140655	
-5.69148494685	-1745.51135633	
-5.69260917406	-1745.51130607	
-5.6937321388	-1745.51125575	
-5.69485384391	-1745.51120537	
-5.69597429221	-1745.51115494	
-5.69709348651	-1745.51110446	
-5.69821142961	-1745.51105392	
-5.69932812431	-1745.51100333	
-5.70044357339	-1745.51095269	
-5.70155777963	-1745.51090201	
-5.7026707458	-1745.51085127	
-5.70378247466	-1745.51080048	
-5.70489296894	-1745.51074964	
-5.70600223139	-1745.51069876	
-5.70711026475	-1745.51064782	
-5.70821707172	-1745.51059684	
-5.70932265503	-1745.51054582	
-5.71042701737	-1745.51049474	
-5.71153016145	-1745.51044363	
-5.71263208993	-1745.51039247	
-5.71373280551	-1745.51034126	
-5.71483231084	-1745.51029001	
-5.71593060859	-1745.51023872	
-5.71702770141	-1745.51018738	
-5.71812359193	-1745.51013601	
-5.71921828279	-1745.51008459	
-5.72031177661	-1745.51003313	
-5.72140407601	-1745.50998163	
-5.72249518359	-1745.50993009	
-5.72358510195	-1745.50987852	
-5.72467383369	-1745.5098269	
-5.72576138137	-1745.50977525	
-5.72684774759	-1745.50972356	
-5.72793293489	-1745.50967183	
-5.72901694583	-1745.50962007	
-5.73009978297	-1745.50956827	
-5.73118144884	-1745.50951643	
-5.73226194598	-1745.50946456	
-5.7333412769	-1745.50941265	
-5.73441944412	-1745.50936072	
-5.73549645015	-1745.50930874	
-5.73657229748	-1745.50925674	
-5.73764698861	-1745.5092047	
-5.73872052602	-1745.50915263	
-5.73979291218	-1745.50910053	
-5.74086414956	-1745.5090484	
-5.74193424062	-1745.50899624	
-5.74300318781	-1745.50894405	
-5.74407099357	-1745.50889182	
-5.74513766034	-1745.50883957	
-5.74620319054	-1745.5087873	
-5.7472675866	-1745.50873499	
-5.74833085092	-1745.50868265	
-5.74939298591	-1745.50863029	
-5.75045399397	-1745.5085779	
-5.75151387748	-1745.50852549	
-5.75257263883	-1745.50847305	
-5.75363028038	-1745.50842058	
-5.75468680452	-1745.50836809	
-5.75574221359	-1745.50831558	
-5.75679650994	-1745.50826304	
-5.75784969593	-1745.50821047	
-5.75890177388	-1745.50815789	
-5.75995274612	-1745.50810528	
-5.76100261499	-1745.50805265	
-5.76205138278	-1745.50799999	
-5.76309905181	-1745.50794732	
-5.76414562438	-1745.50789462	
-5.76519110278	-1745.5078419	
-5.7662354893	-1745.50778917	
-5.76727878622	-1745.50773641	
-5.76832099579	-1745.50768363	
-5.7693621203	-1745.50763084	
-5.770402162	-1745.50757802	
-5.77144112313	-1745.50752519	
-5.77247900594	-1745.50747234	
-5.77351581267	-1745.50741947	
-5.77455154554	-1745.50736659	
-5.77558620679	-1745.50731369	
-5.77661979861	-1745.50726077	
-5.77765232322	-1745.50720783	
-5.77868378283	-1745.50715488	
-5.77971417962	-1745.50710192	
-5.78074351579	-1745.50704894	
-5.78177179352	-1745.50699594	
-5.78279901497	-1745.50694293	
-5.78382518233	-1745.50688991	
-5.78485029774	-1745.50683688	
-5.78587436337	-1745.50678383	
-5.78689738137	-1745.50673076	
-5.78791935386	-1745.50667769	
-5.788940283	-1745.5066246	
-5.7899601709	-1745.50657151	
-5.79097901969	-1745.5065184	
-5.79199683148	-1745.50646528	
-5.79301360838	-1745.50641215	
-5.7940293525	-1745.50635901	
-5.79504406593	-1745.50630585	
-5.79605775077	-1745.50625269	
-5.79707040908	-1745.50619952	
-5.79808204295	-1745.50614634	
-5.79909265446	-1745.50609316	
-5.80010224566	-1745.50603996	
-5.80111081862	-1745.50598676	
-5.80211837538	-1745.50593355	
-5.80312491799	-1745.50588033	
-5.80413044849	-1745.5058271	
-5.80513496892	-1745.50577387	
-5.80613848129	-1745.50572063	
-5.80714098764	-1745.50566738	
-5.80814248998	-1745.50561413	
-5.80914299031	-1745.50556087	
