# log_p 	 lnL 	 
0.0	-1671.07390033	
-0.287682072452	-1671.0521208	
-0.510825623766	-1671.06289495	
-0.69314718056	-1671.09138148	
-0.847297860387	-1671.12834499	
-0.980829253012	-1671.16906209	
-1.09861228867	-1671.21103686	
-1.20397280433	-1671.25290346	
-1.29928298413	-1671.29390232	
-1.38629436112	-1671.33361366	
-1.46633706879	-1671.37181444	
-1.54044504095	-1671.40839851	
-1.60943791243	-1671.44333069	
-1.67397643357	-1671.47661955	
-1.73460105539	-1671.50830082	
-1.79175946923	-1671.53842699	
-1.8458266905	-1671.56706054	
-1.89711998489	-1671.59426948	
-1.94591014906	-1671.62012432	
-1.99243016469	-1671.64469594	
-2.03688192726	-1671.66805421	
-2.07944154168	-1671.690267	
-2.1202635362	-1671.71139956	
-2.15948424935	-1671.73151411	
-2.19722457734	-1671.75066961	
-2.23359222151	-1671.7689217	
-2.26868354132	-1671.78632269	
-2.30258509299	-1671.80292161	
-2.33537491582	-1671.81876435	
-2.36712361413	-1671.83389376	
-2.3978952728	-1671.84834985	
-2.42774823595	-1671.86216993	
-2.45673577282	-1671.87538881	
-2.48490664979	-1671.88803891	
-2.51230562398	-1671.90015049	
-2.53897387106	-1671.91175176	
-2.56494935746	-1671.92286907	
-2.59026716545	-1671.93352701	
-2.61495977804	-1671.94374855	
-2.63905732962	-1671.9535552	
-2.66258782703	-1671.96296707	
-2.68557734525	-1671.97200301	
-2.7080502011	-1671.9806807	
-2.73002910782	-1671.98901671	
-2.75153531304	-1671.99702664	
-2.77258872224	-1672.00472513	
-2.79320800944	-1672.01212599	
-2.81341071676	-1672.01924221	
-2.83321334406	-1672.02608605	
-2.85263142991	-1672.03266908	
-2.87167962488	-1672.03900223	
-2.8903717579	-1672.04509586	
-2.90872089656	-1672.05095974	
-2.92673940207	-1672.05660315	
-2.94443897917	-1672.06203489	
-2.96183072188	-1672.06726331	
-2.97892515524	-1672.07229634	
-2.99573227355	-1672.0771415	
-3.01226157551	-1672.08180599	
-3.02852209638	-1672.08629661	
-3.04452243772	-1672.09061988	
-3.06027079469	-1672.09478199	
-3.07577498123	-1672.09878886	
-3.09104245336	-1672.10264615	
-3.10608033072	-1672.10635923	
-3.12089541651	-1672.10993328	
-3.13549421593	-1672.11337322	
-3.14988295338	-1672.11668377	
-3.16406758837	-1672.11986944	
-3.17805383035	-1672.12293458	
-3.19184715248	-1672.12588332	
-3.20545280454	-1672.12871964	
-3.21887582487	-1672.13144736	
-3.23212105162	-1672.13407014	
-3.24519313319	-1672.1365915	
-3.25809653802	-1672.13901482	
-3.2708355638	-1672.14134334	
-3.28341434601	-1672.14358018	
-3.295836866	-1672.14572835	
-3.3081069586	-1672.14779073	
-3.32022831913	-1672.14977011	
-3.33220451018	-1672.15166915	
-3.34403896782	-1672.15349043	
-3.35573500759	-1672.15523645	
-3.36729582999	-1672.15690958	
-3.37872452581	-1672.15851214	
-3.39002408106	-1672.16004635	
-3.40119738166	-1672.16151436	
-3.41224721785	-1672.16291822	
-3.42317628838	-1672.16425995	
-3.43398720449	-1672.16554147	
-3.4446824936	-1672.16676463	
-3.45526460293	-1672.16793124	
-3.4657359028	-1672.16904304	
-3.47609868984	-1672.17010169	
-3.48635519	-1672.17110882	
-3.49650756147	-1672.172066	
-3.50655789732	-1672.17297474	
-3.51650822817	-1672.17383651	
-3.52636052462	-1672.17465272	
-3.53611669956	-1672.17542475	
-3.54577861047	-1672.17615391	
-3.55534806149	-1672.17684149	
-3.56482680544	-1672.17748874	
-3.57421654579	-1672.17809686	
-3.58351893846	-1672.178667	
-3.59273559356	-1672.1792003	
-3.60186807712	-1672.17969785	
-3.61091791264	-1672.18016071	
-3.61988658263	-1672.1805899	
-3.62877553004	-1672.18098641	
-3.63758615973	-1672.1813512	
-3.6463198397	-1672.18168521	
-3.65497790244	-1672.18198934	
-3.66356164613	-1672.18226447	
-3.6720723358	-1672.18251145	
-3.68051120444	-1672.18273109	
-3.68887945411	-1672.18292421	
-3.69717825693	-1672.18309156	
-3.70540875607	-1672.18323392	
-3.7135720667	-1672.183352	
-3.72166927694	-1672.18344652	
-3.72970144863	-1672.18351815	
-3.73766961828	-1672.18356757	
-3.74557479779	-1672.18359543	
-3.75341797525	-1672.18360235	
-3.76120011569	-1672.18358894	
-3.76892216179	-1672.18355579	
-3.77658503453	-1672.18350349	
-3.78418963392	-1672.18343258	
-3.79173683955	-1672.18334361	
-3.79922751128	-1672.18323711	
-3.80666248977	-1672.18311359	
-3.81404259707	-1672.18297355	
-3.82136863716	-1672.18281746	
-3.82864139649	-1672.1826458	
-3.83586164446	-1672.18245903	
-3.84303013394	-1672.18225758	
-3.85014760171	-1672.1820419	
-3.85721476893	-1672.18181239	
-3.86423234159	-1672.18156946	
-3.87120101091	-1672.18131352	
-3.87812145375	-1672.18104494	
-3.88499433304	-1672.18076411	
-3.89182029811	-1672.18047137	
-3.8985999851	-1672.18016709	
-3.90533401728	-1672.17985162	
-3.91202300543	-1672.17952528	
-3.91866754815	-1672.1791884	
-3.92526823218	-1672.17884129	
-3.93182563272	-1672.17848428	
-3.93834031375	-1672.17811765	
-3.94481282825	-1672.1777417	
-3.95124371858	-1672.17735671	
-3.95763351668	-1672.17696295	
-3.96398274436	-1672.1765607	
-3.97029191355	-1672.17615022	
-3.97656152657	-1672.17573176	
-3.98279207632	-1672.17530557	
-3.98898404656	-1672.17487188	
-3.99513791214	-1672.17443095	
-4.00125413916	-1672.17398298	
-4.00733318523	-1672.17352821	
-4.01337549969	-1672.17306685	
-4.01938152375	-1672.17259911	
-4.02535169074	-1672.17212519	
-4.03128642625	-1672.17164531	
-4.03718614838	-1672.17115964	
-4.04305126783	-1672.17066839	
-4.04888218815	-1672.17017173	
-4.05467930583	-1672.16966984	
-4.06044301055	-1672.1691629	
-4.06617368526	-1672.16865108	
-4.07187170637	-1672.16813454	
-4.07753744391	-1672.16761345	
-4.08317126162	-1672.16708797	
-4.08877351717	-1672.16655824	
-4.09434456222	-1672.16602441	
-4.0998847426	-1672.16548664	
-4.10539439841	-1672.16494506	
-4.11087386417	-1672.16439981	
-4.11632346894	-1672.16385102	
-4.12174353641	-1672.16329883	
-4.12713438505	-1672.16274337	
-4.13249632819	-1672.16218475	
-4.13782967416	-1672.1616231	
-4.14313472639	-1672.16105853	
-4.14841178349	-1672.16049117	
-4.15366113938	-1672.15992112	
-4.15888308336	-1672.15934849	
-4.16407790024	-1672.15877339	
-4.1692458704	-1672.15819592	
-4.1743872699	-1672.15761619	
-4.17950237056	-1672.15703429	
-4.18459144007	-1672.15645031	
-4.18965474203	-1672.15586436	
-4.19469253606	-1672.15527651	
-4.19970507788	-1672.15468687	
-4.20469261939	-1672.15409551	
-4.20965540873	-1672.15350252	
-4.21459369037	-1672.15290799	
-4.21950770518	-1672.15231198	
-4.22439769047	-1672.15171459	
-4.22926388012	-1672.15111588	
-4.2341065046	-1672.15051594	
-4.23892579103	-1672.14991482	
-4.2437219633	-1672.14931261	
-4.24849524205	-1672.14870936	
-4.25324584481	-1672.14810516	
-4.257973986	-1672.14750006	
-4.26267987704	-1672.14689412	
-4.26736372635	-1672.14628741	
-4.27202573946	-1672.14567998	
-4.27666611902	-1672.14507191	
-4.28128506487	-1672.14446323	
-4.28588277412	-1672.14385401	
-4.29045944115	-1672.14324431	
-4.29501525768	-1672.14263417	
-4.29955041285	-1672.14202365	
-4.3040650932	-1672.14141279	
-4.30855948279	-1672.14080165	
-4.31303376319	-1672.14019027	
-4.31748811354	-1672.13957871	
-4.3219227106	-1672.13896699	
-4.32633772881	-1672.13835517	
-4.33073334029	-1672.1377433	
-4.33510971489	-1672.13713141	
-4.33946702026	-1672.13651954	
-4.34380542185	-1672.13590773	
-4.348125083	-1672.13529603	
-4.3524261649	-1672.13468446	
-4.35670882669	-1672.13407307	
-4.36097322548	-1672.13346189	
-4.36521951636	-1672.13285095	
-4.36944785247	-1672.13224029	
-4.373658385	-1672.13162995	
-4.37785126326	-1672.13101995	
-4.38202663467	-1672.13041032	
-4.38618464482	-1672.1298011	
-4.39032543749	-1672.12919231	
-4.39444915467	-1672.12858399	
-4.39855593663	-1672.12797615	
-4.40264592188	-1672.12736884	
-4.40671924726	-1672.12676206	
-4.41077604796	-1672.12615586	
-4.4148164575	-1672.12555026	
-4.4188406078	-1672.12494527	
-4.42284862919	-1672.12434092	
-4.42684065046	-1672.12373724	
-4.43081679884	-1672.12313425	
-4.43477720006	-1672.12253197	
-4.43872197835	-1672.12193042	
-4.44265125649	-1672.12132962	
-4.44656515581	-1672.12072959	
-4.45046379623	-1672.12013035	
-4.45434729625	-1672.11953192	
-4.45821577303	-1672.11893432	
-4.46206934235	-1672.11833757	
-4.46590811865	-1672.11774167	
-4.46973221509	-1672.11714666	
-4.47354174351	-1672.11655254	
-4.47733681448	-1672.11595934	
-4.48111753732	-1672.11536706	
-4.48488402011	-1672.11477572	
-4.48863636973	-1672.11418533	
-4.49237469184	-1672.11359592	
-4.49609909093	-1672.11300749	
-4.49980967033	-1672.11242006	
-4.50350653221	-1672.11183364	
-4.50718977763	-1672.11124823	
-4.51085950652	-1672.11066386	
-4.51451581772	-1672.11008054	
-4.518158809	-1672.10949827	
-4.52178857705	-1672.10891707	
-4.52540521752	-1672.10833695	
-4.52900882502	-1672.10775791	
-4.53259949315	-1672.10717997	
-4.5361773145	-1672.10660314	
-4.53974238067	-1672.10602743	
-4.54329478227	-1672.10545284	
-4.54683460898	-1672.10487938	
-4.55036194949	-1672.10430707	
-4.5538768916	-1672.1037359	
-4.55737952215	-1672.10316589	
-4.56086992709	-1672.10259705	
-4.56434819147	-1672.10202938	
-4.56781439944	-1672.10146289	
-4.57126863431	-1672.10089758	
-4.5747109785	-1672.10033347	
-4.5781415136	-1672.09977055	
-4.58156032035	-1672.09920883	
-4.58496747867	-1672.09864833	
-4.58836306767	-1672.09808904	
-4.59174716566	-1672.09753097	
-4.59511985013	-1672.09697412	
-4.59848119784	-1672.09641851	
-4.60183128472	-1672.09586413	
-4.60517018599	-1672.09531098	
-4.60849797608	-1672.09475908	
-4.61181472871	-1672.09420843	
-4.61512051684	-1672.09365902	
-4.61841541274	-1672.09311087	
-4.62169948794	-1672.09256398	
-4.62497281328	-1672.09201835	
-4.62823545892	-1672.09147398	
-4.63148749431	-1672.09093088	
-4.63472898823	-1672.09038904	
-4.63796000881	-1672.08984848	
-4.64118062351	-1672.08930919	
-4.64439089914	-1672.08877118	
-4.64759090187	-1672.08823444	
-4.65078069724	-1672.08769899	
-4.65396035016	-1672.08716482	
-4.65712992492	-1672.08663193	
-4.66028948521	-1672.08610033	
-4.66343909411	-1672.08557001	
-4.66657881412	-1672.08504098	
-4.66970870713	-1672.08451324	
-4.67282883446	-1672.08398679	
-4.67593925688	-1672.08346163	
-4.67904003455	-1672.08293776	
-4.68213122712	-1672.08241518	
-4.68521289366	-1672.0818939	
-4.6882850927	-1672.08137391	
-4.69134788223	-1672.08085521	
-4.69440131972	-1672.08033781	
-4.6974454621	-1672.0798217	
-4.70048036579	-1672.07930689	
-4.70350608671	-1672.07879336	
-4.70652268025	-1672.07828114	
-4.70953020131	-1672.0777702	
-4.71252870431	-1672.07726056	
-4.71551824316	-1672.07675221	
-4.7184988713	-1672.07624515	
-4.72147064168	-1672.07573939	
-4.72443360681	-1672.07523491	
-4.72738781871	-1672.07473173	
-4.73033332894	-1672.07422983	
-4.73327018862	-1672.07372922	
-4.73619844839	-1672.0732299	
-4.7391181585	-1672.07273187	
-4.74202936871	-1672.07223512	
-4.74493212836	-1672.07173966	
-4.74782648639	-1672.07124547	
-4.75071249128	-1672.07075257	
-4.75359019111	-1672.07026095	
-4.75645963353	-1672.06977061	
-4.75932086582	-1672.06928154	
-4.7621739348	-1672.06879375	
-4.76501888693	-1672.06830724	
-4.76785576827	-1672.06782199	
-4.77068462447	-1672.06733802	
-4.77350550081	-1672.06685531	
-4.77631844218	-1672.06637388	
-4.77912349311	-1672.0658937	
-4.78192069773	-1672.06541479	
-4.78471009982	-1672.06493714	
-4.78749174278	-1672.06446075	
-4.79026566966	-1672.06398562	
-4.79303192316	-1672.06351174	
-4.7957905456	-1672.06303911	
-4.79854157897	-1672.06256774	
-4.80128506491	-1672.06209761	
-4.80402104473	-1672.06162873	
-4.80674955939	-1672.06116109	
-4.8094706495	-1672.0606947	
-4.81218435537	-1672.06022954	
-4.81489071697	-1672.05976562	
-4.81758977394	-1672.05930293	
-4.82028156561	-1672.05884148	
-4.82296613098	-1672.05838125	
-4.82564350875	-1672.05792225	
-4.8283137373	-1672.05746448	
-4.83097685472	-1672.05700793	
-4.83363289878	-1672.05655259	
-4.83628190695	-1672.05609848	
-4.83892391641	-1672.05564557	
-4.84155896405	-1672.05519388	
-4.84418708646	-1672.05474339	
-4.84680831994	-1672.05429412	
-4.84942270051	-1672.05384604	
-4.85203026392	-1672.05339916	
-4.85463104562	-1672.05295348	
-4.8572250808	-1672.052509	
-4.85981240436	-1672.05206571	
-4.86239305096	-1672.0516236	
-4.86496705495	-1672.05118268	
-4.86753445046	-1672.05074295	
-4.87009527132	-1672.05030439	
-4.87264955112	-1672.04986701	
-4.8751973232	-1672.04943081	
-4.87773862063	-1672.04899578	
-4.88027347623	-1672.04856191	
-4.88280192259	-1672.04812921	
-4.88532399202	-1672.04769767	
-4.88783971662	-1672.04726729	
-4.89034912822	-1672.04683807	
-4.89285225844	-1672.04641	
-4.89534913864	-1672.04598308	
-4.89783979995	-1672.04555731	
-4.90032427328	-1672.04513268	
-4.90280258929	-1672.0447092	
-4.90527477844	-1672.04428685	
-4.90774087093	-1672.04386563	
-4.91020089677	-1672.04344555	
-4.91265488574	-1672.0430266	
-4.91510286737	-1672.04260877	
-4.91754487103	-1672.04219206	
-4.91998092583	-1672.04177648	
-4.92241106068	-1672.04136201	
-4.92483530429	-1672.04094865	
-4.92725368516	-1672.0405364	
-4.92966623156	-1672.04012526	
-4.93207297159	-1672.03971522	
-4.93447393313	-1672.03930628	
-4.93686914386	-1672.03889844	
-4.93925863125	-1672.0384917	
-4.94164242261	-1672.03808604	
-4.94402054501	-1672.03768147	
-4.94639302537	-1672.03727799	
-4.94875989038	-1672.03687559	
-4.95112116656	-1672.03647426	
-4.95347688026	-1672.03607401	
-4.9558270576	-1672.03567483	
-4.95817172456	-1672.03527673	
-4.96051090691	-1672.03487968	
-4.96284463026	-1672.0344837	
-4.96517292002	-1672.03408878	
-4.96749580144	-1672.03369491	
-4.96981329958	-1672.0333021	
-4.97212543933	-1672.03291033	
-4.97443224543	-1672.03251961	
-4.97673374242	-1672.03212994	
-4.97902995468	-1672.0317413	
-4.98132090643	-1672.03135371	
-4.98360662171	-1672.03096714	
-4.98588712441	-1672.03058161	
-4.98816243824	-1672.0301971	
-4.99043258678	-1672.02981362	
-4.99269759341	-1672.02943115	
-4.99495748138	-1672.02904971	
-4.99721227376	-1672.02866928	
-4.9994619935	-1672.02828986	
-5.00170666335	-1672.02791145	
-5.00394630595	-1672.02753405	
-5.00618094375	-1672.02715764	
-5.00841059907	-1672.02678224	
-5.0106352941	-1672.02640783	
-5.01285505083	-1672.02603441	
-5.01506989116	-1672.02566198	
-5.01727983681	-1672.02529054	
-5.01948490937	-1672.02492009	
-5.02168513028	-1672.02455061	
-5.02388052085	-1672.02418211	
-5.02607110223	-1672.02381458	
-5.02825689545	-1672.02344802	
-5.03043792139	-1672.02308244	
-5.03261420082	-1672.02271781	
-5.03478575433	-1672.02235415	
-5.03695260241	-1672.02199144	
-5.03911476542	-1672.02162969	
-5.04127226356	-1672.0212689	
-5.04342511692	-1672.02090905	
-5.04557334546	-1672.02055014	
-5.047716969	-1672.02019219	
-5.04985600725	-1672.01983517	
-5.05199047978	-1672.01947908	
-5.05412040604	-1672.01912393	
-5.05624580535	-1672.01876972	
-5.05836669692	-1672.01841643	
-5.06048309982	-1672.01806406	
-5.06259503303	-1672.01771262	
-5.06470251537	-1672.01736209	
-5.06680556556	-1672.01701248	
-5.06890420222	-1672.01666379	
-5.07099844382	-1672.016316	
-5.07308830874	-1672.01596912	
-5.07517381523	-1672.01562314	
-5.07725498144	-1672.01527807	
-5.07933182538	-1672.01493389	
-5.08140436498	-1672.01459061	
-5.08347261805	-1672.01424822	
-5.08553660227	-1672.01390671	
-5.08759633523	-1672.0135661	
-5.08965183441	-1672.01322637	
-5.09170311719	-1672.01288751	
-5.09375020081	-1672.01254954	
-5.09579310244	-1672.01221244	
-5.09783183913	-1672.01187621	
-5.09986642782	-1672.01154085	
-5.10189688537	-1672.01120636	
-5.10392322852	-1672.01087273	
-5.1059454739	-1672.01053996	
-5.10796363806	-1672.01020805	
-5.10997773743	-1672.00987699	
-5.11198778836	-1672.00954678	
-5.11399380708	-1672.00921742	
-5.11599580975	-1672.00888891	
-5.11799381242	-1672.00856124	
-5.11998783102	-1672.00823441	
-5.12197788143	-1672.00790842	
-5.1239639794	-1672.00758327	
-5.12594614061	-1672.00725894	
-5.12792438062	-1672.00693545	
-5.12989871492	-1672.00661278	
-5.13186915891	-1672.00629093	
-5.13383572788	-1672.00596991	
-5.13579843705	-1672.00564971	
-5.13775730154	-1672.00533032	
-5.13971233637	-1672.00501174	
-5.1416635565	-1672.00469397	
-5.14361097679	-1672.00437702	
-5.145554612	-1672.00406086	
-5.14749447681	-1672.00374551	
-5.14943058584	-1672.00343096	
-5.15136295359	-1672.0031172	
-5.1532915945	-1672.00280424	
-5.15521652291	-1672.00249207	
-5.15713775309	-1672.00218069	
-5.15905529921	-1672.00187009	
-5.1609691754	-1672.00156028	
-5.16287939565	-1672.00125125	
-5.16478597392	-1672.000943	
-5.16668892407	-1672.00063552	
-5.16858825987	-1672.00032882	
-5.17048399504	-1672.00002289	
-5.17237614319	-1671.99971772	
-5.17426471788	-1671.99941332	
-5.17614973257	-1671.99910968	
-5.17803120067	-1671.99880681	
-5.1799091355	-1671.99850469	
-5.18178355029	-1671.99820333	
-5.18365445823	-1671.99790272	
-5.1855218724	-1671.99760286	
-5.18738580584	-1671.99730374	
-5.18924627149	-1671.99700538	
-5.19110328224	-1671.99670775	
-5.19295685089	-1671.99641087	
-5.19480699018	-1671.99611472	
-5.19665371277	-1671.99581931	
-5.19849703127	-1671.99552463	
-5.20033695819	-1671.99523068	
-5.202173506	-1671.99493746	
-5.20400668708	-1671.99464497	
-5.20583651375	-1671.9943532	
-5.20766299828	-1671.99406215	
-5.20948615284	-1671.99377182	
-5.21130598956	-1671.9934822	
-5.21312252048	-1671.9931933	
-5.21493575761	-1671.99290511	
-5.21674571285	-1671.99261763	
-5.21855239808	-1671.99233085	
-5.22035582508	-1671.99204478	
-5.22215600558	-1671.99175941	
-5.22395295126	-1671.99147474	
-5.22574667371	-1671.99119076	
-5.22753718449	-1671.99090749	
-5.22932449506	-1671.9906249	
-5.23110861685	-1671.990343	
-5.23288956123	-1671.9900618	
-5.23466733947	-1671.98978127	
-5.23644196283	-1671.98950143	
-5.23821344248	-1671.98922228	
-5.23998178954	-1671.9889438	
-5.24174701506	-1671.988666	
-5.24350913005	-1671.98838887	
-5.24526814546	-1671.98811241	
-5.24702407216	-1671.98783662	
-5.24877692099	-1671.98756151	
-5.25052670271	-1671.98728705	
-5.25227342805	-1671.98701326	
-5.25401710765	-1671.98674013	
-5.25575775213	-1671.98646766	
-5.25749537203	-1671.98619585	
-5.25922997784	-1671.98592469	
-5.26096158	-1671.98565418	
-5.2626901889	-1671.98538433	
-5.26441581487	-1671.98511512	
-5.26613846818	-1671.98484656	
-5.26785815906	-1671.98457864	
-5.26957489768	-1671.98431136	
-5.27128869416	-1671.98404472	
-5.27299955856	-1671.98377872	
-5.27470750091	-1671.98351336	
-5.27641253116	-1671.98324863	
-5.27811465923	-1671.98298453	
-5.27981389498	-1671.98272105	
-5.28151024823	-1671.98245821	
-5.28320372874	-1671.98219599	
-5.28489434622	-1671.98193439	
-5.28658211033	-1671.98167342	
-5.28826703069	-1671.98141306	
-5.28994911688	-1671.98115332	
-5.2916283784	-1671.98089419	
-5.29330482472	-1671.98063568	
-5.29497846528	-1671.98037778	
-5.29664930945	-1671.98012048	
-5.29831736655	-1671.9798638	
-5.29998264587	-1671.97960771	
-5.30164515664	-1671.97935224	
-5.30330490806	-1671.97909736	
-5.30496190927	-1671.97884308	
-5.30661616936	-1671.97858939	
-5.3082676974	-1671.97833631	
-5.30991650239	-1671.97808381	
-5.3115625933	-1671.97783191	
-5.31320597904	-1671.97758059	
-5.3148466685	-1671.97732986	
-5.3164846705	-1671.97707972	
-5.31811999384	-1671.97683016	
-5.31975264727	-1671.97658119	
-5.32138263948	-1671.97633279	
-5.32300997914	-1671.97608497	
-5.32463467487	-1671.97583772	
-5.32625673524	-1671.97559105	
-5.32787616879	-1671.97534495	
-5.32949298402	-1671.97509943	
-5.33110718937	-1671.97485447	
-5.33271879327	-1671.97461007	
-5.33432780407	-1671.97436625	
-5.33593423012	-1671.97412298	
-5.3375380797	-1671.97388028	
-5.33913936107	-1671.97363813	
-5.34073808243	-1671.97339654	
-5.34233425196	-1671.97315551	
-5.3439278778	-1671.97291503	
-5.34551896803	-1671.97267511	
-5.34710753072	-1671.97243573	
-5.34869357387	-1671.9721969	
-5.35027710548	-1671.97195862	
-5.35185813348	-1671.97172089	
-5.35343666577	-1671.9714837	
-5.35501271022	-1671.97124705	
-5.35658627467	-1671.97101094	
-5.3581573669	-1671.97077536	
-5.35972599468	-1671.97054033	
-5.36129216571	-1671.97030583	
-5.36285588769	-1671.97007186	
-5.36441716825	-1671.96983842	
-5.36597601502	-1671.96960551	
-5.36753243557	-1671.96937313	
-5.36908643744	-1671.96914128	
-5.37063802813	-1671.96890995	
-5.37218721511	-1671.96867914	
-5.37373400583	-1671.96844885	
-5.37527840768	-1671.96821909	
-5.37682042804	-1671.96798984	
-5.37836007422	-1671.96776111	
-5.37989735354	-1671.96753289	
-5.38143227326	-1671.96730518	
-5.38296484061	-1671.96707799	
-5.38449506279	-1671.96685131	
-5.38602294697	-1671.96662513	
-5.38754850028	-1671.96639946	
-5.38907172982	-1671.96617429	
-5.39059264266	-1671.96594963	
-5.39211124583	-1671.96572547	
-5.39362754635	-1671.96550181	
-5.39514155118	-1671.96527865	
-5.39665326727	-1671.96505599	
-5.39816270152	-1671.96483382	
-5.39966986081	-1671.96461214	
-5.40117475199	-1671.96439096	
-5.40267738187	-1671.96417026	
-5.40417775725	-1671.96395006	
-5.40567588487	-1671.96373034	
-5.40717177146	-1671.96351111	
-5.40866542372	-1671.96329237	
-5.4101568483	-1671.9630741	
-5.41164605186	-1671.96285632	
-5.41313304098	-1671.96263902	
-5.41461782224	-1671.9624222	
-5.4161004022	-1671.96220585	
-5.41758078737	-1671.96198998	
-5.41905898424	-1671.96177458	
-5.42053499927	-1671.96155966	
-5.42200883889	-1671.96134521	
-5.4234805095	-1671.96113122	
-5.42495001748	-1671.96091771	
-5.42641736918	-1671.96070466	
-5.4278825709	-1671.96049207	
-5.42934562895	-1671.96027995	
-5.43080654959	-1671.9600683	
-5.43226533906	-1671.9598571	
-5.43372200355	-1671.95964636	
-5.43517654927	-1671.95943608	
-5.43662898235	-1671.95922626	
-5.43807930892	-1671.95901689	
-5.4395275351	-1671.95880798	
-5.44097366695	-1671.95859951	
-5.44241771052	-1671.9583915	
-5.44385967184	-1671.95818394	
-5.4452995569	-1671.95797683	
-5.44673737167	-1671.95777016	
-5.44817312209	-1671.95756394	
-5.44960681409	-1671.95735817	
-5.45103845357	-1671.95715283	
-5.45246804638	-1671.95694794	
-5.45389559837	-1671.95674349	
-5.45532111536	-1671.95653947	
-5.45674460314	-1671.9563359	
-5.45816606749	-1671.95613275	
-5.45958551414	-1671.95593005	
-5.46100294883	-1671.95572778	
-5.46241837723	-1671.95552593	
-5.46383180503	-1671.95532452	
-5.46524323786	-1671.95512354	
-5.46665268137	-1671.95492299	
-5.46806014114	-1671.95472286	
-5.46946562274	-1671.95452316	
-5.47086913175	-1671.95432388	
-5.47227067367	-1671.95412503	
-5.47367025403	-1671.9539266	
-5.47506787829	-1671.95372858	
-5.47646355193	-1671.95353099	
-5.47785728038	-1671.95333381	
-5.47924906905	-1671.95313706	
-5.48063892334	-1671.95294071	
-5.48202684862	-1671.95274478	
-5.48341285022	-1671.95254926	
-5.48479693349	-1671.95235416	
-5.48617910372	-1671.95215946	
-5.48755936619	-1671.95196517	
-5.48893772616	-1671.95177129	
-5.49031418887	-1671.95157782	
-5.49168875953	-1671.95138475	
-5.49306144334	-1671.95119209	
-5.49443224547	-1671.95099983	
-5.49580117108	-1671.95080797	
-5.49716822529	-1671.95061651	
-5.49853341322	-1671.95042545	
-5.49989673995	-1671.95023479	
-5.50125821054	-1671.95004452	
-5.50261783006	-1671.94985465	
-5.50397560352	-1671.94966518	
-5.50533153593	-1671.94947609	
-5.50668563228	-1671.9492874	
-5.50803789753	-1671.94909911	
-5.50938833663	-1671.9489112	
-5.5107369545	-1671.94872368	
-5.51208375605	-1671.94853654	
-5.51342874616	-1671.9483498	
-5.51477192971	-1671.94816343	
-5.51611331154	-1671.94797746	
-5.51745289646	-1671.94779186	
-5.51879068931	-1671.94760665	
-5.52012669485	-1671.94742181	
-5.52146091786	-1671.94723736	
-5.5227933631	-1671.94705329	
-5.52412403528	-1671.94686959	
-5.52545293913	-1671.94668627	
-5.52678007934	-1671.94650332	
-5.52810546058	-1671.94632075	
-5.52942908751	-1671.94613855	
-5.53075096477	-1671.94595672	
-5.53207109697	-1671.94577526	
-5.53338948873	-1671.94559417	
-5.53470614461	-1671.94541345	
-5.53602106919	-1671.9452331	
-5.53733426702	-1671.94505311	
-5.53864574262	-1671.94487349	
-5.5399555005	-1671.94469423	
-5.54126354516	-1671.94451534	
-5.54256988107	-1671.94433681	
-5.5438745127	-1671.94415863	
-5.54517744448	-1671.94398082	
-5.54647868084	-1671.94380337	
-5.54777822618	-1671.94362627	
-5.5490760849	-1671.94344954	
-5.55037226136	-1671.94327315	
-5.55166675992	-1671.94309712	
-5.55295958492	-1671.94292145	
-5.55425074069	-1671.94274613	
-5.55554023152	-1671.94257116	
-5.5568280617	-1671.94239654	
-5.55811423551	-1671.94222227	
-5.5593987572	-1671.94204835	
-5.56068163102	-1671.94187477	
-5.56196286117	-1671.94170154	
-5.56324245188	-1671.94152866	
-5.56452040732	-1671.94135612	
-5.56579673168	-1671.94118393	
-5.56707142911	-1671.94101208	
-5.56834450376	-1671.94084057	
-5.56961595975	-1671.9406694	
-5.57088580119	-1671.94049857	
-5.57215403218	-1671.94032807	
-5.57342065679	-1671.94015792	
-5.5746856791	-1671.9399881	
-5.57594910315	-1671.93981862	
-5.57721093297	-1671.93964947	
-5.57847117258	-1671.93948066	
-5.57972982599	-1671.93931218	
-5.58098689718	-1671.93914403	
-5.58224239012	-1671.93897621	
-5.58349630878	-1671.93880872	
-5.5847486571	-1671.93864156	
-5.585999439	-1671.93847473	
-5.5872486584	-1671.93830823	
-5.5884963192	-1671.93814205	
-5.58974242528	-1671.9379762	
-5.59098698051	-1671.93781067	
-5.59222998875	-1671.93764547	
-5.59347145384	-1671.93748059	
-5.5947113796	-1671.93731602	
-5.59594976985	-1671.93715178	
-5.59718662839	-1671.93698786	
-5.598421959	-1671.93682426	
-5.59965576545	-1671.93666098	
-5.60088805149	-1671.93649801	
-5.60211882088	-1671.93633536	
-5.60334807733	-1671.93617303	
-5.60457582457	-1671.93601101	
-5.6058020663	-1671.9358493	
-5.60702680619	-1671.93568791	
-5.60825004793	-1671.93552683	
-5.60947179518	-1671.93536605	
-5.61069205159	-1671.93520559	
-5.61191082078	-1671.93504544	
-5.61312810639	-1671.9348856	
-5.61434391201	-1671.93472606	
-5.61555824124	-1671.93456683	
-5.61677109767	-1671.93440791	
-5.61798248485	-1671.93424929	
-5.61919240636	-1671.93409097	
-5.62040086572	-1671.93393296	
-5.62160786647	-1671.93377525	
-5.62281341212	-1671.93361784	
-5.62401750619	-1671.93346073	
-5.62522015215	-1671.93330392	
-5.6264213535	-1671.93314741	
-5.62762111369	-1671.9329912	
-5.62881943618	-1671.93283529	
-5.63001632442	-1671.93267967	
-5.63121178182	-1671.93252435	
-5.63240581181	-1671.93236932	
-5.6335984178	-1671.93221459	
-5.63478960317	-1671.93206015	
-5.6359793713	-1671.931906	
-5.63716772557	-1671.93175214	
-5.63835466933	-1671.93159858	
-5.63954020593	-1671.9314453	
-5.64072433869	-1671.93129232	
-5.64190707094	-1671.93113962	
-5.64308840598	-1671.93098721	
-5.64426834712	-1671.93083509	
-5.64544689764	-1671.93068325	
-5.64662406082	-1671.9305317	
-5.64779983991	-1671.93038043	
-5.64897423816	-1671.93022945	
-5.65014725882	-1671.93007874	
-5.65131890512	-1671.92992833	
-5.65248918027	-1671.92977819	
-5.65365808747	-1671.92962833	
-5.65482562993	-1671.92947875	
-5.65599181082	-1671.92932946	
-5.65715663332	-1671.92918044	
-5.65832010058	-1671.92903169	
-5.65948221576	-1671.92888323	
-5.660642982	-1671.92873504	
-5.66180240242	-1671.92858712	
-5.66296048014	-1671.92843948	
-5.66411721826	-1671.92829212	
-5.66527261989	-1671.92814502	
-5.66642668811	-1671.9279982	
-5.66757942599	-1671.92785165	
-5.6687308366	-1671.92770538	
-5.66988092298	-1671.92755937	
-5.67102968818	-1671.92741363	
-5.67217713524	-1671.92726816	
-5.67332326717	-1671.92712296	
-5.67446808699	-1671.92697802	
-5.67561159769	-1671.92683335	
-5.67675380227	-1671.92668895	
-5.6778947037	-1671.92654481	
-5.67903430497	-1671.92640094	
-5.68017260902	-1671.92625733	
-5.6813096188	-1671.92611398	
-5.68244533727	-1671.9259709	
-5.68357976734	-1671.92582808	
-5.68471291194	-1671.92568551	
-5.68584477397	-1671.92554321	
-5.68697535634	-1671.92540117	
-5.68810466194	-1671.92525938	
-5.68923269364	-1671.92511786	
-5.69035945432	-1671.92497659	
-5.69148494685	-1671.92483558	
-5.69260917406	-1671.92469482	
-5.6937321388	-1671.92455432	
-5.69485384391	-1671.92441408	
-5.69597429221	-1671.92427408	
-5.69709348651	-1671.92413435	
-5.69821142961	-1671.92399486	
-5.69932812431	-1671.92385563	
-5.70044357339	-1671.92371664	
-5.70155777963	-1671.92357791	
-5.7026707458	-1671.92343943	
-5.70378247466	-1671.9233012	
-5.70489296894	-1671.92316321	
-5.70600223139	-1671.92302547	
-5.70711026475	-1671.92288799	
-5.70821707172	-1671.92275074	
-5.70932265503	-1671.92261375	
-5.71042701737	-1671.922477	
-5.71153016145	-1671.92234049	
-5.71263208993	-1671.92220423	
-5.71373280551	-1671.92206821	
-5.71483231084	-1671.92193243	
-5.71593060859	-1671.9217969	
-5.71702770141	-1671.92166161	
-5.71812359193	-1671.92152656	
-5.71921828279	-1671.92139175	
-5.72031177661	-1671.92125718	
-5.72140407601	-1671.92112284	
-5.72249518359	-1671.92098875	
-5.72358510195	-1671.9208549	
-5.72467383369	-1671.92072128	
-5.72576138137	-1671.92058789	
-5.72684774759	-1671.92045475	
-5.72793293489	-1671.92032184	
-5.72901694583	-1671.92018916	
-5.73009978297	-1671.92005672	
-5.73118144884	-1671.91992451	
-5.73226194598	-1671.91979254	
-5.7333412769	-1671.91966079	
-5.73441944412	-1671.91952928	
-5.73549645015	-1671.919398	
-5.73657229748	-1671.91926695	
-5.73764698861	-1671.91913613	
-5.73872052602	-1671.91900554	
-5.73979291218	-1671.91887518	
-5.74086414956	-1671.91874505	
-5.74193424062	-1671.91861514	
-5.74300318781	-1671.91848546	
-5.74407099357	-1671.91835601	
-5.74513766034	-1671.91822678	
-5.74620319054	-1671.91809778	
-5.7472675866	-1671.917969	
-5.74833085092	-1671.91784045	
-5.74939298591	-1671.91771212	
-5.75045399397	-1671.91758402	
-5.75151387748	-1671.91745613	
-5.75257263883	-1671.91732847	
-5.75363028038	-1671.91720103	
-5.75468680452	-1671.91707381	
-5.75574221359	-1671.91694681	
-5.75679650994	-1671.91682003	
-5.75784969593	-1671.91669347	
-5.75890177388	-1671.91656712	
-5.75995274612	-1671.916441	
-5.76100261499	-1671.91631509	
-5.76205138278	-1671.9161894	
-5.76309905181	-1671.91606393	
-5.76414562438	-1671.91593867	
-5.76519110278	-1671.91581362	
-5.7662354893	-1671.91568879	
-5.76727878622	-1671.91556418	
-5.76832099579	-1671.91543978	
-5.7693621203	-1671.91531559	
-5.770402162	-1671.91519161	
-5.77144112313	-1671.91506785	
-5.77247900594	-1671.9149443	
-5.77351581267	-1671.91482095	
-5.77455154554	-1671.91469782	
-5.77558620679	-1671.9145749	
-5.77661979861	-1671.91445219	
-5.77765232322	-1671.91432968	
-5.77868378283	-1671.91420739	
-5.77971417962	-1671.9140853	
-5.78074351579	-1671.91396342	
-5.78177179352	-1671.91384175	
-5.78279901497	-1671.91372028	
-5.78382518233	-1671.91359902	
-5.78485029774	-1671.91347796	
-5.78587436337	-1671.91335711	
-5.78689738137	-1671.91323646	
-5.78791935386	-1671.91311601	
-5.788940283	-1671.91299577	
-5.7899601709	-1671.91287573	
-5.79097901969	-1671.9127559	
-5.79199683148	-1671.91263626	
-5.79301360838	-1671.91251683	
-5.7940293525	-1671.91239759	
-5.79504406593	-1671.91227856	
-5.79605775077	-1671.91215973	
-5.79707040908	-1671.91204109	
-5.79808204295	-1671.91192266	
-5.79909265446	-1671.91180442	
-5.80010224566	-1671.91168638	
-5.80111081862	-1671.91156853	
-5.80211837538	-1671.91145089	
-5.80312491799	-1671.91133344	
-5.80413044849	-1671.91121618	
-5.80513496892	-1671.91109912	
-5.80613848129	-1671.91098226	
-5.80714098764	-1671.91086559	
-5.80814248998	-1671.91074911	
-5.80914299031	-1671.91063283	
