#Site	lnL	
0	-1.26534276842
1	-1.21303736183
2	-1.2960951912
3	-1.26534276842
4	-1.9001940882
5	-1.2960951912
6	-1.35154058722
7	-1.21303736183
8	-15.8152563227
9	-1.35154058722
10	-1.9001940882
11	-8.20982611057
12	-1.26534276842
13	-1.9001940882
14	-15.5342877519
15	-1.26534276842
16	-1.21303736183
17	-31.0304016584
18	-1.26534276842
19	-1.21303736183
20	-6.65130067938
21	-1.26534276842
22	-1.9001940882
23	-13.9540896782
24	-1.26534276842
25	-1.21303736183
26	-12.4552601128
27	-1.35154058722
28	-1.51992665108
29	-1.87569322908
30	-1.26534276842
31	-7.89821989835
32	-7.1459835979
33	-1.35154058722
34	-1.21303736183
35	-6.64473858281
36	-1.26534276842
37	-1.31164580558
38	-7.08508731844
39	-5.77104720529
40	-1.51992665108
41	-11.6547767202
42	-1.96310412999
43	-1.31164580558
44	-19.3510374413
45	-1.58729573336
46	-1.9001940882
47	-11.244102
48	-1.58729573336
49	-1.31164580558
50	-19.6674783136
51	-1.26534276842
52	-1.51992665108
53	-1.49366886851
54	-1.35154058722
55	-1.9001940882
56	-13.3012384688
57	-1.35154058722
58	-1.51992665108
59	-1.19263771889
60	-1.35154058722
61	-1.31164580558
62	-15.4513406858
63	-1.35154058722
64	-1.21303736183
65	-7.20980382188
66	-1.26534276842
67	-1.51992665108
68	-1.19263771889
69	-1.26534276842
70	-1.31164580558
71	-6.71370726116
72	-1.58729573336
73	-6.8678448338
74	-15.4518031638
75	-1.96310412999
76	-1.51992665108
77	-20.7061400085
78	-1.35154058722
79	-1.51992665108
80	-9.73147650727
81	-1.35154058722
82	-1.21303736183
83	-8.70896082391
84	-5.73159859774
85	-1.31164580558
86	-13.0847464737
87	-1.26534276842
88	-7.35268063407
89	-18.6228104675
90	-10.3417966766
91	-1.31164580558
92	-8.54267138374
93	-1.35154058722
94	-1.31164580558
95	-7.71292061371
96	-1.26534276842
97	-1.51992665108
98	-1.49366886851
99	-1.26534276842
100	-1.31164580558
101	-1.87569322908
102	-1.58729573336
103	-1.9001940882
104	-12.7323161771
105	-1.58729573336
106	-1.51992665108
107	-15.6289207189
108	-1.26534276842
109	-1.31164580558
110	-1.2960951912
111	-1.26534276842
112	-1.31164580558
113	-12.4052605125
114	-1.35154058722
115	-1.21303736183
116	-14.4535094112
117	-1.35154058722
118	-1.9001940882
119	-1.2960951912
120	-1.96310412999
121	-1.51992665108
122	-7.19176204181
123	-1.26534276842
124	-6.85747953101
125	-13.0653068853
126	-1.26534276842
127	-1.31164580558
128	-6.70189838549
129	-1.26534276842
130	-1.9001940882
131	-6.70189838549
132	-1.58729573336
133	-1.21303736183
134	-1.2960951912
135	-1.58729573336
136	-1.31164580558
137	-11.7190549669
138	-1.96310412999
139	-1.21303736183
140	-1.19263771889
141	-1.26534276842
142	-1.51992665108
143	-9.40126418216
144	-1.26534276842
145	-1.21303736183
146	-7.22333254298
147	-6.36114375839
148	-1.9001940882
149	-6.65130067938
150	-1.35154058722
151	-1.51992665108
152	-14.7479073191
153	-1.26534276842
154	-1.31164580558
155	-15.055882055
156	-1.58729573336
157	-1.31164580558
158	-20.4264190245
159	-1.35154058722
160	-1.9001940882
161	-6.59529507735
162	-1.26534276842
163	-1.31164580558
164	-17.2614130605
165	-1.35154058722
166	-1.31164580558
167	-14.1879149857
168	-1.35154058722
169	-1.51992665108
170	-8.92334930012
171	-1.96310412999
172	-1.9001940882
173	-1.2960951912
174	-1.35154058722
175	-1.9001940882
176	-1.2960951912
177	-1.58729573336
178	-1.31164580558
179	-6.64473858281
180	-1.35154058722
181	-1.9001940882
182	-1.2960951912
183	-6.3272814629
184	-1.9001940882
185	-11.7070866902
186	-7.28328044002
187	-1.51992665108
188	-8.22407934042
189	-1.58729573336
190	-1.9001940882
191	-11.5147082216
192	-1.35154058722
193	-1.21303736183
194	-12.4266013478
195	-1.96310412999
196	-1.51992665108
197	-13.4698624262
198	-1.26534276842
199	-1.51992665108
200	-12.2506004024
201	-1.26534276842
202	-1.31164580558
203	-21.747804871
204	-1.35154058722
205	-1.9001940882
206	-1.87569322908
207	-1.26534276842
208	-1.31164580558
209	-1.2960951912
210	-1.35154058722
211	-1.21303736183
212	-6.59529507735
213	-1.58729573336
214	-1.31164580558
215	-7.7345511298
216	-1.58729573336
217	-1.31164580558
218	-19.3677940201
219	-1.96310412999
220	-1.9001940882
221	-9.21154788285
222	-1.26534276842
223	-1.51992665108
224	-15.1379494599
225	-1.35154058722
226	-1.51992665108
227	-7.20980382188
228	-1.35154058722
229	-7.4134928624
230	-19.7494492508
231	-1.96310412999
232	-1.21303736183
233	-9.40126418216
234	-1.58729573336
235	-1.51992665108
236	-13.0688613181
237	-1.96310412999
238	-1.21303736183
239	-8.22407934042
240	-1.26534276842
241	-1.31164580558
242	-13.5232249965
243	-1.26534276842
244	-1.9001940882
245	-6.64473858281
246	-1.26534276842
247	-1.21303736183
248	-6.59529507735
249	-1.35154058722
250	-1.51992665108
251	-6.64473858281
252	-1.35154058722
253	-6.36316399174
254	-16.1642592761
255	-1.58729573336
256	-1.9001940882
257	-6.70189838549
258	-1.26534276842
259	-1.51992665108
260	-6.70189838549
261	-1.26534276842
262	-1.51992665108
263	-1.2960951912
264	-1.26534276842
265	-1.9001940882
266	-14.7642734325
267	-1.26534276842
268	-1.9001940882
269	-17.9696087847
270	-1.58729573336
271	-6.7772806126
272	-6.71370726116
273	-1.35154058722
274	-1.31164580558
275	-1.2960951912
276	-1.58729573336
277	-1.31164580558
278	-1.19263771889
279	-1.96310412999
280	-1.51992665108
281	-1.49366886851
282	-1.35154058722
283	-1.21303736183
284	-7.7345511298
285	-1.58729573336
286	-1.31164580558
287	-8.27757811586
288	-6.27982508452
289	-1.31164580558
290	-13.9886751462
291	-1.58729573336
292	-1.21303736183
293	-1.2960951912
294	-1.26534276842
295	-1.31164580558
296	-1.19263771889
297	-1.35154058722
298	-1.31164580558
299	-13.9820486477
300	-1.96310412999
301	-1.31164580558
302	-1.19263771889
303	-1.58729573336
304	-1.51992665108
305	-6.64473858281
306	-1.26534276842
307	-1.9001940882
308	-1.87569322908
309	-1.96310412999
310	-1.21303736183
311	-11.6701147871
312	-1.26534276842
313	-1.51992665108
314	-12.4552601128
315	-1.96310412999
316	-1.31164580558
317	-8.20982611057
318	-1.58729573336
319	-1.31164580558
320	-1.2960951912
321	-6.85054201352
322	-1.51992665108
323	-17.8582387907
324	-1.96310412999
325	-1.31164580558
326	-14.859028567
327	-1.58729573336
328	-1.31164580558
329	-23.3484455569
330	-1.96310412999
331	-1.21303736183
332	-7.08508731844
333	-1.26534276842
334	-1.9001940882
335	-6.70189838549
336	-1.58729573336
337	-1.9001940882
338	-1.49366886851
339	-7.96560267056
340	-1.31164580558
341	-18.5261362227
342	-6.25711898015
343	-1.31164580558
344	-1.19263771889
345	-1.58729573336
346	-1.21303736183
347	-1.87569322908
348	-1.35154058722
349	-6.2564662743
350	-6.64473858281
351	-1.26534276842
352	-1.31164580558
353	-13.1372084736
354	-1.35154058722
355	-1.31164580558
356	-7.71292061371
357	-7.36250463571
358	-1.21303736183
359	-8.92869160661
360	-1.26534276842
361	-1.31164580558
362	-7.1459835979
363	-1.96310412999
364	-1.51992665108
365	-6.65130067938
366	-1.58729573336
367	-1.21303736183
368	-7.7345511298
369	-6.36114375839
370	-1.31164580558
371	-11.5147082216
372	-1.26534276842
373	-1.21303736183
374	-15.4681281078
375	-1.35154058722
376	-6.85747953101
377	-7.10250264785
378	-1.26534276842
379	-1.21303736183
380	-6.70189838549
381	-1.58729573336
382	-1.21303736183
383	-9.44505624751
384	-1.35154058722
385	-1.51992665108
386	-23.6762255586
387	-1.26534276842
388	-1.51992665108
389	-10.5620669703
390	-1.96310412999
391	-1.21303736183
392	-6.64473858281
393	-1.58729573336
394	-1.31164580558
395	-8.7042770105
396	-1.35154058722
397	-6.2564662743
398	-18.6856566468
399	-1.26534276842
400	-1.21303736183
401	-1.2960951912
402	-8.18680058918
403	-1.9001940882
404	-11.0784729905
405	-1.26534276842
406	-1.21303736183
407	-15.1003048261
408	-1.58729573336
409	-1.51992665108
410	-14.3013323789
411	-1.26534276842
412	-1.51992665108
413	-7.20980382188
414	-1.26534276842
415	-1.31164580558
416	-10.8281044562
417	-1.58729573336
418	-1.51992665108
419	-6.70189838549
420	-1.58729573336
421	-1.9001940882
422	-8.43297453466
423	-1.96310412999
424	-1.21303736183
425	-1.19263771889
426	-9.07080970446
427	-1.51992665108
428	-15.5999092153
429	-1.26534276842
430	-1.21303736183
431	-22.8853661842
432	-1.35154058722
433	-6.2564662743
434	-12.1369722839
435	-1.26534276842
436	-1.51992665108
437	-11.6547767202
438	-1.96310412999
439	-1.21303736183
440	-1.2960951912
441	-7.31259534985
442	-1.31164580558
443	-7.76910460308
444	-1.58729573336
445	-1.51992665108
446	-7.2353790781
447	-8.24126271142
448	-1.51992665108
449	-7.7345511298
450	-1.26534276842
451	-1.31164580558
452	-20.4300588389
453	-1.35154058722
454	-1.21303736183
455	-1.2960951912
456	-1.26534276842
457	-1.21303736183
458	-1.2960951912
459	-1.58729573336
460	-1.21303736183
461	-1.49366886851
462	-1.35154058722
463	-1.21303736183
464	-17.9275695295
465	-1.35154058722
466	-1.51992665108
467	-1.2960951912
468	-14.0668765441
469	-1.31164580558
470	-6.59529507735
471	-1.58729573336
472	-1.21303736183
473	-6.59529507735
474	-1.35154058722
475	-1.21303736183
476	-1.19263771889
477	-1.58729573336
478	-1.21303736183
479	-1.49366886851
480	-1.96310412999
481	-1.31164580558
482	-21.3151164388
483	-7.5546610699
484	-1.9001940882
485	-1.2960951912
486	-7.95199380297
487	-1.21303736183
488	-17.7665898555
