-7.196573229016220985e-01
-4.668931754189963312e-01
-7.824272692445006783e-01
2.837487891170920928e+00
-8.454046058192188351e-01
2.535118815056100594e+00
2.535118815056100594e+00
-4.721910821364462940e+00
-3.619085804696218212e+00
-3.703653505906483012e+00
-4.291756389799428639e+00
-7.273457072922102640e+00
-5.731450784744922977e+00
-5.645795478870744510e+00
-4.935430279913200380e+00
-6.044237764317754724e+00
-5.459633830440247415e+00
-5.258794615866919209e+00
-5.868852612741874530e+00
-2.765006143634429758e+00
