#Site	lnL	
0	-5.67103145361
1	-1.53358439371
2	-3.40554232002
3	-1.25142720008
4	-1.30621415464
5	-13.0284589132
6	-1.25142720008
7	-1.30621415464
8	-10.5516290741
9	-8.79426508341
10	-1.20829009771
11	-7.68107201388
12	-1.59833260443
13	-1.30621415464
14	-9.05003781936
15	-1.59833260443
16	-1.30621415464
17	-2.90263857941
18	-1.25142720008
19	-1.79396429914
20	-2.90263857941
21	-1.35954960556
22	-1.20829009771
23	-7.24599463432
24	-1.86454102758
25	-1.79396429914
26	-12.2759309122
27	-1.25142720008
28	-1.53358439371
29	-13.375310928
30	-1.86454102758
31	-1.79396429914
32	-4.12593935311
33	-1.59833260443
34	-1.20829009771
35	-3.40554232002
36	-1.86454102758
37	-1.20829009771
38	-2.90263857941
39	-1.86454102758
40	-1.30621415464
41	-7.5217646474
42	-1.25142720008
43	-1.53358439371
44	-6.02678206188
45	-1.59833260443
46	-1.30621415464
47	-4.67725647155
48	-1.59833260443
49	-1.20829009771
50	-3.40554232002
51	-7.23359053688
52	-1.79396429914
53	-5.51968559515
54	-1.35954960556
55	-1.30621415464
56	-4.82069057671
57	-1.59833260443
58	-1.20829009771
59	-14.7949013673
60	-1.35954960556
61	-1.53358439371
62	-8.14757738636
63	-1.59833260443
64	-1.53358439371
65	-9.42703263753
66	-1.35954960556
67	-1.20829009771
68	-9.55017071323
69	-1.25142720008
70	-1.79396429914
71	-8.05134359243
72	-1.35954960556
73	-6.53423646181
74	-9.00412547957
75	-1.25142720008
76	-1.79396429914
77	-6.41680467704
78	-1.25142720008
79	-1.30621415464
80	-3.40554232002
81	-1.25142720008
82	-1.30621415464
83	-7.84956393176
84	-1.35954960556
85	-1.30621415464
86	-2.90263857941
87	-1.59833260443
88	-1.53358439371
89	-7.40536944134
90	-1.86454102758
91	-1.53358439371
92	-7.43801303841
93	-6.19557184092
94	-1.30621415464
95	-5.27614264474
96	-1.59833260443
97	-1.20829009771
98	-7.5217646474
99	-1.25142720008
100	-1.30621415464
101	-10.0166492639
102	-1.59833260443
103	-1.79396429914
104	-9.49557404817
105	-1.35954960556
106	-1.20829009771
107	-5.36939256912
108	-1.35954960556
109	-1.30621415464
110	-11.0918548844
111	-5.65258250141
112	-1.30621415464
113	-3.40554232002
114	-1.86454102758
115	-1.53358439371
116	-5.18400344396
117	-6.29264406565
118	-1.20829009771
119	-8.80396829079
120	-1.59833260443
121	-1.79396429914
122	-8.58629901216
123	-1.25142720008
124	-1.53358439371
125	-3.40554232002
126	-1.59833260443
127	-1.53358439371
128	-6.36921960555
129	-1.35954960556
130	-1.79396429914
131	-3.40554232002
132	-1.35954960556
133	-1.79396429914
134	-4.9578710215
135	-1.25142720008
136	-1.30621415464
137	-8.87150926252
138	-1.35954960556
139	-1.79396429914
140	-4.67725647155
141	-1.86454102758
142	-1.30621415464
143	-6.90241096602
144	-1.25142720008
145	-1.20829009771
146	-5.37820097204
147	-1.25142720008
148	-1.20829009771
149	-5.04474941872
150	-1.25142720008
151	-8.17485711129
152	-5.37820097204
153	-1.59833260443
154	-1.53358439371
155	-5.51968559515
156	-1.35954960556
157	-1.53358439371
158	-6.90180986139
159	-6.29264406565
160	-1.30621415464
161	-6.90241096602
162	-1.86454102758
163	-1.53358439371
164	-3.40554232002
165	-1.25142720008
166	-1.53358439371
167	-5.64750722153
168	-1.25142720008
169	-1.79396429914
170	-8.29977760763
171	-1.25142720008
172	-1.79396429914
173	-6.6916993196
174	-1.25142720008
175	-1.30621415464
176	-2.90263857941
177	-1.35954960556
178	-1.20829009771
179	-5.04474941872
180	-1.35954960556
181	-1.20829009771
182	-13.9576190886
183	-1.59833260443
184	-1.20829009771
185	-8.75604296494
186	-1.25142720008
187	-1.30621415464
188	-14.6120854116
189	-1.35954960556
190	-1.20829009771
191	-4.82069057671
192	-1.86454102758
193	-1.30621415464
194	-2.90263857941
195	-1.25142720008
196	-1.79396429914
197	-6.4233552998
198	-1.35954960556
199	-1.53358439371
200	-8.58629901216
201	-1.35954960556
202	-1.20829009771
203	-7.48444230125
204	-1.35954960556
205	-9.03082788432
206	-7.17614901743
207	-1.25142720008
208	-11.5041503244
209	-7.99079026373
210	-1.86454102758
211	-1.30621415464
212	-13.1145502245
213	-1.35954960556
214	-1.79396429914
215	-5.60403138653
216	-1.35954960556
217	-1.30621415464
218	-7.3228513129
219	-1.86454102758
220	-10.6363960535
221	-8.75026373829
222	-1.25142720008
223	-1.53358439371
224	-10.7011387203
225	-1.25142720008
226	-1.30621415464
227	-2.90263857941
228	-1.86454102758
229	-1.20829009771
230	-2.90263857941
231	-1.35954960556
232	-1.30621415464
233	-2.90263857941
234	-6.2155561139
235	-1.53358439371
236	-4.9578710215
237	-1.59833260443
238	-1.79396429914
239	-7.99005888352
240	-1.86454102758
241	-1.30621415464
242	-11.62904065
243	-1.25142720008
244	-1.20829009771
245	-5.04474941872
246	-1.35954960556
247	-1.53358439371
248	-9.41228475838
249	-1.35954960556
250	-1.79396429914
251	-8.2107936945
252	-1.86454102758
253	-1.53358439371
254	-2.90263857941
255	-1.35954960556
256	-1.20829009771
257	-9.30179269707
258	-1.35954960556
259	-1.53358439371
260	-9.09483291307
261	-1.35954960556
262	-1.20829009771
263	-13.2208786084
264	-1.59833260443
265	-1.30621415464
266	-9.4693190085
267	-1.86454102758
268	-1.30621415464
269	-6.64315853789
270	-8.15996763901
271	-1.20829009771
272	-12.8852919176
273	-1.35954960556
274	-1.30621415464
275	-6.90241096602
276	-1.86454102758
277	-1.53358439371
278	-5.35086194195
279	-1.59833260443
280	-1.79396429914
281	-2.90263857941
282	-6.19557184092
283	-1.79396429914
284	-9.71279252198
285	-1.86454102758
286	-1.30621415464
287	-5.51968559515
288	-1.86454102758
289	-1.53358439371
290	-2.90263857941
291	-1.59833260443
292	-1.79396429914
293	-16.3944811521
294	-1.25142720008
295	-1.20829009771
296	-2.90263857941
297	-1.59833260443
298	-1.79396429914
299	-14.5783404119
300	-1.59833260443
301	-1.20829009771
302	-6.41680467704
303	-1.25142720008
304	-1.20829009771
305	-8.09630672562
306	-1.35954960556
307	-1.20829009771
308	-5.37820097204
309	-1.25142720008
310	-1.20829009771
311	-4.12593935311
312	-1.59833260443
313	-1.20829009771
314	-12.3391542467
315	-1.35954960556
316	-1.20829009771
317	-4.33356460763
318	-1.35954960556
319	-1.20829009771
320	-7.84678672702
321	-1.35954960556
322	-1.79396429914
323	-2.90263857941
324	-1.86454102758
325	-1.53358439371
326	-5.64750722153
327	-1.86454102758
328	-1.30621415464
329	-7.3228513129
330	-1.59833260443
331	-1.53358439371
332	-4.12593935311
333	-1.35954960556
334	-1.30621415464
335	-3.40554232002
336	-1.59833260443
337	-1.79396429914
338	-2.90263857941
339	-1.25142720008
340	-1.30621415464
341	-6.27265438097
342	-1.25142720008
343	-1.79396429914
344	-5.27614264474
345	-1.59833260443
346	-1.53358439371
347	-5.8551063073
348	-8.13798743752
349	-1.20829009771
350	-4.12593935311
351	-1.25142720008
352	-1.20829009771
353	-2.90263857941
354	-1.25142720008
355	-8.86596169086
356	-5.64750722153
357	-1.59833260443
358	-1.30621415464
359	-5.96645993814
360	-1.59833260443
361	-1.20829009771
362	-5.04474941872
363	-1.86454102758
364	-1.20829009771
365	-14.6986859855
366	-1.86454102758
367	-1.30621415464
368	-4.12593935311
369	-1.59833260443
370	-1.53358439371
371	-6.0724688654
372	-1.25142720008
373	-1.79396429914
374	-6.42933497774
375	-1.59833260443
376	-1.30621415464
377	-4.53455644517
378	-1.35954960556
379	-1.30621415464
380	-8.12066084849
381	-1.86454102758
382	-1.53358439371
383	-3.40554232002
384	-1.86454102758
385	-1.20829009771
386	-6.0724688654
387	-1.59833260443
388	-1.30621415464
389	-7.01208837114
390	-1.25142720008
391	-1.20829009771
392	-12.6313201612
393	-1.86454102758
394	-1.79396429914
395	-4.82069057671
396	-1.35954960556
397	-1.53358439371
398	-4.82069057671
399	-1.35954960556
400	-1.20829009771
401	-6.31042645378
402	-1.25142720008
403	-1.20829009771
404	-7.4183940169
405	-1.35954960556
406	-1.20829009771
407	-5.36939256912
408	-1.59833260443
409	-1.30621415464
410	-11.0557891184
411	-1.59833260443
412	-1.20829009771
413	-10.3640593363
414	-1.35954960556
415	-1.20829009771
416	-4.67725647155
417	-1.59833260443
418	-9.03143747552
419	-5.04474941872
420	-1.25142720008
421	-1.30621415464
422	-7.38629190166
423	-1.35954960556
424	-1.53358439371
425	-4.82069057671
426	-1.25142720008
427	-1.20829009771
428	-5.51968559515
429	-1.86454102758
430	-1.20829009771
431	-4.82069057671
432	-6.2155561139
433	-1.53358439371
434	-6.0724688654
435	-1.86454102758
436	-1.20829009771
437	-10.060416586
438	-1.35954960556
439	-1.30621415464
440	-6.80991321025
441	-9.47020423889
442	-9.06953854324
443	-6.27265438097
444	-1.25142720008
445	-1.53358439371
446	-4.9578710215
447	-11.3256841653
448	-1.20829009771
449	-5.64750722153
450	-1.35954960556
451	-1.20829009771
452	-4.67725647155
453	-1.35954960556
454	-1.53358439371
455	-9.30179269707
456	-6.19557184092
457	-1.53358439371
458	-2.90263857941
459	-1.25142720008
460	-1.79396429914
461	-7.15102329302
462	-1.35954960556
463	-1.53358439371
464	-2.90263857941
465	-1.25142720008
466	-1.20829009771
467	-9.16998940782
468	-1.25142720008
469	-1.53358439371
470	-6.80991321025
471	-1.25142720008
472	-1.79396429914
473	-3.40554232002
474	-7.44495959657
475	-1.30621415464
476	-4.12593935311
477	-1.25142720008
478	-1.20829009771
479	-9.02387632991
480	-1.35954960556
481	-1.20829009771
482	-4.67725647155
483	-7.80624307739
484	-1.20829009771
485	-15.0442233024
486	-1.25142720008
487	-1.20829009771
488	-6.95136890105
