#Site	lnL	
0	-6.94062817329
1	-15.9941055626
2	-5.83446978188
3	-14.122685507
4	-5.21796145463
5	-7.35584354264
6	-14.6678053997
7	-21.7980475813
8	-11.5257509353
9	-5.74239834299
10	-21.0268564539
11	-16.8535337048
12	-15.397213373
13	-16.848823462
14	-5.28267341082
15	-4.55036275902
16	-7.52435003436
17	-7.93962483587
18	-14.2292168266
19	-13.321034682
20	-11.8433138147
21	-12.2622289676
22	-4.60032958942
23	-4.58310505273
24	-8.81520227873
25	-7.46040574566
26	-7.40667412428
27	-15.0878152027
28	-4.92600542681
29	-11.4447440844
30	-8.17145919858
31	-5.75116487101
32	-15.6207126965
33	-4.57131209066
34	-7.73567428526
35	-16.2335948417
36	-13.2886463038
37	-13.9547667129
38	-5.21796145463
39	-5.90729667596
40	-12.1227926988
41	-12.7773348283
42	-10.8710274622
43	-12.6146235867
44	-11.1272804062
45	-4.21990957679
46	-7.84719640176
47	-5.10752834027
48	-7.01421487687
49	-9.93643730698
50	-13.3967658413
51	-8.18398953049
52	-8.12939497658
53	-10.4633147774
54	-8.71169781923
55	-4.55036275902
56	-6.99219144688
57	-5.18438884199
58	-10.8756376343
59	-10.5476505663
60	-15.6000332061
61	-6.21312691697
62	-5.57790442082
63	-11.6113771038
64	-7.82889928022
65	-6.20742616051
66	-12.7252962384
67	-5.21796145463
68	-8.62166903234
69	-5.1822542502
70	-9.96115291588
71	-13.3354453415
72	-16.8614826464
73	-10.5386433111
74	-8.07616151635
75	-20.6961561048
76	-11.4718211026
77	-7.48768250793
78	-13.0410749279
79	-9.14673178804
80	-5.32449023894
81	-9.8998982789
82	-14.6927247172
83	-8.39065079069
84	-12.6599230617
85	-6.56113030689
86	-9.05052850146
87	-3.9989938528
88	-10.8802944286
89	-5.28267341082
90	-15.1774469254
91	-19.8576901478
92	-12.2210358093
93	-8.6982763015
94	-9.96115291588
95	-13.5487431627
96	-7.19624954663
97	-11.1285815424
98	-5.23243199476
99	-7.32988079595
100	-7.27204958624
101	-5.71799607563
102	-14.6561358146
103	-6.93220243249
104	-18.5937668914
105	-4.21990957679
106	-8.9903506942
107	-13.3088791452
108	-11.9162624494
109	-7.84719640176
110	-11.7171265367
111	-5.75026544267
112	-10.7608615418
113	-8.59549438202
114	-9.54697367092
115	-3.9989938528
116	-7.97501793278
117	-7.96894569019
118	-9.11361578647
119	-9.6903650835
120	-3.9989938528
121	-8.83272120413
122	-4.41018817351
123	-5.75026544267
124	-15.7419892762
125	-25.4920300967
126	-20.6100832722
127	-4.57131209066
128	-9.5345156302
129	-6.8573014109
130	-7.80754660006
131	-13.6246516963
132	-9.75432056028
133	-9.80647278963
134	-21.2228905826
135	-11.8315772265
136	-20.3822034757
137	-20.2348712131
138	-6.20742616051
139	-14.1187622661
140	-9.59443495816
141	-10.1795378662
142	-7.39634613454
143	-17.0813012405
144	-7.98781774573
145	-10.081386436
146	-4.55036275902
147	-11.3553769188
148	-4.58310505273
149	-5.75116487101
150	-7.81127613778
151	-6.34748951762
152	-17.3925457027
153	-9.19527107723
154	-7.27204958624
155	-8.6395853013
156	-10.5596869954
157	-12.8912097756
158	-6.93220243249
159	-4.60032958942
160	-5.11040917605
161	-6.99219144688
162	-19.3234582956
