# log_p 	 lnL 	 
0.0	-1745.01982063	
-0.287682072452	-1745.01680052	
-0.510825623766	-1745.01306592	
-0.69314718056	-1745.00890945	
-0.847297860387	-1745.00463426	
-0.980829253012	-1745.00058292	
-1.09861228867	-1744.99709676	
-1.20397280433	-1744.99446673	
-1.29928298413	-1744.99290354	
-1.38629436112	-1744.99253022	
-1.46633706879	-1744.99339005	
-1.54044504095	-1744.99546216	
-1.60943791243	-1744.99867913	
-1.67397643357	-1745.00294313	
-1.73460105539	-1745.00813935	
-1.79175946923	-1745.0141462	
-1.8458266905	-1745.02084267	
-1.89711998489	-1745.02811316	
-1.94591014906	-1745.03585053	
-1.99243016469	-1745.0439576	
-2.03688192726	-1745.05234783	
-2.07944154168	-1745.06094515	
-2.1202635362	-1745.06968353	
-2.15948424935	-1745.07850621	
-2.19722457734	-1745.08736481	
-2.23359222151	-1745.09621849	
-2.26868354132	-1745.10503302	
-2.30258509299	-1745.11377995	
-2.33537491582	-1745.12243588	
-2.36712361413	-1745.13098173	
-2.3978952728	-1745.13940214	
-2.42774823595	-1745.14768495	
-2.45673577282	-1745.15582071	
-2.48490664979	-1745.16380226	
-2.51230562398	-1745.17162441	
-2.53897387106	-1745.1792836	
-2.56494935746	-1745.18677768	
-2.59026716545	-1745.19410564	
-2.61495977804	-1745.20126744	
-2.63905732962	-1745.20826387	
-2.66258782703	-1745.21509637	
-2.68557734525	-1745.22176694	
-2.7080502011	-1745.22827801	
-2.73002910782	-1745.23463238	
-2.75153531304	-1745.24083316	
-2.77258872224	-1745.24688364	
-2.79320800944	-1745.25278731	
-2.81341071676	-1745.25854779	
-2.83321334406	-1745.26416876	
-2.85263142991	-1745.26965398	
-2.87167962488	-1745.27500722	
-2.8903717579	-1745.28023227	
-2.90872089656	-1745.28533288	
-2.92673940207	-1745.2903128	
-2.94443897917	-1745.29517571	
-2.96183072188	-1745.29992525	
-2.97892515524	-1745.30456497	
-2.99573227355	-1745.30909838	
-3.01226157551	-1745.31352888	
-3.02852209638	-1745.31785983	
-3.04452243772	-1745.32209445	
-3.06027079469	-1745.32623591	
-3.07577498123	-1745.33028729	
-3.09104245336	-1745.33425155	
-3.10608033072	-1745.3381316	
-3.12089541651	-1745.34193021	
-3.13549421593	-1745.34565011	
-3.14988295338	-1745.34929391	
-3.16406758837	-1745.35286414	
-3.17805383035	-1745.35636324	
-3.19184715248	-1745.35979357	
-3.20545280454	-1745.36315741	
-3.21887582487	-1745.36645695	
-3.23212105162	-1745.3696943	
-3.24519313319	-1745.37287151	
-3.25809653802	-1745.37599054	
-3.2708355638	-1745.37905328	
-3.28341434601	-1745.38206155	
-3.295836866	-1745.3850171	
-3.3081069586	-1745.38792163	
-3.32022831913	-1745.39077675	
-3.33220451018	-1745.39358404	
-3.34403896782	-1745.39634499	
-3.35573500759	-1745.39906104	
-3.36729582999	-1745.4017336	
-3.37872452581	-1745.404364	
-3.39002408106	-1745.40695352	
-3.40119738166	-1745.40950341	
-3.41224721785	-1745.41201485	
-3.42317628838	-1745.41448898	
-3.43398720449	-1745.41692692	
-3.4446824936	-1745.41932972	
-3.45526460293	-1745.4216984	
-3.4657359028	-1745.42403393	
-3.47609868984	-1745.42633726	
-3.48635519	-1745.42860929	
-3.49650756147	-1745.43085091	
-3.50655789732	-1745.43306294	
-3.51650822817	-1745.43524619	
-3.52636052462	-1745.43740145	
-3.53611669956	-1745.43952945	
-3.54577861047	-1745.44163091	
-3.55534806149	-1745.44370654	
-3.56482680544	-1745.44575699	
-3.57421654579	-1745.44778291	
-3.58351893846	-1745.44978491	
-3.59273559356	-1745.45176359	
-3.60186807712	-1745.45371953	
-3.61091791264	-1745.45565327	
-3.61988658263	-1745.45756534	
-3.62877553004	-1745.45945627	
-3.63758615973	-1745.46132653	
-3.6463198397	-1745.46317662	
-3.65497790244	-1745.46500698	
-3.66356164613	-1745.46681807	
-3.6720723358	-1745.4686103	
-3.68051120444	-1745.47038409	
-3.68887945411	-1745.47213984	
-3.69717825693	-1745.47387792	
-3.70540875607	-1745.47559872	
-3.7135720667	-1745.47730258	
-3.72166927694	-1745.47898986	
-3.72970144863	-1745.48066088	
-3.73766961828	-1745.48231597	
-3.74557479779	-1745.48395544	
-3.75341797525	-1745.48557959	
-3.76120011569	-1745.4871887	
-3.76892216179	-1745.48878307	
-3.77658503453	-1745.49036296	
-3.78418963392	-1745.49192863	
-3.79173683955	-1745.49348035	
-3.79922751128	-1745.49501835	
-3.80666248977	-1745.49654287	
-3.81404259707	-1745.49805415	
-3.82136863716	-1745.4995524	
-3.82864139649	-1745.50103785	
-3.83586164446	-1745.50251071	
-3.84303013394	-1745.50397117	
-3.85014760171	-1745.50541944	
-3.85721476893	-1745.5068557	
-3.86423234159	-1745.50828015	
-3.87120101091	-1745.50969296	
-3.87812145375	-1745.5110943	
-3.88499433304	-1745.51248436	
-3.89182029811	-1745.51386328	
-3.8985999851	-1745.51523124	
-3.90533401728	-1745.51658838	
-3.91202300543	-1745.51793486	
-3.91866754815	-1745.51927083	
-3.92526823218	-1745.52059642	
-3.93182563272	-1745.52191179	
-3.93834031375	-1745.52321705	
-3.94481282825	-1745.52451235	
-3.95124371858	-1745.52579781	
-3.95763351668	-1745.52707357	
-3.96398274436	-1745.52833973	
-3.97029191355	-1745.52959642	
-3.97656152657	-1745.53084375	
-3.98279207632	-1745.53208184	
-3.98898404656	-1745.5333108	
-3.99513791214	-1745.53453073	
-4.00125413916	-1745.53574174	
-4.00733318523	-1745.53694394	
-4.01337549969	-1745.53813741	
-4.01938152375	-1745.53932226	
-4.02535169074	-1745.54049859	
-4.03128642625	-1745.54166648	
-4.03718614838	-1745.54282603	
-4.04305126783	-1745.54397733	
-4.04888218815	-1745.54512047	
-4.05467930583	-1745.54625552	
-4.06044301055	-1745.54738258	
-4.06617368526	-1745.54850172	
-4.07187170637	-1745.54961302	
-4.07753744391	-1745.55071657	
-4.08317126162	-1745.55181244	
-4.08877351717	-1745.55290071	
-4.09434456222	-1745.55398144	
-4.0998847426	-1745.55505471	
-4.10539439841	-1745.5561206	
-4.11087386417	-1745.55717917	
-4.11632346894	-1745.55823049	
-4.12174353641	-1745.55927463	
-4.12713438505	-1745.56031165	
-4.13249632819	-1745.56134161	
-4.13782967416	-1745.56236459	
-4.14313472639	-1745.56338064	
-4.14841178349	-1745.56438983	
-4.15366113938	-1745.56539221	
-4.15888308336	-1745.56638785	
-4.16407790024	-1745.5673768	
-4.1692458704	-1745.56835912	
-4.1743872699	-1745.56933487	
-4.17950237056	-1745.5703041	
-4.18459144007	-1745.57126687	
-4.18965474203	-1745.57222323	
-4.19469253606	-1745.57317323	
-4.19970507788	-1745.57411693	
-4.20469261939	-1745.57505438	
-4.20965540873	-1745.57598562	
-4.21459369037	-1745.57691071	
-4.21950770518	-1745.5778297	
-4.22439769047	-1745.57874264	
-4.22926388012	-1745.57964957	
-4.2341065046	-1745.58055054	
-4.23892579103	-1745.58144561	
-4.2437219633	-1745.5823348	
-4.24849524205	-1745.58321817	
-4.25324584481	-1745.58409577	
-4.257973986	-1745.58496764	
-4.26267987704	-1745.58583382	
-4.26736372635	-1745.58669435	
-4.27202573946	-1745.58754928	
-4.27666611902	-1745.58839865	
-4.28128506487	-1745.58924251	
-4.28588277412	-1745.59008088	
-4.29045944115	-1745.59091382	
-4.29501525768	-1745.59174136	
-4.29955041285	-1745.59256355	
-4.3040650932	-1745.59338041	
-4.30855948279	-1745.594192	
-4.31303376319	-1745.59499834	
-4.31748811354	-1745.59579949	
-4.3219227106	-1745.59659546	
-4.32633772881	-1745.59738631	
-4.33073334029	-1745.59817207	
-4.33510971489	-1745.59895277	
-4.33946702026	-1745.59972845	
-4.34380542185	-1745.60049914	
-4.348125083	-1745.60126489	
-4.3524261649	-1745.60202572	
-4.35670882669	-1745.60278168	
-4.36097322548	-1745.60353278	
-4.36521951636	-1745.60427908	
-4.36944785247	-1745.6050206	
-4.373658385	-1745.60575737	
-4.37785126326	-1745.60648943	
-4.38202663467	-1745.60721681	
-4.38618464482	-1745.60793954	
-4.39032543749	-1745.60865766	
-4.39444915467	-1745.60937119	
-4.39855593663	-1745.61008017	
-4.40264592188	-1745.61078462	
-4.40671924726	-1745.61148459	
-4.41077604796	-1745.61218009	
-4.4148164575	-1745.61287117	
-4.4188406078	-1745.61355784	
-4.42284862919	-1745.61424015	
-4.42684065046	-1745.61491811	
-4.43081679884	-1745.61559176	
-4.43477720006	-1745.61626112	
-4.43872197835	-1745.61692623	
-4.44265125649	-1745.61758712	
-4.44656515581	-1745.6182438	
-4.45046379623	-1745.61889632	
-4.45434729625	-1745.61954469	
-4.45821577303	-1745.62018895	
-4.46206934235	-1745.62082912	
-4.46590811865	-1745.62146523	
-4.46973221509	-1745.6220973	
-4.47354174351	-1745.62272537	
-4.47733681448	-1745.62334946	
-4.48111753732	-1745.62396959	
-4.48488402011	-1745.62458579	
-4.48863636973	-1745.62519809	
-4.49237469184	-1745.62580651	
-4.49609909093	-1745.62641108	
-4.49980967033	-1745.62701182	
-4.50350653221	-1745.62760876	
-4.50718977763	-1745.62820192	
-4.51085950652	-1745.62879133	
-4.51451581772	-1745.62937701	
-4.518158809	-1745.62995899	
-4.52178857705	-1745.63053728	
-4.52540521752	-1745.63111192	
-4.52900882502	-1745.63168293	
-4.53259949315	-1745.63225033	
-4.5361773145	-1745.63281414	
-4.53974238067	-1745.63337438	
-4.54329478227	-1745.63393109	
-4.54683460898	-1745.63448428	
-4.55036194949	-1745.63503398	
-4.5538768916	-1745.6355802	
-4.55737952215	-1745.63612297	
-4.56086992709	-1745.63666232	
-4.56434819147	-1745.63719826	
-4.56781439944	-1745.63773081	
-4.57126863431	-1745.63826	
-4.5747109785	-1745.63878585	
-4.5781415136	-1745.63930838	
-4.58156032035	-1745.63982762	
-4.58496747867	-1745.64034357	
-4.58836306767	-1745.64085627	
-4.59174716566	-1745.64136573	
-4.59511985013	-1745.64187198	
-4.59848119784	-1745.64237503	
-4.60183128472	-1745.64287491	
-4.60517018599	-1745.64337163	
-4.60849797608	-1745.64386522	
-4.61181472871	-1745.6443557	
-4.61512051684	-1745.64484308	
-4.61841541274	-1745.64532738	
-4.62169948794	-1745.64580863	
-4.62497281328	-1745.64628684	
-4.62823545892	-1745.64676203	
-4.63148749431	-1745.64723422	
-4.63472898823	-1745.64770344	
-4.63796000881	-1745.64816969	
-4.64118062351	-1745.64863301	
-4.64439089914	-1745.64909339	
-4.64759090187	-1745.64955088	
-4.65078069724	-1745.65000547	
-4.65396035016	-1745.6504572	
-4.65712992492	-1745.65090607	
-4.66028948521	-1745.65135212	
-4.66343909411	-1745.65179535	
-4.66657881412	-1745.65223578	
-4.66970870713	-1745.65267343	
-4.67282883446	-1745.65310831	
-4.67593925688	-1745.65354045	
-4.67904003455	-1745.65396987	
-4.68213122712	-1745.65439657	
-4.68521289366	-1745.65482058	
-4.6882850927	-1745.65524191	
-4.69134788223	-1745.65566058	
-4.69440131972	-1745.6560766	
-4.6974454621	-1745.65649	
-4.70048036579	-1745.65690079	
-4.70350608671	-1745.65730898	
-4.70652268025	-1745.65771459	
-4.70953020131	-1745.65811764	
-4.71252870431	-1745.65851814	
-4.71551824316	-1745.65891611	
-4.7184988713	-1745.65931157	
-4.72147064168	-1745.65970453	
-4.72443360681	-1745.660095	
-4.72738781871	-1745.660483	
-4.73033332894	-1745.66086855	
-4.73327018862	-1745.66125166	
-4.73619844839	-1745.66163235	
-4.7391181585	-1745.66201063	
-4.74202936871	-1745.66238651	
-4.74493212836	-1745.66276002	
-4.74782648639	-1745.66313116	
-4.75071249128	-1745.66349995	
-4.75359019111	-1745.66386641	
-4.75645963353	-1745.66423055	
-4.75932086582	-1745.66459238	
-4.7621739348	-1745.66495192	
-4.76501888693	-1745.66530918	
-4.76785576827	-1745.66566418	
-4.77068462447	-1745.66601693	
-4.77350550081	-1745.66636744	
-4.77631844218	-1745.66671573	
-4.77912349311	-1745.66706181	
-4.78192069773	-1745.6674057	
-4.78471009982	-1745.6677474	
-4.78749174278	-1745.66808694	
-4.79026566966	-1745.66842432	
-4.79303192316	-1745.66875956	
-4.7957905456	-1745.66909267	
-4.79854157897	-1745.66942366	
-4.80128506491	-1745.66975256	
-4.80402104473	-1745.67007936	
-4.80674955939	-1745.67040409	
-4.8094706495	-1745.67072675	
-4.81218435537	-1745.67104736	
-4.81489071697	-1745.67136593	
-4.81758977394	-1745.67168248	
-4.82028156561	-1745.67199701	
-4.82296613098	-1745.67230953	
-4.82564350875	-1745.67262007	
-4.8283137373	-1745.67292864	
-4.83097685472	-1745.67323523	
-4.83363289878	-1745.67353987	
-4.83628190695	-1745.67384257	
-4.83892391641	-1745.67414334	
-4.84155896405	-1745.6744422	
-4.84418708646	-1745.67473914	
-4.84680831994	-1745.67503419	
-4.84942270051	-1745.67532736	
-4.85203026392	-1745.67561866	
-4.85463104562	-1745.67590809	
-4.8572250808	-1745.67619568	
-4.85981240436	-1745.67648143	
-4.86239305096	-1745.67676535	
-4.86496705495	-1745.67704746	
-4.86753445046	-1745.67732776	
-4.87009527132	-1745.67760626	
-4.87264955112	-1745.67788299	
-4.8751973232	-1745.67815794	
-4.87773862063	-1745.67843113	
-4.88027347623	-1745.67870257	
-4.88280192259	-1745.67897226	
-4.88532399202	-1745.67924023	
-4.88783971662	-1745.67950648	
-4.89034912822	-1745.67977102	
-4.89285225844	-1745.68003386	
-4.89534913864	-1745.68029502	
-4.89783979995	-1745.68055449	
-4.90032427328	-1745.6808123	
-4.90280258929	-1745.68106845	
-4.90527477844	-1745.68132295	
-4.90774087093	-1745.68157581	
-4.91020089677	-1745.68182704	
-4.91265488574	-1745.68207666	
-4.91510286737	-1745.68232467	
-4.91754487103	-1745.68257107	
-4.91998092583	-1745.68281589	
-4.92241106068	-1745.68305913	
-4.92483530429	-1745.68330079	
-4.92725368516	-1745.6835409	
-4.92966623156	-1745.68377945	
-4.93207297159	-1745.68401646	
-4.93447393313	-1745.68425194	
-4.93686914386	-1745.68448589	
-4.93925863125	-1745.68471833	
-4.94164242261	-1745.68494926	
-4.94402054501	-1745.6851787	
-4.94639302537	-1745.68540665	
-4.94875989038	-1745.68563312	
-4.95112116656	-1745.68585811	
-4.95347688026	-1745.68608165	
-4.9558270576	-1745.68630373	
-4.95817172456	-1745.68652437	
-4.96051090691	-1745.68674358	
-4.96284463026	-1745.68696135	
-4.96517292002	-1745.68717771	
-4.96749580144	-1745.68739266	
-4.96981329958	-1745.68760621	
-4.97212543933	-1745.68781836	
-4.97443224543	-1745.68802913	
-4.97673374242	-1745.68823852	
-4.97902995468	-1745.68844654	
-4.98132090643	-1745.6886532	
-4.98360662171	-1745.68885851	
-4.98588712441	-1745.68906248	
-4.98816243824	-1745.68926511	
-4.99043258678	-1745.68946641	
-4.99269759341	-1745.68966639	
-4.99495748138	-1745.68986505	
-4.99721227376	-1745.69006241	
-4.9994619935	-1745.69025848	
-5.00170666335	-1745.69045325	
-5.00394630595	-1745.69064674	
-5.00618094375	-1745.69083896	
-5.00841059907	-1745.69102991	
-5.0106352941	-1745.6912196	
-5.01285505083	-1745.69140804	
-5.01506989116	-1745.69159523	
-5.01727983681	-1745.69178119	
-5.01948490937	-1745.69196592	
-5.02168513028	-1745.69214942	
-5.02388052085	-1745.69233171	
-5.02607110223	-1745.69251279	
-5.02825689545	-1745.69269267	
-5.03043792139	-1745.69287135	
-5.03261420082	-1745.69304885	
-5.03478575433	-1745.69322516	
-5.03695260241	-1745.6934003	
-5.03911476542	-1745.69357428	
-5.04127226356	-1745.6937471	
-5.04342511692	-1745.69391876	
-5.04557334546	-1745.69408928	
-5.047716969	-1745.69425866	
-5.04985600725	-1745.6944269	
-5.05199047978	-1745.69459402	
-5.05412040604	-1745.69476002	
-5.05624580535	-1745.69492491	
-5.05836669692	-1745.69508869	
-5.06048309982	-1745.69525137	
-5.06259503303	-1745.69541295	
-5.06470251537	-1745.69557345	
-5.06680556556	-1745.69573287	
-5.06890420222	-1745.69589122	
-5.07099844382	-1745.69604849	
-5.07308830874	-1745.69620471	
-5.07517381523	-1745.69635987	
-5.07725498144	-1745.69651398	
-5.07933182538	-1745.69666704	
-5.08140436498	-1745.69681907	
-5.08347261805	-1745.69697006	
-5.08553660227	-1745.69712003	
-5.08759633523	-1745.69726899	
-5.08965183441	-1745.69741692	
-5.09170311719	-1745.69756385	
-5.09375020081	-1745.69770978	
-5.09579310244	-1745.69785471	
-5.09783183913	-1745.69799866	
-5.09986642782	-1745.69814161	
-5.10189688537	-1745.69828359	
-5.10392322852	-1745.6984246	
-5.1059454739	-1745.69856464	
-5.10796363806	-1745.69870371	
-5.10997773743	-1745.69884183	
-5.11198778836	-1745.698979	
-5.11399380708	-1745.69911522	
-5.11599580975	-1745.69925051	
-5.11799381242	-1745.69938486	
-5.11998783102	-1745.69951828	
-5.12197788143	-1745.69965078	
-5.1239639794	-1745.69978235	
-5.12594614061	-1745.69991302	
-5.12792438062	-1745.70004278	
-5.12989871492	-1745.70017163	
-5.13186915891	-1745.70029959	
-5.13383572788	-1745.70042666	
-5.13579843705	-1745.70055284	
-5.13775730154	-1745.70067813	
-5.13971233637	-1745.70080256	
-5.1416635565	-1745.7009261	
-5.14361097679	-1745.70104879	
-5.145554612	-1745.70117061	
-5.14749447681	-1745.70129157	
-5.14943058584	-1745.70141168	
-5.15136295359	-1745.70153094	
-5.1532915945	-1745.70164937	
-5.15521652291	-1745.70176695	
-5.15713775309	-1745.7018837	
-5.15905529921	-1745.70199963	
-5.1609691754	-1745.70211473	
-5.16287939565	-1745.70222901	
-5.16478597392	-1745.70234248	
-5.16668892407	-1745.70245514	
-5.16858825987	-1745.702567	
-5.17048399504	-1745.70267806	
-5.17237614319	-1745.70278832	
-5.17426471788	-1745.70289779	
-5.17614973257	-1745.70300647	
-5.17803120067	-1745.70311438	
-5.1799091355	-1745.7032215	
-5.18178355029	-1745.70332786	
-5.18365445823	-1745.70343344	
-5.1855218724	-1745.70353826	
-5.18738580584	-1745.70364232	
-5.18924627149	-1745.70374563	
-5.19110328224	-1745.70384818	
-5.19295685089	-1745.70394999	
-5.19480699018	-1745.70405106	
-5.19665371277	-1745.70415138	
-5.19849703127	-1745.70425098	
-5.20033695819	-1745.70434984	
-5.202173506	-1745.70444798	
-5.20400668708	-1745.7045454	
-5.20583651375	-1745.7046421	
-5.20766299828	-1745.70473808	
-5.20948615284	-1745.70483336	
-5.21130598956	-1745.70492793	
-5.21312252048	-1745.7050218	
-5.21493575761	-1745.70511497	
-5.21674571285	-1745.70520745	
-5.21855239808	-1745.70529924	
-5.22035582508	-1745.70539034	
-5.22215600558	-1745.70548076	
-5.22395295126	-1745.70557051	
-5.22574667371	-1745.70565958	
-5.22753718449	-1745.70574798	
-5.22932449506	-1745.70583571	
-5.23110861685	-1745.70592278	
-5.23288956123	-1745.70600919	
-5.23466733947	-1745.70609495	
-5.23644196283	-1745.70618005	
-5.23821344248	-1745.70626451	
-5.23998178954	-1745.70634832	
-5.24174701506	-1745.70643149	
-5.24350913005	-1745.70651403	
-5.24526814546	-1745.70659593	
-5.24702407216	-1745.7066772	
-5.24877692099	-1745.70675785	
-5.25052670271	-1745.70683787	
-5.25227342805	-1745.70691728	
-5.25401710765	-1745.70699606	
-5.25575775213	-1745.70707424	
-5.25749537203	-1745.70715181	
-5.25922997784	-1745.70722877	
-5.26096158	-1745.70730513	
-5.2626901889	-1745.70738089	
-5.26441581487	-1745.70745606	
-5.26613846818	-1745.70753063	
-5.26785815906	-1745.70760461	
-5.26957489768	-1745.70767801	
-5.27128869416	-1745.70775083	
-5.27299955856	-1745.70782307	
-5.27470750091	-1745.70789473	
-5.27641253116	-1745.70796583	
-5.27811465923	-1745.70803635	
-5.27981389498	-1745.7081063	
-5.28151024823	-1745.7081757	
-5.28320372874	-1745.70824453	
-5.28489434622	-1745.70831281	
-5.28658211033	-1745.70838053	
-5.28826703069	-1745.70844771	
-5.28994911688	-1745.70851433	
-5.2916283784	-1745.70858041	
-5.29330482472	-1745.70864596	
-5.29497846528	-1745.70871096	
-5.29664930945	-1745.70877543	
-5.29831736655	-1745.70883936	
-5.29998264587	-1745.70890277	
-5.30164515664	-1745.70896565	
-5.30330490806	-1745.70902801	
-5.30496190927	-1745.70908984	
-5.30661616936	-1745.70915116	
-5.3082676974	-1745.70921197	
-5.30991650239	-1745.70927226	
-5.3115625933	-1745.70933204	
-5.31320597904	-1745.70939132	
-5.3148466685	-1745.7094501	
-5.3164846705	-1745.70950837	
-5.31811999384	-1745.70956615	
-5.31975264727	-1745.70962343	
-5.32138263948	-1745.70968022	
-5.32300997914	-1745.70973652	
-5.32463467487	-1745.70979233	
-5.32625673524	-1745.70984766	
-5.32787616879	-1745.70990251	
-5.32949298402	-1745.70995688	
-5.33110718937	-1745.71001078	
-5.33271879327	-1745.7100642	
-5.33432780407	-1745.71011715	
-5.33593423012	-1745.71016963	
-5.3375380797	-1745.71022164	
-5.33913936107	-1745.7102732	
-5.34073808243	-1745.71032429	
-5.34233425196	-1745.71037492	
-5.3439278778	-1745.7104251	
-5.34551896803	-1745.71047483	
-5.34710753072	-1745.71052411	
-5.34869357387	-1745.71057294	
-5.35027710548	-1745.71062132	
-5.35185813348	-1745.71066926	
-5.35343666577	-1745.71071676	
-5.35501271022	-1745.71076382	
-5.35658627467	-1745.71081045	
-5.3581573669	-1745.71085664	
-5.35972599468	-1745.71090241	
-5.36129216571	-1745.71094774	
-5.36285588769	-1745.71099265	
-5.36441716825	-1745.71103713	
-5.36597601502	-1745.7110812	
-5.36753243557	-1745.71112484	
-5.36908643744	-1745.71116807	
-5.37063802813	-1745.71121088	
-5.37218721511	-1745.71125329	
-5.37373400583	-1745.71129528	
-5.37527840768	-1745.71133686	
-5.37682042804	-1745.71137804	
-5.37836007422	-1745.71141881	
-5.37989735354	-1745.71145919	
-5.38143227326	-1745.71149916	
-5.38296484061	-1745.71153874	
-5.38449506279	-1745.71157793	
-5.38602294697	-1745.71161672	
-5.38754850028	-1745.71165512	
-5.38907172982	-1745.71169314	
-5.39059264266	-1745.71173077	
-5.39211124583	-1745.71176801	
-5.39362754635	-1745.71180488	
-5.39514155118	-1745.71184136	
-5.39665326727	-1745.71187747	
-5.39816270152	-1745.7119132	
-5.39966986081	-1745.71194856	
-5.40117475199	-1745.71198355	
-5.40267738187	-1745.71201817	
-5.40417775725	-1745.71205242	
-5.40567588487	-1745.71208631	
-5.40717177146	-1745.71211983	
-5.40866542372	-1745.71215299	
-5.4101568483	-1745.7121858	
-5.41164605186	-1745.71221824	
-5.41313304098	-1745.71225033	
-5.41461782224	-1745.71228207	
-5.4161004022	-1745.71231346	
-5.41758078737	-1745.71234449	
-5.41905898424	-1745.71237518	
-5.42053499927	-1745.71240553	
-5.42200883889	-1745.71243553	
-5.4234805095	-1745.71246519	
-5.42495001748	-1745.7124945	
-5.42641736918	-1745.71252348	
-5.4278825709	-1745.71255213	
-5.42934562895	-1745.71258044	
-5.43080654959	-1745.71260842	
-5.43226533906	-1745.71263606	
-5.43372200355	-1745.71266338	
-5.43517654927	-1745.71269037	
-5.43662898235	-1745.71271704	
-5.43807930892	-1745.71274338	
-5.4395275351	-1745.7127694	
-5.44097366695	-1745.7127951	
-5.44241771052	-1745.71282048	
-5.44385967184	-1745.71284554	
-5.4452995569	-1745.71287029	
-5.44673737167	-1745.71289473	
-5.44817312209	-1745.71291886	
-5.44960681409	-1745.71294267	
-5.45103845357	-1745.71296618	
-5.45246804638	-1745.71298938	
-5.45389559837	-1745.71301228	
-5.45532111536	-1745.71303487	
-5.45674460314	-1745.71305716	
-5.45816606749	-1745.71307916	
-5.45958551414	-1745.71310085	
-5.46100294883	-1745.71312225	
-5.46241837723	-1745.71314335	
-5.46383180503	-1745.71316416	
-5.46524323786	-1745.71318468	
-5.46665268137	-1745.71320491	
-5.46806014114	-1745.71322485	
-5.46946562274	-1745.7132445	
-5.47086913175	-1745.71326387	
-5.47227067367	-1745.71328296	
-5.47367025403	-1745.71330176	
-5.47506787829	-1745.71332028	
-5.47646355193	-1745.71333852	
-5.47785728038	-1745.71335649	
-5.47924906905	-1745.71337417	
-5.48063892334	-1745.71339159	
-5.48202684862	-1745.71340873	
-5.48341285022	-1745.7134256	
-5.48479693349	-1745.7134422	
-5.48617910372	-1745.71345853	
-5.48755936619	-1745.71347459	
-5.48893772616	-1745.71349039	
-5.49031418887	-1745.71350592	
-5.49168875953	-1745.71352119	
-5.49306144334	-1745.7135362	
-5.49443224547	-1745.71355095	
-5.49580117108	-1745.71356543	
-5.49716822529	-1745.71357967	
-5.49853341322	-1745.71359364	
-5.49989673995	-1745.71360737	
-5.50125821054	-1745.71362083	
-5.50261783006	-1745.71363405	
-5.50397560352	-1745.71364702	
-5.50533153593	-1745.71365974	
-5.50668563228	-1745.71367221	
-5.50803789753	-1745.71368443	
-5.50938833663	-1745.71369641	
-5.5107369545	-1745.71370815	
-5.51208375605	-1745.71371964	
-5.51342874616	-1745.71373089	
-5.51477192971	-1745.71374191	
-5.51611331154	-1745.71375268	
-5.51745289646	-1745.71376322	
-5.51879068931	-1745.71377352	
-5.52012669485	-1745.71378359	
-5.52146091786	-1745.71379342	
-5.5227933631	-1745.71380302	
-5.52412403528	-1745.7138124	
-5.52545293913	-1745.71382154	
-5.52678007934	-1745.71383045	
-5.52810546058	-1745.71383914	
-5.52942908751	-1745.7138476	
-5.53075096477	-1745.71385584	
-5.53207109697	-1745.71386385	
-5.53338948873	-1745.71387164	
-5.53470614461	-1745.71387921	
-5.53602106919	-1745.71388657	
-5.53733426702	-1745.7138937	
-5.53864574262	-1745.71390061	
-5.5399555005	-1745.71390731	
-5.54126354516	-1745.7139138	
-5.54256988107	-1745.71392007	
-5.5438745127	-1745.71392613	
-5.54517744448	-1745.71393197	
-5.54647868084	-1745.71393761	
-5.54777822618	-1745.71394304	
-5.5490760849	-1745.71394826	
-5.55037226136	-1745.71395327	
-5.55166675992	-1745.71395808	
-5.55295958492	-1745.71396268	
-5.55425074069	-1745.71396708	
-5.55554023152	-1745.71397128	
-5.5568280617	-1745.71397527	
-5.55811423551	-1745.71397907	
-5.5593987572	-1745.71398266	
-5.56068163102	-1745.71398606	
-5.56196286117	-1745.71398926	
-5.56324245188	-1745.71399227	
-5.56452040732	-1745.71399508	
-5.56579673168	-1745.7139977	
-5.56707142911	-1745.71400012	
-5.56834450376	-1745.71400235	
-5.56961595975	-1745.71400439	
-5.57088580119	-1745.71400625	
-5.57215403218	-1745.71400791	
-5.57342065679	-1745.71400939	
-5.5746856791	-1745.71401068	
-5.57594910315	-1745.71401178	
-5.57721093297	-1745.7140127	
-5.57847117258	-1745.71401344	
-5.57972982599	-1745.71401399	
-5.58098689718	-1745.71401436	
-5.58224239012	-1745.71401456	
-5.58349630878	-1745.71401457	
-5.5847486571	-1745.7140144	
-5.585999439	-1745.71401406	
-5.5872486584	-1745.71401354	
-5.5884963192	-1745.71401284	
-5.58974242528	-1745.71401197	
-5.59098698051	-1745.71401093	
-5.59222998875	-1745.71400971	
-5.59347145384	-1745.71400833	
-5.5947113796	-1745.71400677	
-5.59594976985	-1745.71400504	
-5.59718662839	-1745.71400314	
-5.598421959	-1745.71400107	
-5.59965576545	-1745.71399884	
-5.60088805149	-1745.71399644	
-5.60211882088	-1745.71399387	
-5.60334807733	-1745.71399115	
-5.60457582457	-1745.71398825	
-5.6058020663	-1745.7139852	
-5.60702680619	-1745.71398198	
-5.60825004793	-1745.7139786	
-5.60947179518	-1745.71397506	
-5.61069205159	-1745.71397137	
-5.61191082078	-1745.71396751	
-5.61312810639	-1745.7139635	
-5.61434391201	-1745.71395933	
-5.61555824124	-1745.713955	
-5.61677109767	-1745.71395052	
-5.61798248485	-1745.71394589	
-5.61919240636	-1745.7139411	
-5.62040086572	-1745.71393616	
-5.62160786647	-1745.71393107	
-5.62281341212	-1745.71392583	
-5.62401750619	-1745.71392044	
-5.62522015215	-1745.7139149	
-5.6264213535	-1745.71390921	
-5.62762111369	-1745.71390337	
-5.62881943618	-1745.71389739	
-5.63001632442	-1745.71389126	
-5.63121178182	-1745.71388499	
-5.63240581181	-1745.71387857	
-5.6335984178	-1745.71387201	
-5.63478960317	-1745.71386531	
-5.6359793713	-1745.71385846	
-5.63716772557	-1745.71385148	
-5.63835466933	-1745.71384435	
-5.63954020593	-1745.71383709	
-5.64072433869	-1745.71382968	
-5.64190707094	-1745.71382214	
-5.64308840598	-1745.71381446	
-5.64426834712	-1745.71380664	
-5.64544689764	-1745.71379869	
-5.64662406082	-1745.71379061	
-5.64779983991	-1745.71378239	
-5.64897423816	-1745.71377403	
-5.65014725882	-1745.71376554	
-5.65131890512	-1745.71375693	
-5.65248918027	-1745.71374818	
-5.65365808747	-1745.7137393	
-5.65482562993	-1745.71373029	
-5.65599181082	-1745.71372115	
-5.65715663332	-1745.71371188	
-5.65832010058	-1745.71370248	
-5.65948221576	-1745.71369296	
-5.660642982	-1745.71368331	
-5.66180240242	-1745.71367354	
-5.66296048014	-1745.71366364	
-5.66411721826	-1745.71365362	
-5.66527261989	-1745.71364347	
-5.66642668811	-1745.7136332	
-5.66757942599	-1745.71362281	
-5.6687308366	-1745.7136123	
-5.66988092298	-1745.71360166	
-5.67102968818	-1745.71359091	
-5.67217713524	-1745.71358004	
-5.67332326717	-1745.71356904	
-5.67446808699	-1745.71355793	
-5.67561159769	-1745.71354671	
-5.67675380227	-1745.71353536	
-5.6778947037	-1745.7135239	
-5.67903430497	-1745.71351233	
-5.68017260902	-1745.71350064	
-5.6813096188	-1745.71348883	
-5.68244533727	-1745.71347691	
-5.68357976734	-1745.71346488	
-5.68471291194	-1745.71345274	
-5.68584477397	-1745.71344048	
-5.68697535634	-1745.71342811	
-5.68810466194	-1745.71341564	
-5.68923269364	-1745.71340305	
-5.69035945432	-1745.71339035	
-5.69148494685	-1745.71337755	
-5.69260917406	-1745.71336464	
-5.6937321388	-1745.71335162	
-5.69485384391	-1745.71333849	
-5.69597429221	-1745.71332526	
-5.69709348651	-1745.71331192	
-5.69821142961	-1745.71329847	
-5.69932812431	-1745.71328493	
-5.70044357339	-1745.71327127	
-5.70155777963	-1745.71325752	
-5.7026707458	-1745.71324366	
-5.70378247466	-1745.7132297	
-5.70489296894	-1745.71321564	
-5.70600223139	-1745.71320148	
-5.70711026475	-1745.71318721	
-5.70821707172	-1745.71317285	
-5.70932265503	-1745.71315839	
-5.71042701737	-1745.71314383	
-5.71153016145	-1745.71312917	
-5.71263208993	-1745.71311441	
-5.71373280551	-1745.71309956	
-5.71483231084	-1745.71308461	
-5.71593060859	-1745.71306956	
-5.71702770141	-1745.71305442	
-5.71812359193	-1745.71303918	
-5.71921828279	-1745.71302385	
-5.72031177661	-1745.71300843	
-5.72140407601	-1745.71299291	
-5.72249518359	-1745.7129773	
-5.72358510195	-1745.7129616	
-5.72467383369	-1745.7129458	
-5.72576138137	-1745.71292992	
-5.72684774759	-1745.71291394	
-5.72793293489	-1745.71289788	
-5.72901694583	-1745.71288172	
-5.73009978297	-1745.71286548	
-5.73118144884	-1745.71284914	
-5.73226194598	-1745.71283272	
-5.7333412769	-1745.71281621	
-5.73441944412	-1745.71279961	
-5.73549645015	-1745.71278293	
-5.73657229748	-1745.71276616	
-5.73764698861	-1745.71274931	
-5.73872052602	-1745.71273237	
-5.73979291218	-1745.71271534	
-5.74086414956	-1745.71269823	
-5.74193424062	-1745.71268104	
-5.74300318781	-1745.71266377	
-5.74407099357	-1745.71264641	
-5.74513766034	-1745.71262897	
-5.74620319054	-1745.71261145	
-5.7472675866	-1745.71259384	
-5.74833085092	-1745.71257616	
-5.74939298591	-1745.71255839	
-5.75045399397	-1745.71254055	
-5.75151387748	-1745.71252262	
-5.75257263883	-1745.71250462	
-5.75363028038	-1745.71248654	
-5.75468680452	-1745.71246838	
-5.75574221359	-1745.71245014	
-5.75679650994	-1745.71243183	
-5.75784969593	-1745.71241344	
-5.75890177388	-1745.71239497	
-5.75995274612	-1745.71237643	
-5.76100261499	-1745.71235781	
-5.76205138278	-1745.71233912	
-5.76309905181	-1745.71232035	
-5.76414562438	-1745.71230151	
-5.76519110278	-1745.71228259	
-5.7662354893	-1745.7122636	
-5.76727878622	-1745.71224454	
-5.76832099579	-1745.71222541	
-5.7693621203	-1745.7122062	
-5.770402162	-1745.71218692	
-5.77144112313	-1745.71216757	
-5.77247900594	-1745.71214815	
-5.77351581267	-1745.71212866	
-5.77455154554	-1745.7121091	
-5.77558620679	-1745.71208948	
-5.77661979861	-1745.71206978	
-5.77765232322	-1745.71205001	
-5.77868378283	-1745.71203018	
-5.77971417962	-1745.71201027	
-5.78074351579	-1745.7119903	
-5.78177179352	-1745.71197027	
-5.78279901497	-1745.71195016	
-5.78382518233	-1745.71192999	
-5.78485029774	-1745.71190976	
-5.78587436337	-1745.71188946	
-5.78689738137	-1745.71186909	
-5.78791935386	-1745.71184866	
-5.788940283	-1745.71182816	
-5.7899601709	-1745.7118076	
-5.79097901969	-1745.71178698	
-5.79199683148	-1745.7117663	
-5.79301360838	-1745.71174555	
-5.7940293525	-1745.71172474	
-5.79504406593	-1745.71170386	
-5.79605775077	-1745.71168293	
-5.79707040908	-1745.71166193	
-5.79808204295	-1745.71164088	
-5.79909265446	-1745.71161976	
-5.80010224566	-1745.71159858	
-5.80111081862	-1745.71157734	
-5.80211837538	-1745.71155605	
-5.80312491799	-1745.71153469	
-5.80413044849	-1745.71151328	
-5.80513496892	-1745.7114918	
-5.80613848129	-1745.71147027	
-5.80714098764	-1745.71144868	
-5.80814248998	-1745.71142704	
-5.80914299031	-1745.71140533	
