# log_p 	 lnL 	 
0.0	-1589.80562232	
-0.287682072452	-1589.80921205	
-0.510825623766	-1589.80974198	
-0.69314718056	-1589.8118678	
-0.847297860387	-1589.81523856	
-0.980829253012	-1589.81855607	
-1.09861228867	-1589.82082022	
-1.20397280433	-1589.82150666	
-1.29928298413	-1589.82046195	
-1.38629436112	-1589.81776432	
-1.46633706879	-1589.81361475	
-1.54044504095	-1589.80826505	
-1.60943791243	-1589.80197477	
-1.67397643357	-1589.79498759	
-1.73460105539	-1589.78751994	
-1.79175946923	-1589.77975699	
-1.8458266905	-1589.77185281	
-1.89711998489	-1589.76393274	
-1.94591014906	-1589.7560967	
-1.99243016469	-1589.74842279	
-2.03688192726	-1589.74097079	
-2.07944154168	-1589.73378531	
-2.1202635362	-1589.72689858	
-2.15948424935	-1589.72033284	
-2.19722457734	-1589.71410227	
-2.23359222151	-1589.70821474	
-2.26868354132	-1589.70267306	
-2.30258509299	-1589.69747617	
-2.33537491582	-1589.69262001	
-2.36712361413	-1589.68809821	
-2.3978952728	-1589.68390274	
-2.42774823595	-1589.6800243	
-2.45673577282	-1589.67645273	
-2.48490664979	-1589.67317732	
-2.51230562398	-1589.67018697	
-2.53897387106	-1589.66747048	
-2.56494935746	-1589.66501659	
-2.59026716545	-1589.66281413	
-2.61495977804	-1589.66085213	
-2.63905732962	-1589.65911983	
-2.66258782703	-1589.65760676	
-2.68557734525	-1589.65630278	
-2.7080502011	-1589.65519805	
-2.73002910782	-1589.65428311	
-2.75153531304	-1589.65354885	
-2.77258872224	-1589.65298651	
-2.79320800944	-1589.65258769	
-2.81341071676	-1589.65234436	
-2.83321334406	-1589.65224881	
-2.85263142991	-1589.65229368	
-2.87167962488	-1589.65247194	
-2.8903717579	-1589.65277686	
-2.90872089656	-1589.65320204	
-2.92673940207	-1589.65374135	
-2.94443897917	-1589.65438895	
-2.96183072188	-1589.65513927	
-2.97892515524	-1589.655987	
-2.99573227355	-1589.65692708	
-3.01226157551	-1589.65795468	
-3.02852209638	-1589.65906519	
-3.04452243772	-1589.66025422	
-3.06027079469	-1589.6615176	
-3.07577498123	-1589.66285133	
-3.09104245336	-1589.66425161	
-3.10608033072	-1589.66571481	
-3.12089541651	-1589.66723748	
-3.13549421593	-1589.66881633	
-3.14988295338	-1589.67044821	
-3.16406758837	-1589.67213013	
-3.17805383035	-1589.67385923	
-3.19184715248	-1589.67563279	
-3.20545280454	-1589.67744821	
-3.21887582487	-1589.67930301	
-3.23212105162	-1589.68119483	
-3.24519313319	-1589.68312142	
-3.25809653802	-1589.68508063	
-3.2708355638	-1589.68707041	
-3.28341434601	-1589.6890888	
-3.295836866	-1589.69113394	
-3.3081069586	-1589.69320405	
-3.32022831913	-1589.69529743	
-3.33220451018	-1589.69741246	
-3.34403896782	-1589.69954761	
-3.35573500759	-1589.70170139	
-3.36729582999	-1589.70387241	
-3.37872452581	-1589.70605932	
-3.39002408106	-1589.70826084	
-3.40119738166	-1589.71047576	
-3.41224721785	-1589.71270292	
-3.42317628838	-1589.7149412	
-3.43398720449	-1589.71718955	
-3.4446824936	-1589.71944696	
-3.45526460293	-1589.72171248	
-3.4657359028	-1589.72398517	
-3.47609868984	-1589.72626418	
-3.48635519	-1589.72854867	
-3.49650756147	-1589.73083785	
-3.50655789732	-1589.73313096	
-3.51650822817	-1589.73542728	
-3.52636052462	-1589.73772613	
-3.53611669956	-1589.74002685	
-3.54577861047	-1589.74232882	
-3.55534806149	-1589.74463145	
-3.56482680544	-1589.74693418	
-3.57421654579	-1589.74923647	
-3.58351893846	-1589.75153782	
-3.59273559356	-1589.75383773	
-3.60186807712	-1589.75613574	
-3.61091791264	-1589.75843143	
-3.61988658263	-1589.76072436	
-3.62877553004	-1589.76301415	
-3.63758615973	-1589.76530042	
-3.6463198397	-1589.76758282	
-3.65497790244	-1589.76986101	
-3.66356164613	-1589.77213466	
-3.6720723358	-1589.77440347	
-3.68051120444	-1589.77666716	
-3.68887945411	-1589.77892545	
-3.69717825693	-1589.78117809	
-3.70540875607	-1589.78342483	
-3.7135720667	-1589.78566544	
-3.72166927694	-1589.7878997	
-3.72970144863	-1589.79012742	
-3.73766961828	-1589.79234839	
-3.74557479779	-1589.79456243	
-3.75341797525	-1589.79676937	
-3.76120011569	-1589.79896906	
-3.76892216179	-1589.80116133	
-3.77658503453	-1589.80334606	
-3.78418963392	-1589.80552309	
-3.79173683955	-1589.80769232	
-3.79922751128	-1589.80985362	
-3.80666248977	-1589.81200689	
-3.81404259707	-1589.81415202	
-3.82136863716	-1589.81628892	
-3.82864139649	-1589.81841751	
-3.83586164446	-1589.8205377	
-3.84303013394	-1589.82264943	
-3.85014760171	-1589.82475261	
-3.85721476893	-1589.8268472	
-3.86423234159	-1589.82893313	
-3.87120101091	-1589.83101035	
-3.87812145375	-1589.83307882	
-3.88499433304	-1589.8351385	
-3.89182029811	-1589.83718934	
-3.8985999851	-1589.83923132	
-3.90533401728	-1589.8412644	
-3.91202300543	-1589.84328856	
-3.91866754815	-1589.84530378	
-3.92526823218	-1589.84731005	
-3.93182563272	-1589.84930735	
-3.93834031375	-1589.85129566	
-3.94481282825	-1589.85327499	
-3.95124371858	-1589.85524532	
-3.95763351668	-1589.85720666	
-3.96398274436	-1589.859159	
-3.97029191355	-1589.86110235	
-3.97656152657	-1589.86303672	
-3.98279207632	-1589.86496212	
-3.98898404656	-1589.86687855	
-3.99513791214	-1589.86878602	
-4.00125413916	-1589.87068457	
-4.00733318523	-1589.87257418	
-4.01337549969	-1589.8744549	
-4.01938152375	-1589.87632674	
-4.02535169074	-1589.87818971	
-4.03128642625	-1589.88004385	
-4.03718614838	-1589.88188918	
-4.04305126783	-1589.88372572	
-4.04888218815	-1589.8855535	
-4.05467930583	-1589.88737256	
-4.06044301055	-1589.88918291	
-4.06617368526	-1589.8909846	
-4.07187170637	-1589.89277765	
-4.07753744391	-1589.8945621	
-4.08317126162	-1589.89633798	
-4.08877351717	-1589.89810532	
-4.09434456222	-1589.89986417	
-4.0998847426	-1589.90161455	
-4.10539439841	-1589.90335651	
-4.11087386417	-1589.90509008	
-4.11632346894	-1589.90681531	
-4.12174353641	-1589.90853222	
-4.12713438505	-1589.91024087	
-4.13249632819	-1589.91194128	
-4.13782967416	-1589.91363351	
-4.14313472639	-1589.91531759	
-4.14841178349	-1589.91699356	
-4.15366113938	-1589.91866147	
-4.15888308336	-1589.92032136	
-4.16407790024	-1589.92197326	
-4.1692458704	-1589.92361723	
-4.1743872699	-1589.9252533	
-4.17950237056	-1589.92688153	
-4.18459144007	-1589.92850194	
-4.18965474203	-1589.93011459	
-4.19469253606	-1589.93171952	
-4.19970507788	-1589.93331677	
-4.20469261939	-1589.9349064	
-4.20965540873	-1589.93648843	
-4.21459369037	-1589.93806292	
-4.21950770518	-1589.9396299	
-4.22439769047	-1589.94118944	
-4.22926388012	-1589.94274156	
-4.2341065046	-1589.94428631	
-4.23892579103	-1589.94582374	
-4.2437219633	-1589.94735389	
-4.24849524205	-1589.9488768	
-4.25324584481	-1589.95039253	
-4.257973986	-1589.95190111	
-4.26267987704	-1589.95340258	
-4.26736372635	-1589.954897	
-4.27202573946	-1589.9563844	
-4.27666611902	-1589.95786483	
-4.28128506487	-1589.95933833	
-4.28588277412	-1589.96080495	
-4.29045944115	-1589.96226473	
-4.29501525768	-1589.96371771	
-4.29955041285	-1589.96516394	
-4.3040650932	-1589.96660345	
-4.30855948279	-1589.96803629	
-4.31303376319	-1589.96946251	
-4.31748811354	-1589.97088214	
-4.3219227106	-1589.97229524	
-4.32633772881	-1589.97370183	
-4.33073334029	-1589.97510196	
-4.33510971489	-1589.97649568	
-4.33946702026	-1589.97788302	
-4.34380542185	-1589.97926403	
-4.348125083	-1589.98063875	
-4.3524261649	-1589.98200721	
-4.35670882669	-1589.98336946	
-4.36097322548	-1589.98472554	
-4.36521951636	-1589.98607549	
-4.36944785247	-1589.98741935	
-4.373658385	-1589.98875716	
-4.37785126326	-1589.99008895	
-4.38202663467	-1589.99141477	
-4.38618464482	-1589.99273466	
-4.39032543749	-1589.99404865	
-4.39444915467	-1589.99535679	
-4.39855593663	-1589.99665911	
-4.40264592188	-1589.99795565	
-4.40671924726	-1589.99924644	
-4.41077604796	-1590.00053153	
-4.4148164575	-1590.00181096	
-4.4188406078	-1590.00308475	
-4.42284862919	-1590.00435295	
-4.42684065046	-1590.00561559	
-4.43081679884	-1590.00687271	
-4.43477720006	-1590.00812434	
-4.43872197835	-1590.00937053	
-4.44265125649	-1590.0106113	
-4.44656515581	-1590.0118467	
-4.45046379623	-1590.01307675	
-4.45434729625	-1590.01430149	
-4.45821577303	-1590.01552096	
-4.46206934235	-1590.01673519	
-4.46590811865	-1590.01794421	
-4.46973221509	-1590.01914807	
-4.47354174351	-1590.02034678	
-4.47733681448	-1590.0215404	
-4.48111753732	-1590.02272894	
-4.48488402011	-1590.02391244	
-4.48863636973	-1590.02509094	
-4.49237469184	-1590.02626446	
-4.49609909093	-1590.02743304	
-4.49980967033	-1590.02859671	
-4.50350653221	-1590.02975551	
-4.50718977763	-1590.03090946	
-4.51085950652	-1590.03205859	
-4.51451581772	-1590.03320294	
-4.518158809	-1590.03434254	
-4.52178857705	-1590.03547742	
-4.52540521752	-1590.0366076	
-4.52900882502	-1590.03773312	
-4.53259949315	-1590.03885401	
-4.5361773145	-1590.03997029	
-4.53974238067	-1590.041082	
-4.54329478227	-1590.04218917	
-4.54683460898	-1590.04329182	
-4.55036194949	-1590.04438998	
-4.5538768916	-1590.04548369	
-4.55737952215	-1590.04657297	
-4.56086992709	-1590.04765784	
-4.56434819147	-1590.04873834	
-4.56781439944	-1590.0498145	
-4.57126863431	-1590.05088633	
-4.5747109785	-1590.05195387	
-4.5781415136	-1590.05301715	
-4.58156032035	-1590.05407619	
-4.58496747867	-1590.05513102	
-4.58836306767	-1590.05618166	
-4.59174716566	-1590.05722814	
-4.59511985013	-1590.05827049	
-4.59848119784	-1590.05930873	
-4.60183128472	-1590.06034289	
-4.60517018599	-1590.06137299	
-4.60849797608	-1590.06239906	
-4.61181472871	-1590.06342113	
-4.61512051684	-1590.06443921	
-4.61841541274	-1590.06545333	
-4.62169948794	-1590.06646352	
-4.62497281328	-1590.0674698	
-4.62823545892	-1590.0684722	
-4.63148749431	-1590.06947074	
-4.63472898823	-1590.07046544	
-4.63796000881	-1590.07145632	
-4.64118062351	-1590.07244341	
-4.64439089914	-1590.07342674	
-4.64759090187	-1590.07440632	
-4.65078069724	-1590.07538218	
-4.65396035016	-1590.07635433	
-4.65712992492	-1590.07732281	
-4.66028948521	-1590.07828764	
-4.66343909411	-1590.07924883	
-4.66657881412	-1590.08020641	
-4.66970870713	-1590.0811604	
-4.67282883446	-1590.08211082	
-4.67593925688	-1590.08305769	
-4.67904003455	-1590.08400104	
-4.68213122712	-1590.08494088	
-4.68521289366	-1590.08587724	
-4.6882850927	-1590.08681013	
-4.69134788223	-1590.08773958	
-4.69440131972	-1590.08866561	
-4.6974454621	-1590.08958823	
-4.70048036579	-1590.09050748	
-4.70350608671	-1590.09142336	
-4.70652268025	-1590.09233589	
-4.70953020131	-1590.0932451	
-4.71252870431	-1590.09415101	
-4.71551824316	-1590.09505364	
-4.7184988713	-1590.09595299	
-4.72147064168	-1590.0968491	
-4.72443360681	-1590.09774198	
-4.72738781871	-1590.09863166	
-4.73033332894	-1590.09951814	
-4.73327018862	-1590.10040145	
-4.73619844839	-1590.1012816	
-4.7391181585	-1590.10215862	
-4.74202936871	-1590.10303252	
-4.74493212836	-1590.10390332	
-4.74782648639	-1590.10477103	
-4.75071249128	-1590.10563568	
-4.75359019111	-1590.10649729	
-4.75645963353	-1590.10735586	
-4.75932086582	-1590.10821142	
-4.7621739348	-1590.10906398	
-4.76501888693	-1590.10991356	
-4.76785576827	-1590.11076018	
-4.77068462447	-1590.11160385	
-4.77350550081	-1590.11244459	
-4.77631844218	-1590.11328242	
-4.77912349311	-1590.11411736	
-4.78192069773	-1590.11494941	
-4.78471009982	-1590.11577859	
-4.78749174278	-1590.11660493	
-4.79026566966	-1590.11742843	
-4.79303192316	-1590.11824912	
-4.7957905456	-1590.119067	
-4.79854157897	-1590.1198821	
-4.80128506491	-1590.12069443	
-4.80402104473	-1590.121504	
-4.80674955939	-1590.12231082	
-4.8094706495	-1590.12311493	
-4.81218435537	-1590.12391632	
-4.81489071697	-1590.12471501	
-4.81758977394	-1590.12551102	
-4.82028156561	-1590.12630437	
-4.82296613098	-1590.12709506	
-4.82564350875	-1590.12788311	
-4.8283137373	-1590.12866854	
-4.83097685472	-1590.12945135	
-4.83363289878	-1590.13023157	
-4.83628190695	-1590.13100921	
-4.83892391641	-1590.13178428	
-4.84155896405	-1590.13255679	
-4.84418708646	-1590.13332677	
-4.84680831994	-1590.13409421	
-4.84942270051	-1590.13485914	
-4.85203026392	-1590.13562157	
-4.85463104562	-1590.13638151	
-4.8572250808	-1590.13713897	
-4.85981240436	-1590.13789397	
-4.86239305096	-1590.13864653	
-4.86496705495	-1590.13939665	
-4.86753445046	-1590.14014434	
-4.87009527132	-1590.14088962	
-4.87264955112	-1590.1416325	
-4.8751973232	-1590.142373	
-4.87773862063	-1590.14311113	
-4.88027347623	-1590.14384689	
-4.88280192259	-1590.1445803	
-4.88532399202	-1590.14531138	
-4.88783971662	-1590.14604013	
-4.89034912822	-1590.14676657	
-4.89285225844	-1590.14749071	
-4.89534913864	-1590.14821255	
-4.89783979995	-1590.14893212	
-4.90032427328	-1590.14964943	
-4.90280258929	-1590.15036448	
-4.90527477844	-1590.15107728	
-4.90774087093	-1590.15178785	
-4.91020089677	-1590.15249621	
-4.91265488574	-1590.15320235	
-4.91510286737	-1590.1539063	
-4.91754487103	-1590.15460805	
-4.91998092583	-1590.15530763	
-4.92241106068	-1590.15600505	
-4.92483530429	-1590.15670031	
-4.92725368516	-1590.15739343	
-4.92966623156	-1590.15808441	
-4.93207297159	-1590.15877327	
-4.93447393313	-1590.15946002	
-4.93686914386	-1590.16014467	
-4.93925863125	-1590.16082723	
-4.94164242261	-1590.1615077	
-4.94402054501	-1590.1621861	
-4.94639302537	-1590.16286245	
-4.94875989038	-1590.16353674	
-4.95112116656	-1590.16420899	
-4.95347688026	-1590.16487921	
-4.9558270576	-1590.16554742	
-4.95817172456	-1590.16621361	
-4.96051090691	-1590.16687779	
-4.96284463026	-1590.16753999	
-4.96517292002	-1590.16820021	
-4.96749580144	-1590.16885845	
-4.96981329958	-1590.16951473	
-4.97212543933	-1590.17016906	
-4.97443224543	-1590.17082144	
-4.97673374242	-1590.17147189	
-4.97902995468	-1590.17212041	
-4.98132090643	-1590.17276702	
-4.98360662171	-1590.17341172	
-4.98588712441	-1590.17405452	
-4.98816243824	-1590.17469543	
-4.99043258678	-1590.17533447	
-4.99269759341	-1590.17597163	
-4.99495748138	-1590.17660692	
-4.99721227376	-1590.17724037	
-4.9994619935	-1590.17787197	
-5.00170666335	-1590.17850173	
-5.00394630595	-1590.17912967	
-5.00618094375	-1590.17975579	
-5.00841059907	-1590.18038009	
-5.0106352941	-1590.18100259	
-5.01285505083	-1590.1816233	
-5.01506989116	-1590.18224223	
-5.01727983681	-1590.18285937	
-5.01948490937	-1590.18347475	
-5.02168513028	-1590.18408837	
-5.02388052085	-1590.18470023	
-5.02607110223	-1590.18531035	
-5.02825689545	-1590.18591873	
-5.03043792139	-1590.18652539	
-5.03261420082	-1590.18713032	
-5.03478575433	-1590.18773354	
-5.03695260241	-1590.18833505	
-5.03911476542	-1590.18893486	
-5.04127226356	-1590.18953299	
-5.04342511692	-1590.19012943	
-5.04557334546	-1590.1907242	
-5.047716969	-1590.1913173	
-5.04985600725	-1590.19190875	
-5.05199047978	-1590.19249854	
-5.05412040604	-1590.19308668	
-5.05624580535	-1590.19367319	
-5.05836669692	-1590.19425807	
-5.06048309982	-1590.19484132	
-5.06259503303	-1590.19542296	
-5.06470251537	-1590.19600299	
-5.06680556556	-1590.19658142	
-5.06890420222	-1590.19715826	
-5.07099844382	-1590.1977335	
-5.07308830874	-1590.19830717	
-5.07517381523	-1590.19887927	
-5.07725498144	-1590.1994498	
-5.07933182538	-1590.20001877	
-5.08140436498	-1590.20058618	
-5.08347261805	-1590.20115205	
-5.08553660227	-1590.20171639	
-5.08759633523	-1590.20227919	
-5.08965183441	-1590.20284046	
-5.09170311719	-1590.20340021	
-5.09375020081	-1590.20395846	
-5.09579310244	-1590.20451519	
-5.09783183913	-1590.20507043	
-5.09986642782	-1590.20562418	
-5.10189688537	-1590.20617643	
-5.10392322852	-1590.20672721	
-5.1059454739	-1590.20727652	
-5.10796363806	-1590.20782435	
-5.10997773743	-1590.20837073	
-5.11198778836	-1590.20891565	
-5.11399380708	-1590.20945912	
-5.11599580975	-1590.21000115	
-5.11799381242	-1590.21054175	
-5.11998783102	-1590.21108091	
-5.12197788143	-1590.21161865	
-5.1239639794	-1590.21215497	
-5.12594614061	-1590.21268988	
-5.12792438062	-1590.21322338	
-5.12989871492	-1590.21375548	
-5.13186915891	-1590.21428619	
-5.13383572788	-1590.2148155	
-5.13579843705	-1590.21534344	
-5.13775730154	-1590.21587	
-5.13971233637	-1590.21639518	
-5.1416635565	-1590.216919	
-5.14361097679	-1590.21744147	
-5.145554612	-1590.21796257	
-5.14749447681	-1590.21848233	
-5.14943058584	-1590.21900074	
-5.15136295359	-1590.21951782	
-5.1532915945	-1590.22003357	
-5.15521652291	-1590.22054798	
-5.15713775309	-1590.22106108	
-5.15905529921	-1590.22157286	
-5.1609691754	-1590.22208333	
-5.16287939565	-1590.2225925	
-5.16478597392	-1590.22310037	
-5.16668892407	-1590.22360694	
-5.16858825987	-1590.22411222	
-5.17048399504	-1590.22461622	
-5.17237614319	-1590.22511894	
-5.17426471788	-1590.22562038	
-5.17614973257	-1590.22612056	
-5.17803120067	-1590.22661948	
-5.1799091355	-1590.22711713	
-5.18178355029	-1590.22761353	
-5.18365445823	-1590.22810869	
-5.1855218724	-1590.2286026	
-5.18738580584	-1590.22909527	
-5.18924627149	-1590.22958671	
-5.19110328224	-1590.23007693	
-5.19295685089	-1590.23056591	
-5.19480699018	-1590.23105368	
-5.19665371277	-1590.23154024	
-5.19849703127	-1590.23202559	
-5.20033695819	-1590.23250973	
-5.202173506	-1590.23299267	
-5.20400668708	-1590.23347442	
-5.20583651375	-1590.23395498	
-5.20766299828	-1590.23443435	
-5.20948615284	-1590.23491255	
-5.21130598956	-1590.23538956	
-5.21312252048	-1590.23586541	
-5.21493575761	-1590.23634009	
-5.21674571285	-1590.2368136	
-5.21855239808	-1590.23728596	
-5.22035582508	-1590.23775717	
-5.22215600558	-1590.23822722	
-5.22395295126	-1590.23869613	
-5.22574667371	-1590.23916391	
-5.22753718449	-1590.23963054	
-5.22932449506	-1590.24009605	
-5.23110861685	-1590.24056042	
-5.23288956123	-1590.24102368	
-5.23466733947	-1590.24148582	
-5.23644196283	-1590.24194684	
-5.23821344248	-1590.24240676	
-5.23998178954	-1590.24286557	
-5.24174701506	-1590.24332327	
-5.24350913005	-1590.24377988	
-5.24526814546	-1590.2442354	
-5.24702407216	-1590.24468983	
-5.24877692099	-1590.24514317	
-5.25052670271	-1590.24559544	
-5.25227342805	-1590.24604663	
-5.25401710765	-1590.24649674	
-5.25575775213	-1590.24694579	
-5.25749537203	-1590.24739377	
-5.25922997784	-1590.2478407	
-5.26096158	-1590.24828656	
-5.2626901889	-1590.24873138	
-5.26441581487	-1590.24917514	
-5.26613846818	-1590.24961786	
-5.26785815906	-1590.25005954	
-5.26957489768	-1590.25050019	
-5.27128869416	-1590.2509398	
-5.27299955856	-1590.25137838	
-5.27470750091	-1590.25181594	
-5.27641253116	-1590.25225247	
-5.27811465923	-1590.25268799	
-5.27981389498	-1590.2531225	
-5.28151024823	-1590.25355599	
-5.28320372874	-1590.25398848	
-5.28489434622	-1590.25441996	
-5.28658211033	-1590.25485045	
-5.28826703069	-1590.25527994	
-5.28994911688	-1590.25570844	
-5.2916283784	-1590.25613595	
-5.29330482472	-1590.25656248	
-5.29497846528	-1590.25698802	
-5.29664930945	-1590.25741259	
-5.29831736655	-1590.25783618	
-5.29998264587	-1590.25825881	
-5.30164515664	-1590.25868046	
-5.30330490806	-1590.25910116	
-5.30496190927	-1590.25952089	
-5.30661616936	-1590.25993967	
-5.3082676974	-1590.26035749	
-5.30991650239	-1590.26077437	
-5.3115625933	-1590.2611903	
-5.31320597904	-1590.26160528	
-5.3148466685	-1590.26201933	
-5.3164846705	-1590.26243244	
-5.31811999384	-1590.26284462	
-5.31975264727	-1590.26325587	
-5.32138263948	-1590.26366619	
-5.32300997914	-1590.26407559	
-5.32463467487	-1590.26448407	
-5.32625673524	-1590.26489164	
-5.32787616879	-1590.26529829	
-5.32949298402	-1590.26570403	
-5.33110718937	-1590.26610887	
-5.33271879327	-1590.2665128	
-5.33432780407	-1590.26691583	
-5.33593423012	-1590.26731797	
-5.3375380797	-1590.26771921	
-5.33913936107	-1590.26811956	
-5.34073808243	-1590.26851902	
-5.34233425196	-1590.2689176	
-5.3439278778	-1590.2693153	
-5.34551896803	-1590.26971211	
-5.34710753072	-1590.27010806	
-5.34869357387	-1590.27050313	
-5.35027710548	-1590.27089733	
-5.35185813348	-1590.27129067	
-5.35343666577	-1590.27168314	
-5.35501271022	-1590.27207475	
-5.35658627467	-1590.27246551	
-5.3581573669	-1590.27285541	
-5.35972599468	-1590.27324446	
-5.36129216571	-1590.27363266	
-5.36285588769	-1590.27402001	
-5.36441716825	-1590.27440653	
-5.36597601502	-1590.2747922	
-5.36753243557	-1590.27517704	
-5.36908643744	-1590.27556104	
-5.37063802813	-1590.27594421	
-5.37218721511	-1590.27632655	
-5.37373400583	-1590.27670807	
-5.37527840768	-1590.27708877	
-5.37682042804	-1590.27746864	
-5.37836007422	-1590.2778477	
-5.37989735354	-1590.27822594	
-5.38143227326	-1590.27860337	
-5.38296484061	-1590.27898	
-5.38449506279	-1590.27935581	
-5.38602294697	-1590.27973082	
-5.38754850028	-1590.28010504	
-5.38907172982	-1590.28047845	
-5.39059264266	-1590.28085107	
-5.39211124583	-1590.28122289	
-5.39362754635	-1590.28159393	
-5.39514155118	-1590.28196418	
-5.39665326727	-1590.28233364	
-5.39816270152	-1590.28270232	
-5.39966986081	-1590.28307022	
-5.40117475199	-1590.28343735	
-5.40267738187	-1590.2838037	
-5.40417775725	-1590.28416928	
-5.40567588487	-1590.28453408	
-5.40717177146	-1590.28489813	
-5.40866542372	-1590.2852614	
-5.4101568483	-1590.28562392	
-5.41164605186	-1590.28598568	
-5.41313304098	-1590.28634668	
-5.41461782224	-1590.28670692	
-5.4161004022	-1590.28706641	
-5.41758078737	-1590.28742516	
-5.41905898424	-1590.28778316	
-5.42053499927	-1590.28814041	
-5.42200883889	-1590.28849692	
-5.4234805095	-1590.28885269	
-5.42495001748	-1590.28920772	
-5.42641736918	-1590.28956202	
-5.4278825709	-1590.28991559	
-5.42934562895	-1590.29026842	
-5.43080654959	-1590.29062053	
-5.43226533906	-1590.29097191	
-5.43372200355	-1590.29132257	
-5.43517654927	-1590.29167251	
-5.43662898235	-1590.29202173	
-5.43807930892	-1590.29237024	
-5.4395275351	-1590.29271803	
-5.44097366695	-1590.29306511	
-5.44241771052	-1590.29341148	
-5.44385967184	-1590.29375714	
-5.4452995569	-1590.2941021	
-5.44673737167	-1590.29444636	
-5.44817312209	-1590.29478991	
-5.44960681409	-1590.29513277	
-5.45103845357	-1590.29547493	
-5.45246804638	-1590.2958164	
-5.45389559837	-1590.29615718	
-5.45532111536	-1590.29649727	
-5.45674460314	-1590.29683667	
-5.45816606749	-1590.29717538	
-5.45958551414	-1590.29751342	
-5.46100294883	-1590.29785077	
-5.46241837723	-1590.29818744	
-5.46383180503	-1590.29852344	
-5.46524323786	-1590.29885877	
-5.46665268137	-1590.29919342	
-5.46806014114	-1590.2995274	
-5.46946562274	-1590.29986071	
-5.47086913175	-1590.30019336	
-5.47227067367	-1590.30052535	
-5.47367025403	-1590.30085667	
-5.47506787829	-1590.30118733	
-5.47646355193	-1590.30151734	
-5.47785728038	-1590.30184669	
-5.47924906905	-1590.30217539	
-5.48063892334	-1590.30250343	
-5.48202684862	-1590.30283083	
-5.48341285022	-1590.30315758	
-5.48479693349	-1590.30348368	
-5.48617910372	-1590.30380914	
-5.48755936619	-1590.30413396	
-5.48893772616	-1590.30445814	
-5.49031418887	-1590.30478168	
-5.49168875953	-1590.30510459	
-5.49306144334	-1590.30542686	
-5.49443224547	-1590.30574851	
-5.49580117108	-1590.30606952	
-5.49716822529	-1590.3063899	
-5.49853341322	-1590.30670966	
-5.49989673995	-1590.30702879	
-5.50125821054	-1590.3073473	
-5.50261783006	-1590.3076652	
-5.50397560352	-1590.30798247	
-5.50533153593	-1590.30829913	
-5.50668563228	-1590.30861517	
-5.50803789753	-1590.3089306	
-5.50938833663	-1590.30924542	
-5.5107369545	-1590.30955963	
-5.51208375605	-1590.30987323	
-5.51342874616	-1590.31018623	
-5.51477192971	-1590.31049862	
-5.51611331154	-1590.31081042	
-5.51745289646	-1590.31112161	
-5.51879068931	-1590.3114322	
-5.52012669485	-1590.3117422	
-5.52146091786	-1590.3120516	
-5.5227933631	-1590.31236041	
-5.52412403528	-1590.31266863	
-5.52545293913	-1590.31297626	
-5.52678007934	-1590.31328331	
-5.52810546058	-1590.31358976	
-5.52942908751	-1590.31389564	
-5.53075096477	-1590.31420093	
-5.53207109697	-1590.31450564	
-5.53338948873	-1590.31480977	
-5.53470614461	-1590.31511332	
-5.53602106919	-1590.3154163	
-5.53733426702	-1590.31571871	
-5.53864574262	-1590.31602054	
-5.5399555005	-1590.31632181	
-5.54126354516	-1590.3166225	
-5.54256988107	-1590.31692263	
-5.5438745127	-1590.31722219	
-5.54517744448	-1590.31752119	
-5.54647868084	-1590.31781962	
-5.54777822618	-1590.3181175	
-5.5490760849	-1590.31841482	
-5.55037226136	-1590.31871158	
-5.55166675992	-1590.31900778	
-5.55295958492	-1590.31930343	
-5.55425074069	-1590.31959853	
-5.55554023152	-1590.31989308	
-5.5568280617	-1590.32018708	
-5.55811423551	-1590.32048053	
-5.5593987572	-1590.32077343	
-5.56068163102	-1590.32106579	
-5.56196286117	-1590.32135761	
-5.56324245188	-1590.32164889	
-5.56452040732	-1590.32193962	
-5.56579673168	-1590.32222982	
-5.56707142911	-1590.32251949	
-5.56834450376	-1590.32280861	
-5.56961595975	-1590.32309721	
-5.57088580119	-1590.32338527	
-5.57215403218	-1590.3236728	
-5.57342065679	-1590.3239598	
-5.5746856791	-1590.32424628	
-5.57594910315	-1590.32453223	
-5.57721093297	-1590.32481766	
-5.57847117258	-1590.32510256	
-5.57972982599	-1590.32538694	
-5.58098689718	-1590.3256708	
-5.58224239012	-1590.32595414	
-5.58349630878	-1590.32623697	
-5.5847486571	-1590.32651928	
-5.585999439	-1590.32680107	
-5.5872486584	-1590.32708236	
-5.5884963192	-1590.32736313	
-5.58974242528	-1590.32764339	
-5.59098698051	-1590.32792314	
-5.59222998875	-1590.32820239	
-5.59347145384	-1590.32848113	
-5.5947113796	-1590.32875937	
-5.59594976985	-1590.32903711	
-5.59718662839	-1590.32931434	
-5.598421959	-1590.32959107	
-5.59965576545	-1590.32986731	
-5.60088805149	-1590.33014305	
-5.60211882088	-1590.33041829	
-5.60334807733	-1590.33069304	
-5.60457582457	-1590.3309673	
-5.6058020663	-1590.33124106	
-5.60702680619	-1590.33151433	
-5.60825004793	-1590.33178712	
-5.60947179518	-1590.33205942	
-5.61069205159	-1590.33233123	
-5.61191082078	-1590.33260256	
-5.61312810639	-1590.3328734	
-5.61434391201	-1590.33314376	
-5.61555824124	-1590.33341364	
-5.61677109767	-1590.33368304	
-5.61798248485	-1590.33395197	
-5.61919240636	-1590.33422041	
-5.62040086572	-1590.33448838	
-5.62160786647	-1590.33475588	
-5.62281341212	-1590.3350229	
-5.62401750619	-1590.33528946	
-5.62522015215	-1590.33555554	
-5.6264213535	-1590.33582115	
-5.62762111369	-1590.3360863	
-5.62881943618	-1590.33635098	
-5.63001632442	-1590.33661519	
-5.63121178182	-1590.33687894	
-5.63240581181	-1590.33714223	
-5.6335984178	-1590.33740505	
-5.63478960317	-1590.33766742	
-5.6359793713	-1590.33792932	
-5.63716772557	-1590.33819077	
-5.63835466933	-1590.33845176	
-5.63954020593	-1590.3387123	
-5.64072433869	-1590.33897238	
-5.64190707094	-1590.33923202	
-5.64308840598	-1590.33949119	
-5.64426834712	-1590.33974992	
-5.64544689764	-1590.3400082	
-5.64662406082	-1590.34026603	
-5.64779983991	-1590.34052342	
-5.64897423816	-1590.34078036	
-5.65014725882	-1590.34103685	
-5.65131890512	-1590.3412929	
-5.65248918027	-1590.34154851	
-5.65365808747	-1590.34180368	
-5.65482562993	-1590.34205841	
-5.65599181082	-1590.3423127	
-5.65715663332	-1590.34256656	
-5.65832010058	-1590.34281997	
-5.65948221576	-1590.34307296	
-5.660642982	-1590.34332551	
-5.66180240242	-1590.34357762	
-5.66296048014	-1590.34382931	
-5.66411721826	-1590.34408056	
-5.66527261989	-1590.34433139	
-5.66642668811	-1590.34458178	
-5.66757942599	-1590.34483175	
-5.6687308366	-1590.3450813	
-5.66988092298	-1590.34533042	
-5.67102968818	-1590.34557911	
-5.67217713524	-1590.34582739	
-5.67332326717	-1590.34607524	
-5.67446808699	-1590.34632267	
-5.67561159769	-1590.34656968	
-5.67675380227	-1590.34681628	
-5.6778947037	-1590.34706245	
-5.67903430497	-1590.34730821	
-5.68017260902	-1590.34755356	
-5.6813096188	-1590.34779849	
-5.68244533727	-1590.34804301	
-5.68357976734	-1590.34828712	
-5.68471291194	-1590.34853082	
-5.68584477397	-1590.34877411	
-5.68697535634	-1590.34901699	
-5.68810466194	-1590.34925946	
-5.68923269364	-1590.34950153	
-5.69035945432	-1590.34974319	
-5.69148494685	-1590.34998445	
-5.69260917406	-1590.3502253	
-5.6937321388	-1590.35046575	
-5.69485384391	-1590.3507058	
-5.69597429221	-1590.35094545	
-5.69709348651	-1590.3511847	
-5.69821142961	-1590.35142356	
-5.69932812431	-1590.35166201	
-5.70044357339	-1590.35190008	
-5.70155777963	-1590.35213774	
-5.7026707458	-1590.35237501	
-5.70378247466	-1590.35261189	
-5.70489296894	-1590.35284838	
-5.70600223139	-1590.35308447	
-5.70711026475	-1590.35332018	
-5.70821707172	-1590.3535555	
-5.70932265503	-1590.35379043	
-5.71042701737	-1590.35402497	
-5.71153016145	-1590.35425912	
-5.71263208993	-1590.35449289	
-5.71373280551	-1590.35472628	
-5.71483231084	-1590.35495929	
-5.71593060859	-1590.35519191	
-5.71702770141	-1590.35542415	
-5.71812359193	-1590.35565601	
-5.71921828279	-1590.35588749	
-5.72031177661	-1590.35611859	
-5.72140407601	-1590.35634932	
-5.72249518359	-1590.35657967	
-5.72358510195	-1590.35680964	
-5.72467383369	-1590.35703924	
-5.72576138137	-1590.35726847	
-5.72684774759	-1590.35749732	
-5.72793293489	-1590.3577258	
-5.72901694583	-1590.35795391	
-5.73009978297	-1590.35818165	
-5.73118144884	-1590.35840902	
-5.73226194598	-1590.35863603	
-5.7333412769	-1590.35886266	
-5.73441944412	-1590.35908894	
-5.73549645015	-1590.35931484	
-5.73657229748	-1590.35954038	
-5.73764698861	-1590.35976556	
-5.73872052602	-1590.35999038	
-5.73979291218	-1590.36021483	
-5.74086414956	-1590.36043892	
-5.74193424062	-1590.36066265	
-5.74300318781	-1590.36088603	
-5.74407099357	-1590.36110904	
-5.74513766034	-1590.3613317	
-5.74620319054	-1590.36155401	
-5.7472675866	-1590.36177595	
-5.74833085092	-1590.36199755	
-5.74939298591	-1590.36221878	
-5.75045399397	-1590.36243967	
-5.75151387748	-1590.3626602	
-5.75257263883	-1590.36288039	
-5.75363028038	-1590.36310022	
-5.75468680452	-1590.3633197	
-5.75574221359	-1590.36353884	
-5.75679650994	-1590.36375763	
-5.75784969593	-1590.36397607	
-5.75890177388	-1590.36419416	
-5.75995274612	-1590.36441191	
-5.76100261499	-1590.36462931	
-5.76205138278	-1590.36484638	
-5.76309905181	-1590.36506309	
-5.76414562438	-1590.36527947	
-5.76519110278	-1590.36549551	
-5.7662354893	-1590.3657112	
-5.76727878622	-1590.36592656	
-5.76832099579	-1590.36614158	
-5.7693621203	-1590.36635626	
-5.770402162	-1590.3665706	
-5.77144112313	-1590.36678461	
-5.77247900594	-1590.36699828	
-5.77351581267	-1590.36721162	
-5.77455154554	-1590.36742462	
-5.77558620679	-1590.36763729	
-5.77661979861	-1590.36784963	
-5.77765232322	-1590.36806164	
-5.77868378283	-1590.36827332	
-5.77971417962	-1590.36848467	
-5.78074351579	-1590.36869569	
-5.78177179352	-1590.36890638	
-5.78279901497	-1590.36911674	
-5.78382518233	-1590.36932678	
-5.78485029774	-1590.36953649	
-5.78587436337	-1590.36974587	
-5.78689738137	-1590.36995494	
-5.78791935386	-1590.37016368	
-5.788940283	-1590.37037209	
-5.7899601709	-1590.37058019	
-5.79097901969	-1590.37078796	
-5.79199683148	-1590.37099541	
-5.79301360838	-1590.37120254	
-5.7940293525	-1590.37140936	
-5.79504406593	-1590.37161585	
-5.79605775077	-1590.37182203	
-5.79707040908	-1590.37202789	
-5.79808204295	-1590.37223344	
-5.79909265446	-1590.37243867	
-5.80010224566	-1590.37264359	
-5.80111081862	-1590.37284819	
-5.80211837538	-1590.37305248	
-5.80312491799	-1590.37325646	
-5.80413044849	-1590.37346013	
-5.80513496892	-1590.37366348	
-5.80613848129	-1590.37386653	
-5.80714098764	-1590.37406926	
-5.80814248998	-1590.37427169	
-5.80914299031	-1590.37447381	
