-7.490217461141956967e-01
-4.857919807489682329e-01
-8.331900454630453146e-01
2.893414219720681579e+00
-8.468726042059387948e-01
2.449045466288932271e+00
-2.235521318137947966e-02
-1.898837085342096886e-01
-4.347227057281566331e+00
-5.162397813949854530e+00
-3.889279789093743389e+00
-4.459326728147591901e+00
-6.489418745420471701e+00
-6.102078054647902761e+00
-6.218116827640383981e+00
-5.427055205210191247e+00
-6.604315512489451478e+00
-5.359184527612666393e+00
-5.670347254505060164e+00
-6.675622443499445779e+00
