-7.237011544374190031e-01
-5.544602564560529023e-01
-7.661024130134449495e-01
2.660458950812008450e+00
-2.208361058672130284e-01
-1.190136784255416691e+00
-1.190136784255416913e+00
-5.874227092253940796e+00
-4.215684716997732728e+00
-4.354436717745019614e+00
-4.472831216059257819e+00
-8.179761589736591176e+00
-6.041801616340517711e+00
-5.974219612746424879e+00
-5.151834164694239604e+00
-6.808950155240123259e+00
-5.298158922370190815e+00
-5.447888772064483298e+00
-7.097049352533178812e+00
-6.899110611430157025e-01
