-7.293874258716765979e-01
-5.638199241730200706e-01
-8.193339196852090778e-01
2.177736829654708384e+00
-5.531142140576834620e-01
1.968839507487513574e+00
-1.461158191519151828e+00
-4.602204866442560771e+00
-3.960998791388770979e+00
-5.553511179396878106e+00
-4.689468364835694736e+00
-3.473007542403635295e+00
-6.160030285820747409e+00
-4.685412319464787423e+00
-5.720622344663360614e+00
-4.494515187031632664e+00
-7.765873616075412045e+00
-4.753740386818343211e+00
-4.833183992310831734e+00
-4.980702941497001213e+00
