-6.940311269460156529e-01
-5.246872473165556938e-01
-7.867836020766888483e-01
2.694589797373092122e+00
-1.277839599858136888e+00
1.936663680817550359e+00
8.413328049268520292e-02
-3.962622972341756977e+00
-3.614770881194106611e+00
-1.545128474247449013e+01
-4.370831980309767495e+00
-3.570545212512532096e+00
-4.106951436213853412e+01
-5.091051755700933157e+00
-3.627666263244059053e+01
-4.634987570390837419e+00
-6.946902902499342503e+00
-4.854875640283479399e+00
-4.961603510236153980e+00
-6.468959112671089251e+00
