#Site	lnL	
0	-6.78009668394
1	-1.52509799767
2	-8.59538171234
3	-1.63956403178
4	-1.23563089022
5	-9.48836429968
6	-2.04639239195
7	-1.26667816905
8	-7.89939183071
9	-1.32603548357
10	-1.26667816905
11	-5.91998731708
12	-7.62249517964
13	-1.26667816905
14	-5.66950545235
15	-1.32603548357
16	-1.9334232042
17	-21.7311759813
18	-1.33441592305
19	-1.52509799767
20	-5.21819370321
21	-1.63956403178
22	-1.23563089022
23	-7.19918913303
24	-6.19522482143
25	-1.9334232042
26	-6.9520426639
27	-1.32603548357
28	-1.52509799767
29	-7.19918913303
30	-1.33441592305
31	-1.26667816905
32	-1.75081071375
33	-13.2227739377
34	-1.23563089022
35	-10.794755816
36	-1.32603548357
37	-1.9334232042
38	-8.7613891109
39	-1.63956403178
40	-1.23563089022
41	-7.97500374436
42	-1.33441592305
43	-1.23563089022
44	-11.7686913949
45	-1.32603548357
46	-1.26667816905
47	-5.29602145416
48	-2.04639239195
49	-6.39023078186
50	-19.6734502995
51	-1.33441592305
52	-1.9334232042
53	-7.47362372327
54	-1.33441592305
55	-1.26667816905
56	-1.41377819974
57	-7.60671995977
58	-1.26667816905
59	-2.15638633924
60	-5.7888698974
61	-1.26667816905
62	-1.41377819974
63	-1.32603548357
64	-1.9334232042
65	-5.91998731708
66	-1.63956403178
67	-1.9334232042
68	-5.74683248295
69	-1.32603548357
70	-1.23563089022
71	-5.55852559349
72	-1.33441592305
73	-15.0843616159
74	-12.1333059705
75	-1.63956403178
76	-1.52509799767
77	-1.41377819974
78	-1.33441592305
79	-1.26667816905
80	-14.3042675097
81	-1.33441592305
82	-1.52509799767
83	-7.20159485481
84	-6.23511436349
85	-1.52509799767
86	-2.15638633924
87	-1.63956403178
88	-1.9334232042
89	-12.2059399071
90	-9.27844803626
91	-1.23563089022
92	-5.15915662767
93	-1.63956403178
94	-1.23563089022
95	-5.66950545235
96	-1.32603548357
97	-1.26667816905
98	-7.2658502387
99	-2.04639239195
100	-1.9334232042
101	-1.41377819974
102	-2.04639239195
103	-1.23563089022
104	-7.23866644137
105	-8.56582366409
106	-1.26667816905
107	-9.11785005349
108	-1.32603548357
109	-1.52509799767
110	-16.857546558
111	-1.32603548357
112	-1.23563089022
113	-1.40022287273
114	-1.33441592305
115	-1.23563089022
116	-11.8568625388
117	-6.28071295339
118	-1.9334232042
119	-11.0333698686
120	-2.04639239195
121	-8.01522448828
122	-6.31748370483
123	-1.32603548357
124	-1.9334232042
125	-20.0775832934
126	-7.21579564094
127	-9.28855509776
128	-10.1810613905
129	-2.04639239195
130	-1.26667816905
131	-1.40022287273
132	-1.32603548357
133	-1.23563089022
134	-10.3340236707
135	-1.33441592305
136	-1.52509799767
137	-5.66950545235
138	-1.33441592305
139	-1.26667816905
140	-8.98254628351
141	-1.33441592305
142	-1.26667816905
143	-5.91998731708
144	-1.33441592305
145	-1.26667816905
146	-1.40022287273
147	-8.06270107921
148	-1.23563089022
149	-5.21819370321
150	-1.32603548357
151	-1.23563089022
152	-1.40022287273
153	-1.33441592305
154	-1.9334232042
155	-1.40022287273
156	-6.23511436349
157	-1.23563089022
158	-6.7746160409
159	-1.33441592305
160	-1.52509799767
161	-1.40022287273
162	-1.63956403178
163	-1.52509799767
164	-5.40986917069
165	-1.32603548357
166	-1.52509799767
167	-2.15638633924
168	-1.63956403178
169	-1.23563089022
170	-1.75081071375
171	-1.32603548357
172	-1.26667816905
173	-5.82097386763
174	-2.04639239195
175	-1.52509799767
176	-1.41377819974
177	-1.63956403178
178	-1.26667816905
179	-9.55127881489
180	-1.63956403178
181	-1.52509799767
182	-10.4651501632
183	-5.94096679445
184	-1.52509799767
185	-5.91998731708
186	-1.33441592305
187	-1.26667816905
188	-2.15638633924
189	-1.63956403178
190	-1.9334232042
191	-17.2144701987
192	-1.33441592305
193	-1.52509799767
194	-9.18251830431
195	-1.33441592305
196	-1.52509799767
197	-13.8712695598
198	-1.63956403178
199	-1.23563089022
200	-1.40022287273
201	-1.63956403178
202	-1.23563089022
203	-1.75081071375
204	-1.33441592305
205	-1.26667816905
206	-8.59538171234
207	-2.04639239195
208	-1.23563089022
209	-1.40022287273
210	-1.33441592305
211	-1.23563089022
212	-17.7948154614
213	-1.33441592305
214	-1.26667816905
215	-2.15638633924
216	-1.63956403178
217	-1.23563089022
218	-13.6839305071
219	-1.33441592305
220	-1.23563089022
221	-7.95703189457
222	-1.33441592305
223	-1.9334232042
224	-8.20777630984
225	-1.32603548357
226	-1.26667816905
227	-5.15915662767
228	-1.33441592305
229	-1.9334232042
230	-25.5774319845
231	-7.66573203843
232	-1.26667816905
233	-14.1613135516
234	-1.33441592305
235	-7.07358628344
236	-15.898394597
237	-1.33441592305
238	-1.23563089022
239	-1.40022287273
240	-1.33441592305
241	-1.26667816905
242	-1.40022287273
243	-5.52087438781
244	-1.23563089022
245	-2.15638633924
246	-1.63956403178
247	-1.52509799767
248	-14.0139281614
249	-2.04639239195
250	-1.26667816905
251	-11.490877229
252	-1.33441592305
253	-1.52509799767
254	-7.96856517829
255	-1.63956403178
256	-1.52509799767
257	-5.15915662767
258	-1.63956403178
259	-1.26667816905
260	-1.40022287273
261	-1.33441592305
262	-1.23563089022
263	-12.1332782887
264	-6.01181542451
265	-8.35991544347
266	-21.1993230891
267	-2.04639239195
268	-1.23563089022
269	-1.40022287273
270	-2.04639239195
271	-1.23563089022
272	-7.18367648877
273	-1.63956403178
274	-1.23563089022
275	-1.41377819974
276	-1.32603548357
277	-1.52509799767
278	-8.46243277096
279	-2.04639239195
280	-1.23563089022
281	-1.41377819974
282	-1.33441592305
283	-1.23563089022
284	-11.0586902254
285	-6.69960431904
286	-1.52509799767
287	-1.41377819974
288	-6.32648770736
289	-6.39023078186
290	-1.41377819974
291	-1.32603548357
292	-1.26667816905
293	-6.77938620041
294	-1.63956403178
295	-1.52509799767
296	-14.0872332735
297	-1.33441592305
298	-1.9334232042
299	-6.31748370483
300	-1.32603548357
301	-1.52509799767
302	-22.6877686596
303	-1.63956403178
304	-1.23563089022
305	-5.40986917069
306	-1.32603548357
307	-1.23563089022
308	-12.1268678991
309	-2.04639239195
310	-1.9334232042
311	-9.39142807992
312	-2.04639239195
313	-1.26667816905
314	-13.2647154679
315	-1.63956403178
316	-1.26667816905
317	-5.66950545235
318	-1.33441592305
319	-1.52509799767
320	-5.92623322179
321	-1.63956403178
322	-6.54092985286
323	-9.74334528624
324	-6.08851017236
325	-1.23563089022
326	-5.15915662767
327	-1.32603548357
328	-7.06338609529
329	-1.40022287273
330	-1.32603548357
331	-1.23563089022
332	-1.41377819974
333	-1.63956403178
334	-1.23563089022
335	-8.99030019443
336	-1.32603548357
337	-1.52509799767
338	-10.542669051
339	-1.33441592305
340	-1.52509799767
341	-6.32372974766
342	-1.63956403178
343	-1.9334232042
344	-1.41377819974
345	-1.33441592305
346	-1.26667816905
347	-5.98805386909
348	-1.33441592305
349	-1.26667816905
350	-5.55852559349
351	-1.33441592305
352	-1.52509799767
353	-5.29602145416
354	-1.33441592305
355	-1.9334232042
356	-1.41377819974
357	-1.63956403178
358	-1.26667816905
359	-1.40022287273
360	-1.33441592305
361	-1.9334232042
362	-1.41377819974
363	-2.04639239195
364	-1.26667816905
365	-9.09373015019
366	-1.32603548357
367	-1.26667816905
368	-10.9064064086
369	-1.33441592305
370	-1.9334232042
371	-5.98174737276
372	-6.01181542451
373	-8.77433093727
374	-5.63618821466
375	-1.63956403178
376	-1.26667816905
377	-1.40022287273
378	-1.33441592305
379	-1.23563089022
380	-7.54863209388
381	-2.04639239195
382	-1.26667816905
383	-1.40022287273
384	-1.32603548357
385	-1.52509799767
386	-5.23713620076
387	-1.32603548357
388	-1.9334232042
389	-8.94054520966
390	-1.33441592305
391	-1.26667816905
392	-2.15638633924
393	-1.33441592305
394	-1.52509799767
395	-1.40022287273
396	-1.63956403178
397	-1.23563089022
398	-8.88357587843
399	-1.32603548357
400	-1.52509799767
401	-8.89520993287
402	-1.33441592305
403	-1.9334232042
404	-6.78542875568
405	-1.63956403178
406	-1.26667816905
407	-6.7746160409
408	-1.32603548357
409	-1.23563089022
410	-1.40022287273
411	-1.33441592305
412	-1.23563089022
413	-1.41377819974
414	-5.76765075846
415	-1.26667816905
416	-1.41377819974
417	-1.32603548357
418	-1.26667816905
419	-1.40022287273
420	-1.32603548357
421	-1.52509799767
422	-5.21819370321
423	-1.33441592305
424	-1.26667816905
425	-7.74188053014
426	-1.63956403178
427	-1.23563089022
428	-7.32355763217
429	-1.63956403178
430	-1.26667816905
431	-8.66688048826
432	-1.32603548357
433	-1.52509799767
434	-1.40022287273
435	-1.33441592305
436	-1.26667816905
437	-5.15915662767
438	-1.32603548357
439	-1.9334232042
440	-12.1439766984
441	-6.28071295339
442	-1.52509799767
443	-18.7985026349
444	-1.33441592305
445	-1.52509799767
446	-5.21819370321
447	-1.33441592305
448	-1.26667816905
449	-1.41377819974
450	-1.63956403178
451	-1.26667816905
452	-1.41377819974
453	-1.32603548357
454	-1.26667816905
455	-6.43568309835
456	-1.63956403178
457	-1.23563089022
458	-11.238819498
459	-1.33441592305
460	-1.23563089022
461	-17.2713611837
462	-1.32603548357
463	-1.9334232042
464	-11.5504503674
465	-1.33441592305
466	-1.52509799767
467	-8.99030019443
468	-1.63956403178
469	-1.26667816905
470	-6.78542875568
471	-2.04639239195
472	-7.93030955132
473	-5.98805386909
474	-1.32603548357
475	-1.9334232042
476	-9.48836429968
477	-1.63956403178
478	-1.23563089022
479	-1.40022287273
480	-1.63956403178
481	-1.52509799767
482	-17.7667946248
483	-2.04639239195
484	-1.52509799767
485	-1.40022287273
486	-7.14048676927
487	-1.26667816905
488	-5.15915662767
