#Site	lnL	
0	-1.80819340088
1	-1.56460852976
2	-9.20739854341
3	-1.34919260971
4	-1.74181820164
5	-7.28236772226
6	-1.34919260971
7	-1.27603031816
8	-6.67168052559
9	-1.63233682344
10	-1.56460852976
11	-6.78719120711
12	-1.32917736844
13	-1.30294414027
14	-6.67168052559
15	-1.32917736844
16	-1.56460852976
17	-3.48866766592
18	-1.32917736844
19	-1.27603031816
20	-4.44828094733
21	-1.63233682344
22	-7.86929005586
23	-5.66657304716
24	-1.32917736844
25	-1.27603031816
26	-5.84117793869
27	-1.34919260971
28	-1.74181820164
29	-5.66657304716
30	-1.34919260971
31	-1.56460852976
32	-5.80124128525
33	-1.80819340088
34	-1.27603031816
35	-6.26272378064
36	-1.32917736844
37	-1.27603031816
38	-4.94623022235
39	-1.34919260971
40	-1.27603031816
41	-4.94623022235
42	-1.63233682344
43	-1.27603031816
44	-6.06382570318
45	-1.34919260971
46	-1.27603031816
47	-4.62238671366
48	-1.63233682344
49	-1.74181820164
50	-6.87389730953
51	-1.63233682344
52	-1.27603031816
53	-3.48866766592
54	-1.32917736844
55	-7.63922008341
56	-3.48866766592
57	-1.34919260971
58	-1.27603031816
59	-3.48866766592
60	-1.63233682344
61	-1.74181820164
62	-7.39652685947
63	-1.80819340088
64	-1.56460852976
65	-7.20897079947
66	-1.32917736844
67	-1.30294414027
68	-3.48866766592
69	-1.32917736844
70	-1.56460852976
71	-3.25210804356
72	-1.34919260971
73	-1.56460852976
74	-6.87389730953
75	-1.32917736844
76	-1.74181820164
77	-3.48866766592
78	-1.63233682344
79	-1.27603031816
80	-5.80124128525
81	-1.63233682344
82	-1.27603031816
83	-5.25688296844
84	-1.80819340088
85	-1.30294414027
86	-3.48866766592
87	-6.83933839059
88	-1.74181820164
89	-3.48866766592
90	-1.32917736844
91	-7.65708281785
92	-8.15748825909
93	-1.34919260971
94	-1.74181820164
95	-4.99061718174
96	-1.32917736844
97	-9.22443133555
98	-13.042170051
99	-1.34919260971
100	-1.30294414027
101	-3.48866766592
102	-1.32917736844
103	-1.27603031816
104	-10.2464738935
105	-1.34919260971
106	-1.30294414027
107	-10.3873404199
108	-1.32917736844
109	-7.64044174331
110	-7.23946350992
111	-1.63233682344
112	-1.56460852976
113	-12.4090473956
114	-1.63233682344
115	-1.56460852976
116	-7.8142447151
117	-1.80819340088
118	-1.56460852976
119	-9.04397793801
120	-1.34919260971
121	-1.56460852976
122	-8.64618651971
123	-1.80819340088
124	-1.30294414027
125	-4.80077544337
126	-1.32917736844
127	-1.27603031816
128	-3.48866766592
129	-1.63233682344
130	-1.56460852976
131	-3.48866766592
132	-1.34919260971
133	-1.74181820164
134	-5.71312658688
135	-1.80819340088
136	-1.56460852976
137	-4.62238671366
138	-1.80819340088
139	-1.27603031816
140	-4.62238671366
141	-1.34919260971
142	-1.56460852976
143	-3.25210804356
144	-1.63233682344
145	-1.56460852976
146	-9.371920335
147	-1.32917736844
148	-1.74181820164
149	-8.02712775261
150	-1.34919260971
151	-1.30294414027
152	-3.48866766592
153	-1.32917736844
154	-14.7136272097
155	-4.44828094733
156	-1.32917736844
157	-1.56460852976
158	-5.63269900234
159	-1.34919260971
160	-1.56460852976
161	-3.48866766592
162	-1.63233682344
163	-1.74181820164
164	-8.49325052193
165	-1.32917736844
166	-1.27603031816
167	-3.25210804356
168	-1.63233682344
169	-1.27603031816
170	-3.25210804356
171	-1.32917736844
172	-13.2847089219
173	-4.44828094733
174	-1.32917736844
175	-1.27603031816
176	-6.77623554335
177	-1.80819340088
178	-1.27603031816
179	-8.38593639357
180	-1.34919260971
181	-1.27603031816
182	-6.31532669642
183	-1.63233682344
184	-1.27603031816
185	-5.3409235321
186	-1.34919260971
187	-1.30294414027
188	-5.79740280565
189	-1.63233682344
190	-1.30294414027
191	-5.25688296844
192	-1.63233682344
193	-1.74181820164
194	-3.25210804356
195	-6.03259553468
196	-7.32703428843
197	-6.82332045795
198	-1.32917736844
199	-1.74181820164
200	-3.48866766592
201	-1.63233682344
202	-1.56460852976
203	-3.48866766592
204	-1.63233682344
205	-1.27603031816
206	-12.1492855214
207	-1.80819340088
208	-1.56460852976
209	-6.08556994709
210	-1.32917736844
211	-1.56460852976
212	-8.22175017866
213	-1.34919260971
214	-1.27603031816
215	-3.25210804356
216	-7.07586931358
217	-1.74181820164
218	-4.44828094733
219	-1.80819340088
220	-1.30294414027
221	-3.25210804356
222	-1.34919260971
223	-1.30294414027
224	-3.25210804356
225	-6.24246833565
226	-1.27603031816
227	-9.59439486378
228	-1.34919260971
229	-1.56460852976
230	-6.67168052559
231	-1.34919260971
232	-1.74181820164
233	-7.28236772226
234	-1.32917736844
235	-1.27603031816
236	-8.4294654675
237	-1.34919260971
238	-1.30294414027
239	-3.48866766592
240	-1.80819340088
241	-1.27603031816
242	-8.37930692649
243	-1.32917736844
244	-1.30294414027
245	-3.48866766592
246	-8.68888685398
247	-1.30294414027
248	-7.88968687431
249	-7.22222642644
250	-1.30294414027
251	-18.3652831466
252	-1.32917736844
253	-1.27603031816
254	-10.140041102
255	-1.34919260971
256	-1.30294414027
257	-8.00838250046
258	-1.63233682344
259	-1.30294414027
260	-6.08556994709
261	-1.34919260971
262	-1.27603031816
263	-7.83640493886
264	-1.34919260971
265	-1.27603031816
266	-17.5635747318
267	-1.63233682344
268	-1.27603031816
269	-4.44828094733
270	-1.80819340088
271	-1.30294414027
272	-7.63780400818
273	-1.34919260971
274	-1.74181820164
275	-6.1037814248
276	-1.34919260971
277	-1.74181820164
278	-8.91850206048
279	-6.79302057265
280	-1.30294414027
281	-7.3004744972
282	-1.34919260971
283	-1.27603031816
284	-3.48866766592
285	-1.34919260971
286	-1.74181820164
287	-8.81838981105
288	-8.64031057048
289	-1.27603031816
290	-5.43484685793
291	-6.76244056213
292	-1.27603031816
293	-9.48728824487
294	-1.32917736844
295	-1.56460852976
296	-9.83983202458
297	-1.34919260971
298	-1.27603031816
299	-4.62238671366
300	-1.32917736844
301	-1.30294414027
302	-4.62238671366
303	-1.34919260971
304	-1.27603031816
305	-14.3531855121
306	-1.34919260971
307	-1.56460852976
308	-7.8939447982
309	-1.32917736844
310	-1.27603031816
311	-3.25210804356
312	-1.34919260971
313	-1.56460852976
314	-4.94623022235
315	-7.27494276664
316	-1.56460852976
317	-7.28834129715
318	-1.32917736844
319	-1.27603031816
320	-11.1275662653
321	-1.63233682344
322	-1.56460852976
323	-3.25210804356
324	-1.34919260971
325	-1.27603031816
326	-9.19840694444
327	-1.34919260971
328	-1.27603031816
329	-4.99061718174
330	-1.63233682344
331	-1.27603031816
332	-3.48866766592
333	-1.32917736844
334	-1.30294414027
335	-7.28834129715
336	-8.17486754444
337	-1.56460852976
338	-6.67183550128
339	-1.32917736844
340	-1.56460852976
341	-4.62238671366
342	-1.80819340088
343	-1.27603031816
344	-8.55851050153
345	-1.34919260971
346	-1.30294414027
347	-10.8251592084
348	-1.63233682344
349	-1.74181820164
350	-6.87389730953
351	-1.34919260971
352	-1.74181820164
353	-4.94623022235
354	-1.63233682344
355	-1.30294414027
356	-4.80077544337
357	-6.76244056213
358	-1.27603031816
359	-6.87389730953
360	-1.63233682344
361	-1.56460852976
362	-6.11719782087
363	-1.80819340088
364	-1.27603031816
365	-5.43484685793
366	-1.32917736844
367	-1.30294414027
368	-3.48866766592
369	-1.34919260971
370	-1.27603031816
371	-4.62238671366
372	-7.00379385548
373	-1.27603031816
374	-4.80077544337
375	-1.34919260971
376	-1.27603031816
377	-3.25210804356
378	-1.32917736844
379	-1.27603031816
380	-3.48866766592
381	-1.32917736844
382	-6.58511677384
383	-4.62238671366
384	-1.34919260971
385	-7.76558739796
386	-4.44828094733
387	-1.34919260971
388	-1.27603031816
389	-3.48866766592
390	-1.34919260971
391	-1.27603031816
392	-7.81961748255
393	-1.34919260971
394	-1.30294414027
395	-8.77053695627
396	-7.27353360913
397	-1.27603031816
398	-5.6332901417
399	-1.80819340088
400	-1.74181820164
401	-6.06382570318
402	-1.34919260971
403	-1.27603031816
404	-8.61712310474
405	-1.32917736844
406	-1.56460852976
407	-8.46794175806
408	-1.32917736844
409	-1.56460852976
410	-3.25210804356
411	-1.34919260971
412	-1.27603031816
413	-6.11719782087
414	-1.34919260971
415	-6.80633092933
416	-4.99061718174
417	-1.32917736844
418	-1.27603031816
419	-11.1900696558
420	-1.34919260971
421	-1.30294414027
422	-7.92091866972
423	-6.76244056213
424	-9.75211856666
425	-8.5727995368
426	-1.63233682344
427	-1.30294414027
428	-3.25210804356
429	-1.32917736844
430	-1.56460852976
431	-9.51344908878
432	-1.63233682344
433	-1.27603031816
434	-9.83090132714
435	-1.80819340088
436	-6.9950931832
437	-3.48866766592
438	-1.34919260971
439	-1.56460852976
440	-9.00578087981
441	-1.34919260971
442	-1.27603031816
443	-8.38399127553
444	-8.65850838138
445	-1.27603031816
446	-3.25210804356
447	-1.34919260971
448	-1.56460852976
449	-14.8209563622
450	-1.32917736844
451	-1.27603031816
452	-3.25210804356
453	-1.34919260971
454	-1.30294414027
455	-16.2888209263
456	-1.34919260971
457	-1.27603031816
458	-5.66657304716
459	-1.63233682344
460	-1.74181820164
461	-9.34694350523
462	-1.32917736844
463	-11.620845286
464	-9.03558726409
465	-1.63233682344
466	-1.74181820164
467	-3.25210804356
468	-1.34919260971
469	-1.27603031816
470	-6.11719782087
471	-1.80819340088
472	-1.30294414027
473	-4.44828094733
474	-1.34919260971
475	-1.56460852976
476	-5.20959011304
477	-1.80819340088
478	-8.02725779907
479	-4.62238671366
480	-1.34919260971
481	-1.74181820164
482	-4.80077544337
483	-1.32917736844
484	-1.30294414027
485	-12.1766360457
486	-1.63233682344
487	-1.56460852976
488	-4.62238671366
