#Site	lnL	
0	-1.24461670676
1	-1.1995034773
2	-9.09325490594
3	-7.78775027651
4	-1.85879369616
5	-11.1647816295
6	-1.24461670676
7	-1.1995034773
8	-7.43570504647
9	-1.91273654232
10	-13.2439653495
11	-10.7173587625
12	-6.22093008573
13	-1.1995034773
14	-9.02160490014
15	-1.91273654232
16	-1.1995034773
17	-6.50374518791
18	-1.55928387808
19	-1.1995034773
20	-10.6986663175
21	-1.24461670676
22	-1.50051980789
23	-8.00130049743
24	-1.55928387808
25	-1.50051980789
26	-2.78609482606
27	-1.33626600434
28	-1.50051980789
29	-7.84083916609
30	-1.33626600434
31	-1.85879369616
32	-4.0860778593
33	-1.33626600434
34	-1.30255134482
35	-2.78609482606
36	-1.33626600434
37	-8.8727741295
38	-7.00391024859
39	-1.33626600434
40	-1.1995034773
41	-10.6733844969
42	-1.33626600434
43	-1.1995034773
44	-7.15317856631
45	-1.24461670676
46	-1.30255134482
47	-6.13287005696
48	-1.33626600434
49	-1.85879369616
50	-4.87879902284
51	-1.33626600434
52	-1.50051980789
53	-9.21173058904
54	-1.91273654232
55	-1.50051980789
56	-8.62091299307
57	-8.56090532639
58	-1.1995034773
59	-6.2896877308
60	-1.55928387808
61	-1.1995034773
62	-7.54631737534
63	-1.24461670676
64	-1.1995034773
65	-8.30495900013
66	-1.91273654232
67	-1.1995034773
68	-5.47090500004
69	-1.33626600434
70	-1.1995034773
71	-2.78609482606
72	-1.33626600434
73	-1.50051980789
74	-8.34636528486
75	-1.55928387808
76	-1.50051980789
77	-4.76535348786
78	-1.33626600434
79	-1.30255134482
80	-4.0860778593
81	-1.24461670676
82	-1.50051980789
83	-4.85116078405
84	-1.24461670676
85	-1.50051980789
86	-5.84385196911
87	-1.24461670676
88	-1.85879369616
89	-7.13447520694
90	-1.24461670676
91	-1.50051980789
92	-3.14092805056
93	-1.24461670676
94	-1.1995034773
95	-12.3526431561
96	-1.24461670676
97	-1.1995034773
98	-4.30329455217
99	-1.24461670676
100	-1.1995034773
101	-12.2176718409
102	-1.33626600434
103	-1.1995034773
104	-11.2241759713
105	-1.33626600434
106	-1.50051980789
107	-7.75260071
108	-1.33626600434
109	-1.85879369616
110	-2.78609482606
111	-1.33626600434
112	-1.30255134482
113	-7.35326476066
114	-1.33626600434
115	-1.30255134482
116	-3.14092805056
117	-1.33626600434
118	-1.1995034773
119	-8.02729627529
120	-1.24461670676
121	-1.30255134482
122	-5.47090500004
123	-1.24461670676
124	-1.1995034773
125	-6.41406778126
126	-1.55928387808
127	-8.78747506683
128	-9.22860829569
129	-1.33626600434
130	-8.7522869573
131	-10.5418815966
132	-1.24461670676
133	-1.1995034773
134	-7.76811015909
135	-6.16806729682
136	-1.50051980789
137	-6.15524593946
138	-11.0596710299
139	-1.1995034773
140	-3.14092805056
141	-1.33626600434
142	-1.1995034773
143	-4.85116078405
144	-1.33626600434
145	-1.30255134482
146	-3.14092805056
147	-8.12658621047
148	-1.1995034773
149	-9.22718601493
150	-1.33626600434
151	-1.1995034773
152	-11.1831368121
153	-1.91273654232
154	-1.30255134482
155	-7.42440583339
156	-1.55928387808
157	-1.30255134482
158	-6.4581989176
159	-1.55928387808
160	-1.30255134482
161	-11.4989417315
162	-1.55928387808
163	-1.1995034773
164	-8.31646140969
165	-1.55928387808
166	-1.85879369616
167	-6.4581989176
168	-1.24461670676
169	-13.2527382301
170	-7.76660024117
171	-8.58613856272
172	-1.30255134482
173	-11.3174303039
174	-1.91273654232
175	-1.50051980789
176	-4.81182008048
177	-1.91273654232
178	-1.85879369616
179	-3.14092805056
180	-1.24461670676
181	-1.30255134482
182	-9.37870521366
183	-6.66327707422
184	-1.1995034773
185	-4.0860778593
186	-1.24461670676
187	-1.30255134482
188	-7.73653289084
189	-10.109452814
190	-1.50051980789
191	-12.9188923326
192	-1.33626600434
193	-1.1995034773
194	-7.89191081441
195	-1.24461670676
196	-1.1995034773
197	-2.78609482606
198	-1.55928387808
199	-1.1995034773
200	-18.3212507698
201	-1.24461670676
202	-1.1995034773
203	-5.74610100285
204	-1.33626600434
205	-1.30255134482
206	-5.47090500004
207	-1.24461670676
208	-1.1995034773
209	-3.14092805056
210	-1.55928387808
211	-7.99067167112
212	-5.47090500004
213	-1.91273654232
214	-1.30255134482
215	-6.78017481777
216	-1.91273654232
217	-1.85879369616
218	-8.04669682461
219	-1.24461670676
220	-1.1995034773
221	-9.75495867374
222	-1.24461670676
223	-1.1995034773
224	-6.21331082724
225	-1.24461670676
226	-1.30255134482
227	-3.14092805056
228	-1.55928387808
229	-1.1995034773
230	-9.23411290283
231	-1.91273654232
232	-1.1995034773
233	-13.3675306156
234	-1.33626600434
235	-1.50051980789
236	-4.85116078405
237	-1.55928387808
238	-1.30255134482
239	-4.87879902284
240	-1.55928387808
241	-1.50051980789
242	-8.63439029927
243	-8.0975471308
244	-7.75990514084
245	-6.4581989176
246	-1.55928387808
247	-1.1995034773
248	-12.6134559135
249	-6.19458708975
250	-1.30255134482
251	-2.78609482606
252	-1.33626600434
253	-1.30255134482
254	-9.10527727839
255	-1.33626600434
256	-1.50051980789
257	-5.84222078783
258	-1.33626600434
259	-1.1995034773
260	-5.47090500004
261	-1.55928387808
262	-1.1995034773
263	-12.3520959645
264	-1.91273654232
265	-1.1995034773
266	-7.49858958563
267	-1.24461670676
268	-1.1995034773
269	-2.78609482606
270	-1.24461670676
271	-1.50051980789
272	-6.76871077057
273	-9.50432151461
274	-1.50051980789
275	-9.07571984289
276	-1.91273654232
277	-1.50051980789
278	-6.76235390009
279	-1.33626600434
280	-1.1995034773
281	-8.48802942323
282	-1.24461670676
283	-1.30255134482
284	-7.30082331331
285	-1.33626600434
286	-1.30255134482
287	-10.5427591054
288	-1.33626600434
289	-1.50051980789
290	-4.74418041322
291	-1.91273654232
292	-1.50051980789
293	-4.85116078405
294	-1.55928387808
295	-1.50051980789
296	-4.76535348786
297	-1.91273654232
298	-1.30255134482
299	-9.88212278118
300	-7.14997812443
301	-1.1995034773
302	-7.6915636039
303	-8.56090532639
304	-1.50051980789
305	-4.0860778593
306	-1.33626600434
307	-1.85879369616
308	-4.0860778593
309	-1.91273654232
310	-1.1995034773
311	-5.84385196911
312	-1.55928387808
313	-1.50051980789
314	-9.07846773924
315	-1.91273654232
316	-1.30255134482
317	-6.48150049524
318	-1.24461670676
319	-1.85879369616
320	-14.3413897115
321	-1.91273654232
322	-1.30255134482
323	-3.14092805056
324	-1.33626600434
325	-1.30255134482
326	-9.56266628598
327	-1.55928387808
328	-1.1995034773
329	-4.0860778593
330	-1.33626600434
331	-1.30255134482
332	-6.50903807893
333	-1.55928387808
334	-1.85879369616
335	-3.14092805056
336	-1.24461670676
337	-1.50051980789
338	-4.30329455217
339	-1.91273654232
340	-1.50051980789
341	-6.2200656486
342	-1.33626600434
343	-1.85879369616
344	-12.9703408244
345	-1.55928387808
346	-1.30255134482
347	-9.93017619298
348	-1.24461670676
349	-1.30255134482
350	-3.14092805056
351	-1.33626600434
352	-1.30255134482
353	-3.14092805056
354	-1.91273654232
355	-1.1995034773
356	-10.1966843337
357	-1.33626600434
358	-1.30255134482
359	-7.43058663182
360	-1.91273654232
361	-1.30255134482
362	-2.78609482606
363	-1.24461670676
364	-1.85879369616
365	-14.3811592771
366	-1.55928387808
367	-1.50051980789
368	-6.2896877308
369	-1.55928387808
370	-1.1995034773
371	-6.19986511841
372	-1.55928387808
373	-1.30255134482
374	-6.83614631918
375	-1.24461670676
376	-1.85879369616
377	-13.9947387227
378	-1.55928387808
379	-1.50051980789
380	-4.30329455217
381	-1.33626600434
382	-1.85879369616
383	-9.47448858843
384	-1.33626600434
385	-1.50051980789
386	-8.14507877798
387	-1.55928387808
388	-1.30255134482
389	-4.72967835899
390	-1.24461670676
391	-1.30255134482
392	-2.78609482606
393	-1.33626600434
394	-1.1995034773
395	-2.78609482606
396	-1.33626600434
397	-1.85879369616
398	-4.85116078405
399	-1.24461670676
400	-1.50051980789
401	-4.87879902284
402	-1.33626600434
403	-1.85879369616
404	-2.78609482606
405	-1.55928387808
406	-1.50051980789
407	-8.89953940265
408	-1.33626600434
409	-1.1995034773
410	-8.31456609236
411	-1.24461670676
412	-1.1995034773
413	-4.85116078405
414	-1.55928387808
415	-1.50051980789
416	-6.846087863
417	-1.24461670676
418	-1.85879369616
419	-3.14092805056
420	-1.33626600434
421	-1.30255134482
422	-9.94415890787
423	-1.33626600434
424	-1.50051980789
425	-9.84562081552
426	-1.33626600434
427	-1.30255134482
428	-12.3622588665
429	-1.55928387808
430	-1.50051980789
431	-4.85116078405
432	-1.24461670676
433	-1.1995034773
434	-6.76235390009
435	-1.24461670676
436	-1.30255134482
437	-8.89953940265
438	-1.33626600434
439	-1.50051980789
440	-3.14092805056
441	-1.91273654232
442	-1.1995034773
443	-2.78609482606
444	-1.33626600434
445	-1.85879369616
446	-2.78609482606
447	-1.55928387808
448	-1.30255134482
449	-11.5240164691
450	-1.33626600434
451	-1.30255134482
452	-4.30329455217
453	-1.24461670676
454	-8.75807028964
455	-6.31764243479
456	-1.24461670676
457	-1.1995034773
458	-7.94712068933
459	-8.22090645964
460	-1.1995034773
461	-8.85644142239
462	-1.55928387808
463	-1.50051980789
464	-6.45033113274
465	-1.24461670676
466	-1.30255134482
467	-5.34199614741
468	-1.33626600434
469	-1.30255134482
470	-10.5811127729
471	-1.33626600434
472	-1.1995034773
473	-7.00391024859
474	-1.91273654232
475	-1.50051980789
476	-4.30329455217
477	-1.24461670676
478	-1.1995034773
479	-6.47599813262
480	-1.91273654232
481	-1.85879369616
482	-4.72967835899
483	-1.24461670676
484	-1.85879369616
485	-9.51663367954
486	-1.55928387808
487	-1.50051980789
488	-2.78609482606
