# log_p 	 lnL 	 
0.0	-1666.70311716	
-0.287682072452	-1666.70481273	
-0.510825623766	-1666.7060488	
-0.69314718056	-1666.70601765	
-0.847297860387	-1666.70437525	
-0.980829253012	-1666.70110176	
-1.09861228867	-1666.69633717	
-1.20397280433	-1666.69027992	
-1.29928298413	-1666.68313591	
-1.38629436112	-1666.67509608	
-1.46633706879	-1666.66632847	
-1.54044504095	-1666.65697695	
-1.60943791243	-1666.64716286	
-1.67397643357	-1666.63698769	
-1.73460105539	-1666.62653584	
-1.79175946923	-1666.61587732	
-1.8458266905	-1666.60507004	
-1.89711998489	-1666.5941618	
-1.94591014906	-1666.58319198	
-1.99243016469	-1666.57219294	
-2.03688192726	-1666.56119122	
-2.07944154168	-1666.55020848	
-2.1202635362	-1666.53926236	
-2.15948424935	-1666.52836711	
-2.19722457734	-1666.51753424	
-2.23359222151	-1666.50677292	
-2.26868354132	-1666.49609038	
-2.30258509299	-1666.48549231	
-2.33537491582	-1666.47498304	
-2.36712361413	-1666.46456583	
-2.3978952728	-1666.45424306	
-2.42774823595	-1666.44401637	
-2.45673577282	-1666.43388677	
-2.48490664979	-1666.42385482	
-2.51230562398	-1666.41392064	
-2.53897387106	-1666.40408407	
-2.56494935746	-1666.39434466	
-2.59026716545	-1666.38470175	
-2.61495977804	-1666.37515453	
-2.63905732962	-1666.36570207	
-2.66258782703	-1666.35634331	
-2.68557734525	-1666.34707715	
-2.7080502011	-1666.33790243	
-2.73002910782	-1666.32881793	
-2.75153531304	-1666.31982244	
-2.77258872224	-1666.3109147	
-2.79320800944	-1666.30209349	
-2.81341071676	-1666.29335755	
-2.83321334406	-1666.28470566	
-2.85263142991	-1666.2761366	
-2.87167962488	-1666.26764917	
-2.8903717579	-1666.25924218	
-2.90872089656	-1666.25091446	
-2.92673940207	-1666.24266489	
-2.94443897917	-1666.23449235	
-2.96183072188	-1666.22639573	
-2.97892515524	-1666.21837398	
-2.99573227355	-1666.21042605	
-3.01226157551	-1666.20255091	
-3.02852209638	-1666.19474756	
-3.04452243772	-1666.18701504	
-3.06027079469	-1666.17935238	
-3.07577498123	-1666.17175867	
-3.09104245336	-1666.16423297	
-3.10608033072	-1666.15677442	
-3.12089541651	-1666.14938214	
-3.13549421593	-1666.14205527	
-3.14988295338	-1666.13479299	
-3.16406758837	-1666.12759448	
-3.17805383035	-1666.12045894	
-3.19184715248	-1666.1133856	
-3.20545280454	-1666.10637369	
-3.21887582487	-1666.09942246	
-3.23212105162	-1666.09253118	
-3.24519313319	-1666.08569913	
-3.25809653802	-1666.0789256	
-3.2708355638	-1666.07220989	
-3.28341434601	-1666.06555133	
-3.295836866	-1666.05894926	
-3.3081069586	-1666.052403	
-3.32022831913	-1666.04591192	
-3.33220451018	-1666.03947539	
-3.34403896782	-1666.03309278	
-3.35573500759	-1666.02676347	
-3.36729582999	-1666.02048687	
-3.37872452581	-1666.01426239	
-3.39002408106	-1666.00808942	
-3.40119738166	-1666.00196741	
-3.41224721785	-1665.99589579	
-3.42317628838	-1665.989874	
-3.43398720449	-1665.98390148	
-3.4446824936	-1665.9779777	
-3.45526460293	-1665.97210213	
-3.4657359028	-1665.96627423	
-3.47609868984	-1665.96049349	
-3.48635519	-1665.95475941	
-3.49650756147	-1665.94907146	
-3.50655789732	-1665.94342917	
-3.51650822817	-1665.93783203	
-3.52636052462	-1665.93227957	
-3.53611669956	-1665.9267713	
-3.54577861047	-1665.92130675	
-3.55534806149	-1665.91588547	
-3.56482680544	-1665.91050699	
-3.57421654579	-1665.90517086	
-3.58351893846	-1665.89987663	
-3.59273559356	-1665.89462386	
-3.60186807712	-1665.88941212	
-3.61091791264	-1665.88424098	
-3.61988658263	-1665.87911001	
-3.62877553004	-1665.87401879	
-3.63758615973	-1665.8689669	
-3.6463198397	-1665.86395395	
-3.65497790244	-1665.85897953	
-3.66356164613	-1665.85404323	
-3.6720723358	-1665.84914467	
-3.68051120444	-1665.84428345	
-3.68887945411	-1665.83945919	
-3.69717825693	-1665.83467151	
-3.70540875607	-1665.82992004	
-3.7135720667	-1665.82520441	
-3.72166927694	-1665.82052424	
-3.72970144863	-1665.81587919	
-3.73766961828	-1665.81126888	
-3.74557479779	-1665.80669298	
-3.75341797525	-1665.80215113	
-3.76120011569	-1665.79764298	
-3.76892216179	-1665.7931682	
-3.77658503453	-1665.78872645	
-3.78418963392	-1665.7843174	
-3.79173683955	-1665.77994071	
-3.79922751128	-1665.77559607	
-3.80666248977	-1665.77128316	
-3.81404259707	-1665.76700166	
-3.82136863716	-1665.76275125	
-3.82864139649	-1665.75853162	
-3.83586164446	-1665.75434248	
-3.84303013394	-1665.75018352	
-3.85014760171	-1665.74605443	
-3.85721476893	-1665.74195493	
-3.86423234159	-1665.73788473	
-3.87120101091	-1665.73384353	
-3.87812145375	-1665.72983105	
-3.88499433304	-1665.72584701	
-3.89182029811	-1665.72189114	
-3.8985999851	-1665.71796315	
-3.90533401728	-1665.71406278	
-3.91202300543	-1665.71018975	
-3.91866754815	-1665.70634381	
-3.92526823218	-1665.70252469	
-3.93182563272	-1665.69873212	
-3.93834031375	-1665.69496586	
-3.94481282825	-1665.69122566	
-3.95124371858	-1665.68751125	
-3.95763351668	-1665.6838224	
-3.96398274436	-1665.68015886	
-3.97029191355	-1665.67652038	
-3.97656152657	-1665.67290673	
-3.98279207632	-1665.66931768	
-3.98898404656	-1665.66575299	
-3.99513791214	-1665.66221242	
-4.00125413916	-1665.65869575	
-4.00733318523	-1665.65520276	
-4.01337549969	-1665.65173323	
-4.01938152375	-1665.64828692	
-4.02535169074	-1665.64486363	
-4.03128642625	-1665.64146313	
-4.03718614838	-1665.63808522	
-4.04305126783	-1665.63472969	
-4.04888218815	-1665.63139632	
-4.05467930583	-1665.62808492	
-4.06044301055	-1665.62479527	
-4.06617368526	-1665.62152719	
-4.07187170637	-1665.61828046	
-4.07753744391	-1665.61505489	
-4.08317126162	-1665.61185029	
-4.08877351717	-1665.60866646	
-4.09434456222	-1665.60550322	
-4.0998847426	-1665.60236038	
-4.10539439841	-1665.59923775	
-4.11087386417	-1665.59613515	
-4.11632346894	-1665.59305239	
-4.12174353641	-1665.5899893	
-4.12713438505	-1665.5869457	
-4.13249632819	-1665.58392142	
-4.13782967416	-1665.58091627	
-4.14313472639	-1665.5779301	
-4.14841178349	-1665.57496272	
-4.15366113938	-1665.57201398	
-4.15888308336	-1665.5690837	
-4.16407790024	-1665.56617172	
-4.1692458704	-1665.56327788	
-4.1743872699	-1665.56040201	
-4.17950237056	-1665.55754397	
-4.18459144007	-1665.55470359	
-4.18965474203	-1665.55188071	
-4.19469253606	-1665.54907519	
-4.19970507788	-1665.54628687	
-4.20469261939	-1665.5435156	
-4.20965540873	-1665.54076123	
-4.21459369037	-1665.53802362	
-4.21950770518	-1665.53530262	
-4.22439769047	-1665.53259808	
-4.22926388012	-1665.52990987	
-4.2341065046	-1665.52723784	
-4.23892579103	-1665.52458185	
-4.2437219633	-1665.52194177	
-4.24849524205	-1665.51931745	
-4.25324584481	-1665.51670877	
-4.257973986	-1665.5141156	
-4.26267987704	-1665.51153779	
-4.26736372635	-1665.50897522	
-4.27202573946	-1665.50642776	
-4.27666611902	-1665.50389528	
-4.28128506487	-1665.50137766	
-4.28588277412	-1665.49887477	
-4.29045944115	-1665.49638649	
-4.29501525768	-1665.49391269	
-4.29955041285	-1665.49145325	
-4.3040650932	-1665.48900805	
-4.30855948279	-1665.48657699	
-4.31303376319	-1665.48415993	
-4.31748811354	-1665.48175676	
-4.3219227106	-1665.47936736	
-4.32633772881	-1665.47699163	
-4.33073334029	-1665.47462945	
-4.33510971489	-1665.47228071	
-4.33946702026	-1665.4699453	
-4.34380542185	-1665.46762311	
-4.348125083	-1665.46531403	
-4.3524261649	-1665.46301796	
-4.35670882669	-1665.46073478	
-4.36097322548	-1665.4584644	
-4.36521951636	-1665.45620671	
-4.36944785247	-1665.45396162	
-4.373658385	-1665.451729	
-4.37785126326	-1665.44950878	
-4.38202663467	-1665.44730085	
-4.38618464482	-1665.4451051	
-4.39032543749	-1665.44292145	
-4.39444915467	-1665.44074979	
-4.39855593663	-1665.43859004	
-4.40264592188	-1665.43644209	
-4.40671924726	-1665.43430585	
-4.41077604796	-1665.43218124	
-4.4148164575	-1665.43006815	
-4.4188406078	-1665.4279665	
-4.42284862919	-1665.4258762	
-4.42684065046	-1665.42379716	
-4.43081679884	-1665.4217293	
-4.43477720006	-1665.41967252	
-4.43872197835	-1665.41762673	
-4.44265125649	-1665.41559186	
-4.44656515581	-1665.41356782	
-4.45046379623	-1665.41155453	
-4.45434729625	-1665.4095519	
-4.45821577303	-1665.40755984	
-4.46206934235	-1665.40557829	
-4.46590811865	-1665.40360716	
-4.46973221509	-1665.40164637	
-4.47354174351	-1665.39969583	
-4.47733681448	-1665.39775548	
-4.48111753732	-1665.39582524	
-4.48488402011	-1665.39390502	
-4.48863636973	-1665.39199476	
-4.49237469184	-1665.39009437	
-4.49609909093	-1665.38820379	
-4.49980967033	-1665.38632294	
-4.50350653221	-1665.38445175	
-4.50718977763	-1665.38259014	
-4.51085950652	-1665.38073804	
-4.51451581772	-1665.37889539	
-4.518158809	-1665.37706211	
-4.52178857705	-1665.37523813	
-4.52540521752	-1665.37342339	
-4.52900882502	-1665.37161781	
-4.53259949315	-1665.36982133	
-4.5361773145	-1665.36803389	
-4.53974238067	-1665.36625541	
-4.54329478227	-1665.36448582	
-4.54683460898	-1665.36272508	
-4.55036194949	-1665.3609731	
-4.5538768916	-1665.35922983	
-4.55737952215	-1665.35749521	
-4.56086992709	-1665.35576916	
-4.56434819147	-1665.35405164	
-4.56781439944	-1665.35234257	
-4.57126863431	-1665.3506419	
-4.5747109785	-1665.34894957	
-4.5781415136	-1665.34726551	
-4.58156032035	-1665.34558967	
-4.58496747867	-1665.34392199	
-4.58836306767	-1665.34226241	
-4.59174716566	-1665.34061088	
-4.59511985013	-1665.33896733	
-4.59848119784	-1665.33733171	
-4.60183128472	-1665.33570396	
-4.60517018599	-1665.33408404	
-4.60849797608	-1665.33247187	
-4.61181472871	-1665.33086742	
-4.61512051684	-1665.32927062	
-4.61841541274	-1665.32768143	
-4.62169948794	-1665.32609978	
-4.62497281328	-1665.32452563	
-4.62823545892	-1665.32295892	
-4.63148749431	-1665.3213996	
-4.63472898823	-1665.31984763	
-4.63796000881	-1665.31830295	
-4.64118062351	-1665.31676551	
-4.64439089914	-1665.31523525	
-4.64759090187	-1665.31371215	
-4.65078069724	-1665.31219613	
-4.65396035016	-1665.31068716	
-4.65712992492	-1665.30918518	
-4.66028948521	-1665.30769015	
-4.66343909411	-1665.30620203	
-4.66657881412	-1665.30472076	
-4.66970870713	-1665.3032463	
-4.67282883446	-1665.3017786	
-4.67593925688	-1665.30031761	
-4.67904003455	-1665.2988633	
-4.68213122712	-1665.29741562	
-4.68521289366	-1665.29597452	
-4.6882850927	-1665.29453996	
-4.69134788223	-1665.2931119	
-4.69440131972	-1665.29169028	
-4.6974454621	-1665.29027508	
-4.70048036579	-1665.28886624	
-4.70350608671	-1665.28746373	
-4.70652268025	-1665.2860675	
-4.70953020131	-1665.28467752	
-4.71252870431	-1665.28329373	
-4.71551824316	-1665.2819161	
-4.7184988713	-1665.2805446	
-4.72147064168	-1665.27917917	
-4.72443360681	-1665.27781979	
-4.72738781871	-1665.2764664	
-4.73033332894	-1665.27511898	
-4.73327018862	-1665.27377748	
-4.73619844839	-1665.27244186	
-4.7391181585	-1665.2711121	
-4.74202936871	-1665.26978814	
-4.74493212836	-1665.26846995	
-4.74782648639	-1665.2671575	
-4.75071249128	-1665.26585075	
-4.75359019111	-1665.26454966	
-4.75645963353	-1665.2632542	
-4.75932086582	-1665.26196432	
-4.7621739348	-1665.26068	
-4.76501888693	-1665.2594012	
-4.76785576827	-1665.25812789	
-4.77068462447	-1665.25686002	
-4.77350550081	-1665.25559757	
-4.77631844218	-1665.2543405	
-4.77912349311	-1665.25308878	
-4.78192069773	-1665.25184237	
-4.78471009982	-1665.25060124	
-4.78749174278	-1665.24936536	
-4.79026566966	-1665.24813469	
-4.79303192316	-1665.24690921	
-4.7957905456	-1665.24568888	
-4.79854157897	-1665.24447367	
-4.80128506491	-1665.24326354	
-4.80402104473	-1665.24205847	
-4.80674955939	-1665.24085843	
-4.8094706495	-1665.23966337	
-4.81218435537	-1665.23847328	
-4.81489071697	-1665.23728813	
-4.81758977394	-1665.23610787	
-4.82028156561	-1665.23493249	
-4.82296613098	-1665.23376195	
-4.82564350875	-1665.23259623	
-4.8283137373	-1665.23143528	
-4.83097685472	-1665.2302791	
-4.83363289878	-1665.22912764	
-4.83628190695	-1665.22798087	
-4.83892391641	-1665.22683878	
-4.84155896405	-1665.22570133	
-4.84418708646	-1665.22456849	
-4.84680831994	-1665.22344024	
-4.84942270051	-1665.22231655	
-4.85203026392	-1665.22119739	
-4.85463104562	-1665.22008273	
-4.8572250808	-1665.21897255	
-4.85981240436	-1665.21786682	
-4.86239305096	-1665.21676552	
-4.86496705495	-1665.21566862	
-4.86753445046	-1665.21457608	
-4.87009527132	-1665.2134879	
-4.87264955112	-1665.21240404	
-4.8751973232	-1665.21132447	
-4.87773862063	-1665.21024917	
-4.88027347623	-1665.20917812	
-4.88280192259	-1665.20811129	
-4.88532399202	-1665.20704866	
-4.88783971662	-1665.2059902	
-4.89034912822	-1665.20493589	
-4.89285225844	-1665.2038857	
-4.89534913864	-1665.20283961	
-4.89783979995	-1665.2017976	
-4.90032427328	-1665.20075964	
-4.90280258929	-1665.19972571	
-4.90527477844	-1665.19869579	
-4.90774087093	-1665.19766985	
-4.91020089677	-1665.19664787	
-4.91265488574	-1665.19562983	
-4.91510286737	-1665.19461571	
-4.91754487103	-1665.19360548	
-4.91998092583	-1665.19259912	
-4.92241106068	-1665.19159661	
-4.92483530429	-1665.19059792	
-4.92725368516	-1665.18960305	
-4.92966623156	-1665.18861195	
-4.93207297159	-1665.18762463	
-4.93447393313	-1665.18664104	
-4.93686914386	-1665.18566117	
-4.93925863125	-1665.18468501	
-4.94164242261	-1665.18371252	
-4.94402054501	-1665.18274369	
-4.94639302537	-1665.18177851	
-4.94875989038	-1665.18081694	
-4.95112116656	-1665.17985897	
-4.95347688026	-1665.17890457	
-4.9558270576	-1665.17795374	
-4.95817172456	-1665.17700644	
-4.96051090691	-1665.17606267	
-4.96284463026	-1665.17512239	
-4.96517292002	-1665.1741856	
-4.96749580144	-1665.17325227	
-4.96981329958	-1665.17232238	
-4.97212543933	-1665.17139591	
-4.97443224543	-1665.17047285	
-4.97673374242	-1665.16955318	
-4.97902995468	-1665.16863687	
-4.98132090643	-1665.16772392	
-4.98360662171	-1665.16681429	
-4.98588712441	-1665.16590799	
-4.98816243824	-1665.16500497	
-4.99043258678	-1665.16410524	
-4.99269759341	-1665.16320877	
-4.99495748138	-1665.16231554	
-4.99721227376	-1665.16142553	
-4.9994619935	-1665.16053874	
-5.00170666335	-1665.15965513	
-5.00394630595	-1665.1587747	
-5.00618094375	-1665.15789743	
-5.00841059907	-1665.1570233	
-5.0106352941	-1665.15615229	
-5.01285505083	-1665.15528439	
-5.01506989116	-1665.15441958	
-5.01727983681	-1665.15355785	
-5.01948490937	-1665.15269917	
-5.02168513028	-1665.15184354	
-5.02388052085	-1665.15099093	
-5.02607110223	-1665.15014134	
-5.02825689545	-1665.14929474	
-5.03043792139	-1665.14845111	
-5.03261420082	-1665.14761046	
-5.03478575433	-1665.14677275	
-5.03695260241	-1665.14593797	
-5.03911476542	-1665.14510611	
-5.04127226356	-1665.14427715	
-5.04342511692	-1665.14345108	
-5.04557334546	-1665.14262789	
-5.047716969	-1665.14180755	
-5.04985600725	-1665.14099005	
-5.05199047978	-1665.14017538	
-5.05412040604	-1665.13936353	
-5.05624580535	-1665.13855447	
-5.05836669692	-1665.1377482	
-5.06048309982	-1665.13694471	
-5.06259503303	-1665.13614397	
-5.06470251537	-1665.13534597	
-5.06680556556	-1665.1345507	
-5.06890420222	-1665.13375814	
-5.07099844382	-1665.13296829	
-5.07308830874	-1665.13218112	
-5.07517381523	-1665.13139663	
-5.07725498144	-1665.1306148	
-5.07933182538	-1665.12983561	
-5.08140436498	-1665.12905906	
-5.08347261805	-1665.12828513	
-5.08553660227	-1665.12751381	
-5.08759633523	-1665.12674508	
-5.08965183441	-1665.12597894	
-5.09170311719	-1665.12521536	
-5.09375020081	-1665.12445434	
-5.09579310244	-1665.12369586	
-5.09783183913	-1665.12293991	
-5.09986642782	-1665.12218648	
-5.10189688537	-1665.12143555	
-5.10392322852	-1665.12068712	
-5.1059454739	-1665.11994117	
-5.10796363806	-1665.11919769	
-5.10997773743	-1665.11845666	
-5.11198778836	-1665.11771808	
-5.11399380708	-1665.11698193	
-5.11599580975	-1665.1162482	
-5.11799381242	-1665.11551688	
-5.11998783102	-1665.11478796	
-5.12197788143	-1665.11406142	
-5.1239639794	-1665.11333725	
-5.12594614061	-1665.11261545	
-5.12792438062	-1665.111896	
-5.12989871492	-1665.11117889	
-5.13186915891	-1665.11046411	
-5.13383572788	-1665.10975164	
-5.13579843705	-1665.10904148	
-5.13775730154	-1665.10833361	
-5.13971233637	-1665.10762803	
-5.1416635565	-1665.10692472	
-5.14361097679	-1665.10622367	
-5.145554612	-1665.10552488	
-5.14749447681	-1665.10482832	
-5.14943058584	-1665.10413399	
-5.15136295359	-1665.10344188	
-5.1532915945	-1665.10275198	
-5.15521652291	-1665.10206428	
-5.15713775309	-1665.10137876	
-5.15905529921	-1665.10069543	
-5.1609691754	-1665.10001426	
-5.16287939565	-1665.09933524	
-5.16478597392	-1665.09865837	
-5.16668892407	-1665.09798364	
-5.16858825987	-1665.09731104	
-5.17048399504	-1665.09664055	
-5.17237614319	-1665.09597217	
-5.17426471788	-1665.09530588	
-5.17614973257	-1665.09464169	
-5.17803120067	-1665.09397957	
-5.1799091355	-1665.09331951	
-5.18178355029	-1665.09266152	
-5.18365445823	-1665.09200557	
-5.1855218724	-1665.09135166	
-5.18738580584	-1665.09069978	
-5.18924627149	-1665.09004993	
-5.19110328224	-1665.08940208	
-5.19295685089	-1665.08875623	
-5.19480699018	-1665.08811238	
-5.19665371277	-1665.08747051	
-5.19849703127	-1665.08683061	
-5.20033695819	-1665.08619268	
-5.202173506	-1665.08555671	
-5.20400668708	-1665.08492268	
-5.20583651375	-1665.08429059	
-5.20766299828	-1665.08366043	
-5.20948615284	-1665.08303219	
-5.21130598956	-1665.08240587	
-5.21312252048	-1665.08178144	
-5.21493575761	-1665.08115891	
-5.21674571285	-1665.08053827	
-5.21855239808	-1665.07991951	
-5.22035582508	-1665.07930261	
-5.22215600558	-1665.07868758	
-5.22395295126	-1665.0780744	
-5.22574667371	-1665.07746306	
-5.22753718449	-1665.07685356	
-5.22932449506	-1665.07624588	
-5.23110861685	-1665.07564003	
-5.23288956123	-1665.07503599	
-5.23466733947	-1665.07443375	
-5.23644196283	-1665.0738333	
-5.23821344248	-1665.07323465	
-5.23998178954	-1665.07263777	
-5.24174701506	-1665.07204266	
-5.24350913005	-1665.07144932	
-5.24526814546	-1665.07085774	
-5.24702407216	-1665.0702679	
-5.24877692099	-1665.06967981	
-5.25052670271	-1665.06909344	
-5.25227342805	-1665.06850881	
-5.25401710765	-1665.06792589	
-5.25575775213	-1665.06734468	
-5.25749537203	-1665.06676517	
-5.25922997784	-1665.06618736	
-5.26096158	-1665.06561124	
-5.2626901889	-1665.06503679	
-5.26441581487	-1665.06446402	
-5.26613846818	-1665.06389292	
-5.26785815906	-1665.06332348	
-5.26957489768	-1665.06275569	
-5.27128869416	-1665.06218954	
-5.27299955856	-1665.06162503	
-5.27470750091	-1665.06106215	
-5.27641253116	-1665.06050089	
-5.27811465923	-1665.05994125	
-5.27981389498	-1665.05938322	
-5.28151024823	-1665.0588268	
-5.28320372874	-1665.05827196	
-5.28489434622	-1665.05771872	
-5.28658211033	-1665.05716706	
-5.28826703069	-1665.05661698	
-5.28994911688	-1665.05606846	
-5.2916283784	-1665.05552151	
-5.29330482472	-1665.05497611	
-5.29497846528	-1665.05443226	
-5.29664930945	-1665.05388995	
-5.29831736655	-1665.05334918	
-5.29998264587	-1665.05280994	
-5.30164515664	-1665.05227222	
-5.30330490806	-1665.05173602	
-5.30496190927	-1665.05120133	
-5.30661616936	-1665.05066814	
-5.3082676974	-1665.05013645	
-5.30991650239	-1665.04960625	
-5.3115625933	-1665.04907754	
-5.31320597904	-1665.0485503	
-5.3148466685	-1665.04802454	
-5.3164846705	-1665.04750024	
-5.31811999384	-1665.0469774	
-5.31975264727	-1665.04645602	
-5.32138263948	-1665.04593609	
-5.32300997914	-1665.0454176	
-5.32463467487	-1665.04490054	
-5.32625673524	-1665.04438492	
-5.32787616879	-1665.04387072	
-5.32949298402	-1665.04335794	
-5.33110718937	-1665.04284657	
-5.33271879327	-1665.04233661	
-5.33432780407	-1665.04182805	
-5.33593423012	-1665.04132089	
-5.3375380797	-1665.04081511	
-5.33913936107	-1665.04031072	
-5.34073808243	-1665.03980771	
-5.34233425196	-1665.03930607	
-5.3439278778	-1665.0388058	
-5.34551896803	-1665.03830689	
-5.34710753072	-1665.03780934	
-5.34869357387	-1665.03731314	
-5.35027710548	-1665.03681828	
-5.35185813348	-1665.03632477	
-5.35343666577	-1665.03583258	
-5.35501271022	-1665.03534173	
-5.35658627467	-1665.0348522	
-5.3581573669	-1665.03436399	
-5.35972599468	-1665.03387709	
-5.36129216571	-1665.0333915	
-5.36285588769	-1665.03290721	
-5.36441716825	-1665.03242422	
-5.36597601502	-1665.03194252	
-5.36753243557	-1665.03146211	
-5.36908643744	-1665.03098298	
-5.37063802813	-1665.03050513	
-5.37218721511	-1665.03002855	
-5.37373400583	-1665.02955324	
-5.37527840768	-1665.02907919	
-5.37682042804	-1665.02860639	
-5.37836007422	-1665.02813485	
-5.37989735354	-1665.02766455	
-5.38143227326	-1665.0271955	
-5.38296484061	-1665.02672768	
-5.38449506279	-1665.02626109	
-5.38602294697	-1665.02579574	
-5.38754850028	-1665.0253316	
-5.38907172982	-1665.02486868	
-5.39059264266	-1665.02440698	
-5.39211124583	-1665.02394648	
-5.39362754635	-1665.02348719	
-5.39514155118	-1665.02302909	
-5.39665326727	-1665.02257219	
-5.39816270152	-1665.02211648	
-5.39966986081	-1665.02166196	
-5.40117475199	-1665.02120861	
-5.40267738187	-1665.02075644	
-5.40417775725	-1665.02030544	
-5.40567588487	-1665.01985561	
-5.40717177146	-1665.01940694	
-5.40866542372	-1665.01895943	
-5.4101568483	-1665.01851307	
-5.41164605186	-1665.01806786	
-5.41313304098	-1665.01762379	
-5.41461782224	-1665.01718087	
-5.4161004022	-1665.01673907	
-5.41758078737	-1665.01629842	
-5.41905898424	-1665.01585888	
-5.42053499927	-1665.01542047	
-5.42200883889	-1665.01498318	
-5.4234805095	-1665.01454701	
-5.42495001748	-1665.01411194	
-5.42641736918	-1665.01367798	
-5.4278825709	-1665.01324512	
-5.42934562895	-1665.01281336	
-5.43080654959	-1665.01238269	
-5.43226533906	-1665.01195311	
-5.43372200355	-1665.01152461	
-5.43517654927	-1665.0110972	
-5.43662898235	-1665.01067086	
-5.43807930892	-1665.01024559	
-5.4395275351	-1665.0098214	
-5.44097366695	-1665.00939827	
-5.44241771052	-1665.00897619	
-5.44385967184	-1665.00855518	
-5.4452995569	-1665.00813522	
-5.44673737167	-1665.00771631	
-5.44817312209	-1665.00729844	
-5.44960681409	-1665.00688161	
-5.45103845357	-1665.00646582	
-5.45246804638	-1665.00605107	
-5.45389559837	-1665.00563734	
-5.45532111536	-1665.00522464	
-5.45674460314	-1665.00481296	
-5.45816606749	-1665.0044023	
-5.45958551414	-1665.00399266	
-5.46100294883	-1665.00358402	
-5.46241837723	-1665.00317639	
-5.46383180503	-1665.00276977	
-5.46524323786	-1665.00236414	
-5.46665268137	-1665.00195951	
-5.46806014114	-1665.00155587	
-5.46946562274	-1665.00115322	
-5.47086913175	-1665.00075156	
-5.47227067367	-1665.00035088	
-5.47367025403	-1664.99995117	
-5.47506787829	-1664.99955244	
-5.47646355193	-1664.99915468	
-5.47785728038	-1664.99875789	
-5.47924906905	-1664.99836206	
-5.48063892334	-1664.99796719	
-5.48202684862	-1664.99757328	
-5.48341285022	-1664.99718032	
-5.48479693349	-1664.99678831	
-5.48617910372	-1664.99639725	
-5.48755936619	-1664.99600713	
-5.48893772616	-1664.99561795	
-5.49031418887	-1664.99522971	
-5.49168875953	-1664.99484239	
-5.49306144334	-1664.99445601	
-5.49443224547	-1664.99407056	
-5.49580117108	-1664.99368603	
-5.49716822529	-1664.99330241	
-5.49853341322	-1664.99291972	
-5.49989673995	-1664.99253793	
-5.50125821054	-1664.99215706	
-5.50261783006	-1664.99177709	
-5.50397560352	-1664.99139803	
-5.50533153593	-1664.99101986	
-5.50668563228	-1664.99064259	
-5.50803789753	-1664.99026622	
-5.50938833663	-1664.98989074	
-5.5107369545	-1664.98951614	
-5.51208375605	-1664.98914243	
-5.51342874616	-1664.9887696	
-5.51477192971	-1664.98839765	
-5.51611331154	-1664.98802657	
-5.51745289646	-1664.98765637	
-5.51879068931	-1664.98728703	
-5.52012669485	-1664.98691856	
-5.52146091786	-1664.98655095	
-5.5227933631	-1664.98618421	
-5.52412403528	-1664.98581831	
-5.52545293913	-1664.98545328	
-5.52678007934	-1664.98508909	
-5.52810546058	-1664.98472575	
-5.52942908751	-1664.98436326	
-5.53075096477	-1664.98400161	
-5.53207109697	-1664.98364079	
-5.53338948873	-1664.98328082	
-5.53470614461	-1664.98292167	
-5.53602106919	-1664.98256336	
-5.53733426702	-1664.98220588	
-5.53864574262	-1664.98184921	
-5.5399555005	-1664.98149338	
-5.54126354516	-1664.98113836	
-5.54256988107	-1664.98078415	
-5.5438745127	-1664.98043076	
-5.54517744448	-1664.98007818	
-5.54647868084	-1664.97972641	
-5.54777822618	-1664.97937544	
-5.5490760849	-1664.97902528	
-5.55037226136	-1664.97867591	
-5.55166675992	-1664.97832734	
-5.55295958492	-1664.97797957	
-5.55425074069	-1664.97763259	
-5.55554023152	-1664.97728639	
-5.5568280617	-1664.97694098	
-5.55811423551	-1664.97659636	
-5.5593987572	-1664.97625251	
-5.56068163102	-1664.97590945	
-5.56196286117	-1664.97556716	
-5.56324245188	-1664.97522564	
-5.56452040732	-1664.97488489	
-5.56579673168	-1664.97454491	
-5.56707142911	-1664.9742057	
-5.56834450376	-1664.97386724	
-5.56961595975	-1664.97352955	
-5.57088580119	-1664.97319262	
-5.57215403218	-1664.97285644	
-5.57342065679	-1664.97252101	
-5.5746856791	-1664.97218633	
-5.57594910315	-1664.9718524	
-5.57721093297	-1664.97151921	
-5.57847117258	-1664.97118677	
-5.57972982599	-1664.97085507	
-5.58098689718	-1664.9705241	
-5.58224239012	-1664.97019387	
-5.58349630878	-1664.96986437	
-5.5847486571	-1664.9695356	
-5.585999439	-1664.96920756	
-5.5872486584	-1664.96888024	
-5.5884963192	-1664.96855365	
-5.58974242528	-1664.96822778	
-5.59098698051	-1664.96790262	
-5.59222998875	-1664.96757818	
-5.59347145384	-1664.96725446	
-5.5947113796	-1664.96693144	
-5.59594976985	-1664.96660914	
-5.59718662839	-1664.96628754	
-5.598421959	-1664.96596664	
-5.59965576545	-1664.96564645	
-5.60088805149	-1664.96532695	
-5.60211882088	-1664.96500816	
-5.60334807733	-1664.96469005	
-5.60457582457	-1664.96437265	
-5.6058020663	-1664.96405593	
-5.60702680619	-1664.9637399	
-5.60825004793	-1664.96342455	
-5.60947179518	-1664.96310989	
-5.61069205159	-1664.96279591	
-5.61191082078	-1664.96248261	
-5.61312810639	-1664.96216999	
-5.61434391201	-1664.96185804	
-5.61555824124	-1664.96154676	
-5.61677109767	-1664.96123616	
-5.61798248485	-1664.96092622	
-5.61919240636	-1664.96061695	
-5.62040086572	-1664.96030834	
-5.62160786647	-1664.9600004	
-5.62281341212	-1664.95969312	
-5.62401750619	-1664.95938649	
-5.62522015215	-1664.95908052	
-5.6264213535	-1664.9587752	
-5.62762111369	-1664.95847054	
-5.62881943618	-1664.95816652	
-5.63001632442	-1664.95786315	
-5.63121178182	-1664.95756043	
-5.63240581181	-1664.95725834	
-5.6335984178	-1664.95695691	
-5.63478960317	-1664.9566561	
-5.6359793713	-1664.95635594	
-5.63716772557	-1664.95605641	
-5.63835466933	-1664.95575752	
-5.63954020593	-1664.95545925	
-5.64072433869	-1664.95516162	
-5.64190707094	-1664.95486461	
-5.64308840598	-1664.95456823	
-5.64426834712	-1664.95427247	
-5.64544689764	-1664.95397733	
-5.64662406082	-1664.95368281	
-5.64779983991	-1664.95338891	
-5.64897423816	-1664.95309562	
-5.65014725882	-1664.95280295	
-5.65131890512	-1664.95251089	
-5.65248918027	-1664.95221944	
-5.65365808747	-1664.95192859	
-5.65482562993	-1664.95163836	
-5.65599181082	-1664.95134872	
-5.65715663332	-1664.95105969	
-5.65832010058	-1664.95077126	
-5.65948221576	-1664.95048343	
-5.660642982	-1664.95019619	
-5.66180240242	-1664.94990955	
-5.66296048014	-1664.9496235	
-5.66411721826	-1664.94933804	
-5.66527261989	-1664.94905317	
-5.66642668811	-1664.94876889	
-5.66757942599	-1664.94848519	
-5.6687308366	-1664.94820208	
-5.66988092298	-1664.94791955	
-5.67102968818	-1664.9476376	
-5.67217713524	-1664.94735622	
-5.67332326717	-1664.94707543	
-5.67446808699	-1664.94679521	
-5.67561159769	-1664.94651556	
-5.67675380227	-1664.94623648	
-5.6778947037	-1664.94595798	
-5.67903430497	-1664.94568004	
-5.68017260902	-1664.94540266	
-5.6813096188	-1664.94512586	
-5.68244533727	-1664.94484961	
-5.68357976734	-1664.94457393	
-5.68471291194	-1664.9442988	
-5.68584477397	-1664.94402423	
-5.68697535634	-1664.94375022	
-5.68810466194	-1664.94347676	
-5.68923269364	-1664.94320386	
-5.69035945432	-1664.9429315	
-5.69148494685	-1664.94265969	
-5.69260917406	-1664.94238844	
-5.6937321388	-1664.94211772	
-5.69485384391	-1664.94184756	
-5.69597429221	-1664.94157793	
-5.69709348651	-1664.94130885	
-5.69821142961	-1664.9410403	
-5.69932812431	-1664.94077229	
-5.70044357339	-1664.94050482	
-5.70155777963	-1664.94023789	
-5.7026707458	-1664.93997148	
-5.70378247466	-1664.93970561	
-5.70489296894	-1664.93944027	
-5.70600223139	-1664.93917545	
-5.70711026475	-1664.93891117	
-5.70821707172	-1664.9386474	
-5.70932265503	-1664.93838416	
-5.71042701737	-1664.93812145	
-5.71153016145	-1664.93785925	
-5.71263208993	-1664.93759757	
-5.71373280551	-1664.93733641	
-5.71483231084	-1664.93707576	
-5.71593060859	-1664.93681563	
-5.71702770141	-1664.93655601	
-5.71812359193	-1664.93629691	
-5.71921828279	-1664.93603831	
-5.72031177661	-1664.93578022	
-5.72140407601	-1664.93552264	
-5.72249518359	-1664.93526556	
-5.72358510195	-1664.93500899	
-5.72467383369	-1664.93475292	
-5.72576138137	-1664.93449735	
-5.72684774759	-1664.93424228	
-5.72793293489	-1664.9339877	
-5.72901694583	-1664.93373363	
-5.73009978297	-1664.93348004	
-5.73118144884	-1664.93322696	
-5.73226194598	-1664.93297436	
-5.7333412769	-1664.93272226	
-5.73441944412	-1664.93247064	
-5.73549645015	-1664.93221951	
-5.73657229748	-1664.93196887	
-5.73764698861	-1664.93171871	
-5.73872052602	-1664.93146904	
-5.73979291218	-1664.93121985	
-5.74086414956	-1664.93097114	
-5.74193424062	-1664.93072291	
-5.74300318781	-1664.93047516	
-5.74407099357	-1664.93022788	
-5.74513766034	-1664.92998108	
-5.74620319054	-1664.92973475	
-5.7472675866	-1664.9294889	
-5.74833085092	-1664.92924351	
-5.74939298591	-1664.9289986	
-5.75045399397	-1664.92875416	
-5.75151387748	-1664.92851018	
-5.75257263883	-1664.92826667	
-5.75363028038	-1664.92802362	
-5.75468680452	-1664.92778104	
-5.75574221359	-1664.92753892	
-5.75679650994	-1664.92729725	
-5.75784969593	-1664.92705605	
-5.75890177388	-1664.92681531	
-5.75995274612	-1664.92657502	
-5.76100261499	-1664.92633519	
-5.76205138278	-1664.92609581	
-5.76309905181	-1664.92585689	
-5.76414562438	-1664.92561841	
-5.76519110278	-1664.92538039	
-5.7662354893	-1664.92514281	
-5.76727878622	-1664.92490569	
-5.76832099579	-1664.92466901	
-5.7693621203	-1664.92443277	
-5.770402162	-1664.92419698	
-5.77144112313	-1664.92396163	
-5.77247900594	-1664.92372672	
-5.77351581267	-1664.92349226	
-5.77455154554	-1664.92325823	
-5.77558620679	-1664.92302464	
-5.77661979861	-1664.92279148	
-5.77765232322	-1664.92255876	
-5.77868378283	-1664.92232648	
-5.77971417962	-1664.92209463	
-5.78074351579	-1664.92186321	
-5.78177179352	-1664.92163222	
-5.78279901497	-1664.92140166	
-5.78382518233	-1664.92117152	
-5.78485029774	-1664.92094182	
-5.78587436337	-1664.92071254	
-5.78689738137	-1664.92048368	
-5.78791935386	-1664.92025525	
-5.788940283	-1664.92002724	
-5.7899601709	-1664.91979965	
-5.79097901969	-1664.91957248	
-5.79199683148	-1664.91934573	
-5.79301360838	-1664.9191194	
-5.7940293525	-1664.91889348	
-5.79504406593	-1664.91866798	
-5.79605775077	-1664.91844289	
-5.79707040908	-1664.91821822	
-5.79808204295	-1664.91799396	
-5.79909265446	-1664.91777011	
-5.80010224566	-1664.91754666	
-5.80111081862	-1664.91732363	
-5.80211837538	-1664.917101	
-5.80312491799	-1664.91687878	
-5.80413044849	-1664.91665697	
-5.80513496892	-1664.91643556	
-5.80613848129	-1664.91621455	
-5.80714098764	-1664.91599394	
-5.80814248998	-1664.91577373	
-5.80914299031	-1664.91555393	
