#Site	lnL	
0	-4.2246567598
1	-4.21389269048
2	-7.27617704172
3	-4.38592626488
4	-4.21935810741
5	-6.73424513616
6	-4.38592626488
7	-4.21389269048
8	-13.2134414783
9	-4.5762376108
10	-4.37151587169
11	-8.75929954927
12	-4.23202817999
13	-4.21389269048
14	-6.73424513616
15	-4.23202817999
16	-4.21935810741
17	-6.36740552648
18	-13.3969830802
19	-4.21935810741
20	-6.36740552648
21	-4.38592626488
22	-4.21935810741
23	-10.7419601062
24	-4.5762376108
25	-11.1467989276
26	-7.53470410286
27	-4.23202817999
28	-12.4011780842
29	-7.53470410286
30	-4.38592626488
31	-14.8847653568
32	-6.36740552648
33	-10.2250586456
34	-4.21389269048
35	-6.73424513616
36	-4.2246567598
37	-11.0134741821
38	-7.27617704172
39	-4.2246567598
40	-4.37151587169
41	-10.2447688954
42	-4.2246567598
43	-4.21935810741
44	-8.96306610922
45	-4.2246567598
46	-4.21935810741
47	-9.78667919927
48	-4.38592626488
49	-4.21935810741
50	-13.2589941998
51	-4.2246567598
52	-4.56183018177
53	-9.81163864154
54	-4.5762376108
55	-4.21389269048
56	-7.27617704172
57	-4.38592626488
58	-4.21389269048
59	-10.7628446623
60	-4.38592626488
61	-4.21935810741
62	-14.1044793209
63	-4.2246567598
64	-9.20699793094
65	-13.1006318081
66	-4.2246567598
67	-4.37151587169
68	-8.74828836691
69	-4.38592626488
70	-4.37151587169
71	-6.73424513616
72	-4.38592626488
73	-4.21935810741
74	-9.74884231558
75	-4.23202817999
76	-4.21935810741
77	-10.2244488843
78	-4.23202817999
79	-4.56183018177
80	-7.53470410286
81	-4.2246567598
82	-4.21389269048
83	-6.36740552648
84	-4.23202817999
85	-10.5061256469
86	-10.4249889557
87	-4.38592626488
88	-4.56183018177
89	-12.9570607776
90	-4.2246567598
91	-4.56183018177
92	-10.2244293403
93	-9.22829127685
94	-4.37151587169
95	-6.36740552648
96	-4.23202817999
97	-4.37151587169
98	-10.3774251343
99	-4.38592626488
100	-4.21389269048
101	-6.36740552648
102	-4.38592626488
103	-4.37151587169
104	-12.0630158213
105	-4.38592626488
106	-4.21389269048
107	-9.13234863199
108	-4.23202817999
109	-4.21389269048
110	-10.271190088
111	-4.38592626488
112	-10.6477043332
113	-8.77306043064
114	-4.2246567598
115	-4.21935810741
116	-7.53470410286
117	-4.38592626488
118	-4.56183018177
119	-15.2286168561
120	-4.2246567598
121	-4.21935810741
122	-13.7600423287
123	-4.23202817999
124	-4.21389269048
125	-9.04059217935
126	-4.23202817999
127	-4.21389269048
128	-7.77161763002
129	-4.5762376108
130	-4.21389269048
131	-12.5003582916
132	-4.2246567598
133	-4.21389269048
134	-7.27617704172
135	-4.23202817999
136	-4.21389269048
137	-8.70950202236
138	-4.2246567598
139	-4.56183018177
140	-7.53470410286
141	-4.2246567598
142	-4.21935810741
143	-11.2109891003
144	-4.2246567598
145	-4.21935810741
146	-6.73424513616
147	-13.0283684525
148	-4.21389269048
149	-7.77161763002
150	-4.23202817999
151	-4.21935810741
152	-10.6070683731
153	-4.2246567598
154	-4.56183018177
155	-10.9471397661
156	-4.23202817999
157	-4.56183018177
158	-14.0992653504
159	-4.5762376108
160	-4.37151587169
161	-6.36740552648
162	-14.7772829846
163	-4.21389269048
164	-7.27617704172
165	-4.38592626488
166	-4.56183018177
167	-11.4367571658
168	-4.38592626488
169	-4.56183018177
170	-13.6478979643
171	-4.2246567598
172	-4.21389269048
173	-13.9292013305
174	-4.2246567598
175	-4.21389269048
176	-9.54468163133
177	-4.5762376108
178	-4.21389269048
179	-13.5432119928
180	-4.2246567598
181	-4.21389269048
182	-11.3233655002
183	-4.38592626488
184	-4.21935810741
185	-8.72018039288
186	-4.23202817999
187	-4.21389269048
188	-6.36740552648
189	-4.38592626488
190	-4.56183018177
191	-20.7394951628
192	-4.38592626488
193	-4.21389269048
194	-8.74828836691
195	-9.15468860971
196	-4.37151587169
197	-14.3895117738
198	-4.2246567598
199	-4.21935810741
200	-6.36740552648
201	-4.5762376108
202	-4.56183018177
203	-9.01690659504
204	-4.23202817999
205	-4.56183018177
206	-9.66921679028
207	-4.23202817999
208	-4.37151587169
209	-13.6994672202
210	-4.38592626488
211	-4.37151587169
212	-11.1109609731
213	-14.6726171827
214	-4.37151587169
215	-8.72018039288
216	-4.38592626488
217	-4.21389269048
218	-12.8363723129
219	-4.38592626488
220	-4.56183018177
221	-7.77161763002
222	-4.23202817999
223	-26.18304856
224	-7.53470410286
225	-4.5762376108
226	-4.37151587169
227	-8.806395462
228	-4.5762376108
229	-4.37151587169
230	-6.73424513616
231	-8.63281560312
232	-4.37151587169
233	-6.73424513616
234	-4.23202817999
235	-4.21935810741
236	-9.52416663888
237	-4.2246567598
238	-13.1295129488
239	-9.99035688449
240	-4.38592626488
241	-4.21935810741
242	-15.2677808308
243	-4.2246567598
244	-4.21935810741
245	-9.30700713901
246	-4.38592626488
247	-4.21389269048
248	-6.36740552648
249	-4.2246567598
250	-4.21935810741
251	-10.1231915019
252	-4.2246567598
253	-4.37151587169
254	-9.74884231558
255	-4.38592626488
256	-4.21935810741
257	-7.9967802401
258	-4.23202817999
259	-4.37151587169
260	-7.27617704172
261	-4.5762376108
262	-4.21935810741
263	-15.7134621195
264	-4.5762376108
265	-4.21935810741
266	-7.87154958215
267	-4.23202817999
268	-4.37151587169
269	-17.2169464555
270	-4.38592626488
271	-4.56183018177
272	-8.74828836691
273	-4.38592626488
274	-4.21389269048
275	-10.8469604896
276	-4.23202817999
277	-4.21935810741
278	-10.6560906803
279	-4.5762376108
280	-4.37151587169
281	-7.27617704172
282	-4.23202817999
283	-4.56183018177
284	-13.3632662856
285	-4.38592626488
286	-4.21389269048
287	-10.0572028985
288	-4.5762376108
289	-4.56183018177
290	-11.8804994952
291	-4.38592626488
292	-4.56183018177
293	-6.36740552648
294	-4.23202817999
295	-4.56183018177
296	-8.71104854837
297	-4.2246567598
298	-4.56183018177
299	-12.6849016577
300	-4.38592626488
301	-4.21389269048
302	-6.73424513616
303	-4.5762376108
304	-4.21935810741
305	-7.82634772946
306	-4.2246567598
307	-4.21935810741
308	-13.5868684669
309	-4.38592626488
310	-4.56183018177
311	-9.78667919927
312	-4.38592626488
313	-4.37151587169
314	-10.2071378146
315	-4.5762376108
316	-4.21935810741
317	-11.3842021122
318	-4.38592626488
319	-4.21935810741
320	-6.73424513616
321	-4.38592626488
322	-4.21389269048
323	-7.27617704172
324	-4.5762376108
325	-4.37151587169
326	-7.27617704172
327	-4.5762376108
328	-4.21389269048
329	-6.36740552648
330	-4.23202817999
331	-4.21389269048
332	-12.403011324
333	-4.2246567598
334	-4.21935810741
335	-8.19930672426
336	-4.23202817999
337	-4.21935810741
338	-13.4598279515
339	-4.2246567598
340	-10.6273523567
341	-13.2841420566
342	-4.23202817999
343	-4.21935810741
344	-10.4094611217
345	-4.2246567598
346	-4.37151587169
347	-9.17876533041
348	-4.2246567598
349	-4.21935810741
350	-11.5815742437
351	-4.38592626488
352	-4.56183018177
353	-9.23383930196
354	-4.5762376108
355	-4.21389269048
356	-10.1696527845
357	-4.5762376108
358	-4.21935810741
359	-9.85754965853
360	-4.2246567598
361	-4.56183018177
362	-7.69761696087
363	-4.38592626488
364	-4.21389269048
365	-8.84966638562
366	-4.2246567598
367	-4.37151587169
368	-10.1502932061
369	-8.88105684167
370	-4.56183018177
371	-11.170447351
372	-4.2246567598
373	-4.37151587169
374	-10.4114116272
375	-14.7293869492
376	-4.21935810741
377	-7.82634772946
378	-4.2246567598
379	-4.21935810741
380	-9.01690659504
381	-4.38592626488
382	-4.21935810741
383	-19.7969491709
384	-12.6115246228
385	-4.21935810741
386	-7.53470410286
387	-4.5762376108
388	-4.37151587169
389	-7.87154958215
390	-4.23202817999
391	-4.21935810741
392	-9.78667919927
393	-4.23202817999
394	-4.21935810741
395	-6.36740552648
396	-4.5762376108
397	-4.21935810741
398	-7.68124335853
399	-8.88105684167
400	-4.37151587169
401	-13.6878101852
402	-4.23202817999
403	-4.21935810741
404	-7.53470410286
405	-4.23202817999
406	-4.37151587169
407	-6.73424513616
408	-4.23202817999
409	-4.56183018177
410	-14.249993731
411	-10.3934108667
412	-4.21935810741
413	-8.47203404047
414	-4.2246567598
415	-4.21389269048
416	-15.8857887836
417	-13.3969830802
418	-4.37151587169
419	-10.9336472663
420	-4.38592626488
421	-14.3103146391
422	-10.7580365715
423	-4.38592626488
424	-4.21935810741
425	-17.8766527816
426	-4.5762376108
427	-4.56183018177
428	-11.3604996899
429	-4.5762376108
430	-4.56183018177
431	-9.99035688449
432	-4.23202817999
433	-10.6273523567
434	-7.27617704172
435	-4.2246567598
436	-4.21935810741
437	-11.9945329014
438	-4.23202817999
439	-4.21389269048
440	-11.1519368799
441	-4.23202817999
442	-4.37151587169
443	-9.13234863199
444	-4.2246567598
445	-4.21935810741
446	-9.17876533041
447	-4.23202817999
448	-4.21935810741
449	-6.36740552648
450	-4.5762376108
451	-10.2650755451
452	-11.0488096117
453	-4.23202817999
454	-4.21935810741
455	-7.53470410286
456	-4.23202817999
457	-4.21389269048
458	-11.3183812485
459	-4.5762376108
460	-4.21935810741
461	-8.19930672426
462	-21.6909635523
463	-13.3947656539
464	-6.36740552648
465	-4.5762376108
466	-4.21935810741
467	-14.6295230911
468	-4.2246567598
469	-4.21389269048
470	-10.5317750821
471	-4.23202817999
472	-4.37151587169
473	-6.36740552648
474	-4.38592626488
475	-4.56183018177
476	-7.27617704172
477	-4.23202817999
478	-4.21389269048
479	-10.7359165087
480	-4.2246567598
481	-4.56183018177
482	-7.53470410286
483	-14.720558982
484	-4.21389269048
485	-7.82634772946
486	-4.5762376108
487	-4.37151587169
488	-8.17607933616
