#Site	lnL	
0	-8.56079533623
1	-8.03756208414
2	-15.1242008945
3	-14.3364165478
4	-16.275342855
5	-7.82806758083
6	-4.79978630459
7	-8.97920260762
8	-13.7574533994
9	-19.5223141354
10	-4.27947587951
11	-17.613862342
12	-15.405939504
13	-10.6486993134
14	-5.19118202393
15	-20.0142334119
16	-18.2476408228
17	-16.4379568633
18	-13.8676413515
19	-9.07115163769
20	-12.6574571523
21	-11.5473195803
22	-4.79978630459
23	-13.4598786136
24	-11.8748180223
25	-5.18839588659
26	-4.27947587951
27	-11.7169007949
28	-16.6235510659
29	-11.229027363
30	-6.56737487231
31	-6.64245038698
32	-5.59784880684
33	-4.99488444814
34	-13.3495905237
35	-13.8277857547
36	-14.2197361607
37	-17.2704630498
38	-4.79978630459
39	-11.1558643917
40	-17.5826062613
41	-16.8122082406
42	-5.34082049647
43	-15.8992668349
44	-8.63931869525
45	-25.4453068394
46	-8.48725041298
47	-9.64144965873
48	-7.16465454838
49	-12.1304367862
50	-5.67438654668
51	-14.0467203984
52	-10.4117077408
53	-8.68968977868
54	-14.6597436954
55	-14.847929334
56	-11.6604498775
57	-5.2159439658
58	-7.76193702689
59	-7.49508322043
60	-7.21704606124
61	-7.94208581633
62	-14.838395505
63	-8.85188777262
64	-8.89852759494
65	-10.8572949376
66	-12.4761015584
67	-9.5619879631
68	-12.9956927851
69	-8.1056678547
70	-5.79134893394
71	-8.53189427544
72	-4.99715558484
73	-15.8629108408
74	-9.99834991638
75	-15.7906108328
76	-6.8062762215
77	-12.8070235361
78	-10.7537807415
79	-11.9043207126
80	-9.58523865528
81	-6.21295734802
82	-11.2463930118
83	-7.93523126822
84	-8.58366963652
85	-11.1277130683
86	-18.9683948666
87	-8.26226957243
88	-7.74100612617
89	-5.38469104257
90	-13.9250541571
91	-6.06294179552
92	-10.8112275572
93	-10.5198134701
94	-4.99488444814
95	-13.4733927265
96	-6.0629418374
97	-8.00246732877
98	-10.0664211926
99	-5.58085492637
100	-14.8497801433
101	-9.08537945723
102	-8.98615100583
103	-11.298367859
104	-6.21581007377
105	-13.7553916913
106	-8.11004631511
107	-8.52322765424
108	-9.54574452421
109	-12.0813434633
110	-9.06545383193
111	-9.07549424364
112	-4.38737907155
113	-9.1899229498
114	-5.94151717331
115	-8.00800905743
116	-10.4215434722
117	-5.53296444448
118	-9.96544644168
119	-4.21595625774
120	-9.27666893622
121	-5.59784880684
122	-10.8661432192
123	-16.2852452928
124	-5.67438654668
125	-11.8105748168
126	-7.45302757156
127	-9.31794571964
128	-4.27947587951
129	-7.95027566936
130	-23.2506033405
131	-9.24898811763
132	-7.91897970496
133	-11.8364940079
134	-8.78501762156
135	-16.1218046974
136	-10.8407340019
137	-20.9670791013
138	-14.4617163546
139	-12.9171065875
140	-5.59149246253
141	-10.522117555
142	-11.6228494578
143	-5.34082049647
144	-17.4842884436
145	-16.8714673328
146	-5.71245446894
147	-5.73999398743
148	-7.641508843
149	-4.79978630459
150	-18.1600751891
151	-12.5917335016
152	-13.5194042885
153	-7.63670911048
154	-16.2207940319
155	-16.4836156691
156	-20.1145122783
157	-8.44692687247
158	-8.52973453049
159	-5.38469104257
160	-6.35931701297
161	-14.8817327487
162	-8.68968977868
