#Site	lnL	
0	-1.62456235251
1	-1.61293158872
2	-1.21085485269
3	-1.33022955106
4	-1.70734010513
5	-16.0637068921
6	-6.01434614522
7	-1.61293158872
8	-1.57960595555
9	-1.62456235251
10	-1.320951051
11	-15.8951082792
12	-6.01434614522
13	-6.02248162
14	-17.8053647713
15	-1.71811944835
16	-1.42282804831
17	-33.2552362869
18	-1.33022955106
19	-1.320951051
20	-17.7563391434
21	-1.33022955106
22	-1.70734010513
23	-17.8871542095
24	-1.43152732054
25	-1.320951051
26	-32.8616637875
27	-1.62456235251
28	-1.42282804831
29	-1.21085485269
30	-1.43152732054
31	-1.42282804831
32	-1.31966584993
33	-1.33022955106
34	-1.70734010513
35	-16.1084789771
36	-1.43152732054
37	-1.42282804831
38	-32.7303245768
39	-1.33022955106
40	-1.320951051
41	-18.3258041966
42	-1.33022955106
43	-1.70734010513
44	-17.2499636918
45	-1.71811944835
46	-1.320951051
47	-32.9896507962
48	-1.43152732054
49	-1.42282804831
50	-66.0611091587
51	-1.43152732054
52	-1.320951051
53	-16.0637068921
54	-1.71811944835
55	-1.320951051
56	-32.4939482869
57	-1.33022955106
58	-1.61293158872
59	-17.2499634363
60	-1.71811944835
61	-1.61293158872
62	-1.57960595555
63	-1.71811944835
64	-1.320951051
65	-50.2130817942
66	-1.62456235251
67	-1.42282804831
68	-18.5409730671
69	-1.43152732054
70	-1.61293158872
71	-1.21085485269
72	-7.01514543318
73	-1.70734010513
74	-15.850337692
75	-1.71811944835
76	-1.320951051
77	-31.9978537505
78	-1.43152732054
79	-1.70734010513
80	-16.1084780959
81	-1.33022955106
82	-1.320951051
83	-17.4768000749
84	-1.62456235251
85	-1.320951051
86	-16.1084780959
87	-1.62456235251
88	-1.42282804831
89	-15.8503370988
90	-1.43152732054
91	-13.8160373555
92	-31.2678437718
93	-1.71811944835
94	-1.61293158872
95	-1.31966584993
96	-7.01514543318
97	-1.42282804831
98	-33.3118881359
99	-1.43152732054
100	-1.320951051
101	-18.0616128355
102	-1.62456235251
103	-1.70734010513
104	-1.31966584993
105	-1.62456235251
106	-1.70734010513
107	-49.9063980546
108	-1.33022955106
109	-1.42282804831
110	-1.57960595555
111	-1.43152732054
112	-1.320951051
113	-30.8525185721
114	-1.33022955106
115	-1.61293158872
116	-35.1897721779
117	-1.62456235251
118	-1.70734010513
119	-17.1059233123
120	-1.43152732054
121	-1.320951051
122	-18.4373496567
123	-1.33022955106
124	-1.42282804831
125	-17.105922385
126	-1.62456235251
127	-6.08516841402
128	-17.105922385
129	-1.33022955106
130	-1.320951051
131	-1.57960595555
132	-1.33022955106
133	-1.61293158872
134	-1.31966584993
135	-1.43152732054
136	-1.61293158872
137	-15.8951082792
138	-1.62456235251
139	-5.85607062733
140	-66.0065686811
141	-1.62456235251
142	-1.70734010513
143	-32.3814090936
144	-1.62456235251
145	-1.42282804831
146	-18.2767807007
147	-10.3630824003
148	-1.42282804831
149	-1.31966584993
150	-1.62456235251
151	-1.320951051
152	-1.31966584993
153	-1.62456235251
154	-5.85607062733
155	-49.2942153865
156	-5.74473708587
157	-1.61293158872
158	-18.0187357111
159	-1.33022955106
160	-1.42282804831
161	-49.1741774283
162	-1.62456235251
163	-1.320951051
164	-1.47504754459
165	-5.95014384866
166	-7.84770950818
167	-17.805365981
168	-7.91733836279
169	-1.42282804831
170	-30.2218510362
171	-1.43152732054
172	-1.70734010513
173	-34.1462429224
174	-1.71811944835
175	-1.320951051
176	-17.4768000749
177	-1.62456235251
178	-1.320951051
179	-1.21085485269
180	-1.62456235251
181	-1.320951051
182	-31.6926037253
183	-1.43152732054
184	-1.42282804831
185	-32.1764008746
186	-1.43152732054
187	-1.42282804831
188	-33.7433105585
189	-1.43152732054
190	-1.70734010513
191	-1.21085485269
192	-1.33022955106
193	-1.42282804831
194	-18.2767807007
195	-1.62456235251
196	-1.320951051
197	-1.21085485269
198	-1.71811944835
199	-1.42282804831
200	-20.4469750539
201	-1.33022955106
202	-1.42282804831
203	-1.57960595555
204	-1.43152732054
205	-1.320951051
206	-1.21085485269
207	-1.33022955106
208	-1.61293158872
209	-1.47504754459
210	-1.71811944835
211	-1.42282804831
212	-33.8888410123
213	-1.62456235251
214	-1.70734010513
215	-32.9610346938
216	-1.33022955106
217	-1.61293158872
218	-1.31966584993
219	-1.71811944835
220	-5.99951597411
221	-15.8951082792
222	-1.62456235251
223	-1.320951051
224	-18.0616128355
225	-1.62456235251
226	-1.70734010513
227	-33.8590828348
228	-1.43152732054
229	-1.320951051
230	-1.57960595555
231	-6.78362740949
232	-1.70734010513
233	-15.850337692
234	-1.33022955106
235	-1.320951051
236	-1.47504754459
237	-1.33022955106
238	-1.320951051
239	-1.47504754459
240	-1.33022955106
241	-1.61293158872
242	-32.9162632146
243	-1.43152732054
244	-1.42282804831
245	-16.2242758088
246	-1.71811944835
247	-1.70734010513
248	-15.8951092757
249	-1.71811944835
250	-1.320951051
251	-17.4633334395
252	-1.43152732054
253	-1.61293158872
254	-1.31966584993
255	-1.33022955106
256	-1.70734010513
257	-19.0590573224
258	-1.62456235251
259	-1.70734010513
260	-31.6309011889
261	-1.62456235251
262	-1.61293158872
263	-1.21085485269
264	-1.43152732054
265	-1.42282804831
266	-1.57960595555
267	-1.62456235251
268	-1.320951051
269	-1.31966584993
270	-1.33022955106
271	-1.320951051
272	-15.8951082792
273	-1.33022955106
274	-1.61293158872
275	-16.0637074167
276	-1.62456235251
277	-1.320951051
278	-1.21085485269
279	-1.62456235251
280	-1.42282804831
281	-17.4633334395
282	-1.62456235251
283	-1.70734010513
284	-1.31966584993
285	-1.33022955106
286	-1.70734010513
287	-1.31966584993
288	-1.62456235251
289	-1.61293158872
290	-15.8503370988
291	-1.33022955106
292	-1.42282804831
293	-17.2556099775
294	-1.43152732054
295	-1.320951051
296	-1.57960595555
297	-7.38620882163
298	-8.07917518867
299	-1.21085485269
300	-1.33022955106
301	-1.70734010513
302	-31.2678437718
303	-1.71811944835
304	-1.70734010513
305	-18.1005229315
306	-1.71811944835
307	-6.02248162
308	-47.4402591038
309	-5.76114726946
310	-1.61293158872
311	-97.9961680974
312	-5.8114797656
313	-7.84770950818
314	-1.31966584993
315	-1.33022955106
316	-1.61293158872
317	-17.4633334395
318	-1.33022955106
319	-1.320951051
320	-32.5570911875
321	-1.71811944835
322	-1.42282804831
323	-34.4326365946
324	-1.62456235251
325	-5.88148928134
326	-16.1084780959
327	-1.43152732054
328	-1.320951051
329	-16.8925525758
330	-1.71811944835
331	-6.08516841402
332	-30.6817416474
333	-1.33022955106
334	-1.70734010513
335	-1.31966584993
336	-9.60375774178
337	-1.42282804831
338	-50.0050025463
339	-1.33022955106
340	-1.42282804831
341	-32.8168923709
342	-1.62456235251
343	-1.42282804831
344	-31.6756727726
345	-1.62456235251
346	-1.61293158872
347	-16.0109060022
348	-1.71811944835
349	-1.61293158872
350	-46.4120019087
351	-1.62456235251
352	-1.320951051
353	-1.21085485269
354	-1.71811944835
355	-1.42282804831
356	-30.5345898915
357	-1.43152732054
358	-1.320951051
359	-1.31966584993
360	-6.01434614522
361	-8.67109534906
362	-15.850337692
363	-1.71811944835
364	-1.320951051
365	-1.31966584993
366	-7.94098994782
367	-1.42282804831
368	-30.2256275771
369	-1.62456235251
370	-1.42282804831
371	-61.4212892214
372	-1.71811944835
373	-1.61293158872
374	-1.47504754459
375	-1.33022955106
376	-1.320951051
377	-1.47504754459
378	-1.43152732054
379	-6.0358610969
380	-1.21085485269
381	-1.62456235251
382	-1.70734010513
383	-17.2556099775
384	-1.71811944835
385	-1.42282804831
386	-51.7082050787
387	-1.71811944835
388	-1.320951051
389	-32.6545175828
390	-8.34958495017
391	-1.70734010513
392	-16.2242758088
393	-1.71811944835
394	-1.70734010513
395	-1.47504754459
396	-1.62456235251
397	-1.61293158872
398	-33.1686299285
399	-1.43152732054
400	-1.61293158872
401	-1.47504754459
402	-5.95014384866
403	-5.81646011394
404	-18.2810337512
405	-1.43152732054
406	-1.61293158872
407	-46.6241161374
408	-1.43152732054
409	-6.06269091532
410	-31.9029115707
411	-1.43152732054
412	-1.70734010513
413	-1.21085485269
414	-1.62456235251
415	-1.42282804831
416	-46.4151862302
417	-1.71811944835
418	-1.42282804831
419	-46.6892683155
420	-5.7839100616
421	-1.42282804831
422	-1.21085485269
423	-1.71811944835
424	-1.320951051
425	-15.8951092757
426	-1.33022955106
427	-1.42282804831
428	-17.2499636918
429	-1.71811944835
430	-1.320951051
431	-1.31966584993
432	-5.76114726946
433	-1.61293158872
434	-1.31966584993
435	-1.33022955106
436	-8.30489489396
437	-1.57960595555
438	-1.33022955106
439	-1.61293158872
440	-1.57960595555
441	-1.33022955106
442	-1.42282804831
443	-32.1630225951
444	-5.76114726946
445	-1.42282804831
446	-19.6898732681
447	-1.62456235251
448	-1.320951051
449	-34.1431692785
450	-1.33022955106
451	-1.61293158872
452	-1.21085485269
453	-1.71811944835
454	-1.61293158872
455	-15.8503370988
456	-1.43152732054
457	-1.42282804831
458	-32.7627756835
459	-1.43152732054
460	-1.61293158872
461	-1.31966584993
462	-1.43152732054
463	-1.70734010513
464	-30.1933738239
465	-1.43152732054
466	-9.92530028845
467	-1.21085485269
468	-1.43152732054
469	-1.61293158872
470	-46.7418933455
471	-1.33022955106
472	-1.42282804831
473	-33.698539831
474	-1.43152732054
475	-1.61293158872
476	-52.7152382122
477	-1.33022955106
478	-1.70734010513
479	-48.6800385819
480	-10.4328920138
481	-1.70734010513
482	-47.9513701007
483	-1.33022955106
484	-1.42282804831
485	-1.21085485269
486	-1.33022955106
487	-1.42282804831
488	-1.57960595555
