#Site	lnL	
0	-4.8305436427
1	-16.711908522
2	-8.33246644476
3	-11.0145819581
4	-6.30368038752
5	-5.96378114161
6	-9.55160902391
7	-5.66049732744
8	-19.1364462392
9	-8.85266548683
10	-6.17779428255
11	-10.9960909387
12	-10.2018836611
13	-5.34913274198
14	-3.98382093642
15	-15.0054302675
16	-8.145790053
17	-5.14621942207
18	-5.14621942207
19	-7.43311191463
20	-4.5471616378
21	-8.48682030552
22	-15.5704132248
23	-10.4639818665
24	-13.6663361859
25	-10.4199555756
26	-12.1942560822
27	-16.2832412485
28	-15.4748080932
29	-13.7542426484
30	-7.98498324918
31	-9.42148083854
32	-11.9610902024
33	-11.9217034975
34	-7.14832421903
35	-10.0688448101
36	-13.6337999101
37	-19.9548899443
38	-11.4941293551
39	-13.6554037155
40	-9.98001945311
41	-6.48645065074
42	-14.3493753899
43	-19.2270238443
44	-12.7516105308
45	-5.18852694361
46	-9.42148083854
47	-12.1565469145
48	-5.39217598549
49	-5.8551129373
50	-7.12953716375
51	-5.10945883101
52	-12.6354998878
53	-20.7814119802
54	-14.9794443218
55	-9.88591057698
56	-13.4606656702
57	-11.0526524613
58	-6.17779428255
59	-6.85366892317
60	-8.74611239829
61	-17.6790864737
62	-10.4950769715
63	-14.0635971834
64	-9.77289119816
65	-14.457387704
66	-17.4919981411
67	-5.00506388088
68	-13.3122734695
69	-9.73545092624
70	-20.3087890439
71	-12.212817365
72	-11.6859899704
73	-5.14621942207
74	-18.2993627324
75	-4.58941015921
76	-9.73080175746
77	-11.0411871833
78	-17.64576693
79	-19.2007624392
80	-8.34531315488
81	-12.9991358257
82	-5.14621942207
83	-6.58750989851
84	-8.19974952224
85	-9.78431562716
86	-22.8631249854
87	-9.78175739097
88	-17.2353781593
89	-12.422133479
90	-5.34913274198
91	-6.858966343
92	-8.49189293589
93	-10.8507500285
94	-7.89290889397
95	-4.26774925405
96	-7.92161232837
97	-8.76404457208
98	-12.931410645
99	-13.6989435663
100	-7.37577464471
101	-4.8305436427
102	-12.8650486036
103	-7.52582449173
104	-19.4254158837
105	-15.4500707558
106	-7.98581930001
107	-11.5772530756
108	-11.8777404443
109	-4.26774925405
110	-4.26774925405
111	-11.3357990532
112	-18.3166174705
113	-3.98382093642
114	-9.9562075859
115	-12.2280027871
116	-13.0927547253
117	-9.61847637352
118	-4.66823276829
119	-5.10945883101
120	-16.1838848532
121	-5.19051007204
122	-9.03956530692
123	-3.98382093642
124	-5.66049732744
125	-20.411501461
126	-8.46545875192
127	-4.66823276829
128	-7.36783066863
129	-5.78950487394
130	-11.606290887
131	-9.70202638681
132	-6.7779312028
133	-11.5780783977
134	-13.226178808
135	-5.14621942207
136	-6.58453531055
137	-17.6922497695
138	-9.45769654127
139	-5.43961334391
140	-13.1945865664
141	-7.22691528673
142	-10.4678448621
143	-5.19051001737
144	-17.6921478086
145	-11.4946394453
146	-8.25114477074
147	-13.3674246873
148	-12.5689028987
149	-16.492962477
150	-4.8305436427
151	-10.0394994931
152	-27.264990652
153	-12.2121550903
154	-5.78950487394
155	-9.30734420709
156	-4.71277887885
157	-5.23921121486
158	-4.26774925405
159	-10.7515303767
160	-22.9453356667
161	-11.9699460525
162	-12.0023415191
