#Site	lnL	
0	-2.3604768664
1	-2.651428321
2	-3.39454684701
3	-2.68900577892
4	-2.33177300699
5	-8.45397311147
6	-2.3604768664
7	-2.33450074458
8	-7.35114453107
9	-7.95686384019
10	-2.96823871724
11	-8.49056708026
12	-2.68900577892
13	-2.651428321
14	-8.30701589949
15	-2.68900577892
16	-2.96823871724
17	-9.96475008734
18	-2.35689220616
19	-2.33177300699
20	-8.62594107052
21	-2.35689220616
22	-2.651428321
23	-16.7656094191
24	-2.35689220616
25	-2.96823871724
26	-5.89096336452
27	-2.3604768664
28	-2.651428321
29	-3.16671488695
30	-2.3604768664
31	-2.33177300699
32	-9.49011823113
33	-2.35689220616
34	-2.651428321
35	-16.4626672051
36	-2.3604768664
37	-2.33450074458
38	-11.4310576056
39	-2.3604768664
40	-2.33177300699
41	-4.05676052172
42	-2.68900577892
43	-2.33177300699
44	-9.88917972198
45	-2.35689220616
46	-10.0076549962
47	-9.23067686349
48	-2.3604768664
49	-2.33450074458
50	-4.05676052172
51	-2.3604768664
52	-2.651428321
53	-8.62594107052
54	-2.68900577892
55	-2.33450074458
56	-16.7358768545
57	-2.68900577892
58	-2.33450074458
59	-3.39454684701
60	-3.00582180327
61	-2.33177300699
62	-3.16671488695
63	-2.35689220616
64	-2.33450074458
65	-8.30701589949
66	-2.35689220616
67	-2.651428321
68	-10.9264979779
69	-7.48162347706
70	-2.33177300699
71	-3.16671488695
72	-2.68900577892
73	-2.33450074458
74	-10.4462748373
75	-9.33483136292
76	-2.33177300699
77	-6.59665316476
78	-2.3604768664
79	-2.33450074458
80	-3.39454684701
81	-2.68900577892
82	-2.651428321
83	-7.20286738469
84	-2.35689220616
85	-2.33177300699
86	-3.16671488695
87	-2.35689220616
88	-2.651428321
89	-5.89096336452
90	-2.35689220616
91	-2.651428321
92	-17.0040642666
93	-3.00582180327
94	-2.651428321
95	-3.39454684701
96	-2.35689220616
97	-2.33450074458
98	-3.16671488695
99	-2.3604768664
100	-14.7658593951
101	-3.16671488695
102	-8.55895932384
103	-2.33177300699
104	-5.99255260782
105	-7.48162347706
106	-2.33177300699
107	-8.93594457515
108	-2.35689220616
109	-2.33450074458
110	-6.11070176325
111	-2.35689220616
112	-2.651428321
113	-15.2323240716
114	-2.35689220616
115	-2.33450074458
116	-7.08113141122
117	-2.35689220616
118	-2.33450074458
119	-9.11415004362
120	-3.00582180327
121	-2.33450074458
122	-8.60205959691
123	-2.35689220616
124	-2.33450074458
125	-6.94319822395
126	-2.68900577892
127	-2.96823871724
128	-9.23067686349
129	-2.35689220616
130	-2.33177300699
131	-14.0170381544
132	-7.00261992864
133	-2.33450074458
134	-3.16671488695
135	-3.00582180327
136	-2.33450074458
137	-4.38733930821
138	-2.68900577892
139	-2.651428321
140	-3.39454684701
141	-2.68900577892
142	-2.651428321
143	-6.52504549054
144	-7.33464559872
145	-2.96823871724
146	-4.05676052172
147	-2.3604768664
148	-2.33177300699
149	-5.45508596769
150	-3.00582180327
151	-2.33450074458
152	-16.5824559465
153	-2.35689220616
154	-2.33177300699
155	-8.60205959691
156	-2.3604768664
157	-2.33177300699
158	-4.38733930821
159	-2.35689220616
160	-2.96823871724
161	-6.52504549054
162	-2.68900577892
163	-13.7833051836
164	-4.05676052172
165	-2.3604768664
166	-2.651428321
167	-14.8274956905
168	-2.35689220616
169	-2.33177300699
170	-6.31172474308
171	-3.00582180327
172	-2.33450074458
173	-20.7853551802
174	-2.3604768664
175	-2.96823871724
176	-9.19682549383
177	-2.35689220616
178	-2.33177300699
179	-9.86564349842
180	-3.00582180327
181	-2.651428321
182	-5.45508596769
183	-2.35689220616
184	-2.96823871724
185	-3.39454684701
186	-2.3604768664
187	-2.96823871724
188	-5.89096336452
189	-2.3604768664
190	-2.33450074458
191	-3.16671488695
192	-3.00582180327
193	-2.651428321
194	-22.6668523518
195	-2.3604768664
196	-2.33177300699
197	-3.16671488695
198	-2.3604768664
199	-2.33177300699
200	-11.6989360318
201	-2.68900577892
202	-2.33177300699
203	-8.14014486038
204	-2.3604768664
205	-2.96823871724
206	-11.3206549296
207	-2.35689220616
208	-2.33177300699
209	-6.11070176325
210	-3.00582180327
211	-2.33450074458
212	-13.2174943546
213	-2.35689220616
214	-2.96823871724
215	-3.16671488695
216	-2.3604768664
217	-7.35467435247
218	-17.1376433584
219	-2.35689220616
220	-2.651428321
221	-16.9612195682
222	-2.3604768664
223	-2.96823871724
224	-3.39454684701
225	-2.68900577892
226	-2.33450074458
227	-8.42818567288
228	-2.3604768664
229	-2.33450074458
230	-15.9443576498
231	-2.35689220616
232	-7.85655325921
233	-10.2990413891
234	-2.3604768664
235	-2.651428321
236	-14.639800121
237	-2.68900577892
238	-2.33450074458
239	-5.99029070507
240	-2.68900577892
241	-2.96823871724
242	-3.16671488695
243	-2.68900577892
244	-2.33450074458
245	-3.39454684701
246	-2.68900577892
247	-2.96823871724
248	-3.39454684701
249	-2.35689220616
250	-2.96823871724
251	-3.39454684701
252	-3.00582180327
253	-2.651428321
254	-5.99255260782
255	-2.68900577892
256	-2.96823871724
257	-3.16671488695
258	-2.3604768664
259	-2.33450074458
260	-9.60109644553
261	-3.00582180327
262	-2.33450074458
263	-6.77597683552
264	-2.68900577892
265	-2.33177300699
266	-8.91067217057
267	-2.35689220616
268	-2.96823871724
269	-12.9681469406
270	-3.00582180327
271	-2.33450074458
272	-9.36101601478
273	-2.68900577892
274	-2.33450074458
275	-7.35989025465
276	-8.97011861187
277	-2.33450074458
278	-9.96893222129
279	-2.35689220616
280	-2.33450074458
281	-5.89096336452
282	-2.68900577892
283	-2.651428321
284	-3.16671488695
285	-2.35689220616
286	-2.33450074458
287	-11.8165637469
288	-7.95686384019
289	-2.651428321
290	-8.65033048037
291	-7.01463768087
292	-2.96823871724
293	-7.35114453107
294	-2.35689220616
295	-7.36370275674
296	-3.39454684701
297	-2.3604768664
298	-2.651428321
299	-4.38733930821
300	-2.68900577892
301	-2.33450074458
302	-13.5285296882
303	-3.00582180327
304	-2.33450074458
305	-4.05676052172
306	-3.00582180327
307	-2.33450074458
308	-8.86517151123
309	-2.3604768664
310	-11.1304144877
311	-8.14400365565
312	-2.35689220616
313	-2.33450074458
314	-11.0594313346
315	-2.68900577892
316	-2.33450074458
317	-4.38733930821
318	-7.00138636438
319	-2.96823871724
320	-3.16671488695
321	-2.3604768664
322	-2.33450074458
323	-3.16671488695
324	-3.00582180327
325	-2.33450074458
326	-11.6658401825
327	-2.3604768664
328	-2.33177300699
329	-6.77597683552
330	-2.35689220616
331	-2.651428321
332	-12.130815332
333	-2.68900577892
334	-10.3947396576
335	-3.16671488695
336	-2.3604768664
337	-2.651428321
338	-5.70898513142
339	-2.68900577892
340	-2.33450074458
341	-11.4056703466
342	-2.3604768664
343	-2.33177300699
344	-7.57158823374
345	-2.3604768664
346	-2.33450074458
347	-10.4912577255
348	-2.3604768664
349	-2.33177300699
350	-6.87834983516
351	-2.35689220616
352	-2.33450074458
353	-4.38733930821
354	-2.35689220616
355	-2.33450074458
356	-6.77597683552
357	-2.35689220616
358	-8.75712400551
359	-13.1450780741
360	-2.3604768664
361	-2.651428321
362	-5.45508596769
363	-2.3604768664
364	-2.651428321
365	-5.45508596769
366	-2.3604768664
367	-2.651428321
368	-10.466439876
369	-2.35689220616
370	-2.33177300699
371	-5.99255260782
372	-2.3604768664
373	-2.651428321
374	-13.6071372925
375	-14.6181851259
376	-2.651428321
377	-7.08113141122
378	-2.3604768664
379	-2.33177300699
380	-8.72027579974
381	-3.00582180327
382	-2.33450074458
383	-12.1103348397
384	-3.00582180327
385	-2.33450074458
386	-3.16671488695
387	-2.3604768664
388	-2.33177300699
389	-9.35072498536
390	-2.3604768664
391	-2.651428321
392	-11.8038688774
393	-2.35689220616
394	-2.33177300699
395	-9.83813311235
396	-10.9534793228
397	-2.33177300699
398	-7.08113141122
399	-2.3604768664
400	-7.3327316216
401	-8.84066613182
402	-3.00582180327
403	-2.33177300699
404	-3.39454684701
405	-3.00582180327
406	-2.33177300699
407	-13.8874403046
408	-3.00582180327
409	-2.33177300699
410	-8.227632201
411	-2.35689220616
412	-2.33450074458
413	-3.39454684701
414	-2.35689220616
415	-2.651428321
416	-6.94319822395
417	-2.3604768664
418	-2.33177300699
419	-7.71099527548
420	-2.35689220616
421	-2.33450074458
422	-3.16671488695
423	-2.68900577892
424	-2.651428321
425	-10.2246217946
426	-2.3604768664
427	-2.33450074458
428	-3.39454684701
429	-2.68900577892
430	-2.33177300699
431	-5.89096336452
432	-2.68900577892
433	-2.96823871724
434	-4.05676052172
435	-7.32008342194
436	-2.33177300699
437	-8.0646121574
438	-3.00582180327
439	-2.33177300699
440	-7.80610299236
441	-2.3604768664
442	-2.96823871724
443	-12.5332217788
444	-3.00582180327
445	-2.33177300699
446	-6.55231974514
447	-2.68900577892
448	-2.96823871724
449	-9.60969350075
450	-2.3604768664
451	-2.33177300699
452	-18.924364075
453	-2.68900577892
454	-2.33177300699
455	-12.7456514886
456	-2.3604768664
457	-2.33450074458
458	-13.0175128393
459	-2.3604768664
460	-2.96823871724
461	-8.93594457515
462	-2.3604768664
463	-2.33450074458
464	-5.69527859848
465	-3.00582180327
466	-2.651428321
467	-9.34655963246
468	-2.68900577892
469	-2.96823871724
470	-13.8982220534
471	-2.3604768664
472	-2.33177300699
473	-7.60802892666
474	-2.3604768664
475	-2.651428321
476	-13.076086542
477	-2.3604768664
478	-2.33450074458
479	-5.70898513142
480	-2.68900577892
481	-2.651428321
482	-9.74253059255
483	-2.3604768664
484	-2.33177300699
485	-5.45508596769
486	-2.68900577892
487	-2.96823871724
488	-10.1467450959
