-7.135745929850771940e-01
-5.392801029288151193e-01
-8.433920906192277078e-01
2.557316555144776515e+00
-7.061151549645606762e-01
1.769629091295915835e+00
1.769629091295915835e+00
-5.502655654025095266e+00
-4.342927831696185237e+00
-4.744892333046884403e+00
-4.534559711128957282e+00
-7.004436104540628705e+00
-6.275889224853822057e+00
-6.234840092393914013e+00
-5.916070322883443033e+00
-6.794349427148245191e+00
-6.152639616286150748e+00
-5.989693094882195368e+00
-6.343385734644352070e+00
1.000000000000000021e-08
