-8.715039965594566507e-01
-3.884316227386079290e-01
-9.539674662989460208e-01
2.513623022631788828e+00
-6.112458501915521980e-01
2.127942497168372249e+00
-2.665617931174257826e-01
-2.682356447343499539e+00
-3.696658593775437485e+00
-1.750439596758665317e+01
-4.657830020537818250e+00
-3.834885548300258407e+00
-5.784274216930596957e+00
-5.299101071767315929e+00
-6.411657080167699085e+00
-4.299744124378232613e+00
-6.639632876080348467e+00
-4.979180886286250107e+00
-4.935439788650002768e+00
-5.817830896750822767e+00
