#Site	lnL	
0	-10.4391931409
1	-5.72703100016
2	-14.4700150225
3	-14.0214717232
4	-9.8059595999
5	-7.80215207031
6	-16.9282549774
7	-10.2370511656
8	-4.87899856859
9	-17.8867740271
10	-12.5678036225
11	-7.27923164554
12	-8.09376580882
13	-6.07503481722
14	-6.14122537045
15	-13.26218302
16	-12.5598464521
17	-8.60118616047
18	-9.33598137845
19	-6.51867325292
20	-4.38309546258
21	-9.74609542719
22	-12.3233738916
23	-9.05782172935
24	-8.1946848767
25	-10.6923571949
26	-4.91740278213
27	-11.4688248246
28	-12.6123416827
29	-8.01242683624
30	-5.79336643986
31	-8.45272634382
32	-7.8772756293
33	-5.53342314645
34	-11.3496823617
35	-19.6075834042
36	-21.481723911
37	-15.4074714791
38	-11.6114909111
39	-7.81266333516
40	-17.339043435
41	-6.07503481722
42	-13.4793372165
43	-10.8059825335
44	-11.1925893308
45	-15.2727194658
46	-9.53871088238
47	-8.44437641738
48	-12.9310002979
49	-14.7907216704
50	-5.24337183406
51	-14.6227544087
52	-11.6046325921
53	-7.27940065379
54	-5.03736806573
55	-5.55053190926
56	-10.2923554657
57	-12.3616558096
58	-9.26338856972
59	-8.70522579574
60	-12.6392288499
61	-5.30790780548
62	-13.457740272
63	-13.5130426689
64	-9.80929861089
65	-12.1729914922
66	-12.7742431328
67	-9.8834544976
68	-4.36084825461
69	-7.27923164554
70	-16.1000202097
71	-9.19165306367
72	-7.60581590878
73	-14.4013594633
74	-16.5427150639
75	-12.9220329965
76	-12.1042976569
77	-8.36513892039
78	-8.09375017274
79	-8.70427612322
80	-5.67064393681
81	-4.38309546258
82	-4.87899856859
83	-5.30790780548
84	-8.48587320094
85	-5.30790780548
86	-5.79336643986
87	-14.7758502847
88	-9.48288498709
89	-4.51458823282
90	-12.2845489422
91	-11.70525348
92	-9.48853019174
93	-11.4833054442
94	-4.38309546258
95	-8.09375017274
96	-13.9992972108
97	-10.4969957889
98	-11.1087019164
99	-4.36084825461
100	-5.44209240924
101	-19.8205274736
102	-5.50828967313
103	-11.6343295627
104	-11.6286452103
105	-8.74889342593
106	-9.71850446549
107	-5.50669404306
108	-4.98171658574
109	-5.41584430885
110	-12.3395519691
111	-8.63973419718
112	-5.55053190926
113	-18.9424792948
114	-5.24361112232
115	-13.1178814433
116	-20.8555481607
117	-12.1602498242
118	-5.43243623651
119	-15.6291784213
120	-10.0565963229
121	-18.5341354437
122	-5.53342314645
123	-13.5372198173
124	-15.7984534254
125	-10.2398497765
126	-8.26682536258
127	-14.2341933022
128	-5.43243623651
129	-10.340233457
130	-5.76824917853
131	-14.7910073316
132	-13.4685946773
133	-5.50669404306
134	-4.38309546258
135	-9.80976988749
136	-9.08678405959
137	-10.9190627265
138	-24.1130461603
139	-7.98736240004
140	-17.3716432006
141	-9.39825141691
142	-7.6436024232
143	-10.5066873598
144	-5.46722952412
145	-20.5290360406
146	-19.9023398604
147	-7.34063745466
148	-18.9176019213
149	-9.84004640628
150	-8.42511548909
151	-11.3154809504
152	-14.8208271966
153	-17.463458009
154	-35.8734914431
155	-10.2780861076
156	-8.89570551921
157	-11.3811002635
158	-11.8206046987
159	-6.01052820829
160	-9.0720652129
161	-16.8527635124
162	-7.27923164554
