-7.490400499151018687e-01
-5.103166935978500351e-01
-8.613271185713822220e-01
3.115893256550541501e+00
2.488166013335735838e-01
3.084175100633828492e+00
-1.567036092737968733e+00
-5.022014122867128449e+00
-4.962595683885452580e+00
-4.614757932310299182e+00
-5.065997104275571594e+00
-5.012089408714608396e+00
-8.344625434796041574e+00
-7.396608749203122279e+00
-6.908718299043377087e+00
-6.368836196178571996e+00
-8.888814157040116015e+00
-6.360371298823796593e+00
-5.117536513397856979e+00
-6.922555848608495488e+00
