#Site	lnL	
0	-1.26521545833
1	-1.22214378305
2	-11.238531179
3	-6.7713895346
4	-1.19580014657
5	-2.12381161866
6	-1.23042748195
7	-8.34147326305
8	-11.8596943953
9	-1.94490791603
10	-1.22214378305
11	-3.17984024815
12	-1.66066981246
13	-1.22214378305
14	-9.86529210287
15	-1.66066981246
16	-1.60139469762
17	-1.92211296858
18	-1.26521545833
19	-1.19580014657
20	-5.15421188325
21	-1.26521545833
22	-1.60139469762
23	-8.09935339107
24	-1.94490791603
25	-1.19580014657
26	-8.92718601414
27	-1.94490791603
28	-1.19580014657
29	-4.35616812311
30	-1.23042748195
31	-1.19580014657
32	-10.3377321872
33	-1.26521545833
34	-1.88404444074
35	-5.62158928421
36	-1.26521545833
37	-1.19580014657
38	-9.00042030021
39	-1.66066981246
40	-1.60139469762
41	-14.0192045602
42	-1.66066981246
43	-1.19580014657
44	-2.85459824244
45	-1.66066981246
46	-1.19580014657
47	-9.34236272655
48	-1.23042748195
49	-1.88404444074
50	-1.92211296858
51	-1.94490791603
52	-1.22214378305
53	-9.86213063691
54	-1.23042748195
55	-1.60139469762
56	-9.44574169668
57	-1.23042748195
58	-1.19580014657
59	-6.72649973624
60	-1.26521545833
61	-1.19580014657
62	-6.50498431135
63	-1.23042748195
64	-1.19580014657
65	-5.20602516953
66	-1.66066981246
67	-1.22214378305
68	-5.62158928421
69	-1.66066981246
70	-1.60139469762
71	-12.2543897046
72	-1.26521545833
73	-1.22214378305
74	-14.7066094926
75	-1.26521545833
76	-1.60139469762
77	-1.92211296858
78	-1.26521545833
79	-1.19580014657
80	-8.88311900841
81	-1.23042748195
82	-1.22214378305
83	-4.86373307547
84	-1.23042748195
85	-1.88404444074
86	-1.92211296858
87	-1.66066981246
88	-1.19580014657
89	-2.12381161866
90	-7.69258391484
91	-1.88404444074
92	-1.92211296858
93	-1.26521545833
94	-1.60139469762
95	-6.13672754076
96	-1.23042748195
97	-1.88404444074
98	-1.92211296858
99	-1.94490791603
100	-1.19580014657
101	-5.4604784866
102	-1.94490791603
103	-1.22214378305
104	-1.92211296858
105	-1.23042748195
106	-1.22214378305
107	-5.32517487765
108	-1.23042748195
109	-1.60139469762
110	-7.71623164755
111	-1.26521545833
112	-1.60139469762
113	-7.52681344136
114	-1.26521545833
115	-1.19580014657
116	-5.15421188325
117	-1.26521545833
118	-1.22214378305
119	-11.0468402877
120	-1.23042748195
121	-1.19580014657
122	-1.92211296858
123	-1.26521545833
124	-1.60139469762
125	-12.1350298
126	-1.26521545833
127	-1.19580014657
128	-1.92211296858
129	-1.66066981246
130	-1.22214378305
131	-9.35450945598
132	-1.26521545833
133	-1.22214378305
134	-6.46341472145
135	-1.66066981246
136	-7.46803855998
137	-6.26585497187
138	-1.26521545833
139	-1.88404444074
140	-13.4051296961
141	-1.66066981246
142	-1.19580014657
143	-2.12381161866
144	-1.26521545833
145	-1.88404444074
146	-1.92211296858
147	-1.26521545833
148	-1.22214378305
149	-9.34178580254
150	-1.26521545833
151	-1.88404444074
152	-9.58119013809
153	-1.26521545833
154	-1.22214378305
155	-2.85459824244
156	-1.26521545833
157	-1.22214378305
158	-7.72719073818
159	-1.66066981246
160	-1.19580014657
161	-2.12381161866
162	-6.855938657
163	-1.22214378305
164	-8.88227470317
165	-1.66066981246
166	-1.22214378305
167	-8.36361794311
168	-1.26521545833
169	-1.22214378305
170	-10.9116825941
171	-1.66066981246
172	-1.19580014657
173	-11.0379681348
174	-1.94490791603
175	-1.19580014657
176	-7.79404280437
177	-1.23042748195
178	-1.22214378305
179	-4.44910321088
180	-1.94490791603
181	-1.19580014657
182	-5.62158928421
183	-1.26521545833
184	-1.22214378305
185	-9.46161013598
186	-1.26521545833
187	-1.19580014657
188	-7.55562608777
189	-1.23042748195
190	-1.19580014657
191	-8.29519456313
192	-1.23042748195
193	-1.60139469762
194	-5.15421188325
195	-1.23042748195
196	-1.19580014657
197	-5.44441890733
198	-1.26521545833
199	-1.60139469762
200	-9.78633564843
201	-1.26521545833
202	-1.60139469762
203	-5.67764250702
204	-1.26521545833
205	-1.19580014657
206	-9.83463243628
207	-1.23042748195
208	-1.22214378305
209	-7.55451097293
210	-1.66066981246
211	-1.19580014657
212	-4.86373307547
213	-6.15430211471
214	-1.22214378305
215	-1.92211296858
216	-1.94490791603
217	-1.19580014657
218	-6.9137094824
219	-1.94490791603
220	-1.88404444074
221	-1.92211296858
222	-1.66066981246
223	-1.60139469762
224	-4.775338286
225	-1.26521545833
226	-11.4781781286
227	-9.11571239016
228	-1.26521545833
229	-1.19580014657
230	-11.5634466894
231	-1.66066981246
232	-1.22214378305
233	-2.12381161866
234	-1.26521545833
235	-1.19580014657
236	-7.46221640247
237	-1.23042748195
238	-1.19580014657
239	-12.4849922649
240	-1.26521545833
241	-1.19580014657
242	-12.7555637016
243	-1.26521545833
244	-1.19580014657
245	-8.89574240998
246	-1.23042748195
247	-1.22214378305
248	-18.5865730627
249	-9.73928118583
250	-1.22214378305
251	-13.8065101172
252	-1.94490791603
253	-1.60139469762
254	-1.92211296858
255	-1.26521545833
256	-1.22214378305
257	-12.4877405088
258	-1.94490791603
259	-1.88404444074
260	-4.35616812311
261	-1.23042748195
262	-1.88404444074
263	-2.12381161866
264	-6.60935539474
265	-1.19580014657
266	-9.23271513794
267	-1.26521545833
268	-1.60139469762
269	-9.8259250324
270	-1.94490791603
271	-1.22214378305
272	-4.44910321088
273	-1.26521545833
274	-1.60139469762
275	-1.92211296858
276	-1.94490791603
277	-1.60139469762
278	-9.96235115536
279	-1.23042748195
280	-1.60139469762
281	-13.0534865659
282	-1.23042748195
283	-1.60139469762
284	-17.652429897
285	-1.66066981246
286	-1.19580014657
287	-3.17984024815
288	-1.26521545833
289	-1.60139469762
290	-2.12381161866
291	-6.36242233765
292	-1.19580014657
293	-11.072242639
294	-1.23042748195
295	-6.9771036415
296	-8.39146959601
297	-1.66066981246
298	-1.60139469762
299	-7.52245780997
300	-1.23042748195
301	-1.22214378305
302	-10.1731974657
303	-5.90684947099
304	-1.22214378305
305	-6.26470072515
306	-1.26521545833
307	-1.19580014657
308	-5.90161313289
309	-1.94490791603
310	-1.22214378305
311	-2.85459824244
312	-1.66066981246
313	-1.22214378305
314	-1.92211296858
315	-1.26521545833
316	-1.60139469762
317	-2.85459824244
318	-1.66066981246
319	-1.60139469762
320	-7.95657438722
321	-1.26521545833
322	-1.19580014657
323	-7.50643799274
324	-1.26521545833
325	-1.22214378305
326	-9.30238963271
327	-1.94490791603
328	-9.87335884511
329	-8.64207955814
330	-1.94490791603
331	-1.19580014657
332	-3.17984024815
333	-1.94490791603
334	-1.22214378305
335	-1.92211296858
336	-1.26521545833
337	-1.60139469762
338	-1.92211296858
339	-6.20349523827
340	-1.22214378305
341	-5.98373475255
342	-1.94490791603
343	-6.80068402172
344	-1.92211296858
345	-7.08222807136
346	-1.19580014657
347	-8.72795472929
348	-1.66066981246
349	-1.19580014657
350	-5.81130159836
351	-1.23042748195
352	-1.19580014657
353	-7.77053600541
354	-1.26521545833
355	-1.60139469762
356	-6.41629793378
357	-1.23042748195
358	-1.22214378305
359	-6.41629793378
360	-1.66066981246
361	-1.19580014657
362	-4.775338286
363	-1.26521545833
364	-1.88404444074
365	-11.1769180327
366	-1.66066981246
367	-1.88404444074
368	-12.177634354
369	-1.66066981246
370	-1.60139469762
371	-4.44910321088
372	-1.23042748195
373	-1.22214378305
374	-1.92211296858
375	-1.94490791603
376	-1.22214378305
377	-1.92211296858
378	-1.26521545833
379	-1.22214378305
380	-6.30384633617
381	-1.66066981246
382	-1.19580014657
383	-5.52388760495
384	-8.97280500509
385	-1.22214378305
386	-1.92211296858
387	-1.94490791603
388	-1.22214378305
389	-9.25278414177
390	-8.07086045873
391	-1.22214378305
392	-7.87169123288
393	-1.23042748195
394	-1.19580014657
395	-3.17984024815
396	-1.94490791603
397	-1.60139469762
398	-6.95697050056
399	-6.74339600719
400	-1.19580014657
401	-3.17984024815
402	-1.26521545833
403	-1.22214378305
404	-10.3397969752
405	-6.49192651025
406	-1.22214378305
407	-10.6539979698
408	-1.66066981246
409	-1.22214378305
410	-12.3619999288
411	-1.66066981246
412	-1.88404444074
413	-11.8596943953
414	-1.66066981246
415	-1.19580014657
416	-2.12381161866
417	-1.26521545833
418	-1.19580014657
419	-1.92211296858
420	-1.26521545833
421	-1.22214378305
422	-7.68413367971
423	-1.66066981246
424	-1.88404444074
425	-3.17984024815
426	-1.94490791603
427	-1.22214378305
428	-5.89734419941
429	-1.66066981246
430	-1.19580014657
431	-6.80456849566
432	-1.23042748195
433	-1.60139469762
434	-13.264370654
435	-1.26521545833
436	-1.22214378305
437	-2.85459824244
438	-1.66066981246
439	-1.60139469762
440	-2.12381161866
441	-1.94490791603
442	-1.22214378305
443	-5.98373475255
444	-1.23042748195
445	-7.10135282333
446	-1.92211296858
447	-1.66066981246
448	-1.60139469762
449	-5.0170468025
450	-1.23042748195
451	-1.19580014657
452	-9.89120229009
453	-1.94490791603
454	-1.22214378305
455	-5.98051364711
456	-1.66066981246
457	-1.19580014657
458	-6.30384633617
459	-1.66066981246
460	-1.19580014657
461	-16.7068822784
462	-1.26521545833
463	-1.60139469762
464	-1.92211296858
465	-1.23042748195
466	-1.60139469762
467	-4.86373307547
468	-1.94490791603
469	-9.39500511183
470	-2.12381161866
471	-14.6241320969
472	-1.60139469762
473	-9.89827261682
474	-1.26521545833
475	-1.22214378305
476	-14.5283274719
477	-1.26521545833
478	-1.22214378305
479	-10.2377340259
480	-1.94490791603
481	-1.88404444074
482	-5.4604784866
483	-1.23042748195
484	-1.19580014657
485	-8.23904427904
486	-1.23042748195
487	-1.22214378305
488	-2.85459824244
