#Site	lnL	
0	-1.26047702248
1	-1.4588263582
2	-6.83990894835
3	-1.51423288355
4	-1.39140569614
5	-1.49472567646
6	-1.86206952714
7	-1.2153975405
8	-12.2241895228
9	-1.26047702248
10	-1.2153975405
11	-7.71222820657
12	-1.42597717497
13	-1.2153975405
14	-1.49472567646
15	-1.26047702248
16	-1.4588263582
17	-8.95937580712
18	-1.26047702248
19	-1.81367145512
20	-1.84502527402
21	-1.51423288355
22	-1.2153975405
23	-6.45915587622
24	-1.86206952714
25	-1.2153975405
26	-21.7628232039
27	-7.05434520276
28	-1.2153975405
29	-13.0256339794
30	-1.26047702248
31	-1.81367145512
32	-6.28999017305
33	-1.42597717497
34	-1.2153975405
35	-11.8163644195
36	-1.42597717497
37	-7.00041637324
38	-1.84502527402
39	-1.42597717497
40	-1.39140569614
41	-6.6538551086
42	-1.51423288355
43	-6.30370103656
44	-1.84502527402
45	-1.86206952714
46	-1.4588263582
47	-6.45354157005
48	-1.42597717497
49	-1.2153975405
50	-6.45354157005
51	-1.42597717497
52	-1.81367145512
53	-5.92486305369
54	-1.86206952714
55	-7.72822449018
56	-6.98762254663
57	-1.26047702248
58	-6.84879380866
59	-1.24460854358
60	-1.42597717497
61	-1.81367145512
62	-11.9735073073
63	-1.26047702248
64	-1.4588263582
65	-5.92486305369
66	-1.51423288355
67	-1.2153975405
68	-7.08091936126
69	-1.42597717497
70	-1.4588263582
71	-20.6240004263
72	-1.51423288355
73	-1.81367145512
74	-1.41380474478
75	-1.42597717497
76	-1.39140569614
77	-7.16818775457
78	-1.26047702248
79	-1.4588263582
80	-8.18314934126
81	-1.26047702248
82	-1.81367145512
83	-13.2643946846
84	-1.42597717497
85	-6.29117272477
86	-7.75134017591
87	-1.42597717497
88	-1.4588263582
89	-9.82456466755
90	-1.42597717497
91	-1.2153975405
92	-11.426882813
93	-1.26047702248
94	-1.81367145512
95	-1.49472567646
96	-1.51423288355
97	-1.81367145512
98	-13.1596812531
99	-6.14241696565
100	-7.00041637324
101	-6.30006197545
102	-1.86206952714
103	-1.39140569614
104	-10.5018850283
105	-7.76265779174
106	-1.4588263582
107	-5.92486305369
108	-7.20092785255
109	-1.39140569614
110	-7.17851364187
111	-1.42597717497
112	-1.4588263582
113	-7.88234188374
114	-1.42597717497
115	-1.39140569614
116	-12.8475942031
117	-1.42597717497
118	-1.4588263582
119	-7.19438212524
120	-1.51423288355
121	-1.4588263582
122	-1.49472567646
123	-1.51423288355
124	-1.39140569614
125	-7.17851364187
126	-1.51423288355
127	-1.39140569614
128	-1.84502527402
129	-6.15427525788
130	-1.81367145512
131	-1.41380474478
132	-1.86206952714
133	-1.2153975405
134	-11.5134140528
135	-1.42597717497
136	-1.4588263582
137	-8.84369054989
138	-1.51423288355
139	-1.2153975405
140	-7.34861306677
141	-1.42597717497
142	-1.81367145512
143	-6.48405693331
144	-7.59785931981
145	-1.39140569614
146	-11.5234868784
147	-1.26047702248
148	-1.2153975405
149	-11.4774462752
150	-1.42597717497
151	-1.2153975405
152	-6.48405693331
153	-7.03086964304
154	-1.81367145512
155	-12.1767610858
156	-1.26047702248
157	-1.2153975405
158	-17.6128703081
159	-1.51423288355
160	-1.81367145512
161	-20.8572309645
162	-1.26047702248
163	-1.2153975405
164	-1.41380474478
165	-8.54810051423
166	-1.2153975405
167	-6.28999017305
168	-1.51423288355
169	-1.39140569614
170	-1.24460854358
171	-1.42597717497
172	-1.2153975405
173	-15.1603984531
174	-1.42597717497
175	-1.39140569614
176	-7.20958698704
177	-1.51423288355
178	-1.2153975405
179	-1.41380474478
180	-1.26047702248
181	-1.39140569614
182	-1.41380474478
183	-1.26047702248
184	-1.4588263582
185	-13.627417053
186	-1.51423288355
187	-1.2153975405
188	-18.6012139333
189	-1.86206952714
190	-1.39140569614
191	-8.80758757024
192	-1.51423288355
193	-1.2153975405
194	-7.16818775457
195	-1.26047702248
196	-1.39140569614
197	-6.63429028465
198	-1.42597717497
199	-1.39140569614
200	-8.84369054989
201	-1.51423288355
202	-1.4588263582
203	-15.4294969539
204	-1.42597717497
205	-1.39140569614
206	-15.9875927325
207	-1.51423288355
208	-1.4588263582
209	-6.83990894835
210	-1.26047702248
211	-6.66265935586
212	-1.24460854358
213	-1.26047702248
214	-6.84879380866
215	-1.24460854358
216	-1.86206952714
217	-1.39140569614
218	-7.20958698704
219	-5.79895857024
220	-1.81367145512
221	-6.45915587622
222	-1.86206952714
223	-1.81367145512
224	-7.60403939942
225	-1.42597717497
226	-1.39140569614
227	-11.1025902677
228	-5.79895857024
229	-1.2153975405
230	-23.5163808089
231	-1.51423288355
232	-1.4588263582
233	-6.63429028465
234	-1.51423288355
235	-1.4588263582
236	-1.41380474478
237	-1.42597717497
238	-1.39140569614
239	-11.9195717388
240	-1.26047702248
241	-1.39140569614
242	-7.71222820657
243	-1.42597717497
244	-1.39140569614
245	-16.3555978061
246	-1.51423288355
247	-1.2153975405
248	-15.4294969539
249	-6.93508631159
250	-7.37816596765
251	-11.1025902677
252	-1.86206952714
253	-1.4588263582
254	-1.24460854358
255	-1.42597717497
256	-1.4588263582
257	-13.7278628936
258	-1.42597717497
259	-1.4588263582
260	-9.74364443233
261	-1.26047702248
262	-1.39140569614
263	-21.3930170888
264	-1.26047702248
265	-1.2153975405
266	-8.21041309413
267	-1.51423288355
268	-1.4588263582
269	-6.82642114595
270	-1.86206952714
271	-1.4588263582
272	-1.41380474478
273	-1.51423288355
274	-1.39140569614
275	-13.2514570455
276	-1.86206952714
277	-1.2153975405
278	-1.24460854358
279	-1.51423288355
280	-1.4588263582
281	-13.8532373814
282	-1.51423288355
283	-1.2153975405
284	-1.24460854358
285	-1.42597717497
286	-1.4588263582
287	-1.41380474478
288	-1.26047702248
289	-1.2153975405
290	-1.24460854358
291	-1.42597717497
292	-1.2153975405
293	-15.6865635582
294	-1.86206952714
295	-1.4588263582
296	-12.8475942031
297	-1.86206952714
298	-1.81367145512
299	-16.0306181363
300	-1.86206952714
301	-1.39140569614
302	-7.77042353173
303	-1.42597717497
304	-1.2153975405
305	-7.78870106144
306	-1.26047702248
307	-1.39140569614
308	-10.5821451221
309	-1.42597717497
310	-1.4588263582
311	-1.24460854358
312	-1.42597717497
313	-1.39140569614
314	-6.6538551086
315	-1.26047702248
316	-1.81367145512
317	-1.49472567646
318	-1.42597717497
319	-1.4588263582
320	-5.94346089771
321	-1.51423288355
322	-1.39140569614
323	-1.24460854358
324	-1.26047702248
325	-1.4588263582
326	-11.7346515301
327	-1.42597717497
328	-1.2153975405
329	-12.5176627596
330	-1.86206952714
331	-1.2153975405
332	-15.6955002778
333	-1.26047702248
334	-1.2153975405
335	-12.548255405
336	-1.42597717497
337	-1.2153975405
338	-7.66969259307
339	-1.42597717497
340	-1.4588263582
341	-1.24460854358
342	-1.51423288355
343	-1.2153975405
344	-1.41380474478
345	-1.86206952714
346	-1.2153975405
347	-5.92486305369
348	-1.26047702248
349	-1.4588263582
350	-1.41380474478
351	-1.26047702248
352	-1.2153975405
353	-5.94346089771
354	-1.26047702248
355	-1.4588263582
356	-9.56366749669
357	-1.86206952714
358	-1.4588263582
359	-12.2337121047
360	-1.86206952714
361	-1.4588263582
362	-11.415804993
363	-1.26047702248
364	-1.4588263582
365	-15.3592144361
366	-1.42597717497
367	-1.39140569614
368	-1.84502527402
369	-1.26047702248
370	-1.39140569614
371	-7.16818775457
372	-1.42597717497
373	-1.2153975405
374	-16.4966587652
375	-6.15427525788
376	-1.39140569614
377	-18.5108693299
378	-1.26047702248
379	-1.4588263582
380	-7.77042353173
381	-1.42597717497
382	-1.4588263582
383	-1.49472567646
384	-6.93508631159
385	-1.81367145512
386	-8.30714508424
387	-1.26047702248
388	-1.39140569614
389	-7.20958698704
390	-1.51423288355
391	-1.2153975405
392	-1.24460854358
393	-1.51423288355
394	-1.2153975405
395	-1.84502527402
396	-6.15427525788
397	-1.2153975405
398	-1.49472567646
399	-1.42597717497
400	-1.81367145512
401	-7.78870106144
402	-1.26047702248
403	-1.2153975405
404	-10.524436512
405	-1.26047702248
406	-1.4588263582
407	-5.94346089771
408	-1.26047702248
409	-1.39140569614
410	-7.01371642599
411	-1.26047702248
412	-1.81367145512
413	-1.41380474478
414	-1.86206952714
415	-1.81367145512
416	-6.45915587622
417	-1.51423288355
418	-1.39140569614
419	-8.30714508424
420	-1.26047702248
421	-1.39140569614
422	-9.09789427111
423	-1.26047702248
424	-1.2153975405
425	-9.1598811149
426	-1.42597717497
427	-6.66265935586
428	-10.2391968399
429	-1.86206952714
430	-1.39140569614
431	-9.38263410715
432	-1.42597717497
433	-1.4588263582
434	-1.49472567646
435	-7.45266819783
436	-1.2153975405
437	-7.60403939942
438	-1.42597717497
439	-1.2153975405
440	-7.88234188374
441	-1.86206952714
442	-1.39140569614
443	-11.2143263172
444	-1.26047702248
445	-1.4588263582
446	-1.84502527402
447	-1.42597717497
448	-1.81367145512
449	-10.5136874454
450	-1.42597717497
451	-1.39140569614
452	-11.4728598588
453	-8.90415626175
454	-1.39140569614
455	-15.4595007537
456	-1.26047702248
457	-1.2153975405
458	-15.6008001773
459	-1.42597717497
460	-1.4588263582
461	-20.0720507837
462	-1.51423288355
463	-1.2153975405
464	-10.3655245169
465	-1.86206952714
466	-1.2153975405
467	-1.49472567646
468	-1.42597717497
469	-1.39140569614
470	-1.41380474478
471	-1.86206952714
472	-1.81367145512
473	-6.28999017305
474	-6.83619546098
475	-1.81367145512
476	-10.7130646161
477	-1.86206952714
478	-1.4588263582
479	-11.3521093983
480	-1.26047702248
481	-1.81367145512
482	-29.2789362096
483	-1.51423288355
484	-1.4588263582
485	-6.28999017305
486	-1.86206952714
487	-1.39140569614
488	-7.34861306677
