# log_p 	 lnL 	 
0.0	-1621.3560844	
-0.287682072452	-1621.30897078	
-0.510825623766	-1621.24587612	
-0.69314718056	-1621.18748651	
-0.847297860387	-1621.14107133	
-0.980829253012	-1621.10764221	
-1.09861228867	-1621.08601325	
-1.20397280433	-1621.07443042	
-1.29928298413	-1621.07114659	
-1.38629436112	-1621.07460519	
-1.46633706879	-1621.08348283	
-1.54044504095	-1621.09668119	
-1.60943791243	-1621.11330151	
-1.67397643357	-1621.13261476	
-1.73460105539	-1621.15403288	
-1.79175946923	-1621.17708307	
-1.8458266905	-1621.20138585	
-1.89711998489	-1621.2266368	
-1.94591014906	-1621.25259159	
-1.99243016469	-1621.27905391	
-2.03688192726	-1621.30586578	
-2.07944154168	-1621.33289982	
-2.1202635362	-1621.36005309	
-2.15948424935	-1621.38724225	
-2.19722457734	-1621.41439964	
-2.23359222151	-1621.44147029	
-2.26868354132	-1621.4684094	
-2.30258509299	-1621.49518047	
-2.33537491582	-1621.52175374	
-2.36712361413	-1621.54810495	
-2.3978952728	-1621.57421438	
-2.42774823595	-1621.60006602	
-2.45673577282	-1621.62564697	
-2.48490664979	-1621.65094689	
-2.51230562398	-1621.67595763	
-2.53897387106	-1621.70067282	
-2.56494935746	-1621.72508763	
-2.59026716545	-1621.74919853	
-2.61495977804	-1621.77300311	
-2.63905732962	-1621.79649989	
-2.66258782703	-1621.8196882	
-2.68557734525	-1621.84256808	
-2.7080502011	-1621.86514015	
-2.73002910782	-1621.88740558	
-2.75153531304	-1621.90936595	
-2.77258872224	-1621.93102325	
-2.79320800944	-1621.95237981	
-2.81341071676	-1621.97343823	
-2.83321334406	-1621.99420137	
-2.85263142991	-1622.01467232	
-2.87167962488	-1622.03485432	
-2.8903717579	-1622.05475078	
-2.90872089656	-1622.07436527	
-2.92673940207	-1622.09370143	
-2.94443897917	-1622.11276302	
-2.96183072188	-1622.13155386	
-2.97892515524	-1622.15007783	
-2.99573227355	-1622.16833888	
-3.01226157551	-1622.18634096	
-3.02852209638	-1622.20408806	
-3.04452243772	-1622.2215842	
-3.06027079469	-1622.23883338	
-3.07577498123	-1622.2558396	
-3.09104245336	-1622.27260688	
-3.10608033072	-1622.28913918	
-3.12089541651	-1622.30544048	
-3.13549421593	-1622.3215147	
-3.14988295338	-1622.33736576	
-3.16406758837	-1622.35299752	
-3.17805383035	-1622.36841382	
-3.19184715248	-1622.38361845	
-3.20545280454	-1622.39861516	
-3.21887582487	-1622.41340765	
-3.23212105162	-1622.42799958	
-3.24519313319	-1622.44239455	
-3.25809653802	-1622.45659612	
-3.2708355638	-1622.47060779	
-3.28341434601	-1622.48443302	
-3.295836866	-1622.49807519	
-3.3081069586	-1622.51153764	
-3.32022831913	-1622.52482367	
-3.33220451018	-1622.53793649	
-3.34403896782	-1622.5508793	
-3.35573500759	-1622.56365519	
-3.36729582999	-1622.57626724	
-3.37872452581	-1622.58871844	
-3.39002408106	-1622.60101176	
-3.40119738166	-1622.61315008	
-3.41224721785	-1622.62513625	
-3.42317628838	-1622.63697304	
-3.43398720449	-1622.6486632	
-3.4446824936	-1622.66020939	
-3.45526460293	-1622.67161424	
-3.4657359028	-1622.68288033	
-3.47609868984	-1622.69401017	
-3.48635519	-1622.70500623	
-3.49650756147	-1622.71587094	
-3.50655789732	-1622.72660665	
-3.51650822817	-1622.7372157	
-3.52636052462	-1622.74770035	
-3.53611669956	-1622.75806282	
-3.54577861047	-1622.7683053	
-3.55534806149	-1622.77842992	
-3.56482680544	-1622.78843876	
-3.57421654579	-1622.79833386	
-3.58351893846	-1622.80811723	
-3.59273559356	-1622.81779083	
-3.60186807712	-1622.82735657	
-3.61091791264	-1622.83681632	
-3.61988658263	-1622.84617192	
-3.62877553004	-1622.85542516	
-3.63758615973	-1622.86457781	
-3.6463198397	-1622.87363158	
-3.65497790244	-1622.88258814	
-3.66356164613	-1622.89144916	
-3.6720723358	-1622.90021624	
-3.68051120444	-1622.90889096	
-3.68887945411	-1622.91747486	
-3.69717825693	-1622.92596945	
-3.70540875607	-1622.9343762	
-3.7135720667	-1622.94269657	
-3.72166927694	-1622.95093196	
-3.72970144863	-1622.95908377	
-3.73766961828	-1622.96715335	
-3.74557479779	-1622.97514202	
-3.75341797525	-1622.98305108	
-3.76120011569	-1622.9908818	
-3.76892216179	-1622.99863544	
-3.77658503453	-1623.00631319	
-3.78418963392	-1623.01391626	
-3.79173683955	-1623.02144582	
-3.79922751128	-1623.028903	
-3.80666248977	-1623.03628892	
-3.81404259707	-1623.04360469	
-3.82136863716	-1623.05085136	
-3.82864139649	-1623.05803	
-3.83586164446	-1623.06514162	
-3.84303013394	-1623.07218724	
-3.85014760171	-1623.07916784	
-3.85721476893	-1623.0860844	
-3.86423234159	-1623.09293784	
-3.87120101091	-1623.09972911	
-3.87812145375	-1623.10645911	
-3.88499433304	-1623.11312874	
-3.89182029811	-1623.11973885	
-3.8985999851	-1623.12629031	
-3.90533401728	-1623.13278396	
-3.91202300543	-1623.13922061	
-3.91866754815	-1623.14560107	
-3.92526823218	-1623.15192613	
-3.93182563272	-1623.15819656	
-3.93834031375	-1623.16441312	
-3.94481282825	-1623.17057656	
-3.95124371858	-1623.17668759	
-3.95763351668	-1623.18274694	
-3.96398274436	-1623.18875531	
-3.97029191355	-1623.19471338	
-3.97656152657	-1623.20062183	
-3.98279207632	-1623.20648132	
-3.98898404656	-1623.21229249	
-3.99513791214	-1623.21805599	
-4.00125413916	-1623.22377244	
-4.00733318523	-1623.22944245	
-4.01337549969	-1623.23506662	
-4.01938152375	-1623.24064555	
-4.02535169074	-1623.24617981	
-4.03128642625	-1623.25166998	
-4.03718614838	-1623.2571166	
-4.04305126783	-1623.26252023	
-4.04888218815	-1623.26788141	
-4.05467930583	-1623.27320066	
-4.06044301055	-1623.27847851	
-4.06617368526	-1623.28371547	
-4.07187170637	-1623.28891203	
-4.07753744391	-1623.29406868	
-4.08317126162	-1623.29918592	
-4.08877351717	-1623.30426422	
-4.09434456222	-1623.30930403	
-4.0998847426	-1623.31430583	
-4.10539439841	-1623.31927006	
-4.11087386417	-1623.32419716	
-4.11632346894	-1623.32908757	
-4.12174353641	-1623.33394172	
-4.12713438505	-1623.33876003	
-4.13249632819	-1623.34354291	
-4.13782967416	-1623.34829076	
-4.14313472639	-1623.353004	
-4.14841178349	-1623.35768301	
-4.15366113938	-1623.36232817	
-4.15888308336	-1623.36693988	
-4.16407790024	-1623.3715185	
-4.1692458704	-1623.37606439	
-4.1743872699	-1623.38057794	
-4.17950237056	-1623.38505948	
-4.18459144007	-1623.38950937	
-4.18965474203	-1623.39392795	
-4.19469253606	-1623.39831557	
-4.19970507788	-1623.40267256	
-4.20469261939	-1623.40699925	
-4.20965540873	-1623.41129596	
-4.21459369037	-1623.41556301	
-4.21950770518	-1623.41980071	
-4.22439769047	-1623.42400938	
-4.22926388012	-1623.42818931	
-4.2341065046	-1623.43234082	
-4.23892579103	-1623.43646418	
-4.2437219633	-1623.44055969	
-4.24849524205	-1623.44462765	
-4.25324584481	-1623.44866833	
-4.257973986	-1623.452682	
-4.26267987704	-1623.45666895	
-4.26736372635	-1623.46062943	
-4.27202573946	-1623.46456373	
-4.27666611902	-1623.4684721	
-4.28128506487	-1623.47235479	
-4.28588277412	-1623.47621206	
-4.29045944115	-1623.48004417	
-4.29501525768	-1623.48385135	
-4.29955041285	-1623.48763386	
-4.3040650932	-1623.49139193	
-4.30855948279	-1623.4951258	
-4.31303376319	-1623.4988357	
-4.31748811354	-1623.50252186	
-4.3219227106	-1623.50618452	
-4.32633772881	-1623.50982388	
-4.33073334029	-1623.51344018	
-4.33510971489	-1623.51703363	
-4.33946702026	-1623.52060445	
-4.34380542185	-1623.52415284	
-4.348125083	-1623.52767902	
-4.3524261649	-1623.53118319	
-4.35670882669	-1623.53466555	
-4.36097322548	-1623.53812632	
-4.36521951636	-1623.54156567	
-4.36944785247	-1623.54498381	
-4.373658385	-1623.54838094	
-4.37785126326	-1623.55175723	
-4.38202663467	-1623.55511289	
-4.38618464482	-1623.55844809	
-4.39032543749	-1623.56176301	
-4.39444915467	-1623.56505784	
-4.39855593663	-1623.56833276	
-4.40264592188	-1623.57158794	
-4.40671924726	-1623.57482355	
-4.41077604796	-1623.57803977	
-4.4148164575	-1623.58123676	
-4.4188406078	-1623.5844147	
-4.42284862919	-1623.58757374	
-4.42684065046	-1623.59071406	
-4.43081679884	-1623.5938358	
-4.43477720006	-1623.59693913	
-4.43872197835	-1623.60002421	
-4.44265125649	-1623.60309119	
-4.44656515581	-1623.60614023	
-4.45046379623	-1623.60917147	
-4.45434729625	-1623.61218507	
-4.45821577303	-1623.61518117	
-4.46206934235	-1623.61815992	
-4.46590811865	-1623.62112147	
-4.46973221509	-1623.62406594	
-4.47354174351	-1623.6269935	
-4.47733681448	-1623.62990427	
-4.48111753732	-1623.63279839	
-4.48488402011	-1623.635676	
-4.48863636973	-1623.63853724	
-4.49237469184	-1623.64138222	
-4.49609909093	-1623.6442111	
-4.49980967033	-1623.64702399	
-4.50350653221	-1623.64982102	
-4.50718977763	-1623.65260233	
-4.51085950652	-1623.65536803	
-4.51451581772	-1623.65811825	
-4.518158809	-1623.66085311	
-4.52178857705	-1623.66357274	
-4.52540521752	-1623.66627725	
-4.52900882502	-1623.66896676	
-4.53259949315	-1623.67164138	
-4.5361773145	-1623.67430124	
-4.53974238067	-1623.67694645	
-4.54329478227	-1623.67957712	
-4.54683460898	-1623.68219336	
-4.55036194949	-1623.68479529	
-4.5538768916	-1623.68738301	
-4.55737952215	-1623.68995663	
-4.56086992709	-1623.69251626	
-4.56434819147	-1623.695062	
-4.56781439944	-1623.69759396	
-4.57126863431	-1623.70011225	
-4.5747109785	-1623.70261696	
-4.5781415136	-1623.70510819	
-4.58156032035	-1623.70758606	
-4.58496747867	-1623.71005065	
-4.58836306767	-1623.71250206	
-4.59174716566	-1623.7149404	
-4.59511985013	-1623.71736576	
-4.59848119784	-1623.71977823	
-4.60183128472	-1623.72217791	
-4.60517018599	-1623.72456488	
-4.60849797608	-1623.72693926	
-4.61181472871	-1623.72930112	
-4.61512051684	-1623.73165055	
-4.61841541274	-1623.73398765	
-4.62169948794	-1623.7363125	
-4.62497281328	-1623.7386252	
-4.62823545892	-1623.74092582	
-4.63148749431	-1623.74321446	
-4.63472898823	-1623.74549119	
-4.63796000881	-1623.74775611	
-4.64118062351	-1623.7500093	
-4.64439089914	-1623.75225084	
-4.64759090187	-1623.75448081	
-4.65078069724	-1623.75669929	
-4.65396035016	-1623.75890637	
-4.65712992492	-1623.76110211	
-4.66028948521	-1623.76328661	
-4.66343909411	-1623.76545994	
-4.66657881412	-1623.76762217	
-4.66970870713	-1623.76977338	
-4.67282883446	-1623.77191366	
-4.67593925688	-1623.77404306	
-4.67904003455	-1623.77616167	
-4.68213122712	-1623.77826957	
-4.68521289366	-1623.78036681	
-4.6882850927	-1623.78245348	
-4.69134788223	-1623.78452965	
-4.69440131972	-1623.78659539	
-4.6974454621	-1623.78865076	
-4.70048036579	-1623.79069584	
-4.70350608671	-1623.7927307	
-4.70652268025	-1623.7947554	
-4.70953020131	-1623.79677001	
-4.71252870431	-1623.7987746	
-4.71551824316	-1623.80076924	
-4.7184988713	-1623.80275399	
-4.72147064168	-1623.80472891	
-4.72443360681	-1623.80669407	
-4.72738781871	-1623.80864954	
-4.73033332894	-1623.81059537	
-4.73327018862	-1623.81253164	
-4.73619844839	-1623.81445839	
-4.7391181585	-1623.8163757	
-4.74202936871	-1623.81828363	
-4.74493212836	-1623.82018223	
-4.74782648639	-1623.82207157	
-4.75071249128	-1623.8239517	
-4.75359019111	-1623.82582268	
-4.75645963353	-1623.82768458	
-4.75932086582	-1623.82953745	
-4.7621739348	-1623.83138134	
-4.76501888693	-1623.83321633	
-4.76785576827	-1623.83504245	
-4.77068462447	-1623.83685977	
-4.77350550081	-1623.83866834	
-4.77631844218	-1623.84046821	
-4.77912349311	-1623.84225946	
-4.78192069773	-1623.84404211	
-4.78471009982	-1623.84581624	
-4.78749174278	-1623.84758188	
-4.79026566966	-1623.84933911	
-4.79303192316	-1623.85108796	
-4.7957905456	-1623.85282849	
-4.79854157897	-1623.85456075	
-4.80128506491	-1623.85628479	
-4.80402104473	-1623.85800066	
-4.80674955939	-1623.85970842	
-4.8094706495	-1623.8614081	
-4.81218435537	-1623.86309977	
-4.81489071697	-1623.86478347	
-4.81758977394	-1623.86645924	
-4.82028156561	-1623.86812714	
-4.82296613098	-1623.86978722	
-4.82564350875	-1623.87143951	
-4.8283137373	-1623.87308408	
-4.83097685472	-1623.87472095	
-4.83363289878	-1623.87635019	
-4.83628190695	-1623.87797183	
-4.83892391641	-1623.87958592	
-4.84155896405	-1623.88119251	
-4.84418708646	-1623.88279164	
-4.84680831994	-1623.88438336	
-4.84942270051	-1623.8859677	
-4.85203026392	-1623.88754472	
-4.85463104562	-1623.88911445	
-4.8572250808	-1623.89067694	
-4.85981240436	-1623.89223223	
-4.86239305096	-1623.89378037	
-4.86496705495	-1623.89532139	
-4.86753445046	-1623.89685534	
-4.87009527132	-1623.89838225	
-4.87264955112	-1623.89990217	
-4.8751973232	-1623.90141514	
-4.87773862063	-1623.9029212	
-4.88027347623	-1623.90442039	
-4.88280192259	-1623.90591275	
-4.88532399202	-1623.90739832	
-4.88783971662	-1623.90887714	
-4.89034912822	-1623.91034924	
-4.89285225844	-1623.91181466	
-4.89534913864	-1623.91327345	
-4.89783979995	-1623.91472564	
-4.90032427328	-1623.91617126	
-4.90280258929	-1623.91761036	
-4.90527477844	-1623.91904298	
-4.90774087093	-1623.92046914	
-4.91020089677	-1623.92188889	
-4.91265488574	-1623.92330225	
-4.91510286737	-1623.92470928	
-4.91754487103	-1623.92611	
-4.91998092583	-1623.92750445	
-4.92241106068	-1623.92889266	
-4.92483530429	-1623.93027466	
-4.92725368516	-1623.93165051	
-4.92966623156	-1623.93302021	
-4.93207297159	-1623.93438382	
-4.93447393313	-1623.93574137	
-4.93686914386	-1623.93709288	
-4.93925863125	-1623.93843839	
-4.94164242261	-1623.93977794	
-4.94402054501	-1623.94111156	
-4.94639302537	-1623.94243928	
-4.94875989038	-1623.94376113	
-4.95112116656	-1623.94507714	
-4.95347688026	-1623.94638736	
-4.9558270576	-1623.9476918	
-4.95817172456	-1623.9489905	
-4.96051090691	-1623.95028349	
-4.96284463026	-1623.9515708	
-4.96517292002	-1623.95285247	
-4.96749580144	-1623.95412852	
-4.96981329958	-1623.95539898	
-4.97212543933	-1623.95666389	
-4.97443224543	-1623.95792327	
-4.97673374242	-1623.95917715	
-4.97902995468	-1623.96042557	
-4.98132090643	-1623.96166855	
-4.98360662171	-1623.96290612	
-4.98588712441	-1623.96413831	
-4.98816243824	-1623.96536515	
-4.99043258678	-1623.96658667	
-4.99269759341	-1623.96780289	
-4.99495748138	-1623.96901385	
-4.99721227376	-1623.97021957	
-4.9994619935	-1623.97142008	
-5.00170666335	-1623.9726154	
-5.00394630595	-1623.97380557	
-5.00618094375	-1623.97499061	
-5.00841059907	-1623.97617055	
-5.0106352941	-1623.97734542	
-5.01285505083	-1623.97851523	
-5.01506989116	-1623.97968003	
-5.01727983681	-1623.98083983	
-5.01948490937	-1623.98199466	
-5.02168513028	-1623.98314454	
-5.02388052085	-1623.98428951	
-5.02607110223	-1623.98542958	
-5.02825689545	-1623.98656479	
-5.03043792139	-1623.98769516	
-5.03261420082	-1623.98882071	
-5.03478575433	-1623.98994146	
-5.03695260241	-1623.99105745	
-5.03911476542	-1623.9921687	
-5.04127226356	-1623.99327523	
-5.04342511692	-1623.99437706	
-5.04557334546	-1623.99547423	
-5.047716969	-1623.99656674	
-5.04985600725	-1623.99765464	
-5.05199047978	-1623.99873794	
-5.05412040604	-1623.99981666	
-5.05624580535	-1624.00089082	
-5.05836669692	-1624.00196046	
-5.06048309982	-1624.0030256	
-5.06259503303	-1624.00408625	
-5.06470251537	-1624.00514244	
-5.06680556556	-1624.00619419	
-5.06890420222	-1624.00724152	
-5.07099844382	-1624.00828446	
-5.07308830874	-1624.00932303	
-5.07517381523	-1624.01035726	
-5.07725498144	-1624.01138715	
-5.07933182538	-1624.01241274	
-5.08140436498	-1624.01343404	
-5.08347261805	-1624.01445108	
-5.08553660227	-1624.01546388	
-5.08759633523	-1624.01647246	
-5.08965183441	-1624.01747683	
-5.09170311719	-1624.01847703	
-5.09375020081	-1624.01947307	
-5.09579310244	-1624.02046498	
-5.09783183913	-1624.02145277	
-5.09986642782	-1624.02243646	
-5.10189688537	-1624.02341607	
-5.10392322852	-1624.02439163	
-5.1059454739	-1624.02536315	
-5.10796363806	-1624.02633066	
-5.10997773743	-1624.02729417	
-5.11198778836	-1624.0282537	
-5.11399380708	-1624.02920927	
-5.11599580975	-1624.03016091	
-5.11799381242	-1624.03110862	
-5.11998783102	-1624.03205244	
-5.12197788143	-1624.03299238	
-5.1239639794	-1624.03392845	
-5.12594614061	-1624.03486068	
-5.12792438062	-1624.03578909	
-5.12989871492	-1624.03671369	
-5.13186915891	-1624.0376345	
-5.13383572788	-1624.03855155	
-5.13579843705	-1624.03946484	
-5.13775730154	-1624.0403744	
-5.13971233637	-1624.04128024	
-5.1416635565	-1624.04218239	
-5.14361097679	-1624.04308086	
-5.145554612	-1624.04397567	
-5.14749447681	-1624.04486683	
-5.14943058584	-1624.04575437	
-5.15136295359	-1624.0466383	
-5.1532915945	-1624.04751863	
-5.15521652291	-1624.04839539	
-5.15713775309	-1624.0492686	
-5.15905529921	-1624.05013826	
-5.1609691754	-1624.0510044	
-5.16287939565	-1624.05186703	
-5.16478597392	-1624.05272617	
-5.16668892407	-1624.05358184	
-5.16858825987	-1624.05443404	
-5.17048399504	-1624.05528281	
-5.17237614319	-1624.05612816	
-5.17426471788	-1624.05697009	
-5.17614973257	-1624.05780863	
-5.17803120067	-1624.0586438	
-5.1799091355	-1624.0594756	
-5.18178355029	-1624.06030406	
-5.18365445823	-1624.06112919	
-5.1855218724	-1624.06195101	
-5.18738580584	-1624.06276952	
-5.18924627149	-1624.06358476	
-5.19110328224	-1624.06439673	
-5.19295685089	-1624.06520544	
-5.19480699018	-1624.06601092	
-5.19665371277	-1624.06681318	
-5.19849703127	-1624.06761223	
-5.20033695819	-1624.06840809	
-5.202173506	-1624.06920077	
-5.20400668708	-1624.06999028	
-5.20583651375	-1624.07077665	
-5.20766299828	-1624.07155989	
-5.20948615284	-1624.07234001	
-5.21130598956	-1624.07311702	
-5.21312252048	-1624.07389095	
-5.21493575761	-1624.0746618	
-5.21674571285	-1624.07542958	
-5.21855239808	-1624.07619432	
-5.22035582508	-1624.07695603	
-5.22215600558	-1624.07771471	
-5.22395295126	-1624.07847039	
-5.22574667371	-1624.07922308	
-5.22753718449	-1624.07997279	
-5.22932449506	-1624.08071953	
-5.23110861685	-1624.08146332	
-5.23288956123	-1624.08220418	
-5.23466733947	-1624.08294211	
-5.23644196283	-1624.08367713	
-5.23821344248	-1624.08440925	
-5.23998178954	-1624.08513849	
-5.24174701506	-1624.08586486	
-5.24350913005	-1624.08658837	
-5.24526814546	-1624.08730903	
-5.24702407216	-1624.08802686	
-5.24877692099	-1624.08874187	
-5.25052670271	-1624.08945407	
-5.25227342805	-1624.09016348	
-5.25401710765	-1624.0908701	
-5.25575775213	-1624.09157396	
-5.25749537203	-1624.09227506	
-5.25922997784	-1624.09297341	
-5.26096158	-1624.09366904	
-5.2626901889	-1624.09436194	
-5.26441581487	-1624.09505213	
-5.26613846818	-1624.09573963	
-5.26785815906	-1624.09642445	
-5.26957489768	-1624.09710659	
-5.27128869416	-1624.09778608	
-5.27299955856	-1624.09846291	
-5.27470750091	-1624.09913711	
-5.27641253116	-1624.09980869	
-5.27811465923	-1624.10047766	
-5.27981389498	-1624.10114402	
-5.28151024823	-1624.10180779	
-5.28320372874	-1624.10246899	
-5.28489434622	-1624.10312762	
-5.28658211033	-1624.10378369	
-5.28826703069	-1624.10443722	
-5.28994911688	-1624.10508822	
-5.2916283784	-1624.10573669	
-5.29330482472	-1624.10638266	
-5.29497846528	-1624.10702612	
-5.29664930945	-1624.1076671	
-5.29831736655	-1624.1083056	
-5.29998264587	-1624.10894164	
-5.30164515664	-1624.10957521	
-5.30330490806	-1624.11020635	
-5.30496190927	-1624.11083505	
-5.30661616936	-1624.11146132	
-5.3082676974	-1624.11208519	
-5.30991650239	-1624.11270665	
-5.3115625933	-1624.11332572	
-5.31320597904	-1624.1139424	
-5.3148466685	-1624.11455672	
-5.3164846705	-1624.11516868	
-5.31811999384	-1624.11577828	
-5.31975264727	-1624.11638555	
-5.32138263948	-1624.11699048	
-5.32300997914	-1624.1175931	
-5.32463467487	-1624.1181934	
-5.32625673524	-1624.11879141	
-5.32787616879	-1624.11938713	
-5.32949298402	-1624.11998056	
-5.33110718937	-1624.12057173	
-5.33271879327	-1624.12116064	
-5.33432780407	-1624.12174729	
-5.33593423012	-1624.12233171	
-5.3375380797	-1624.12291389	
-5.33913936107	-1624.12349385	
-5.34073808243	-1624.1240716	
-5.34233425196	-1624.12464715	
-5.3439278778	-1624.1252205	
-5.34551896803	-1624.12579167	
-5.34710753072	-1624.12636067	
-5.34869357387	-1624.1269275	
-5.35027710548	-1624.12749218	
-5.35185813348	-1624.12805471	
-5.35343666577	-1624.1286151	
-5.35501271022	-1624.12917336	
-5.35658627467	-1624.12972951	
-5.3581573669	-1624.13028354	
-5.35972599468	-1624.13083548	
-5.36129216571	-1624.13138532	
-5.36285588769	-1624.13193307	
-5.36441716825	-1624.13247876	
-5.36597601502	-1624.13302238	
-5.36753243557	-1624.13356394	
-5.36908643744	-1624.13410345	
-5.37063802813	-1624.13464093	
-5.37218721511	-1624.13517637	
-5.37373400583	-1624.13570979	
-5.37527840768	-1624.1362412	
-5.37682042804	-1624.1367706	
-5.37836007422	-1624.13729801	
-5.37989735354	-1624.13782342	
-5.38143227326	-1624.13834686	
-5.38296484061	-1624.13886833	
-5.38449506279	-1624.13938783	
-5.38602294697	-1624.13990538	
-5.38754850028	-1624.14042098	
-5.38907172982	-1624.14093464	
-5.39059264266	-1624.14144637	
-5.39211124583	-1624.14195618	
-5.39362754635	-1624.14246407	
-5.39514155118	-1624.14297006	
-5.39665326727	-1624.14347415	
-5.39816270152	-1624.14397635	
-5.39966986081	-1624.14447667	
-5.40117475199	-1624.14497511	
-5.40267738187	-1624.14547169	
-5.40417775725	-1624.1459664	
-5.40567588487	-1624.14645927	
-5.40717177146	-1624.14695029	
-5.40866542372	-1624.14743947	
-5.4101568483	-1624.14792683	
-5.41164605186	-1624.14841237	
-5.41313304098	-1624.14889609	
-5.41461782224	-1624.149378	
-5.4161004022	-1624.14985812	
-5.41758078737	-1624.15033645	
-5.41905898424	-1624.15081299	
-5.42053499927	-1624.15128776	
-5.42200883889	-1624.15176076	
-5.4234805095	-1624.152232	
-5.42495001748	-1624.15270148	
-5.42641736918	-1624.15316922	
-5.4278825709	-1624.15363522	
-5.42934562895	-1624.15409948	
-5.43080654959	-1624.15456202	
-5.43226533906	-1624.15502284	
-5.43372200355	-1624.15548195	
-5.43517654927	-1624.15593935	
-5.43662898235	-1624.15639506	
-5.43807930892	-1624.15684908	
-5.4395275351	-1624.15730141	
-5.44097366695	-1624.15775206	
-5.44241771052	-1624.15820105	
-5.44385967184	-1624.15864838	
-5.4452995569	-1624.15909404	
-5.44673737167	-1624.15953806	
-5.44817312209	-1624.15998044	
-5.44960681409	-1624.16042118	
-5.45103845357	-1624.16086029	
-5.45246804638	-1624.16129777	
-5.45389559837	-1624.16173364	
-5.45532111536	-1624.16216791	
-5.45674460314	-1624.16260057	
-5.45816606749	-1624.16303163	
-5.45958551414	-1624.1634611	
-5.46100294883	-1624.16388899	
-5.46241837723	-1624.1643153	
-5.46383180503	-1624.16474004	
-5.46524323786	-1624.16516322	
-5.46665268137	-1624.16558483	
-5.46806014114	-1624.1660049	
-5.46946562274	-1624.16642342	
-5.47086913175	-1624.1668404	
-5.47227067367	-1624.16725585	
-5.47367025403	-1624.16766977	
-5.47506787829	-1624.16808217	
-5.47646355193	-1624.16849305	
-5.47785728038	-1624.16890243	
-5.47924906905	-1624.16931031	
-5.48063892334	-1624.16971668	
-5.48202684862	-1624.17012157	
-5.48341285022	-1624.17052497	
-5.48479693349	-1624.17092689	
-5.48617910372	-1624.17132735	
-5.48755936619	-1624.17172633	
-5.48893772616	-1624.17212385	
-5.49031418887	-1624.17251992	
-5.49168875953	-1624.17291454	
-5.49306144334	-1624.17330771	
-5.49443224547	-1624.17369945	
-5.49580117108	-1624.17408975	
-5.49716822529	-1624.17447863	
-5.49853341322	-1624.17486609	
-5.49989673995	-1624.17525213	
-5.50125821054	-1624.17563676	
-5.50261783006	-1624.17601999	
-5.50397560352	-1624.17640182	
-5.50533153593	-1624.17678226	
-5.50668563228	-1624.17716131	
-5.50803789753	-1624.17753898	
-5.50938833663	-1624.17791528	
-5.5107369545	-1624.1782902	
-5.51208375605	-1624.17866375	
-5.51342874616	-1624.17903595	
-5.51477192971	-1624.17940679	
-5.51611331154	-1624.17977629	
-5.51745289646	-1624.18014443	
-5.51879068931	-1624.18051124	
-5.52012669485	-1624.18087672	
-5.52146091786	-1624.18124087	
-5.5227933631	-1624.18160369	
-5.52412403528	-1624.1819652	
-5.52545293913	-1624.1823254	
-5.52678007934	-1624.18268428	
-5.52810546058	-1624.18304187	
-5.52942908751	-1624.18339816	
-5.53075096477	-1624.18375315	
-5.53207109697	-1624.18410686	
-5.53338948873	-1624.18445929	
-5.53470614461	-1624.18481044	
-5.53602106919	-1624.18516032	
-5.53733426702	-1624.18550893	
-5.53864574262	-1624.18585628	
-5.5399555005	-1624.18620237	
-5.54126354516	-1624.18654721	
-5.54256988107	-1624.1868908	
-5.5438745127	-1624.18723315	
-5.54517744448	-1624.18757426	
-5.54647868084	-1624.18791414	
-5.54777822618	-1624.18825279	
-5.5490760849	-1624.18859022	
-5.55037226136	-1624.18892643	
-5.55166675992	-1624.18926142	
-5.55295958492	-1624.18959521	
-5.55425074069	-1624.18992779	
-5.55554023152	-1624.19025917	
-5.5568280617	-1624.19058935	
-5.55811423551	-1624.19091835	
-5.5593987572	-1624.19124616	
-5.56068163102	-1624.19157279	
-5.56196286117	-1624.19189824	
-5.56324245188	-1624.19222252	
-5.56452040732	-1624.19254563	
-5.56579673168	-1624.19286758	
-5.56707142911	-1624.19318837	
-5.56834450376	-1624.193508	
-5.56961595975	-1624.19382649	
-5.57088580119	-1624.19414383	
-5.57215403218	-1624.19446003	
-5.57342065679	-1624.19477509	
-5.5746856791	-1624.19508902	
-5.57594910315	-1624.19540182	
-5.57721093297	-1624.1957135	
-5.57847117258	-1624.19602406	
-5.57972982599	-1624.19633351	
-5.58098689718	-1624.19664184	
-5.58224239012	-1624.19694907	
-5.58349630878	-1624.19725519	
-5.5847486571	-1624.19756022	
-5.585999439	-1624.19786415	
-5.5872486584	-1624.19816699	
-5.5884963192	-1624.19846875	
-5.58974242528	-1624.19876943	
-5.59098698051	-1624.19906903	
-5.59222998875	-1624.19936755	
-5.59347145384	-1624.19966501	
-5.5947113796	-1624.1999614	
-5.59594976985	-1624.20025673	
-5.59718662839	-1624.200551	
-5.598421959	-1624.20084423	
-5.59965576545	-1624.2011364	
-5.60088805149	-1624.20142752	
-5.60211882088	-1624.20171761	
-5.60334807733	-1624.20200666	
-5.60457582457	-1624.20229467	
-5.6058020663	-1624.20258166	
-5.60702680619	-1624.20286762	
-5.60825004793	-1624.20315256	
-5.60947179518	-1624.20343648	
-5.61069205159	-1624.20371939	
-5.61191082078	-1624.20400129	
-5.61312810639	-1624.20428218	
-5.61434391201	-1624.20456207	
-5.61555824124	-1624.20484096	
-5.61677109767	-1624.20511886	
-5.61798248485	-1624.20539577	
-5.61919240636	-1624.20567168	
-5.62040086572	-1624.20594662	
-5.62160786647	-1624.20622057	
-5.62281341212	-1624.20649355	
-5.62401750619	-1624.20676556	
-5.62522015215	-1624.20703659	
-5.6264213535	-1624.20730667	
-5.62762111369	-1624.20757578	
-5.62881943618	-1624.20784393	
-5.63001632442	-1624.20811112	
-5.63121178182	-1624.20837737	
-5.63240581181	-1624.20864267	
-5.6335984178	-1624.20890703	
-5.63478960317	-1624.20917044	
-5.6359793713	-1624.20943292	
-5.63716772557	-1624.20969446	
-5.63835466933	-1624.20995508	
-5.63954020593	-1624.21021477	
-5.64072433869	-1624.21047353	
-5.64190707094	-1624.21073138	
-5.64308840598	-1624.21098831	
-5.64426834712	-1624.21124433	
-5.64544689764	-1624.21149943	
-5.64662406082	-1624.21175364	
-5.64779983991	-1624.21200694	
-5.64897423816	-1624.21225934	
-5.65014725882	-1624.21251084	
-5.65131890512	-1624.21276146	
-5.65248918027	-1624.21301118	
-5.65365808747	-1624.21326002	
-5.65482562993	-1624.21350797	
-5.65599181082	-1624.21375505	
-5.65715663332	-1624.21400125	
-5.65832010058	-1624.21424657	
-5.65948221576	-1624.21449103	
-5.660642982	-1624.21473462	
-5.66180240242	-1624.21497735	
-5.66296048014	-1624.21521921	
-5.66411721826	-1624.21546022	
-5.66527261989	-1624.21570038	
-5.66642668811	-1624.21593968	
-5.66757942599	-1624.21617814	
-5.6687308366	-1624.21641576	
-5.66988092298	-1624.21665253	
-5.67102968818	-1624.21688846	
-5.67217713524	-1624.21712356	
-5.67332326717	-1624.21735783	
-5.67446808699	-1624.21759127	
-5.67561159769	-1624.21782388	
-5.67675380227	-1624.21805567	
-5.6778947037	-1624.21828664	
-5.67903430497	-1624.21851679	
-5.68017260902	-1624.21874613	
-5.6813096188	-1624.21897466	
-5.68244533727	-1624.21920238	
-5.68357976734	-1624.2194293	
-5.68471291194	-1624.21965541	
-5.68584477397	-1624.21988072	
-5.68697535634	-1624.22010524	
-5.68810466194	-1624.22032896	
-5.68923269364	-1624.2205519	
-5.69035945432	-1624.22077404	
-5.69148494685	-1624.22099541	
-5.69260917406	-1624.22121599	
-5.6937321388	-1624.22143579	
-5.69485384391	-1624.22165481	
-5.69597429221	-1624.22187306	
-5.69709348651	-1624.22209054	
-5.69821142961	-1624.22230726	
-5.69932812431	-1624.22252321	
-5.70044357339	-1624.22273839	
-5.70155777963	-1624.22295282	
-5.7026707458	-1624.22316649	
-5.70378247466	-1624.2233794	
-5.70489296894	-1624.22359157	
-5.70600223139	-1624.22380299	
-5.70711026475	-1624.22401366	
-5.70821707172	-1624.22422358	
-5.70932265503	-1624.22443277	
-5.71042701737	-1624.22464122	
-5.71153016145	-1624.22484894	
-5.71263208993	-1624.22505592	
-5.71373280551	-1624.22526217	
-5.71483231084	-1624.22546769	
-5.71593060859	-1624.2256725	
-5.71702770141	-1624.22587657	
-5.71812359193	-1624.22607993	
-5.71921828279	-1624.22628258	
-5.72031177661	-1624.2264845	
-5.72140407601	-1624.22668572	
-5.72249518359	-1624.22688623	
-5.72358510195	-1624.22708603	
-5.72467383369	-1624.22728513	
-5.72576138137	-1624.22748352	
-5.72684774759	-1624.22768122	
-5.72793293489	-1624.22787822	
-5.72901694583	-1624.22807453	
-5.73009978297	-1624.22827014	
-5.73118144884	-1624.22846507	
-5.73226194598	-1624.22865931	
-5.7333412769	-1624.22885287	
-5.73441944412	-1624.22904574	
-5.73549645015	-1624.22923794	
-5.73657229748	-1624.22942945	
-5.73764698861	-1624.2296203	
-5.73872052602	-1624.22981047	
-5.73979291218	-1624.22999997	
-5.74086414956	-1624.23018881	
-5.74193424062	-1624.23037698	
-5.74300318781	-1624.23056449	
-5.74407099357	-1624.23075134	
-5.74513766034	-1624.23093753	
-5.74620319054	-1624.23112306	
-5.7472675866	-1624.23130794	
-5.74833085092	-1624.23149218	
-5.74939298591	-1624.23167576	
-5.75045399397	-1624.23185869	
-5.75151387748	-1624.23204099	
-5.75257263883	-1624.23222264	
-5.75363028038	-1624.23240365	
-5.75468680452	-1624.23258403	
-5.75574221359	-1624.23276377	
-5.75679650994	-1624.23294288	
-5.75784969593	-1624.23312135	
-5.75890177388	-1624.2332992	
-5.75995274612	-1624.23347643	
-5.76100261499	-1624.23365303	
-5.76205138278	-1624.233829	
-5.76309905181	-1624.23400436	
-5.76414562438	-1624.23417911	
-5.76519110278	-1624.23435323	
-5.7662354893	-1624.23452675	
-5.76727878622	-1624.23469965	
-5.76832099579	-1624.23487195	
-5.7693621203	-1624.23504364	
-5.770402162	-1624.23521472	
-5.77144112313	-1624.23538521	
-5.77247900594	-1624.23555509	
-5.77351581267	-1624.23572438	
-5.77455154554	-1624.23589307	
-5.77558620679	-1624.23606116	
-5.77661979861	-1624.23622867	
-5.77765232322	-1624.23639558	
-5.77868378283	-1624.23656191	
-5.77971417962	-1624.23672766	
-5.78074351579	-1624.23689282	
-5.78177179352	-1624.23705739	
-5.78279901497	-1624.23722139	
-5.78382518233	-1624.23738481	
-5.78485029774	-1624.23754766	
-5.78587436337	-1624.23770994	
-5.78689738137	-1624.23787164	
-5.78791935386	-1624.23803277	
-5.788940283	-1624.23819334	
-5.7899601709	-1624.23835334	
-5.79097901969	-1624.23851278	
-5.79199683148	-1624.23867165	
-5.79301360838	-1624.23882997	
-5.7940293525	-1624.23898773	
-5.79504406593	-1624.23914493	
-5.79605775077	-1624.23930158	
-5.79707040908	-1624.23945768	
-5.79808204295	-1624.23961323	
-5.79909265446	-1624.23976823	
-5.80010224566	-1624.23992269	
-5.80111081862	-1624.2400766	
-5.80211837538	-1624.24022997	
-5.80312491799	-1624.2403828	
-5.80413044849	-1624.24053509	
-5.80513496892	-1624.24068685	
-5.80613848129	-1624.24083807	
-5.80714098764	-1624.24098876	
-5.80814248998	-1624.24113891	
-5.80914299031	-1624.24128854	
