-8.123295382566361189e-01
-5.563952847417457104e-01
-9.680769375954256795e-01
2.755560869390484502e+00
-2.461534987788384088e-01
2.613072407620212090e+00
2.613072407620211646e+00
-5.627241661988993116e+00
-4.452135622915798230e+00
-4.305987030891456513e+00
-4.676654870078617243e+00
-6.824214290513371139e+00
-6.886916943330182228e+00
-6.117333926772703379e+00
-5.210527965897791880e+00
-7.522911172247131795e+00
-5.915280623165115159e+00
-5.697772649866331918e+00
-6.736041985411084454e+00
-9.824610816474368402e-01
