-7.768413558969939903e-01
-4.464860542552324674e-01
-8.860870052354349324e-01
2.826857262532612491e+00
-3.882408984095775395e-01
2.921068006875731982e+00
2.921068006875732426e+00
-5.464487996223680533e+00
-5.054128593519464197e+00
-4.718287378488074779e+00
-5.211218341910058172e+00
-1.927284245161525789e+01
-6.659607913777787047e+00
-6.735486389212935521e+00
-5.721045804226340792e+00
-7.403792821057314733e+00
-4.920536872366825243e+00
-6.029821553417926694e+00
-7.003771477978602000e+00
-5.859471904781796248e+00
