# log_p 	 lnL 	 
0.0	-1728.12908253	
-0.287682072452	-1728.0967869	
-0.510825623766	-1728.07131623	
-0.69314718056	-1728.04800996	
-0.847297860387	-1728.025732	
-0.980829253012	-1728.00410389	
-1.09861228867	-1727.98289729	
-1.20397280433	-1727.96196205	
-1.29928298413	-1727.94121308	
-1.38629436112	-1727.92060898	
-1.46633706879	-1727.90012995	
-1.54044504095	-1727.87976316	
-1.60943791243	-1727.85949657	
-1.67397643357	-1727.8393186	
-1.73460105539	-1727.81922073	
-1.79175946923	-1727.79920047	
-1.8458266905	-1727.77926359	
-1.89711998489	-1727.75942496	
-1.94591014906	-1727.73970823	
-1.99243016469	-1727.72014443	
-2.03688192726	-1727.70077016	
-2.07944154168	-1727.6816254	
-2.1202635362	-1727.66275153	
-2.15948424935	-1727.64418948	
-2.19722457734	-1727.62597823	
-2.23359222151	-1727.60815372	
-2.26868354132	-1727.59074803	
-2.30258509299	-1727.57378892	
-2.33537491582	-1727.55729961	
-2.36712361413	-1727.54129881	
-2.3978952728	-1727.52580082	
-2.42774823595	-1727.51081579	
-2.45673577282	-1727.49635011	
-2.48490664979	-1727.48240669	
-2.51230562398	-1727.4689854	
-2.53897387106	-1727.45608345	
-2.56494935746	-1727.44369574	
-2.59026716545	-1727.43181522	
-2.61495977804	-1727.42043321	
-2.63905732962	-1727.40953969	
-2.66258782703	-1727.39912356	
-2.68557734525	-1727.38917287	
-2.7080502011	-1727.37967505	
-2.73002910782	-1727.37061705	
-2.75153531304	-1727.3619855	
-2.77258872224	-1727.35376687	
-2.79320800944	-1727.34594755	
-2.81341071676	-1727.33851395	
-2.83321334406	-1727.33145258	
-2.85263142991	-1727.32475014	
-2.87167962488	-1727.31839351	
-2.8903717579	-1727.31236985	
-2.90872089656	-1727.30666661	
-2.92673940207	-1727.30127157	
-2.94443897917	-1727.29617281	
-2.96183072188	-1727.2913588	
-2.97892515524	-1727.28681835	
-2.99573227355	-1727.28254063	
-3.01226157551	-1727.27851518	
-3.02852209638	-1727.27473192	
-3.04452243772	-1727.2711811	
-3.06027079469	-1727.26785337	
-3.07577498123	-1727.26473968	
-3.09104245336	-1727.26183136	
-3.10608033072	-1727.25912007	
-3.12089541651	-1727.25659778	
-3.13549421593	-1727.25425678	
-3.14988295338	-1727.25208969	
-3.16406758837	-1727.2500894	
-3.17805383035	-1727.24824909	
-3.19184715248	-1727.24656222	
-3.20545280454	-1727.24502253	
-3.21887582487	-1727.243624	
-3.23212105162	-1727.24236084	
-3.24519313319	-1727.24122754	
-3.25809653802	-1727.24021878	
-3.2708355638	-1727.23932948	
-3.28341434601	-1727.23855475	
-3.295836866	-1727.23788992	
-3.3081069586	-1727.2373305	
-3.32022831913	-1727.23687219	
-3.33220451018	-1727.23651086	
-3.34403896782	-1727.23624255	
-3.35573500759	-1727.23606348	
-3.36729582999	-1727.23597	
-3.37872452581	-1727.23595861	
-3.39002408106	-1727.23602598	
-3.40119738166	-1727.23616888	
-3.41224721785	-1727.23638423	
-3.42317628838	-1727.23666908	
-3.43398720449	-1727.23702058	
-3.4446824936	-1727.23743601	
-3.45526460293	-1727.23791275	
-3.4657359028	-1727.23844829	
-3.47609868984	-1727.23904021	
-3.48635519	-1727.23968621	
-3.49650756147	-1727.24038405	
-3.50655789732	-1727.2411316	
-3.51650822817	-1727.24192681	
-3.52636052462	-1727.2427677	
-3.53611669956	-1727.24365239	
-3.54577861047	-1727.24457904	
-3.55534806149	-1727.24554591	
-3.56482680544	-1727.24655132	
-3.57421654579	-1727.24759365	
-3.58351893846	-1727.24867134	
-3.59273559356	-1727.24978291	
-3.60186807712	-1727.2509269	
-3.61091791264	-1727.25210194	
-3.61988658263	-1727.2533067	
-3.62877553004	-1727.2545399	
-3.63758615973	-1727.2558003	
-3.6463198397	-1727.25708673	
-3.65497790244	-1727.25839803	
-3.66356164613	-1727.25973312	
-3.6720723358	-1727.26109094	
-3.68051120444	-1727.26247046	
-3.68887945411	-1727.26387072	
-3.69717825693	-1727.26529076	
-3.70540875607	-1727.26672968	
-3.7135720667	-1727.26818661	
-3.72166927694	-1727.26966071	
-3.72970144863	-1727.27115115	
-3.73766961828	-1727.27265717	
-3.74557479779	-1727.274178	
-3.75341797525	-1727.27571293	
-3.76120011569	-1727.27726125	
-3.76892216179	-1727.27882229	
-3.77658503453	-1727.2803954	
-3.78418963392	-1727.28197996	
-3.79173683955	-1727.28357536	
-3.79922751128	-1727.28518103	
-3.80666248977	-1727.2867964	
-3.81404259707	-1727.28842093	
-3.82136863716	-1727.29005411	
-3.82864139649	-1727.29169542	
-3.83586164446	-1727.29334439	
-3.84303013394	-1727.29500056	
-3.85014760171	-1727.29666346	
-3.85721476893	-1727.29833267	
-3.86423234159	-1727.30000777	
-3.87120101091	-1727.30168835	
-3.87812145375	-1727.30337403	
-3.88499433304	-1727.30506444	
-3.89182029811	-1727.3067592	
-3.8985999851	-1727.30845798	
-3.90533401728	-1727.31016042	
-3.91202300543	-1727.31186622	
-3.91866754815	-1727.31357506	
-3.92526823218	-1727.31528663	
-3.93182563272	-1727.31700065	
-3.93834031375	-1727.31871683	
-3.94481282825	-1727.32043491	
-3.95124371858	-1727.32215462	
-3.95763351668	-1727.3238757	
-3.96398274436	-1727.32559793	
-3.97029191355	-1727.32732106	
-3.97656152657	-1727.32904486	
-3.98279207632	-1727.33076913	
-3.98898404656	-1727.33249365	
-3.99513791214	-1727.33421821	
-4.00125413916	-1727.33594263	
-4.00733318523	-1727.33766671	
-4.01337549969	-1727.33939028	
-4.01938152375	-1727.34111315	
-4.02535169074	-1727.34283516	
-4.03128642625	-1727.34455615	
-4.03718614838	-1727.34627597	
-4.04305126783	-1727.34799445	
-4.04888218815	-1727.34971146	
-4.05467930583	-1727.35142685	
-4.06044301055	-1727.3531405	
-4.06617368526	-1727.35485226	
-4.07187170637	-1727.35656202	
-4.07753744391	-1727.35826966	
-4.08317126162	-1727.35997505	
-4.08877351717	-1727.3616781	
-4.09434456222	-1727.36337868	
-4.0998847426	-1727.3650767	
-4.10539439841	-1727.36677206	
-4.11087386417	-1727.36846467	
-4.11632346894	-1727.37015442	
-4.12174353641	-1727.37184124	
-4.12713438505	-1727.37352503	
-4.13249632819	-1727.37520572	
-4.13782967416	-1727.37688323	
-4.14313472639	-1727.37855748	
-4.14841178349	-1727.3802284	
-4.15366113938	-1727.38189592	
-4.15888308336	-1727.38355998	
-4.16407790024	-1727.38522051	
-4.1692458704	-1727.38687745	
-4.1743872699	-1727.38853074	
-4.17950237056	-1727.39018032	
-4.18459144007	-1727.39182615	
-4.18965474203	-1727.39346816	
-4.19469253606	-1727.39510632	
-4.19970507788	-1727.39674057	
-4.20469261939	-1727.39837088	
-4.20965540873	-1727.39999718	
-4.21459369037	-1727.40161946	
-4.21950770518	-1727.40323766	
-4.22439769047	-1727.40485174	
-4.22926388012	-1727.40646169	
-4.2341065046	-1727.40806745	
-4.23892579103	-1727.409669	
-4.2437219633	-1727.41126631	
-4.24849524205	-1727.41285935	
-4.25324584481	-1727.41444809	
-4.257973986	-1727.41603251	
-4.26267987704	-1727.41761258	
-4.26736372635	-1727.41918828	
-4.27202573946	-1727.42075958	
-4.27666611902	-1727.42232647	
-4.28128506487	-1727.42388893	
-4.28588277412	-1727.42544694	
-4.29045944115	-1727.42700048	
-4.29501525768	-1727.42854954	
-4.29955041285	-1727.43009411	
-4.3040650932	-1727.43163416	
-4.30855948279	-1727.43316968	
-4.31303376319	-1727.43470068	
-4.31748811354	-1727.43622712	
-4.3219227106	-1727.43774901	
-4.32633772881	-1727.43926634	
-4.33073334029	-1727.4407791	
-4.33510971489	-1727.44228728	
-4.33946702026	-1727.44379087	
-4.34380542185	-1727.44528987	
-4.348125083	-1727.44678428	
-4.3524261649	-1727.44827409	
-4.35670882669	-1727.4497593	
-4.36097322548	-1727.4512399	
-4.36521951636	-1727.4527159	
-4.36944785247	-1727.45418729	
-4.373658385	-1727.45565407	
-4.37785126326	-1727.45711624	
-4.38202663467	-1727.45857381	
-4.38618464482	-1727.46002677	
-4.39032543749	-1727.46147512	
-4.39444915467	-1727.46291888	
-4.39855593663	-1727.46435803	
-4.40264592188	-1727.46579259	
-4.40671924726	-1727.46722255	
-4.41077604796	-1727.46864793	
-4.4148164575	-1727.47006872	
-4.4188406078	-1727.47148494	
-4.42284862919	-1727.47289658	
-4.42684065046	-1727.47430365	
-4.43081679884	-1727.47570617	
-4.43477720006	-1727.47710413	
-4.43872197835	-1727.47849754	
-4.44265125649	-1727.47988641	
-4.44656515581	-1727.48127075	
-4.45046379623	-1727.48265056	
-4.45434729625	-1727.48402586	
-4.45821577303	-1727.48539665	
-4.46206934235	-1727.48676294	
-4.46590811865	-1727.48812474	
-4.46973221509	-1727.48948206	
-4.47354174351	-1727.49083492	
-4.47733681448	-1727.49218331	
-4.48111753732	-1727.49352725	
-4.48488402011	-1727.49486675	
-4.48863636973	-1727.49620182	
-4.49237469184	-1727.49753247	
-4.49609909093	-1727.49885871	
-4.49980967033	-1727.50018056	
-4.50350653221	-1727.50149803	
-4.50718977763	-1727.50281111	
-4.51085950652	-1727.50411984	
-4.51451581772	-1727.50542422	
-4.518158809	-1727.50672426	
-4.52178857705	-1727.50801998	
-4.52540521752	-1727.50931138	
-4.52900882502	-1727.51059848	
-4.53259949315	-1727.51188129	
-4.5361773145	-1727.51315983	
-4.53974238067	-1727.51443411	
-4.54329478227	-1727.51570414	
-4.54683460898	-1727.51696993	
-4.55036194949	-1727.51823149	
-4.5538768916	-1727.51948885	
-4.55737952215	-1727.52074202	
-4.56086992709	-1727.52199099	
-4.56434819147	-1727.52323581	
-4.56781439944	-1727.52447646	
-4.57126863431	-1727.52571297	
-4.5747109785	-1727.52694536	
-4.5781415136	-1727.52817363	
-4.58156032035	-1727.5293978	
-4.58496747867	-1727.53061789	
-4.58836306767	-1727.5318339	
-4.59174716566	-1727.53304586	
-4.59511985013	-1727.53425377	
-4.59848119784	-1727.53545765	
-4.60183128472	-1727.53665752	
-4.60517018599	-1727.53785339	
-4.60849797608	-1727.53904527	
-4.61181472871	-1727.54023318	
-4.61512051684	-1727.54141713	
-4.61841541274	-1727.54259713	
-4.62169948794	-1727.54377321	
-4.62497281328	-1727.54494537	
-4.62823545892	-1727.54611364	
-4.63148749431	-1727.54727801	
-4.63472898823	-1727.54843852	
-4.63796000881	-1727.54959517	
-4.64118062351	-1727.55074798	
-4.64439089914	-1727.55189696	
-4.64759090187	-1727.55304212	
-4.65078069724	-1727.55418349	
-4.65396035016	-1727.55532108	
-4.65712992492	-1727.55645489	
-4.66028948521	-1727.55758495	
-4.66343909411	-1727.55871127	
-4.66657881412	-1727.55983386	
-4.66970870713	-1727.56095275	
-4.67282883446	-1727.56206793	
-4.67593925688	-1727.56317944	
-4.67904003455	-1727.56428727	
-4.68213122712	-1727.56539145	
-4.68521289366	-1727.566492	
-4.6882850927	-1727.56758892	
-4.69134788223	-1727.56868222	
-4.69440131972	-1727.56977194	
-4.6974454621	-1727.57085807	
-4.70048036579	-1727.57194063	
-4.70350608671	-1727.57301964	
-4.70652268025	-1727.57409511	
-4.70953020131	-1727.57516706	
-4.71252870431	-1727.5762355	
-4.71551824316	-1727.57730044	
-4.7184988713	-1727.5783619	
-4.72147064168	-1727.5794199	
-4.72443360681	-1727.58047444	
-4.72738781871	-1727.58152554	
-4.73033332894	-1727.58257321	
-4.73327018862	-1727.58361747	
-4.73619844839	-1727.58465834	
-4.7391181585	-1727.58569582	
-4.74202936871	-1727.58672993	
-4.74493212836	-1727.58776069	
-4.74782648639	-1727.58878811	
-4.75071249128	-1727.58981219	
-4.75359019111	-1727.59083296	
-4.75645963353	-1727.59185044	
-4.75932086582	-1727.59286462	
-4.7621739348	-1727.59387553	
-4.76501888693	-1727.59488318	
-4.76785576827	-1727.59588759	
-4.77068462447	-1727.59688876	
-4.77350550081	-1727.59788671	
-4.77631844218	-1727.59888146	
-4.77912349311	-1727.59987301	
-4.78192069773	-1727.60086138	
-4.78471009982	-1727.60184659	
-4.78749174278	-1727.60282865	
-4.79026566966	-1727.60380756	
-4.79303192316	-1727.60478335	
-4.7957905456	-1727.60575603	
-4.79854157897	-1727.6067256	
-4.80128506491	-1727.60769209	
-4.80402104473	-1727.6086555	
-4.80674955939	-1727.60961585	
-4.8094706495	-1727.61057315	
-4.81218435537	-1727.61152742	
-4.81489071697	-1727.61247866	
-4.81758977394	-1727.61342689	
-4.82028156561	-1727.61437213	
-4.82296613098	-1727.61531437	
-4.82564350875	-1727.61625365	
-4.8283137373	-1727.61718996	
-4.83097685472	-1727.61812333	
-4.83363289878	-1727.61905376	
-4.83628190695	-1727.61998127	
-4.83892391641	-1727.62090587	
-4.84155896405	-1727.62182757	
-4.84418708646	-1727.62274638	
-4.84680831994	-1727.62366232	
-4.84942270051	-1727.6245754	
-4.85203026392	-1727.62548562	
-4.85463104562	-1727.62639301	
-4.8572250808	-1727.62729757	
-4.85981240436	-1727.62819932	
-4.86239305096	-1727.62909827	
-4.86496705495	-1727.62999442	
-4.86753445046	-1727.6308878	
-4.87009527132	-1727.63177841	
-4.87264955112	-1727.63266626	
-4.8751973232	-1727.63355137	
-4.87773862063	-1727.63443375	
-4.88027347623	-1727.6353134	
-4.88280192259	-1727.63619035	
-4.88532399202	-1727.6370646	
-4.88783971662	-1727.63793616	
-4.89034912822	-1727.63880505	
-4.89285225844	-1727.63967127	
-4.89534913864	-1727.64053484	
-4.89783979995	-1727.64139577	
-4.90032427328	-1727.64225407	
-4.90280258929	-1727.64310975	
-4.90527477844	-1727.64396282	
-4.90774087093	-1727.64481329	
-4.91020089677	-1727.64566117	
-4.91265488574	-1727.64650648	
-4.91510286737	-1727.64734923	
-4.91754487103	-1727.64818942	
-4.91998092583	-1727.64902706	
-4.92241106068	-1727.64986217	
-4.92483530429	-1727.65069476	
-4.92725368516	-1727.65152484	
-4.92966623156	-1727.65235242	
-4.93207297159	-1727.65317751	
-4.93447393313	-1727.65400011	
-4.93686914386	-1727.65482025	
-4.93925863125	-1727.65563793	
-4.94164242261	-1727.65645315	
-4.94402054501	-1727.65726594	
-4.94639302537	-1727.6580763	
-4.94875989038	-1727.65888424	
-4.95112116656	-1727.65968977	
-4.95347688026	-1727.6604929	
-4.9558270576	-1727.66129364	
-4.95817172456	-1727.66209201	
-4.96051090691	-1727.662888	
-4.96284463026	-1727.66368163	
-4.96517292002	-1727.66447292	
-4.96749580144	-1727.66526187	
-4.96981329958	-1727.66604848	
-4.97212543933	-1727.66683278	
-4.97443224543	-1727.66761476	
-4.97673374242	-1727.66839445	
-4.97902995468	-1727.66917184	
-4.98132090643	-1727.66994695	
-4.98360662171	-1727.67071978	
-4.98588712441	-1727.67149036	
-4.98816243824	-1727.67225868	
-4.99043258678	-1727.67302475	
-4.99269759341	-1727.67378859	
-4.99495748138	-1727.6745502	
-4.99721227376	-1727.6753096	
-4.9994619935	-1727.67606679	
-5.00170666335	-1727.67682177	
-5.00394630595	-1727.67757457	
-5.00618094375	-1727.67832519	
-5.00841059907	-1727.67907364	
-5.0106352941	-1727.67981992	
-5.01285505083	-1727.68056405	
-5.01506989116	-1727.68130603	
-5.01727983681	-1727.68204587	
-5.01948490937	-1727.68278359	
-5.02168513028	-1727.68351919	
-5.02388052085	-1727.68425268	
-5.02607110223	-1727.68498407	
-5.02825689545	-1727.68571336	
-5.03043792139	-1727.68644057	
-5.03261420082	-1727.6871657	
-5.03478575433	-1727.68788876	
-5.03695260241	-1727.68860976	
-5.03911476542	-1727.68932872	
-5.04127226356	-1727.69004563	
-5.04342511692	-1727.6907605	
-5.04557334546	-1727.69147335	
-5.047716969	-1727.69218418	
-5.04985600725	-1727.692893	
-5.05199047978	-1727.69359981	
-5.05412040604	-1727.69430464	
-5.05624580535	-1727.69500748	
-5.05836669692	-1727.69570834	
-5.06048309982	-1727.69640723	
-5.06259503303	-1727.69710415	
-5.06470251537	-1727.69779913	
-5.06680556556	-1727.69849215	
-5.06890420222	-1727.69918324	
-5.07099844382	-1727.6998724	
-5.07308830874	-1727.70055964	
-5.07517381523	-1727.70124496	
-5.07725498144	-1727.70192837	
-5.07933182538	-1727.70260988	
-5.08140436498	-1727.7032895	
-5.08347261805	-1727.70396723	
-5.08553660227	-1727.70464309	
-5.08759633523	-1727.70531708	
-5.08965183441	-1727.7059892	
-5.09170311719	-1727.70665947	
-5.09375020081	-1727.70732789	
-5.09579310244	-1727.70799447	
-5.09783183913	-1727.70865922	
-5.09986642782	-1727.70932214	
-5.10189688537	-1727.70998325	
-5.10392322852	-1727.71064254	
-5.1059454739	-1727.71130003	
-5.10796363806	-1727.71195572	
-5.10997773743	-1727.71260962	
-5.11198778836	-1727.71326173	
-5.11399380708	-1727.71391208	
-5.11599580975	-1727.71456065	
-5.11799381242	-1727.71520746	
-5.11998783102	-1727.71585251	
-5.12197788143	-1727.71649582	
-5.1239639794	-1727.71713738	
-5.12594614061	-1727.71777721	
-5.12792438062	-1727.71841531	
-5.12989871492	-1727.71905169	
-5.13186915891	-1727.71968636	
-5.13383572788	-1727.72031931	
-5.13579843705	-1727.72095057	
-5.13775730154	-1727.72158013	
-5.13971233637	-1727.72220801	
-5.1416635565	-1727.7228342	
-5.14361097679	-1727.72345872	
-5.145554612	-1727.72408156	
-5.14749447681	-1727.72470275	
-5.14943058584	-1727.72532228	
-5.15136295359	-1727.72594016	
-5.1532915945	-1727.7265564	
-5.15521652291	-1727.72717101	
-5.15713775309	-1727.72778398	
-5.15905529921	-1727.72839533	
-5.1609691754	-1727.72900506	
-5.16287939565	-1727.72961318	
-5.16478597392	-1727.73021969	
-5.16668892407	-1727.73082461	
-5.16858825987	-1727.73142793	
-5.17048399504	-1727.73202966	
-5.17237614319	-1727.73262982	
-5.17426471788	-1727.7332284	
-5.17614973257	-1727.73382541	
-5.17803120067	-1727.73442085	
-5.1799091355	-1727.73501474	
-5.18178355029	-1727.73560708	
-5.18365445823	-1727.73619788	
-5.1855218724	-1727.73678713	
-5.18738580584	-1727.73737485	
-5.18924627149	-1727.73796105	
-5.19110328224	-1727.73854572	
-5.19295685089	-1727.73912888	
-5.19480699018	-1727.73971052	
-5.19665371277	-1727.74029066	
-5.19849703127	-1727.74086931	
-5.20033695819	-1727.74144645	
-5.202173506	-1727.74202211	
-5.20400668708	-1727.74259629	
-5.20583651375	-1727.743169	
-5.20766299828	-1727.74374023	
-5.20948615284	-1727.74430999	
-5.21130598956	-1727.7448783	
-5.21312252048	-1727.74544515	
-5.21493575761	-1727.74601055	
-5.21674571285	-1727.74657451	
-5.21855239808	-1727.74713703	
-5.22035582508	-1727.74769811	
-5.22215600558	-1727.74825777	
-5.22395295126	-1727.74881601	
-5.22574667371	-1727.74937283	
-5.22753718449	-1727.74992824	
-5.22932449506	-1727.75048224	
-5.23110861685	-1727.75103484	
-5.23288956123	-1727.75158604	
-5.23466733947	-1727.75213585	
-5.23644196283	-1727.75268428	
-5.23821344248	-1727.75323132	
-5.23998178954	-1727.75377699	
-5.24174701506	-1727.75432129	
-5.24350913005	-1727.75486422	
-5.24526814546	-1727.7554058	
-5.24702407216	-1727.75594601	
-5.24877692099	-1727.75648488	
-5.25052670271	-1727.7570224	
-5.25227342805	-1727.75755858	
-5.25401710765	-1727.75809342	
-5.25575775213	-1727.75862693	
-5.25749537203	-1727.75915912	
-5.25922997784	-1727.75968998	
-5.26096158	-1727.76021953	
-5.2626901889	-1727.76074777	
-5.26441581487	-1727.7612747	
-5.26613846818	-1727.76180032	
-5.26785815906	-1727.76232465	
-5.26957489768	-1727.76284769	
-5.27128869416	-1727.76336944	
-5.27299955856	-1727.7638899	
-5.27470750091	-1727.76440909	
-5.27641253116	-1727.764927	
-5.27811465923	-1727.76544364	
-5.27981389498	-1727.76595902	
-5.28151024823	-1727.76647313	
-5.28320372874	-1727.76698599	
-5.28489434622	-1727.7674976	
-5.28658211033	-1727.76800796	
-5.28826703069	-1727.76851708	
-5.28994911688	-1727.76902496	
-5.2916283784	-1727.7695316	
-5.29330482472	-1727.77003702	
-5.29497846528	-1727.77054121	
-5.29664930945	-1727.77104418	
-5.29831736655	-1727.77154594	
-5.29998264587	-1727.77204648	
-5.30164515664	-1727.77254582	
-5.30330490806	-1727.77304395	
-5.30496190927	-1727.77354088	
-5.30661616936	-1727.77403662	
-5.3082676974	-1727.77453116	
-5.30991650239	-1727.77502452	
-5.3115625933	-1727.7755167	
-5.31320597904	-1727.7760077	
-5.3148466685	-1727.77649753	
-5.3164846705	-1727.77698618	
-5.31811999384	-1727.77747367	
-5.31975264727	-1727.77796	
-5.32138263948	-1727.77844517	
-5.32300997914	-1727.77892919	
-5.32463467487	-1727.77941206	
-5.32625673524	-1727.77989378	
-5.32787616879	-1727.78037436	
-5.32949298402	-1727.78085381	
-5.33110718937	-1727.78133212	
-5.33271879327	-1727.7818093	
-5.33432780407	-1727.78228535	
-5.33593423012	-1727.78276029	
-5.3375380797	-1727.7832341	
-5.33913936107	-1727.7837068	
-5.34073808243	-1727.78417839	
-5.34233425196	-1727.78464888	
-5.3439278778	-1727.78511826	
-5.34551896803	-1727.78558654	
-5.34710753072	-1727.78605373	
-5.34869357387	-1727.78651983	
-5.35027710548	-1727.78698484	
-5.35185813348	-1727.78744877	
-5.35343666577	-1727.78791162	
-5.35501271022	-1727.78837339	
-5.35658627467	-1727.78883409	
-5.3581573669	-1727.78929371	
-5.35972599468	-1727.78975228	
-5.36129216571	-1727.79020978	
-5.36285588769	-1727.79066623	
-5.36441716825	-1727.79112162	
-5.36597601502	-1727.79157596	
-5.36753243557	-1727.79202925	
-5.36908643744	-1727.7924815	
-5.37063802813	-1727.79293271	
-5.37218721511	-1727.79338288	
-5.37373400583	-1727.79383202	
-5.37527840768	-1727.79428013	
-5.37682042804	-1727.79472722	
-5.37836007422	-1727.79517328	
-5.37989735354	-1727.79561832	
-5.38143227326	-1727.79606235	
-5.38296484061	-1727.79650537	
-5.38449506279	-1727.79694737	
-5.38602294697	-1727.79738837	
-5.38754850028	-1727.79782837	
-5.38907172982	-1727.79826737	
-5.39059264266	-1727.79870538	
-5.39211124583	-1727.79914239	
-5.39362754635	-1727.79957842	
-5.39514155118	-1727.80001345	
-5.39665326727	-1727.80044751	
-5.39816270152	-1727.80088059	
-5.39966986081	-1727.80131269	
-5.40117475199	-1727.80174382	
-5.40267738187	-1727.80217398	
-5.40417775725	-1727.80260318	
-5.40567588487	-1727.80303141	
-5.40717177146	-1727.80345869	
-5.40866542372	-1727.803885	
-5.4101568483	-1727.80431037	
-5.41164605186	-1727.80473478	
-5.41313304098	-1727.80515825	
-5.41461782224	-1727.80558077	
-5.4161004022	-1727.80600236	
-5.41758078737	-1727.806423	
-5.41905898424	-1727.80684271	
-5.42053499927	-1727.80726149	
-5.42200883889	-1727.80767934	
-5.4234805095	-1727.80809627	
-5.42495001748	-1727.80851227	
-5.42641736918	-1727.80892736	
-5.4278825709	-1727.80934153	
-5.42934562895	-1727.80975478	
-5.43080654959	-1727.81016713	
-5.43226533906	-1727.81057857	
-5.43372200355	-1727.8109891	
-5.43517654927	-1727.81139874	
-5.43662898235	-1727.81180747	
-5.43807930892	-1727.81221531	
-5.4395275351	-1727.81262226	
-5.44097366695	-1727.81302831	
-5.44241771052	-1727.81343348	
-5.44385967184	-1727.81383777	
-5.4452995569	-1727.81424117	
-5.44673737167	-1727.8146437	
-5.44817312209	-1727.81504535	
-5.44960681409	-1727.81544613	
-5.45103845357	-1727.81584604	
-5.45246804638	-1727.81624508	
-5.45389559837	-1727.81664326	
-5.45532111536	-1727.81704057	
-5.45674460314	-1727.81743703	
-5.45816606749	-1727.81783263	
-5.45958551414	-1727.81822738	
-5.46100294883	-1727.81862128	
-5.46241837723	-1727.81901433	
-5.46383180503	-1727.81940654	
-5.46524323786	-1727.8197979	
-5.46665268137	-1727.82018842	
-5.46806014114	-1727.82057811	
-5.46946562274	-1727.82096696	
-5.47086913175	-1727.82135498	
-5.47227067367	-1727.82174217	
-5.47367025403	-1727.82212854	
-5.47506787829	-1727.82251408	
-5.47646355193	-1727.8228988	
-5.47785728038	-1727.8232827	
-5.47924906905	-1727.82366579	
-5.48063892334	-1727.82404806	
-5.48202684862	-1727.82442952	
-5.48341285022	-1727.82481017	
-5.48479693349	-1727.82519002	
-5.48617910372	-1727.82556906	
-5.48755936619	-1727.82594731	
-5.48893772616	-1727.82632475	
-5.49031418887	-1727.8267014	
-5.49168875953	-1727.82707725	
-5.49306144334	-1727.82745232	
-5.49443224547	-1727.8278266	
-5.49580117108	-1727.82820009	
-5.49716822529	-1727.82857279	
-5.49853341322	-1727.82894472	
-5.49989673995	-1727.82931587	
-5.50125821054	-1727.82968624	
-5.50261783006	-1727.83005584	
-5.50397560352	-1727.83042467	
-5.50533153593	-1727.83079272	
-5.50668563228	-1727.83116001	
-5.50803789753	-1727.83152654	
-5.50938833663	-1727.83189231	
-5.5107369545	-1727.83225731	
-5.51208375605	-1727.83262156	
-5.51342874616	-1727.83298506	
-5.51477192971	-1727.8333478	
-5.51611331154	-1727.83370979	
-5.51745289646	-1727.83407103	
-5.51879068931	-1727.83443153	
-5.52012669485	-1727.83479129	
-5.52146091786	-1727.8351503	
-5.5227933631	-1727.83550857	
-5.52412403528	-1727.83586611	
-5.52545293913	-1727.83622292	
-5.52678007934	-1727.83657899	
-5.52810546058	-1727.83693433	
-5.52942908751	-1727.83728895	
-5.53075096477	-1727.83764284	
-5.53207109697	-1727.837996	
-5.53338948873	-1727.83834845	
-5.53470614461	-1727.83870018	
-5.53602106919	-1727.83905119	
-5.53733426702	-1727.83940148	
-5.53864574262	-1727.83975107	
-5.5399555005	-1727.84009994	
-5.54126354516	-1727.84044811	
-5.54256988107	-1727.84079557	
-5.5438745127	-1727.84114233	
-5.54517744448	-1727.84148838	
-5.54647868084	-1727.84183374	
-5.54777822618	-1727.84217839	
-5.5490760849	-1727.84252236	
-5.55037226136	-1727.84286563	
-5.55166675992	-1727.84320821	
-5.55295958492	-1727.8435501	
-5.55425074069	-1727.8438913	
-5.55554023152	-1727.84423182	
-5.5568280617	-1727.84457165	
-5.55811423551	-1727.84491081	
-5.5593987572	-1727.84524928	
-5.56068163102	-1727.84558708	
-5.56196286117	-1727.8459242	
-5.56324245188	-1727.84626066	
-5.56452040732	-1727.84659644	
-5.56579673168	-1727.84693155	
-5.56707142911	-1727.84726599	
-5.56834450376	-1727.84759977	
-5.56961595975	-1727.84793289	
-5.57088580119	-1727.84826535	
-5.57215403218	-1727.84859714	
-5.57342065679	-1727.84892828	
-5.5746856791	-1727.84925877	
-5.57594910315	-1727.8495886	
-5.57721093297	-1727.84991778	
-5.57847117258	-1727.85024631	
-5.57972982599	-1727.8505742	
-5.58098689718	-1727.85090144	
-5.58224239012	-1727.85122803	
-5.58349630878	-1727.85155399	
-5.5847486571	-1727.8518793	
-5.585999439	-1727.85220397	
-5.5872486584	-1727.85252801	
-5.5884963192	-1727.85285142	
-5.58974242528	-1727.85317419	
-5.59098698051	-1727.85349633	
-5.59222998875	-1727.85381785	
-5.59347145384	-1727.85413873	
-5.5947113796	-1727.854459	
-5.59594976985	-1727.85477863	
-5.59718662839	-1727.85509765	
-5.598421959	-1727.85541605	
-5.59965576545	-1727.85573383	
-5.60088805149	-1727.85605099	
-5.60211882088	-1727.85636754	
-5.60334807733	-1727.85668347	
-5.60457582457	-1727.8569988	
-5.6058020663	-1727.85731352	
-5.60702680619	-1727.85762762	
-5.60825004793	-1727.85794113	
-5.60947179518	-1727.85825403	
-5.61069205159	-1727.85856632	
-5.61191082078	-1727.85887802	
-5.61312810639	-1727.85918912	
-5.61434391201	-1727.85949962	
-5.61555824124	-1727.85980953	
-5.61677109767	-1727.86011884	
-5.61798248485	-1727.86042756	
-5.61919240636	-1727.86073569	
-5.62040086572	-1727.86104324	
-5.62160786647	-1727.86135019	
-5.62281341212	-1727.86165656	
-5.62401750619	-1727.86196235	
-5.62522015215	-1727.86226755	
-5.6264213535	-1727.86257218	
-5.62762111369	-1727.86287623	
-5.62881943618	-1727.8631797	
-5.63001632442	-1727.86348259	
-5.63121178182	-1727.86378491	
-5.63240581181	-1727.86408666	
-5.6335984178	-1727.86438784	
-5.63478960317	-1727.86468845	
-5.6359793713	-1727.86498849	
-5.63716772557	-1727.86528797	
-5.63835466933	-1727.86558688	
-5.63954020593	-1727.86588523	
-5.64072433869	-1727.86618302	
-5.64190707094	-1727.86648025	
-5.64308840598	-1727.86677693	
-5.64426834712	-1727.86707304	
-5.64544689764	-1727.8673686	
-5.64662406082	-1727.86766361	
-5.64779983991	-1727.86795807	
-5.64897423816	-1727.86825198	
-5.65014725882	-1727.86854534	
-5.65131890512	-1727.86883815	
-5.65248918027	-1727.86913042	
-5.65365808747	-1727.86942214	
-5.65482562993	-1727.86971332	
-5.65599181082	-1727.87000396	
-5.65715663332	-1727.87029406	
-5.65832010058	-1727.87058362	
-5.65948221576	-1727.87087265	
-5.660642982	-1727.87116114	
-5.66180240242	-1727.8714491	
-5.66296048014	-1727.87173652	
-5.66411721826	-1727.87202342	
-5.66527261989	-1727.87230979	
-5.66642668811	-1727.87259562	
-5.66757942599	-1727.87288094	
-5.6687308366	-1727.87316572	
-5.66988092298	-1727.87344999	
-5.67102968818	-1727.87373373	
-5.67217713524	-1727.87401695	
-5.67332326717	-1727.87429966	
-5.67446808699	-1727.87458184	
-5.67561159769	-1727.87486351	
-5.67675380227	-1727.87514467	
-5.6778947037	-1727.87542531	
-5.67903430497	-1727.87570544	
-5.68017260902	-1727.87598506	
-5.6813096188	-1727.87626417	
-5.68244533727	-1727.87654277	
-5.68357976734	-1727.87682087	
-5.68471291194	-1727.87709846	
-5.68584477397	-1727.87737554	
-5.68697535634	-1727.87765213	
-5.68810466194	-1727.87792821	
-5.68923269364	-1727.8782038	
-5.69035945432	-1727.87847888	
-5.69148494685	-1727.87875347	
-5.69260917406	-1727.87902757	
-5.6937321388	-1727.87930117	
-5.69485384391	-1727.87957427	
-5.69597429221	-1727.87984689	
-5.69709348651	-1727.88011901	
-5.69821142961	-1727.88039065	
-5.69932812431	-1727.8806618	
-5.70044357339	-1727.88093246	
-5.70155777963	-1727.88120264	
-5.7026707458	-1727.88147233	
-5.70378247466	-1727.88174154	
-5.70489296894	-1727.88201027	
-5.70600223139	-1727.88227852	
-5.70711026475	-1727.88254629	
-5.70821707172	-1727.88281358	
-5.70932265503	-1727.8830804	
-5.71042701737	-1727.88334675	
-5.71153016145	-1727.88361261	
-5.71263208993	-1727.88387801	
-5.71373280551	-1727.88414294	
-5.71483231084	-1727.8844074	
-5.71593060859	-1727.88467138	
-5.71702770141	-1727.8849349	
-5.71812359193	-1727.88519796	
-5.71921828279	-1727.88546055	
-5.72031177661	-1727.88572268	
-5.72140407601	-1727.88598434	
-5.72249518359	-1727.88624554	
-5.72358510195	-1727.88650629	
-5.72467383369	-1727.88676657	
-5.72576138137	-1727.8870264	
-5.72684774759	-1727.88728577	
-5.72793293489	-1727.88754468	
-5.72901694583	-1727.88780314	
-5.73009978297	-1727.88806115	
-5.73118144884	-1727.88831871	
-5.73226194598	-1727.88857582	
-5.7333412769	-1727.88883247	
-5.73441944412	-1727.88908868	
-5.73549645015	-1727.88934444	
-5.73657229748	-1727.88959976	
-5.73764698861	-1727.88985463	
-5.73872052602	-1727.89010906	
-5.73979291218	-1727.89036305	
-5.74086414956	-1727.8906166	
-5.74193424062	-1727.8908697	
-5.74300318781	-1727.89112237	
-5.74407099357	-1727.8913746	
-5.74513766034	-1727.89162639	
-5.74620319054	-1727.89187775	
-5.7472675866	-1727.89212867	
-5.74833085092	-1727.89237916	
-5.74939298591	-1727.89262922	
-5.75045399397	-1727.89287884	
-5.75151387748	-1727.89312804	
-5.75257263883	-1727.89337681	
-5.75363028038	-1727.89362515	
-5.75468680452	-1727.89387306	
-5.75574221359	-1727.89412055	
-5.75679650994	-1727.89436762	
-5.75784969593	-1727.89461426	
-5.75890177388	-1727.89486048	
-5.75995274612	-1727.89510627	
-5.76100261499	-1727.89535165	
-5.76205138278	-1727.89559661	
-5.76309905181	-1727.89584115	
-5.76414562438	-1727.89608528	
-5.76519110278	-1727.89632898	
-5.7662354893	-1727.89657228	
-5.76727878622	-1727.89681516	
-5.76832099579	-1727.89705762	
-5.7693621203	-1727.89729968	
-5.770402162	-1727.89754133	
-5.77144112313	-1727.89778256	
-5.77247900594	-1727.89802339	
-5.77351581267	-1727.89826381	
-5.77455154554	-1727.89850382	
-5.77558620679	-1727.89874343	
-5.77661979861	-1727.89898263	
-5.77765232322	-1727.89922144	
-5.77868378283	-1727.89945983	
-5.77971417962	-1727.89969783	
-5.78074351579	-1727.89993543	
-5.78177179352	-1727.90017263	
-5.78279901497	-1727.90040942	
-5.78382518233	-1727.90064583	
-5.78485029774	-1727.90088183	
-5.78587436337	-1727.90111744	
-5.78689738137	-1727.90135266	
-5.78791935386	-1727.90158748	
-5.788940283	-1727.90182191	
-5.7899601709	-1727.90205595	
-5.79097901969	-1727.9022896	
-5.79199683148	-1727.90252286	
-5.79301360838	-1727.90275573	
-5.7940293525	-1727.90298822	
-5.79504406593	-1727.90322031	
-5.79605775077	-1727.90345202	
-5.79707040908	-1727.90368335	
-5.79808204295	-1727.90391429	
-5.79909265446	-1727.90414486	
-5.80010224566	-1727.90437503	
-5.80111081862	-1727.90460483	
-5.80211837538	-1727.90483425	
-5.80312491799	-1727.90506329	
-5.80413044849	-1727.90529195	
-5.80513496892	-1727.90552024	
-5.80613848129	-1727.90574814	
-5.80714098764	-1727.90597568	
-5.80814248998	-1727.90620284	
-5.80914299031	-1727.90642962	
