#Site	lnL	
0	-1.4347356397
1	-1.18944499662
2	-11.1638160501
3	-1.24591023813
4	-1.37510911212
5	-10.921870445
6	-1.4347356397
7	-1.6533513742
8	-1.7352556883
9	-1.24591023813
10	-1.71653580932
11	-7.03442942743
12	-1.72910422017
13	-1.37510911212
14	-6.45616699456
15	-6.63897750375
16	-1.18944499662
17	-21.2502120776
18	-1.8057404573
19	-1.37510911212
20	-1.20130746294
21	-5.19099933527
22	-1.6533513742
23	-6.6125657783
24	-1.24591023813
25	-1.18944499662
26	-8.04559932499
27	-1.8057404573
28	-1.71653580932
29	-8.62786453408
30	-1.4347356397
31	-1.18944499662
32	-5.61875119527
33	-1.4347356397
34	-7.66979195117
35	-5.75467657025
36	-1.4347356397
37	-1.18944499662
38	-7.75373902486
39	-1.4347356397
40	-1.18944499662
41	-1.20130746294
42	-5.32823144034
43	-1.18944499662
44	-1.20130746294
45	-1.24591023813
46	-1.18944499662
47	-15.5021208977
48	-1.8057404573
49	-1.18944499662
50	-8.47031853655
51	-1.24591023813
52	-1.71653580932
53	-13.6357679003
54	-1.24591023813
55	-1.71653580932
56	-10.921870445
57	-1.4347356397
58	-1.6533513742
59	-6.59321167597
60	-1.24591023813
61	-1.6533513742
62	-8.31550041727
63	-1.24591023813
64	-1.71653580932
65	-10.0879223445
66	-1.4347356397
67	-8.08738049525
68	-6.49546107938
69	-1.72910422017
70	-1.37510911212
71	-24.7191727485
72	-1.8057404573
73	-1.37510911212
74	-7.52776809148
75	-1.8057404573
76	-1.71653580932
77	-1.20130746294
78	-1.8057404573
79	-1.71653580932
80	-7.88354433355
81	-1.24591023813
82	-1.6533513742
83	-7.48624746265
84	-1.24591023813
85	-1.18944499662
86	-16.8707964493
87	-1.4347356397
88	-1.37510911212
89	-1.7352556883
90	-1.4347356397
91	-1.37510911212
92	-6.93770565553
93	-1.8057404573
94	-1.6533513742
95	-6.45616699456
96	-1.4347356397
97	-1.37510911212
98	-11.3878928908
99	-1.4347356397
100	-1.71653580932
101	-6.49546107938
102	-1.24591023813
103	-1.6533513742
104	-1.7352556883
105	-1.24591023813
106	-6.02625369483
107	-14.9761792125
108	-1.72910422017
109	-1.6533513742
110	-1.20130746294
111	-1.8057404573
112	-7.09475268152
113	-13.0333368848
114	-1.4347356397
115	-1.6533513742
116	-13.0605379783
117	-1.8057404573
118	-1.6533513742
119	-5.61875119527
120	-1.72910422017
121	-1.18944499662
122	-10.0879223445
123	-1.24591023813
124	-1.18944499662
125	-13.0389235388
126	-1.4347356397
127	-7.06057722433
128	-10.8251204162
129	-1.24591023813
130	-1.37510911212
131	-5.9894969841
132	-1.72910422017
133	-1.37510911212
134	-15.2045973309
135	-1.4347356397
136	-1.71653580932
137	-1.66924918977
138	-1.4347356397
139	-1.71653580932
140	-10.7687859103
141	-1.4347356397
142	-1.18944499662
143	-1.20130746294
144	-1.72910422017
145	-1.18944499662
146	-8.45356291412
147	-1.8057404573
148	-1.6533513742
149	-9.55807488807
150	-1.8057404573
151	-1.37510911212
152	-1.38762923553
153	-1.72910422017
154	-1.6533513742
155	-6.59321167597
156	-1.24591023813
157	-1.6533513742
158	-6.89697186908
159	-1.24591023813
160	-1.71653580932
161	-24.6769161224
162	-1.8057404573
163	-1.71653580932
164	-13.1733610659
165	-1.24591023813
166	-1.18944499662
167	-8.31550041727
168	-1.4347356397
169	-1.18944499662
170	-5.84692528031
171	-1.72910422017
172	-1.6533513742
173	-7.51002110456
174	-1.4347356397
175	-1.6533513742
176	-6.45616699456
177	-1.24591023813
178	-1.37510911212
179	-6.59321167597
180	-1.8057404573
181	-1.6533513742
182	-10.7687859103
183	-1.72910422017
184	-1.18944499662
185	-16.4499789714
186	-1.72910422017
187	-1.37510911212
188	-5.9894969841
189	-1.8057404573
190	-1.71653580932
191	-1.66924918977
192	-6.98841384732
193	-1.37510911212
194	-18.5813336457
195	-1.24591023813
196	-1.37510911212
197	-1.20130746294
198	-1.4347356397
199	-1.18944499662
200	-5.84692528031
201	-1.24591023813
202	-1.37510911212
203	-11.6896825268
204	-1.24591023813
205	-1.37510911212
206	-10.4017245944
207	-6.92159241944
208	-1.37510911212
209	-5.65366668415
210	-1.8057404573
211	-1.37510911212
212	-5.97927015909
213	-1.4347356397
214	-1.37510911212
215	-1.66924918977
216	-1.8057404573
217	-1.18944499662
218	-1.38762923553
219	-6.19715254964
220	-1.18944499662
221	-1.20130746294
222	-1.8057404573
223	-1.6533513742
224	-9.78281038592
225	-1.72910422017
226	-1.6533513742
227	-1.66924918977
228	-1.4347356397
229	-1.37510911212
230	-8.31550041727
231	-1.24591023813
232	-1.6533513742
233	-1.20130746294
234	-1.24591023813
235	-1.71653580932
236	-13.9487747043
237	-7.32519958129
238	-1.18944499662
239	-5.75467657025
240	-1.4347356397
241	-1.37510911212
242	-1.66924918977
243	-10.246780648
244	-1.18944499662
245	-5.9894969841
246	-1.24591023813
247	-1.37510911212
248	-1.7352556883
249	-1.24591023813
250	-1.37510911212
251	-7.05449277715
252	-5.19099933527
253	-1.37510911212
254	-10.4672796632
255	-1.4347356397
256	-6.14141305125
257	-5.86768820541
258	-1.24591023813
259	-1.71653580932
260	-9.74337717081
261	-1.24591023813
262	-1.37510911212
263	-14.1058142665
264	-1.8057404573
265	-10.3161371599
266	-1.20130746294
267	-1.24591023813
268	-1.71653580932
269	-9.55807488807
270	-1.8057404573
271	-1.6533513742
272	-6.59321167597
273	-1.4347356397
274	-1.18944499662
275	-5.9894969841
276	-1.8057404573
277	-1.37510911212
278	-5.97927015909
279	-1.24591023813
280	-10.3128499185
281	-1.38762923553
282	-1.24591023813
283	-1.6533513742
284	-5.84692528031
285	-1.4347356397
286	-1.6533513742
287	-21.8794408157
288	-1.4347356397
289	-1.37510911212
290	-5.97927015909
291	-8.2582225497
292	-1.37510911212
293	-1.20130746294
294	-1.8057404573
295	-1.18944499662
296	-12.0833146984
297	-1.4347356397
298	-1.18944499662
299	-15.4725332124
300	-1.4347356397
301	-1.71653580932
302	-1.38762923553
303	-1.4347356397
304	-1.37510911212
305	-11.0688650378
306	-1.24591023813
307	-1.37510911212
308	-1.20130746294
309	-1.4347356397
310	-1.18944499662
311	-1.38762923553
312	-1.72910422017
313	-1.18944499662
314	-19.312083435
315	-1.24591023813
316	-1.37510911212
317	-10.5436729272
318	-1.4347356397
319	-1.6533513742
320	-8.67187622442
321	-6.46701538077
322	-1.18944499662
323	-1.20130746294
324	-1.24591023813
325	-1.71653580932
326	-1.7352556883
327	-1.24591023813
328	-1.18944499662
329	-5.84692528031
330	-9.19275713908
331	-1.37510911212
332	-9.78281038592
333	-1.24591023813
334	-1.71653580932
335	-10.6194651313
336	-1.24591023813
337	-1.71653580932
338	-1.20130746294
339	-1.8057404573
340	-1.18944499662
341	-7.03442942743
342	-11.7026729296
343	-1.71653580932
344	-1.7352556883
345	-1.8057404573
346	-1.37510911212
347	-8.40521640422
348	-9.11276678051
349	-1.71653580932
350	-11.741956927
351	-1.72910422017
352	-1.18944499662
353	-12.7411069942
354	-1.8057404573
355	-1.37510911212
356	-20.5219278207
357	-1.24591023813
358	-1.6533513742
359	-1.20130746294
360	-1.72910422017
361	-1.37510911212
362	-5.9894969841
363	-5.55487932252
364	-1.37510911212
365	-8.86620642864
366	-1.72910422017
367	-6.00883341854
368	-13.0333368848
369	-1.4347356397
370	-1.18944499662
371	-15.6193418966
372	-1.72910422017
373	-1.6533513742
374	-11.7693124965
375	-1.24591023813
376	-1.18944499662
377	-10.2535332966
378	-9.35417829122
379	-1.37510911212
380	-11.4727987629
381	-1.4347356397
382	-1.37510911212
383	-15.700273776
384	-1.72910422017
385	-1.18944499662
386	-21.5803696108
387	-1.8057404573
388	-1.18944499662
389	-6.6125657783
390	-1.72910422017
391	-1.37510911212
392	-1.20130746294
393	-1.4347356397
394	-1.18944499662
395	-9.78281038592
396	-5.55487932252
397	-7.1974454571
398	-16.2599900756
399	-1.8057404573
400	-1.71653580932
401	-12.9268295771
402	-1.72910422017
403	-1.6533513742
404	-1.7352556883
405	-1.72910422017
406	-1.71653580932
407	-15.9318344174
408	-1.4347356397
409	-1.6533513742
410	-10.8251204162
411	-1.8057404573
412	-1.18944499662
413	-5.97927015909
414	-1.24591023813
415	-1.18944499662
416	-7.6238767581
417	-1.72910422017
418	-1.37510911212
419	-18.5189487116
420	-1.4347356397
421	-1.37510911212
422	-12.8847441697
423	-1.8057404573
424	-1.37510911212
425	-7.51002110456
426	-1.24591023813
427	-6.00883341854
428	-18.2884561213
429	-1.24591023813
430	-1.37510911212
431	-13.6582498157
432	-1.24591023813
433	-1.18944499662
434	-19.5511801822
435	-1.72910422017
436	-1.18944499662
437	-7.03442942743
438	-1.4347356397
439	-1.18944499662
440	-17.339741644
441	-1.72910422017
442	-1.18944499662
443	-7.92943243841
444	-1.8057404573
445	-1.6533513742
446	-7.88354433355
447	-1.24591023813
448	-1.71653580932
449	-5.61875119527
450	-1.8057404573
451	-1.6533513742
452	-1.66924918977
453	-1.24591023813
454	-1.6533513742
455	-7.64432796328
456	-1.4347356397
457	-6.14141305125
458	-1.38762923553
459	-5.45678120697
460	-1.37510911212
461	-14.1210659594
462	-1.72910422017
463	-1.6533513742
464	-1.20130746294
465	-7.0562578133
466	-1.37510911212
467	-16.2915415551
468	-1.72910422017
469	-1.37510911212
470	-5.84692528031
471	-1.72910422017
472	-1.18944499662
473	-10.620414136
474	-1.72910422017
475	-1.6533513742
476	-6.6125657783
477	-1.4347356397
478	-1.71653580932
479	-1.38762923553
480	-1.4347356397
481	-1.18944499662
482	-7.35186876773
483	-1.72910422017
484	-1.18944499662
485	-12.994829474
486	-9.11276678051
487	-1.37510911212
488	-5.84692528031
