#Site	lnL	
0	-1.43313893916
1	-1.20601476082
2	-2.53352673187
3	-1.24768192683
4	-8.40986652345
5	-3.07662534109
6	-1.43313893916
7	-1.6485550355
8	-5.52640429022
9	-1.24768192683
10	-1.65507508925
11	-6.13090176738
12	-1.70069801618
13	-1.39104399713
14	-11.8030492859
15	-1.70069801618
16	-1.20601476082
17	-6.00116088394
18	-1.71599665663
19	-1.39104399713
20	-5.72991573007
21	-5.47564866849
22	-7.62497367277
23	-4.97539536481
24	-1.24768192683
25	-1.20601476082
26	-4.97539536481
27	-1.71599665663
28	-1.65507508925
29	-2.53352673187
30	-1.43313893916
31	-1.20601476082
32	-9.66885218264
33	-1.43313893916
34	-1.6485550355
35	-4.26720010814
36	-1.43313893916
37	-1.20601476082
38	-6.80315759967
39	-1.43313893916
40	-1.20601476082
41	-4.48462541169
42	-5.66617360234
43	-1.20601476082
44	-8.59817037021
45	-1.24768192683
46	-1.20601476082
47	-10.394740967
48	-1.71599665663
49	-1.20601476082
50	-7.06628388064
51	-1.24768192683
52	-1.65507508925
53	-3.07662534109
54	-1.24768192683
55	-1.65507508925
56	-6.05988709738
57	-1.43313893916
58	-1.6485550355
59	-11.4255011776
60	-6.55723603148
61	-1.6485550355
62	-9.28924714497
63	-1.24768192683
64	-1.65507508925
65	-5.36051959555
66	-1.43313893916
67	-1.65507508925
68	-5.02052392722
69	-1.70069801618
70	-1.39104399713
71	-10.3397216935
72	-1.71599665663
73	-1.39104399713
74	-7.67675103544
75	-1.71599665663
76	-1.65507508925
77	-2.32402328444
78	-1.71599665663
79	-1.65507508925
80	-2.32402328444
81	-1.24768192683
82	-1.6485550355
83	-5.43061872409
84	-1.24768192683
85	-1.20601476082
86	-4.48462541169
87	-1.43313893916
88	-1.39104399713
89	-16.3668170977
90	-9.92297313646
91	-1.39104399713
92	-7.67675103544
93	-1.71599665663
94	-1.6485550355
95	-2.32402328444
96	-1.43313893916
97	-1.39104399713
98	-2.32402328444
99	-1.43313893916
100	-1.65507508925
101	-3.3197422027
102	-1.24768192683
103	-1.6485550355
104	-3.3197422027
105	-6.94264318854
106	-1.65507508925
107	-11.6545525161
108	-1.70069801618
109	-1.6485550355
110	-4.48462541169
111	-1.71599665663
112	-1.65507508925
113	-9.53606127832
114	-1.43313893916
115	-1.6485550355
116	-7.32887316505
117	-1.71599665663
118	-1.6485550355
119	-4.06844844168
120	-1.70069801618
121	-1.20601476082
122	-6.6355634816
123	-1.24768192683
124	-1.20601476082
125	-6.66133727242
126	-1.43313893916
127	-1.20601476082
128	-3.07662534109
129	-1.24768192683
130	-1.39104399713
131	-3.07662534109
132	-1.70069801618
133	-1.39104399713
134	-5.72991573007
135	-1.43313893916
136	-1.65507508925
137	-15.9842523572
138	-1.43313893916
139	-1.65507508925
140	-6.59673596361
141	-1.43313893916
142	-1.20601476082
143	-5.52556639559
144	-1.70069801618
145	-1.20601476082
146	-2.53352673187
147	-1.71599665663
148	-1.6485550355
149	-4.48462541169
150	-1.71599665663
151	-6.58829942766
152	-9.7164805743
153	-1.70069801618
154	-1.6485550355
155	-4.69545378213
156	-1.24768192683
157	-1.6485550355
158	-7.51808390908
159	-1.24768192683
160	-1.65507508925
161	-7.62638163434
162	-1.71599665663
163	-1.65507508925
164	-6.78207220391
165	-1.24768192683
166	-1.20601476082
167	-6.00116088394
168	-8.28413125547
169	-10.0295013673
170	-4.48462541169
171	-1.70069801618
172	-1.6485550355
173	-18.900777656
174	-1.43313893916
175	-1.6485550355
176	-8.56651929983
177	-1.24768192683
178	-1.39104399713
179	-9.24194554716
180	-1.71599665663
181	-1.6485550355
182	-7.57821988785
183	-1.70069801618
184	-1.20601476082
185	-7.57100190825
186	-1.70069801618
187	-7.22045975635
188	-6.37112714747
189	-8.91203722216
190	-1.65507508925
191	-6.05988709738
192	-1.71599665663
193	-1.39104399713
194	-7.92352991962
195	-1.24768192683
196	-1.39104399713
197	-2.32402328444
198	-1.43313893916
199	-1.20601476082
200	-2.32402328444
201	-1.24768192683
202	-1.39104399713
203	-7.8114331001
204	-1.24768192683
205	-1.39104399713
206	-9.44287962575
207	-1.24768192683
208	-1.39104399713
209	-4.5627443902
210	-1.71599665663
211	-1.39104399713
212	-7.36790392749
213	-1.43313893916
214	-1.39104399713
215	-5.92322658893
216	-1.71599665663
217	-1.20601476082
218	-4.69545378213
219	-1.70069801618
220	-1.20601476082
221	-2.32402328444
222	-1.71599665663
223	-1.6485550355
224	-2.32402328444
225	-1.70069801618
226	-1.6485550355
227	-5.53304620127
228	-1.43313893916
229	-1.39104399713
230	-2.32402328444
231	-1.24768192683
232	-1.6485550355
233	-4.48462541169
234	-1.24768192683
235	-1.65507508925
236	-11.9727253904
237	-1.43313893916
238	-1.20601476082
239	-4.26720010814
240	-1.43313893916
241	-1.39104399713
242	-19.3352448623
243	-1.24768192683
244	-1.20601476082
245	-3.07662534109
246	-1.24768192683
247	-1.39104399713
248	-9.80538538206
249	-1.24768192683
250	-1.39104399713
251	-3.07662534109
252	-5.47564866849
253	-1.39104399713
254	-5.52640429022
255	-1.43313893916
256	-1.39104399713
257	-3.3197422027
258	-1.24768192683
259	-1.65507508925
260	-4.69545378213
261	-1.24768192683
262	-1.39104399713
263	-3.3197422027
264	-1.71599665663
265	-1.39104399713
266	-8.71258122493
267	-1.24768192683
268	-1.65507508925
269	-2.32402328444
270	-8.15797558694
271	-1.6485550355
272	-4.69545378213
273	-1.43313893916
274	-1.20601476082
275	-10.0231200563
276	-6.89109138015
277	-1.39104399713
278	-9.91106097638
279	-1.24768192683
280	-1.20601476082
281	-9.09018699032
282	-6.55723603148
283	-1.6485550355
284	-7.11601500123
285	-1.43313893916
286	-1.6485550355
287	-8.17446555285
288	-1.43313893916
289	-1.39104399713
290	-2.53352673187
291	-8.26192656274
292	-1.39104399713
293	-2.32402328444
294	-1.71599665663
295	-1.20601476082
296	-2.32402328444
297	-1.43313893916
298	-1.20601476082
299	-2.53352673187
300	-1.43313893916
301	-1.65507508925
302	-8.15333263066
303	-1.43313893916
304	-1.39104399713
305	-2.32402328444
306	-1.24768192683
307	-1.39104399713
308	-15.4257447738
309	-1.43313893916
310	-1.20601476082
311	-2.53352673187
312	-1.70069801618
313	-1.20601476082
314	-5.92322658893
315	-1.24768192683
316	-1.39104399713
317	-7.57100190825
318	-1.43313893916
319	-1.6485550355
320	-8.81693606111
321	-1.24768192683
322	-1.20601476082
323	-4.48462541169
324	-1.24768192683
325	-1.65507508925
326	-9.80928630918
327	-1.24768192683
328	-1.20601476082
329	-8.49168054754
330	-1.43313893916
331	-1.39104399713
332	-4.5627443902
333	-1.24768192683
334	-1.65507508925
335	-3.3197422027
336	-1.24768192683
337	-1.65507508925
338	-4.48462541169
339	-1.71599665663
340	-1.20601476082
341	-4.69545378213
342	-1.24768192683
343	-1.65507508925
344	-7.20237465902
345	-1.71599665663
346	-1.39104399713
347	-6.44689659232
348	-1.70069801618
349	-1.65507508925
350	-8.50115215074
351	-1.70069801618
352	-1.20601476082
353	-6.37227955288
354	-1.71599665663
355	-1.39104399713
356	-4.06844844168
357	-10.1934306839
358	-1.6485550355
359	-8.0622186922
360	-1.70069801618
361	-1.39104399713
362	-7.81706915121
363	-1.43313893916
364	-1.39104399713
365	-2.32402328444
366	-1.70069801618
367	-1.20601476082
368	-4.69545378213
369	-1.43313893916
370	-1.20601476082
371	-12.407078395
372	-1.70069801618
373	-1.6485550355
374	-4.06844844168
375	-1.24768192683
376	-1.20601476082
377	-13.5885273584
378	-1.71599665663
379	-1.39104399713
380	-12.8769649782
381	-1.43313893916
382	-1.39104399713
383	-7.20623340231
384	-7.15825382988
385	-1.20601476082
386	-9.56771080985
387	-6.9886893118
388	-1.20601476082
389	-6.37112714747
390	-1.70069801618
391	-1.39104399713
392	-11.1959813949
393	-12.1721130486
394	-1.20601476082
395	-4.5627443902
396	-1.43313893916
397	-7.51332605327
398	-10.914138625
399	-1.71599665663
400	-1.65507508925
401	-6.02788104831
402	-1.70069801618
403	-8.0942459253
404	-5.52640429022
405	-1.70069801618
406	-1.65507508925
407	-3.07662534109
408	-1.43313893916
409	-1.6485550355
410	-3.07662534109
411	-1.71599665663
412	-1.20601476082
413	-2.53352673187
414	-1.24768192683
415	-1.20601476082
416	-5.36051959555
417	-1.70069801618
418	-1.39104399713
419	-15.1491871236
420	-1.43313893916
421	-1.39104399713
422	-6.42100764007
423	-6.58440599606
424	-1.39104399713
425	-3.07662534109
426	-1.24768192683
427	-1.20601476082
428	-7.20237465902
429	-1.24768192683
430	-1.39104399713
431	-7.58878430565
432	-1.24768192683
433	-1.20601476082
434	-3.3197422027
435	-1.70069801618
436	-1.20601476082
437	-5.73735689684
438	-1.43313893916
439	-1.20601476082
440	-16.4147564099
441	-1.70069801618
442	-8.29536733668
443	-5.84240273629
444	-1.71599665663
445	-1.6485550355
446	-16.2552766839
447	-1.24768192683
448	-1.65507508925
449	-5.84240273629
450	-1.71599665663
451	-1.6485550355
452	-3.07662534109
453	-5.91996725957
454	-1.6485550355
455	-3.07662534109
456	-1.43313893916
457	-9.72553489747
458	-2.53352673187
459	-1.71599665663
460	-1.39104399713
461	-5.81210033397
462	-1.70069801618
463	-1.6485550355
464	-2.32402328444
465	-1.24768192683
466	-1.39104399713
467	-5.19628073703
468	-1.70069801618
469	-1.39104399713
470	-6.59529847157
471	-1.70069801618
472	-1.20601476082
473	-3.3197422027
474	-1.70069801618
475	-1.6485550355
476	-7.31874826289
477	-1.43313893916
478	-12.2151224765
479	-6.47213618101
480	-1.43313893916
481	-1.20601476082
482	-2.32402328444
483	-1.70069801618
484	-1.20601476082
485	-4.26720010814
486	-8.71456823186
487	-1.39104399713
488	-2.32402328444
