#Site	lnL	
0	-1.76750559932
1	-1.33269569018
2	-6.6602966764
3	-1.36274958007
4	-1.51726042727
5	-9.98477759295
6	-1.36274958007
7	-1.352190763
8	-5.58225314516
9	-1.36274958007
10	-1.352190763
11	-8.89060090214
12	-7.46902497698
13	-1.33269569018
14	-1.95761489763
15	-1.36274958007
16	-7.39239150423
17	-2.06113541199
18	-1.36274958007
19	-6.57922814499
20	-2.59507387371
21	-1.34542869042
22	-1.352190763
23	-7.65837482992
24	-1.34542869042
25	-1.352190763
26	-6.48914679851
27	-1.53209203748
28	-1.51726042727
29	-1.95761489763
30	-1.76750559932
31	-1.33269569018
32	-11.274817982
33	-1.34542869042
34	-1.33269569018
35	-5.3807600194
36	-7.89197802634
37	-1.75291229731
38	-8.06285771072
39	-1.53209203748
40	-1.75291229731
41	-4.32330743589
42	-1.36274958007
43	-1.33269569018
44	-12.9181247472
45	-1.34542869042
46	-1.75291229731
47	-2.36880683348
48	-1.36274958007
49	-1.33269569018
50	-4.77136774129
51	-6.0176139801
52	-1.33269569018
53	-5.3807600194
54	-1.34542869042
55	-1.352190763
56	-2.59507387371
57	-1.34542869042
58	-1.33269569018
59	-4.91152403953
60	-1.53209203748
61	-1.51726042727
62	-9.57232645452
63	-1.36274958007
64	-1.352190763
65	-2.06113541199
66	-1.36274958007
67	-1.352190763
68	-9.51365794086
69	-1.34542869042
70	-9.92974013952
71	-14.3854547464
72	-1.34542869042
73	-1.352190763
74	-15.7318815138
75	-1.53209203748
76	-1.33269569018
77	-5.97807202506
78	-1.53209203748
79	-1.352190763
80	-9.03229781709
81	-9.72956983503
82	-1.352190763
83	-7.26214967342
84	-1.34542869042
85	-1.51726042727
86	-2.36880683348
87	-1.76750559932
88	-1.352190763
89	-5.61468282933
90	-1.34542869042
91	-1.51726042727
92	-1.95761489763
93	-7.46902497698
94	-1.51726042727
95	-5.97807202506
96	-1.36274958007
97	-1.75291229731
98	-4.32330743589
99	-7.02782207411
100	-1.75291229731
101	-8.06739365405
102	-1.36274958007
103	-1.33269569018
104	-2.59507387371
105	-1.53209203748
106	-1.352190763
107	-5.49445596093
108	-1.36274958007
109	-1.51726042727
110	-4.32330743589
111	-6.48244050402
112	-1.75291229731
113	-9.01461178871
114	-1.53209203748
115	-1.352190763
116	-5.61468282933
117	-1.76750559932
118	-1.33269569018
119	-11.6507539547
120	-1.34542869042
121	-1.75291229731
122	-2.36880683348
123	-1.53209203748
124	-1.75291229731
125	-5.16034849458
126	-1.34542869042
127	-1.75291229731
128	-2.06113541199
129	-1.36274958007
130	-1.352190763
131	-6.2804702917
132	-1.53209203748
133	-1.33269569018
134	-10.6374574932
135	-1.34542869042
136	-1.75291229731
137	-6.44934647684
138	-1.34542869042
139	-1.33269569018
140	-20.8053635688
141	-1.76750559932
142	-1.51726042727
143	-5.27170456316
144	-1.34542869042
145	-1.51726042727
146	-1.95761489763
147	-1.36274958007
148	-1.33269569018
149	-2.06113541199
150	-1.53209203748
151	-1.33269569018
152	-4.91152403953
153	-1.53209203748
154	-1.51726042727
155	-2.36880683348
156	-1.76750559932
157	-1.33269569018
158	-2.36880683348
159	-1.53209203748
160	-1.75291229731
161	-10.5185906511
162	-1.34542869042
163	-1.33269569018
164	-5.61468282933
165	-7.01372034379
166	-7.64942979656
167	-5.55467059352
168	-1.53209203748
169	-1.352190763
170	-4.32330743589
171	-1.34542869042
172	-1.75291229731
173	-1.95761489763
174	-1.36274958007
175	-1.51726042727
176	-7.54132208782
177	-1.36274958007
178	-1.352190763
179	-2.36880683348
180	-1.36274958007
181	-1.352190763
182	-5.85936305079
183	-1.76750559932
184	-1.33269569018
185	-11.7224405582
186	-7.26074816351
187	-1.352190763
188	-2.59507387371
189	-1.36274958007
190	-1.75291229731
191	-1.95761489763
192	-1.76750559932
193	-1.33269569018
194	-10.4068455643
195	-1.53209203748
196	-1.352190763
197	-4.77136774129
198	-1.36274958007
199	-1.75291229731
200	-10.266142521
201	-1.53209203748
202	-1.352190763
203	-13.982985224
204	-10.6930633106
205	-1.33269569018
206	-10.3426623334
207	-1.76750559932
208	-1.33269569018
209	-2.59507387371
210	-1.34542869042
211	-1.33269569018
212	-13.5657723457
213	-1.76750559932
214	-6.33518819446
215	-2.06113541199
216	-1.36274958007
217	-1.51726042727
218	-7.52576745113
219	-1.53209203748
220	-1.352190763
221	-2.36880683348
222	-1.36274958007
223	-1.51726042727
224	-1.95761489763
225	-1.36274958007
226	-1.75291229731
227	-12.1267262719
228	-1.36274958007
229	-1.33269569018
230	-6.55180098647
231	-1.34542869042
232	-1.51726042727
233	-5.55467059352
234	-7.52321089222
235	-1.352190763
236	-1.95761489763
237	-1.53209203748
238	-1.33269569018
239	-8.06739365405
240	-1.34542869042
241	-1.51726042727
242	-4.77136774129
243	-1.53209203748
244	-1.75291229731
245	-5.16034849458
246	-1.34542869042
247	-1.33269569018
248	-2.36880683348
249	-1.34542869042
250	-5.85846891342
251	-11.6203834002
252	-1.34542869042
253	-1.75291229731
254	-2.06113541199
255	-1.76750559932
256	-1.51726042727
257	-17.5755180872
258	-1.76750559932
259	-1.75291229731
260	-2.06113541199
261	-1.34542869042
262	-1.352190763
263	-1.95761489763
264	-1.76750559932
265	-1.75291229731
266	-15.7736972124
267	-1.76750559932
268	-1.51726042727
269	-2.36880683348
270	-9.38902735222
271	-1.33269569018
272	-8.6027229234
273	-1.36274958007
274	-7.23274267176
275	-7.98203003717
276	-1.53209203748
277	-1.75291229731
278	-2.06113541199
279	-9.85537503327
280	-1.51726042727
281	-1.95761489763
282	-1.36274958007
283	-1.51726042727
284	-8.10565581878
285	-1.76750559932
286	-1.51726042727
287	-5.55467059352
288	-1.76750559932
289	-1.33269569018
290	-14.9251251712
291	-1.76750559932
292	-16.6068975445
293	-12.4723314314
294	-1.53209203748
295	-1.51726042727
296	-1.95761489763
297	-1.76750559932
298	-6.11626942594
299	-12.64566865
300	-1.34542869042
301	-9.99216111901
302	-7.65484517079
303	-1.36274958007
304	-1.33269569018
305	-8.12153422303
306	-1.53209203748
307	-1.33269569018
308	-7.9562662826
309	-1.53209203748
310	-5.87094762035
311	-2.06113541199
312	-1.53209203748
313	-1.51726042727
314	-11.4246983741
315	-1.76750559932
316	-1.352190763
317	-7.54132208782
318	-1.76750559932
319	-1.33269569018
320	-7.78938899656
321	-1.53209203748
322	-1.51726042727
323	-6.05389292414
324	-1.34542869042
325	-1.75291229731
326	-9.12085976785
327	-1.36274958007
328	-1.352190763
329	-8.2248909753
330	-1.36274958007
331	-1.352190763
332	-5.75276750555
333	-1.53209203748
334	-1.33269569018
335	-9.82618143343
336	-1.34542869042
337	-1.352190763
338	-1.95761489763
339	-1.36274958007
340	-1.51726042727
341	-5.50061932587
342	-1.34542869042
343	-1.33269569018
344	-4.91152403953
345	-1.76750559932
346	-1.352190763
347	-1.95761489763
348	-1.76750559932
349	-1.75291229731
350	-10.6410119741
351	-1.53209203748
352	-1.352190763
353	-13.5958414912
354	-1.36274958007
355	-1.352190763
356	-14.3247751684
357	-1.36274958007
358	-1.33269569018
359	-12.4593943525
360	-1.36274958007
361	-1.352190763
362	-15.5255743996
363	-1.76750559932
364	-10.8979466833
365	-10.4816277126
366	-1.53209203748
367	-1.33269569018
368	-12.4990412007
369	-1.53209203748
370	-1.352190763
371	-2.36880683348
372	-1.76750559932
373	-1.33269569018
374	-9.36413700527
375	-1.36274958007
376	-1.75291229731
377	-8.09272192133
378	-1.34542869042
379	-1.51726042727
380	-7.13697446738
381	-1.76750559932
382	-1.33269569018
383	-5.9950316211
384	-1.36274958007
385	-1.352190763
386	-7.54132208782
387	-1.53209203748
388	-1.33269569018
389	-8.89093712886
390	-1.34542869042
391	-1.51726042727
392	-9.2241775428
393	-1.34542869042
394	-1.75291229731
395	-9.54519121511
396	-1.53209203748
397	-1.33269569018
398	-5.85936305079
399	-10.7072709803
400	-1.75291229731
401	-7.84223885387
402	-1.76750559932
403	-1.33269569018
404	-1.95761489763
405	-1.76750559932
406	-1.75291229731
407	-8.31587819065
408	-1.36274958007
409	-1.51726042727
410	-2.59507387371
411	-1.76750559932
412	-1.75291229731
413	-6.55180098647
414	-1.36274958007
415	-1.51726042727
416	-1.95761489763
417	-1.34542869042
418	-1.75291229731
419	-2.59507387371
420	-1.53209203748
421	-1.33269569018
422	-14.9726840978
423	-1.34542869042
424	-1.352190763
425	-9.1941052852
426	-1.36274958007
427	-1.75291229731
428	-15.8407446386
429	-1.76750559932
430	-1.352190763
431	-2.59507387371
432	-1.53209203748
433	-1.51726042727
434	-7.52678850505
435	-1.53209203748
436	-1.51726042727
437	-4.77136774129
438	-1.36274958007
439	-1.51726042727
440	-10.6910560864
441	-1.53209203748
442	-1.33269569018
443	-1.95761489763
444	-7.021784656
445	-1.352190763
446	-13.7892372518
447	-5.73434150279
448	-1.33269569018
449	-7.03079881492
450	-1.53209203748
451	-1.51726042727
452	-5.39774420445
453	-1.53209203748
454	-1.33269569018
455	-10.5034250794
456	-1.36274958007
457	-1.352190763
458	-2.59507387371
459	-1.34542869042
460	-1.33269569018
461	-1.95761489763
462	-1.34542869042
463	-1.51726042727
464	-5.16034849458
465	-1.36274958007
466	-7.23274267176
467	-11.4811426389
468	-1.53209203748
469	-1.75291229731
470	-7.59518004532
471	-1.36274958007
472	-1.352190763
473	-4.91152403953
474	-1.34542869042
475	-1.51726042727
476	-1.95761489763
477	-1.76750559932
478	-1.75291229731
479	-7.59518004532
480	-1.34542869042
481	-1.352190763
482	-6.18952942251
483	-1.76750559932
484	-1.352190763
485	-2.06113541199
486	-1.36274958007
487	-1.33269569018
488	-2.36880683348
