# log_p 	 lnL 	 
0.0	-1725.14441884	
-0.287682072452	-1725.13303349	
-0.510825623766	-1725.12188348	
-0.69314718056	-1725.11272324	
-0.847297860387	-1725.10594722	
-0.980829253012	-1725.10133022	
-1.09861228867	-1725.09846685	
-1.20397280433	-1725.09695036	
-1.29928298413	-1725.0964256	
-1.38629436112	-1725.09659797	
-1.46633706879	-1725.09723096	
-1.54044504095	-1725.09814159	
-1.60943791243	-1725.09919518	
-1.67397643357	-1725.10029935	
-1.73460105539	-1725.10139747	
-1.79175946923	-1725.10246168	
-1.8458266905	-1725.10348621	
-1.89711998489	-1725.10448123	
-1.94591014906	-1725.10546753	
-1.99243016469	-1725.10647221	
-2.03688192726	-1725.10752523	
-2.07944154168	-1725.1086569	
-2.1202635362	-1725.10989604	
-2.15948424935	-1725.11126886	
-2.19722457734	-1725.11279821	
-2.23359222151	-1725.11450328	
-2.26868354132	-1725.1163995	
-2.30258509299	-1725.1184987	
-2.33537491582	-1725.12080932	
-2.36712361413	-1725.12333669	
-2.3978952728	-1725.12608344	
-2.42774823595	-1725.12904982	
-2.45673577282	-1725.13223401	
-2.48490664979	-1725.13563252	
-2.51230562398	-1725.13924044	
-2.53897387106	-1725.14305172	
-2.56494935746	-1725.14705943	
-2.59026716545	-1725.15125595	
-2.61495977804	-1725.15563317	
-2.63905732962	-1725.16018264	
-2.66258782703	-1725.16489571	
-2.68557734525	-1725.16976364	
-2.7080502011	-1725.17477767	
-2.73002910782	-1725.17992914	
-2.75153531304	-1725.18520952	
-2.77258872224	-1725.19061046	
-2.79320800944	-1725.19612384	
-2.81341071676	-1725.2017418	
-2.83321334406	-1725.20745675	
-2.85263142991	-1725.21326138	
-2.87167962488	-1725.2191487	
-2.8903717579	-1725.22511201	
-2.90872089656	-1725.23114492	
-2.92673940207	-1725.23724134	
-2.94443897917	-1725.2433955	
-2.96183072188	-1725.24960189	
-2.97892515524	-1725.25585531	
-2.99573227355	-1725.26215085	
-3.01226157551	-1725.26848383	
-3.02852209638	-1725.27484986	
-3.04452243772	-1725.2812448	
-3.06027079469	-1725.28766472	
-3.07577498123	-1725.29410594	
-3.09104245336	-1725.300565	
-3.10608033072	-1725.30703863	
-3.12089541651	-1725.31352377	
-3.13549421593	-1725.32001753	
-3.14988295338	-1725.32651722	
-3.16406758837	-1725.3330203	
-3.17805383035	-1725.33952439	
-3.19184715248	-1725.34602726	
-3.20545280454	-1725.35252683	
-3.21887582487	-1725.35902114	
-3.23212105162	-1725.36550836	
-3.24519313319	-1725.37198679	
-3.25809653802	-1725.37845482	
-3.2708355638	-1725.38491097	
-3.28341434601	-1725.39135385	
-3.295836866	-1725.39778215	
-3.3081069586	-1725.40419466	
-3.32022831913	-1725.41059025	
-3.33220451018	-1725.41696788	
-3.34403896782	-1725.42332656	
-3.35573500759	-1725.4296654	
-3.36729582999	-1725.43598354	
-3.37872452581	-1725.4422802	
-3.39002408106	-1725.44855466	
-3.40119738166	-1725.45480625	
-3.41224721785	-1725.46103434	
-3.42317628838	-1725.46723837	
-3.43398720449	-1725.47341781	
-3.4446824936	-1725.47957217	
-3.45526460293	-1725.48570101	
-3.4657359028	-1725.49180391	
-3.47609868984	-1725.49788051	
-3.48635519	-1725.50393046	
-3.49650756147	-1725.50995346	
-3.50655789732	-1725.51594923	
-3.51650822817	-1725.5219175	
-3.52636052462	-1725.52785807	
-3.53611669956	-1725.53377071	
-3.54577861047	-1725.53965525	
-3.55534806149	-1725.54551154	
-3.56482680544	-1725.55133944	
-3.57421654579	-1725.55713881	
-3.58351893846	-1725.56290957	
-3.59273559356	-1725.56865163	
-3.60186807712	-1725.57436491	
-3.61091791264	-1725.58004937	
-3.61988658263	-1725.58570496	
-3.62877553004	-1725.59133165	
-3.63758615973	-1725.59692943	
-3.6463198397	-1725.60249829	
-3.65497790244	-1725.60803824	
-3.66356164613	-1725.61354929	
-3.6720723358	-1725.61903147	
-3.68051120444	-1725.62448482	
-3.68887945411	-1725.62990938	
-3.69717825693	-1725.6353052	
-3.70540875607	-1725.64067233	
-3.7135720667	-1725.64601085	
-3.72166927694	-1725.65132081	
-3.72970144863	-1725.65660231	
-3.73766961828	-1725.66185542	
-3.74557479779	-1725.66708023	
-3.75341797525	-1725.67227684	
-3.76120011569	-1725.67744534	
-3.76892216179	-1725.68258583	
-3.77658503453	-1725.68769842	
-3.78418963392	-1725.69278322	
-3.79173683955	-1725.69784034	
-3.79922751128	-1725.70286989	
-3.80666248977	-1725.70787201	
-3.81404259707	-1725.7128468	
-3.82136863716	-1725.71779439	
-3.82864139649	-1725.72271492	
-3.83586164446	-1725.7276085	
-3.84303013394	-1725.73247526	
-3.85014760171	-1725.73731535	
-3.85721476893	-1725.74212889	
-3.86423234159	-1725.74691603	
-3.87120101091	-1725.75167689	
-3.87812145375	-1725.75641161	
-3.88499433304	-1725.76112034	
-3.89182029811	-1725.76580321	
-3.8985999851	-1725.77046037	
-3.90533401728	-1725.77509196	
-3.91202300543	-1725.77969812	
-3.91866754815	-1725.78427899	
-3.92526823218	-1725.78883471	
-3.93182563272	-1725.79336544	
-3.93834031375	-1725.79787132	
-3.94481282825	-1725.80235248	
-3.95124371858	-1725.80680908	
-3.95763351668	-1725.81124125	
-3.96398274436	-1725.81564916	
-3.97029191355	-1725.82003293	
-3.97656152657	-1725.82439271	
-3.98279207632	-1725.82872866	
-3.98898404656	-1725.83304091	
-3.99513791214	-1725.83732961	
-4.00125413916	-1725.8415949	
-4.00733318523	-1725.84583693	
-4.01337549969	-1725.85005583	
-4.01938152375	-1725.85425176	
-4.02535169074	-1725.85842486	
-4.03128642625	-1725.86257527	
-4.03718614838	-1725.86670312	
-4.04305126783	-1725.87080857	
-4.04888218815	-1725.87489175	
-4.05467930583	-1725.8789528	
-4.06044301055	-1725.88299187	
-4.06617368526	-1725.88700909	
-4.07187170637	-1725.8910046	
-4.07753744391	-1725.89497854	
-4.08317126162	-1725.89893105	
-4.08877351717	-1725.90286226	
-4.09434456222	-1725.90677231	
-4.0998847426	-1725.91066133	
-4.10539439841	-1725.91452946	
-4.11087386417	-1725.91837684	
-4.11632346894	-1725.92220359	
-4.12174353641	-1725.92600985	
-4.12713438505	-1725.92979575	
-4.13249632819	-1725.93356143	
-4.13782967416	-1725.937307	
-4.14313472639	-1725.94103261	
-4.14841178349	-1725.94473838	
-4.15366113938	-1725.94842443	
-4.15888308336	-1725.95209091	
-4.16407790024	-1725.95573792	
-4.1692458704	-1725.9593656	
-4.1743872699	-1725.96297407	
-4.17950237056	-1725.96656346	
-4.18459144007	-1725.97013389	
-4.18965474203	-1725.97368548	
-4.19469253606	-1725.97721835	
-4.19970507788	-1725.98073263	
-4.20469261939	-1725.98422843	
-4.20965540873	-1725.98770588	
-4.21459369037	-1725.99116509	
-4.21950770518	-1725.99460617	
-4.22439769047	-1725.99802926	
-4.22926388012	-1726.00143445	
-4.2341065046	-1726.00482187	
-4.23892579103	-1726.00819164	
-4.2437219633	-1726.01154386	
-4.24849524205	-1726.01487865	
-4.25324584481	-1726.01819612	
-4.257973986	-1726.02149638	
-4.26267987704	-1726.02477954	
-4.26736372635	-1726.02804571	
-4.27202573946	-1726.03129501	
-4.27666611902	-1726.03452753	
-4.28128506487	-1726.03774339	
-4.28588277412	-1726.04094269	
-4.29045944115	-1726.04412554	
-4.29501525768	-1726.04729204	
-4.29955041285	-1726.0504423	
-4.3040650932	-1726.05357642	
-4.30855948279	-1726.05669451	
-4.31303376319	-1726.05979666	
-4.31748811354	-1726.06288297	
-4.3219227106	-1726.06595356	
-4.32633772881	-1726.06900851	
-4.33073334029	-1726.07204793	
-4.33510971489	-1726.07507191	
-4.33946702026	-1726.07808055	
-4.34380542185	-1726.08107396	
-4.348125083	-1726.08405222	
-4.3524261649	-1726.08701543	
-4.35670882669	-1726.08996368	
-4.36097322548	-1726.09289707	
-4.36521951636	-1726.0958157	
-4.36944785247	-1726.09871965	
-4.373658385	-1726.10160902	
-4.37785126326	-1726.1044839	
-4.38202663467	-1726.10734437	
-4.38618464482	-1726.11019054	
-4.39032543749	-1726.11302248	
-4.39444915467	-1726.11584029	
-4.39855593663	-1726.11864405	
-4.40264592188	-1726.12143386	
-4.40671924726	-1726.1242098	
-4.41077604796	-1726.12697195	
-4.4148164575	-1726.1297204	
-4.4188406078	-1726.13245523	
-4.42284862919	-1726.13517653	
-4.42684065046	-1726.13788439	
-4.43081679884	-1726.14057888	
-4.43477720006	-1726.14326009	
-4.43872197835	-1726.1459281	
-4.44265125649	-1726.14858298	
-4.44656515581	-1726.15122483	
-4.45046379623	-1726.15385372	
-4.45434729625	-1726.15646972	
-4.45821577303	-1726.15907293	
-4.46206934235	-1726.16166341	
-4.46590811865	-1726.16424124	
-4.46973221509	-1726.16680651	
-4.47354174351	-1726.16935928	
-4.47733681448	-1726.17189963	
-4.48111753732	-1726.17442765	
-4.48488402011	-1726.17694339	
-4.48863636973	-1726.17944694	
-4.49237469184	-1726.18193837	
-4.49609909093	-1726.18441776	
-4.49980967033	-1726.18688517	
-4.50350653221	-1726.18934068	
-4.50718977763	-1726.19178435	
-4.51085950652	-1726.19421627	
-4.51451581772	-1726.1966365	
-4.518158809	-1726.19904511	
-4.52178857705	-1726.20144216	
-4.52540521752	-1726.20382774	
-4.52900882502	-1726.2062019	
-4.53259949315	-1726.20856472	
-4.5361773145	-1726.21091626	
-4.53974238067	-1726.21325659	
-4.54329478227	-1726.21558577	
-4.54683460898	-1726.21790388	
-4.55036194949	-1726.22021097	
-4.5538768916	-1726.22250711	
-4.55737952215	-1726.22479237	
-4.56086992709	-1726.22706681	
-4.56434819147	-1726.2293305	
-4.56781439944	-1726.23158349	
-4.57126863431	-1726.23382585	
-4.5747109785	-1726.23605764	
-4.5781415136	-1726.23827893	
-4.58156032035	-1726.24048977	
-4.58496747867	-1726.24269023	
-4.58836306767	-1726.24488036	
-4.59174716566	-1726.24706023	
-4.59511985013	-1726.24922989	
-4.59848119784	-1726.25138941	
-4.60183128472	-1726.25353885	
-4.60517018599	-1726.25567826	
-4.60849797608	-1726.25780769	
-4.61181472871	-1726.25992722	
-4.61512051684	-1726.26203688	
-4.61841541274	-1726.26413675	
-4.62169948794	-1726.26622688	
-4.62497281328	-1726.26830732	
-4.62823545892	-1726.27037813	
-4.63148749431	-1726.27243937	
-4.63472898823	-1726.27449108	
-4.63796000881	-1726.27653333	
-4.64118062351	-1726.27856616	
-4.64439089914	-1726.28058964	
-4.64759090187	-1726.28260381	
-4.65078069724	-1726.28460873	
-4.65396035016	-1726.28660444	
-4.65712992492	-1726.28859101	
-4.66028948521	-1726.29056848	
-4.66343909411	-1726.2925369	
-4.66657881412	-1726.29449634	
-4.66970870713	-1726.29644682	
-4.67282883446	-1726.29838842	
-4.67593925688	-1726.30032117	
-4.67904003455	-1726.30224513	
-4.68213122712	-1726.30416034	
-4.68521289366	-1726.30606686	
-4.6882850927	-1726.30796473	
-4.69134788223	-1726.309854	
-4.69440131972	-1726.31173473	
-4.6974454621	-1726.31360695	
-4.70048036579	-1726.31547071	
-4.70350608671	-1726.31732607	
-4.70652268025	-1726.31917307	
-4.70953020131	-1726.32101175	
-4.71252870431	-1726.32284216	
-4.71551824316	-1726.32466434	
-4.7184988713	-1726.32647835	
-4.72147064168	-1726.32828423	
-4.72443360681	-1726.33008202	
-4.72738781871	-1726.33187176	
-4.73033332894	-1726.33365351	
-4.73327018862	-1726.3354273	
-4.73619844839	-1726.33719317	
-4.7391181585	-1726.33895118	
-4.74202936871	-1726.34070137	
-4.74493212836	-1726.34244377	
-4.74782648639	-1726.34417843	
-4.75071249128	-1726.34590539	
-4.75359019111	-1726.3476247	
-4.75645963353	-1726.34933639	
-4.75932086582	-1726.35104051	
-4.7621739348	-1726.3527371	
-4.76501888693	-1726.3544262	
-4.76785576827	-1726.35610784	
-4.77068462447	-1726.35778208	
-4.77350550081	-1726.35944895	
-4.77631844218	-1726.36110848	
-4.77912349311	-1726.36276073	
-4.78192069773	-1726.36440572	
-4.78471009982	-1726.3660435	
-4.78749174278	-1726.3676741	
-4.79026566966	-1726.36929757	
-4.79303192316	-1726.37091394	
-4.7957905456	-1726.37252326	
-4.79854157897	-1726.37412555	
-4.80128506491	-1726.37572086	
-4.80402104473	-1726.37730922	
-4.80674955939	-1726.37889067	
-4.8094706495	-1726.38046524	
-4.81218435537	-1726.38203298	
-4.81489071697	-1726.38359392	
-4.81758977394	-1726.3851481	
-4.82028156561	-1726.38669555	
-4.82296613098	-1726.3882363	
-4.82564350875	-1726.3897704	
-4.8283137373	-1726.39129787	
-4.83097685472	-1726.39281876	
-4.83363289878	-1726.39433309	
-4.83628190695	-1726.39584091	
-4.83892391641	-1726.39734224	
-4.84155896405	-1726.39883712	
-4.84418708646	-1726.40032558	
-4.84680831994	-1726.40180766	
-4.84942270051	-1726.4032834	
-4.85203026392	-1726.40475281	
-4.85463104562	-1726.40621595	
-4.8572250808	-1726.40767283	
-4.85981240436	-1726.4091235	
-4.86239305096	-1726.41056798	
-4.86496705495	-1726.4120063	
-4.86753445046	-1726.41343851	
-4.87009527132	-1726.41486462	
-4.87264955112	-1726.41628468	
-4.8751973232	-1726.41769871	
-4.87773862063	-1726.41910675	
-4.88027347623	-1726.42050882	
-4.88280192259	-1726.42190495	
-4.88532399202	-1726.42329519	
-4.88783971662	-1726.42467955	
-4.89034912822	-1726.42605807	
-4.89285225844	-1726.42743077	
-4.89534913864	-1726.42879769	
-4.89783979995	-1726.43015886	
-4.90032427328	-1726.43151431	
-4.90280258929	-1726.43286406	
-4.90527477844	-1726.43420814	
-4.90774087093	-1726.43554659	
-4.91020089677	-1726.43687943	
-4.91265488574	-1726.43820669	
-4.91510286737	-1726.4395284	
-4.91754487103	-1726.44084459	
-4.91998092583	-1726.44215529	
-4.92241106068	-1726.44346051	
-4.92483530429	-1726.4447603	
-4.92725368516	-1726.44605468	
-4.92966623156	-1726.44734367	
-4.93207297159	-1726.44862731	
-4.93447393313	-1726.44990561	
-4.93686914386	-1726.45117861	
-4.93925863125	-1726.45244634	
-4.94164242261	-1726.45370882	
-4.94402054501	-1726.45496607	
-4.94639302537	-1726.45621812	
-4.94875989038	-1726.45746501	
-4.95112116656	-1726.45870675	
-4.95347688026	-1726.45994337	
-4.9558270576	-1726.46117489	
-4.95817172456	-1726.46240135	
-4.96051090691	-1726.46362277	
-4.96284463026	-1726.46483916	
-4.96517292002	-1726.46605057	
-4.96749580144	-1726.467257	
-4.96981329958	-1726.4684585	
-4.97212543933	-1726.46965507	
-4.97443224543	-1726.47084675	
-4.97673374242	-1726.47203356	
-4.97902995468	-1726.47321552	
-4.98132090643	-1726.47439266	
-4.98360662171	-1726.475565	
-4.98588712441	-1726.47673257	
-4.98816243824	-1726.47789538	
-4.99043258678	-1726.47905347	
-4.99269759341	-1726.48020686	
-4.99495748138	-1726.48135556	
-4.99721227376	-1726.4824996	
-4.9994619935	-1726.48363901	
-5.00170666335	-1726.48477381	
-5.00394630595	-1726.48590402	
-5.00618094375	-1726.48702965	
-5.00841059907	-1726.48815075	
-5.0106352941	-1726.48926732	
-5.01285505083	-1726.49037939	
-5.01506989116	-1726.49148698	
-5.01727983681	-1726.49259011	
-5.01948490937	-1726.49368881	
-5.02168513028	-1726.49478309	
-5.02388052085	-1726.49587298	
-5.02607110223	-1726.4969585	
-5.02825689545	-1726.49803967	
-5.03043792139	-1726.49911651	
-5.03261420082	-1726.50018904	
-5.03478575433	-1726.50125729	
-5.03695260241	-1726.50232127	
-5.03911476542	-1726.503381	
-5.04127226356	-1726.50443651	
-5.04342511692	-1726.50548781	
-5.04557334546	-1726.50653493	
-5.047716969	-1726.50757788	
-5.04985600725	-1726.50861669	
-5.05199047978	-1726.50965137	
-5.05412040604	-1726.51068195	
-5.05624580535	-1726.51170844	
-5.05836669692	-1726.51273086	
-5.06048309982	-1726.51374924	
-5.06259503303	-1726.51476359	
-5.06470251537	-1726.51577394	
-5.06680556556	-1726.51678029	
-5.06890420222	-1726.51778268	
-5.07099844382	-1726.51878111	
-5.07308830874	-1726.51977562	
-5.07517381523	-1726.52076621	
-5.07725498144	-1726.5217529	
-5.07933182538	-1726.52273572	
-5.08140436498	-1726.52371468	
-5.08347261805	-1726.5246898	
-5.08553660227	-1726.52566109	
-5.08759633523	-1726.52662859	
-5.08965183441	-1726.5275923	
-5.09170311719	-1726.52855224	
-5.09375020081	-1726.52950843	
-5.09579310244	-1726.53046089	
-5.09783183913	-1726.53140963	
-5.09986642782	-1726.53235468	
-5.10189688537	-1726.53329604	
-5.10392322852	-1726.53423375	
-5.1059454739	-1726.5351678	
-5.10796363806	-1726.53609823	
-5.10997773743	-1726.53702505	
-5.11198778836	-1726.53794827	
-5.11399380708	-1726.53886792	
-5.11599580975	-1726.539784	
-5.11799381242	-1726.54069654	
-5.11998783102	-1726.54160555	
-5.12197788143	-1726.54251105	
-5.1239639794	-1726.54341305	
-5.12594614061	-1726.54431158	
-5.12792438062	-1726.54520664	
-5.12989871492	-1726.54609826	
-5.13186915891	-1726.54698644	
-5.13383572788	-1726.54787121	
-5.13579843705	-1726.54875258	
-5.13775730154	-1726.54963056	
-5.13971233637	-1726.55050518	
-5.1416635565	-1726.55137645	
-5.14361097679	-1726.55224438	
-5.145554612	-1726.55310898	
-5.14749447681	-1726.55397029	
-5.14943058584	-1726.5548283	
-5.15136295359	-1726.55568303	
-5.1532915945	-1726.5565345	
-5.15521652291	-1726.55738273	
-5.15713775309	-1726.55822773	
-5.15905529921	-1726.5590695	
-5.1609691754	-1726.55990808	
-5.16287939565	-1726.56074347	
-5.16478597392	-1726.56157569	
-5.16668892407	-1726.56240475	
-5.16858825987	-1726.56323067	
-5.17048399504	-1726.56405346	
-5.17237614319	-1726.56487313	
-5.17426471788	-1726.5656897	
-5.17614973257	-1726.56650319	
-5.17803120067	-1726.5673136	
-5.1799091355	-1726.56812096	
-5.18178355029	-1726.56892527	
-5.18365445823	-1726.56972654	
-5.1855218724	-1726.5705248	
-5.18738580584	-1726.57132006	
-5.18924627149	-1726.57211233	
-5.19110328224	-1726.57290162	
-5.19295685089	-1726.57368794	
-5.19480699018	-1726.57447132	
-5.19665371277	-1726.57525176	
-5.19849703127	-1726.57602928	
-5.20033695819	-1726.57680388	
-5.202173506	-1726.57757559	
-5.20400668708	-1726.57834442	
-5.20583651375	-1726.57911037	
-5.20766299828	-1726.57987346	
-5.20948615284	-1726.58063371	
-5.21130598956	-1726.58139113	
-5.21312252048	-1726.58214573	
-5.21493575761	-1726.58289752	
-5.21674571285	-1726.58364651	
-5.21855239808	-1726.58439272	
-5.22035582508	-1726.58513616	
-5.22215600558	-1726.58587684	
-5.22395295126	-1726.58661478	
-5.22574667371	-1726.58734998	
-5.22753718449	-1726.58808246	
-5.22932449506	-1726.58881224	
-5.23110861685	-1726.58953931	
-5.23288956123	-1726.5902637	
-5.23466733947	-1726.59098542	
-5.23644196283	-1726.59170447	
-5.23821344248	-1726.59242088	
-5.23998178954	-1726.59313465	
-5.24174701506	-1726.59384579	
-5.24350913005	-1726.59455431	
-5.24526814546	-1726.59526023	
-5.24702407216	-1726.59596356	
-5.24877692099	-1726.59666431	
-5.25052670271	-1726.59736249	
-5.25227342805	-1726.59805811	
-5.25401710765	-1726.59875119	
-5.25575775213	-1726.59944173	
-5.25749537203	-1726.60012975	
-5.25922997784	-1726.60081525	
-5.26096158	-1726.60149825	
-5.2626901889	-1726.60217875	
-5.26441581487	-1726.60285678	
-5.26613846818	-1726.60353234	
-5.26785815906	-1726.60420544	
-5.26957489768	-1726.60487609	
-5.27128869416	-1726.6055443	
-5.27299955856	-1726.60621009	
-5.27470750091	-1726.60687346	
-5.27641253116	-1726.60753442	
-5.27811465923	-1726.60819299	
-5.27981389498	-1726.60884917	
-5.28151024823	-1726.60950297	
-5.28320372874	-1726.61015442	
-5.28489434622	-1726.6108035	
-5.28658211033	-1726.61145025	
-5.28826703069	-1726.61209466	
-5.28994911688	-1726.61273674	
-5.2916283784	-1726.61337652	
-5.29330482472	-1726.61401398	
-5.29497846528	-1726.61464916	
-5.29664930945	-1726.61528205	
-5.29831736655	-1726.61591266	
-5.29998264587	-1726.61654101	
-5.30164515664	-1726.61716711	
-5.30330490806	-1726.61779096	
-5.30496190927	-1726.61841257	
-5.30661616936	-1726.61903196	
-5.3082676974	-1726.61964913	
-5.30991650239	-1726.6202641	
-5.3115625933	-1726.62087686	
-5.31320597904	-1726.62148744	
-5.3148466685	-1726.62209584	
-5.3164846705	-1726.62270207	
-5.31811999384	-1726.62330614	
-5.31975264727	-1726.62390806	
-5.32138263948	-1726.62450784	
-5.32300997914	-1726.62510548	
-5.32463467487	-1726.625701	
-5.32625673524	-1726.62629441	
-5.32787616879	-1726.62688571	
-5.32949298402	-1726.62747491	
-5.33110718937	-1726.62806202	
-5.33271879327	-1726.62864706	
-5.33432780407	-1726.62923002	
-5.33593423012	-1726.62981092	
-5.3375380797	-1726.63038977	
-5.33913936107	-1726.63096657	
-5.34073808243	-1726.63154134	
-5.34233425196	-1726.63211408	
-5.3439278778	-1726.63268481	
-5.34551896803	-1726.63325352	
-5.34710753072	-1726.63382023	
-5.34869357387	-1726.63438495	
-5.35027710548	-1726.63494768	
-5.35185813348	-1726.63550844	
-5.35343666577	-1726.63606722	
-5.35501271022	-1726.63662405	
-5.35658627467	-1726.63717892	
-5.3581573669	-1726.63773186	
-5.35972599468	-1726.63828285	
-5.36129216571	-1726.63883192	
-5.36285588769	-1726.63937907	
-5.36441716825	-1726.6399243	
-5.36597601502	-1726.64046764	
-5.36753243557	-1726.64100907	
-5.36908643744	-1726.64154862	
-5.37063802813	-1726.64208629	
-5.37218721511	-1726.64262209	
-5.37373400583	-1726.64315602	
-5.37527840768	-1726.6436881	
-5.37682042804	-1726.64421833	
-5.37836007422	-1726.64474671	
-5.37989735354	-1726.64527326	
-5.38143227326	-1726.64579799	
-5.38296484061	-1726.6463209	
-5.38449506279	-1726.64684199	
-5.38602294697	-1726.64736129	
-5.38754850028	-1726.64787878	
-5.38907172982	-1726.64839449	
-5.39059264266	-1726.64890842	
-5.39211124583	-1726.64942057	
-5.39362754635	-1726.64993095	
-5.39514155118	-1726.65043958	
-5.39665326727	-1726.65094645	
-5.39816270152	-1726.65145158	
-5.39966986081	-1726.65195497	
-5.40117475199	-1726.65245663	
-5.40267738187	-1726.65295656	
-5.40417775725	-1726.65345478	
-5.40567588487	-1726.65395129	
-5.40717177146	-1726.65444609	
-5.40866542372	-1726.6549392	
-5.4101568483	-1726.65543062	
-5.41164605186	-1726.65592036	
-5.41313304098	-1726.65640843	
-5.41461782224	-1726.65689482	
-5.4161004022	-1726.65737955	
-5.41758078737	-1726.65786263	
-5.41905898424	-1726.65834406	
-5.42053499927	-1726.65882385	
-5.42200883889	-1726.659302	
-5.4234805095	-1726.65977853	
-5.42495001748	-1726.66025343	
-5.42641736918	-1726.66072672	
-5.4278825709	-1726.6611984	
-5.42934562895	-1726.66166848	
-5.43080654959	-1726.66213696	
-5.43226533906	-1726.66260386	
-5.43372200355	-1726.66306917	
-5.43517654927	-1726.6635329	
-5.43662898235	-1726.66399507	
-5.43807930892	-1726.66445567	
-5.4395275351	-1726.66491471	
-5.44097366695	-1726.6653722	
-5.44241771052	-1726.66582815	
-5.44385967184	-1726.66628256	
-5.4452995569	-1726.66673543	
-5.44673737167	-1726.66718678	
-5.44817312209	-1726.66763661	
-5.44960681409	-1726.66808493	
-5.45103845357	-1726.66853173	
-5.45246804638	-1726.66897704	
-5.45389559837	-1726.66942084	
-5.45532111536	-1726.66986316	
-5.45674460314	-1726.670304	
-5.45816606749	-1726.67074335	
-5.45958551414	-1726.67118123	
-5.46100294883	-1726.67161765	
-5.46241837723	-1726.6720526	
-5.46383180503	-1726.6724861	
-5.46524323786	-1726.67291815	
-5.46665268137	-1726.67334876	
-5.46806014114	-1726.67377793	
-5.46946562274	-1726.67420566	
-5.47086913175	-1726.67463197	
-5.47227067367	-1726.67505686	
-5.47367025403	-1726.67548034	
-5.47506787829	-1726.6759024	
-5.47646355193	-1726.67632306	
-5.47785728038	-1726.67674233	
-5.47924906905	-1726.67716019	
-5.48063892334	-1726.67757668	
-5.48202684862	-1726.67799178	
-5.48341285022	-1726.6784055	
-5.48479693349	-1726.67881785	
-5.48617910372	-1726.67922884	
-5.48755936619	-1726.67963846	
-5.48893772616	-1726.68004673	
-5.49031418887	-1726.68045365	
-5.49168875953	-1726.68085923	
-5.49306144334	-1726.68126346	
-5.49443224547	-1726.68166636	
-5.49580117108	-1726.68206794	
-5.49716822529	-1726.68246819	
-5.49853341322	-1726.68286712	
-5.49989673995	-1726.68326474	
-5.50125821054	-1726.68366104	
-5.50261783006	-1726.68405605	
-5.50397560352	-1726.68444976	
-5.50533153593	-1726.68484217	
-5.50668563228	-1726.6852333	
-5.50803789753	-1726.68562314	
-5.50938833663	-1726.68601171	
-5.5107369545	-1726.686399	
-5.51208375605	-1726.68678503	
-5.51342874616	-1726.68716979	
-5.51477192971	-1726.68755329	
-5.51611331154	-1726.68793554	
-5.51745289646	-1726.68831654	
-5.51879068931	-1726.6886963	
-5.52012669485	-1726.68907482	
-5.52146091786	-1726.6894521	
-5.5227933631	-1726.68982816	
-5.52412403528	-1726.69020299	
-5.52545293913	-1726.69057659	
-5.52678007934	-1726.69094899	
-5.52810546058	-1726.69132017	
-5.52942908751	-1726.69169015	
-5.53075096477	-1726.69205893	
-5.53207109697	-1726.6924265	
-5.53338948873	-1726.69279289	
-5.53470614461	-1726.69315809	
-5.53602106919	-1726.69352211	
-5.53733426702	-1726.69388494	
-5.53864574262	-1726.69424661	
-5.5399555005	-1726.6946071	
-5.54126354516	-1726.69496643	
-5.54256988107	-1726.6953246	
-5.5438745127	-1726.69568161	
-5.54517744448	-1726.69603747	
-5.54647868084	-1726.69639218	
-5.54777822618	-1726.69674575	
-5.5490760849	-1726.69709818	
-5.55037226136	-1726.69744948	
-5.55166675992	-1726.69779964	
-5.55295958492	-1726.69814869	
-5.55425074069	-1726.6984966	
-5.55554023152	-1726.69884341	
-5.5568280617	-1726.69918909	
-5.55811423551	-1726.69953367	
-5.5593987572	-1726.69987715	
-5.56068163102	-1726.70021952	
-5.56196286117	-1726.7005608	
-5.56324245188	-1726.70090099	
-5.56452040732	-1726.70124008	
-5.56579673168	-1726.7015781	
-5.56707142911	-1726.70191503	
-5.56834450376	-1726.70225089	
-5.56961595975	-1726.70258567	
-5.57088580119	-1726.70291939	
-5.57215403218	-1726.70325205	
-5.57342065679	-1726.70358364	
-5.5746856791	-1726.70391418	
-5.57594910315	-1726.70424367	
-5.57721093297	-1726.70457211	
-5.57847117258	-1726.7048995	
-5.57972982599	-1726.70522586	
-5.58098689718	-1726.70555118	
-5.58224239012	-1726.70587546	
-5.58349630878	-1726.70619872	
-5.5847486571	-1726.70652095	
-5.585999439	-1726.70684217	
-5.5872486584	-1726.70716236	
-5.5884963192	-1726.70748155	
-5.58974242528	-1726.70779972	
-5.59098698051	-1726.70811689	
-5.59222998875	-1726.70843305	
-5.59347145384	-1726.70874822	
-5.5947113796	-1726.70906239	
-5.59594976985	-1726.70937558	
-5.59718662839	-1726.70968777	
-5.598421959	-1726.70999898	
-5.59965576545	-1726.71030921	
-5.60088805149	-1726.71061847	
-5.60211882088	-1726.71092675	
-5.60334807733	-1726.71123407	
-5.60457582457	-1726.71154042	
-5.6058020663	-1726.7118458	
-5.60702680619	-1726.71215023	
-5.60825004793	-1726.7124537	
-5.60947179518	-1726.71275623	
-5.61069205159	-1726.7130578	
-5.61191082078	-1726.71335843	
-5.61312810639	-1726.71365812	
-5.61434391201	-1726.71395687	
-5.61555824124	-1726.71425469	
-5.61677109767	-1726.71455158	
-5.61798248485	-1726.71484754	
-5.61919240636	-1726.71514258	
-5.62040086572	-1726.71543669	
-5.62160786647	-1726.71572989	
-5.62281341212	-1726.71602218	
-5.62401750619	-1726.71631356	
-5.62522015215	-1726.71660403	
-5.6264213535	-1726.71689359	
-5.62762111369	-1726.71718226	
-5.62881943618	-1726.71747003	
-5.63001632442	-1726.7177569	
-5.63121178182	-1726.71804288	
-5.63240581181	-1726.71832798	
-5.6335984178	-1726.71861219	
-5.63478960317	-1726.71889553	
-5.6359793713	-1726.71917798	
-5.63716772557	-1726.71945956	
-5.63835466933	-1726.71974027	
-5.63954020593	-1726.72002011	
-5.64072433869	-1726.72029909	
-5.64190707094	-1726.7205772	
-5.64308840598	-1726.72085446	
-5.64426834712	-1726.72113086	
-5.64544689764	-1726.7214064	
-5.64662406082	-1726.7216811	
-5.64779983991	-1726.72195495	
-5.64897423816	-1726.72222796	
-5.65014725882	-1726.72250013	
-5.65131890512	-1726.72277146	
-5.65248918027	-1726.72304195	
-5.65365808747	-1726.72331162	
-5.65482562993	-1726.72358046	
-5.65599181082	-1726.72384847	
-5.65715663332	-1726.72411566	
-5.65832010058	-1726.72438203	
-5.65948221576	-1726.72464758	
-5.660642982	-1726.72491232	
-5.66180240242	-1726.72517625	
-5.66296048014	-1726.72543937	
-5.66411721826	-1726.72570169	
-5.66527261989	-1726.72596321	
-5.66642668811	-1726.72622392	
-5.66757942599	-1726.72648384	
-5.6687308366	-1726.72674297	
-5.66988092298	-1726.72700131	
-5.67102968818	-1726.72725886	
-5.67217713524	-1726.72751562	
-5.67332326717	-1726.7277716	
-5.67446808699	-1726.7280268	
-5.67561159769	-1726.72828123	
-5.67675380227	-1726.72853488	
-5.6778947037	-1726.72878776	
-5.67903430497	-1726.72903988	
-5.68017260902	-1726.72929122	
-5.6813096188	-1726.72954181	
-5.68244533727	-1726.72979163	
-5.68357976734	-1726.7300407	
-5.68471291194	-1726.73028901	
-5.68584477397	-1726.73053657	
-5.68697535634	-1726.73078338	
-5.68810466194	-1726.73102945	
-5.68923269364	-1726.73127477	
-5.69035945432	-1726.73151934	
-5.69148494685	-1726.73176318	
-5.69260917406	-1726.73200629	
-5.6937321388	-1726.73224865	
-5.69485384391	-1726.73249029	
-5.69597429221	-1726.7327312	
-5.69709348651	-1726.73297139	
-5.69821142961	-1726.73321085	
-5.69932812431	-1726.73344958	
-5.70044357339	-1726.73368761	
-5.70155777963	-1726.73392491	
-5.7026707458	-1726.7341615	
-5.70378247466	-1726.73439738	
-5.70489296894	-1726.73463255	
-5.70600223139	-1726.73486702	
-5.70711026475	-1726.73510078	
-5.70821707172	-1726.73533384	
-5.70932265503	-1726.73556621	
-5.71042701737	-1726.73579788	
-5.71153016145	-1726.73602885	
-5.71263208993	-1726.73625913	
-5.71373280551	-1726.73648872	
-5.71483231084	-1726.73671763	
-5.71593060859	-1726.73694585	
-5.71702770141	-1726.73717339	
-5.71812359193	-1726.73740026	
-5.71921828279	-1726.73762644	
-5.72031177661	-1726.73785195	
-5.72140407601	-1726.73807679	
-5.72249518359	-1726.73830096	
-5.72358510195	-1726.73852446	
-5.72467383369	-1726.73874729	
-5.72576138137	-1726.73896947	
-5.72684774759	-1726.73919098	
-5.72793293489	-1726.73941183	
-5.72901694583	-1726.73963203	
-5.73009978297	-1726.73985157	
-5.73118144884	-1726.74007046	
-5.73226194598	-1726.7402887	
-5.7333412769	-1726.7405063	
-5.73441944412	-1726.74072325	
-5.73549645015	-1726.74093955	
-5.73657229748	-1726.74115522	
-5.73764698861	-1726.74137025	
-5.73872052602	-1726.74158464	
-5.73979291218	-1726.7417984	
-5.74086414956	-1726.74201152	
-5.74193424062	-1726.74222402	
-5.74300318781	-1726.74243589	
-5.74407099357	-1726.74264714	
-5.74513766034	-1726.74285776	
-5.74620319054	-1726.74306776	
-5.7472675866	-1726.74327714	
-5.74833085092	-1726.7434859	
-5.74939298591	-1726.74369405	
-5.75045399397	-1726.74390159	
-5.75151387748	-1726.74410851	
-5.75257263883	-1726.74431483	
-5.75363028038	-1726.74452054	
-5.75468680452	-1726.74472565	
-5.75574221359	-1726.74493016	
-5.75679650994	-1726.74513406	
-5.75784969593	-1726.74533737	
-5.75890177388	-1726.74554008	
-5.75995274612	-1726.7457422	
-5.76100261499	-1726.74594372	
-5.76205138278	-1726.74614466	
-5.76309905181	-1726.746345	
-5.76414562438	-1726.74654476	
-5.76519110278	-1726.74674394	
-5.7662354893	-1726.74694254	
-5.76727878622	-1726.74714055	
-5.76832099579	-1726.74733799	
-5.7693621203	-1726.74753485	
-5.770402162	-1726.74773113	
-5.77144112313	-1726.74792685	
-5.77247900594	-1726.74812199	
-5.77351581267	-1726.74831656	
-5.77455154554	-1726.74851057	
-5.77558620679	-1726.74870401	
-5.77661979861	-1726.74889689	
-5.77765232322	-1726.74908921	
-5.77868378283	-1726.74928097	
-5.77971417962	-1726.74947218	
-5.78074351579	-1726.74966283	
-5.78177179352	-1726.74985292	
-5.78279901497	-1726.75004246	
-5.78382518233	-1726.75023146	
-5.78485029774	-1726.7504199	
-5.78587436337	-1726.7506078	
-5.78689738137	-1726.75079516	
-5.78791935386	-1726.75098197	
-5.788940283	-1726.75116824	
-5.7899601709	-1726.75135398	
-5.79097901969	-1726.75153918	
-5.79199683148	-1726.75172384	
-5.79301360838	-1726.75190797	
-5.7940293525	-1726.75209156	
-5.79504406593	-1726.75227463	
-5.79605775077	-1726.75245717	
-5.79707040908	-1726.75263918	
-5.79808204295	-1726.75282067	
-5.79909265446	-1726.75300163	
-5.80010224566	-1726.75318208	
-5.80111081862	-1726.753362	
-5.80211837538	-1726.75354141	
-5.80312491799	-1726.7537203	
-5.80413044849	-1726.75389868	
-5.80513496892	-1726.75407654	
-5.80613848129	-1726.75425389	
-5.80714098764	-1726.75443074	
-5.80814248998	-1726.75460707	
-5.80914299031	-1726.75478291	
