#Site	lnL	
0	-1.42415133007
1	-1.34775212936
2	-1.9001552298
3	-5.49965614925
4	-1.73926868163
5	-5.97951323366
6	-1.84538775209
7	-1.55971732246
8	-1.9117977737
9	-1.36201488372
10	-6.6090124053
11	-1.9001552298
12	-6.93214577716
13	-1.73926868163
14	-1.9001552298
15	-1.36201488372
16	-1.34775212936
17	-1.9001552298
18	-1.42415133007
19	-1.73926868163
20	-9.34538150686
21	-5.69724060097
22	-6.41999828837
23	-4.6673371552
24	-1.42415133007
25	-1.34775212936
26	-2.37994727349
27	-1.42415133007
28	-1.55971732246
29	-4.6673371552
30	-5.74555853345
31	-1.27342182998
32	-21.1866677705
33	-7.51555562422
34	-1.34775212936
35	-1.9001552298
36	-1.42415133007
37	-1.55971732246
38	-1.9001552298
39	-1.67289840439
40	-1.34775212936
41	-10.3561905467
42	-1.84538775209
43	-1.27342182998
44	-6.4284839701
45	-1.84538775209
46	-1.27342182998
47	-12.5130484083
48	-1.36201488372
49	-1.55971732246
50	-2.51160816199
51	-1.36201488372
52	-1.73926868163
53	-2.37994727349
54	-1.42415133007
55	-1.55971732246
56	-1.9001552298
57	-1.84538775209
58	-1.27342182998
59	-6.00614535964
60	-1.42415133007
61	-1.34775212936
62	-10.6405344611
63	-1.67289840439
64	-1.73926868163
65	-5.8942342956
66	-1.42415133007
67	-1.34775212936
68	-15.4712270408
69	-1.36201488372
70	-1.34775212936
71	-1.9001552298
72	-1.67289840439
73	-1.55971732246
74	-7.93634425119
75	-1.42415133007
76	-1.27342182998
77	-11.8886364806
78	-1.36201488372
79	-1.73926868163
80	-10.395145958
81	-1.84538775209
82	-1.27342182998
83	-11.3604353088
84	-1.42415133007
85	-1.55971732246
86	-10.1244593299
87	-1.42415133007
88	-1.34775212936
89	-12.5850204982
90	-1.42415133007
91	-1.34775212936
92	-8.23110081436
93	-1.42415133007
94	-1.27342182998
95	-9.74678897209
96	-5.44897214705
97	-1.34775212936
98	-4.88656045575
99	-1.67289840439
100	-1.55971732246
101	-9.60876589871
102	-1.42415133007
103	-1.55971732246
104	-4.5765407246
105	-1.84538775209
106	-1.55971732246
107	-7.83041134232
108	-1.42415133007
109	-1.27342182998
110	-7.50300523001
111	-1.36201488372
112	-1.34775212936
113	-9.7982237516
114	-1.36201488372
115	-1.34775212936
116	-7.77423720119
117	-1.84538775209
118	-6.47848478945
119	-17.3526703475
120	-1.36201488372
121	-1.55971732246
122	-5.95175855753
123	-1.36201488372
124	-10.3051527971
125	-5.07210651737
126	-1.84538775209
127	-1.55971732246
128	-1.9117977737
129	-1.36201488372
130	-1.55971732246
131	-5.97951323366
132	-1.42415133007
133	-1.55971732246
134	-1.9001552298
135	-1.84538775209
136	-1.55971732246
137	-5.07210651737
138	-6.68427412905
139	-1.27342182998
140	-9.13187161517
141	-1.42415133007
142	-1.55971732246
143	-8.52729366381
144	-1.36201488372
145	-1.27342182998
146	-6.81451110563
147	-7.16102987415
148	-1.27342182998
149	-2.51160816199
150	-1.42415133007
151	-1.55971732246
152	-2.37994727349
153	-1.42415133007
154	-1.34775212936
155	-4.88656045575
156	-1.42415133007
157	-1.55971732246
158	-10.3710560035
159	-1.67289840439
160	-1.55971732246
161	-8.42550441455
162	-1.67289840439
163	-1.27342182998
164	-11.599202233
165	-1.36201488372
166	-1.27342182998
167	-1.9117977737
168	-1.84538775209
169	-1.73926868163
170	-8.20527506924
171	-1.84538775209
172	-1.34775212936
173	-4.7604440639
174	-5.74555853345
175	-1.27342182998
176	-2.37994727349
177	-1.36201488372
178	-1.34775212936
179	-4.7604440639
180	-1.42415133007
181	-1.73926868163
182	-6.78604510084
183	-1.84538775209
184	-1.55971732246
185	-7.08473427586
186	-1.84538775209
187	-6.21548886941
188	-6.4284839701
189	-1.84538775209
190	-1.55971732246
191	-7.69606080229
192	-7.90802488876
193	-1.34775212936
194	-8.98085988424
195	-1.67289840439
196	-1.73926868163
197	-8.82241997668
198	-1.42415133007
199	-1.34775212936
200	-5.71912824947
201	-5.63670967176
202	-1.73926868163
203	-4.88423175462
204	-1.67289840439
205	-1.34775212936
206	-4.66910556871
207	-1.42415133007
208	-7.6559639917
209	-1.9117977737
210	-1.42415133007
211	-1.55971732246
212	-1.9001552298
213	-1.67289840439
214	-1.27342182998
215	-15.4576480748
216	-1.42415133007
217	-1.55971732246
218	-1.9117977737
219	-1.36201488372
220	-1.55971732246
221	-4.68085252077
222	-1.67289840439
223	-1.34775212936
224	-5.97951323366
225	-1.36201488372
226	-1.34775212936
227	-5.95175855753
228	-5.74555853345
229	-1.34775212936
230	-5.57679364545
231	-1.36201488372
232	-6.46597777416
233	-11.003387691
234	-1.84538775209
235	-1.34775212936
236	-1.9117977737
237	-1.36201488372
238	-1.55971732246
239	-4.7604440639
240	-1.36201488372
241	-1.34775212936
242	-2.51160816199
243	-1.42415133007
244	-1.27342182998
245	-8.69025447517
246	-1.36201488372
247	-1.27342182998
248	-6.13246447099
249	-1.67289840439
250	-1.55971732246
251	-4.7604440639
252	-1.36201488372
253	-1.73926868163
254	-8.69025447517
255	-5.88503105246
256	-1.27342182998
257	-4.84481346606
258	-1.36201488372
259	-1.27342182998
260	-1.9117977737
261	-1.42415133007
262	-1.27342182998
263	-10.1260781758
264	-1.36201488372
265	-1.27342182998
266	-7.01270774824
267	-1.67289840439
268	-1.34775212936
269	-2.51160816199
270	-5.88503105246
271	-1.34775212936
272	-6.00614535964
273	-1.36201488372
274	-1.55971732246
275	-6.78604510084
276	-1.42415133007
277	-1.34775212936
278	-1.9117977737
279	-5.52268310689
280	-1.55971732246
281	-2.51160816199
282	-1.67289840439
283	-1.27342182998
284	-1.9001552298
285	-1.42415133007
286	-1.73926868163
287	-2.51160816199
288	-1.36201488372
289	-1.34775212936
290	-4.88656045575
291	-1.36201488372
292	-6.46597777416
293	-5.57679364545
294	-1.67289840439
295	-1.73926868163
296	-9.91465663513
297	-1.36201488372
298	-1.34775212936
299	-2.37994727349
300	-1.67289840439
301	-1.34775212936
302	-4.66910556871
303	-1.67289840439
304	-1.73926868163
305	-1.9001552298
306	-1.67289840439
307	-1.27342182998
308	-5.97127884153
309	-1.67289840439
310	-1.27342182998
311	-1.9001552298
312	-1.84538775209
313	-1.27342182998
314	-13.2887249681
315	-1.36201488372
316	-1.55971732246
317	-10.1769090802
318	-1.36201488372
319	-1.55971732246
320	-11.1545270748
321	-1.42415133007
322	-1.73926868163
323	-14.9836255329
324	-1.67289840439
325	-1.34775212936
326	-1.9117977737
327	-1.84538775209
328	-1.55971732246
329	-1.9117977737
330	-1.36201488372
331	-1.27342182998
332	-4.855423918
333	-1.42415133007
334	-1.34775212936
335	-5.57679364545
336	-1.84538775209
337	-1.55971732246
338	-2.51160816199
339	-1.84538775209
340	-1.73926868163
341	-4.5765407246
342	-1.36201488372
343	-1.55971732246
344	-6.39473297569
345	-1.67289840439
346	-1.55971732246
347	-4.84481346606
348	-1.42415133007
349	-1.34775212936
350	-9.07648076934
351	-1.36201488372
352	-1.27342182998
353	-12.9897446577
354	-1.36201488372
355	-6.47848478945
356	-8.38106239574
357	-1.67289840439
358	-1.27342182998
359	-12.2492240917
360	-1.42415133007
361	-1.73926868163
362	-4.5765407246
363	-1.36201488372
364	-1.73926868163
365	-4.48701458808
366	-1.42415133007
367	-1.27342182998
368	-7.1007007773
369	-1.67289840439
370	-1.55971732246
371	-2.37994727349
372	-1.42415133007
373	-1.34775212936
374	-8.06014107437
375	-1.84538775209
376	-1.73926868163
377	-6.92678488742
378	-1.42415133007
379	-1.27342182998
380	-8.7237042674
381	-8.23035587768
382	-6.34890234716
383	-8.58342063309
384	-1.42415133007
385	-1.55971732246
386	-8.46731222436
387	-1.84538775209
388	-1.73926868163
389	-2.51160816199
390	-1.42415133007
391	-1.27342182998
392	-4.6673371552
393	-1.42415133007
394	-1.55971732246
395	-4.68085252077
396	-1.42415133007
397	-1.34775212936
398	-4.48701458808
399	-1.67289840439
400	-1.55971732246
401	-1.9001552298
402	-5.93509979618
403	-1.27342182998
404	-5.80736559366
405	-1.67289840439
406	-8.4773737055
407	-4.88656045575
408	-1.36201488372
409	-7.84583926619
410	-1.9117977737
411	-1.67289840439
412	-1.55971732246
413	-8.39155915592
414	-1.67289840439
415	-1.55971732246
416	-5.07210651737
417	-1.67289840439
418	-1.55971732246
419	-1.9117977737
420	-7.91520740658
421	-1.73926868163
422	-4.855423918
423	-6.93214577716
424	-1.55971732246
425	-6.13233951599
426	-1.67289840439
427	-1.27342182998
428	-6.11146640914
429	-1.84538775209
430	-1.73926868163
431	-22.2274675166
432	-1.36201488372
433	-1.73926868163
434	-1.9001552298
435	-6.68427412905
436	-1.27342182998
437	-1.9117977737
438	-5.67813841335
439	-1.27342182998
440	-6.98426179754
441	-8.27828193807
442	-1.73926868163
443	-4.66426423511
444	-1.42415133007
445	-1.34775212936
446	-1.9001552298
447	-7.0249046383
448	-1.34775212936
449	-16.6086423724
450	-1.36201488372
451	-1.34775212936
452	-2.51160816199
453	-1.67289840439
454	-1.27342182998
455	-4.48701458808
456	-5.67813841335
457	-1.73926868163
458	-9.58419859177
459	-1.42415133007
460	-1.73926868163
461	-7.8382403904
462	-1.84538775209
463	-1.73926868163
464	-5.80736559366
465	-1.84538775209
466	-1.73926868163
467	-1.9117977737
468	-1.36201488372
469	-1.34775212936
470	-6.39473297569
471	-1.42415133007
472	-1.73926868163
473	-5.6954953857
474	-1.67289840439
475	-1.34775212936
476	-7.22224091217
477	-7.19352607771
478	-1.55971732246
479	-1.9001552298
480	-1.36201488372
481	-1.27342182998
482	-4.66426423511
483	-9.02095902724
484	-1.73926868163
485	-7.33636976678
486	-8.48425252685
487	-1.34775212936
488	-2.51160816199
