# log_p 	 lnL 	 
0.0	-1640.28126402	
-0.287682072452	-1640.25855099	
-0.510825623766	-1640.23088628	
-0.69314718056	-1640.19808354	
-0.847297860387	-1640.15925056	
-0.980829253012	-1640.11358275	
-1.09861228867	-1640.06062662	
-1.20397280433	-1640.0004411	
-1.29928298413	-1639.93363877	
-1.38629436112	-1639.86128771	
-1.46633706879	-1639.78472767	
-1.54044504095	-1639.70537431	
-1.60943791243	-1639.62456282	
-1.67397643357	-1639.54345015	
-1.73460105539	-1639.46297164	
-1.79175946923	-1639.38383732	
-1.8458266905	-1639.30655209	
-1.89711998489	-1639.23144702	
-1.94591014906	-1639.15871349	
-1.99243016469	-1639.08843536	
-2.03688192726	-1639.02061688	
-2.07944154168	-1638.95520581	
-2.1202635362	-1638.89211174	
-2.15948424935	-1638.83122031	
-2.19722457734	-1638.7724039	
-2.23359222151	-1638.71552953	
-2.26868354132	-1638.66046453	
-2.30258509299	-1638.60708043	
-2.33537491582	-1638.55525556	
-2.36712361413	-1638.50487669	
-2.3978952728	-1638.45583981	
-2.42774823595	-1638.40805047	
-2.45673577282	-1638.36142369	
-2.48490664979	-1638.3158836	
-2.51230562398	-1638.27136289	
-2.53897387106	-1638.22780219	
-2.56494935746	-1638.18514932	
-2.59026716545	-1638.14335863	
-2.61495977804	-1638.10239022	
-2.63905732962	-1638.06220928	
-2.66258782703	-1638.02278546	
-2.68557734525	-1637.98409223	
-2.7080502011	-1637.94610635	
-2.73002910782	-1637.90880738	
-2.75153531304	-1637.87217724	
-2.77258872224	-1637.83619983	
-2.79320800944	-1637.80086066	
-2.81341071676	-1637.76614658	
-2.83321334406	-1637.73204556	
-2.85263142991	-1637.69854641	
-2.87167962488	-1637.66563865	
-2.8903717579	-1637.63331232	
-2.90872089656	-1637.60155792	
-2.92673940207	-1637.57036624	
-2.94443897917	-1637.53972831	
-2.96183072188	-1637.50963533	
-2.97892515524	-1637.48007862	
-2.99573227355	-1637.4510496	
-3.01226157551	-1637.42253972	
-3.02852209638	-1637.39454048	
-3.04452243772	-1637.36704338	
-3.06027079469	-1637.34003995	
-3.07577498123	-1637.31352172	
-3.09104245336	-1637.28748023	
-3.10608033072	-1637.26190703	
-3.12089541651	-1637.23679369	
-3.13549421593	-1637.21213179	
-3.14988295338	-1637.18791295	
-3.16406758837	-1637.16412882	
-3.17805383035	-1637.14077111	
-3.19184715248	-1637.11783155	
-3.20545280454	-1637.09530197	
-3.21887582487	-1637.07317425	
-3.23212105162	-1637.05144034	
-3.24519313319	-1637.03009228	
-3.25809653802	-1637.00912223	
-3.2708355638	-1636.98852239	
-3.28341434601	-1636.96828512	
-3.295836866	-1636.94840285	
-3.3081069586	-1636.92886813	
-3.32022831913	-1636.90967364	
-3.33220451018	-1636.89081216	
-3.34403896782	-1636.87227662	
-3.35573500759	-1636.85406005	
-3.36729582999	-1636.83615561	
-3.37872452581	-1636.8185566	
-3.39002408106	-1636.80125644	
-3.40119738166	-1636.78424869	
-3.41224721785	-1636.76752704	
-3.42317628838	-1636.75108529	
-3.43398720449	-1636.73491739	
-3.4446824936	-1636.71901743	
-3.45526460293	-1636.70337961	
-3.4657359028	-1636.68799825	
-3.47609868984	-1636.67286784	
-3.48635519	-1636.65798294	
-3.49650756147	-1636.64333829	
-3.50655789732	-1636.6289287	
-3.51650822817	-1636.61474914	
-3.52636052462	-1636.60079469	
-3.53611669956	-1636.58706053	
-3.54577861047	-1636.57354198	
-3.55534806149	-1636.56023447	
-3.56482680544	-1636.54713351	
-3.57421654579	-1636.53423476	
-3.58351893846	-1636.52153397	
-3.59273559356	-1636.50902698	
-3.60186807712	-1636.49670976	
-3.61091791264	-1636.48457836	
-3.61988658263	-1636.47262894	
-3.62877553004	-1636.46085775	
-3.63758615973	-1636.44926113	
-3.6463198397	-1636.43783551	
-3.65497790244	-1636.42657743	
-3.66356164613	-1636.41548349	
-3.6720723358	-1636.40455039	
-3.68051120444	-1636.3937749	
-3.68887945411	-1636.38315389	
-3.69717825693	-1636.37268429	
-3.70540875607	-1636.36236312	
-3.7135720667	-1636.35218746	
-3.72166927694	-1636.34215448	
-3.72970144863	-1636.33226141	
-3.73766961828	-1636.32250554	
-3.74557479779	-1636.31288425	
-3.75341797525	-1636.30339497	
-3.76120011569	-1636.2940352	
-3.76892216179	-1636.28480248	
-3.77658503453	-1636.27569445	
-3.78418963392	-1636.26670877	
-3.79173683955	-1636.25784317	
-3.79922751128	-1636.24909545	
-3.80666248977	-1636.24046345	
-3.81404259707	-1636.23194506	
-3.82136863716	-1636.22353822	
-3.82864139649	-1636.21524092	
-3.83586164446	-1636.20705122	
-3.84303013394	-1636.19896719	
-3.85014760171	-1636.19098698	
-3.85721476893	-1636.18310875	
-3.86423234159	-1636.17533073	
-3.87120101091	-1636.16765119	
-3.87812145375	-1636.16006841	
-3.88499433304	-1636.15258076	
-3.89182029811	-1636.1451866	
-3.8985999851	-1636.13788436	
-3.90533401728	-1636.13067249	
-3.91202300543	-1636.12354947	
-3.91866754815	-1636.11651384	
-3.92526823218	-1636.10956415	
-3.93182563272	-1636.10269899	
-3.93834031375	-1636.09591697	
-3.94481282825	-1636.08921676	
-3.95124371858	-1636.08259704	
-3.95763351668	-1636.07605651	
-3.96398274436	-1636.06959391	
-3.97029191355	-1636.06320801	
-3.97656152657	-1636.0568976	
-3.98279207632	-1636.05066151	
-3.98898404656	-1636.04449857	
-3.99513791214	-1636.03840766	
-4.00125413916	-1636.03238767	
-4.00733318523	-1636.02643751	
-4.01337549969	-1636.02055612	
-4.01938152375	-1636.01474248	
-4.02535169074	-1636.00899555	
-4.03128642625	-1636.00331434	
-4.03718614838	-1635.99769789	
-4.04305126783	-1635.99214522	
-4.04888218815	-1635.98665541	
-4.05467930583	-1635.98122754	
-4.06044301055	-1635.97586071	
-4.06617368526	-1635.97055403	
-4.07187170637	-1635.96530665	
-4.07753744391	-1635.96011772	
-4.08317126162	-1635.95498641	
-4.08877351717	-1635.94991191	
-4.09434456222	-1635.94489341	
-4.0998847426	-1635.93993014	
-4.10539439841	-1635.93502132	
-4.11087386417	-1635.93016621	
-4.11632346894	-1635.92536407	
-4.12174353641	-1635.92061417	
-4.12713438505	-1635.91591579	
-4.13249632819	-1635.91126826	
-4.13782967416	-1635.90667087	
-4.14313472639	-1635.90212296	
-4.14841178349	-1635.89762386	
-4.15366113938	-1635.89317294	
-4.15888308336	-1635.88876955	
-4.16407790024	-1635.88441306	
-4.1692458704	-1635.88010288	
-4.1743872699	-1635.87583838	
-4.17950237056	-1635.87161899	
-4.18459144007	-1635.86744412	
-4.18965474203	-1635.8633132	
-4.19469253606	-1635.85922566	
-4.19970507788	-1635.85518097	
-4.20469261939	-1635.85117856	
-4.20965540873	-1635.84721793	
-4.21459369037	-1635.84329853	
-4.21950770518	-1635.83941985	
-4.22439769047	-1635.8355814	
-4.22926388012	-1635.83178267	
-4.2341065046	-1635.82802317	
-4.23892579103	-1635.82430242	
-4.2437219633	-1635.82061995	
-4.24849524205	-1635.8169753	
-4.25324584481	-1635.813368	
-4.257973986	-1635.80979761	
-4.26267987704	-1635.80626369	
-4.26736372635	-1635.80276579	
-4.27202573946	-1635.7993035	
-4.27666611902	-1635.79587638	
-4.28128506487	-1635.79248402	
-4.28588277412	-1635.78912602	
-4.29045944115	-1635.78580197	
-4.29501525768	-1635.78251148	
-4.29955041285	-1635.77925415	
-4.3040650932	-1635.77602961	
-4.30855948279	-1635.77283748	
-4.31303376319	-1635.76967737	
-4.31748811354	-1635.76654894	
-4.3219227106	-1635.76345181	
-4.32633772881	-1635.76038564	
-4.33073334029	-1635.75735006	
-4.33510971489	-1635.75434475	
-4.33946702026	-1635.75136935	
-4.34380542185	-1635.74842353	
-4.348125083	-1635.74550697	
-4.3524261649	-1635.74261934	
-4.35670882669	-1635.73976032	
-4.36097322548	-1635.73692959	
-4.36521951636	-1635.73412685	
-4.36944785247	-1635.73135178	
-4.373658385	-1635.72860409	
-4.37785126326	-1635.72588347	
-4.38202663467	-1635.72318964	
-4.38618464482	-1635.72052231	
-4.39032543749	-1635.71788119	
-4.39444915467	-1635.715266	
-4.39855593663	-1635.71267646	
-4.40264592188	-1635.7101123	
-4.40671924726	-1635.70757325	
-4.41077604796	-1635.70505905	
-4.4148164575	-1635.70256943	
-4.4188406078	-1635.70010413	
-4.42284862919	-1635.6976629	
-4.42684065046	-1635.69524549	
-4.43081679884	-1635.69285165	
-4.43477720006	-1635.69048114	
-4.43872197835	-1635.68813371	
-4.44265125649	-1635.68580913	
-4.44656515581	-1635.68350716	
-4.45046379623	-1635.68122756	
-4.45434729625	-1635.67897012	
-4.45821577303	-1635.67673461	
-4.46206934235	-1635.67452079	
-4.46590811865	-1635.67232846	
-4.46973221509	-1635.67015739	
-4.47354174351	-1635.66800737	
-4.47733681448	-1635.6658782	
-4.48111753732	-1635.66376965	
-4.48488402011	-1635.66168153	
-4.48863636973	-1635.65961363	
-4.49237469184	-1635.65756575	
-4.49609909093	-1635.6555377	
-4.49980967033	-1635.65352927	
-4.50350653221	-1635.65154027	
-4.50718977763	-1635.64957052	
-4.51085950652	-1635.64761983	
-4.51451581772	-1635.645688	
-4.518158809	-1635.64377485	
-4.52178857705	-1635.64188021	
-4.52540521752	-1635.64000389	
-4.52900882502	-1635.63814572	
-4.53259949315	-1635.63630553	
-4.5361773145	-1635.63448313	
-4.53974238067	-1635.63267836	
-4.54329478227	-1635.63089105	
-4.54683460898	-1635.62912103	
-4.55036194949	-1635.62736814	
-4.5538768916	-1635.62563222	
-4.55737952215	-1635.62391311	
-4.56086992709	-1635.62221064	
-4.56434819147	-1635.62052467	
-4.56781439944	-1635.61885503	
-4.57126863431	-1635.61720157	
-4.5747109785	-1635.61556414	
-4.5781415136	-1635.6139426	
-4.58156032035	-1635.61233679	
-4.58496747867	-1635.61074657	
-4.58836306767	-1635.60917179	
-4.59174716566	-1635.60761231	
-4.59511985013	-1635.606068	
-4.59848119784	-1635.6045387	
-4.60183128472	-1635.60302429	
-4.60517018599	-1635.60152462	
-4.60849797608	-1635.60003957	
-4.61181472871	-1635.598569	
-4.61512051684	-1635.59711278	
-4.61841541274	-1635.59567077	
-4.62169948794	-1635.59424285	
-4.62497281328	-1635.5928289	
-4.62823545892	-1635.59142878	
-4.63148749431	-1635.59004237	
-4.63472898823	-1635.58866955	
-4.63796000881	-1635.5873102	
-4.64118062351	-1635.5859642	
-4.64439089914	-1635.58463143	
-4.64759090187	-1635.58331176	
-4.65078069724	-1635.5820051	
-4.65396035016	-1635.58071131	
-4.65712992492	-1635.57943029	
-4.66028948521	-1635.57816192	
-4.66343909411	-1635.5769061	
-4.66657881412	-1635.5756627	
-4.66970870713	-1635.57443163	
-4.67282883446	-1635.57321278	
-4.67593925688	-1635.57200604	
-4.67904003455	-1635.5708113	
-4.68213122712	-1635.56962846	
-4.68521289366	-1635.56845742	
-4.6882850927	-1635.56729807	
-4.69134788223	-1635.56615032	
-4.69440131972	-1635.56501406	
-4.6974454621	-1635.5638892	
-4.70048036579	-1635.56277564	
-4.70350608671	-1635.56167327	
-4.70652268025	-1635.56058202	
-4.70953020131	-1635.55950177	
-4.71252870431	-1635.55843244	
-4.71551824316	-1635.55737393	
-4.7184988713	-1635.55632616	
-4.72147064168	-1635.55528903	
-4.72443360681	-1635.55426245	
-4.72738781871	-1635.55324633	
-4.73033332894	-1635.55224059	
-4.73327018862	-1635.55124514	
-4.73619844839	-1635.55025989	
-4.7391181585	-1635.54928475	
-4.74202936871	-1635.54831965	
-4.74493212836	-1635.5473645	
-4.74782648639	-1635.54641921	
-4.75071249128	-1635.54548371	
-4.75359019111	-1635.54455791	
-4.75645963353	-1635.54364173	
-4.75932086582	-1635.54273509	
-4.7621739348	-1635.54183792	
-4.76501888693	-1635.54095014	
-4.76785576827	-1635.54007167	
-4.77068462447	-1635.53920242	
-4.77350550081	-1635.53834234	
-4.77631844218	-1635.53749134	
-4.77912349311	-1635.53664935	
-4.78192069773	-1635.5358163	
-4.78471009982	-1635.53499211	
-4.78749174278	-1635.53417671	
-4.79026566966	-1635.53337003	
-4.79303192316	-1635.532572	
-4.7957905456	-1635.53178255	
-4.79854157897	-1635.53100161	
-4.80128506491	-1635.53022911	
-4.80402104473	-1635.52946499	
-4.80674955939	-1635.52870917	
-4.8094706495	-1635.5279616	
-4.81218435537	-1635.5272222	
-4.81489071697	-1635.52649091	
-4.81758977394	-1635.52576767	
-4.82028156561	-1635.52505241	
-4.82296613098	-1635.52434506	
-4.82564350875	-1635.52364558	
-4.8283137373	-1635.52295388	
-4.83097685472	-1635.52226992	
-4.83363289878	-1635.52159363	
-4.83628190695	-1635.52092495	
-4.83892391641	-1635.52026382	
-4.84155896405	-1635.51961019	
-4.84418708646	-1635.51896398	
-4.84680831994	-1635.51832515	
-4.84942270051	-1635.51769364	
-4.85203026392	-1635.51706939	
-4.85463104562	-1635.51645235	
-4.8572250808	-1635.51584245	
-4.85981240436	-1635.51523964	
-4.86239305096	-1635.51464387	
-4.86496705495	-1635.51405509	
-4.86753445046	-1635.51347323	
-4.87009527132	-1635.51289825	
-4.87264955112	-1635.5123301	
-4.8751973232	-1635.51176871	
-4.87773862063	-1635.51121404	
-4.88027347623	-1635.51066604	
-4.88280192259	-1635.51012466	
-4.88532399202	-1635.50958984	
-4.88783971662	-1635.50906153	
-4.89034912822	-1635.5085397	
-4.89285225844	-1635.50802427	
-4.89534913864	-1635.50751522	
-4.89783979995	-1635.50701249	
-4.90032427328	-1635.50651603	
-4.90280258929	-1635.50602579	
-4.90527477844	-1635.50554173	
-4.90774087093	-1635.5050638	
-4.91020089677	-1635.50459196	
-4.91265488574	-1635.50412615	
-4.91510286737	-1635.50366634	
-4.91754487103	-1635.50321248	
-4.91998092583	-1635.50276452	
-4.92241106068	-1635.50232242	
-4.92483530429	-1635.50188614	
-4.92725368516	-1635.50145563	
-4.92966623156	-1635.50103085	
-4.93207297159	-1635.50061175	
-4.93447393313	-1635.50019831	
-4.93686914386	-1635.49979046	
-4.93925863125	-1635.49938818	
-4.94164242261	-1635.49899142	
-4.94402054501	-1635.49860014	
-4.94639302537	-1635.4982143	
-4.94875989038	-1635.49783385	
-4.95112116656	-1635.49745877	
-4.95347688026	-1635.49708901	
-4.9558270576	-1635.49672453	
-4.95817172456	-1635.49636529	
-4.96051090691	-1635.49601126	
-4.96284463026	-1635.49566239	
-4.96517292002	-1635.49531865	
-4.96749580144	-1635.49498	
-4.96981329958	-1635.49464641	
-4.97212543933	-1635.49431783	
-4.97443224543	-1635.49399424	
-4.97673374242	-1635.49367559	
-4.97902995468	-1635.49336185	
-4.98132090643	-1635.49305298	
-4.98360662171	-1635.49274895	
-4.98588712441	-1635.49244973	
-4.98816243824	-1635.49215527	
-4.99043258678	-1635.49186555	
-4.99269759341	-1635.49158053	
-4.99495748138	-1635.49130017	
-4.99721227376	-1635.49102445	
-4.9994619935	-1635.49075333	
-5.00170666335	-1635.49048678	
-5.00394630595	-1635.49022476	
-5.00618094375	-1635.48996724	
-5.00841059907	-1635.48971419	
-5.0106352941	-1635.48946559	
-5.01285505083	-1635.48922139	
-5.01506989116	-1635.48898156	
-5.01727983681	-1635.48874608	
-5.01948490937	-1635.48851491	
-5.02168513028	-1635.48828803	
-5.02388052085	-1635.4880654	
-5.02607110223	-1635.48784699	
-5.02825689545	-1635.48763278	
-5.03043792139	-1635.48742273	
-5.03261420082	-1635.48721681	
-5.03478575433	-1635.487015	
-5.03695260241	-1635.48681727	
-5.03911476542	-1635.48662358	
-5.04127226356	-1635.48643391	
-5.04342511692	-1635.48624824	
-5.04557334546	-1635.48606652	
-5.047716969	-1635.48588875	
-5.04985600725	-1635.48571488	
-5.05199047978	-1635.48554489	
-5.05412040604	-1635.48537876	
-5.05624580535	-1635.48521646	
-5.05836669692	-1635.48505795	
-5.06048309982	-1635.48490323	
-5.06259503303	-1635.48475224	
-5.06470251537	-1635.48460499	
-5.06680556556	-1635.48446142	
-5.06890420222	-1635.48432153	
-5.07099844382	-1635.48418529	
-5.07308830874	-1635.48405267	
-5.07517381523	-1635.48392364	
-5.07725498144	-1635.48379818	
-5.07933182538	-1635.48367627	
-5.08140436498	-1635.48355788	
-5.08347261805	-1635.48344299	
-5.08553660227	-1635.48333158	
-5.08759633523	-1635.48322361	
-5.08965183441	-1635.48311907	
-5.09170311719	-1635.48301794	
-5.09375020081	-1635.48292018	
-5.09579310244	-1635.48282578	
-5.09783183913	-1635.48273472	
-5.09986642782	-1635.48264697	
-5.10189688537	-1635.4825625	
-5.10392322852	-1635.48248131	
-5.1059454739	-1635.48240335	
-5.10796363806	-1635.48232862	
-5.10997773743	-1635.4822571	
-5.11198778836	-1635.48218875	
-5.11399380708	-1635.48212355	
-5.11599580975	-1635.4820615	
-5.11799381242	-1635.48200256	
-5.11998783102	-1635.48194671	
-5.12197788143	-1635.48189394	
-5.1239639794	-1635.48184422	
-5.12594614061	-1635.48179753	
-5.12792438062	-1635.48175386	
-5.12989871492	-1635.48171317	
-5.13186915891	-1635.48167546	
-5.13383572788	-1635.4816407	
-5.13579843705	-1635.48160887	
-5.13775730154	-1635.48157995	
-5.13971233637	-1635.48155393	
-5.1416635565	-1635.48153078	
-5.14361097679	-1635.48151049	
-5.145554612	-1635.48149303	
-5.14749447681	-1635.48147838	
-5.14943058584	-1635.48146654	
-5.15136295359	-1635.48145747	
-5.1532915945	-1635.48145117	
-5.15521652291	-1635.4814476	
-5.15713775309	-1635.48144677	
-5.15905529921	-1635.48144864	
-5.1609691754	-1635.48145319	
-5.16287939565	-1635.48146042	
-5.16478597392	-1635.4814703	
-5.16668892407	-1635.48148282	
-5.16858825987	-1635.48149795	
-5.17048399504	-1635.48151569	
-5.17237614319	-1635.481536	
-5.17426471788	-1635.48155889	
-5.17614973257	-1635.48158433	
-5.17803120067	-1635.4816123	
-5.1799091355	-1635.48164278	
-5.18178355029	-1635.48167577	
-5.18365445823	-1635.48171124	
-5.1855218724	-1635.48174917	
-5.18738580584	-1635.48178956	
-5.18924627149	-1635.48183239	
-5.19110328224	-1635.48187763	
-5.19295685089	-1635.48192528	
-5.19480699018	-1635.48197531	
-5.19665371277	-1635.48202772	
-5.19849703127	-1635.48208248	
-5.20033695819	-1635.48213959	
-5.202173506	-1635.48219902	
-5.20400668708	-1635.48226076	
-5.20583651375	-1635.4823248	
-5.20766299828	-1635.48239112	
-5.20948615284	-1635.48245971	
-5.21130598956	-1635.48253055	
-5.21312252048	-1635.48260362	
-5.21493575761	-1635.48267892	
-5.21674571285	-1635.48275643	
-5.21855239808	-1635.48283613	
-5.22035582508	-1635.48291801	
-5.22215600558	-1635.48300206	
-5.22395295126	-1635.48308826	
-5.22574667371	-1635.48317659	
-5.22753718449	-1635.48326706	
-5.22932449506	-1635.48335963	
-5.23110861685	-1635.4834543	
-5.23288956123	-1635.48355105	
-5.23466733947	-1635.48364987	
-5.23644196283	-1635.48375075	
-5.23821344248	-1635.48385368	
-5.23998178954	-1635.48395863	
-5.24174701506	-1635.4840656	
-5.24350913005	-1635.48417458	
-5.24526814546	-1635.48428555	
-5.24702407216	-1635.48439849	
-5.24877692099	-1635.48451341	
-5.25052670271	-1635.48463028	
-5.25227342805	-1635.48474909	
-5.25401710765	-1635.48486982	
-5.25575775213	-1635.48499248	
-5.25749537203	-1635.48511704	
-5.25922997784	-1635.48524349	
-5.26096158	-1635.48537182	
-5.2626901889	-1635.48550202	
-5.26441581487	-1635.48563408	
-5.26613846818	-1635.48576798	
-5.26785815906	-1635.48590371	
-5.26957489768	-1635.48604127	
-5.27128869416	-1635.48618064	
-5.27299955856	-1635.4863218	
-5.27470750091	-1635.48646475	
-5.27641253116	-1635.48660948	
-5.27811465923	-1635.48675597	
-5.27981389498	-1635.48690421	
-5.28151024823	-1635.4870542	
-5.28320372874	-1635.48720591	
-5.28489434622	-1635.48735935	
-5.28658211033	-1635.4875145	
-5.28826703069	-1635.48767134	
-5.28994911688	-1635.48782987	
-5.2916283784	-1635.48799008	
-5.29330482472	-1635.48815196	
-5.29497846528	-1635.48831549	
-5.29664930945	-1635.48848067	
-5.29831736655	-1635.48864748	
-5.29998264587	-1635.48881592	
-5.30164515664	-1635.48898597	
-5.30330490806	-1635.48915762	
-5.30496190927	-1635.48933088	
-5.30661616936	-1635.48950571	
-5.3082676974	-1635.48968212	
-5.30991650239	-1635.4898601	
-5.3115625933	-1635.49003962	
-5.31320597904	-1635.4902207	
-5.3148466685	-1635.49040331	
-5.3164846705	-1635.49058744	
-5.31811999384	-1635.4907731	
-5.31975264727	-1635.49096025	
-5.32138263948	-1635.49114891	
-5.32300997914	-1635.49133905	
-5.32463467487	-1635.49153068	
-5.32625673524	-1635.49172377	
-5.32787616879	-1635.49191832	
-5.32949298402	-1635.49211432	
-5.33110718937	-1635.49231177	
-5.33271879327	-1635.49251064	
-5.33432780407	-1635.49271094	
-5.33593423012	-1635.49291266	
-5.3375380797	-1635.49311578	
-5.33913936107	-1635.4933203	
-5.34073808243	-1635.49352621	
-5.34233425196	-1635.4937335	
-5.3439278778	-1635.49394216	
-5.34551896803	-1635.49415219	
-5.34710753072	-1635.49436357	
-5.34869357387	-1635.49457629	
-5.35027710548	-1635.49479035	
-5.35185813348	-1635.49500574	
-5.35343666577	-1635.49522246	
-5.35501271022	-1635.49544048	
-5.35658627467	-1635.49565981	
-5.3581573669	-1635.49588044	
-5.35972599468	-1635.49610236	
-5.36129216571	-1635.49632555	
-5.36285588769	-1635.49655002	
-5.36441716825	-1635.49677576	
-5.36597601502	-1635.49700275	
-5.36753243557	-1635.49723099	
-5.36908643744	-1635.49746047	
-5.37063802813	-1635.49769118	
-5.37218721511	-1635.49792312	
-5.37373400583	-1635.49815628	
-5.37527840768	-1635.49839065	
-5.37682042804	-1635.49862623	
-5.37836007422	-1635.498863	
-5.37989735354	-1635.49910096	
-5.38143227326	-1635.49934009	
-5.38296484061	-1635.49958041	
-5.38449506279	-1635.49982189	
-5.38602294697	-1635.50006453	
-5.38754850028	-1635.50030832	
-5.38907172982	-1635.50055325	
-5.39059264266	-1635.50079933	
-5.39211124583	-1635.50104653	
-5.39362754635	-1635.50129486	
-5.39514155118	-1635.50154431	
-5.39665326727	-1635.50179486	
-5.39816270152	-1635.50204652	
-5.39966986081	-1635.50229928	
-5.40117475199	-1635.50255312	
-5.40267738187	-1635.50280805	
-5.40417775725	-1635.50306406	
-5.40567588487	-1635.50332113	
-5.40717177146	-1635.50357927	
-5.40866542372	-1635.50383846	
-5.4101568483	-1635.5040987	
-5.41164605186	-1635.50435999	
-5.41313304098	-1635.50462231	
-5.41461782224	-1635.50488567	
-5.4161004022	-1635.50515004	
-5.41758078737	-1635.50541544	
-5.41905898424	-1635.50568185	
-5.42053499927	-1635.50594926	
-5.42200883889	-1635.50621767	
-5.4234805095	-1635.50648707	
-5.42495001748	-1635.50675747	
-5.42641736918	-1635.50702884	
-5.4278825709	-1635.50730118	
-5.42934562895	-1635.5075745	
-5.43080654959	-1635.50784878	
-5.43226533906	-1635.50812401	
-5.43372200355	-1635.5084002	
-5.43517654927	-1635.50867733	
-5.43662898235	-1635.5089554	
-5.43807930892	-1635.5092344	
-5.4395275351	-1635.50951433	
-5.44097366695	-1635.50979518	
-5.44241771052	-1635.51007695	
-5.44385967184	-1635.51035963	
-5.4452995569	-1635.51064321	
-5.44673737167	-1635.51092769	
-5.44817312209	-1635.51121307	
-5.44960681409	-1635.51149933	
-5.45103845357	-1635.51178648	
-5.45246804638	-1635.5120745	
-5.45389559837	-1635.5123634	
-5.45532111536	-1635.51265316	
-5.45674460314	-1635.51294378	
-5.45816606749	-1635.51323526	
-5.45958551414	-1635.51352759	
-5.46100294883	-1635.51382077	
-5.46241837723	-1635.51411478	
-5.46383180503	-1635.51440963	
-5.46524323786	-1635.51470531	
-5.46665268137	-1635.51500181	
-5.46806014114	-1635.51529913	
-5.46946562274	-1635.51559727	
-5.47086913175	-1635.51589622	
-5.47227067367	-1635.51619597	
-5.47367025403	-1635.51649652	
-5.47506787829	-1635.51679786	
-5.47646355193	-1635.51709999	
-5.47785728038	-1635.51740291	
-5.47924906905	-1635.51770661	
-5.48063892334	-1635.51801108	
-5.48202684862	-1635.51831632	
-5.48341285022	-1635.51862233	
-5.48479693349	-1635.5189291	
-5.48617910372	-1635.51923662	
-5.48755936619	-1635.5195449	
-5.48893772616	-1635.51985392	
-5.49031418887	-1635.52016368	
-5.49168875953	-1635.52047418	
-5.49306144334	-1635.52078541	
-5.49443224547	-1635.52109737	
-5.49580117108	-1635.52141006	
-5.49716822529	-1635.52172346	
-5.49853341322	-1635.52203758	
-5.49989673995	-1635.5223524	
-5.50125821054	-1635.52266794	
-5.50261783006	-1635.52298417	
-5.50397560352	-1635.5233011	
-5.50533153593	-1635.52361873	
-5.50668563228	-1635.52393704	
-5.50803789753	-1635.52425604	
-5.50938833663	-1635.52457571	
-5.5107369545	-1635.52489606	
-5.51208375605	-1635.52521709	
-5.51342874616	-1635.52553877	
-5.51477192971	-1635.52586113	
-5.51611331154	-1635.52618414	
-5.51745289646	-1635.5265078	
-5.51879068931	-1635.52683212	
-5.52012669485	-1635.52715708	
-5.52146091786	-1635.52748269	
-5.5227933631	-1635.52780893	
-5.52412403528	-1635.52813581	
-5.52545293913	-1635.52846332	
-5.52678007934	-1635.52879145	
-5.52810546058	-1635.52912021	
-5.52942908751	-1635.52944958	
-5.53075096477	-1635.52977957	
-5.53207109697	-1635.53011018	
-5.53338948873	-1635.53044138	
-5.53470614461	-1635.5307732	
-5.53602106919	-1635.53110561	
-5.53733426702	-1635.53143861	
-5.53864574262	-1635.53177221	
-5.5399555005	-1635.5321064	
-5.54126354516	-1635.53244117	
-5.54256988107	-1635.53277652	
-5.5438745127	-1635.53311245	
-5.54517744448	-1635.53344895	
-5.54647868084	-1635.53378602	
-5.54777822618	-1635.53412366	
-5.5490760849	-1635.53446186	
-5.55037226136	-1635.53480062	
-5.55166675992	-1635.53513994	
-5.55295958492	-1635.5354798	
-5.55425074069	-1635.53582022	
-5.55554023152	-1635.53616118	
-5.5568280617	-1635.53650268	
-5.55811423551	-1635.53684472	
-5.5593987572	-1635.5371873	
-5.56068163102	-1635.5375304	
-5.56196286117	-1635.53787404	
-5.56324245188	-1635.5382182	
-5.56452040732	-1635.53856288	
-5.56579673168	-1635.53890807	
-5.56707142911	-1635.53925379	
-5.56834450376	-1635.53960001	
-5.56961595975	-1635.53994674	
-5.57088580119	-1635.54029398	
-5.57215403218	-1635.54064171	
-5.57342065679	-1635.54098995	
-5.5746856791	-1635.54133868	
-5.57594910315	-1635.5416879	
-5.57721093297	-1635.54203762	
-5.57847117258	-1635.54238781	
-5.57972982599	-1635.54273849	
-5.58098689718	-1635.54308965	
-5.58224239012	-1635.54344129	
-5.58349630878	-1635.5437934	
-5.5847486571	-1635.54414597	
-5.585999439	-1635.54449902	
-5.5872486584	-1635.54485253	
-5.5884963192	-1635.5452065	
-5.58974242528	-1635.54556093	
-5.59098698051	-1635.54591582	
-5.59222998875	-1635.54627115	
-5.59347145384	-1635.54662694	
-5.5947113796	-1635.54698317	
-5.59594976985	-1635.54733984	
-5.59718662839	-1635.54769696	
-5.598421959	-1635.54805451	
-5.59965576545	-1635.5484125	
-5.60088805149	-1635.54877092	
-5.60211882088	-1635.54912977	
-5.60334807733	-1635.54948905	
-5.60457582457	-1635.54984875	
-5.6058020663	-1635.55020887	
-5.60702680619	-1635.5505694	
-5.60825004793	-1635.55093036	
-5.60947179518	-1635.55129172	
-5.61069205159	-1635.5516535	
-5.61191082078	-1635.55201568	
-5.61312810639	-1635.55237827	
-5.61434391201	-1635.55274125	
-5.61555824124	-1635.55310464	
-5.61677109767	-1635.55346842	
-5.61798248485	-1635.5538326	
-5.61919240636	-1635.55419717	
-5.62040086572	-1635.55456213	
-5.62160786647	-1635.55492747	
-5.62281341212	-1635.5552932	
-5.62401750619	-1635.55565931	
-5.62522015215	-1635.55602579	
-5.6264213535	-1635.55639265	
-5.62762111369	-1635.55675989	
-5.62881943618	-1635.55712749	
-5.63001632442	-1635.55749547	
-5.63121178182	-1635.55786381	
-5.63240581181	-1635.55823251	
-5.6335984178	-1635.55860157	
-5.63478960317	-1635.55897099	
-5.6359793713	-1635.55934077	
-5.63716772557	-1635.5597109	
-5.63835466933	-1635.56008139	
-5.63954020593	-1635.56045222	
-5.64072433869	-1635.5608234	
-5.64190707094	-1635.56119492	
-5.64308840598	-1635.56156678	
-5.64426834712	-1635.56193899	
-5.64544689764	-1635.56231153	
-5.64662406082	-1635.5626844	
-5.64779983991	-1635.56305761	
-5.64897423816	-1635.56343115	
-5.65014725882	-1635.56380501	
-5.65131890512	-1635.56417921	
-5.65248918027	-1635.56455372	
-5.65365808747	-1635.56492856	
-5.65482562993	-1635.56530371	
-5.65599181082	-1635.56567919	
-5.65715663332	-1635.56605497	
-5.65832010058	-1635.56643107	
-5.65948221576	-1635.56680748	
-5.660642982	-1635.5671842	
-5.66180240242	-1635.56756122	
-5.66296048014	-1635.56793855	
-5.66411721826	-1635.56831618	
-5.66527261989	-1635.56869411	
-5.66642668811	-1635.56907234	
-5.66757942599	-1635.56945086	
-5.6687308366	-1635.56982967	
-5.66988092298	-1635.57020878	
-5.67102968818	-1635.57058817	
-5.67217713524	-1635.57096786	
-5.67332326717	-1635.57134782	
-5.67446808699	-1635.57172807	
-5.67561159769	-1635.57210861	
-5.67675380227	-1635.57248942	
-5.6778947037	-1635.5728705	
-5.67903430497	-1635.57325187	
-5.68017260902	-1635.5736335	
-5.6813096188	-1635.57401541	
-5.68244533727	-1635.57439759	
-5.68357976734	-1635.57478003	
-5.68471291194	-1635.57516274	
-5.68584477397	-1635.57554571	
-5.68697535634	-1635.57592895	
-5.68810466194	-1635.57631244	
-5.68923269364	-1635.57669619	
-5.69035945432	-1635.5770802	
-5.69148494685	-1635.57746446	
-5.69260917406	-1635.57784897	
-5.6937321388	-1635.57823373	
-5.69485384391	-1635.57861874	
-5.69597429221	-1635.579004	
-5.69709348651	-1635.57938951	
-5.69821142961	-1635.57977525	
-5.69932812431	-1635.58016124	
-5.70044357339	-1635.58054746	
-5.70155777963	-1635.58093393	
-5.7026707458	-1635.58132063	
-5.70378247466	-1635.58170756	
-5.70489296894	-1635.58209473	
-5.70600223139	-1635.58248212	
-5.70711026475	-1635.58286975	
-5.70821707172	-1635.5832576	
-5.70932265503	-1635.58364568	
-5.71042701737	-1635.58403398	
-5.71153016145	-1635.5844225	
-5.71263208993	-1635.58481125	
-5.71373280551	-1635.58520021	
-5.71483231084	-1635.58558939	
-5.71593060859	-1635.58597878	
-5.71702770141	-1635.58636839	
-5.71812359193	-1635.58675821	
-5.71921828279	-1635.58714824	
-5.72031177661	-1635.58753848	
-5.72140407601	-1635.58792892	
-5.72249518359	-1635.58831957	
-5.72358510195	-1635.58871043	
-5.72467383369	-1635.58910149	
-5.72576138137	-1635.58949274	
-5.72684774759	-1635.5898842	
-5.72793293489	-1635.59027586	
-5.72901694583	-1635.59066771	
-5.73009978297	-1635.59105975	
-5.73118144884	-1635.59145199	
-5.73226194598	-1635.59184442	
-5.7333412769	-1635.59223704	
-5.73441944412	-1635.59262984	
-5.73549645015	-1635.59302284	
-5.73657229748	-1635.59341602	
-5.73764698861	-1635.59380938	
-5.73872052602	-1635.59420292	
-5.73979291218	-1635.59459665	
-5.74086414956	-1635.59499055	
-5.74193424062	-1635.59538464	
-5.74300318781	-1635.59577889	
-5.74407099357	-1635.59617333	
-5.74513766034	-1635.59656793	
-5.74620319054	-1635.59696271	
-5.7472675866	-1635.59735766	
-5.74833085092	-1635.59775278	
-5.74939298591	-1635.59814807	
-5.75045399397	-1635.59854352	
-5.75151387748	-1635.59893914	
-5.75257263883	-1635.59933492	
-5.75363028038	-1635.59973087	
-5.75468680452	-1635.60012697	
-5.75574221359	-1635.60052323	
-5.75679650994	-1635.60091966	
-5.75784969593	-1635.60131623	
-5.75890177388	-1635.60171297	
-5.75995274612	-1635.60210986	
-5.76100261499	-1635.6025069	
-5.76205138278	-1635.60290409	
-5.76309905181	-1635.60330143	
-5.76414562438	-1635.60369892	
-5.76519110278	-1635.60409656	
-5.7662354893	-1635.60449434	
-5.76727878622	-1635.60489227	
-5.76832099579	-1635.60529034	
-5.7693621203	-1635.60568856	
-5.770402162	-1635.60608691	
-5.77144112313	-1635.60648541	
-5.77247900594	-1635.60688404	
-5.77351581267	-1635.60728281	
-5.77455154554	-1635.60768172	
-5.77558620679	-1635.60808076	
-5.77661979861	-1635.60847993	
-5.77765232322	-1635.60887924	
-5.77868378283	-1635.60927868	
-5.77971417962	-1635.60967824	
-5.78074351579	-1635.61007794	
-5.78177179352	-1635.61047776	
-5.78279901497	-1635.61087771	
-5.78382518233	-1635.61127778	
-5.78485029774	-1635.61167798	
-5.78587436337	-1635.6120783	
-5.78689738137	-1635.61247874	
-5.78791935386	-1635.6128793	
-5.788940283	-1635.61327998	
-5.7899601709	-1635.61368078	
-5.79097901969	-1635.6140817	
-5.79199683148	-1635.61448273	
-5.79301360838	-1635.61488387	
-5.7940293525	-1635.61528513	
-5.79504406593	-1635.6156865	
-5.79605775077	-1635.61608798	
-5.79707040908	-1635.61648958	
-5.79808204295	-1635.61689128	
-5.79909265446	-1635.61729308	
-5.80010224566	-1635.617695	
-5.80111081862	-1635.61809702	
-5.80211837538	-1635.61849914	
-5.80312491799	-1635.61890137	
-5.80413044849	-1635.6193037	
-5.80513496892	-1635.61970613	
-5.80613848129	-1635.62010866	
-5.80714098764	-1635.62051129	
-5.80814248998	-1635.62091402	
-5.80914299031	-1635.62131685	
