#Site	lnL	
0	-5.67288393058
1	-5.34091783771
2	-18.1515700101
3	-5.40983761736
4	-5.96902603319
5	-11.1085571462
6	-6.01329451279
7	-5.38276156614
8	-8.06852152441
9	-5.40983761736
10	-5.62729672233
11	-10.7987410605
12	-5.37644750818
13	-5.34091783771
14	-9.55486007749
15	-5.40983761736
16	-5.34091783771
17	-13.5305003039
18	-5.40983761736
19	-5.34091783771
20	-8.06852152441
21	-5.37644750818
22	-5.38276156614
23	-19.6930142698
24	-5.37644750818
25	-5.38276156614
26	-8.72929481294
27	-9.80547493148
28	-5.34091783771
29	-11.4415691128
30	-5.37644750818
31	-5.62729672233
32	-11.9085189579
33	-5.67288393058
34	-5.38276156614
35	-10.1616235056
36	-5.40983761736
37	-5.38276156614
38	-11.983106562
39	-6.01329451279
40	-5.34091783771
41	-12.4690111514
42	-5.67288393058
43	-5.34091783771
44	-20.3273844949
45	-5.40983761736
46	-5.34091783771
47	-10.2429822755
48	-5.37644750818
49	-5.38276156614
50	-14.478694601
51	-5.37644750818
52	-5.34091783771
53	-9.36638302368
54	-6.01329451279
55	-10.7607518611
56	-13.8842928472
57	-5.40983761736
58	-5.34091783771
59	-8.06852152441
60	-5.67288393058
61	-5.62729672233
62	-12.3560114816
63	-5.37644750818
64	-5.34091783771
65	-11.1151940318
66	-5.37644750818
67	-5.38276156614
68	-10.1616235056
69	-5.37644750818
70	-5.96902603319
71	-10.7821347061
72	-5.67288393058
73	-5.34091783771
74	-12.0122818619
75	-5.67288393058
76	-5.96902603319
77	-13.6240501184
78	-5.67288393058
79	-5.34091783771
80	-8.06852152441
81	-5.67288393058
82	-5.38276156614
83	-8.72929481294
84	-5.37644750818
85	-5.62729672233
86	-9.28038303189
87	-6.01329451279
88	-5.38276156614
89	-12.7317011982
90	-5.67288393058
91	-5.38276156614
92	-12.6449674409
93	-5.37644750818
94	-5.96902603319
95	-9.6330195411
96	-5.40983761736
97	-15.1299334513
98	-12.1795811136
99	-5.40983761736
100	-5.96902603319
101	-8.06852152441
102	-5.37644750818
103	-5.34091783771
104	-8.72929481294
105	-6.01329451279
106	-5.38276156614
107	-12.9679547666
108	-5.40983761736
109	-5.34091783771
110	-10.0238498147
111	-14.9359450783
112	-5.34091783771
113	-14.6699077493
114	-5.37644750818
115	-5.96902603319
116	-8.06852152441
117	-5.67288393058
118	-5.62729672233
119	-9.6330195411
120	-5.40983761736
121	-5.38276156614
122	-12.4742878795
123	-5.40983761736
124	-5.62729672233
125	-11.0515782023
126	-5.40983761736
127	-5.62729672233
128	-19.1232389816
129	-5.40983761736
130	-5.34091783771
131	-10.6889870812
132	-5.40983761736
133	-5.34091783771
134	-10.6889870812
135	-5.40983761736
136	-5.34091783771
137	-10.1616235056
138	-13.9362327521
139	-5.96902603319
140	-14.6970064356
141	-14.1883502578
142	-5.38276156614
143	-8.06852152441
144	-5.40983761736
145	-5.62729672233
146	-10.281035303
147	-6.01329451279
148	-5.96902603319
149	-13.2741294752
150	-6.01329451279
151	-5.34091783771
152	-11.4652048906
153	-10.3995173726
154	-5.62729672233
155	-12.9767287688
156	-6.01329451279
157	-5.96902603319
158	-10.6676554635
159	-5.37644750818
160	-5.38276156614
161	-16.726388933
162	-6.01329451279
163	-5.34091783771
164	-10.080047219
165	-5.67288393058
166	-5.62729672233
167	-10.5918647185
168	-5.37644750818
169	-5.62729672233
170	-11.659116392
171	-5.37644750818
172	-5.38276156614
173	-8.72929481294
174	-5.37644750818
175	-5.62729672233
176	-8.06852152441
177	-5.37644750818
178	-5.96902603319
179	-13.1655241443
180	-5.37644750818
181	-5.38276156614
182	-8.06852152441
183	-6.01329451279
184	-5.38276156614
185	-12.4502974726
186	-5.37644750818
187	-5.38276156614
188	-8.06852152441
189	-5.40983761736
190	-5.34091783771
191	-11.2290345695
192	-6.01329451279
193	-5.62729672233
194	-10.6676554635
195	-6.01329451279
196	-5.38276156614
197	-9.85044779489
198	-5.37644750818
199	-5.38276156614
200	-12.7541007599
201	-5.40983761736
202	-5.34091783771
203	-14.6914674564
204	-5.37644750818
205	-5.34091783771
206	-8.06852152441
207	-5.40983761736
208	-5.96902603319
209	-8.72929481294
210	-6.01329451279
211	-5.62729672233
212	-14.3709694019
213	-5.37644750818
214	-5.38276156614
215	-10.7821347061
216	-5.37644750818
217	-5.62729672233
218	-10.6392837647
219	-6.01329451279
220	-5.96902603319
221	-17.0826963814
222	-14.2093044537
223	-5.96902603319
224	-15.5264758426
225	-5.37644750818
226	-5.38276156614
227	-10.281035303
228	-5.40983761736
229	-5.34091783771
230	-16.0095236788
231	-5.40983761736
232	-5.62729672233
233	-13.389900893
234	-5.67288393058
235	-5.96902603319
236	-10.080047219
237	-6.01329451279
238	-5.38276156614
239	-8.72929481294
240	-5.67288393058
241	-5.38276156614
242	-8.06852152441
243	-5.37644750818
244	-5.38276156614
245	-8.72929481294
246	-5.37644750818
247	-5.62729672233
248	-10.7006266887
249	-5.37644750818
250	-5.34091783771
251	-12.7824724772
252	-5.67288393058
253	-5.38276156614
254	-9.38762018477
255	-5.40983761736
256	-5.34091783771
257	-10.5918647185
258	-5.67288393058
259	-5.34091783771
260	-13.1233317572
261	-6.01329451279
262	-5.34091783771
263	-8.06852152441
264	-5.40983761736
265	-5.62729672233
266	-9.6330195411
267	-5.40983761736
268	-5.38276156614
269	-12.7824724772
270	-5.40983761736
271	-5.62729672233
272	-10.5959927141
273	-5.40983761736
274	-5.38276156614
275	-9.6330195411
276	-5.40983761736
277	-5.38276156614
278	-8.06852152441
279	-5.67288393058
280	-5.96902603319
281	-8.72929481294
282	-5.37644750818
283	-5.62729672233
284	-19.0939863552
285	-6.01329451279
286	-5.62729672233
287	-10.6676554635
288	-5.40983761736
289	-5.38276156614
290	-12.9584832775
291	-5.40983761736
292	-5.62729672233
293	-10.7752744809
294	-5.37644750818
295	-5.62729672233
296	-9.85044779489
297	-5.67288393058
298	-5.38276156614
299	-12.198765747
300	-5.37644750818
301	-5.62729672233
302	-10.1616235056
303	-5.40983761736
304	-5.34091783771
305	-17.1126152695
306	-5.37644750818
307	-5.96902603319
308	-12.1483714101
309	-5.40983761736
310	-5.96902603319
311	-13.8208314333
312	-5.40983761736
313	-5.34091783771
314	-13.2599235148
315	-5.67288393058
316	-5.62729672233
317	-10.5959927141
318	-5.67288393058
319	-5.96902603319
320	-14.684610582
321	-5.37644750818
322	-5.96902603319
323	-15.0202148217
324	-5.67288393058
325	-5.38276156614
326	-13.5219974157
327	-5.40983761736
328	-5.96902603319
329	-9.95601816737
330	-5.40983761736
331	-5.62729672233
332	-15.6661610821
333	-11.8136780575
334	-5.34091783771
335	-8.72929481294
336	-5.37644750818
337	-5.96902603319
338	-8.72929481294
339	-5.37644750818
340	-5.62729672233
341	-9.36638302368
342	-6.01329451279
343	-5.34091783771
344	-8.06852152441
345	-5.37644750818
346	-5.62729672233
347	-11.7507677528
348	-5.40983761736
349	-5.38276156614
350	-8.72929481294
351	-5.37644750818
352	-21.4191740865
353	-12.9584832775
354	-5.67288393058
355	-5.34091783771
356	-10.9487844934
357	-10.6093633904
358	-13.485968281
359	-12.1795811136
360	-5.40983761736
361	-14.0610738801
362	-10.7752744809
363	-5.37644750818
364	-5.62729672233
365	-14.5380901841
366	-5.67288393058
367	-5.96902603319
368	-11.7507677528
369	-5.37644750818
370	-5.38276156614
371	-12.8234301374
372	-6.01329451279
373	-5.38276156614
374	-10.1616235056
375	-5.40983761736
376	-5.96902603319
377	-8.06852152441
378	-10.2511688648
379	-5.38276156614
380	-12.4225078929
381	-6.01329451279
382	-5.96902603319
383	-12.9912154666
384	-5.67288393058
385	-5.38276156614
386	-10.1616235056
387	-5.67288393058
388	-5.62729672233
389	-12.3526458302
390	-5.37644750818
391	-5.38276156614
392	-12.6814669412
393	-5.40983761736
394	-5.38276156614
395	-9.36638302368
396	-5.37644750818
397	-5.34091783771
398	-8.06852152441
399	-5.37644750818
400	-5.34091783771
401	-15.9250057026
402	-5.67288393058
403	-5.96902603319
404	-15.6864157004
405	-5.37644750818
406	-5.34091783771
407	-19.399580263
408	-5.37644750818
409	-5.62729672233
410	-11.1151940318
411	-5.40983761736
412	-5.38276156614
413	-14.2173869358
414	-5.67288393058
415	-5.34091783771
416	-24.4180262063
417	-5.40983761736
418	-5.62729672233
419	-12.0981422549
420	-5.67288393058
421	-5.62729672233
422	-15.0797012317
423	-5.67288393058
424	-5.62729672233
425	-8.06852152441
426	-6.01329451279
427	-5.34091783771
428	-8.72929481294
429	-5.67288393058
430	-5.96902603319
431	-8.72929481294
432	-5.67288393058
433	-5.96902603319
434	-14.2144677098
435	-5.40983761736
436	-5.38276156614
437	-8.06852152441
438	-14.2093044537
439	-5.34091783771
440	-11.6323738756
441	-5.37644750818
442	-5.96902603319
443	-11.6323738756
444	-5.40983761736
445	-5.34091783771
446	-8.06852152441
447	-5.37644750818
448	-5.34091783771
449	-12.2365997192
450	-5.67288393058
451	-5.38276156614
452	-10.5918647185
453	-22.2282702686
454	-5.34091783771
455	-10.7987410605
456	-5.67288393058
457	-5.34091783771
458	-8.06852152441
459	-5.37644750818
460	-5.34091783771
461	-8.06852152441
462	-6.01329451279
463	-5.34091783771
464	-13.6701034541
465	-5.40983761736
466	-5.62729672233
467	-13.9065413506
468	-5.67288393058
469	-5.38276156614
470	-22.4406587328
471	-6.01329451279
472	-5.34091783771
473	-11.1085571462
474	-5.67288393058
475	-5.34091783771
476	-8.06852152441
477	-5.67288393058
478	-20.4608233891
479	-12.8631734659
480	-5.40983761736
481	-5.96902603319
482	-10.080047219
483	-6.01329451279
484	-5.96902603319
485	-11.3647514446
486	-5.40983761736
487	-5.96902603319
488	-8.72929481294
