# log_p 	 lnL 	 
0.0	-1801.16533705	
-0.287682072452	-1801.10040605	
-0.510825623766	-1801.0307648	
-0.69314718056	-1800.95937267	
-0.847297860387	-1800.89051217	
-0.980829253012	-1800.82700133	
-1.09861228867	-1800.77013155	
-1.20397280433	-1800.72019937	
-1.29928298413	-1800.67696705	
-1.38629436112	-1800.63995349	
-1.46633706879	-1800.60859496	
-1.54044504095	-1800.58232615	
-1.60943791243	-1800.56061701	
-1.67397643357	-1800.54298649	
-1.73460105539	-1800.52900502	
-1.79175946923	-1800.51829177	
-1.8458266905	-1800.51050992	
-1.89711998489	-1800.50536143	
-1.94591014906	-1800.50258207	
-1.99243016469	-1800.50193691	
-2.03688192726	-1800.5032164	
-2.07944154168	-1800.50623301	
-2.1202635362	-1800.5108184	
-2.15948424935	-1800.51682095	
-2.19722457734	-1800.5241038	
-2.23359222151	-1800.53254303	
-2.26868354132	-1800.54202623	
-2.30258509299	-1800.55245124	
-2.33537491582	-1800.56372504	
-2.36712361413	-1800.5757628	
-2.3978952728	-1800.58848711	
-2.42774823595	-1800.60182723	
-2.45673577282	-1800.61571844	
-2.48490664979	-1800.63010154	
-2.51230562398	-1800.6449223	
-2.53897387106	-1800.66013107	
-2.56494935746	-1800.67568233	
-2.59026716545	-1800.69153439	
-2.61495977804	-1800.707649	
-2.63905732962	-1800.72399114	
-2.66258782703	-1800.74052869	
-2.68557734525	-1800.75723223	
-2.7080502011	-1800.77407479	
-2.73002910782	-1800.79103169	
-2.75153531304	-1800.80808031	
-2.77258872224	-1800.82519995	
-2.79320800944	-1800.8423717	
-2.81341071676	-1800.85957823	
-2.83321334406	-1800.87680374	
-2.85263142991	-1800.8940338	
-2.87167962488	-1800.91125522	
-2.8903717579	-1800.928456	
-2.90872089656	-1800.94562521	
-2.92673940207	-1800.96275292	
-2.94443897917	-1800.97983008	
-2.96183072188	-1800.9968485	
-2.97892515524	-1801.01380077	
-2.99573227355	-1801.03068017	
-3.01226157551	-1801.04748066	
-3.02852209638	-1801.06419678	
-3.04452243772	-1801.08082363	
-3.06027079469	-1801.09735683	
-3.07577498123	-1801.11379246	
-3.09104245336	-1801.13012705	
-3.10608033072	-1801.14635751	
-3.12089541651	-1801.16248112	
-3.13549421593	-1801.17849549	
-3.14988295338	-1801.19439856	
-3.16406758837	-1801.21018853	
-3.17805383035	-1801.22586388	
-3.19184715248	-1801.24142331	
-3.20545280454	-1801.25686575	
-3.21887582487	-1801.27219034	
-3.23212105162	-1801.28739639	
-3.24519313319	-1801.30248337	
-3.25809653802	-1801.31745093	
-3.2708355638	-1801.33229885	
-3.28341434601	-1801.34702703	
-3.295836866	-1801.36163549	
-3.3081069586	-1801.37612437	
-3.32022831913	-1801.3904939	
-3.33220451018	-1801.40474439	
-3.34403896782	-1801.41887623	
-3.35573500759	-1801.43288991	
-3.36729582999	-1801.44678595	
-3.37872452581	-1801.46056494	
-3.39002408106	-1801.47422754	
-3.40119738166	-1801.48777445	
-3.41224721785	-1801.5012064	
-3.42317628838	-1801.51452416	
-3.43398720449	-1801.52772856	
-3.4446824936	-1801.54082043	
-3.45526460293	-1801.55380064	
-3.4657359028	-1801.56667008	
-3.47609868984	-1801.57942966	
-3.48635519	-1801.59208031	
-3.49650756147	-1801.60462297	
-3.50655789732	-1801.6170586	
-3.51650822817	-1801.62938816	
-3.52636052462	-1801.64161264	
-3.53611669956	-1801.65373299	
-3.54577861047	-1801.66575022	
-3.55534806149	-1801.67766531	
-3.56482680544	-1801.68947925	
-3.57421654579	-1801.70119303	
-3.58351893846	-1801.71280763	
-3.59273559356	-1801.72432405	
-3.60186807712	-1801.73574327	
-3.61091791264	-1801.74706627	
-3.61988658263	-1801.75829403	
-3.62877553004	-1801.76942752	
-3.63758615973	-1801.7804677	
-3.6463198397	-1801.79141554	
-3.65497790244	-1801.80227199	
-3.66356164613	-1801.81303799	
-3.6720723358	-1801.82371449	
-3.68051120444	-1801.83430241	
-3.68887945411	-1801.84480267	
-3.69717825693	-1801.85521619	
-3.70540875607	-1801.86554387	
-3.7135720667	-1801.87578661	
-3.72166927694	-1801.88594529	
-3.72970144863	-1801.89602079	
-3.73766961828	-1801.90601398	
-3.74557479779	-1801.91592571	
-3.75341797525	-1801.92575683	
-3.76120011569	-1801.93550818	
-3.76892216179	-1801.94518059	
-3.77658503453	-1801.95477487	
-3.78418963392	-1801.96429183	
-3.79173683955	-1801.97373228	
-3.79922751128	-1801.983097	
-3.80666248977	-1801.99238677	
-3.81404259707	-1802.00160235	
-3.82136863716	-1802.01074452	
-3.82864139649	-1802.01981401	
-3.83586164446	-1802.02881157	
-3.84303013394	-1802.03773793	
-3.85014760171	-1802.04659382	
-3.85721476893	-1802.05537993	
-3.86423234159	-1802.06409698	
-3.87120101091	-1802.07274566	
-3.87812145375	-1802.08132665	
-3.88499433304	-1802.08984064	
-3.89182029811	-1802.09828828	
-3.8985999851	-1802.10667023	
-3.90533401728	-1802.11498715	
-3.91202300543	-1802.12323967	
-3.91866754815	-1802.13142843	
-3.92526823218	-1802.13955405	
-3.93182563272	-1802.14761715	
-3.93834031375	-1802.15561833	
-3.94481282825	-1802.1635582	
-3.95124371858	-1802.17143734	
-3.95763351668	-1802.17925635	
-3.96398274436	-1802.1870158	
-3.97029191355	-1802.19471625	
-3.97656152657	-1802.20235827	
-3.98279207632	-1802.20994242	
-3.98898404656	-1802.21746923	
-3.99513791214	-1802.22493926	
-4.00125413916	-1802.23235303	
-4.00733318523	-1802.23971108	
-4.01337549969	-1802.24701391	
-4.01938152375	-1802.25426205	
-4.02535169074	-1802.261456	
-4.03128642625	-1802.26859626	
-4.03718614838	-1802.27568333	
-4.04305126783	-1802.28271768	
-4.04888218815	-1802.28969981	
-4.05467930583	-1802.29663019	
-4.06044301055	-1802.30350929	
-4.06617368526	-1802.31033758	
-4.07187170637	-1802.3171155	
-4.07753744391	-1802.32384351	
-4.08317126162	-1802.33052207	
-4.08877351717	-1802.33715161	
-4.09434456222	-1802.34373256	
-4.0998847426	-1802.35026537	
-4.10539439841	-1802.35675044	
-4.11087386417	-1802.36318821	
-4.11632346894	-1802.36957909	
-4.12174353641	-1802.37592349	
-4.12713438505	-1802.38222182	
-4.13249632819	-1802.38847447	
-4.13782967416	-1802.39468185	
-4.14313472639	-1802.40084434	
-4.14841178349	-1802.40696233	
-4.15366113938	-1802.41303621	
-4.15888308336	-1802.41906634	
-4.16407790024	-1802.42505311	
-4.1692458704	-1802.43099689	
-4.1743872699	-1802.43689804	
-4.17950237056	-1802.44275692	
-4.18459144007	-1802.44857388	
-4.18965474203	-1802.45434929	
-4.19469253606	-1802.46008349	
-4.19970507788	-1802.46577682	
-4.20469261939	-1802.47142963	
-4.20965540873	-1802.47704225	
-4.21459369037	-1802.48261503	
-4.21950770518	-1802.48814828	
-4.22439769047	-1802.49364233	
-4.22926388012	-1802.49909752	
-4.2341065046	-1802.50451415	
-4.23892579103	-1802.50989255	
-4.2437219633	-1802.51523302	
-4.24849524205	-1802.52053588	
-4.25324584481	-1802.52580143	
-4.257973986	-1802.53102998	
-4.26267987704	-1802.53622182	
-4.26736372635	-1802.54137726	
-4.27202573946	-1802.54649658	
-4.27666611902	-1802.55158007	
-4.28128506487	-1802.55662803	
-4.28588277412	-1802.56164074	
-4.29045944115	-1802.56661848	
-4.29501525768	-1802.57156153	
-4.29955041285	-1802.57647016	
-4.3040650932	-1802.58134465	
-4.30855948279	-1802.58618527	
-4.31303376319	-1802.59099228	
-4.31748811354	-1802.59576596	
-4.3219227106	-1802.60050655	
-4.32633772881	-1802.60521434	
-4.33073334029	-1802.60988956	
-4.33510971489	-1802.61453247	
-4.33946702026	-1802.61914334	
-4.34380542185	-1802.6237224	
-4.348125083	-1802.6282699	
-4.3524261649	-1802.6327861	
-4.35670882669	-1802.63727122	
-4.36097322548	-1802.64172552	
-4.36521951636	-1802.64614923	
-4.36944785247	-1802.65054259	
-4.373658385	-1802.65490582	
-4.37785126326	-1802.65923916	
-4.38202663467	-1802.66354285	
-4.38618464482	-1802.6678171	
-4.39032543749	-1802.67206214	
-4.39444915467	-1802.67627819	
-4.39855593663	-1802.68046548	
-4.40264592188	-1802.68462422	
-4.40671924726	-1802.68875463	
-4.41077604796	-1802.69285693	
-4.4148164575	-1802.69693132	
-4.4188406078	-1802.70097801	
-4.42284862919	-1802.70499723	
-4.42684065046	-1802.70898917	
-4.43081679884	-1802.71295403	
-4.43477720006	-1802.71689202	
-4.43872197835	-1802.72080335	
-4.44265125649	-1802.72468821	
-4.44656515581	-1802.72854679	
-4.45046379623	-1802.7323793	
-4.45434729625	-1802.73618593	
-4.45821577303	-1802.73996688	
-4.46206934235	-1802.74372232	
-4.46590811865	-1802.74745245	
-4.46973221509	-1802.75115747	
-4.47354174351	-1802.75483754	
-4.47733681448	-1802.75849287	
-4.48111753732	-1802.76212363	
-4.48488402011	-1802.76572999	
-4.48863636973	-1802.76931215	
-4.49237469184	-1802.77287028	
-4.49609909093	-1802.77640455	
-4.49980967033	-1802.77991514	
-4.50350653221	-1802.78340223	
-4.50718977763	-1802.78686598	
-4.51085950652	-1802.79030657	
-4.51451581772	-1802.79372416	
-4.518158809	-1802.79711892	
-4.52178857705	-1802.80049101	
-4.52540521752	-1802.80384061	
-4.52900882502	-1802.80716788	
-4.53259949315	-1802.81047297	
-4.5361773145	-1802.81375605	
-4.53974238067	-1802.81701728	
-4.54329478227	-1802.82025681	
-4.54683460898	-1802.8234748	
-4.55036194949	-1802.8266714	
-4.5538768916	-1802.82984678	
-4.55737952215	-1802.83300108	
-4.56086992709	-1802.83613445	
-4.56434819147	-1802.83924704	
-4.56781439944	-1802.84233901	
-4.57126863431	-1802.8454105	
-4.5747109785	-1802.84846165	
-4.5781415136	-1802.85149262	
-4.58156032035	-1802.85450354	
-4.58496747867	-1802.85749456	
-4.58836306767	-1802.86046582	
-4.59174716566	-1802.86341746	
-4.59511985013	-1802.86634963	
-4.59848119784	-1802.86926245	
-4.60183128472	-1802.87215606	
-4.60517018599	-1802.87503061	
-4.60849797608	-1802.87788622	
-4.61181472871	-1802.88072304	
-4.61512051684	-1802.88354118	
-4.61841541274	-1802.8863408	
-4.62169948794	-1802.889122	
-4.62497281328	-1802.89188494	
-4.62823545892	-1802.89462972	
-4.63148749431	-1802.89735649	
-4.63472898823	-1802.90006537	
-4.63796000881	-1802.90275648	
-4.64118062351	-1802.90542994	
-4.64439089914	-1802.90808589	
-4.64759090187	-1802.91072445	
-4.65078069724	-1802.91334572	
-4.65396035016	-1802.91594985	
-4.65712992492	-1802.91853694	
-4.66028948521	-1802.92110712	
-4.66343909411	-1802.9236605	
-4.66657881412	-1802.92619719	
-4.66970870713	-1802.92871733	
-4.67282883446	-1802.93122101	
-4.67593925688	-1802.93370836	
-4.67904003455	-1802.93617949	
-4.68213122712	-1802.93863451	
-4.68521289366	-1802.94107353	
-4.6882850927	-1802.94349667	
-4.69134788223	-1802.94590403	
-4.69440131972	-1802.94829572	
-4.6974454621	-1802.95067185	
-4.70048036579	-1802.95303252	
-4.70350608671	-1802.95537785	
-4.70652268025	-1802.95770794	
-4.70953020131	-1802.9600229	
-4.71252870431	-1802.96232282	
-4.71551824316	-1802.96460782	
-4.7184988713	-1802.96687799	
-4.72147064168	-1802.96913343	
-4.72443360681	-1802.97137425	
-4.72738781871	-1802.97360055	
-4.73033332894	-1802.97581243	
-4.73327018862	-1802.97800998	
-4.73619844839	-1802.9801933	
-4.7391181585	-1802.9823625	
-4.74202936871	-1802.98451766	
-4.74493212836	-1802.98665888	
-4.74782648639	-1802.98878626	
-4.75071249128	-1802.99089989	
-4.75359019111	-1802.99299986	
-4.75645963353	-1802.99508627	
-4.75932086582	-1802.99715922	
-4.7621739348	-1802.99921878	
-4.76501888693	-1803.00126506	
-4.76785576827	-1803.00329813	
-4.77068462447	-1803.0053181	
-4.77350550081	-1803.00732505	
-4.77631844218	-1803.00931907	
-4.77912349311	-1803.01130024	
-4.78192069773	-1803.01326865	
-4.78471009982	-1803.0152244	
-4.78749174278	-1803.01716755	
-4.79026566966	-1803.01909821	
-4.79303192316	-1803.02101644	
-4.7957905456	-1803.02292235	
-4.79854157897	-1803.024816	
-4.80128506491	-1803.02669748	
-4.80402104473	-1803.02856688	
-4.80674955939	-1803.03042427	
-4.8094706495	-1803.03226974	
-4.81218435537	-1803.03410336	
-4.81489071697	-1803.03592522	
-4.81758977394	-1803.03773538	
-4.82028156561	-1803.03953394	
-4.82296613098	-1803.04132097	
-4.82564350875	-1803.04309654	
-4.8283137373	-1803.04486074	
-4.83097685472	-1803.04661363	
-4.83363289878	-1803.0483553	
-4.83628190695	-1803.05008581	
-4.83892391641	-1803.05180524	
-4.84155896405	-1803.05351368	
-4.84418708646	-1803.05521118	
-4.84680831994	-1803.05689782	
-4.84942270051	-1803.05857367	
-4.85203026392	-1803.06023881	
-4.85463104562	-1803.06189331	
-4.8572250808	-1803.06353723	
-4.85981240436	-1803.06517065	
-4.86239305096	-1803.06679364	
-4.86496705495	-1803.06840626	
-4.86753445046	-1803.07000858	
-4.87009527132	-1803.07160068	
-4.87264955112	-1803.07318261	
-4.8751973232	-1803.07475445	
-4.87773862063	-1803.07631626	
-4.88027347623	-1803.07786811	
-4.88280192259	-1803.07941007	
-4.88532399202	-1803.08094219	
-4.88783971662	-1803.08246455	
-4.89034912822	-1803.08397721	
-4.89285225844	-1803.08548023	
-4.89534913864	-1803.08697367	
-4.89783979995	-1803.0884576	
-4.90032427328	-1803.08993208	
-4.90280258929	-1803.09139717	
-4.90527477844	-1803.09285294	
-4.90774087093	-1803.09429944	
-4.91020089677	-1803.09573673	
-4.91265488574	-1803.09716488	
-4.91510286737	-1803.09858394	
-4.91754487103	-1803.09999398	
-4.91998092583	-1803.10139505	
-4.92241106068	-1803.10278721	
-4.92483530429	-1803.10417052	
-4.92725368516	-1803.10554504	
-4.92966623156	-1803.10691082	
-4.93207297159	-1803.10826792	
-4.93447393313	-1803.10961639	
-4.93686914386	-1803.1109563	
-4.93925863125	-1803.1122877	
-4.94164242261	-1803.11361064	
-4.94402054501	-1803.11492518	
-4.94639302537	-1803.11623138	
-4.94875989038	-1803.11752928	
-4.95112116656	-1803.11881894	
-4.95347688026	-1803.12010041	
-4.9558270576	-1803.12137375	
-4.95817172456	-1803.12263901	
-4.96051090691	-1803.12389624	
-4.96284463026	-1803.12514549	
-4.96517292002	-1803.12638682	
-4.96749580144	-1803.12762027	
-4.96981329958	-1803.1288459	
-4.97212543933	-1803.13006375	
-4.97443224543	-1803.13127388	
-4.97673374242	-1803.13247634	
-4.97902995468	-1803.13367117	
-4.98132090643	-1803.13485843	
-4.98360662171	-1803.13603815	
-4.98588712441	-1803.1372104	
-4.98816243824	-1803.13837522	
-4.99043258678	-1803.13953265	
-4.99269759341	-1803.14068274	
-4.99495748138	-1803.14182555	
-4.99721227376	-1803.14296111	
-4.9994619935	-1803.14408948	
-5.00170666335	-1803.14521069	
-5.00394630595	-1803.1463248	
-5.00618094375	-1803.14743185	
-5.00841059907	-1803.14853188	
-5.0106352941	-1803.14962494	
-5.01285505083	-1803.15071108	
-5.01506989116	-1803.15179033	
-5.01727983681	-1803.15286274	
-5.01948490937	-1803.15392836	
-5.02168513028	-1803.15498723	
-5.02388052085	-1803.15603939	
-5.02607110223	-1803.15708488	
-5.02825689545	-1803.15812375	
-5.03043792139	-1803.15915603	
-5.03261420082	-1803.16018177	
-5.03478575433	-1803.16120101	
-5.03695260241	-1803.1622138	
-5.03911476542	-1803.16322017	
-5.04127226356	-1803.16422016	
-5.04342511692	-1803.16521381	
-5.04557334546	-1803.16620116	
-5.047716969	-1803.16718226	
-5.04985600725	-1803.16815714	
-5.05199047978	-1803.16912584	
-5.05412040604	-1803.1700884	
-5.05624580535	-1803.17104486	
-5.05836669692	-1803.17199526	
-5.06048309982	-1803.17293963	
-5.06259503303	-1803.17387801	
-5.06470251537	-1803.17481044	
-5.06680556556	-1803.17573696	
-5.06890420222	-1803.17665761	
-5.07099844382	-1803.17757242	
-5.07308830874	-1803.17848142	
-5.07517381523	-1803.17938466	
-5.07725498144	-1803.18028217	
-5.07933182538	-1803.18117398	
-5.08140436498	-1803.18206014	
-5.08347261805	-1803.18294067	
-5.08553660227	-1803.18381561	
-5.08759633523	-1803.184685	
-5.08965183441	-1803.18554888	
-5.09170311719	-1803.18640726	
-5.09375020081	-1803.1872602	
-5.09579310244	-1803.18810772	
-5.09783183913	-1803.18894986	
-5.09986642782	-1803.18978665	
-5.10189688537	-1803.19061812	
-5.10392322852	-1803.19144431	
-5.1059454739	-1803.19226525	
-5.10796363806	-1803.19308097	
-5.10997773743	-1803.1938915	
-5.11198778836	-1803.19469688	
-5.11399380708	-1803.19549714	
-5.11599580975	-1803.19629231	
-5.11799381242	-1803.19708242	
-5.11998783102	-1803.1978675	
-5.12197788143	-1803.19864759	
-5.1239639794	-1803.19942271	
-5.12594614061	-1803.20019289	
-5.12792438062	-1803.20095817	
-5.12989871492	-1803.20171858	
-5.13186915891	-1803.20247414	
-5.13383572788	-1803.20322489	
-5.13579843705	-1803.20397085	
-5.13775730154	-1803.20471206	
-5.13971233637	-1803.20544854	
-5.1416635565	-1803.20618032	
-5.14361097679	-1803.20690744	
-5.145554612	-1803.20762991	
-5.14749447681	-1803.20834777	
-5.14943058584	-1803.20906105	
-5.15136295359	-1803.20976977	
-5.1532915945	-1803.21047397	
-5.15521652291	-1803.21117366	
-5.15713775309	-1803.21186889	
-5.15905529921	-1803.21255967	
-5.1609691754	-1803.21324603	
-5.16287939565	-1803.21392799	
-5.16478597392	-1803.2146056	
-5.16668892407	-1803.21527887	
-5.16858825987	-1803.21594782	
-5.17048399504	-1803.21661249	
-5.17237614319	-1803.21727291	
-5.17426471788	-1803.21792908	
-5.17614973257	-1803.21858106	
-5.17803120067	-1803.21922884	
-5.1799091355	-1803.21987248	
-5.18178355029	-1803.22051198	
-5.18365445823	-1803.22114737	
-5.1855218724	-1803.22177869	
-5.18738580584	-1803.22240595	
-5.18924627149	-1803.22302917	
-5.19110328224	-1803.22364839	
-5.19295685089	-1803.22426362	
-5.19480699018	-1803.2248749	
-5.19665371277	-1803.22548224	
-5.19849703127	-1803.22608566	
-5.20033695819	-1803.2266852	
-5.202173506	-1803.22728088	
-5.20400668708	-1803.22787271	
-5.20583651375	-1803.22846072	
-5.20766299828	-1803.22904494	
-5.20948615284	-1803.22962539	
-5.21130598956	-1803.23020208	
-5.21312252048	-1803.23077505	
-5.21493575761	-1803.23134432	
-5.21674571285	-1803.2319099	
-5.21855239808	-1803.23247182	
-5.22035582508	-1803.2330301	
-5.22215600558	-1803.23358477	
-5.22395295126	-1803.23413584	
-5.22574667371	-1803.23468333	
-5.22753718449	-1803.23522728	
-5.22932449506	-1803.23576769	
-5.23110861685	-1803.23630459	
-5.23288956123	-1803.23683801	
-5.23466733947	-1803.23736795	
-5.23644196283	-1803.23789445	
-5.23821344248	-1803.23841752	
-5.23998178954	-1803.23893719	
-5.24174701506	-1803.23945347	
-5.24350913005	-1803.23996638	
-5.24526814546	-1803.24047595	
-5.24702407216	-1803.24098219	
-5.24877692099	-1803.24148513	
-5.25052670271	-1803.24198477	
-5.25227342805	-1803.24248115	
-5.25401710765	-1803.24297429	
-5.25575775213	-1803.24346419	
-5.25749537203	-1803.24395089	
-5.25922997784	-1803.24443439	
-5.26096158	-1803.24491473	
-5.2626901889	-1803.24539191	
-5.26441581487	-1803.24586596	
-5.26613846818	-1803.24633689	
-5.26785815906	-1803.24680473	
-5.26957489768	-1803.24726948	
-5.27128869416	-1803.24773118	
-5.27299955856	-1803.24818983	
-5.27470750091	-1803.24864546	
-5.27641253116	-1803.24909808	
-5.27811465923	-1803.24954772	
-5.27981389498	-1803.24999438	
-5.28151024823	-1803.25043809	
-5.28320372874	-1803.25087886	
-5.28489434622	-1803.25131671	
-5.28658211033	-1803.25175167	
-5.28826703069	-1803.25218373	
-5.28994911688	-1803.25261293	
-5.2916283784	-1803.25303928	
-5.29330482472	-1803.25346279	
-5.29497846528	-1803.25388349	
-5.29664930945	-1803.25430138	
-5.29831736655	-1803.25471649	
-5.29998264587	-1803.25512883	
-5.30164515664	-1803.25553842	
-5.30330490806	-1803.25594527	
-5.30496190927	-1803.2563494	
-5.30661616936	-1803.25675083	
-5.3082676974	-1803.25714957	
-5.30991650239	-1803.25754563	
-5.3115625933	-1803.25793904	
-5.31320597904	-1803.25832981	
-5.3148466685	-1803.25871795	
-5.3164846705	-1803.25910348	
-5.31811999384	-1803.25948642	
-5.31975264727	-1803.25986677	
-5.32138263948	-1803.26024456	
-5.32300997914	-1803.2606198	
-5.32463467487	-1803.2609925	
-5.32625673524	-1803.26136268	
-5.32787616879	-1803.26173035	
-5.32949298402	-1803.26209553	
-5.33110718937	-1803.26245824	
-5.33271879327	-1803.26281848	
-5.33432780407	-1803.26317627	
-5.33593423012	-1803.26353163	
-5.3375380797	-1803.26388457	
-5.33913936107	-1803.2642351	
-5.34073808243	-1803.26458324	
-5.34233425196	-1803.264929	
-5.3439278778	-1803.26527239	
-5.34551896803	-1803.26561344	
-5.34710753072	-1803.26595214	
-5.34869357387	-1803.26628852	
-5.35027710548	-1803.26662259	
-5.35185813348	-1803.26695437	
-5.35343666577	-1803.26728386	
-5.35501271022	-1803.26761108	
-5.35658627467	-1803.26793604	
-5.3581573669	-1803.26825875	
-5.35972599468	-1803.26857923	
-5.36129216571	-1803.2688975	
-5.36285588769	-1803.26921356	
-5.36441716825	-1803.26952742	
-5.36597601502	-1803.2698391	
-5.36753243557	-1803.27014862	
-5.36908643744	-1803.27045597	
-5.37063802813	-1803.27076119	
-5.37218721511	-1803.27106427	
-5.37373400583	-1803.27136523	
-5.37527840768	-1803.27166409	
-5.37682042804	-1803.27196085	
-5.37836007422	-1803.27225553	
-5.37989735354	-1803.27254814	
-5.38143227326	-1803.27283868	
-5.38296484061	-1803.27312719	
-5.38449506279	-1803.27341365	
-5.38602294697	-1803.27369809	
-5.38754850028	-1803.27398052	
-5.38907172982	-1803.27426094	
-5.39059264266	-1803.27453938	
-5.39211124583	-1803.27481584	
-5.39362754635	-1803.27509033	
-5.39514155118	-1803.27536287	
-5.39665326727	-1803.27563346	
-5.39816270152	-1803.27590211	
-5.39966986081	-1803.27616885	
-5.40117475199	-1803.27643367	
-5.40267738187	-1803.27669659	
-5.40417775725	-1803.27695762	
-5.40567588487	-1803.27721678	
-5.40717177146	-1803.27747406	
-5.40866542372	-1803.27772949	
-5.4101568483	-1803.27798307	
-5.41164605186	-1803.27823481	
-5.41313304098	-1803.27848472	
-5.41461782224	-1803.27873282	
-5.4161004022	-1803.27897911	
-5.41758078737	-1803.27922361	
-5.41905898424	-1803.27946632	
-5.42053499927	-1803.27970726	
-5.42200883889	-1803.27994643	
-5.4234805095	-1803.28018385	
-5.42495001748	-1803.28041952	
-5.42641736918	-1803.28065345	
-5.4278825709	-1803.28088566	
-5.42934562895	-1803.28111615	
-5.43080654959	-1803.28134494	
-5.43226533906	-1803.28157203	
-5.43372200355	-1803.28179743	
-5.43517654927	-1803.28202116	
-5.43662898235	-1803.28224321	
-5.43807930892	-1803.28246361	
-5.4395275351	-1803.28268236	
-5.44097366695	-1803.28289947	
-5.44241771052	-1803.28311495	
-5.44385967184	-1803.2833288	
-5.4452995569	-1803.28354104	
-5.44673737167	-1803.28375168	
-5.44817312209	-1803.28396073	
-5.44960681409	-1803.28416819	
-5.45103845357	-1803.28437407	
-5.45246804638	-1803.28457838	
-5.45389559837	-1803.28478114	
-5.45532111536	-1803.28498234	
-5.45674460314	-1803.28518201	
-5.45816606749	-1803.28538014	
-5.45958551414	-1803.28557674	
-5.46100294883	-1803.28577183	
-5.46241837723	-1803.28596542	
-5.46383180503	-1803.2861575	
-5.46524323786	-1803.28634809	
-5.46665268137	-1803.2865372	
-5.46806014114	-1803.28672484	
-5.46946562274	-1803.28691101	
-5.47086913175	-1803.28709573	
-5.47227067367	-1803.28727899	
-5.47367025403	-1803.28746081	
-5.47506787829	-1803.2876412	
-5.47646355193	-1803.28782017	
-5.47785728038	-1803.28799771	
-5.47924906905	-1803.28817385	
-5.48063892334	-1803.28834859	
-5.48202684862	-1803.28852193	
-5.48341285022	-1803.28869389	
-5.48479693349	-1803.28886447	
-5.48617910372	-1803.28903367	
-5.48755936619	-1803.28920152	
-5.48893772616	-1803.28936801	
-5.49031418887	-1803.28953315	
-5.49168875953	-1803.28969695	
-5.49306144334	-1803.28985942	
-5.49443224547	-1803.29002056	
-5.49580117108	-1803.29018038	
-5.49716822529	-1803.2903389	
-5.49853341322	-1803.29049611	
-5.49989673995	-1803.29065202	
-5.50125821054	-1803.29080664	
-5.50261783006	-1803.29095999	
-5.50397560352	-1803.29111205	
-5.50533153593	-1803.29126285	
-5.50668563228	-1803.29141239	
-5.50803789753	-1803.29156068	
-5.50938833663	-1803.29170772	
-5.5107369545	-1803.29185351	
-5.51208375605	-1803.29199808	
-5.51342874616	-1803.29214142	
-5.51477192971	-1803.29228354	
-5.51611331154	-1803.29242444	
-5.51745289646	-1803.29256414	
-5.51879068931	-1803.29270264	
-5.52012669485	-1803.29283995	
-5.52146091786	-1803.29297607	
-5.5227933631	-1803.29311102	
-5.52412403528	-1803.29324478	
-5.52545293913	-1803.29337739	
-5.52678007934	-1803.29350883	
-5.52810546058	-1803.29363912	
-5.52942908751	-1803.29376826	
-5.53075096477	-1803.29389626	
-5.53207109697	-1803.29402312	
-5.53338948873	-1803.29414886	
-5.53470614461	-1803.29427347	
-5.53602106919	-1803.29439697	
-5.53733426702	-1803.29451935	
-5.53864574262	-1803.29464064	
-5.5399555005	-1803.29476082	
-5.54126354516	-1803.29487991	
-5.54256988107	-1803.29499792	
-5.5438745127	-1803.29511485	
-5.54517744448	-1803.2952307	
-5.54647868084	-1803.29534549	
-5.54777822618	-1803.29545921	
-5.5490760849	-1803.29557187	
-5.55037226136	-1803.29568349	
-5.55166675992	-1803.29579406	
-5.55295958492	-1803.29590359	
-5.55425074069	-1803.29601209	
-5.55554023152	-1803.29611956	
-5.5568280617	-1803.29622601	
-5.55811423551	-1803.29633144	
-5.5593987572	-1803.29643586	
-5.56068163102	-1803.29653928	
-5.56196286117	-1803.29664169	
-5.56324245188	-1803.29674311	
-5.56452040732	-1803.29684354	
-5.56579673168	-1803.29694299	
-5.56707142911	-1803.29704146	
-5.56834450376	-1803.29713896	
-5.56961595975	-1803.29723549	
-5.57088580119	-1803.29733106	
-5.57215403218	-1803.29742567	
-5.57342065679	-1803.29751933	
-5.5746856791	-1803.29761204	
-5.57594910315	-1803.29770381	
-5.57721093297	-1803.29779464	
-5.57847117258	-1803.29788455	
-5.57972982599	-1803.29797352	
-5.58098689718	-1803.29806158	
-5.58224239012	-1803.29814872	
-5.58349630878	-1803.29823495	
-5.5847486571	-1803.29832027	
-5.585999439	-1803.29840469	
-5.5872486584	-1803.29848822	
-5.5884963192	-1803.29857085	
-5.58974242528	-1803.2986526	
-5.59098698051	-1803.29873347	
-5.59222998875	-1803.29881346	
-5.59347145384	-1803.29889257	
-5.5947113796	-1803.29897082	
-5.59594976985	-1803.29904821	
-5.59718662839	-1803.29912474	
-5.598421959	-1803.29920042	
-5.59965576545	-1803.29927525	
-5.60088805149	-1803.29934923	
-5.60211882088	-1803.29942238	
-5.60334807733	-1803.29949469	
-5.60457582457	-1803.29956617	
-5.6058020663	-1803.29963682	
-5.60702680619	-1803.29970665	
-5.60825004793	-1803.29977567	
-5.60947179518	-1803.29984387	
-5.61069205159	-1803.29991127	
-5.61191082078	-1803.29997786	
-5.61312810639	-1803.30004365	
-5.61434391201	-1803.30010865	
-5.61555824124	-1803.30017286	
-5.61677109767	-1803.30023628	
-5.61798248485	-1803.30029892	
-5.61919240636	-1803.30036078	
-5.62040086572	-1803.30042187	
-5.62160786647	-1803.30048219	
-5.62281341212	-1803.30054174	
-5.62401750619	-1803.30060054	
-5.62522015215	-1803.30065857	
-5.6264213535	-1803.30071586	
-5.62762111369	-1803.30077239	
-5.62881943618	-1803.30082818	
-5.63001632442	-1803.30088323	
-5.63121178182	-1803.30093754	
-5.63240581181	-1803.30099112	
-5.6335984178	-1803.30104398	
-5.63478960317	-1803.3010961	
-5.6359793713	-1803.30114751	
-5.63716772557	-1803.3011982	
-5.63835466933	-1803.30124818	
-5.63954020593	-1803.30129744	
-5.64072433869	-1803.30134601	
-5.64190707094	-1803.30139387	
-5.64308840598	-1803.30144103	
-5.64426834712	-1803.3014875	
-5.64544689764	-1803.30153328	
-5.64662406082	-1803.30157837	
-5.64779983991	-1803.30162278	
-5.64897423816	-1803.30166652	
-5.65014725882	-1803.30170957	
-5.65131890512	-1803.30175196	
-5.65248918027	-1803.30179367	
-5.65365808747	-1803.30183473	
-5.65482562993	-1803.30187512	
-5.65599181082	-1803.30191485	
-5.65715663332	-1803.30195393	
-5.65832010058	-1803.30199236	
-5.65948221576	-1803.30203015	
-5.660642982	-1803.30206729	
-5.66180240242	-1803.30210379	
-5.66296048014	-1803.30213965	
-5.66411721826	-1803.30217489	
-5.66527261989	-1803.30220949	
-5.66642668811	-1803.30224347	
-5.66757942599	-1803.30227682	
-5.6687308366	-1803.30230956	
-5.66988092298	-1803.30234168	
-5.67102968818	-1803.30237318	
-5.67217713524	-1803.30240408	
-5.67332326717	-1803.30243437	
-5.67446808699	-1803.30246406	
-5.67561159769	-1803.30249315	
-5.67675380227	-1803.30252165	
-5.6778947037	-1803.30254955	
-5.67903430497	-1803.30257686	
-5.68017260902	-1803.30260359	
-5.6813096188	-1803.30262973	
-5.68244533727	-1803.30265529	
-5.68357976734	-1803.30268027	
-5.68471291194	-1803.30270468	
-5.68584477397	-1803.30272852	
-5.68697535634	-1803.3027518	
-5.68810466194	-1803.3027745	
-5.68923269364	-1803.30279665	
-5.69035945432	-1803.30281824	
-5.69148494685	-1803.30283927	
-5.69260917406	-1803.30285975	
-5.6937321388	-1803.30287968	
-5.69485384391	-1803.30289906	
-5.69597429221	-1803.3029179	
-5.69709348651	-1803.3029362	
-5.69821142961	-1803.30295396	
-5.69932812431	-1803.30297118	
-5.70044357339	-1803.30298788	
-5.70155777963	-1803.30300404	
-5.7026707458	-1803.30301968	
-5.70378247466	-1803.30303479	
-5.70489296894	-1803.30304939	
-5.70600223139	-1803.30306347	
-5.70711026475	-1803.30307703	
-5.70821707172	-1803.30309008	
-5.70932265503	-1803.30310262	
-5.71042701737	-1803.30311465	
-5.71153016145	-1803.30312618	
-5.71263208993	-1803.30313721	
-5.71373280551	-1803.30314774	
-5.71483231084	-1803.30315777	
-5.71593060859	-1803.30316731	
-5.71702770141	-1803.30317636	
-5.71812359193	-1803.30318492	
-5.71921828279	-1803.303193	
-5.72031177661	-1803.30320059	
-5.72140407601	-1803.30320771	
-5.72249518359	-1803.30321434	
-5.72358510195	-1803.30322051	
-5.72467383369	-1803.3032262	
-5.72576138137	-1803.30323142	
-5.72684774759	-1803.30323617	
-5.72793293489	-1803.30324046	
-5.72901694583	-1803.30324429	
-5.73009978297	-1803.30324765	
-5.73118144884	-1803.30325056	
-5.73226194598	-1803.30325302	
-5.7333412769	-1803.30325502	
-5.73441944412	-1803.30325658	
-5.73549645015	-1803.30325768	
-5.73657229748	-1803.30325834	
-5.73764698861	-1803.30325856	
-5.73872052602	-1803.30325834	
-5.73979291218	-1803.30325768	
-5.74086414956	-1803.30325659	
-5.74193424062	-1803.30325506	
-5.74300318781	-1803.3032531	
-5.74407099357	-1803.30325072	
-5.74513766034	-1803.30324791	
-5.74620319054	-1803.30324467	
-5.7472675866	-1803.30324102	
-5.74833085092	-1803.30323694	
-5.74939298591	-1803.30323245	
-5.75045399397	-1803.30322754	
-5.75151387748	-1803.30322222	
-5.75257263883	-1803.30321649	
-5.75363028038	-1803.30321036	
-5.75468680452	-1803.30320381	
-5.75574221359	-1803.30319687	
-5.75679650994	-1803.30318952	
-5.75784969593	-1803.30318177	
-5.75890177388	-1803.30317363	
-5.75995274612	-1803.30316509	
-5.76100261499	-1803.30315616	
-5.76205138278	-1803.30314684	
-5.76309905181	-1803.30313714	
-5.76414562438	-1803.30312704	
-5.76519110278	-1803.30311656	
-5.7662354893	-1803.3031057	
-5.76727878622	-1803.30309446	
-5.76832099579	-1803.30308284	
-5.7693621203	-1803.30307085	
-5.770402162	-1803.30305848	
-5.77144112313	-1803.30304574	
-5.77247900594	-1803.30303263	
-5.77351581267	-1803.30301915	
-5.77455154554	-1803.30300531	
-5.77558620679	-1803.3029911	
-5.77661979861	-1803.30297653	
-5.77765232322	-1803.30296161	
-5.77868378283	-1803.30294632	
-5.77971417962	-1803.30293068	
-5.78074351579	-1803.30291468	
-5.78177179352	-1803.30289834	
-5.78279901497	-1803.30288164	
-5.78382518233	-1803.30286459	
-5.78485029774	-1803.3028472	
-5.78587436337	-1803.30282947	
-5.78689738137	-1803.30281139	
-5.78791935386	-1803.30279297	
-5.788940283	-1803.30277421	
-5.7899601709	-1803.30275512	
-5.79097901969	-1803.30273569	
-5.79199683148	-1803.30271593	
-5.79301360838	-1803.30269583	
-5.7940293525	-1803.30267541	
-5.79504406593	-1803.30265466	
-5.79605775077	-1803.30263358	
-5.79707040908	-1803.30261218	
-5.79808204295	-1803.30259046	
-5.79909265446	-1803.30256841	
-5.80010224566	-1803.30254605	
-5.80111081862	-1803.30252337	
-5.80211837538	-1803.30250038	
-5.80312491799	-1803.30247707	
-5.80413044849	-1803.30245345	
-5.80513496892	-1803.30242952	
-5.80613848129	-1803.30240528	
-5.80714098764	-1803.30238073	
-5.80814248998	-1803.30235588	
-5.80914299031	-1803.30233072	
