# log_p 	 lnL 	 
0.0	-1703.07570598	
-0.287682072452	-1703.00811371	
-0.510825623766	-1702.9076005	
-0.69314718056	-1702.7816149	
-0.847297860387	-1702.64101311	
-0.980829253012	-1702.49300133	
-1.09861228867	-1702.34185553	
-1.20397280433	-1702.19011876	
-1.29928298413	-1702.03936344	
-1.38629436112	-1701.89060557	
-1.46633706879	-1701.74452316	
-1.54044504095	-1701.60157444	
-1.60943791243	-1701.46206584	
-1.67397643357	-1701.32619429	
-1.73460105539	-1701.19407554	
-1.79175946923	-1701.06576444	
-1.8458266905	-1700.94126976	
-1.89711998489	-1700.82056568	
-1.94591014906	-1700.70360041	
-1.99243016469	-1700.59030307	
-2.03688192726	-1700.48058891	
-2.07944154168	-1700.37436345	
-2.1202635362	-1700.27152569	
-2.15948424935	-1700.17197064	
-2.19722457734	-1700.07559122	
-2.23359222151	-1699.9822798	
-2.26868354132	-1699.89192934	
-2.30258509299	-1699.80443426	
-2.33537491582	-1699.71969113	
-2.36712361413	-1699.63759909	
-2.3978952728	-1699.55806024	
-2.42774823595	-1699.48097987	
-2.45673577282	-1699.40626658	
-2.48490664979	-1699.33383238	
-2.51230562398	-1699.26359269	
-2.53897387106	-1699.19546637	
-2.56494935746	-1699.12937561	
-2.59026716545	-1699.0652459	
-2.61495977804	-1699.00300592	
-2.63905732962	-1698.94258746	
-2.66258782703	-1698.88392529	
-2.68557734525	-1698.82695704	
-2.7080502011	-1698.77162311	
-2.73002910782	-1698.71786651	
-2.75153531304	-1698.6656328	
-2.77258872224	-1698.61486989	
-2.79320800944	-1698.565528	
-2.81341071676	-1698.51755953	
-2.83321334406	-1698.47091892	
-2.85263142991	-1698.42556259	
-2.87167962488	-1698.38144881	
-2.8903717579	-1698.33853762	
-2.90872089656	-1698.29679075	
-2.92673940207	-1698.25617151	
-2.94443897917	-1698.21664473	
-2.96183072188	-1698.17817666	
-2.97892515524	-1698.14073492	
-2.99573227355	-1698.10428843	
-3.01226157551	-1698.06880732	
-3.02852209638	-1698.03426289	
-3.04452243772	-1698.00062756	
-3.06027079469	-1697.96787478	
-3.07577498123	-1697.93597902	
-3.09104245336	-1697.90491568	
-3.10608033072	-1697.87466109	
-3.12089541651	-1697.84519243	
-3.13549421593	-1697.81648768	
-3.14988295338	-1697.78852564	
-3.16406758837	-1697.76128583	
-3.17805383035	-1697.73474849	
-3.19184715248	-1697.70889454	
-3.20545280454	-1697.68370554	
-3.21887582487	-1697.65916367	
-3.23212105162	-1697.63525172	
-3.24519313319	-1697.61195302	
-3.25809653802	-1697.58925148	
-3.2708355638	-1697.56713148	
-3.28341434601	-1697.54557793	
-3.295836866	-1697.52457622	
-3.3081069586	-1697.50411218	
-3.32022831913	-1697.48417208	
-3.33220451018	-1697.46474263	
-3.34403896782	-1697.44581093	
-3.35573500759	-1697.42736446	
-3.36729582999	-1697.4093911	
-3.37872452581	-1697.39187907	
-3.39002408106	-1697.37481694	
-3.40119738166	-1697.35819362	
-3.41224721785	-1697.34199833	
-3.42317628838	-1697.32622062	
-3.43398720449	-1697.31085031	
-3.4446824936	-1697.29587753	
-3.45526460293	-1697.28129267	
-3.4657359028	-1697.26708641	
-3.47609868984	-1697.25324968	
-3.48635519	-1697.23977364	
-3.49650756147	-1697.22664972	
-3.50655789732	-1697.21386958	
-3.51650822817	-1697.20142508	
-3.52636052462	-1697.18930832	
-3.53611669956	-1697.17751162	
-3.54577861047	-1697.16602749	
-3.55534806149	-1697.15484862	
-3.56482680544	-1697.14396793	
-3.57421654579	-1697.13337851	
-3.58351893846	-1697.12307361	
-3.59273559356	-1697.11304668	
-3.60186807712	-1697.10329133	
-3.61091791264	-1697.09380133	
-3.61988658263	-1697.08457062	
-3.62877553004	-1697.07559328	
-3.63758615973	-1697.06686355	
-3.6463198397	-1697.05837581	
-3.65497790244	-1697.05012458	
-3.66356164613	-1697.04210452	
-3.6720723358	-1697.03431042	
-3.68051120444	-1697.0267372	
-3.68887945411	-1697.01937991	
-3.69717825693	-1697.01223371	
-3.70540875607	-1697.00529388	
-3.7135720667	-1696.99855584	
-3.72166927694	-1696.99201508	
-3.72970144863	-1696.98566722	
-3.73766961828	-1696.979508	
-3.74557479779	-1696.97353324	
-3.75341797525	-1696.96773887	
-3.76120011569	-1696.96212091	
-3.76892216179	-1696.95667549	
-3.77658503453	-1696.9513988	
-3.78418963392	-1696.94628715	
-3.79173683955	-1696.94133694	
-3.79922751128	-1696.93654462	
-3.80666248977	-1696.93190676	
-3.81404259707	-1696.92741998	
-3.82136863716	-1696.92308101	
-3.82864139649	-1696.91888662	
-3.83586164446	-1696.91483369	
-3.84303013394	-1696.91091914	
-3.85014760171	-1696.90713998	
-3.85721476893	-1696.90349329	
-3.86423234159	-1696.8999762	
-3.87120101091	-1696.89658591	
-3.87812145375	-1696.8933197	
-3.88499433304	-1696.8901749	
-3.89182029811	-1696.8871489	
-3.8985999851	-1696.88423914	
-3.90533401728	-1696.88144313	
-3.91202300543	-1696.87875843	
-3.91866754815	-1696.87618266	
-3.92526823218	-1696.87371348	
-3.93182563272	-1696.87134863	
-3.93834031375	-1696.86908586	
-3.94481282825	-1696.866923	
-3.95124371858	-1696.86485792	
-3.95763351668	-1696.86288852	
-3.96398274436	-1696.86101278	
-3.97029191355	-1696.8592287	
-3.97656152657	-1696.85753432	
-3.98279207632	-1696.85592774	
-3.98898404656	-1696.85440708	
-3.99513791214	-1696.85297053	
-4.00125413916	-1696.85161628	
-4.00733318523	-1696.85034261	
-4.01337549969	-1696.84914778	
-4.01938152375	-1696.84803012	
-4.02535169074	-1696.84698801	
-4.03128642625	-1696.84601982	
-4.03718614838	-1696.845124	
-4.04305126783	-1696.844299	
-4.04888218815	-1696.84354333	
-4.05467930583	-1696.8428555	
-4.06044301055	-1696.84223407	
-4.06617368526	-1696.84167764	
-4.07187170637	-1696.84118482	
-4.07753744391	-1696.84075427	
-4.08317126162	-1696.84038465	
-4.08877351717	-1696.84007466	
-4.09434456222	-1696.83982305	
-4.0998847426	-1696.83962857	
-4.10539439841	-1696.83948999	
-4.11087386417	-1696.83940613	
-4.11632346894	-1696.83937582	
-4.12174353641	-1696.83939792	
-4.12713438505	-1696.8394713	
-4.13249632819	-1696.83959487	
-4.13782967416	-1696.83976756	
-4.14313472639	-1696.83998831	
-4.14841178349	-1696.84025609	
-4.15366113938	-1696.84056989	
-4.15888308336	-1696.84092872	
-4.16407790024	-1696.84133162	
-4.1692458704	-1696.84177764	
-4.1743872699	-1696.84226583	
-4.17950237056	-1696.8427953	
-4.18459144007	-1696.84336515	
-4.18965474203	-1696.8439745	
-4.19469253606	-1696.84462251	
-4.19970507788	-1696.84530831	
-4.20469261939	-1696.84603111	
-4.20965540873	-1696.84679008	
-4.21459369037	-1696.84758444	
-4.21950770518	-1696.84841341	
-4.22439769047	-1696.84927624	
-4.22926388012	-1696.85017217	
-4.2341065046	-1696.85110048	
-4.23892579103	-1696.85206046	
-4.2437219633	-1696.85305141	
-4.24849524205	-1696.85407263	
-4.25324584481	-1696.85512346	
-4.257973986	-1696.85620323	
-4.26267987704	-1696.8573113	
-4.26736372635	-1696.85844703	
-4.27202573946	-1696.85960981	
-4.27666611902	-1696.86079902	
-4.28128506487	-1696.86201407	
-4.28588277412	-1696.86325436	
-4.29045944115	-1696.86451934	
-4.29501525768	-1696.86580842	
-4.29955041285	-1696.86712107	
-4.3040650932	-1696.86845674	
-4.30855948279	-1696.86981489	
-4.31303376319	-1696.87119502	
-4.31748811354	-1696.87259661	
-4.3219227106	-1696.87401915	
-4.32633772881	-1696.87546217	
-4.33073334029	-1696.87692517	
-4.33510971489	-1696.87840769	
-4.33946702026	-1696.87990926	
-4.34380542185	-1696.88142943	
-4.348125083	-1696.88296776	
-4.3524261649	-1696.88452381	
-4.35670882669	-1696.88609715	
-4.36097322548	-1696.88768736	
-4.36521951636	-1696.88929403	
-4.36944785247	-1696.89091676	
-4.373658385	-1696.89255516	
-4.37785126326	-1696.89420882	
-4.38202663467	-1696.89587738	
-4.38618464482	-1696.89756046	
-4.39032543749	-1696.8992577	
-4.39444915467	-1696.90096873	
-4.39855593663	-1696.9026932	
-4.40264592188	-1696.90443077	
-4.40671924726	-1696.90618109	
-4.41077604796	-1696.90794385	
-4.4148164575	-1696.9097187	
-4.4188406078	-1696.91150534	
-4.42284862919	-1696.91330344	
-4.42684065046	-1696.9151127	
-4.43081679884	-1696.91693282	
-4.43477720006	-1696.9187635	
-4.43872197835	-1696.92060445	
-4.44265125649	-1696.92245539	
-4.44656515581	-1696.92431603	
-4.45046379623	-1696.92618611	
-4.45434729625	-1696.92806535	
-4.45821577303	-1696.9299535	
-4.46206934235	-1696.93185028	
-4.46590811865	-1696.93375546	
-4.46973221509	-1696.93566878	
-4.47354174351	-1696.93758999	
-4.47733681448	-1696.93951886	
-4.48111753732	-1696.94145515	
-4.48488402011	-1696.94339863	
-4.48863636973	-1696.94534907	
-4.49237469184	-1696.94730626	
-4.49609909093	-1696.94926998	
-4.49980967033	-1696.95124001	
-4.50350653221	-1696.95321614	
-4.50718977763	-1696.95519818	
-4.51085950652	-1696.95718591	
-4.51451581772	-1696.95917914	
-4.518158809	-1696.96117767	
-4.52178857705	-1696.96318132	
-4.52540521752	-1696.96518991	
-4.52900882502	-1696.96720324	
-4.53259949315	-1696.96922113	
-4.5361773145	-1696.97124343	
-4.53974238067	-1696.97326994	
-4.54329478227	-1696.9753005	
-4.54683460898	-1696.97733494	
-4.55036194949	-1696.97937311	
-4.5538768916	-1696.98141484	
-4.55737952215	-1696.98345998	
-4.56086992709	-1696.98550837	
-4.56434819147	-1696.98755986	
-4.56781439944	-1696.9896143	
-4.57126863431	-1696.99167156	
-4.5747109785	-1696.99373148	
-4.5781415136	-1696.99579394	
-4.58156032035	-1696.99785878	
-4.58496747867	-1696.99992588	
-4.58836306767	-1697.00199511	
-4.59174716566	-1697.00406634	
-4.59511985013	-1697.00613943	
-4.59848119784	-1697.00821428	
-4.60183128472	-1697.01029075	
-4.60517018599	-1697.01236873	
-4.60849797608	-1697.01444811	
-4.61181472871	-1697.01652875	
-4.61512051684	-1697.01861057	
-4.61841541274	-1697.02069343	
-4.62169948794	-1697.02277725	
-4.62497281328	-1697.0248619	
-4.62823545892	-1697.02694729	
-4.63148749431	-1697.02903332	
-4.63472898823	-1697.03111988	
-4.63796000881	-1697.03320689	
-4.64118062351	-1697.03529423	
-4.64439089914	-1697.03738183	
-4.64759090187	-1697.03946958	
-4.65078069724	-1697.0415574	
-4.65396035016	-1697.0436452	
-4.65712992492	-1697.04573289	
-4.66028948521	-1697.04782039	
-4.66343909411	-1697.04990762	
-4.66657881412	-1697.05199449	
-4.66970870713	-1697.05408092	
-4.67282883446	-1697.05616684	
-4.67593925688	-1697.05825217	
-4.67904003455	-1697.06033684	
-4.68213122712	-1697.06242076	
-4.68521289366	-1697.06450388	
-4.6882850927	-1697.06658611	
-4.69134788223	-1697.0686674	
-4.69440131972	-1697.07074767	
-4.6974454621	-1697.07282685	
-4.70048036579	-1697.07490489	
-4.70350608671	-1697.07698171	
-4.70652268025	-1697.07905726	
-4.70953020131	-1697.08113148	
-4.71252870431	-1697.0832043	
-4.71551824316	-1697.08527567	
-4.7184988713	-1697.08734553	
-4.72147064168	-1697.08941382	
-4.72443360681	-1697.0914805	
-4.72738781871	-1697.0935455	
-4.73033332894	-1697.09560878	
-4.73327018862	-1697.09767028	
-4.73619844839	-1697.09972995	
-4.7391181585	-1697.10178775	
-4.74202936871	-1697.10384362	
-4.74493212836	-1697.10589753	
-4.74782648639	-1697.10794942	
-4.75071249128	-1697.10999925	
-4.75359019111	-1697.11204697	
-4.75645963353	-1697.11409255	
-4.75932086582	-1697.11613593	
-4.7621739348	-1697.11817709	
-4.76501888693	-1697.12021598	
-4.76785576827	-1697.12225256	
-4.77068462447	-1697.12428679	
-4.77350550081	-1697.12631863	
-4.77631844218	-1697.12834806	
-4.77912349311	-1697.13037503	
-4.78192069773	-1697.1323995	
-4.78471009982	-1697.13442146	
-4.78749174278	-1697.13644085	
-4.79026566966	-1697.13845765	
-4.79303192316	-1697.14047183	
-4.7957905456	-1697.14248336	
-4.79854157897	-1697.14449221	
-4.80128506491	-1697.14649834	
-4.80402104473	-1697.14850173	
-4.80674955939	-1697.15050235	
-4.8094706495	-1697.15250018	
-4.81218435537	-1697.15449518	
-4.81489071697	-1697.15648734	
-4.81758977394	-1697.15847662	
-4.82028156561	-1697.16046301	
-4.82296613098	-1697.16244647	
-4.82564350875	-1697.16442699	
-4.8283137373	-1697.16640454	
-4.83097685472	-1697.1683791	
-4.83363289878	-1697.17035065	
-4.83628190695	-1697.17231916	
-4.83892391641	-1697.17428463	
-4.84155896405	-1697.17624702	
-4.84418708646	-1697.17820633	
-4.84680831994	-1697.18016252	
-4.84942270051	-1697.18211558	
-4.85203026392	-1697.1840655	
-4.85463104562	-1697.18601226	
-4.8572250808	-1697.18795584	
-4.85981240436	-1697.18989622	
-4.86239305096	-1697.1918334	
-4.86496705495	-1697.19376735	
-4.86753445046	-1697.19569805	
-4.87009527132	-1697.19762551	
-4.87264955112	-1697.19954969	
-4.8751973232	-1697.2014706	
-4.87773862063	-1697.20338821	
-4.88027347623	-1697.20530251	
-4.88280192259	-1697.2072135	
-4.88532399202	-1697.20912116	
-4.88783971662	-1697.21102547	
-4.89034912822	-1697.21292644	
-4.89285225844	-1697.21482404	
-4.89534913864	-1697.21671827	
-4.89783979995	-1697.21860912	
-4.90032427328	-1697.22049658	
-4.90280258929	-1697.22238064	
-4.90527477844	-1697.22426129	
-4.90774087093	-1697.22613853	
-4.91020089677	-1697.22801234	
-4.91265488574	-1697.22988272	
-4.91510286737	-1697.23174966	
-4.91754487103	-1697.23361315	
-4.91998092583	-1697.2354732	
-4.92241106068	-1697.23732979	
-4.92483530429	-1697.23918291	
-4.92725368516	-1697.24103256	
-4.92966623156	-1697.24287874	
-4.93207297159	-1697.24472144	
-4.93447393313	-1697.24656066	
-4.93686914386	-1697.24839639	
-4.93925863125	-1697.25022863	
-4.94164242261	-1697.25205737	
-4.94402054501	-1697.2538826	
-4.94639302537	-1697.25570434	
-4.94875989038	-1697.25752257	
-4.95112116656	-1697.25933729	
-4.95347688026	-1697.2611485	
-4.9558270576	-1697.2629562	
-4.95817172456	-1697.26476038	
-4.96051090691	-1697.26656104	
-4.96284463026	-1697.26835819	
-4.96517292002	-1697.27015181	
-4.96749580144	-1697.27194191	
-4.96981329958	-1697.27372849	
-4.97212543933	-1697.27551154	
-4.97443224543	-1697.27729107	
-4.97673374242	-1697.27906708	
-4.97902995468	-1697.28083956	
-4.98132090643	-1697.28260851	
-4.98360662171	-1697.28437395	
-4.98588712441	-1697.28613586	
-4.98816243824	-1697.28789424	
-4.99043258678	-1697.28964911	
-4.99269759341	-1697.29140045	
-4.99495748138	-1697.29314827	
-4.99721227376	-1697.29489257	
-4.9994619935	-1697.29663336	
-5.00170666335	-1697.29837063	
-5.00394630595	-1697.30010439	
-5.00618094375	-1697.30183463	
-5.00841059907	-1697.30356137	
-5.0106352941	-1697.3052846	
-5.01285505083	-1697.30700432	
-5.01506989116	-1697.30872054	
-5.01727983681	-1697.31043326	
-5.01948490937	-1697.31214249	
-5.02168513028	-1697.31384822	
-5.02388052085	-1697.31555046	
-5.02607110223	-1697.31724922	
-5.02825689545	-1697.31894449	
-5.03043792139	-1697.32063628	
-5.03261420082	-1697.32232459	
-5.03478575433	-1697.32400943	
-5.03695260241	-1697.3256908	
-5.03911476542	-1697.32736871	
-5.04127226356	-1697.32904315	
-5.04342511692	-1697.33071414	
-5.04557334546	-1697.33238168	
-5.047716969	-1697.33404577	
-5.04985600725	-1697.33570641	
-5.05199047978	-1697.33736362	
-5.05412040604	-1697.33901739	
-5.05624580535	-1697.34066774	
-5.05836669692	-1697.34231466	
-5.06048309982	-1697.34395816	
-5.06259503303	-1697.34559825	
-5.06470251537	-1697.34723492	
-5.06680556556	-1697.3488682	
-5.06890420222	-1697.35049807	
-5.07099844382	-1697.35212456	
-5.07308830874	-1697.35374766	
-5.07517381523	-1697.35536737	
-5.07725498144	-1697.35698371	
-5.07933182538	-1697.35859668	
-5.08140436498	-1697.36020629	
-5.08347261805	-1697.36181253	
-5.08553660227	-1697.36341543	
-5.08759633523	-1697.36501498	
-5.08965183441	-1697.36661119	
-5.09170311719	-1697.36820406	
-5.09375020081	-1697.36979361	
-5.09579310244	-1697.37137984	
-5.09783183913	-1697.37296275	
-5.09986642782	-1697.37454235	
-5.10189688537	-1697.37611865	
-5.10392322852	-1697.37769166	
-5.1059454739	-1697.37926137	
-5.10796363806	-1697.38082781	
-5.10997773743	-1697.38239097	
-5.11198778836	-1697.38395086	
-5.11399380708	-1697.38550749	
-5.11599580975	-1697.38706086	
-5.11799381242	-1697.38861099	
-5.11998783102	-1697.39015787	
-5.12197788143	-1697.39170152	
-5.1239639794	-1697.39324194	
-5.12594614061	-1697.39477915	
-5.12792438062	-1697.39631314	
-5.12989871492	-1697.39784392	
-5.13186915891	-1697.3993715	
-5.13383572788	-1697.4008959	
-5.13579843705	-1697.40241711	
-5.13775730154	-1697.40393514	
-5.13971233637	-1697.40545	
-5.1416635565	-1697.40696171	
-5.14361097679	-1697.40847025	
-5.145554612	-1697.40997565	
-5.14749447681	-1697.41147791	
-5.14943058584	-1697.41297704	
-5.15136295359	-1697.41447304	
-5.1532915945	-1697.41596592	
-5.15521652291	-1697.4174557	
-5.15713775309	-1697.41894237	
-5.15905529921	-1697.42042595	
-5.1609691754	-1697.42190644	
-5.16287939565	-1697.42338385	
-5.16478597392	-1697.42485819	
-5.16668892407	-1697.42632946	
-5.16858825987	-1697.42779768	
-5.17048399504	-1697.42926285	
-5.17237614319	-1697.43072498	
-5.17426471788	-1697.43218407	
-5.17614973257	-1697.43364014	
-5.17803120067	-1697.4350932	
-5.1799091355	-1697.43654324	
-5.18178355029	-1697.43799028	
-5.18365445823	-1697.43943433	
-5.1855218724	-1697.44087539	
-5.18738580584	-1697.44231347	
-5.18924627149	-1697.44374858	
-5.19110328224	-1697.44518073	
-5.19295685089	-1697.44660993	
-5.19480699018	-1697.44803617	
-5.19665371277	-1697.44945948	
-5.19849703127	-1697.45087986	
-5.20033695819	-1697.45229731	
-5.202173506	-1697.45371185	
-5.20400668708	-1697.45512348	
-5.20583651375	-1697.45653221	
-5.20766299828	-1697.45793805	
-5.20948615284	-1697.45934101	
-5.21130598956	-1697.46074109	
-5.21312252048	-1697.4621383	
-5.21493575761	-1697.46353266	
-5.21674571285	-1697.46492416	
-5.21855239808	-1697.46631282	
-5.22035582508	-1697.46769864	
-5.22215600558	-1697.46908163	
-5.22395295126	-1697.47046181	
-5.22574667371	-1697.47183917	
-5.22753718449	-1697.47321373	
-5.22932449506	-1697.47458549	
-5.23110861685	-1697.47595446	
-5.23288956123	-1697.47732066	
-5.23466733947	-1697.47868408	
-5.23644196283	-1697.48004473	
-5.23821344248	-1697.48140263	
-5.23998178954	-1697.48275779	
-5.24174701506	-1697.4841102	
-5.24350913005	-1697.48545988	
-5.24526814546	-1697.48680683	
-5.24702407216	-1697.48815107	
-5.24877692099	-1697.4894926	
-5.25052670271	-1697.49083142	
-5.25227342805	-1697.49216756	
-5.25401710765	-1697.49350101	
-5.25575775213	-1697.49483178	
-5.25749537203	-1697.49615988	
-5.25922997784	-1697.49748532	
-5.26096158	-1697.49880811	
-5.2626901889	-1697.50012825	
-5.26441581487	-1697.50144575	
-5.26613846818	-1697.50276063	
-5.26785815906	-1697.50407288	
-5.26957489768	-1697.50538251	
-5.27128869416	-1697.50668954	
-5.27299955856	-1697.50799397	
-5.27470750091	-1697.50929581	
-5.27641253116	-1697.51059506	
-5.27811465923	-1697.51189174	
-5.27981389498	-1697.51318585	
-5.28151024823	-1697.51447741	
-5.28320372874	-1697.5157664	
-5.28489434622	-1697.51705286	
-5.28658211033	-1697.51833677	
-5.28826703069	-1697.51961816	
-5.28994911688	-1697.52089703	
-5.2916283784	-1697.52217338	
-5.29330482472	-1697.52344722	
-5.29497846528	-1697.52471857	
-5.29664930945	-1697.52598742	
-5.29831736655	-1697.5272538	
-5.29998264587	-1697.52851769	
-5.30164515664	-1697.52977912	
-5.30330490806	-1697.53103808	
-5.30496190927	-1697.5322946	
-5.30661616936	-1697.53354866	
-5.3082676974	-1697.53480029	
-5.30991650239	-1697.53604949	
-5.3115625933	-1697.53729626	
-5.31320597904	-1697.53854062	
-5.3148466685	-1697.53978257	
-5.3164846705	-1697.54102212	
-5.31811999384	-1697.54225928	
-5.31975264727	-1697.54349405	
-5.32138263948	-1697.54472644	
-5.32300997914	-1697.54595646	
-5.32463467487	-1697.54718412	
-5.32625673524	-1697.54840941	
-5.32787616879	-1697.54963236	
-5.32949298402	-1697.55085297	
-5.33110718937	-1697.55207125	
-5.33271879327	-1697.55328719	
-5.33432780407	-1697.55450082	
-5.33593423012	-1697.55571213	
-5.3375380797	-1697.55692114	
-5.33913936107	-1697.55812785	
-5.34073808243	-1697.55933226	
-5.34233425196	-1697.5605344	
-5.3439278778	-1697.56173425	
-5.34551896803	-1697.56293184	
-5.34710753072	-1697.56412716	
-5.34869357387	-1697.56532023	
-5.35027710548	-1697.56651105	
-5.35185813348	-1697.56769963	
-5.35343666577	-1697.56888597	
-5.35501271022	-1697.57007009	
-5.35658627467	-1697.57125199	
-5.3581573669	-1697.57243167	
-5.35972599468	-1697.57360915	
-5.36129216571	-1697.57478442	
-5.36285588769	-1697.57595751	
-5.36441716825	-1697.57712841	
-5.36597601502	-1697.57829713	
-5.36753243557	-1697.57946367	
-5.36908643744	-1697.58062806	
-5.37063802813	-1697.58179028	
-5.37218721511	-1697.58295036	
-5.37373400583	-1697.58410829	
-5.37527840768	-1697.58526408	
-5.37682042804	-1697.58641774	
-5.37836007422	-1697.58756928	
-5.37989735354	-1697.5887187	
-5.38143227326	-1697.58986601	
-5.38296484061	-1697.59101121	
-5.38449506279	-1697.59215432	
-5.38602294697	-1697.59329533	
-5.38754850028	-1697.59443427	
-5.38907172982	-1697.59557112	
-5.39059264266	-1697.59670591	
-5.39211124583	-1697.59783863	
-5.39362754635	-1697.59896929	
-5.39514155118	-1697.6000979	
-5.39665326727	-1697.60122446	
-5.39816270152	-1697.60234899	
-5.39966986081	-1697.60347149	
-5.40117475199	-1697.60459196	
-5.40267738187	-1697.60571041	
-5.40417775725	-1697.60682685	
-5.40567588487	-1697.60794128	
-5.40717177146	-1697.60905372	
-5.40866542372	-1697.61016416	
-5.4101568483	-1697.61127261	
-5.41164605186	-1697.61237909	
-5.41313304098	-1697.61348359	
-5.41461782224	-1697.61458612	
-5.4161004022	-1697.61568668	
-5.41758078737	-1697.6167853	
-5.41905898424	-1697.61788196	
-5.42053499927	-1697.61897668	
-5.42200883889	-1697.62006947	
-5.4234805095	-1697.62116032	
-5.42495001748	-1697.62224925	
-5.42641736918	-1697.62333626	
-5.4278825709	-1697.62442136	
-5.42934562895	-1697.62550455	
-5.43080654959	-1697.62658584	
-5.43226533906	-1697.62766524	
-5.43372200355	-1697.62874275	
-5.43517654927	-1697.62981837	
-5.43662898235	-1697.63089212	
-5.43807930892	-1697.631964	
-5.4395275351	-1697.63303402	
-5.44097366695	-1697.63410218	
-5.44241771052	-1697.63516848	
-5.44385967184	-1697.63623294	
-5.4452995569	-1697.63729556	
-5.44673737167	-1697.63835634	
-5.44817312209	-1697.6394153	
-5.44960681409	-1697.64047243	
-5.45103845357	-1697.64152774	
-5.45246804638	-1697.64258124	
-5.45389559837	-1697.64363294	
-5.45532111536	-1697.64468284	
-5.45674460314	-1697.64573094	
-5.45816606749	-1697.64677725	
-5.45958551414	-1697.64782178	
-5.46100294883	-1697.64886453	
-5.46241837723	-1697.64990551	
-5.46383180503	-1697.65094473	
-5.46524323786	-1697.65198218	
-5.46665268137	-1697.65301788	
-5.46806014114	-1697.65405183	
-5.46946562274	-1697.65508404	
-5.47086913175	-1697.65611451	
-5.47227067367	-1697.65714324	
-5.47367025403	-1697.65817025	
-5.47506787829	-1697.65919554	
-5.47646355193	-1697.66021911	
-5.47785728038	-1697.66124096	
-5.47924906905	-1697.66226112	
-5.48063892334	-1697.66327957	
-5.48202684862	-1697.66429633	
-5.48341285022	-1697.6653114	
-5.48479693349	-1697.66632478	
-5.48617910372	-1697.66733649	
-5.48755936619	-1697.66834652	
-5.48893772616	-1697.66935488	
-5.49031418887	-1697.67036159	
-5.49168875953	-1697.67136663	
-5.49306144334	-1697.67237002	
-5.49443224547	-1697.67337177	
-5.49580117108	-1697.67437187	
-5.49716822529	-1697.67537033	
-5.49853341322	-1697.67636717	
-5.49989673995	-1697.67736237	
-5.50125821054	-1697.67835596	
-5.50261783006	-1697.67934793	
-5.50397560352	-1697.68033829	
-5.50533153593	-1697.68132704	
-5.50668563228	-1697.68231419	
-5.50803789753	-1697.68329974	
-5.50938833663	-1697.68428371	
-5.5107369545	-1697.68526608	
-5.51208375605	-1697.68624688	
-5.51342874616	-1697.6872261	
-5.51477192971	-1697.68820375	
-5.51611331154	-1697.68917983	
-5.51745289646	-1697.69015435	
-5.51879068931	-1697.69112732	
-5.52012669485	-1697.69209873	
-5.52146091786	-1697.69306859	
-5.5227933631	-1697.69403692	
-5.52412403528	-1697.6950037	
-5.52545293913	-1697.69596896	
-5.52678007934	-1697.69693269	
-5.52810546058	-1697.69789489	
-5.52942908751	-1697.69885558	
-5.53075096477	-1697.69981475	
-5.53207109697	-1697.70077241	
-5.53338948873	-1697.70172857	
-5.53470614461	-1697.70268323	
-5.53602106919	-1697.7036364	
-5.53733426702	-1697.70458807	
-5.53864574262	-1697.70553826	
-5.5399555005	-1697.70648697	
-5.54126354516	-1697.70743421	
-5.54256988107	-1697.70837997	
-5.5438745127	-1697.70932427	
-5.54517744448	-1697.7102671	
-5.54647868084	-1697.71120847	
-5.54777822618	-1697.7121484	
-5.5490760849	-1697.71308687	
-5.55037226136	-1697.7140239	
-5.55166675992	-1697.71495949	
-5.55295958492	-1697.71589364	
-5.55425074069	-1697.71682636	
-5.55554023152	-1697.71775766	
-5.5568280617	-1697.71868753	
-5.55811423551	-1697.71961598	
-5.5593987572	-1697.72054303	
-5.56068163102	-1697.72146866	
-5.56196286117	-1697.72239289	
-5.56324245188	-1697.72331571	
-5.56452040732	-1697.72423714	
-5.56579673168	-1697.72515718	
-5.56707142911	-1697.72607583	
-5.56834450376	-1697.7269931	
-5.56961595975	-1697.72790899	
-5.57088580119	-1697.7288235	
-5.57215403218	-1697.72973665	
-5.57342065679	-1697.73064842	
-5.5746856791	-1697.73155884	
-5.57594910315	-1697.7324679	
-5.57721093297	-1697.7333756	
-5.57847117258	-1697.73428195	
-5.57972982599	-1697.73518696	
-5.58098689718	-1697.73609062	
-5.58224239012	-1697.73699295	
-5.58349630878	-1697.73789394	
-5.5847486571	-1697.73879361	
-5.585999439	-1697.73969195	
-5.5872486584	-1697.74058896	
-5.5884963192	-1697.74148466	
-5.58974242528	-1697.74237905	
-5.59098698051	-1697.74327213	
-5.59222998875	-1697.7441639	
-5.59347145384	-1697.74505437	
-5.5947113796	-1697.74594354	
-5.59594976985	-1697.74683142	
-5.59718662839	-1697.74771801	
-5.598421959	-1697.74860331	
-5.59965576545	-1697.74948734	
-5.60088805149	-1697.75037008	
-5.60211882088	-1697.75125155	
-5.60334807733	-1697.75213175	
-5.60457582457	-1697.75301068	
-5.6058020663	-1697.75388835	
-5.60702680619	-1697.75476476	
-5.60825004793	-1697.75563992	
-5.60947179518	-1697.75651382	
-5.61069205159	-1697.75738648	
-5.61191082078	-1697.75825789	
-5.61312810639	-1697.75912806	
-5.61434391201	-1697.759997	
-5.61555824124	-1697.7608647	
-5.61677109767	-1697.76173117	
-5.61798248485	-1697.76259642	
-5.61919240636	-1697.76346045	
-5.62040086572	-1697.76432326	
-5.62160786647	-1697.76518485	
-5.62281341212	-1697.76604524	
-5.62401750619	-1697.76690441	
-5.62522015215	-1697.76776238	
-5.6264213535	-1697.76861916	
-5.62762111369	-1697.76947473	
-5.62881943618	-1697.77032911	
-5.63001632442	-1697.77118231	
-5.63121178182	-1697.77203431	
-5.63240581181	-1697.77288514	
-5.6335984178	-1697.77373478	
-5.63478960317	-1697.77458325	
-5.6359793713	-1697.77543055	
-5.63716772557	-1697.77627668	
-5.63835466933	-1697.77712165	
-5.63954020593	-1697.77796545	
-5.64072433869	-1697.77880809	
-5.64190707094	-1697.77964958	
-5.64308840598	-1697.78048992	
-5.64426834712	-1697.78132911	
-5.64544689764	-1697.78216716	
-5.64662406082	-1697.78300406	
-5.64779983991	-1697.78383983	
-5.64897423816	-1697.78467446	
-5.65014725882	-1697.78550796	
-5.65131890512	-1697.78634033	
-5.65248918027	-1697.78717158	
-5.65365808747	-1697.7880017	
-5.65482562993	-1697.78883071	
-5.65599181082	-1697.7896586	
-5.65715663332	-1697.79048538	
-5.65832010058	-1697.79131105	
-5.65948221576	-1697.79213562	
-5.660642982	-1697.79295909	
-5.66180240242	-1697.79378145	
-5.66296048014	-1697.79460272	
-5.66411721826	-1697.7954229	
-5.66527261989	-1697.79624199	
-5.66642668811	-1697.79705999	
-5.66757942599	-1697.79787691	
-5.6687308366	-1697.79869275	
-5.66988092298	-1697.79950751	
-5.67102968818	-1697.8003212	
-5.67217713524	-1697.80113382	
-5.67332326717	-1697.80194537	
-5.67446808699	-1697.80275586	
-5.67561159769	-1697.80356528	
-5.67675380227	-1697.80437365	
-5.6778947037	-1697.80518096	
-5.67903430497	-1697.80598722	
-5.68017260902	-1697.80679243	
-5.6813096188	-1697.80759659	
-5.68244533727	-1697.80839971	
-5.68357976734	-1697.80920179	
-5.68471291194	-1697.81000283	
-5.68584477397	-1697.81080284	
-5.68697535634	-1697.81160182	
-5.68810466194	-1697.81239977	
-5.68923269364	-1697.81319669	
-5.69035945432	-1697.81399259	
-5.69148494685	-1697.81478747	
-5.69260917406	-1697.81558133	
-5.6937321388	-1697.81637418	
-5.69485384391	-1697.81716602	
-5.69597429221	-1697.81795685	
-5.69709348651	-1697.81874667	
-5.69821142961	-1697.81953549	
-5.69932812431	-1697.82032332	
-5.70044357339	-1697.82111014	
-5.70155777963	-1697.82189597	
-5.7026707458	-1697.82268081	
-5.70378247466	-1697.82346466	
-5.70489296894	-1697.82424753	
-5.70600223139	-1697.82502941	
-5.70711026475	-1697.82581031	
-5.70821707172	-1697.82659023	
-5.70932265503	-1697.82736918	
-5.71042701737	-1697.82814716	
-5.71153016145	-1697.82892417	
-5.71263208993	-1697.82970021	
-5.71373280551	-1697.83047529	
-5.71483231084	-1697.83124941	
-5.71593060859	-1697.83202256	
-5.71702770141	-1697.83279476	
-5.71812359193	-1697.83356601	
-5.71921828279	-1697.83433631	
-5.72031177661	-1697.83510566	
-5.72140407601	-1697.83587407	
-5.72249518359	-1697.83664153	
-5.72358510195	-1697.83740805	
-5.72467383369	-1697.83817363	
-5.72576138137	-1697.83893828	
-5.72684774759	-1697.839702	
-5.72793293489	-1697.84046479	
-5.72901694583	-1697.84122665	
-5.73009978297	-1697.84198758	
-5.73118144884	-1697.8427476	
-5.73226194598	-1697.84350669	
-5.7333412769	-1697.84426487	
-5.73441944412	-1697.84502213	
-5.73549645015	-1697.84577848	
-5.73657229748	-1697.84653392	
-5.73764698861	-1697.84728845	
-5.73872052602	-1697.84804208	
-5.73979291218	-1697.84879481	
-5.74086414956	-1697.84954663	
-5.74193424062	-1697.85029756	
-5.74300318781	-1697.8510476	
-5.74407099357	-1697.85179674	
-5.74513766034	-1697.85254499	
-5.74620319054	-1697.85329236	
-5.7472675866	-1697.85403884	
-5.74833085092	-1697.85478443	
-5.74939298591	-1697.85552915	
-5.75045399397	-1697.85627299	
-5.75151387748	-1697.85701595	
-5.75257263883	-1697.85775804	
-5.75363028038	-1697.85849926	
-5.75468680452	-1697.85923961	
-5.75574221359	-1697.8599791	
-5.75679650994	-1697.86071772	
-5.75784969593	-1697.86145548	
-5.75890177388	-1697.86219238	
-5.75995274612	-1697.86292842	
-5.76100261499	-1697.86366361	
-5.76205138278	-1697.86439794	
-5.76309905181	-1697.86513143	
-5.76414562438	-1697.86586407	
-5.76519110278	-1697.86659586	
-5.7662354893	-1697.86732681	
-5.76727878622	-1697.86805691	
-5.76832099579	-1697.86878618	
-5.7693621203	-1697.86951462	
-5.770402162	-1697.87024221	
-5.77144112313	-1697.87096898	
-5.77247900594	-1697.87169492	
-5.77351581267	-1697.87242002	
-5.77455154554	-1697.87314431	
-5.77558620679	-1697.87386777	
-5.77661979861	-1697.8745904	
-5.77765232322	-1697.87531222	
-5.77868378283	-1697.87603323	
-5.77971417962	-1697.87675341	
-5.78074351579	-1697.87747279	
-5.78177179352	-1697.87819135	
-5.78279901497	-1697.87890911	
-5.78382518233	-1697.87962606	
-5.78485029774	-1697.8803422	
-5.78587436337	-1697.88105755	
-5.78689738137	-1697.88177209	
-5.78791935386	-1697.88248584	
-5.788940283	-1697.88319879	
-5.7899601709	-1697.88391094	
-5.79097901969	-1697.88462231	
-5.79199683148	-1697.88533288	
-5.79301360838	-1697.88604267	
-5.7940293525	-1697.88675167	
-5.79504406593	-1697.88745989	
-5.79605775077	-1697.88816733	
-5.79707040908	-1697.88887398	
-5.79808204295	-1697.88957986	
-5.79909265446	-1697.89028497	
-5.80010224566	-1697.8909893	
-5.80111081862	-1697.89169286	
-5.80211837538	-1697.89239565	
-5.80312491799	-1697.89309768	
-5.80413044849	-1697.89379893	
-5.80513496892	-1697.89449943	
-5.80613848129	-1697.89519916	
-5.80714098764	-1697.89589814	
-5.80814248998	-1697.89659635	
-5.80914299031	-1697.89729381	
