-7.912424685450298867e-01
-4.443257253489571457e-01
-9.232346934924741122e-01
2.647085831532284939e+00
-7.550558655940400321e-01
2.353202584879305448e+00
-1.321153141219171268e-01
-2.304878647444417172e+00
-3.985284746225863373e+00
-1.424665983063348484e+01
-4.351398573840955741e+00
-4.234723221407480587e+00
-7.087634076675535688e+00
-5.730833026447905709e+00
-5.748219420515722433e+00
-5.341771574925781252e+00
-6.689307348017976551e+00
-4.796935890820919646e+00
-5.098633969164922064e+00
-6.034384765626072955e+00
