-7.582345418497905554e-01
-6.304518257178373108e-01
-8.228764649245406959e-01
2.793023439277983577e+00
-8.168519258999665800e-01
2.529651204029524703e+00
-1.676688071523258827e+01
-6.214608088422191479e+00
-4.029887136560770244e+00
-7.692014222017461655e+00
-4.357195210420630183e+00
-4.505157310335538234e+00
-6.669680675613123277e+00
-5.825371456151229310e+00
-5.935315579639183881e+00
-5.378445773239413086e+00
-6.444713278380191923e+00
-5.539435041819691818e+00
-5.426417267626813867e+00
-6.431998552683052317e+00
