-7.610765183578126480e-01
-4.909460185585627912e-01
-8.526748432439168468e-01
2.760771584374245524e+00
-1.122259023046550563e+00
2.115746682585903482e+00
9.176086514425901841e-01
-6.968729015455367160e-01
-4.056877869487385269e+00
-4.963832459861783342e+00
-3.800654837062459102e+00
-4.035776937172634860e+00
-5.548837547640183665e+00
-5.696468221395459608e+00
-6.360233769175504648e+00
-5.027166474791159523e+00
-7.220420433841730379e+00
-5.253498147303615973e+00
-4.767223027592529583e+00
-5.990138734713196911e+00
