-7.496802759500338365e-01
-5.791229795170628192e-01
-9.254660944985283466e-01
2.773561093331237348e+00
-5.176938710653534725e-01
2.490508935032210935e+00
5.615567554601330613e-02
-2.442968794819023071e+00
-3.975597315566916645e+00
-5.457154706038504166e+00
-4.384924478363787514e+00
-4.267652515135294422e+00
-5.621042889114633567e+00
-6.054052666854822462e+00
-6.461757323255804764e+00
-5.278461857264013624e+00
-6.390746735269647871e+00
-6.297659870410469374e+00
-5.373067080974382570e+00
-6.613051469826946693e+00
