#Site	lnL	
0	-1.66820834955
1	-1.32246743713
2	-10.1064810825
3	-1.66820834955
4	-1.44930948945
5	-1.36845987984
6	-1.39107880249
7	-1.44930948945
8	-7.28127048893
9	-1.66820834955
10	-1.32246743713
11	-15.4557682269
12	-1.39107880249
13	-1.57848960698
14	-11.3988797852
15	-1.52989600706
16	-7.22612143994
17	-11.9967573098
18	-1.66820834955
19	-1.32246743713
20	-12.046910554
21	-1.39107880249
22	-1.57848960698
23	-1.50332473919
24	-1.66820834955
25	-1.32246743713
26	-1.36845987984
27	-6.08514672837
28	-1.77844591447
29	-1.50332473919
30	-1.39107880249
31	-1.77844591447
32	-6.30152107009
33	-1.66820834955
34	-1.32246743713
35	-12.6655068588
36	-1.39107880249
37	-1.77844591447
38	-20.1420741114
39	-1.66820834955
40	-1.77844591447
41	-6.44244815447
42	-6.07248326378
43	-10.7304095592
44	-7.77689173896
45	-1.66820834955
46	-1.77844591447
47	-17.3529825615
48	-1.39107880249
49	-1.44930948945
50	-7.06869570819
51	-1.87838476008
52	-1.44930948945
53	-1.63862040943
54	-1.52989600706
55	-1.32246743713
56	-6.2916180258
57	-1.39107880249
58	-1.57848960698
59	-1.50332473919
60	-1.39107880249
61	-1.32246743713
62	-6.45300362398
63	-1.87838476008
64	-1.57848960698
65	-1.50332473919
66	-1.39107880249
67	-1.77844591447
68	-1.63862040943
69	-1.87838476008
70	-1.32246743713
71	-10.7644091548
72	-1.66820834955
73	-1.77844591447
74	-1.36845987984
75	-9.1759481713
76	-1.32246743713
77	-10.3962436741
78	-11.1880490217
79	-8.13350202129
80	-7.26524042491
81	-1.39107880249
82	-1.57848960698
83	-7.33978789993
84	-1.66820834955
85	-1.32246743713
86	-11.7315934143
87	-1.39107880249
88	-1.57848960698
89	-1.50332473919
90	-1.39107880249
91	-1.77844591447
92	-7.28127048893
93	-1.52989600706
94	-1.32246743713
95	-1.36845987984
96	-6.32478457463
97	-1.32246743713
98	-6.03712003671
99	-1.87838476008
100	-1.32246743713
101	-6.38655904261
102	-6.89596832292
103	-1.57848960698
104	-19.0834215971
105	-1.52989600706
106	-1.57848960698
107	-16.7527082547
108	-1.87838476008
109	-1.57848960698
110	-21.189288769
111	-8.85172622107
112	-1.44930948945
113	-6.01797392962
114	-1.66820834955
115	-1.32246743713
116	-7.81462463939
117	-1.87838476008
118	-1.32246743713
119	-1.84541732775
120	-1.39107880249
121	-1.77844591447
122	-10.7453245888
123	-1.52989600706
124	-1.77844591447
125	-5.95732147786
126	-1.66820834955
127	-9.07747912391
128	-1.63862040943
129	-1.39107880249
130	-1.57848960698
131	-1.63862040943
132	-1.39107880249
133	-1.32246743713
134	-1.50332473919
135	-1.52989600706
136	-1.32246743713
137	-1.84541732775
138	-1.39107880249
139	-1.57848960698
140	-7.81462463939
141	-1.87838476008
142	-1.32246743713
143	-7.337035691
144	-1.39107880249
145	-1.44930948945
146	-1.36845987984
147	-1.39107880249
148	-1.77844591447
149	-8.78570381031
150	-1.87838476008
151	-1.57848960698
152	-18.9528725625
153	-1.52989600706
154	-1.44930948945
155	-20.3733725755
156	-1.52989600706
157	-6.79818121549
158	-1.84541732775
159	-1.39107880249
160	-1.77844591447
161	-5.95174024789
162	-1.87838476008
163	-1.32246743713
164	-5.95174024789
165	-1.39107880249
166	-1.44930948945
167	-10.2733056735
168	-1.87838476008
169	-1.57848960698
170	-11.6954412976
171	-1.52989600706
172	-1.44930948945
173	-1.63862040943
174	-1.52989600706
175	-1.77844591447
176	-1.36845987984
177	-1.87838476008
178	-1.77844591447
179	-1.63862040943
180	-1.87838476008
181	-1.44930948945
182	-7.34150061502
183	-1.87838476008
184	-1.44930948945
185	-7.52885444412
186	-1.66820834955
187	-1.32246743713
188	-1.50332473919
189	-1.87838476008
190	-1.57848960698
191	-7.337035691
192	-1.66820834955
193	-1.77844591447
194	-1.36845987984
195	-1.39107880249
196	-1.32246743713
197	-17.0848346884
198	-1.66820834955
199	-1.77844591447
200	-7.81462463939
201	-1.52989600706
202	-1.44930948945
203	-10.3991828189
204	-1.87838476008
205	-1.32246743713
206	-13.4233839355
207	-1.66820834955
208	-1.32246743713
209	-18.1324486373
210	-1.39107880249
211	-1.57848960698
212	-7.37754286316
213	-1.52989600706
214	-1.77844591447
215	-8.1710241036
216	-1.39107880249
217	-1.32246743713
218	-1.50332473919
219	-1.87838476008
220	-1.57848960698
221	-10.7644091548
222	-1.66820834955
223	-1.44930948945
224	-11.882605759
225	-8.56887786213
226	-1.32246743713
227	-5.95174024789
228	-5.74013983867
229	-1.32246743713
230	-13.0659625083
231	-7.11224494551
232	-1.57848960698
233	-7.29177712558
234	-1.52989600706
235	-7.83451019031
236	-15.4662677932
237	-1.39107880249
238	-1.44930948945
239	-6.50269192342
240	-1.66820834955
241	-1.32246743713
242	-10.7453245888
243	-1.39107880249
244	-1.32246743713
245	-13.0573419696
246	-1.52989600706
247	-1.57848960698
248	-12.5425781601
249	-1.39107880249
250	-1.57848960698
251	-10.4362353673
252	-13.9981912256
253	-1.44930948945
254	-8.98349957151
255	-1.52989600706
256	-1.57848960698
257	-12.2203939039
258	-1.39107880249
259	-1.57848960698
260	-6.2916180258
261	-1.52989600706
262	-1.32246743713
263	-17.535762475
264	-1.39107880249
265	-1.57848960698
266	-15.3157619379
267	-8.56107069942
268	-7.30533157218
269	-7.15430104999
270	-1.87838476008
271	-1.32246743713
272	-11.6354583541
273	-1.52989600706
274	-1.44930948945
275	-13.1121371909
276	-1.87838476008
277	-1.44930948945
278	-11.6354583541
279	-1.52989600706
280	-1.77844591447
281	-20.8583433471
282	-1.39107880249
283	-1.57848960698
284	-13.5456532747
285	-1.52989600706
286	-1.77844591447
287	-16.5008669962
288	-1.52989600706
289	-1.57848960698
290	-6.38655904261
291	-1.39107880249
292	-1.44930948945
293	-21.710520199
294	-1.39107880249
295	-1.44930948945
296	-1.84541732775
297	-7.6012640136
298	-1.44930948945
299	-21.440959569
300	-1.52989600706
301	-1.57848960698
302	-1.36845987984
303	-1.52989600706
304	-1.32246743713
305	-13.1635383497
306	-1.39107880249
307	-1.44930948945
308	-1.36845987984
309	-1.87838476008
310	-1.44930948945
311	-5.95732147786
312	-1.66820834955
313	-1.57848960698
314	-7.11869999719
315	-1.52989600706
316	-1.32246743713
317	-6.01797392962
318	-1.52989600706
319	-1.32246743713
320	-1.36845987984
321	-8.41342063654
322	-1.32246743713
323	-6.01797392962
324	-1.66820834955
325	-1.57848960698
326	-8.03101064344
327	-1.39107880249
328	-1.57848960698
329	-1.84541732775
330	-1.52989600706
331	-1.32246743713
332	-1.36845987984
333	-1.87838476008
334	-1.57848960698
335	-6.35258816919
336	-1.39107880249
337	-1.77844591447
338	-6.50269192342
339	-1.87838476008
340	-1.77844591447
341	-5.95174024789
342	-1.39107880249
343	-1.77844591447
344	-10.4362353673
345	-1.52989600706
346	-1.44930948945
347	-7.06869570819
348	-1.52989600706
349	-1.44930948945
350	-1.50332473919
351	-1.52989600706
352	-1.44930948945
353	-14.6935015154
354	-1.52989600706
355	-1.32246743713
356	-6.45300362398
357	-1.66820834955
358	-1.32246743713
359	-7.34150061502
360	-1.39107880249
361	-1.57848960698
362	-5.95732147786
363	-1.66820834955
364	-1.77844591447
365	-10.5100071105
366	-1.52989600706
367	-1.32246743713
368	-6.44244815447
369	-1.52989600706
370	-1.44930948945
371	-12.3002694999
372	-1.87838476008
373	-1.44930948945
374	-5.95732147786
375	-5.73300650413
376	-1.77844591447
377	-11.1361943851
378	-9.05149552805
379	-1.57848960698
380	-13.3065284222
381	-1.87838476008
382	-1.77844591447
383	-6.50269192342
384	-1.87838476008
385	-1.44930948945
386	-12.2203927975
387	-1.39107880249
388	-1.44930948945
389	-5.95732147786
390	-1.39107880249
391	-1.32246743713
392	-1.36845987984
393	-1.66820834955
394	-1.77844591447
395	-7.34150061502
396	-1.66820834955
397	-1.32246743713
398	-1.84541732775
399	-7.49734368817
400	-1.32246743713
401	-10.7264000378
402	-1.66820834955
403	-1.77844591447
404	-1.36845987984
405	-1.39107880249
406	-1.77844591447
407	-6.01797392962
408	-1.87838476008
409	-1.32246743713
410	-6.53890205137
411	-1.52989600706
412	-1.77844591447
413	-1.50332473919
414	-1.39107880249
415	-1.77844591447
416	-6.50269192342
417	-1.39107880249
418	-1.44930948945
419	-9.28879246864
420	-1.87838476008
421	-1.77844591447
422	-1.36845987984
423	-1.66820834955
424	-1.57848960698
425	-16.3424710443
426	-1.52989600706
427	-1.44930948945
428	-1.36845987984
429	-1.87838476008
430	-1.32246743713
431	-1.50332473919
432	-1.39107880249
433	-1.77844591447
434	-9.275227641
435	-1.66820834955
436	-1.32246743713
437	-16.9497123485
438	-1.52989600706
439	-1.57848960698
440	-20.1323579885
441	-1.39107880249
442	-1.57848960698
443	-1.50332473919
444	-1.39107880249
445	-1.32246743713
446	-7.06869570819
447	-1.39107880249
448	-1.77844591447
449	-10.3923526958
450	-1.87838476008
451	-1.57848960698
452	-12.3171353383
453	-8.29704642783
454	-1.32246743713
455	-8.16398439952
456	-1.39107880249
457	-1.44930948945
458	-13.9196715625
459	-1.66820834955
460	-1.32246743713
461	-16.9761300394
462	-1.39107880249
463	-1.44930948945
464	-6.44244815447
465	-1.66820834955
466	-1.57848960698
467	-5.95732147786
468	-1.39107880249
469	-1.57848960698
470	-1.63862040943
471	-5.79707384988
472	-1.77844591447
473	-11.3460037425
474	-1.52989600706
475	-1.77844591447
476	-7.06869570819
477	-1.52989600706
478	-1.57848960698
479	-1.63862040943
480	-1.52989600706
481	-1.32246743713
482	-16.214019432
483	-1.39107880249
484	-1.32246743713
485	-10.0874324854
486	-1.52989600706
487	-1.44930948945
488	-6.38655904261
