#Site	lnL	
0	-20.3508568236
1	-17.2404189406
2	-6.39484757206
3	-11.5577720372
4	-9.07258675399
5	-10.5978502723
6	-14.4058201385
7	-6.76783619804
8	-15.4263798746
9	-10.0813724929
10	-11.0118817555
11	-12.380138959
12	-7.99900158272
13	-5.62710110378
14	-5.86358006098
15	-14.5510515219
16	-5.14413499632
17	-8.9490350102
18	-15.3030404939
19	-16.9775020808
20	-9.59054078069
21	-8.11807524056
22	-6.62850018851
23	-18.6386448234
24	-5.62710110378
25	-10.7777358057
26	-5.5754898339
27	-6.97139862335
28	-5.63863512336
29	-15.9693054135
30	-7.00730821738
31	-8.09453499306
32	-18.7548231108
33	-4.69145556597
34	-10.9691565538
35	-11.773843233
36	-12.5806321333
37	-6.42354283308
38	-10.3883063712
39	-10.0718157438
40	-14.4525899765
41	-9.44314000035
42	-9.13493614247
43	-12.647029478
44	-7.2832582163
45	-4.34427579675
46	-9.05374503774
47	-16.8354617299
48	-16.7854564597
49	-11.175126806
50	-15.8373482608
51	-8.02961670019
52	-12.6569320877
53	-7.39592116981
54	-8.82695511106
55	-10.6551168672
56	-7.81618278112
57	-5.8794688389
58	-9.43176129532
59	-17.9120681626
60	-7.2316914279
61	-8.50185150564
62	-12.9490488186
63	-7.82509377606
64	-8.24217217281
65	-12.4246396759
66	-10.56759809
67	-14.2651193838
68	-8.31029811251
69	-6.32652121611
70	-12.1633229932
71	-4.34427579675
72	-11.5546922762
73	-11.5836083338
74	-17.7585747924
75	-11.943714001
76	-6.63923476202
77	-12.3442927976
78	-16.6761855192
79	-12.0832364253
80	-13.7794316594
81	-8.01811592073
82	-5.14413499632
83	-5.14413499632
84	-16.0343089474
85	-12.2061275502
86	-13.2188206795
87	-8.44085754443
88	-11.0732570392
89	-5.86358006098
90	-15.6560967058
91	-16.0811266011
92	-9.56927259983
93	-13.9550234271
94	-8.7448863905
95	-8.25467301825
96	-11.205821693
97	-11.397177258
98	-10.250624358
99	-7.62694942522
100	-12.0750891396
101	-7.39592116981
102	-12.2922502936
103	-7.10534892574
104	-13.3912039879
105	-13.8623564692
106	-9.79813058647
107	-10.6262025648
108	-5.14413499632
109	-20.7599788775
110	-16.6210453279
111	-8.33970401488
112	-17.9980083126
113	-7.46319112274
114	-15.9263094052
115	-4.02541242124
116	-4.02541242124
117	-13.1810496846
118	-8.68129563963
119	-17.1749828117
120	-11.8590197121
121	-4.02541242124
122	-11.2353175782
123	-7.62187892374
124	-8.6930615489
125	-16.3905663891
126	-11.5212945383
127	-4.69145556597
128	-6.92324088114
129	-14.434515726
130	-8.3509170226
131	-11.329634368
132	-20.8692228447
133	-9.81989993952
134	-10.6848955099
135	-8.33395070476
136	-11.1703009206
137	-16.3599851788
138	-10.5077347237
139	-10.041919686
140	-13.5604253303
141	-9.45361665357
142	-4.95639577999
143	-11.0876758991
144	-11.3346933179
145	-5.00168657463
146	-12.9280939119
147	-7.28325819923
148	-9.03492847787
149	-9.95780815114
150	-11.8842351093
151	-9.93596383296
152	-12.4196014816
153	-12.5339332732
154	-11.0134921809
155	-7.66808713532
156	-10.1376943167
157	-14.8261857071
158	-5.24289319413
159	-8.67879195469
160	-17.7611643082
161	-7.81618278112
162	-10.8452308972
