#Site	lnL	
0	-1.86420190578
1	-1.85905984341
2	-20.8059088394
3	-1.69171194348
4	-2.05304280398
5	-9.60902894997
6	-1.86420190578
7	-2.05304280398
8	-12.6236437984
9	-1.66117310297
10	-1.65682310256
11	-12.1404114753
12	-1.86420190578
13	-1.65682310256
14	-15.2126477453
15	-2.05807518456
16	-1.65682310256
17	-8.26189560315
18	-1.66117310297
19	-8.03989030361
20	-6.39303219983
21	-1.69171194348
22	-1.65682310256
23	-4.92402424886
24	-1.66117310297
25	-1.65682310256
26	-1.96947332154
27	-2.05807518456
28	-1.85905984341
29	-6.46443252081
30	-1.66117310297
31	-1.68796296905
32	-10.8193814988
33	-1.69171194348
34	-2.05304280398
35	-9.98223067719
36	-2.05807518456
37	-1.65682310256
38	-5.35895586819
39	-2.05807518456
40	-2.05304280398
41	-11.1346701652
42	-2.05807518456
43	-1.65682310256
44	-5.14706283359
45	-1.66117310297
46	-1.68796296905
47	-9.96570352321
48	-1.66117310297
49	-1.65682310256
50	-1.98312574434
51	-1.66117310297
52	-10.9351402009
53	-12.7459833681
54	-1.86420190578
55	-1.65682310256
56	-6.75901436752
57	-6.57784951099
58	-1.68796296905
59	-2.24551068294
60	-2.05807518456
61	-1.68796296905
62	-11.6568615452
63	-1.66117310297
64	-1.65682310256
65	-5.48123436054
66	-1.86420190578
67	-1.68796296905
68	-13.1826436051
69	-1.69171194348
70	-1.68796296905
71	-6.70952560984
72	-1.69171194348
73	-2.05304280398
74	-6.70952560984
75	-2.05807518456
76	-1.85905984341
77	-8.26189560315
78	-6.86540689535
79	-1.68796296905
80	-1.96947332154
81	-2.05807518456
82	-1.65682310256
83	-6.61612819519
84	-1.66117310297
85	-2.05304280398
86	-16.6388095318
87	-7.09374801887
88	-1.85905984341
89	-2.24551068294
90	-1.66117310297
91	-1.68796296905
92	-6.74779209696
93	-1.66117310297
94	-1.68796296905
95	-12.9871755192
96	-1.66117310297
97	-2.05304280398
98	-5.23842336793
99	-1.69171194348
100	-1.65682310256
101	-5.46287386195
102	-1.86420190578
103	-1.85905984341
104	-6.39303219983
105	-1.66117310297
106	-2.05304280398
107	-5.35895586819
108	-1.66117310297
109	-1.68796296905
110	-6.6919392743
111	-1.66117310297
112	-2.05304280398
113	-7.21339002732
114	-1.69171194348
115	-1.68796296905
116	-7.36259789357
117	-1.86420190578
118	-2.05304280398
119	-5.48123436054
120	-2.05807518456
121	-2.05304280398
122	-6.61612819519
123	-1.86420190578
124	-1.68796296905
125	-6.42666070764
126	-2.05807518456
127	-1.68796296905
128	-12.4491154588
129	-1.69171194348
130	-1.65682310256
131	-20.7361156052
132	-1.86420190578
133	-1.68796296905
134	-2.43202427845
135	-1.66117310297
136	-1.68796296905
137	-1.98312574434
138	-1.86420190578
139	-1.68796296905
140	-2.43202427845
141	-1.66117310297
142	-1.68796296905
143	-5.67489900177
144	-2.05807518456
145	-1.85905984341
146	-11.7519316085
147	-2.05807518456
148	-1.85905984341
149	-5.51793321306
150	-1.86420190578
151	-1.85905984341
152	-2.24551068294
153	-1.66117310297
154	-1.85905984341
155	-10.4106784394
156	-1.69171194348
157	-1.85905984341
158	-7.34413304413
159	-11.562118805
160	-2.05304280398
161	-10.1957843413
162	-1.69171194348
163	-2.05304280398
164	-6.74779209696
165	-1.86420190578
166	-2.05304280398
167	-7.36259789357
168	-2.05807518456
169	-1.65682310256
170	-8.57751673627
171	-2.05807518456
172	-1.68796296905
173	-1.98312574434
174	-10.3589729769
175	-9.34884634952
176	-2.24551068294
177	-1.66117310297
178	-1.68796296905
179	-13.0677054013
180	-1.66117310297
181	-1.65682310256
182	-1.98312574434
183	-1.66117310297
184	-1.68796296905
185	-7.56642489748
186	-1.66117310297
187	-1.68796296905
188	-6.5404754247
189	-1.66117310297
190	-1.68796296905
191	-1.96947332154
192	-1.69171194348
193	-7.86423602934
194	-1.96947332154
195	-2.05807518456
196	-1.68796296905
197	-1.96947332154
198	-1.69171194348
199	-1.85905984341
200	-10.8959573026
201	-1.86420190578
202	-1.65682310256
203	-5.17428721427
204	-1.86420190578
205	-1.68796296905
206	-1.96947332154
207	-1.66117310297
208	-1.65682310256
209	-1.98312574434
210	-1.69171194348
211	-1.65682310256
212	-9.91436316675
213	-1.86420190578
214	-1.68796296905
215	-5.48123436054
216	-1.69171194348
217	-1.65682310256
218	-11.1833022543
219	-2.05807518456
220	-1.68796296905
221	-1.98312574434
222	-1.86420190578
223	-1.65682310256
224	-6.58621197364
225	-2.05807518456
226	-1.68796296905
227	-13.441455073
228	-1.66117310297
229	-1.68796296905
230	-4.86338746744
231	-1.86420190578
232	-1.65682310256
233	-1.96947332154
234	-6.25205789095
235	-1.68796296905
236	-1.98312574434
237	-2.05807518456
238	-1.65682310256
239	-11.2261891779
240	-1.69171194348
241	-2.05304280398
242	-8.57751673627
243	-1.66117310297
244	-1.65682310256
245	-8.37425287207
246	-1.66117310297
247	-1.65682310256
248	-12.5012063704
249	-1.86420190578
250	-1.65682310256
251	-1.96947332154
252	-1.66117310297
253	-1.85905984341
254	-9.23452915876
255	-2.05807518456
256	-1.68796296905
257	-8.70855888645
258	-1.86420190578
259	-1.85905984341
260	-5.23842336793
261	-1.86420190578
262	-1.85905984341
263	-6.61612819519
264	-1.86420190578
265	-1.85905984341
266	-4.92402424886
267	-1.66117310297
268	-2.05304280398
269	-10.1372450659
270	-1.66117310297
271	-10.2956166551
272	-4.92402424886
273	-1.66117310297
274	-1.68796296905
275	-12.5860623193
276	-1.86420190578
277	-1.65682310256
278	-7.17606290352
279	-1.86420190578
280	-2.05304280398
281	-1.96947332154
282	-1.69171194348
283	-1.65682310256
284	-1.96947332154
285	-1.69171194348
286	-6.63557631456
287	-16.0965816855
288	-1.66117310297
289	-9.49922388004
290	-12.0010517665
291	-2.05807518456
292	-1.85905984341
293	-9.04494253308
294	-1.66117310297
295	-1.85905984341
296	-7.21339002732
297	-1.86420190578
298	-1.65682310256
299	-5.67489900177
300	-7.65304100837
301	-1.68796296905
302	-6.24351279331
303	-1.66117310297
304	-2.05304280398
305	-9.8161397395
306	-2.05807518456
307	-1.68796296905
308	-7.60345631557
309	-1.86420190578
310	-1.65682310256
311	-15.3362236735
312	-1.66117310297
313	-1.68796296905
314	-12.0011705565
315	-2.05807518456
316	-1.65682310256
317	-5.23842336793
318	-1.69171194348
319	-1.68796296905
320	-11.1107019416
321	-1.69171194348
322	-1.68796296905
323	-13.2055554329
324	-1.66117310297
325	-2.05304280398
326	-8.32199551292
327	-1.69171194348
328	-2.05304280398
329	-14.4988130587
330	-1.86420190578
331	-2.05304280398
332	-7.08634438534
333	-1.69171194348
334	-1.85905984341
335	-10.3876409262
336	-1.69171194348
337	-1.65682310256
338	-13.2108672297
339	-2.05807518456
340	-1.85905984341
341	-5.0488181327
342	-1.86420190578
343	-2.05304280398
344	-6.98028225599
345	-6.25205789095
346	-2.05304280398
347	-17.9368734518
348	-1.66117310297
349	-12.5893789826
350	-18.1820004423
351	-1.69171194348
352	-2.05304280398
353	-10.6534192487
354	-1.86420190578
355	-1.65682310256
356	-8.26189560315
357	-2.05807518456
358	-6.3206755518
359	-6.39303219983
360	-1.66117310297
361	-2.05304280398
362	-2.24551068294
363	-1.69171194348
364	-1.65682310256
365	-5.14706283359
366	-1.86420190578
367	-1.85905984341
368	-6.39303219983
369	-1.66117310297
370	-1.68796296905
371	-5.14706283359
372	-2.05807518456
373	-1.65682310256
374	-9.9942575621
375	-1.86420190578
376	-1.65682310256
377	-9.23200804516
378	-2.05807518456
379	-2.05304280398
380	-1.96947332154
381	-6.49660216339
382	-1.68796296905
383	-6.42666070764
384	-1.86420190578
385	-1.65682310256
386	-1.96947332154
387	-1.66117310297
388	-1.65682310256
389	-1.98312574434
390	-1.69171194348
391	-1.65682310256
392	-10.8003904205
393	-1.86420190578
394	-1.68796296905
395	-10.7329206458
396	-1.66117310297
397	-1.85905984341
398	-5.73435014311
399	-1.69171194348
400	-1.85905984341
401	-1.98312574434
402	-1.66117310297
403	-2.05304280398
404	-6.76900179182
405	-1.66117310297
406	-1.65682310256
407	-8.70041535506
408	-1.86420190578
409	-1.65682310256
410	-1.98312574434
411	-1.86420190578
412	-1.85905984341
413	-1.98312574434
414	-2.05807518456
415	-1.68796296905
416	-4.92402424886
417	-1.66117310297
418	-1.68796296905
419	-1.98312574434
420	-1.69171194348
421	-1.68796296905
422	-2.24551068294
423	-2.05807518456
424	-2.05304280398
425	-9.23200804516
426	-6.25205789095
427	-2.05304280398
428	-6.75901436752
429	-1.86420190578
430	-2.05304280398
431	-2.24551068294
432	-6.86540689535
433	-1.65682310256
434	-9.28278539498
435	-1.69171194348
436	-1.85905984341
437	-8.47515511584
438	-1.66117310297
439	-2.05304280398
440	-19.3146290947
441	-1.66117310297
442	-2.05304280398
443	-9.439218167
444	-2.05807518456
445	-2.05304280398
446	-13.0912630877
447	-1.86420190578
448	-6.9237256196
449	-1.96947332154
450	-1.86420190578
451	-1.85905984341
452	-1.98312574434
453	-1.66117310297
454	-1.68796296905
455	-6.42666070764
456	-1.86420190578
457	-1.68796296905
458	-9.23200804516
459	-2.05807518456
460	-2.05304280398
461	-9.59855213827
462	-2.05807518456
463	-1.68796296905
464	-4.86338746744
465	-6.81173578406
466	-2.05304280398
467	-5.67489900177
468	-1.86420190578
469	-1.85905984341
470	-6.98028225599
471	-1.69171194348
472	-1.65682310256
473	-4.92402424886
474	-1.66117310297
475	-1.85905984341
476	-2.43202427845
477	-1.86420190578
478	-9.36936458328
479	-5.17428721427
480	-2.05807518456
481	-1.65682310256
482	-11.7508365124
483	-1.69171194348
484	-1.65682310256
485	-7.47561482298
486	-2.05807518456
487	-1.65682310256
488	-2.43202427845
