#Site	lnL	
0	-1.42894702451
1	-1.20068228086
2	-6.35202497053
3	-1.28038409206
4	-1.34961324272
5	-14.2621984042
6	-1.42894702451
7	-1.68376916991
8	-1.70410748277
9	-1.28038409206
10	-1.6728005546
11	-1.37049393416
12	-6.44582793446
13	-6.68002912505
14	-6.18224060823
15	-1.78867566979
16	-1.20068228086
17	-18.028198102
18	-1.79180289126
19	-6.63604610488
20	-12.1430905086
21	-5.39506270794
22	-1.68376916991
23	-1.71136562536
24	-1.28038409206
25	-1.20068228086
26	-7.65465322932
27	-1.79180289126
28	-1.6728005546
29	-16.1354525228
30	-1.42894702451
31	-1.20068228086
32	-5.88723098843
33	-1.42894702451
34	-6.68903978548
35	-12.8821172413
36	-7.69990292926
37	-9.51614916118
38	-1.37049393416
39	-1.42894702451
40	-1.20068228086
41	-19.6234835146
42	-5.56349455975
43	-1.20068228086
44	-6.72785791182
45	-1.28038409206
46	-1.20068228086
47	-11.8264314375
48	-7.76060540159
49	-1.20068228086
50	-6.37543737953
51	-1.28038409206
52	-1.6728005546
53	-12.7905433787
54	-1.28038409206
55	-1.6728005546
56	-12.7515517959
57	-7.13454716077
58	-1.68376916991
59	-15.4693866444
60	-1.28038409206
61	-1.68376916991
62	-8.17287544171
63	-1.28038409206
64	-1.6728005546
65	-12.6109822634
66	-1.42894702451
67	-1.6728005546
68	-6.21822207824
69	-7.2074650329
70	-1.34961324272
71	-14.9207007141
72	-1.79180289126
73	-1.34961324272
74	-7.45261018746
75	-1.79180289126
76	-1.6728005546
77	-6.23063504836
78	-1.79180289126
79	-6.5260692384
80	-13.0571418025
81	-1.28038409206
82	-1.68376916991
83	-1.22166824123
84	-1.28038409206
85	-1.20068228086
86	-1.22166824123
87	-1.42894702451
88	-1.34961324272
89	-1.70410748277
90	-6.40363036004
91	-1.34961324272
92	-6.24941986238
93	-5.75105366256
94	-1.68376916991
95	-10.2685941295
96	-1.42894702451
97	-1.34961324272
98	-6.18224060823
99	-1.42894702451
100	-1.6728005546
101	-1.70410748277
102	-1.28038409206
103	-1.68376916991
104	-1.70410748277
105	-1.28038409206
106	-1.6728005546
107	-16.4637953976
108	-1.78867566979
109	-1.68376916991
110	-1.22166824123
111	-1.79180289126
112	-1.6728005546
113	-1.37049393416
114	-1.42894702451
115	-1.68376916991
116	-8.86045562935
117	-1.79180289126
118	-1.68376916991
119	-5.88723098843
120	-1.78867566979
121	-1.20068228086
122	-19.2053721871
123	-1.28038409206
124	-1.20068228086
125	-25.800606384
126	-8.18295508115
127	-1.20068228086
128	-6.92209400654
129	-1.28038409206
130	-1.34961324272
131	-14.9639095605
132	-1.78867566979
133	-1.34961324272
134	-1.22166824123
135	-1.42894702451
136	-1.6728005546
137	-10.3318334123
138	-1.42894702451
139	-1.6728005546
140	-6.72785791182
141	-1.42894702451
142	-1.20068228086
143	-11.1681668225
144	-1.78867566979
145	-1.20068228086
146	-1.37049393416
147	-1.79180289126
148	-1.68376916991
149	-1.22166824123
150	-1.79180289126
151	-1.34961324272
152	-1.37049393416
153	-5.8983967104
154	-1.68376916991
155	-1.37049393416
156	-1.28038409206
157	-1.68376916991
158	-16.2200397871
159	-1.28038409206
160	-1.6728005546
161	-6.24941986238
162	-1.79180289126
163	-1.6728005546
164	-6.39743439827
165	-1.28038409206
166	-1.20068228086
167	-10.2836262712
168	-1.42894702451
169	-1.20068228086
170	-11.3443844846
171	-1.78867566979
172	-1.68376916991
173	-6.37543737953
174	-1.42894702451
175	-1.68376916991
176	-8.07869461802
177	-1.28038409206
178	-1.34961324272
179	-6.39743439827
180	-1.79180289126
181	-1.68376916991
182	-6.18224060823
183	-1.78867566979
184	-1.20068228086
185	-25.700239126
186	-1.78867566979
187	-1.34961324272
188	-6.40965724023
189	-1.79180289126
190	-1.6728005546
191	-17.3335601557
192	-1.79180289126
193	-1.34961324272
194	-1.71136562536
195	-1.28038409206
196	-1.34961324272
197	-15.3475747319
198	-1.42894702451
199	-1.20068228086
200	-6.18224060823
201	-1.28038409206
202	-1.34961324272
203	-6.18224060823
204	-1.28038409206
205	-1.34961324272
206	-10.9824126802
207	-1.28038409206
208	-1.34961324272
209	-12.4300709421
210	-1.79180289126
211	-6.68002912505
212	-1.37049393416
213	-1.42894702451
214	-1.34961324272
215	-6.37543737953
216	-1.79180289126
217	-1.20068228086
218	-1.37049393416
219	-1.78867566979
220	-1.20068228086
221	-1.22166824123
222	-1.79180289126
223	-1.68376916991
224	-12.4197668037
225	-1.78867566979
226	-1.68376916991
227	-1.71136562536
228	-1.42894702451
229	-1.34961324272
230	-15.9768117896
231	-5.74311922337
232	-1.68376916991
233	-8.07869461802
234	-1.28038409206
235	-1.6728005546
236	-19.5136436338
237	-1.42894702451
238	-1.20068228086
239	-12.2730252039
240	-1.42894702451
241	-1.34961324272
242	-7.610128365
243	-1.28038409206
244	-1.20068228086
245	-10.3449060058
246	-6.2341447413
247	-1.34961324272
248	-1.70410748277
249	-1.28038409206
250	-1.34961324272
251	-6.40965724023
252	-5.39506270794
253	-1.34961324272
254	-8.22891806952
255	-1.42894702451
256	-1.34961324272
257	-1.70410748277
258	-1.28038409206
259	-1.6728005546
260	-7.43372795847
261	-1.28038409206
262	-1.34961324272
263	-9.16121114066
264	-1.79180289126
265	-1.34961324272
266	-1.22166824123
267	-1.28038409206
268	-1.6728005546
269	-1.22166824123
270	-1.79180289126
271	-1.68376916991
272	-1.37049393416
273	-5.90712028317
274	-1.20068228086
275	-20.9428999535
276	-1.79180289126
277	-1.34961324272
278	-1.37049393416
279	-1.28038409206
280	-1.20068228086
281	-1.37049393416
282	-1.28038409206
283	-1.68376916991
284	-16.0785396144
285	-1.42894702451
286	-1.68376916991
287	-10.6240258215
288	-1.42894702451
289	-1.34961324272
290	-18.5404919457
291	-8.2357247769
292	-1.34961324272
293	-7.26336839424
294	-1.79180289126
295	-1.20068228086
296	-1.22166824123
297	-1.42894702451
298	-1.20068228086
299	-9.96545670766
300	-1.42894702451
301	-1.6728005546
302	-1.37049393416
303	-1.42894702451
304	-1.34961324272
305	-11.3443844846
306	-1.28038409206
307	-1.34961324272
308	-6.18224060823
309	-1.42894702451
310	-1.20068228086
311	-1.37049393416
312	-1.78867566979
313	-6.51222115774
314	-13.4410277503
315	-1.28038409206
316	-1.34961324272
317	-1.22166824123
318	-1.42894702451
319	-1.68376916991
320	-17.6959712271
321	-7.00535550999
322	-1.20068228086
323	-1.22166824123
324	-1.28038409206
325	-1.6728005546
326	-12.5014634282
327	-1.28038409206
328	-1.20068228086
329	-6.72785791182
330	-1.42894702451
331	-1.34961324272
332	-16.0370885417
333	-1.28038409206
334	-1.6728005546
335	-7.49792560727
336	-6.9645390933
337	-1.6728005546
338	-6.23063504836
339	-1.79180289126
340	-1.20068228086
341	-11.878869992
342	-1.28038409206
343	-1.6728005546
344	-13.2853122298
345	-5.75105366256
346	-1.34961324272
347	-8.38289528108
348	-1.78867566979
349	-6.5260692384
350	-6.18224060823
351	-1.78867566979
352	-1.20068228086
353	-13.4572604559
354	-1.79180289126
355	-7.87154783505
356	-5.88723098843
357	-1.28038409206
358	-1.68376916991
359	-1.22166824123
360	-1.78867566979
361	-6.68002912505
362	-7.68929879221
363	-1.42894702451
364	-1.34961324272
365	-12.2507520038
366	-7.2074650329
367	-8.37401954411
368	-13.1142538887
369	-1.42894702451
370	-1.20068228086
371	-6.0565797995
372	-1.78867566979
373	-1.68376916991
374	-16.0121618841
375	-1.28038409206
376	-1.20068228086
377	-5.88723098843
378	-1.79180289126
379	-1.34961324272
380	-6.24941986238
381	-7.09097074395
382	-1.34961324272
383	-16.0774396809
384	-1.78867566979
385	-1.20068228086
386	-17.1579461309
387	-1.79180289126
388	-1.20068228086
389	-6.37543737953
390	-1.78867566979
391	-1.34961324272
392	-14.9201737604
393	-1.42894702451
394	-1.20068228086
395	-25.5492174699
396	-1.42894702451
397	-1.34961324272
398	-18.9813824685
399	-1.79180289126
400	-1.6728005546
401	-1.71136562536
402	-1.78867566979
403	-1.68376916991
404	-6.76517337028
405	-1.78867566979
406	-1.6728005546
407	-10.708054131
408	-1.42894702451
409	-1.68376916991
410	-11.4662475813
411	-1.79180289126
412	-1.20068228086
413	-1.37049393416
414	-1.28038409206
415	-1.20068228086
416	-11.6005434986
417	-7.89140854679
418	-1.34961324272
419	-23.8608063923
420	-1.42894702451
421	-1.34961324272
422	-12.3633035813
423	-1.79180289126
424	-1.34961324272
425	-22.1190116559
426	-1.28038409206
427	-1.20068228086
428	-1.70410748277
429	-1.28038409206
430	-1.34961324272
431	-25.6865738863
432	-1.28038409206
433	-1.20068228086
434	-6.76517337028
435	-1.78867566979
436	-1.20068228086
437	-1.37049393416
438	-7.84231751622
439	-1.20068228086
440	-13.4031182703
441	-1.78867566979
442	-1.20068228086
443	-1.70410748277
444	-1.79180289126
445	-1.68376916991
446	-13.9088323643
447	-1.28038409206
448	-1.6728005546
449	-5.88723098843
450	-1.79180289126
451	-1.68376916991
452	-6.40965724023
453	-1.28038409206
454	-1.68376916991
455	-11.6123941299
456	-1.42894702451
457	-1.34961324272
458	-7.43372795847
459	-1.79180289126
460	-1.34961324272
461	-6.18224060823
462	-1.78867566979
463	-1.68376916991
464	-1.22166824123
465	-1.28038409206
466	-1.34961324272
467	-6.18224060823
468	-5.9283644993
469	-1.34961324272
470	-18.1860628932
471	-1.78867566979
472	-1.20068228086
473	-7.53057020223
474	-5.9283644993
475	-1.68376916991
476	-6.37543737953
477	-1.42894702451
478	-1.6728005546
479	-1.37049393416
480	-1.42894702451
481	-1.20068228086
482	-8.032036637
483	-1.78867566979
484	-1.20068228086
485	-18.6552102609
486	-8.53830132706
487	-1.34961324272
488	-1.22166824123
