-8.558277305056861683e-01
-4.961529899676904720e-01
-9.688821063546823043e-01
2.514893873372858746e+00
-2.590353790367083131e-01
2.540013462296857760e+00
4.909094553393833493e-02
-1.995776634620344048e+00
-4.236841713040906399e+00
-5.568226599389088705e+00
-4.264407082335126553e+00
-4.588669691582925481e+00
-6.903311739679102388e+00
-5.988974221255437769e+00
-6.896703676873362276e+00
-5.393945744805114018e+00
-5.897609238667434362e+00
-5.490642609407924368e+00
-5.139475622494956042e+00
-6.333727577618200044e+00
