#Site	lnL	
0	-6.12758862522
1	-1.18225551408
2	-1.38764624086
3	-1.1936510823
4	-1.33209184789
5	-10.793486002
6	-1.85918594883
7	-1.53098021016
8	-7.42765218089
9	-1.1936510823
10	-1.84559182581
11	-10.0911316069
12	-1.85918594883
13	-1.33209184789
14	-14.8649883884
15	-1.34094207255
16	-1.18225551408
17	-1.25374396634
18	-1.85918594883
19	-1.53098021016
20	-13.0439885684
21	-1.1936510823
22	-1.33209184789
23	-5.54534448808
24	-1.1936510823
25	-1.53098021016
26	-5.50595593654
27	-1.1936510823
28	-1.18225551408
29	-6.01018726556
30	-1.85918594883
31	-1.33209184789
32	-9.14622237102
33	-1.1936510823
34	-1.33209184789
35	-8.72619919492
36	-1.5464123255
37	-1.18225551408
38	-9.47202503227
39	-1.85918594883
40	-1.18225551408
41	-1.38764624086
42	-1.34094207255
43	-1.53098021016
44	-15.7921256091
45	-1.85918594883
46	-1.18225551408
47	-14.3397636949
48	-1.34094207255
49	-1.18225551408
50	-17.067933311
51	-1.1936510823
52	-1.18225551408
53	-7.25366528105
54	-1.1936510823
55	-6.28009561124
56	-8.49206360854
57	-1.1936510823
58	-9.96376952584
59	-7.21626408248
60	-1.5464123255
61	-1.33209184789
62	-5.54860452951
63	-1.5464123255
64	-1.33209184789
65	-13.2241659554
66	-6.12758862522
67	-1.84559182581
68	-10.0874658976
69	-8.24803398701
70	-1.84559182581
71	-5.9638962974
72	-1.85918594883
73	-1.84559182581
74	-13.1322685214
75	-1.1936510823
76	-1.53098021016
77	-11.670305818
78	-1.1936510823
79	-1.18225551408
80	-1.38764624086
81	-1.34094207255
82	-1.33209184789
83	-1.25374396634
84	-1.1936510823
85	-1.18225551408
86	-1.38764624086
87	-1.1936510823
88	-1.18225551408
89	-6.92182754503
90	-1.5464123255
91	-1.18225551408
92	-10.3928261744
93	-1.5464123255
94	-1.53098021016
95	-7.52880115821
96	-1.5464123255
97	-1.33209184789
98	-1.38764624086
99	-1.5464123255
100	-1.18225551408
101	-12.6806499043
102	-1.1936510823
103	-6.75359256343
104	-6.45593381145
105	-1.5464123255
106	-1.84559182581
107	-6.74541972586
108	-1.85918594883
109	-1.53098021016
110	-10.6134139355
111	-1.34094207255
112	-1.84559182581
113	-1.62786511596
114	-1.85918594883
115	-1.84559182581
116	-5.54534448808
117	-1.1936510823
118	-1.84559182581
119	-1.25374396634
120	-1.1936510823
121	-1.84559182581
122	-7.91998119655
123	-1.34094207255
124	-1.18225551408
125	-1.38764624086
126	-1.34094207255
127	-1.33209184789
128	-1.38764624086
129	-1.34094207255
130	-1.18225551408
131	-11.9489851465
132	-1.34094207255
133	-1.33209184789
134	-5.54534448808
135	-1.34094207255
136	-1.18225551408
137	-16.1979781226
138	-1.1936510823
139	-7.95689820823
140	-11.9489851465
141	-1.34094207255
142	-1.33209184789
143	-5.98608614853
144	-1.5464123255
145	-1.18225551408
146	-17.1845018603
147	-1.1936510823
148	-1.33209184789
149	-8.55158458272
150	-1.34094207255
151	-1.18225551408
152	-5.54860452951
153	-1.5464123255
154	-7.24872886457
155	-18.2450462646
156	-1.85918594883
157	-1.84559182581
158	-11.5724444894
159	-1.34094207255
160	-1.33209184789
161	-6.74541972586
162	-1.34094207255
163	-1.84559182581
164	-1.25374396634
165	-1.1936510823
166	-1.53098021016
167	-1.38764624086
168	-1.34094207255
169	-1.53098021016
170	-13.893274181
171	-1.1936510823
172	-1.53098021016
173	-5.54860452951
174	-7.54677084547
175	-1.18225551408
176	-5.54534448808
177	-1.1936510823
178	-1.18225551408
179	-22.033923006
180	-1.34094207255
181	-1.33209184789
182	-1.38764624086
183	-1.1936510823
184	-1.33209184789
185	-8.62900838353
186	-1.5464123255
187	-1.33209184789
188	-8.18693347803
189	-1.34094207255
190	-1.18225551408
191	-6.45593381145
192	-1.85918594883
193	-1.84559182581
194	-9.49061842613
195	-1.1936510823
196	-1.18225551408
197	-1.25374396634
198	-1.34094207255
199	-1.18225551408
200	-1.38764624086
201	-1.5464123255
202	-1.18225551408
203	-5.54534448808
204	-1.34094207255
205	-1.18225551408
206	-14.4206728864
207	-1.34094207255
208	-1.84559182581
209	-13.3265782816
210	-1.34094207255
211	-1.18225551408
212	-10.4153716104
213	-1.1936510823
214	-1.18225551408
215	-1.62786511596
216	-1.34094207255
217	-1.84559182581
218	-5.50595593654
219	-1.85918594883
220	-1.18225551408
221	-14.1314651747
222	-1.1936510823
223	-1.84559182581
224	-10.9840694309
225	-1.34094207255
226	-1.53098021016
227	-1.38764624086
228	-1.34094207255
229	-1.53098021016
230	-1.9309938402
231	-1.85918594883
232	-1.33209184789
233	-8.55551414413
234	-1.34094207255
235	-1.33209184789
236	-1.25374396634
237	-1.34094207255
238	-1.18225551408
239	-13.9206805284
240	-6.12016297293
241	-1.33209184789
242	-7.91998119655
243	-1.85918594883
244	-1.33209184789
245	-10.5759771431
246	-1.1936510823
247	-1.84559182581
248	-16.0370350206
249	-1.34094207255
250	-1.53098021016
251	-1.38764624086
252	-1.85918594883
253	-1.53098021016
254	-6.01018726556
255	-1.5464123255
256	-1.33209184789
257	-1.9309938402
258	-1.34094207255
259	-1.18225551408
260	-6.9134589034
261	-1.5464123255
262	-1.84559182581
263	-6.92182754503
264	-1.5464123255
265	-1.18225551408
266	-12.1240149506
267	-6.12758862522
268	-1.53098021016
269	-13.4745776153
270	-1.34094207255
271	-1.84559182581
272	-17.7715568776
273	-1.85918594883
274	-1.18225551408
275	-1.25374396634
276	-1.1936510823
277	-1.53098021016
278	-1.25374396634
279	-1.34094207255
280	-1.33209184789
281	-8.41666064706
282	-1.1936510823
283	-1.84559182581
284	-5.54860452951
285	-1.1936510823
286	-1.33209184789
287	-11.7606650133
288	-1.1936510823
289	-1.84559182581
290	-19.9303060557
291	-1.34094207255
292	-1.18225551408
293	-13.5976305985
294	-1.1936510823
295	-1.53098021016
296	-5.52662336895
297	-7.05003836847
298	-9.47461118789
299	-12.0333039907
300	-1.5464123255
301	-1.18225551408
302	-7.25366528105
303	-1.85918594883
304	-1.18225551408
305	-1.38764624086
306	-1.1936510823
307	-1.53098021016
308	-6.01192004326
309	-1.1936510823
310	-1.84559182581
311	-5.98608614853
312	-1.34094207255
313	-1.33209184789
314	-1.38764624086
315	-1.1936510823
316	-1.18225551408
317	-1.25374396634
318	-8.47056347883
319	-1.84559182581
320	-5.98608614853
321	-1.1936510823
322	-1.33209184789
323	-7.91998119655
324	-1.1936510823
325	-1.18225551408
326	-9.85759292336
327	-1.5464123255
328	-1.84559182581
329	-6.01192004326
330	-1.34094207255
331	-1.18225551408
332	-19.3226743552
333	-1.1936510823
334	-1.33209184789
335	-6.44893774503
336	-1.5464123255
337	-1.84559182581
338	-5.50595593654
339	-1.1936510823
340	-1.18225551408
341	-9.76100274884
342	-1.34094207255
343	-1.33209184789
344	-17.6062445729
345	-1.5464123255
346	-1.53098021016
347	-5.54534448808
348	-1.85918594883
349	-1.33209184789
350	-1.25374396634
351	-1.34094207255
352	-1.53098021016
353	-7.37956797429
354	-1.1936510823
355	-1.33209184789
356	-6.49841362255
357	-1.1936510823
358	-1.33209184789
359	-7.1819673504
360	-1.5464123255
361	-1.53098021016
362	-9.79729120314
363	-1.5464123255
364	-1.53098021016
365	-8.88617271952
366	-1.34094207255
367	-1.18225551408
368	-18.5755429293
369	-1.34094207255
370	-1.18225551408
371	-1.62786511596
372	-1.1936510823
373	-1.18225551408
374	-1.25374396634
375	-1.5464123255
376	-1.53098021016
377	-1.38764624086
378	-1.34094207255
379	-1.18225551408
380	-9.02889960307
381	-1.1936510823
382	-1.33209184789
383	-5.9638962974
384	-1.34094207255
385	-7.24872886457
386	-1.62786511596
387	-1.1936510823
388	-1.53098021016
389	-7.25366528105
390	-1.34094207255
391	-1.33209184789
392	-1.38764624086
393	-1.34094207255
394	-1.84559182581
395	-12.1240149506
396	-13.4774103824
397	-1.18225551408
398	-5.52662336895
399	-1.34094207255
400	-1.84559182581
401	-1.25374396634
402	-1.85918594883
403	-1.33209184789
404	-15.1766079056
405	-1.1936510823
406	-1.84559182581
407	-6.45593381145
408	-1.5464123255
409	-8.66011947906
410	-5.52662336895
411	-1.34094207255
412	-1.18225551408
413	-16.6004836064
414	-1.5464123255
415	-1.18225551408
416	-1.9309938402
417	-1.1936510823
418	-1.84559182581
419	-15.0623848728
420	-1.34094207255
421	-1.84559182581
422	-1.38764624086
423	-1.1936510823
424	-1.33209184789
425	-11.4341725934
426	-1.5464123255
427	-1.53098021016
428	-8.16241865487
429	-1.34094207255
430	-1.33209184789
431	-11.0116901313
432	-1.85918594883
433	-1.53098021016
434	-5.9638962974
435	-1.5464123255
436	-1.33209184789
437	-1.38764624086
438	-1.85918594883
439	-1.53098021016
440	-1.38764624086
441	-1.85918594883
442	-1.18225551408
443	-13.9065916873
444	-1.1936510823
445	-1.18225551408
446	-11.4322764878
447	-1.1936510823
448	-1.33209184789
449	-5.98608614853
450	-9.12390471059
451	-1.53098021016
452	-6.01192004326
453	-1.1936510823
454	-1.18225551408
455	-1.62786511596
456	-1.5464123255
457	-1.53098021016
458	-11.4059048292
459	-1.85918594883
460	-1.84559182581
461	-18.865308282
462	-1.85918594883
463	-1.18225551408
464	-5.54534448808
465	-1.1936510823
466	-6.28009561124
467	-1.25374396634
468	-1.1936510823
469	-1.84559182581
470	-7.99527361601
471	-1.1936510823
472	-1.53098021016
473	-15.3576696935
474	-1.5464123255
475	-1.18225551408
476	-5.94305380085
477	-1.5464123255
478	-1.84559182581
479	-9.90060726736
480	-1.34094207255
481	-1.33209184789
482	-11.9366353195
483	-1.1936510823
484	-1.18225551408
485	-6.01018726556
486	-1.85918594883
487	-1.53098021016
488	-5.94305380085
