127 43 1
128 43 2
129 43 3
130 44 1
131 44 2
132 44 3
133 45 1
134 45 2
135 45 3
136 46 1
137 46 2
138 46 3
139 47 1
140 47 2
141 47 3
142 48 1
143 48 2
144 48 3
145 49 1
146 49 2
147 49 3
148 50 1
149 50 2
150 50 3
151 51 1
152 51 2
153 51 3
154 52 1
155 52 2
156 52 3
157 53 1
158 53 2
159 53 3
160 54 1
161 54 2
162 54 3
163 55 1
164 55 2
165 55 3
166 56 1
167 56 2
168 56 3
169 57 1
170 57 2
171 57 3
172 58 1
173 58 2
174 58 3
175 59 1
176 59 2
177 59 3
178 60 1
179 60 2
180 60 3
181 61 1
182 61 2
183 61 3
184 62 1
185 62 2
186 62 3
187 63 1
188 63 2
189 63 3
190 64 1
191 64 2
192 64 3
193 65 1
194 65 2
195 65 3
196 66 1
197 66 2
198 66 3
199 67 1
200 67 2
201 67 3
202 68 1
203 68 2
204 68 3
205 69 1
206 69 2
207 69 3
208 70 1
209 70 2
210 70 3
211 71 1
212 71 2
213 71 3
214 72 1
215 72 2
216 72 3
217 73 1
218 73 2
219 73 3
220 74 1
221 74 2
222 74 3
223 75 1
224 75 2
225 75 3
226 76 1
227 76 2
228 76 3
229 77 1
230 77 2
231 77 3
232 78 1
233 78 2
234 78 3
235 79 1
236 79 2
237 79 3
238 80 1
239 80 2
240 80 3
241 81 1
242 81 2
243 81 3
244 82 1
245 82 2
246 82 3
247 83 1
248 83 2
249 83 3
250 84 1
251 84 2
252 84 3
253 85 1
254 85 2
255 85 3
256 86 1
257 86 2
258 86 3
259 87 1
260 87 2
261 87 3
262 88 1
263 88 2
264 88 3
265 89 1
266 89 2
267 89 3
268 90 1
269 90 2
270 90 3
271 91 1
272 91 2
273 91 3
274 92 1
275 92 2
276 92 3
277 93 1
278 93 2
279 93 3
280 94 1
281 94 2
282 94 3
283 95 1
284 95 2
285 95 3
286 96 1
287 96 2
288 96 3
289 97 1
290 97 2
291 97 3
292 98 1
293 98 2
294 98 3
295 99 1
296 99 2
297 99 3
298 100 1
299 100 2
300 100 3
301 101 1
302 101 2
303 101 3
304 102 1
305 102 2
306 102 3
307 103 1
308 103 2
309 103 3
310 104 1
311 104 2
312 104 3
313 105 1
314 105 2
315 105 3
316 106 1
317 106 2
318 106 3
319 107 1
320 107 2
321 107 3
322 108 1
323 108 2
324 108 3
325 109 1
326 109 2
327 109 3
328 110 1
329 110 2
330 110 3
331 111 1
332 111 2
333 111 3
334 112 1
335 112 2
336 112 3
337 113 1
338 113 2
339 113 3
340 114 1
341 114 2
342 114 3
343 115 1
344 115 2
345 115 3
346 116 1
347 116 2
348 116 3
349 117 1
350 117 2
351 117 3
352 118 1
353 118 2
354 118 3
355 119 1
356 119 2
357 119 3
358 120 1
359 120 2
360 120 3
361 121 1
362 121 2
363 121 3
364 122 1
365 122 2
366 122 3
367 123 1
368 123 2
369 123 3
370 124 1
371 124 2
372 124 3
373 125 1
374 125 2
375 125 3
376 126 1
377 126 2
378 126 3
379 127 1
380 127 2
381 127 3
382 128 1
383 128 2
384 128 3
385 129 1
386 129 2
387 129 3
388 130 1
389 130 2
390 130 3
391 131 1
392 131 2
393 131 3
394 132 1
395 132 2
396 132 3
397 133 1
398 133 2
399 133 3
400 134 1
401 134 2
402 134 3
403 135 1
404 135 2
405 135 3
406 136 1
407 136 2
408 136 3
409 137 1
410 137 2
411 137 3
412 138 1
413 138 2
414 138 3
415 139 1
416 139 2
417 139 3
418 140 1
419 140 2
420 140 3
421 141 1
422 141 2
423 141 3
424 142 1
425 142 2
426 142 3
427 143 1
428 143 2
429 143 3
430 144 1
431 144 2
432 144 3
433 145 1
434 145 2
435 145 3
436 146 1
437 146 2
438 146 3
439 147 1
440 147 2
441 147 3
442 148 1
443 148 2
444 148 3
445 149 1
446 149 2
447 149 3
448 150 1
449 150 2
450 150 3
451 151 1
452 151 2
453 151 3
454 152 1
455 152 2
456 152 3
457 153 1
458 153 2
459 153 3
460 154 1
461 154 2
462 154 3
463 155 1
464 155 2
465 155 3
466 156 1
467 156 2
468 156 3
469 157 1
470 157 2
471 157 3
472 158 1
473 158 2
474 158 3
475 159 1
476 159 2
477 159 3
478 160 1
479 160 2
480 160 3
481 161 1
482 161 2
483 161 3
484 162 1
485 162 2
486 162 3
487 163 1
488 163 2
489 163 3
490 164 1
491 164 2
492 164 3
493 165 1
494 165 2
495 165 3
496 166 1
497 166 2
498 166 3
499 167 1
500 167 2
501 167 3
502 168 1
503 168 2
504 168 3
505 169 1
506 169 2
507 169 3
508 170 1
509 170 2
510 170 3
511 171 1
512 171 2
513 171 3
514 172 1
515 172 2
516 172 3
517 173 1
518 173 2
519 173 3
520 174 1
521 174 2
522 174 3
523 175 1
524 175 2
525 175 3
526 176 1
527 176 2
528 176 3
529 177 1
530 177 2
531 177 3
532 178 1
533 178 2
534 178 3
535 179 1
536 179 2
537 179 3
538 180 1
539 180 2
540 180 3
541 181 1
542 181 2
543 181 3
544 182 1
545 182 2
546 182 3
547 183 1
548 183 2
549 183 3
550 184 1
551 184 2
552 184 3
553 185 1
554 185 2
555 185 3
556 186 1
557 186 2
558 186 3
559 187 1
560 187 2
561 187 3
562 188 1
563 188 2
564 188 3
565 189 1
566 189 2
567 189 3
568 190 1
569 190 2
570 190 3
571 191 1
572 191 2
573 191 3
574 192 1
575 192 2
576 192 3
577 193 1
578 193 2
579 193 3
580 194 1
581 194 2
582 194 3
583 195 1
584 195 2
585 195 3
586 196 1
587 196 2
588 196 3
589 197 1
590 197 2
591 197 3
592 198 1
593 198 2
594 198 3
595 199 1
596 199 2
597 199 3
598 200 1
599 200 2
600 200 3
601 201 1
602 201 2
603 201 3
604 202 1
605 202 2
606 202 3
607 203 1
608 203 2
609 203 3
610 204 1
611 204 2
612 204 3
613 205 1
614 205 2
615 205 3
616 206 1
617 206 2
618 206 3
619 207 1
620 207 2
621 207 3
622 208 1
623 208 2
624 208 3
625 209 1
626 209 2
627 209 3
628 210 1
629 210 2
630 210 3
631 211 1
632 211 2
633 211 3
634 212 1
635 212 2
636 212 3
637 213 1
638 213 2
639 213 3
640 214 1
641 214 2
642 214 3
643 215 1
644 215 2
645 215 3
646 216 1
647 216 2
648 216 3
649 217 1
650 217 2
651 217 3
652 218 1
653 218 2
654 218 3
655 219 1
656 219 2
657 219 3
658 220 1
659 220 2
660 220 3
661 221 1
662 221 2
663 221 3
664 222 1
665 222 2
666 222 3
667 223 1
668 223 2
669 223 3
670 224 1
671 224 2
672 224 3
673 225 1
674 225 2
675 225 3
676 226 1
677 226 2
678 226 3
679 227 1
680 227 2
681 227 3
682 228 1
683 228 2
684 228 3
685 229 1
686 229 2
687 229 3
688 230 1
689 230 2
690 230 3
691 231 1
692 231 2
693 231 3
694 232 1
695 232 2
696 232 3
697 233 1
698 233 2
699 233 3
700 234 1
701 234 2
702 234 3
703 235 1
704 235 2
705 235 3
706 236 1
707 236 2
708 236 3
709 237 1
710 237 2
711 237 3
712 238 1
713 238 2
714 238 3
715 239 1
716 239 2
717 239 3
718 240 1
719 240 2
720 240 3
721 241 1
722 241 2
723 241 3
724 242 1
725 242 2
726 242 3
727 243 1
728 243 2
729 243 3
730 244 1
731 244 2
732 244 3
733 245 1
734 245 2
735 245 3
736 246 1
737 246 2
738 246 3
739 247 1
740 247 2
741 247 3
742 248 1
743 248 2
744 248 3
745 249 1
746 249 2
747 249 3
748 250 1
749 250 2
750 250 3
751 251 1
752 251 2
753 251 3
754 252 1
755 252 2
756 252 3
757 253 1
758 253 2
759 253 3
760 254 1
761 254 2
762 254 3
763 255 1
764 255 2
765 255 3
766 256 1
767 256 2
768 256 3
769 257 1
770 257 2
771 257 3
772 258 1
773 258 2
774 258 3
775 259 1
776 259 2
777 259 3
778 260 1
779 260 2
780 260 3
781 261 1
782 261 2
783 261 3
784 262 1
785 262 2
786 262 3
787 263 1
788 263 2
789 263 3
790 264 1
791 264 2
792 264 3
793 265 1
794 265 2
795 265 3
796 266 1
797 266 2
798 266 3
799 267 1
800 267 2
801 267 3
802 268 1
803 268 2
804 268 3
805 269 1
806 269 2
807 269 3
808 270 1
809 270 2
810 270 3
811 271 1
812 271 2
813 271 3
814 272 1
815 272 2
816 272 3
817 273 1
818 273 2
819 273 3
820 274 1
821 274 2
822 274 3
823 275 1
824 275 2
825 275 3
826 276 1
827 276 2
828 276 3
829 277 1
830 277 2
831 277 3
832 278 1
833 278 2
834 278 3
835 279 1
836 279 2
837 279 3
838 280 1
839 280 2
840 280 3
841 281 1
842 281 2
843 281 3
844 282 1
845 282 2
846 282 3
847 283 1
848 283 2
849 283 3
850 284 1
851 284 2
852 284 3
853 285 1
854 285 2
855 285 3
856 286 1
857 286 2
858 286 3
859 287 1
860 287 2
861 287 3
862 288 1
863 288 2
864 288 3
865 289 1
866 289 2
867 289 3
868 290 1
869 290 2
870 290 3
871 291 1
872 291 2
873 291 3
874 292 1
875 292 2
876 292 3
877 293 1
878 293 2
879 293 3
880 294 1
881 294 2
882 294 3
883 295 1
884 295 2
885 295 3
886 296 1
887 296 2
888 296 3
889 297 1
890 297 2
891 297 3
892 298 1
893 298 2
894 298 3
895 299 1
896 299 2
897 299 3
898 300 1
899 300 2
900 300 3
901 301 1
902 301 2
903 301 3
904 302 1
905 302 2
906 302 3
907 303 1
908 303 2
909 303 3
910 304 1
911 304 2
912 304 3
913 305 1
914 305 2
915 305 3
916 306 1
917 306 2
918 306 3
919 307 1
920 307 2
921 307 3
922 308 1
923 308 2
924 308 3
925 309 1
926 309 2
927 309 3
928 310 1
929 310 2
930 310 3
931 311 1
932 311 2
933 311 3
934 312 1
935 312 2
936 312 3
937 313 1
938 313 2
939 313 3
940 314 1
941 314 2
942 314 3
943 315 1
944 315 2
945 315 3
946 316 1
947 316 2
948 316 3
949 317 1
950 317 2
951 317 3
952 318 1
953 318 2
954 318 3
955 319 1
956 319 2
957 319 3
958 320 1
959 320 2
960 320 3
961 321 1
962 321 2
963 321 3
964 322 1
965 322 2
966 322 3
967 323 1
968 323 2
969 323 3
970 324 1
971 324 2
972 324 3
973 325 1
974 325 2
975 325 3
976 326 1
977 326 2
978 326 3
979 327 1
980 327 2
981 327 3
982 328 1
983 328 2
984 328 3
985 329 1
986 329 2
987 329 3
988 330 1
989 330 2
990 330 3
991 331 1
992 331 2
993 331 3
994 332 1
995 332 2
996 332 3
997 333 1
998 333 2
999 333 3
1000 334 1
1001 334 2
1002 334 3
1003 335 1
1004 335 2
1005 335 3
1006 336 1
1007 336 2
1008 336 3
1009 337 1
1010 337 2
1011 337 3
1012 338 1
1013 338 2
1014 338 3
1015 339 1
1016 339 2
1017 339 3
1018 340 1
1019 340 2
1020 340 3
1021 341 1
1022 341 2
1023 341 3
1024 342 1
1025 342 2
1026 342 3
1027 343 1
1028 343 2
1029 343 3
1030 344 1
1031 344 2
1032 344 3
1033 345 1
1034 345 2
1035 345 3
1036 346 1
1037 346 2
1038 346 3
1039 347 1
1040 347 2
1041 347 3
1042 348 1
1043 348 2
1044 348 3
1045 349 1
1046 349 2
1047 349 3
1048 350 1
1049 350 2
1050 350 3
1051 351 1
1052 351 2
1053 351 3
1054 352 1
1055 352 2
1056 352 3
1057 353 1
1058 353 2
1059 353 3
1060 354 1
1061 354 2
1062 354 3
1063 355 1
1064 355 2
1065 355 3
1066 356 1
1067 356 2
1068 356 3
1069 357 1
1070 357 2
1071 357 3
1072 358 1
1073 358 2
1074 358 3
1075 359 1
1076 359 2
1077 359 3
1078 360 1
1079 360 2
1080 360 3
1081 361 1
1082 361 2
1083 361 3
1084 362 1
1085 362 2
1086 362 3
1087 363 1
1088 363 2
1089 363 3
1090 364 1
1091 364 2
1092 364 3
1093 365 1
1094 365 2
1095 365 3
1096 366 1
1097 366 2
1098 366 3
1099 367 1
1100 367 2
1101 367 3
1102 368 1
1103 368 2
1104 368 3
1105 369 1
1106 369 2
1107 369 3
1108 370 1
1109 370 2
1110 370 3
1111 371 1
1112 371 2
1113 371 3
1114 372 1
1115 372 2
1116 372 3
1117 373 1
1118 373 2
1119 373 3
1120 374 1
1121 374 2
1122 374 3
1123 375 1
1124 375 2
1125 375 3
1126 376 1
1127 376 2
1128 376 3
1129 377 1
1130 377 2
1131 377 3
1132 378 1
1133 378 2
1134 378 3
1135 379 1
1136 379 2
1137 379 3
1138 380 1
1139 380 2
1140 380 3
1141 381 1
1142 381 2
1143 381 3
1144 382 1
1145 382 2
1146 382 3
1147 383 1
1148 383 2
1149 383 3
1150 384 1
1151 384 2
1152 384 3
1153 385 1
1154 385 2
1155 385 3
1156 386 1
1157 386 2
1158 386 3
1159 387 1
1160 387 2
1161 387 3
1162 388 1
1163 388 2
1164 388 3
1165 389 1
1166 389 2
1167 389 3
1168 390 1
1169 390 2
1170 390 3
1171 391 1
1172 391 2
1173 391 3
1174 392 1
1175 392 2
1176 392 3
1177 393 1
1178 393 2
1179 393 3
1180 394 1
1181 394 2
1182 394 3
1183 395 1
1184 395 2
1185 395 3
1186 396 1
1187 396 2
1188 396 3
1189 397 1
1190 397 2
1191 397 3
1192 398 1
1193 398 2
1194 398 3
1195 399 1
1196 399 2
1197 399 3
1198 400 1
1199 400 2
1200 400 3
1201 401 1
1202 401 2
1203 401 3
1204 402 1
1205 402 2
1206 402 3
1207 403 1
1208 403 2
1209 403 3
1210 404 1
1211 404 2
1212 404 3
1213 405 1
1214 405 2
1215 405 3
1216 406 1
1217 406 2
1218 406 3
1219 407 1
1220 407 2
1221 407 3
1222 408 1
1223 408 2
1224 408 3
1225 409 1
1226 409 2
1227 409 3
1228 410 1
1229 410 2
1230 410 3
1231 411 1
1232 411 2
1233 411 3
1234 412 1
1235 412 2
1236 412 3
1237 413 1
1238 413 2
1239 413 3
1240 414 1
1241 414 2
1242 414 3
1243 415 1
1244 415 2
1245 415 3
1246 416 1
1247 416 2
1248 416 3
1249 417 1
1250 417 2
1251 417 3
1252 418 1
1253 418 2
1254 418 3
1255 419 1
1256 419 2
1257 419 3
1258 420 1
1259 420 2
1260 420 3
1261 421 1
1262 421 2
1263 421 3
1264 422 1
1265 422 2
1266 422 3
1267 423 1
1268 423 2
1269 423 3
1270 424 1
1271 424 2
1272 424 3
1273 425 1
1274 425 2
1275 425 3
1276 426 1
1277 426 2
1278 426 3
1279 427 1
1280 427 2
1281 427 3
1282 428 1
1283 428 2
1284 428 3
1285 429 1
1286 429 2
1287 429 3
1288 430 1
1289 430 2
1290 430 3
1291 431 1
1292 431 2
1293 431 3
1294 432 1
1295 432 2
1296 432 3
1297 433 1
1298 433 2
1299 433 3
1300 434 1
1301 434 2
1302 434 3
1303 435 1
1304 435 2
1305 435 3
1306 436 1
1307 436 2
1308 436 3
1309 437 1
1310 437 2
1311 437 3
1312 438 1
1313 438 2
1314 438 3
1315 439 1
1316 439 2
1317 439 3
1318 440 1
1319 440 2
1320 440 3
1321 441 1
1322 441 2
1323 441 3
1324 442 1
1325 442 2
1326 442 3
1327 443 1
1328 443 2
1329 443 3
1330 444 1
1331 444 2
1332 444 3
1333 445 1
1334 445 2
1335 445 3
1336 446 1
1337 446 2
1338 446 3
1339 447 1
1340 447 2
1341 447 3
1342 448 1
1343 448 2
1344 448 3
1345 449 1
1346 449 2
1347 449 3
1348 450 1
1349 450 2
1350 450 3
1351 451 1
1352 451 2
1353 451 3
1354 452 1
1355 452 2
1356 452 3
1357 453 1
1358 453 2
1359 453 3
1360 454 1
1361 454 2
1362 454 3
1363 455 1
1364 455 2
1365 455 3
1366 456 1
1367 456 2
1368 456 3
1369 457 1
1370 457 2
1371 457 3
1372 458 1
1373 458 2
1374 458 3
1375 459 1
1376 459 2
1377 459 3
1378 460 1
1379 460 2
1380 460 3
1381 461 1
1382 461 2
1383 461 3
1384 462 1
1385 462 2
1386 462 3
1387 463 1
1388 463 2
1389 463 3
1390 464 1
1391 464 2
1392 464 3
1393 465 1
1394 465 2
1395 465 3
1396 466 1
1397 466 2
1398 466 3
1399 467 1
1400 467 2
1401 467 3
1402 468 1
1403 468 2
1404 468 3
1405 469 1
1406 469 2
1407 469 3
1408 470 1
1409 470 2
1410 470 3
1411 471 1
1412 471 2
1413 471 3
1414 472 1
1415 472 2
1416 472 3
1417 473 1
1418 473 2
1419 473 3
1420 474 1
1421 474 2
1422 474 3
1423 475 1
1424 475 2
1425 475 3
1426 476 1
1427 476 2
1428 476 3
1429 477 1
1430 477 2
1431 477 3
1432 478 1
1433 478 2
1434 478 3
1435 479 1
1436 479 2
1437 479 3
1438 480 1
1439 480 2
1440 480 3
1441 481 1
1442 481 2
1443 481 3
1444 482 1
1445 482 2
1446 482 3
1447 483 1
1448 483 2
1449 483 3
1450 484 1
1451 484 2
1452 484 3
1453 485 1
1454 485 2
1455 485 3
1456 486 1
1457 486 2
1458 486 3
1459 487 1
1460 487 2
1461 487 3
1462 488 1
1463 488 2
1464 488 3
1465 489 1
1466 489 2
1467 489 3
1468 490 1
1469 490 2
1470 490 3
1471 491 1
1472 491 2
1473 491 3
1474 492 1
1475 492 2
1476 492 3
1477 493 1
1478 493 2
1479 493 3
1480 494 1
1481 494 2
1482 494 3
1483 495 1
1484 495 2
1485 495 3
1486 496 1
1487 496 2
1488 496 3
1489 497 1
1490 497 2
1491 497 3
1492 498 1
1493 498 2
1494 498 3
1495 499 1
1496 499 2
1497 499 3
1498 500 1
1499 500 2
1500 500 3
1501 501 1
1502 501 2
1503 501 3
1504 502 1
1505 502 2
1506 502 3
1507 503 1
1508 503 2
1509 503 3
1510 504 1
1511 504 2
1512 504 3
1513 505 1
1514 505 2
1515 505 3
1516 506 1
1517 506 2
1518 506 3
1519 507 1
1520 507 2
1521 507 3
1522 508 1
1523 508 2
1524 508 3
1525 509 1
1526 509 2
1527 509 3
1528 510 1
1529 510 2
1530 510 3
1531 511 1
1532 511 2
1533 511 3
1534 512 1
1535 512 2
1536 512 3
1537 513 1
1538 513 2
1539 513 3
1540 514 1
1541 514 2
1542 514 3
1543 515 1
1544 515 2
1545 515 3
1546 516 1
1547 516 2
1548 516 3
1549 517 1
1550 517 2
1551 517 3
1552 518 1
1553 518 2
1554 518 3
1555 519 1
1556 519 2
1557 519 3
1558 520 1
1559 520 2
1560 520 3
1561 521 1
1562 521 2
1563 521 3
1564 522 1
1565 522 2
1566 522 3
1567 523 1
1568 523 2
1569 523 3
1570 524 1
1571 524 2
1572 524 3
1573 525 1
1574 525 2
1575 525 3
1576 526 1
1577 526 2
1578 526 3
1579 527 1
1580 527 2
1581 527 3
1585 529 1
1586 529 2
1587 529 3
1588 530 1
1589 530 2
1590 530 3
1591 531 1
1592 531 2
1593 531 3
1594 532 1
1595 532 2
1596 532 3
1597 533 1
1598 533 2
1599 533 3
1600 534 1
1601 534 2
1602 534 3
1603 535 1
1604 535 2
1605 535 3
1606 536 1
1607 536 2
1608 536 3
1609 537 1
1610 537 2
1611 537 3
1612 538 1
1613 538 2
1614 538 3
1615 539 1
1616 539 2
1617 539 3
1618 540 1
1619 540 2
1620 540 3
1621 541 1
1622 541 2
1623 541 3
1624 542 1
1625 542 2
1626 542 3
1627 543 1
1628 543 2
1629 543 3
1630 544 1
1631 544 2
1632 544 3
1633 545 1
1634 545 2
1635 545 3
1636 546 1
1637 546 2
1638 546 3
1639 547 1
1640 547 2
1641 547 3
1642 548 1
1643 548 2
1644 548 3
1645 549 1
1646 549 2
1647 549 3
1648 550 1
1649 550 2
1650 550 3
1651 551 1
1652 551 2
1653 551 3
1654 552 1
1655 552 2
1656 552 3
1657 553 1
1658 553 2
1659 553 3
1660 554 1
1661 554 2
1662 554 3
1663 555 1
1664 555 2
1665 555 3
1666 556 1
1667 556 2
1668 556 3
1669 557 1
1670 557 2
1671 557 3
1672 558 1
1673 558 2
1674 558 3
1675 559 1
1676 559 2
1677 559 3
1678 560 1
1679 560 2
1680 560 3
1681 561 1
1682 561 2
1683 561 3
1684 562 1
1685 562 2
1686 562 3
1687 563 1
1688 563 2
1689 563 3
1690 564 1
1691 564 2
1692 564 3
1693 565 1
1694 565 2
1695 565 3
1696 566 1
1697 566 2
1698 566 3
1699 567 1
1700 567 2
1701 567 3
1702 568 1
1703 568 2
1704 568 3
1705 569 1
1706 569 2
1707 569 3
1708 570 1
1709 570 2
1710 570 3
1711 571 1
1712 571 2
1713 571 3
1714 572 1
1715 572 2
1716 572 3
1717 573 1
1718 573 2
1719 573 3
1720 574 1
1721 574 2
1722 574 3
1723 575 1
1724 575 2
1725 575 3
1726 576 1
1727 576 2
1728 576 3
1729 577 1
1730 577 2
1731 577 3
1732 578 1
1733 578 2
1734 578 3
1735 579 1
1736 579 2
1737 579 3
1738 580 1
1739 580 2
1740 580 3
1741 581 1
1742 581 2
1743 581 3
1744 582 1
1745 582 2
1746 582 3
1747 583 1
1748 583 2
1749 583 3
1750 584 1
1751 584 2
1752 584 3
1753 585 1
1754 585 2
1755 585 3
1756 586 1
1757 586 2
1758 586 3
1759 587 1
1760 587 2
1761 587 3
1762 588 1
1763 588 2
1764 588 3
1765 589 1
1766 589 2
1767 589 3
1768 590 1
1769 590 2
1770 590 3
1771 591 1
1772 591 2
1773 591 3
1774 592 1
1775 592 2
1776 592 3
1777 593 1
1778 593 2
1779 593 3
1780 594 1
1781 594 2
1782 594 3
1783 595 1
1784 595 2
1785 595 3
1786 596 1
1787 596 2
1788 596 3
1789 597 1
1790 597 2
1791 597 3
1792 598 1
1793 598 2
1794 598 3
1795 599 1
1796 599 2
1797 599 3
1798 600 1
1799 600 2
1800 600 3
1801 601 1
1802 601 2
1803 601 3
1804 602 1
1805 602 2
1806 602 3
1807 603 1
1808 603 2
1809 603 3
1810 604 1
1811 604 2
1812 604 3
1813 605 1
1814 605 2
1815 605 3
1816 606 1
1817 606 2
1818 606 3
1819 607 1
1820 607 2
1821 607 3
1822 608 1
1823 608 2
1824 608 3
1825 609 1
1826 609 2
1827 609 3
1828 610 1
1829 610 2
1830 610 3
1831 611 1
1832 611 2
1833 611 3
1834 612 1
1835 612 2
1836 612 3
1837 613 1
1838 613 2
1839 613 3
1840 614 1
1841 614 2
1842 614 3
1843 615 1
1844 615 2
1845 615 3
1846 616 1
1847 616 2
1848 616 3
1849 617 1
1850 617 2
1851 617 3
1852 618 1
1853 618 2
1854 618 3
1855 619 1
1856 619 2
1857 619 3
1858 620 1
1859 620 2
1860 620 3
1861 621 1
1862 621 2
1863 621 3
1864 622 1
1865 622 2
1866 622 3
1867 623 1
1868 623 2
1869 623 3
1870 624 1
1871 624 2
1872 624 3
1873 625 1
1874 625 2
1875 625 3
1876 626 1
1877 626 2
1878 626 3
1879 627 1
1880 627 2
1881 627 3
1882 628 1
1883 628 2
1884 628 3
1885 629 1
1886 629 2
1887 629 3
1888 630 1
1889 630 2
1890 630 3
1891 631 1
1892 631 2
1893 631 3
1894 632 1
1895 632 2
1896 632 3
1897 633 1
1898 633 2
1899 633 3
1900 634 1
1901 634 2
1902 634 3
1903 635 1
1904 635 2
1905 635 3
1906 636 1
1907 636 2
1908 636 3
1909 637 1
1910 637 2
1911 637 3
1912 638 1
1913 638 2
1914 638 3
1915 639 1
1916 639 2
1917 639 3
1918 640 1
1919 640 2
1920 640 3
1921 641 1
1922 641 2
1923 641 3
1924 642 1
1925 642 2
1926 642 3
1927 643 1
1928 643 2
1929 643 3
1930 644 1
1931 644 2
1932 644 3
1933 645 1
1934 645 2
1935 645 3
1936 646 1
1937 646 2
1938 646 3
1939 647 1
1940 647 2
1941 647 3
1942 648 1
1943 648 2
1944 648 3
1945 649 1
1946 649 2
1947 649 3
1948 650 1
1949 650 2
1950 650 3
1951 651 1
1952 651 2
1953 651 3
1954 652 1
1955 652 2
1956 652 3
1957 653 1
1958 653 2
1959 653 3
1960 654 1
1961 654 2
1962 654 3
1963 655 1
1964 655 2
1965 655 3
1966 656 1
1967 656 2
1968 656 3
1969 657 1
1970 657 2
1971 657 3
1972 658 1
1973 658 2
1974 658 3
1975 659 1
1976 659 2
1977 659 3
1978 660 1
1979 660 2
1980 660 3
1981 661 1
1982 661 2
1983 661 3
1984 662 1
1985 662 2
1986 662 3
1987 663 1
1988 663 2
1989 663 3
1990 664 1
1991 664 2
1992 664 3
1993 665 1
1994 665 2
1995 665 3
1996 666 1
1997 666 2
1998 666 3
1999 667 1
2000 667 2
2001 667 3
2002 668 1
2003 668 2
2004 668 3
2005 669 1
2006 669 2
2007 669 3
2008 670 1
2009 670 2
2010 670 3
2011 671 1
2012 671 2
2013 671 3
2014 672 1
2015 672 2
2016 672 3
2017 673 1
2018 673 2
2019 673 3
2020 674 1
2021 674 2
2022 674 3
2023 675 1
2024 675 2
2025 675 3
2026 676 1
2027 676 2
2028 676 3
2029 677 1
2030 677 2
2031 677 3
2032 678 1
2033 678 2
2034 678 3
2035 679 1
2036 679 2
2037 679 3
2038 680 1
2039 680 2
2040 680 3
2041 681 1
2042 681 2
2043 681 3
2044 682 1
2045 682 2
2046 682 3
2047 683 1
2048 683 2
2049 683 3
2050 684 1
2051 684 2
2052 684 3
2053 685 1
2054 685 2
2055 685 3
2056 686 1
2057 686 2
2058 686 3
2059 687 1
2060 687 2
2061 687 3
2062 688 1
2063 688 2
2064 688 3
2065 689 1
2066 689 2
2067 689 3
2068 690 1
2069 690 2
2070 690 3
2071 691 1
2072 691 2
2073 691 3
2074 692 1
2075 692 2
2076 692 3
2077 693 1
2078 693 2
2079 693 3
2080 694 1
2081 694 2
2082 694 3
2083 695 1
2084 695 2
2085 695 3
2086 696 1
2087 696 2
2088 696 3
2089 697 1
2090 697 2
2091 697 3
2092 698 1
2093 698 2
2094 698 3
2095 699 1
2096 699 2
2097 699 3
2098 700 1
2099 700 2
2100 700 3
2101 701 1
2102 701 2
2103 701 3
2104 702 1
2105 702 2
2106 702 3
2107 703 1
2108 703 2
2109 703 3
2110 704 1
2111 704 2
2112 704 3
2113 705 1
2114 705 2
2115 705 3
2116 706 1
2117 706 2
2118 706 3
2119 707 1
2120 707 2
2121 707 3
2122 708 1
2123 708 2
2124 708 3
2125 709 1
2126 709 2
2127 709 3
2128 710 1
2129 710 2
2130 710 3
2131 711 1
2132 711 2
2133 711 3
2134 712 1
2135 712 2
2136 712 3
2137 713 1
2138 713 2
2139 713 3
2140 714 1
2141 714 2
2142 714 3
2143 715 1
2144 715 2
2145 715 3
2146 716 1
2147 716 2
2148 716 3
2149 717 1
2150 717 2
2151 717 3
2152 718 1
2153 718 2
2154 718 3
2155 719 1
2156 719 2
2157 719 3
2158 720 1
2159 720 2
2160 720 3
2161 721 1
2162 721 2
2163 721 3
2164 722 1
2165 722 2
2166 722 3
2167 723 1
2168 723 2
2169 723 3
2170 724 1
2171 724 2
2172 724 3
2173 725 1
2174 725 2
2175 725 3
2176 726 1
2177 726 2
2178 726 3
2179 727 1
2180 727 2
2181 727 3
2182 728 1
2183 728 2
2184 728 3
2185 729 1
2186 729 2
2187 729 3
2188 730 1
2189 730 2
2190 730 3
2191 731 1
2192 731 2
2193 731 3
2194 732 1
2195 732 2
2196 732 3
2197 733 1
2198 733 2
2199 733 3
2200 734 1
2201 734 2
2202 734 3
2203 735 1
2204 735 2
2205 735 3
2206 736 1
2207 736 2
2208 736 3
2209 737 1
2210 737 2
2211 737 3
2212 738 1
2213 738 2
2214 738 3
2215 739 1
2216 739 2
2217 739 3
2218 740 1
2219 740 2
2220 740 3
2221 741 1
2222 741 2
2223 741 3
2224 742 1
2225 742 2
2226 742 3
2227 743 1
2228 743 2
2229 743 3
2230 744 1
2231 744 2
2232 744 3
2233 745 1
2234 745 2
2235 745 3
2236 746 1
2237 746 2
2238 746 3
2239 747 1
2240 747 2
2241 747 3
2242 748 1
2243 748 2
2244 748 3
2245 749 1
2246 749 2
2247 749 3
2248 750 1
2249 750 2
2250 750 3
2251 751 1
2252 751 2
2253 751 3
2254 752 1
2255 752 2
2256 752 3
2257 753 1
2258 753 2
2259 753 3
2260 754 1
2261 754 2
2262 754 3
2263 755 1
2264 755 2
2265 755 3
2266 756 1
2267 756 2
2268 756 3
2269 757 1
2270 757 2
2271 757 3
2272 758 1
2273 758 2
2274 758 3
2275 759 1
2276 759 2
2277 759 3
2278 760 1
2279 760 2
2280 760 3
2281 761 1
2282 761 2
2283 761 3
2284 762 1
2285 762 2
2286 762 3
2287 763 1
2288 763 2
2289 763 3
2290 764 1
2291 764 2
2292 764 3
2293 765 1
2294 765 2
2295 765 3
2296 766 1
2297 766 2
2298 766 3
2299 767 1
2300 767 2
2301 767 3
2302 768 1
2303 768 2
2304 768 3
2305 769 1
2306 769 2
2307 769 3
2308 770 1
2309 770 2
2310 770 3
2311 771 1
2312 771 2
2313 771 3
2314 772 1
2315 772 2
2316 772 3
2317 773 1
2318 773 2
2319 773 3
2320 774 1
2321 774 2
2322 774 3
2323 775 1
2324 775 2
2325 775 3
2326 776 1
2327 776 2
2328 776 3
2329 777 1
2330 777 2
2331 777 3
2332 778 1
2333 778 2
2334 778 3
2335 779 1
2336 779 2
2337 779 3
2338 780 1
2339 780 2
2340 780 3
2341 781 1
2342 781 2
2343 781 3
2344 782 1
2345 782 2
2346 782 3
2347 783 1
2348 783 2
2349 783 3
2350 784 1
2351 784 2
2352 784 3
2353 785 1
2354 785 2
2355 785 3
2356 786 1
2357 786 2
2358 786 3
2359 787 1
2360 787 2
2361 787 3
2362 788 1
2363 788 2
2364 788 3
2365 789 1
2366 789 2
2367 789 3
2368 790 1
2369 790 2
2370 790 3
2371 791 1
2372 791 2
2373 791 3
2374 792 1
2375 792 2
2376 792 3
2377 793 1
2378 793 2
2379 793 3
2380 794 1
2381 794 2
2382 794 3
2383 795 1
2384 795 2
2385 795 3
2386 796 1
2387 796 2
2388 796 3
2389 797 1
2390 797 2
2391 797 3
2392 798 1
2393 798 2
2394 798 3
2395 799 1
2396 799 2
2397 799 3
2398 800 1
2399 800 2
2400 800 3
2401 801 1
2402 801 2
2403 801 3
2404 802 1
2405 802 2
2406 802 3
2407 803 1
2408 803 2
2409 803 3
2410 804 1
2411 804 2
2412 804 3
2413 805 1
2414 805 2
2415 805 3
2416 806 1
2417 806 2
2418 806 3
2419 807 1
2420 807 2
2421 807 3
2422 808 1
2423 808 2
2424 808 3
2425 809 1
2426 809 2
2427 809 3
2428 810 1
2429 810 2
2430 810 3
2431 811 1
2432 811 2
2433 811 3
2434 812 1
2435 812 2
2436 812 3
2437 813 1
2438 813 2
2439 813 3
2440 814 1
2441 814 2
2442 814 3
2443 815 1
2444 815 2
2445 815 3
2446 816 1
2447 816 2
2448 816 3
2449 817 1
2450 817 2
2451 817 3
2452 818 1
2453 818 2
2454 818 3
2455 819 1
2456 819 2
2457 819 3
2458 820 1
2459 820 2
2460 820 3
2461 821 1
2462 821 2
2463 821 3
2464 822 1
2465 822 2
2466 822 3
2467 823 1
2468 823 2
2469 823 3
2470 824 1
2471 824 2
2472 824 3
2473 825 1
2474 825 2
2475 825 3
2476 826 1
2477 826 2
2478 826 3
2479 827 1
2480 827 2
2481 827 3
2482 828 1
2483 828 2
2484 828 3
2485 829 1
2486 829 2
2487 829 3
2488 830 1
2489 830 2
2490 830 3
2491 831 1
2492 831 2
2493 831 3
2494 832 1
2495 832 2
2496 832 3
2497 833 1
2498 833 2
2499 833 3
2500 834 1
2501 834 2
2502 834 3
2503 835 1
2504 835 2
2505 835 3
2506 836 1
2507 836 2
2508 836 3
2509 837 1
2510 837 2
2511 837 3
2512 838 1
2513 838 2
2514 838 3
2515 839 1
2516 839 2
2517 839 3
2518 840 1
2519 840 2
2520 840 3
2521 841 1
2522 841 2
2523 841 3
2524 842 1
2525 842 2
2526 842 3
2527 843 1
2528 843 2
2529 843 3
2530 844 1
2531 844 2
2532 844 3
2533 845 1
2534 845 2
2535 845 3
2536 846 1
2537 846 2
2538 846 3
2539 847 1
2540 847 2
2541 847 3
2542 848 1
2543 848 2
2544 848 3
2545 849 1
2546 849 2
2547 849 3
2548 850 1
2549 850 2
2550 850 3
2551 851 1
2552 851 2
2553 851 3
2554 852 1
2555 852 2
2556 852 3
2557 853 1
2558 853 2
2559 853 3
2560 854 1
2561 854 2
2562 854 3
2563 855 1
2564 855 2
2565 855 3
2566 856 1
2567 856 2
2568 856 3
2569 857 1
2570 857 2
2571 857 3
2572 858 1
2573 858 2
2574 858 3
2575 859 1
2576 859 2
2577 859 3
2578 860 1
2579 860 2
2580 860 3
2581 861 1
2582 861 2
2583 861 3
2584 862 1
2585 862 2
2586 862 3
2587 863 1
2588 863 2
2589 863 3
2590 864 1
2591 864 2
2592 864 3
2593 865 1
2594 865 2
2595 865 3
2596 866 1
2597 866 2
2598 866 3
2599 867 1
2600 867 2
2601 867 3
2602 868 1
2603 868 2
2604 868 3
2605 869 1
2606 869 2
2607 869 3
2608 870 1
2609 870 2
2610 870 3
2611 871 1
2612 871 2
2613 871 3
2614 872 1
2615 872 2
2616 872 3
2617 873 1
2618 873 2
2619 873 3
2620 874 1
2621 874 2
2622 874 3
2623 875 1
2624 875 2
2625 875 3
2626 876 1
2627 876 2
2628 876 3
2629 877 1
2630 877 2
2631 877 3
2632 878 1
2633 878 2
2634 878 3
2635 879 1
2636 879 2
2637 879 3
2638 880 1
2639 880 2
2640 880 3
2641 881 1
2642 881 2
2643 881 3
2644 882 1
2645 882 2
2646 882 3
2647 883 1
2648 883 2
2649 883 3
2650 884 1
2651 884 2
2652 884 3
2653 885 1
2654 885 2
2655 885 3
2656 886 1
2657 886 2
2658 886 3
2659 887 1
2660 887 2
2661 887 3
2662 888 1
2663 888 2
2664 888 3
2665 889 1
2666 889 2
2667 889 3
2668 890 1
2669 890 2
2670 890 3
2671 891 1
2672 891 2
2673 891 3
2674 892 1
2675 892 2
2676 892 3
2677 893 1
2678 893 2
2679 893 3
2680 894 1
2681 894 2
2682 894 3
2683 895 1
2684 895 2
2685 895 3
2686 896 1
2687 896 2
2688 896 3
2689 897 1
2690 897 2
2691 897 3
2692 898 1
2693 898 2
2694 898 3
2695 899 1
2696 899 2
2697 899 3
2698 900 1
2699 900 2
2700 900 3
2701 901 1
2702 901 2
2703 901 3
2704 902 1
2705 902 2
2706 902 3
2707 903 1
2708 903 2
2709 903 3
2710 904 1
2711 904 2
2712 904 3
2713 905 1
2714 905 2
2715 905 3
2716 906 1
2717 906 2
2718 906 3
2719 907 1
2720 907 2
2721 907 3
2722 908 1
2723 908 2
2724 908 3
2725 909 1
2726 909 2
2727 909 3
2728 910 1
2729 910 2
2730 910 3
2731 911 1
2732 911 2
2733 911 3
2734 912 1
2735 912 2
2736 912 3
2737 913 1
2738 913 2
2739 913 3
2740 914 1
2741 914 2
2742 914 3
2743 915 1
2744 915 2
2745 915 3
2746 916 1
2747 916 2
2748 916 3
2749 917 1
2750 917 2
2751 917 3
2752 918 1
2753 918 2
2754 918 3
2755 919 1
2756 919 2
2757 919 3
2758 920 1
2759 920 2
2760 920 3
2761 921 1
2762 921 2
2763 921 3
2764 922 1
2765 922 2
2766 922 3
2767 923 1
2768 923 2
2769 923 3
2770 924 1
2771 924 2
2772 924 3
2773 925 1
2774 925 2
2775 925 3
2776 926 1
2777 926 2
2778 926 3
2779 927 1
2780 927 2
2781 927 3
2782 928 1
2783 928 2
2784 928 3
2785 929 1
2786 929 2
2787 929 3
2788 930 1
2789 930 2
2790 930 3
2791 931 1
2792 931 2
2793 931 3
2794 932 1
2795 932 2
2796 932 3
2797 933 1
2798 933 2
2799 933 3
2800 934 1
2801 934 2
2802 934 3
2803 935 1
2804 935 2
2805 935 3
2806 936 1
2807 936 2
2808 936 3
2809 937 1
2810 937 2
2811 937 3
2812 938 1
2813 938 2
2814 938 3
2815 939 1
2816 939 2
2817 939 3
2818 940 1
2819 940 2
2820 940 3
2821 941 1
2822 941 2
2823 941 3
2824 942 1
2825 942 2
2826 942 3
2827 943 1
2828 943 2
2829 943 3
2830 944 1
2831 944 2
2832 944 3
2833 945 1
2834 945 2
2835 945 3
2836 946 1
2837 946 2
2838 946 3
2839 947 1
2840 947 2
2841 947 3
2842 948 1
2843 948 2
2844 948 3
2845 949 1
2846 949 2
2847 949 3
2848 950 1
2849 950 2
2850 950 3
2851 951 1
2852 951 2
2853 951 3
2854 952 1
2855 952 2
2856 952 3
2857 953 1
2858 953 2
2859 953 3
2860 954 1
2861 954 2
2862 954 3
2863 955 1
2864 955 2
2865 955 3
2866 956 1
2867 956 2
2868 956 3
2869 957 1
2870 957 2
2871 957 3
2872 958 1
2873 958 2
2874 958 3
2875 959 1
2876 959 2
2877 959 3
2878 960 1
2879 960 2
2880 960 3
2881 961 1
2882 961 2
2883 961 3
2884 962 1
2885 962 2
2886 962 3
2887 963 1
2888 963 2
2889 963 3
2890 964 1
2891 964 2
2892 964 3
2893 965 1
2894 965 2
2895 965 3
2896 966 1
2897 966 2
2898 966 3
2899 967 1
2900 967 2
2901 967 3
2902 968 1
2903 968 2
2904 968 3
2905 969 1
2906 969 2
2907 969 3
2908 970 1
2909 970 2
2910 970 3
2911 971 1
2912 971 2
2913 971 3
2914 972 1
2915 972 2
2916 972 3
2917 973 1
2918 973 2
2919 973 3
2920 974 1
2921 974 2
2922 974 3
2923 975 1
2924 975 2
2925 975 3
2926 976 1
2927 976 2
2928 976 3
2929 977 1
2930 977 2
2931 977 3
2932 978 1
2933 978 2
2934 978 3
2935 979 1
2936 979 2
2937 979 3
2938 980 1
2939 980 2
2940 980 3
2941 981 1
2942 981 2
2943 981 3
2944 982 1
2945 982 2
2946 982 3
2947 983 1
2948 983 2
2949 983 3
2950 984 1
2951 984 2
2952 984 3
2953 985 1
2954 985 2
2955 985 3
2956 986 1
2957 986 2
2958 986 3
2959 987 1
2960 987 2
2961 987 3
2962 988 1
2963 988 2
2964 988 3
2965 989 1
2966 989 2
2967 989 3
2968 990 1
2969 990 2
2970 990 3
2971 991 1
2972 991 2
2973 991 3
2974 992 1
2975 992 2
2976 992 3
2977 993 1
2978 993 2
2979 993 3
2980 994 1
2981 994 2
2982 994 3
2983 995 1
2984 995 2
2985 995 3
2986 996 1
2987 996 2
2988 996 3
2989 997 1
2990 997 2
2991 997 3
2992 998 1
2993 998 2
2994 998 3
2995 999 1
2996 999 2
2997 999 3
2998 1000 1
2999 1000 2
3000 1000 3
3001 1001 1
3002 1001 2
3003 1001 3
3004 1002 1
3005 1002 2
3006 1002 3
3007 1003 1
3008 1003 2
3009 1003 3
3010 1004 1
3011 1004 2
3012 1004 3
3013 1005 1
3014 1005 2
3015 1005 3
3016 1006 1
3017 1006 2
3018 1006 3
3019 1007 1
3020 1007 2
3021 1007 3
3022 1008 1
3023 1008 2
3024 1008 3
3025 1009 1
3026 1009 2
3027 1009 3
3028 1010 1
3029 1010 2
3030 1010 3
3031 1011 1
3032 1011 2
3033 1011 3
3034 1012 1
3035 1012 2
3036 1012 3
3037 1013 1
3038 1013 2
3039 1013 3
3040 1014 1
3041 1014 2
3042 1014 3
3043 1015 1
3044 1015 2
3045 1015 3
3046 1016 1
3047 1016 2
3048 1016 3
3049 1017 1
3050 1017 2
3051 1017 3
3052 1018 1
3053 1018 2
3054 1018 3
3055 1019 1
3056 1019 2
3057 1019 3
3058 1020 1
3059 1020 2
3060 1020 3
3061 1021 1
3062 1021 2
3063 1021 3
3064 1022 1
3065 1022 2
3066 1022 3
3067 1023 1
3068 1023 2
3069 1023 3
3070 1024 1
3071 1024 2
3072 1024 3
3073 1025 1
3074 1025 2
3075 1025 3
3076 1026 1
3077 1026 2
3078 1026 3
3079 1027 1
3080 1027 2
3081 1027 3
3082 1028 1
3083 1028 2
3084 1028 3
3085 1029 1
3086 1029 2
3087 1029 3
3088 1030 1
3089 1030 2
3090 1030 3
3091 1031 1
3092 1031 2
3093 1031 3
3094 1032 1
3095 1032 2
3096 1032 3
3097 1033 1
3098 1033 2
3099 1033 3
3100 1034 1
3101 1034 2
3102 1034 3
3103 1035 1
3104 1035 2
3105 1035 3
3106 1036 1
3107 1036 2
3108 1036 3
3109 1037 1
3110 1037 2
3111 1037 3
3112 1038 1
3113 1038 2
3114 1038 3
3115 1039 1
3116 1039 2
3117 1039 3
3118 1040 1
3119 1040 2
3120 1040 3
3121 1041 1
3122 1041 2
3123 1041 3
3124 1042 1
3125 1042 2
3126 1042 3
3127 1043 1
3128 1043 2
3129 1043 3
3130 1044 1
3131 1044 2
3132 1044 3
3133 1045 1
3134 1045 2
3135 1045 3
3136 1046 1
3137 1046 2
3138 1046 3
3139 1047 1
3140 1047 2
3141 1047 3
3142 1048 1
3143 1048 2
3144 1048 3
3145 1049 1
3146 1049 2
3147 1049 3
3148 1050 1
3149 1050 2
3150 1050 3
3151 1051 1
3152 1051 2
3153 1051 3
3154 1052 1
3155 1052 2
3156 1052 3
3157 1053 1
3158 1053 2
3159 1053 3
3160 1054 1
3161 1054 2
3162 1054 3
3163 1055 1
3164 1055 2
3165 1055 3
3166 1056 1
3167 1056 2
3168 1056 3
3169 1057 1
3170 1057 2
3171 1057 3
3172 1058 1
3173 1058 2
3174 1058 3
3175 1059 1
3176 1059 2
3177 1059 3
3178 1060 1
3179 1060 2
3180 1060 3
3181 1061 1
3182 1061 2
3183 1061 3
3184 1062 1
3185 1062 2
3186 1062 3
3187 1063 1
3188 1063 2
3189 1063 3
3190 1064 1
3191 1064 2
3192 1064 3
3193 1065 1
3194 1065 2
3195 1065 3
3196 1066 1
3197 1066 2
3198 1066 3
3199 1067 1
3200 1067 2
3201 1067 3
3202 1068 1
3203 1068 2
3204 1068 3
3205 1069 1
3206 1069 2
3207 1069 3
3208 1070 1
3209 1070 2
3210 1070 3
3211 1071 1
3212 1071 2
3213 1071 3
3214 1072 1
3215 1072 2
3216 1072 3
3217 1073 1
3218 1073 2
3219 1073 3
3220 1074 1
3221 1074 2
3222 1074 3
3223 1075 1
3224 1075 2
3225 1075 3
3226 1076 1
3227 1076 2
3228 1076 3
3229 1077 1
3230 1077 2
3231 1077 3
3232 1078 1
3233 1078 2
3234 1078 3
3235 1079 1
3236 1079 2
3237 1079 3
3238 1080 1
3239 1080 2
3240 1080 3
3241 1081 1
3242 1081 2
3243 1081 3
3244 1082 1
3245 1082 2
3246 1082 3
3247 1083 1
3248 1083 2
3249 1083 3
3250 1084 1
3251 1084 2
3252 1084 3
3253 1085 1
3254 1085 2
3255 1085 3
3256 1086 1
3257 1086 2
3258 1086 3
3259 1087 1
3260 1087 2
3261 1087 3
3262 1088 1
3263 1088 2
3264 1088 3
3265 1089 1
3266 1089 2
3267 1089 3
3268 1090 1
3269 1090 2
3270 1090 3
3271 1091 1
3272 1091 2
3273 1091 3
3274 1092 1
3275 1092 2
3276 1092 3
3277 1093 1
3278 1093 2
3279 1093 3
3280 1094 1
3281 1094 2
3282 1094 3
3283 1095 1
3284 1095 2
3285 1095 3
3286 1096 1
3287 1096 2
3288 1096 3
3289 1097 1
3290 1097 2
3291 1097 3
3292 1098 1
3293 1098 2
3294 1098 3
3295 1099 1
3296 1099 2
3297 1099 3
3298 1100 1
3299 1100 2
3300 1100 3
3301 1101 1
3302 1101 2
3303 1101 3
3304 1102 1
3305 1102 2
3306 1102 3
3307 1103 1
3308 1103 2
3309 1103 3
3310 1104 1
3311 1104 2
3312 1104 3
3313 1105 1
3314 1105 2
3315 1105 3
3316 1106 1
3317 1106 2
3318 1106 3
3319 1107 1
3320 1107 2
3321 1107 3
3322 1108 1
3323 1108 2
3324 1108 3
3325 1109 1
3326 1109 2
3327 1109 3
3328 1110 1
3329 1110 2
3330 1110 3
3331 1111 1
3332 1111 2
3333 1111 3
3334 1112 1
3335 1112 2
3336 1112 3
3337 1113 1
3338 1113 2
3339 1113 3
3340 1114 1
3341 1114 2
3342 1114 3
3343 1115 1
3344 1115 2
3345 1115 3
3346 1116 1
3347 1116 2
3348 1116 3
3349 1117 1
3350 1117 2
3351 1117 3
3352 1118 1
3353 1118 2
3354 1118 3
3355 1119 1
3356 1119 2
3357 1119 3
3358 1120 1
3359 1120 2
3360 1120 3
3361 1121 1
3362 1121 2
3363 1121 3
3364 1122 1
3365 1122 2
3366 1122 3
3367 1123 1
3368 1123 2
3369 1123 3
3370 1124 1
3371 1124 2
3372 1124 3
3373 1125 1
3374 1125 2
3375 1125 3
3376 1126 1
3377 1126 2
3378 1126 3
3379 1127 1
3380 1127 2
3381 1127 3
3382 1128 1
3383 1128 2
3384 1128 3
3385 1129 1
3386 1129 2
3387 1129 3
3388 1130 1
3389 1130 2
3390 1130 3
3391 1131 1
3392 1131 2
3393 1131 3
3394 1132 1
3395 1132 2
3396 1132 3
3397 1133 1
3398 1133 2
3399 1133 3
3400 1134 1
3401 1134 2
3402 1134 3
3403 1135 1
3404 1135 2
3405 1135 3
3406 1136 1
3407 1136 2
3408 1136 3
3409 1137 1
3410 1137 2
3411 1137 3
3412 1138 1
3413 1138 2
3414 1138 3
3415 1139 1
3416 1139 2
3417 1139 3
3418 1140 1
3419 1140 2
3420 1140 3
3421 1141 1
3422 1141 2
3423 1141 3
3424 1142 1
3425 1142 2
3426 1142 3
3427 1143 1
3428 1143 2
3429 1143 3
3430 1144 1
3431 1144 2
3432 1144 3
3433 1145 1
3434 1145 2
3435 1145 3
3436 1146 1
3437 1146 2
3438 1146 3
3439 1147 1
3440 1147 2
3441 1147 3
3442 1148 1
3443 1148 2
3444 1148 3
3445 1149 1
3446 1149 2
3447 1149 3
3448 1150 1
3449 1150 2
3450 1150 3
3451 1151 1
3452 1151 2
3453 1151 3
3454 1152 1
3455 1152 2
3456 1152 3
3457 1153 1
3458 1153 2
3459 1153 3
3460 1154 1
3461 1154 2
3462 1154 3
3463 1155 1
3464 1155 2
3465 1155 3
3466 1156 1
3467 1156 2
3468 1156 3
3469 1157 1
3470 1157 2
3471 1157 3
3472 1158 1
3473 1158 2
3474 1158 3
3475 1159 1
3476 1159 2
3477 1159 3
3478 1160 1
3479 1160 2
3480 1160 3
3481 1161 1
3482 1161 2
3483 1161 3
3484 1162 1
3485 1162 2
3486 1162 3
3487 1163 1
3488 1163 2
3489 1163 3
3490 1164 1
3491 1164 2
3492 1164 3
3493 1165 1
3494 1165 2
3495 1165 3
3496 1166 1
3497 1166 2
3498 1166 3
3499 1167 1
3500 1167 2
3501 1167 3
3502 1168 1
3503 1168 2
3504 1168 3
3505 1169 1
3506 1169 2
3507 1169 3
3508 1170 1
3509 1170 2
3510 1170 3
3511 1171 1
3512 1171 2
3513 1171 3
3520 1174 1
3521 1174 2
3522 1174 3
