-7.991835623239431641e-01
-5.520410993616383655e-01
-9.115131327086812840e-01
2.692159688321234423e+00
-5.882095956185194596e-02
2.554850804212682736e+00
-2.790020287234712626e+00
-4.113932232114011711e+00
-3.802703212718692605e+00
-7.420234325921183149e+00
-4.000741054809440200e+00
-4.798325174623681022e+00
-6.764848474020579872e+00
-6.455964971428755916e+00
-6.146761154277777806e+00
-5.523859703279091704e+00
-7.519112630441799894e+00
-6.003642713815273702e+00
-5.931875172253598727e+00
-6.634327975820845325e+00
