#Site	lnL	
0	-3.5602046019
1	-3.49528176658
2	-6.06410917171
3	-3.52858368251
4	-3.86868574265
5	-7.64495920849
6	-3.5602046019
7	-3.53160851426
8	-12.346430776
9	-3.90615833165
10	-3.53160851426
11	-13.8188690496
12	-7.92337379828
13	-3.53160851426
14	-5.39266546483
15	-3.71184379381
16	-3.67329987759
17	-6.96525461799
18	-9.75676353988
19	-3.67329987759
20	-10.1797326499
21	-3.71184379381
22	-3.67329987759
23	-9.63540671303
24	-3.5602046019
25	-3.53160851426
26	-5.39266546483
27	-3.71184379381
28	-3.53160851426
29	-7.3045554926
30	-3.52858368251
31	-3.53160851426
32	-13.6600046245
33	-3.71184379381
34	-3.53160851426
35	-10.7792723658
36	-3.90615833165
37	-3.49528176658
38	-9.33815756626
39	-3.71184379381
40	-3.67329987759
41	-5.39266546483
42	-3.71184379381
43	-3.86868574265
44	-7.24627779159
45	-3.5602046019
46	-3.53160851426
47	-5.39266546483
48	-3.5602046019
49	-3.49528176658
50	-10.9371787481
51	-3.5602046019
52	-3.67329987759
53	-14.4820194978
54	-3.90615833165
55	-3.53160851426
56	-8.07956770574
57	-3.5602046019
58	-3.49528176658
59	-6.80136780552
60	-3.71184379381
61	-3.49528176658
62	-5.39266546483
63	-8.01380979206
64	-3.49528176658
65	-10.3502788979
66	-3.71184379381
67	-3.67329987759
68	-7.3045554926
69	-3.71184379381
70	-3.53160851426
71	-7.53792412621
72	-3.90615833165
73	-3.86868574265
74	-5.17625743408
75	-3.71184379381
76	-3.53160851426
77	-8.70810824352
78	-3.52858368251
79	-17.7245859656
80	-8.23141318879
81	-3.90615833165
82	-3.49528176658
83	-8.70810824352
84	-3.52858368251
85	-3.86868574265
86	-8.70003437439
87	-3.71184379381
88	-3.86868574265
89	-14.9724462098
90	-3.5602046019
91	-3.67329987759
92	-5.89508788229
93	-3.90615833165
94	-3.53160851426
95	-8.55061389421
96	-3.5602046019
97	-3.49528176658
98	-5.17625743408
99	-3.5602046019
100	-3.49528176658
101	-8.65181421739
102	-3.5602046019
103	-3.49528176658
104	-8.62161595519
105	-3.5602046019
106	-3.86868574265
107	-16.8692258271
108	-3.71184379381
109	-3.67329987759
110	-8.9670541974
111	-3.52858368251
112	-3.67329987759
113	-9.99562071226
114	-3.52858368251
115	-3.86868574265
116	-8.30919136306
117	-3.90615833165
118	-3.49528176658
119	-11.9715198487
120	-3.5602046019
121	-3.53160851426
122	-10.2669870256
123	-3.90615833165
124	-3.67329987759
125	-11.2134171318
126	-3.5602046019
127	-3.49528176658
128	-5.39266546483
129	-3.90615833165
130	-3.67329987759
131	-10.4648910376
132	-3.90615833165
133	-3.53160851426
134	-8.56246493145
135	-3.71184379381
136	-3.53160851426
137	-13.7612223469
138	-3.52858368251
139	-3.53160851426
140	-5.89508788229
141	-3.52858368251
142	-10.9777545527
143	-8.46273733135
144	-3.90615833165
145	-3.53160851426
146	-8.46273733135
147	-3.5602046019
148	-3.53160851426
149	-7.79111493569
150	-3.5602046019
151	-3.53160851426
152	-12.3378583568
153	-3.71184379381
154	-3.53160851426
155	-8.75551020207
156	-3.90615833165
157	-3.49528176658
158	-11.0320834635
159	-3.52858368251
160	-18.3846592496
161	-8.56246493145
162	-3.71184379381
163	-3.49528176658
164	-5.39266546483
165	-3.5602046019
166	-3.49528176658
167	-7.89462259075
168	-3.71184379381
169	-3.53160851426
170	-8.86321274947
171	-9.73804349355
172	-3.67329987759
173	-9.0557803442
174	-3.52858368251
175	-3.53160851426
176	-9.13646778118
177	-3.52858368251
178	-3.86868574265
179	-12.6956309208
180	-3.5602046019
181	-3.86868574265
182	-9.05496833416
183	-3.52858368251
184	-3.86868574265
185	-6.79320745461
186	-3.5602046019
187	-3.49528176658
188	-13.6758687315
189	-3.71184379381
190	-17.7758174588
191	-9.28599362644
192	-3.5602046019
193	-3.53160851426
194	-14.3993111726
195	-3.52858368251
196	-3.49528176658
197	-6.06410917171
198	-8.62912596978
199	-3.67329987759
200	-5.17625743408
201	-3.71184379381
202	-9.16518514712
203	-5.89508788229
204	-3.52858368251
205	-3.86868574265
206	-11.621937703
207	-9.31325501516
208	-3.53160851426
209	-5.39266546483
210	-3.71184379381
211	-3.49528176658
212	-13.9600688633
213	-3.52858368251
214	-3.49528176658
215	-8.65181421739
216	-3.5602046019
217	-3.86868574265
218	-6.06410917171
219	-3.5602046019
220	-3.67329987759
221	-8.44471107033
222	-3.90615833165
223	-3.67329987759
224	-8.38022081628
225	-3.52858368251
226	-3.49528176658
227	-8.23141318879
228	-3.52858368251
229	-3.49528176658
230	-8.56246493145
231	-3.71184379381
232	-8.30821537897
233	-9.05496833416
234	-3.5602046019
235	-3.67329987759
236	-10.3278284697
237	-3.52858368251
238	-3.86868574265
239	-7.3045554926
240	-17.4330633183
241	-3.86868574265
242	-11.2678973523
243	-3.5602046019
244	-12.9957264626
245	-14.5023842504
246	-3.52858368251
247	-3.49528176658
248	-15.1423765865
249	-3.5602046019
250	-3.53160851426
251	-5.89508788229
252	-3.5602046019
253	-3.86868574265
254	-17.3893689888
255	-3.5602046019
256	-3.86868574265
257	-17.5132207546
258	-3.5602046019
259	-3.67329987759
260	-10.2290027953
261	-3.52858368251
262	-3.53160851426
263	-14.0379600541
264	-3.52858368251
265	-3.49528176658
266	-15.7503710763
267	-3.52858368251
268	-3.86868574265
269	-11.2247274138
270	-3.52858368251
271	-8.07298527258
272	-12.6890305613
273	-3.52858368251
274	-3.49528176658
275	-12.3445163083
276	-3.5602046019
277	-3.53160851426
278	-12.6551234862
279	-10.7095649357
280	-3.53160851426
281	-7.3045554926
282	-3.90615833165
283	-3.49528176658
284	-8.86321274947
285	-3.52858368251
286	-3.49528176658
287	-9.20731841573
288	-3.71184379381
289	-3.67329987759
290	-10.9461265051
291	-3.90615833165
292	-3.53160851426
293	-12.6458492353
294	-3.5602046019
295	-3.67329987759
296	-5.89508788229
297	-3.52858368251
298	-3.67329987759
299	-10.0796724576
300	-3.71184379381
301	-3.53160851426
302	-5.17625743408
303	-3.71184379381
304	-3.53160851426
305	-5.39266546483
306	-3.52858368251
307	-3.53160851426
308	-5.39266546483
309	-3.5602046019
310	-3.86868574265
311	-8.60101832185
312	-3.52858368251
313	-3.53160851426
314	-10.6986492814
315	-3.52858368251
316	-13.1423412227
317	-8.37266129359
318	-3.90615833165
319	-3.49528176658
320	-5.17625743408
321	-3.5602046019
322	-3.86868574265
323	-17.0185559953
324	-3.52858368251
325	-3.86868574265
326	-5.39266546483
327	-3.90615833165
328	-3.53160851426
329	-13.4850565564
330	-3.5602046019
331	-3.49528176658
332	-5.39266546483
333	-3.52858368251
334	-3.86868574265
335	-5.89508788229
336	-3.71184379381
337	-3.86868574265
338	-5.39266546483
339	-3.90615833165
340	-3.49528176658
341	-10.1169582693
342	-3.90615833165
343	-13.2303537619
344	-5.89508788229
345	-8.60828055626
346	-3.86868574265
347	-11.7803380128
348	-3.71184379381
349	-3.53160851426
350	-10.7317051413
351	-3.71184379381
352	-3.86868574265
353	-5.89508788229
354	-3.71184379381
355	-3.53160851426
356	-5.39266546483
357	-3.5602046019
358	-3.49528176658
359	-14.0297614264
360	-3.90615833165
361	-9.87666532465
362	-8.1125372536
363	-3.71184379381
364	-3.67329987759
365	-12.1929489821
366	-3.71184379381
367	-3.86868574265
368	-7.79111493569
369	-8.60828055626
370	-3.67329987759
371	-5.39266546483
372	-3.71184379381
373	-3.49528176658
374	-5.89508788229
375	-3.5602046019
376	-3.67329987759
377	-11.4453796019
378	-3.71184379381
379	-3.49528176658
380	-5.17625743408
381	-3.52858368251
382	-3.67329987759
383	-8.62161595519
384	-12.3828834653
385	-3.86868574265
386	-5.89508788229
387	-3.5602046019
388	-3.86868574265
389	-7.64495920849
390	-3.5602046019
391	-3.49528176658
392	-10.86512089
393	-3.5602046019
394	-3.53160851426
395	-13.80903679
396	-3.71184379381
397	-3.86868574265
398	-8.1125372536
399	-3.5602046019
400	-3.49528176658
401	-14.6263977711
402	-3.5602046019
403	-3.67329987759
404	-8.65181421739
405	-9.27093506982
406	-3.67329987759
407	-11.7445424661
408	-3.52858368251
409	-3.67329987759
410	-8.31989985732
411	-3.90615833165
412	-3.86868574265
413	-5.89508788229
414	-12.6105572352
415	-3.53160851426
416	-6.06410917171
417	-3.71184379381
418	-3.53160851426
419	-13.5636774383
420	-8.87486516885
421	-3.86868574265
422	-8.60101832185
423	-3.5602046019
424	-3.49528176658
425	-5.17625743408
426	-3.90615833165
427	-3.53160851426
428	-15.9627702921
429	-3.52858368251
430	-3.49528176658
431	-9.20731841573
432	-9.75676353988
433	-3.53160851426
434	-13.7930982067
435	-3.71184379381
436	-10.9972482466
437	-11.1604020488
438	-3.5602046019
439	-3.67329987759
440	-14.6853559443
441	-3.90615833165
442	-3.86868574265
443	-11.1528759748
444	-3.5602046019
445	-3.49528176658
446	-5.17625743408
447	-9.93395602273
448	-3.86868574265
449	-9.10045546037
450	-3.5602046019
451	-12.9957264626
452	-7.3045554926
453	-3.71184379381
454	-3.49528176658
455	-8.63948192741
456	-3.71184379381
457	-3.53160851426
458	-5.39266546483
459	-3.5602046019
460	-3.49528176658
461	-7.3045554926
462	-3.71184379381
463	-3.86868574265
464	-5.17625743408
465	-3.71184379381
466	-3.67329987759
467	-11.7582647225
468	-3.5602046019
469	-3.67329987759
470	-9.67737282562
471	-3.52858368251
472	-3.67329987759
473	-12.495922602
474	-3.71184379381
475	-3.49528176658
476	-9.05496833416
477	-3.90615833165
478	-3.67329987759
479	-8.99015572929
480	-3.52858368251
481	-3.67329987759
482	-5.17625743408
483	-3.71184379381
484	-3.53160851426
485	-9.36689220976
486	-12.3828834653
487	-3.86868574265
488	-13.905013211
