# log_p 	 lnL 	 
0.0	-1708.85516042	
-0.287682072452	-1708.8548817	
-0.510825623766	-1708.85450806	
-0.69314718056	-1708.85409192	
-0.847297860387	-1708.85362936	
-0.980829253012	-1708.85308216	
-1.09861228867	-1708.85240586	
-1.20397280433	-1708.85156516	
-1.29928298413	-1708.85053855	
-1.38629436112	-1708.84931749	
-1.46633706879	-1708.84790349	
-1.54044504095	-1708.84630508	
-1.60943791243	-1708.84453514	
-1.67397643357	-1708.84260896	
-1.73460105539	-1708.84054277	
-1.79175946923	-1708.83835283	
-1.8458266905	-1708.8360548	
-1.89711998489	-1708.8336634	
-1.94591014906	-1708.83119219	
-1.99243016469	-1708.82865357	
-2.03688192726	-1708.82605867	
-2.07944154168	-1708.8234175	
-2.1202635362	-1708.82073895	
-2.15948424935	-1708.81803093	
-2.19722457734	-1708.81530041	
-2.23359222151	-1708.81255353	
-2.26868354132	-1708.80979571	
-2.30258509299	-1708.80703169	
-2.33537491582	-1708.80426563	
-2.36712361413	-1708.80150117	
-2.3978952728	-1708.79874147	
-2.42774823595	-1708.79598931	
-2.45673577282	-1708.7932471	
-2.48490664979	-1708.79051693	
-2.51230562398	-1708.78780062	
-2.53897387106	-1708.78509974	
-2.56494935746	-1708.78241563	
-2.59026716545	-1708.77974947	
-2.61495977804	-1708.77710224	
-2.63905732962	-1708.7744748	
-2.66258782703	-1708.77186785	
-2.68557734525	-1708.76928201	
-2.7080502011	-1708.76671776	
-2.73002910782	-1708.76417552	
-2.75153531304	-1708.76165562	
-2.77258872224	-1708.75915831	
-2.79320800944	-1708.75668381	
-2.81341071676	-1708.75423224	
-2.83321334406	-1708.75180371	
-2.85263142991	-1708.74939826	
-2.87167962488	-1708.74701592	
-2.8903717579	-1708.74465667	
-2.90872089656	-1708.74232045	
-2.92673940207	-1708.7400072	
-2.94443897917	-1708.73771682	
-2.96183072188	-1708.7354492	
-2.97892515524	-1708.7332042	
-2.99573227355	-1708.73098168	
-3.01226157551	-1708.72878147	
-3.02852209638	-1708.7266034	
-3.04452243772	-1708.72444729	
-3.06027079469	-1708.72231294	
-3.07577498123	-1708.72020016	
-3.09104245336	-1708.71810875	
-3.10608033072	-1708.71603849	
-3.12089541651	-1708.71398916	
-3.13549421593	-1708.71196055	
-3.14988295338	-1708.70995243	
-3.16406758837	-1708.70796459	
-3.17805383035	-1708.70599679	
-3.19184715248	-1708.70404881	
-3.20545280454	-1708.70212043	
-3.21887582487	-1708.7002114	
-3.23212105162	-1708.69832151	
-3.24519313319	-1708.69645052	
-3.25809653802	-1708.69459821	
-3.2708355638	-1708.69276435	
-3.28341434601	-1708.69094872	
-3.295836866	-1708.68915109	
-3.3081069586	-1708.68737123	
-3.32022831913	-1708.68560893	
-3.33220451018	-1708.68386397	
-3.34403896782	-1708.68213612	
-3.35573500759	-1708.68042518	
-3.36729582999	-1708.67873092	
-3.37872452581	-1708.67705314	
-3.39002408106	-1708.67539163	
-3.40119738166	-1708.67374618	
-3.41224721785	-1708.67211658	
-3.42317628838	-1708.67050263	
-3.43398720449	-1708.66890413	
-3.4446824936	-1708.66732089	
-3.45526460293	-1708.6657527	
-3.4657359028	-1708.66419938	
-3.47609868984	-1708.66266073	
-3.48635519	-1708.66113657	
-3.49650756147	-1708.6596267	
-3.50655789732	-1708.65813096	
-3.51650822817	-1708.65664915	
-3.52636052462	-1708.65518109	
-3.53611669956	-1708.65372662	
-3.54577861047	-1708.65228556	
-3.55534806149	-1708.65085774	
-3.56482680544	-1708.64944299	
-3.57421654579	-1708.64804113	
-3.58351893846	-1708.64665202	
-3.59273559356	-1708.64527549	
-3.60186807712	-1708.64391137	
-3.61091791264	-1708.64255952	
-3.61988658263	-1708.64121977	
-3.62877553004	-1708.63989198	
-3.63758615973	-1708.63857599	
-3.6463198397	-1708.63727166	
-3.65497790244	-1708.63597884	
-3.66356164613	-1708.63469739	
-3.6720723358	-1708.63342717	
-3.68051120444	-1708.63216803	
-3.68887945411	-1708.63091984	
-3.69717825693	-1708.62968247	
-3.70540875607	-1708.62845577	
-3.7135720667	-1708.62723963	
-3.72166927694	-1708.62603391	
-3.72970144863	-1708.62483848	
-3.73766961828	-1708.62365321	
-3.74557479779	-1708.622478	
-3.75341797525	-1708.6213127	
-3.76120011569	-1708.6201572	
-3.76892216179	-1708.61901139	
-3.77658503453	-1708.61787515	
-3.78418963392	-1708.61674835	
-3.79173683955	-1708.6156309	
-3.79922751128	-1708.61452268	
-3.80666248977	-1708.61342357	
-3.81404259707	-1708.61233347	
-3.82136863716	-1708.61125228	
-3.82864139649	-1708.61017988	
-3.83586164446	-1708.60911618	
-3.84303013394	-1708.60806107	
-3.85014760171	-1708.60701446	
-3.85721476893	-1708.60597624	
-3.86423234159	-1708.60494631	
-3.87120101091	-1708.60392459	
-3.87812145375	-1708.60291097	
-3.88499433304	-1708.60190536	
-3.89182029811	-1708.60090768	
-3.8985999851	-1708.59991782	
-3.90533401728	-1708.5989357	
-3.91202300543	-1708.59796124	
-3.91866754815	-1708.59699434	
-3.92526823218	-1708.59603492	
-3.93182563272	-1708.59508289	
-3.93834031375	-1708.59413818	
-3.94481282825	-1708.5932007	
-3.95124371858	-1708.59227037	
-3.95763351668	-1708.59134711	
-3.96398274436	-1708.59043085	
-3.97029191355	-1708.58952149	
-3.97656152657	-1708.58861898	
-3.98279207632	-1708.58772323	
-3.98898404656	-1708.58683417	
-3.99513791214	-1708.58595172	
-4.00125413916	-1708.58507582	
-4.00733318523	-1708.58420639	
-4.01337549969	-1708.58334337	
-4.01938152375	-1708.58248668	
-4.02535169074	-1708.58163625	
-4.03128642625	-1708.58079202	
-4.03718614838	-1708.57995393	
-4.04305126783	-1708.5791219	
-4.04888218815	-1708.57829588	
-4.05467930583	-1708.5774758	
-4.06044301055	-1708.57666159	
-4.06617368526	-1708.57585319	
-4.07187170637	-1708.57505055	
-4.07753744391	-1708.57425361	
-4.08317126162	-1708.57346229	
-4.08877351717	-1708.57267656	
-4.09434456222	-1708.57189634	
-4.0998847426	-1708.57112158	
-4.10539439841	-1708.57035223	
-4.11087386417	-1708.56958822	
-4.11632346894	-1708.56882951	
-4.12174353641	-1708.56807604	
-4.12713438505	-1708.56732776	
-4.13249632819	-1708.56658461	
-4.13782967416	-1708.56584655	
-4.14313472639	-1708.56511351	
-4.14841178349	-1708.56438546	
-4.15366113938	-1708.56366234	
-4.15888308336	-1708.5629441	
-4.16407790024	-1708.56223069	
-4.1692458704	-1708.56152207	
-4.1743872699	-1708.56081818	
-4.17950237056	-1708.56011899	
-4.18459144007	-1708.55942444	
-4.18965474203	-1708.55873449	
-4.19469253606	-1708.5580491	
-4.19970507788	-1708.55736821	
-4.20469261939	-1708.55669179	
-4.20965540873	-1708.5560198	
-4.21459369037	-1708.55535218	
-4.21950770518	-1708.5546889	
-4.22439769047	-1708.55402992	
-4.22926388012	-1708.55337519	
-4.2341065046	-1708.55272468	
-4.23892579103	-1708.55207834	
-4.2437219633	-1708.55143614	
-4.24849524205	-1708.55079803	
-4.25324584481	-1708.55016398	
-4.257973986	-1708.54953395	
-4.26267987704	-1708.5489079	
-4.26736372635	-1708.5482858	
-4.27202573946	-1708.5476676	
-4.27666611902	-1708.54705327	
-4.28128506487	-1708.54644278	
-4.28588277412	-1708.54583608	
-4.29045944115	-1708.54523315	
-4.29501525768	-1708.54463395	
-4.29955041285	-1708.54403845	
-4.3040650932	-1708.54344661	
-4.30855948279	-1708.54285839	
-4.31303376319	-1708.54227378	
-4.31748811354	-1708.54169272	
-4.3219227106	-1708.5411152	
-4.32633772881	-1708.54054117	
-4.33073334029	-1708.53997062	
-4.33510971489	-1708.5394035	
-4.33946702026	-1708.53883978	
-4.34380542185	-1708.53827944	
-4.348125083	-1708.53772245	
-4.3524261649	-1708.53716877	
-4.35670882669	-1708.53661838	
-4.36097322548	-1708.53607125	
-4.36521951636	-1708.53552734	
-4.36944785247	-1708.53498664	
-4.373658385	-1708.53444911	
-4.37785126326	-1708.53391472	
-4.38202663467	-1708.53338346	
-4.38618464482	-1708.53285528	
-4.39032543749	-1708.53233017	
-4.39444915467	-1708.53180809	
-4.39855593663	-1708.53128903	
-4.40264592188	-1708.53077295	
-4.40671924726	-1708.53025984	
-4.41077604796	-1708.52974966	
-4.4148164575	-1708.52924238	
-4.4188406078	-1708.528738	
-4.42284862919	-1708.52823647	
-4.42684065046	-1708.52773779	
-4.43081679884	-1708.52724191	
-4.43477720006	-1708.52674883	
-4.43872197835	-1708.52625851	
-4.44265125649	-1708.52577094	
-4.44656515581	-1708.52528608	
-4.45046379623	-1708.52480393	
-4.45434729625	-1708.52432445	
-4.45821577303	-1708.52384762	
-4.46206934235	-1708.52337342	
-4.46590811865	-1708.52290184	
-4.46973221509	-1708.52243284	
-4.47354174351	-1708.52196641	
-4.47733681448	-1708.52150253	
-4.48111753732	-1708.52104117	
-4.48488402011	-1708.52058232	
-4.48863636973	-1708.52012596	
-4.49237469184	-1708.51967206	
-4.49609909093	-1708.5192206	
-4.49980967033	-1708.51877157	
-4.50350653221	-1708.51832495	
-4.50718977763	-1708.51788071	
-4.51085950652	-1708.51743885	
-4.51451581772	-1708.51699933	
-4.518158809	-1708.51656214	
-4.52178857705	-1708.51612727	
-4.52540521752	-1708.51569469	
-4.52900882502	-1708.51526439	
-4.53259949315	-1708.51483634	
-4.5361773145	-1708.51441054	
-4.53974238067	-1708.51398696	
-4.54329478227	-1708.51356558	
-4.54683460898	-1708.5131464	
-4.55036194949	-1708.51272938	
-4.5538768916	-1708.51231453	
-4.55737952215	-1708.51190181	
-4.56086992709	-1708.51149121	
-4.56434819147	-1708.51108272	
-4.56781439944	-1708.51067632	
-4.57126863431	-1708.51027199	
-4.5747109785	-1708.50986972	
-4.5781415136	-1708.50946949	
-4.58156032035	-1708.5090713	
-4.58496747867	-1708.50867511	
-4.58836306767	-1708.50828092	
-4.59174716566	-1708.50788871	
-4.59511985013	-1708.50749847	
-4.59848119784	-1708.50711018	
-4.60183128472	-1708.50672383	
-4.60517018599	-1708.5063394	
-4.60849797608	-1708.50595688	
-4.61181472871	-1708.50557625	
-4.61512051684	-1708.50519751	
-4.61841541274	-1708.50482063	
-4.62169948794	-1708.50444561	
-4.62497281328	-1708.50407243	
-4.62823545892	-1708.50370107	
-4.63148749431	-1708.50333153	
-4.63472898823	-1708.50296378	
-4.63796000881	-1708.50259782	
-4.64118062351	-1708.50223364	
-4.64439089914	-1708.50187122	
-4.64759090187	-1708.50151054	
-4.65078069724	-1708.5011516	
-4.65396035016	-1708.50079439	
-4.65712992492	-1708.50043888	
-4.66028948521	-1708.50008508	
-4.66343909411	-1708.49973296	
-4.66657881412	-1708.49938251	
-4.66970870713	-1708.49903373	
-4.67282883446	-1708.4986866	
-4.67593925688	-1708.49834111	
-4.67904003455	-1708.49799725	
-4.68213122712	-1708.497655	
-4.68521289366	-1708.49731435	
-4.6882850927	-1708.49697531	
-4.69134788223	-1708.49663784	
-4.69440131972	-1708.49630194	
-4.6974454621	-1708.49596761	
-4.70048036579	-1708.49563483	
-4.70350608671	-1708.49530358	
-4.70652268025	-1708.49497387	
-4.70953020131	-1708.49464567	
-4.71252870431	-1708.49431898	
-4.71551824316	-1708.49399378	
-4.7184988713	-1708.49367008	
-4.72147064168	-1708.49334785	
-4.72443360681	-1708.49302709	
-4.72738781871	-1708.49270778	
-4.73033332894	-1708.49238992	
-4.73327018862	-1708.4920735	
-4.73619844839	-1708.49175851	
-4.7391181585	-1708.49144493	
-4.74202936871	-1708.49113276	
-4.74493212836	-1708.49082199	
-4.74782648639	-1708.49051262	
-4.75071249128	-1708.49020462	
-4.75359019111	-1708.48989799	
-4.75645963353	-1708.48959272	
-4.75932086582	-1708.48928881	
-4.7621739348	-1708.48898624	
-4.76501888693	-1708.48868501	
-4.76785576827	-1708.4883851	
-4.77068462447	-1708.48808651	
-4.77350550081	-1708.48778923	
-4.77631844218	-1708.48749325	
-4.77912349311	-1708.48719857	
-4.78192069773	-1708.48690516	
-4.78471009982	-1708.48661303	
-4.78749174278	-1708.48632217	
-4.79026566966	-1708.48603257	
-4.79303192316	-1708.48574421	
-4.7957905456	-1708.4854571	
-4.79854157897	-1708.48517123	
-4.80128506491	-1708.48488658	
-4.80402104473	-1708.48460315	
-4.80674955939	-1708.48432093	
-4.8094706495	-1708.48403991	
-4.81218435537	-1708.48376009	
-4.81489071697	-1708.48348146	
-4.81758977394	-1708.48320401	
-4.82028156561	-1708.48292773	
-4.82296613098	-1708.48265262	
-4.82564350875	-1708.48237866	
-4.8283137373	-1708.48210586	
-4.83097685472	-1708.4818342	
-4.83363289878	-1708.48156367	
-4.83628190695	-1708.48129428	
-4.83892391641	-1708.48102601	
-4.84155896405	-1708.48075885	
-4.84418708646	-1708.4804928	
-4.84680831994	-1708.48022786	
-4.84942270051	-1708.47996401	
-4.85203026392	-1708.47970124	
-4.85463104562	-1708.47943956	
-4.8572250808	-1708.47917895	
-4.85981240436	-1708.47891941	
-4.86239305096	-1708.47866094	
-4.86496705495	-1708.47840351	
-4.86753445046	-1708.47814714	
-4.87009527132	-1708.47789181	
-4.87264955112	-1708.47763751	
-4.8751973232	-1708.47738425	
-4.87773862063	-1708.477132	
-4.88027347623	-1708.47688078	
-4.88280192259	-1708.47663057	
-4.88532399202	-1708.47638136	
-4.88783971662	-1708.47613315	
-4.89034912822	-1708.47588593	
-4.89285225844	-1708.4756397	
-4.89534913864	-1708.47539445	
-4.89783979995	-1708.47515018	
-4.90032427328	-1708.47490688	
-4.90280258929	-1708.47466454	
-4.90527477844	-1708.47442316	
-4.90774087093	-1708.47418273	
-4.91020089677	-1708.47394325	
-4.91265488574	-1708.4737047	
-4.91510286737	-1708.4734671	
-4.91754487103	-1708.47323043	
-4.91998092583	-1708.47299468	
-4.92241106068	-1708.47275985	
-4.92483530429	-1708.47252593	
-4.92725368516	-1708.47229292	
-4.92966623156	-1708.47206082	
-4.93207297159	-1708.47182961	
-4.93447393313	-1708.4715993	
-4.93686914386	-1708.47136987	
-4.93925863125	-1708.47114133	
-4.94164242261	-1708.47091367	
-4.94402054501	-1708.47068688	
-4.94639302537	-1708.47046095	
-4.94875989038	-1708.47023589	
-4.95112116656	-1708.47001169	
-4.95347688026	-1708.46978834	
-4.9558270576	-1708.46956584	
-4.95817172456	-1708.46934418	
-4.96051090691	-1708.46912336	
-4.96284463026	-1708.46890337	
-4.96517292002	-1708.46868421	
-4.96749580144	-1708.46846588	
-4.96981329958	-1708.46824836	
-4.97212543933	-1708.46803166	
-4.97443224543	-1708.46781578	
-4.97673374242	-1708.46760069	
-4.97902995468	-1708.46738641	
-4.98132090643	-1708.46717293	
-4.98360662171	-1708.46696024	
-4.98588712441	-1708.46674834	
-4.98816243824	-1708.46653722	
-4.99043258678	-1708.46632688	
-4.99269759341	-1708.46611731	
-4.99495748138	-1708.46590852	
-4.99721227376	-1708.46570049	
-4.9994619935	-1708.46549323	
-5.00170666335	-1708.46528672	
-5.00394630595	-1708.46508097	
-5.00618094375	-1708.46487597	
-5.00841059907	-1708.46467172	
-5.0106352941	-1708.4644682	
-5.01285505083	-1708.46426543	
-5.01506989116	-1708.46406338	
-5.01727983681	-1708.46386207	
-5.01948490937	-1708.46366149	
-5.02168513028	-1708.46346162	
-5.02388052085	-1708.46326248	
-5.02607110223	-1708.46306405	
-5.02825689545	-1708.46286633	
-5.03043792139	-1708.46266931	
-5.03261420082	-1708.462473	
-5.03478575433	-1708.46227739	
-5.03695260241	-1708.46208247	
-5.03911476542	-1708.46188825	
-5.04127226356	-1708.46169471	
-5.04342511692	-1708.46150186	
-5.04557334546	-1708.46130969	
-5.047716969	-1708.46111819	
-5.04985600725	-1708.46092737	
-5.05199047978	-1708.46073722	
-5.05412040604	-1708.46054773	
-5.05624580535	-1708.46035891	
-5.05836669692	-1708.46017075	
-5.06048309982	-1708.45998325	
-5.06259503303	-1708.45979639	
-5.06470251537	-1708.45961019	
-5.06680556556	-1708.45942463	
-5.06890420222	-1708.45923972	
-5.07099844382	-1708.45905544	
-5.07308830874	-1708.4588718	
-5.07517381523	-1708.4586888	
-5.07725498144	-1708.45850642	
-5.07933182538	-1708.45832467	
-5.08140436498	-1708.45814354	
-5.08347261805	-1708.45796303	
-5.08553660227	-1708.45778314	
-5.08759633523	-1708.45760386	
-5.08965183441	-1708.4574252	
-5.09170311719	-1708.45724714	
-5.09375020081	-1708.45706968	
-5.09579310244	-1708.45689282	
-5.09783183913	-1708.45671657	
-5.09986642782	-1708.4565409	
-5.10189688537	-1708.45636583	
-5.10392322852	-1708.45619135	
-5.1059454739	-1708.45601746	
-5.10796363806	-1708.45584414	
-5.10997773743	-1708.45567141	
-5.11198778836	-1708.45549926	
-5.11399380708	-1708.45532768	
-5.11599580975	-1708.45515667	
-5.11799381242	-1708.45498623	
-5.11998783102	-1708.45481636	
-5.12197788143	-1708.45464704	
-5.1239639794	-1708.45447829	
-5.12594614061	-1708.4543101	
-5.12792438062	-1708.45414246	
-5.12989871492	-1708.45397538	
-5.13186915891	-1708.45380884	
-5.13383572788	-1708.45364285	
-5.13579843705	-1708.4534774	
-5.13775730154	-1708.45331249	
-5.13971233637	-1708.45314813	
-5.1416635565	-1708.4529843	
-5.14361097679	-1708.452821	
-5.145554612	-1708.45265823	
-5.14749447681	-1708.45249599	
-5.14943058584	-1708.45233428	
-5.15136295359	-1708.45217309	
-5.1532915945	-1708.45201242	
-5.15521652291	-1708.45185227	
-5.15713775309	-1708.45169263	
-5.15905529921	-1708.45153351	
-5.1609691754	-1708.4513749	
-5.16287939565	-1708.45121679	
-5.16478597392	-1708.45105919	
-5.16668892407	-1708.4509021	
-5.16858825987	-1708.4507455	
-5.17048399504	-1708.4505894	
-5.17237614319	-1708.4504338	
-5.17426471788	-1708.4502787	
-5.17614973257	-1708.45012408	
-5.17803120067	-1708.44996996	
-5.1799091355	-1708.44981632	
-5.18178355029	-1708.44966316	
-5.18365445823	-1708.44951049	
-5.1855218724	-1708.4493583	
-5.18738580584	-1708.44920658	
-5.18924627149	-1708.44905534	
-5.19110328224	-1708.44890457	
-5.19295685089	-1708.44875428	
-5.19480699018	-1708.44860445	
-5.19665371277	-1708.44845509	
-5.19849703127	-1708.44830619	
-5.20033695819	-1708.44815776	
-5.202173506	-1708.44800979	
-5.20400668708	-1708.44786227	
-5.20583651375	-1708.44771521	
-5.20766299828	-1708.4475686	
-5.20948615284	-1708.44742245	
-5.21130598956	-1708.44727674	
-5.21312252048	-1708.44713148	
-5.21493575761	-1708.44698667	
-5.21674571285	-1708.4468423	
-5.21855239808	-1708.44669837	
-5.22035582508	-1708.44655489	
-5.22215600558	-1708.44641183	
-5.22395295126	-1708.44626922	
-5.22574667371	-1708.44612704	
-5.22753718449	-1708.44598528	
-5.22932449506	-1708.44584396	
-5.23110861685	-1708.44570307	
-5.23288956123	-1708.4455626	
-5.23466733947	-1708.44542255	
-5.23644196283	-1708.44528293	
-5.23821344248	-1708.44514373	
-5.23998178954	-1708.44500494	
-5.24174701506	-1708.44486657	
-5.24350913005	-1708.44472861	
-5.24526814546	-1708.44459107	
-5.24702407216	-1708.44445394	
-5.24877692099	-1708.44431721	
-5.25052670271	-1708.4441809	
-5.25227342805	-1708.44404498	
-5.25401710765	-1708.44390947	
-5.25575775213	-1708.44377436	
-5.25749537203	-1708.44363966	
-5.25922997784	-1708.44350535	
-5.26096158	-1708.44337143	
-5.2626901889	-1708.44323791	
-5.26441581487	-1708.44310478	
-5.26613846818	-1708.44297205	
-5.26785815906	-1708.4428397	
-5.26957489768	-1708.44270774	
-5.27128869416	-1708.44257616	
-5.27299955856	-1708.44244497	
-5.27470750091	-1708.44231417	
-5.27641253116	-1708.44218374	
-5.27811465923	-1708.44205369	
-5.27981389498	-1708.44192402	
-5.28151024823	-1708.44179472	
-5.28320372874	-1708.4416658	
-5.28489434622	-1708.44153725	
-5.28658211033	-1708.44140908	
-5.28826703069	-1708.44128127	
-5.28994911688	-1708.44115383	
-5.2916283784	-1708.44102675	
-5.29330482472	-1708.44090004	
-5.29497846528	-1708.4407737	
-5.29664930945	-1708.44064771	
-5.29831736655	-1708.44052209	
-5.29998264587	-1708.44039682	
-5.30164515664	-1708.44027191	
-5.30330490806	-1708.44014735	
-5.30496190927	-1708.44002315	
-5.30661616936	-1708.4398993	
-5.3082676974	-1708.43977581	
-5.30991650239	-1708.43965266	
-5.3115625933	-1708.43952986	
-5.31320597904	-1708.4394074	
-5.3148466685	-1708.43928529	
-5.3164846705	-1708.43916353	
-5.31811999384	-1708.4390421	
-5.31975264727	-1708.43892102	
-5.32138263948	-1708.43880027	
-5.32300997914	-1708.43867987	
-5.32463467487	-1708.4385598	
-5.32625673524	-1708.43844006	
-5.32787616879	-1708.43832066	
-5.32949298402	-1708.43820159	
-5.33110718937	-1708.43808285	
-5.33271879327	-1708.43796444	
-5.33432780407	-1708.43784635	
-5.33593423012	-1708.4377286	
-5.3375380797	-1708.43761117	
-5.33913936107	-1708.43749406	
-5.34073808243	-1708.43737728	
-5.34233425196	-1708.43726082	
-5.3439278778	-1708.43714467	
-5.34551896803	-1708.43702885	
-5.34710753072	-1708.43691334	
-5.34869357387	-1708.43679815	
-5.35027710548	-1708.43668327	
-5.35185813348	-1708.43656871	
-5.35343666577	-1708.43645446	
-5.35501271022	-1708.43634052	
-5.35658627467	-1708.43622689	
-5.3581573669	-1708.43611357	
-5.35972599468	-1708.43600055	
-5.36129216571	-1708.43588785	
-5.36285588769	-1708.43577544	
-5.36441716825	-1708.43566334	
-5.36597601502	-1708.43555154	
-5.36753243557	-1708.43544004	
-5.36908643744	-1708.43532885	
-5.37063802813	-1708.43521795	
-5.37218721511	-1708.43510734	
-5.37373400583	-1708.43499704	
-5.37527840768	-1708.43488703	
-5.37682042804	-1708.43477731	
-5.37836007422	-1708.43466788	
-5.37989735354	-1708.43455875	
-5.38143227326	-1708.43444991	
-5.38296484061	-1708.43434135	
-5.38449506279	-1708.43423308	
-5.38602294697	-1708.43412511	
-5.38754850028	-1708.43401741	
-5.38907172982	-1708.43391	
-5.39059264266	-1708.43380288	
-5.39211124583	-1708.43369603	
-5.39362754635	-1708.43358947	
-5.39514155118	-1708.43348319	
-5.39665326727	-1708.43337718	
-5.39816270152	-1708.43327146	
-5.39966986081	-1708.43316601	
-5.40117475199	-1708.43306084	
-5.40267738187	-1708.43295594	
-5.40417775725	-1708.43285131	
-5.40567588487	-1708.43274696	
-5.40717177146	-1708.43264288	
-5.40866542372	-1708.43253907	
-5.4101568483	-1708.43243552	
-5.41164605186	-1708.43233225	
-5.41313304098	-1708.43222924	
-5.41461782224	-1708.4321265	
-5.4161004022	-1708.43202403	
-5.41758078737	-1708.43192182	
-5.41905898424	-1708.43181987	
-5.42053499927	-1708.43171819	
-5.42200883889	-1708.43161676	
-5.4234805095	-1708.4315156	
-5.42495001748	-1708.43141469	
-5.42641736918	-1708.43131404	
-5.4278825709	-1708.43121365	
-5.42934562895	-1708.43111352	
-5.43080654959	-1708.43101364	
-5.43226533906	-1708.43091401	
-5.43372200355	-1708.43081464	
-5.43517654927	-1708.43071552	
-5.43662898235	-1708.43061666	
-5.43807930892	-1708.43051804	
-5.4395275351	-1708.43041967	
-5.44097366695	-1708.43032155	
-5.44241771052	-1708.43022368	
-5.44385967184	-1708.43012605	
-5.4452995569	-1708.43002867	
-5.44673737167	-1708.42993153	
-5.44817312209	-1708.42983464	
-5.44960681409	-1708.42973799	
-5.45103845357	-1708.42964159	
-5.45246804638	-1708.42954542	
-5.45389559837	-1708.42944949	
-5.45532111536	-1708.42935381	
-5.45674460314	-1708.42925836	
-5.45816606749	-1708.42916315	
-5.45958551414	-1708.42906817	
-5.46100294883	-1708.42897343	
-5.46241837723	-1708.42887893	
-5.46383180503	-1708.42878466	
-5.46524323786	-1708.42869062	
-5.46665268137	-1708.42859682	
-5.46806014114	-1708.42850324	
-5.46946562274	-1708.4284099	
-5.47086913175	-1708.42831679	
-5.47227067367	-1708.4282239	
-5.47367025403	-1708.42813125	
-5.47506787829	-1708.42803882	
-5.47646355193	-1708.42794661	
-5.47785728038	-1708.42785464	
-5.47924906905	-1708.42776288	
-5.48063892334	-1708.42767135	
-5.48202684862	-1708.42758005	
-5.48341285022	-1708.42748896	
-5.48479693349	-1708.4273981	
-5.48617910372	-1708.42730746	
-5.48755936619	-1708.42721704	
-5.48893772616	-1708.42712683	
-5.49031418887	-1708.42703685	
-5.49168875953	-1708.42694708	
-5.49306144334	-1708.42685753	
-5.49443224547	-1708.42676819	
-5.49580117108	-1708.42667907	
-5.49716822529	-1708.42659017	
-5.49853341322	-1708.42650147	
-5.49989673995	-1708.42641299	
-5.50125821054	-1708.42632473	
-5.50261783006	-1708.42623667	
-5.50397560352	-1708.42614882	
-5.50533153593	-1708.42606119	
-5.50668563228	-1708.42597376	
-5.50803789753	-1708.42588654	
-5.50938833663	-1708.42579953	
-5.5107369545	-1708.42571272	
-5.51208375605	-1708.42562612	
-5.51342874616	-1708.42553973	
-5.51477192971	-1708.42545354	
-5.51611331154	-1708.42536755	
-5.51745289646	-1708.42528177	
-5.51879068931	-1708.42519619	
-5.52012669485	-1708.42511081	
-5.52146091786	-1708.42502563	
-5.5227933631	-1708.42494065	
-5.52412403528	-1708.42485588	
-5.52545293913	-1708.4247713	
-5.52678007934	-1708.42468691	
-5.52810546058	-1708.42460273	
-5.52942908751	-1708.42451874	
-5.53075096477	-1708.42443495	
-5.53207109697	-1708.42435136	
-5.53338948873	-1708.42426796	
-5.53470614461	-1708.42418475	
-5.53602106919	-1708.42410173	
-5.53733426702	-1708.42401891	
-5.53864574262	-1708.42393628	
-5.5399555005	-1708.42385385	
-5.54126354516	-1708.4237716	
-5.54256988107	-1708.42368954	
-5.5438745127	-1708.42360767	
-5.54517744448	-1708.42352599	
-5.54647868084	-1708.4234445	
-5.54777822618	-1708.4233632	
-5.5490760849	-1708.42328208	
-5.55037226136	-1708.42320115	
-5.55166675992	-1708.4231204	
-5.55295958492	-1708.42303984	
-5.55425074069	-1708.42295947	
-5.55554023152	-1708.42287927	
-5.5568280617	-1708.42279926	
-5.55811423551	-1708.42271944	
-5.5593987572	-1708.42263979	
-5.56068163102	-1708.42256032	
-5.56196286117	-1708.42248104	
-5.56324245188	-1708.42240193	
-5.56452040732	-1708.42232301	
-5.56579673168	-1708.42224426	
-5.56707142911	-1708.42216569	
-5.56834450376	-1708.4220873	
-5.56961595975	-1708.42200909	
-5.57088580119	-1708.42193105	
-5.57215403218	-1708.42185318	
-5.57342065679	-1708.42177549	
-5.5746856791	-1708.42169798	
-5.57594910315	-1708.42162064	
-5.57721093297	-1708.42154347	
-5.57847117258	-1708.42146648	
-5.57972982599	-1708.42138966	
-5.58098689718	-1708.42131301	
-5.58224239012	-1708.42123653	
-5.58349630878	-1708.42116022	
-5.5847486571	-1708.42108408	
-5.585999439	-1708.42100811	
-5.5872486584	-1708.42093231	
-5.5884963192	-1708.42085667	
-5.58974242528	-1708.42078121	
-5.59098698051	-1708.42070591	
-5.59222998875	-1708.42063078	
-5.59347145384	-1708.42055581	
-5.5947113796	-1708.42048101	
-5.59594976985	-1708.42040637	
-5.59718662839	-1708.4203319	
-5.598421959	-1708.42025759	
-5.59965576545	-1708.42018345	
-5.60088805149	-1708.42010947	
-5.60211882088	-1708.42003564	
-5.60334807733	-1708.41996199	
-5.60457582457	-1708.41988849	
-5.6058020663	-1708.41981515	
-5.60702680619	-1708.41974197	
-5.60825004793	-1708.41966896	
-5.60947179518	-1708.4195961	
-5.61069205159	-1708.4195234	
-5.61191082078	-1708.41945085	
-5.61312810639	-1708.41937847	
-5.61434391201	-1708.41930624	
-5.61555824124	-1708.41923417	
-5.61677109767	-1708.41916225	
-5.61798248485	-1708.41909049	
-5.61919240636	-1708.41901888	
-5.62040086572	-1708.41894743	
-5.62160786647	-1708.41887614	
-5.62281341212	-1708.41880499	
-5.62401750619	-1708.418734	
-5.62522015215	-1708.41866316	
-5.6264213535	-1708.41859247	
-5.62762111369	-1708.41852194	
-5.62881943618	-1708.41845155	
-5.63001632442	-1708.41838132	
-5.63121178182	-1708.41831123	
-5.63240581181	-1708.4182413	
-5.6335984178	-1708.41817151	
-5.63478960317	-1708.41810188	
-5.6359793713	-1708.41803239	
-5.63716772557	-1708.41796304	
-5.63835466933	-1708.41789385	
-5.63954020593	-1708.4178248	
-5.64072433869	-1708.4177559	
-5.64190707094	-1708.41768714	
-5.64308840598	-1708.41761853	
-5.64426834712	-1708.41755007	
-5.64544689764	-1708.41748174	
-5.64662406082	-1708.41741357	
-5.64779983991	-1708.41734553	
-5.64897423816	-1708.41727764	
-5.65014725882	-1708.41720989	
-5.65131890512	-1708.41714228	
-5.65248918027	-1708.41707482	
-5.65365808747	-1708.41700749	
-5.65482562993	-1708.41694031	
-5.65599181082	-1708.41687327	
-5.65715663332	-1708.41680636	
-5.65832010058	-1708.4167396	
-5.65948221576	-1708.41667297	
-5.660642982	-1708.41660649	
-5.66180240242	-1708.41654014	
-5.66296048014	-1708.41647393	
-5.66411721826	-1708.41640786	
-5.66527261989	-1708.41634192	
-5.66642668811	-1708.41627612	
-5.66757942599	-1708.41621045	
-5.6687308366	-1708.41614493	
-5.66988092298	-1708.41607953	
-5.67102968818	-1708.41601427	
-5.67217713524	-1708.41594915	
-5.67332326717	-1708.41588416	
-5.67446808699	-1708.4158193	
-5.67561159769	-1708.41575458	
-5.67675380227	-1708.41568999	
-5.6778947037	-1708.41562553	
-5.67903430497	-1708.4155612	
-5.68017260902	-1708.415497	
-5.6813096188	-1708.41543294	
-5.68244533727	-1708.41536901	
-5.68357976734	-1708.4153052	
-5.68471291194	-1708.41524153	
-5.68584477397	-1708.41517798	
-5.68697535634	-1708.41511457	
-5.68810466194	-1708.41505128	
-5.68923269364	-1708.41498812	
-5.69035945432	-1708.41492509	
-5.69148494685	-1708.41486219	
-5.69260917406	-1708.41479941	
-5.6937321388	-1708.41473676	
-5.69485384391	-1708.41467424	
-5.69597429221	-1708.41461184	
-5.69709348651	-1708.41454957	
-5.69821142961	-1708.41448743	
-5.69932812431	-1708.41442541	
-5.70044357339	-1708.41436351	
-5.70155777963	-1708.41430174	
-5.7026707458	-1708.41424009	
-5.70378247466	-1708.41417856	
-5.70489296894	-1708.41411716	
-5.70600223139	-1708.41405588	
-5.70711026475	-1708.41399472	
-5.70821707172	-1708.41393368	
-5.70932265503	-1708.41387277	
-5.71042701737	-1708.41381198	
-5.71153016145	-1708.4137513	
-5.71263208993	-1708.41369075	
-5.71373280551	-1708.41363032	
-5.71483231084	-1708.41357001	
-5.71593060859	-1708.41350981	
-5.71702770141	-1708.41344974	
-5.71812359193	-1708.41338978	
-5.71921828279	-1708.41332995	
-5.72031177661	-1708.41327023	
-5.72140407601	-1708.41321062	
-5.72249518359	-1708.41315114	
-5.72358510195	-1708.41309177	
-5.72467383369	-1708.41303252	
-5.72576138137	-1708.41297339	
-5.72684774759	-1708.41291437	
-5.72793293489	-1708.41285546	
-5.72901694583	-1708.41279668	
-5.73009978297	-1708.412738	
-5.73118144884	-1708.41267944	
-5.73226194598	-1708.412621	
-5.7333412769	-1708.41256267	
-5.73441944412	-1708.41250445	
-5.73549645015	-1708.41244635	
-5.73657229748	-1708.41238836	
-5.73764698861	-1708.41233048	
-5.73872052602	-1708.41227271	
-5.73979291218	-1708.41221506	
-5.74086414956	-1708.41215751	
-5.74193424062	-1708.41210008	
-5.74300318781	-1708.41204276	
-5.74407099357	-1708.41198555	
-5.74513766034	-1708.41192845	
-5.74620319054	-1708.41187146	
-5.7472675866	-1708.41181458	
-5.74833085092	-1708.41175781	
-5.74939298591	-1708.41170115	
-5.75045399397	-1708.41164459	
-5.75151387748	-1708.41158815	
-5.75257263883	-1708.41153181	
-5.75363028038	-1708.41147558	
-5.75468680452	-1708.41141946	
-5.75574221359	-1708.41136344	
-5.75679650994	-1708.41130754	
-5.75784969593	-1708.41125173	
-5.75890177388	-1708.41119604	
-5.75995274612	-1708.41114045	
-5.76100261499	-1708.41108497	
-5.76205138278	-1708.41102959	
-5.76309905181	-1708.41097431	
-5.76414562438	-1708.41091915	
-5.76519110278	-1708.41086408	
-5.7662354893	-1708.41080912	
-5.76727878622	-1708.41075427	
-5.76832099579	-1708.41069951	
-5.7693621203	-1708.41064486	
-5.770402162	-1708.41059032	
-5.77144112313	-1708.41053587	
-5.77247900594	-1708.41048153	
-5.77351581267	-1708.41042729	
-5.77455154554	-1708.41037315	
-5.77558620679	-1708.41031912	
-5.77661979861	-1708.41026518	
-5.77765232322	-1708.41021135	
-5.77868378283	-1708.41015762	
-5.77971417962	-1708.41010398	
-5.78074351579	-1708.41005045	
-5.78177179352	-1708.40999702	
-5.78279901497	-1708.40994368	
-5.78382518233	-1708.40989045	
-5.78485029774	-1708.40983732	
-5.78587436337	-1708.40978428	
-5.78689738137	-1708.40973134	
-5.78791935386	-1708.4096785	
-5.788940283	-1708.40962576	
-5.7899601709	-1708.40957311	
-5.79097901969	-1708.40952057	
-5.79199683148	-1708.40946812	
-5.79301360838	-1708.40941576	
-5.7940293525	-1708.40936351	
-5.79504406593	-1708.40931135	
-5.79605775077	-1708.40925928	
-5.79707040908	-1708.40920731	
-5.79808204295	-1708.40915544	
-5.79909265446	-1708.40910366	
-5.80010224566	-1708.40905198	
-5.80111081862	-1708.40900039	
-5.80211837538	-1708.4089489	
-5.80312491799	-1708.4088975	
-5.80413044849	-1708.40884619	
-5.80513496892	-1708.40879498	
-5.80613848129	-1708.40874386	
-5.80714098764	-1708.40869283	
-5.80814248998	-1708.4086419	
-5.80914299031	-1708.40859106	
