# log_p 	 lnL 	 
0.0	-1920.86797441	
-0.287682072452	-1920.85195941	
-0.510825623766	-1920.83067977	
-0.69314718056	-1920.80444715	
-0.847297860387	-1920.77362801	
-0.980829253012	-1920.73883107	
-1.09861228867	-1920.70079287	
-1.20397280433	-1920.66025221	
-1.29928298413	-1920.61787868	
-1.38629436112	-1920.5742453	
-1.46633706879	-1920.52982594	
-1.54044504095	-1920.48500414	
-1.60943791243	-1920.44008579	
-1.67397643357	-1920.39531219	
-1.73460105539	-1920.35087177	
-1.79175946923	-1920.30691023	
-1.8458266905	-1920.2635389	
-1.89711998489	-1920.22084152	
-1.94591014906	-1920.17887982	
-1.99243016469	-1920.1376979	
-2.03688192726	-1920.09732583	
-2.07944154168	-1920.05778251	
-2.1202635362	-1920.01907794	
-2.15948424935	-1919.9812151	
-2.19722457734	-1919.94419138	
-2.23359222151	-1919.90799986	
-2.26868354132	-1919.87263019	
-2.30258509299	-1919.83806944	
-2.33537491582	-1919.80430269	
-2.36712361413	-1919.77131352	
-2.3978952728	-1919.7390845	
-2.42774823595	-1919.70759743	
-2.45673577282	-1919.67683366	
-2.48490664979	-1919.6467743	
-2.51230562398	-1919.61740036	
-2.53897387106	-1919.58869293	
-2.56494935746	-1919.56063328	
-2.59026716545	-1919.53320289	
-2.61495977804	-1919.50638362	
-2.63905732962	-1919.48015764	
-2.66258782703	-1919.45450757	
-2.68557734525	-1919.42941645	
-2.7080502011	-1919.40486777	
-2.73002910782	-1919.38084548	
-2.75153531304	-1919.35733403	
-2.77258872224	-1919.33431832	
-2.79320800944	-1919.31178372	
-2.81341071676	-1919.28971609	
-2.83321334406	-1919.26810173	
-2.85263142991	-1919.2469274	
-2.87167962488	-1919.2261803	
-2.8903717579	-1919.20584807	
-2.90872089656	-1919.18591878	
-2.92673940207	-1919.16638087	
-2.94443897917	-1919.14722321	
-2.96183072188	-1919.12843505	
-2.97892515524	-1919.110006	
-2.99573227355	-1919.09192603	
-3.01226157551	-1919.07418547	
-3.02852209638	-1919.05677495	
-3.04452243772	-1919.03968545	
-3.06027079469	-1919.02290827	
-3.07577498123	-1919.00643496	
-3.09104245336	-1918.99025741	
-3.10608033072	-1918.97436776	
-3.12089541651	-1918.95875841	
-3.13549421593	-1918.94342203	
-3.14988295338	-1918.92835153	
-3.16406758837	-1918.91354005	
-3.17805383035	-1918.89898096	
-3.19184715248	-1918.88466787	
-3.20545280454	-1918.87059457	
-3.21887582487	-1918.85675507	
-3.23212105162	-1918.84314356	
-3.24519313319	-1918.82975444	
-3.25809653802	-1918.81658226	
-3.2708355638	-1918.80362176	
-3.28341434601	-1918.79086786	
-3.295836866	-1918.77831562	
-3.3081069586	-1918.76596026	
-3.32022831913	-1918.75379714	
-3.33220451018	-1918.74182178	
-3.34403896782	-1918.73002982	
-3.35573500759	-1918.71841706	
-3.36729582999	-1918.70697939	
-3.37872452581	-1918.69571285	
-3.39002408106	-1918.68461359	
-3.40119738166	-1918.67367787	
-3.41224721785	-1918.66290208	
-3.42317628838	-1918.65228268	
-3.43398720449	-1918.64181627	
-3.4446824936	-1918.63149952	
-3.45526460293	-1918.62132922	
-3.4657359028	-1918.61130223	
-3.47609868984	-1918.60141551	
-3.48635519	-1918.5916661	
-3.49650756147	-1918.58205114	
-3.50655789732	-1918.57256782	
-3.51650822817	-1918.56321342	
-3.52636052462	-1918.55398531	
-3.53611669956	-1918.54488092	
-3.54577861047	-1918.53589774	
-3.55534806149	-1918.52703334	
-3.56482680544	-1918.51828535	
-3.57421654579	-1918.50965147	
-3.58351893846	-1918.50112945	
-3.59273559356	-1918.49271709	
-3.60186807712	-1918.48441228	
-3.61091791264	-1918.47621294	
-3.61988658263	-1918.46811705	
-3.62877553004	-1918.46012264	
-3.63758615973	-1918.45222778	
-3.6463198397	-1918.44443061	
-3.65497790244	-1918.4367293	
-3.66356164613	-1918.42912208	
-3.6720723358	-1918.4216072	
-3.68051120444	-1918.41418298	
-3.68887945411	-1918.40684776	
-3.69717825693	-1918.39959994	
-3.70540875607	-1918.39243795	
-3.7135720667	-1918.38536024	
-3.72166927694	-1918.37836532	
-3.72970144863	-1918.37145173	
-3.73766961828	-1918.36461804	
-3.74557479779	-1918.35786286	
-3.75341797525	-1918.35118483	
-3.76120011569	-1918.34458261	
-3.76892216179	-1918.3380549	
-3.77658503453	-1918.33160045	
-3.78418963392	-1918.325218	
-3.79173683955	-1918.31890634	
-3.79922751128	-1918.31266429	
-3.80666248977	-1918.30649069	
-3.81404259707	-1918.30038441	
-3.82136863716	-1918.29434433	
-3.82864139649	-1918.28836938	
-3.83586164446	-1918.2824585	
-3.84303013394	-1918.27661064	
-3.85014760171	-1918.27082479	
-3.85721476893	-1918.26509997	
-3.86423234159	-1918.25943519	
-3.87120101091	-1918.25382951	
-3.87812145375	-1918.24828201	
-3.88499433304	-1918.24279175	
-3.89182029811	-1918.23735787	
-3.8985999851	-1918.23197948	
-3.90533401728	-1918.22665572	
-3.91202300543	-1918.22138576	
-3.91866754815	-1918.21616878	
-3.92526823218	-1918.21100398	
-3.93182563272	-1918.20589057	
-3.93834031375	-1918.20082777	
-3.94481282825	-1918.19581483	
-3.95124371858	-1918.19085101	
-3.95763351668	-1918.18593559	
-3.96398274436	-1918.18106785	
-3.97029191355	-1918.17624709	
-3.97656152657	-1918.17147263	
-3.98279207632	-1918.16674381	
-3.98898404656	-1918.16205995	
-3.99513791214	-1918.15742042	
-4.00125413916	-1918.15282458	
-4.00733318523	-1918.14827182	
-4.01337549969	-1918.14376152	
-4.01938152375	-1918.13929309	
-4.02535169074	-1918.13486594	
-4.03128642625	-1918.1304795	
-4.03718614838	-1918.12613319	
-4.04305126783	-1918.12182648	
-4.04888218815	-1918.11755881	
-4.05467930583	-1918.11332964	
-4.06044301055	-1918.10913847	
-4.06617368526	-1918.10498477	
-4.07187170637	-1918.10086803	
-4.07753744391	-1918.09678776	
-4.08317126162	-1918.09274348	
-4.08877351717	-1918.0887347	
-4.09434456222	-1918.08476096	
-4.0998847426	-1918.0808218	
-4.10539439841	-1918.07691675	
-4.11087386417	-1918.07304538	
-4.11632346894	-1918.06920725	
-4.12174353641	-1918.06540192	
-4.12713438505	-1918.06162898	
-4.13249632819	-1918.05788801	
-4.13782967416	-1918.0541786	
-4.14313472639	-1918.05050035	
-4.14841178349	-1918.04685286	
-4.15366113938	-1918.04323576	
-4.15888308336	-1918.03964865	
-4.16407790024	-1918.03609116	
-4.1692458704	-1918.03256292	
-4.1743872699	-1918.02906358	
-4.17950237056	-1918.02559277	
-4.18459144007	-1918.02215015	
-4.18965474203	-1918.01873536	
-4.19469253606	-1918.01534808	
-4.19970507788	-1918.01198796	
-4.20469261939	-1918.00865468	
-4.20965540873	-1918.00534792	
-4.21459369037	-1918.00206735	
-4.21950770518	-1917.99881267	
-4.22439769047	-1917.99558357	
-4.22926388012	-1917.99237974	
-4.2341065046	-1917.98920089	
-4.23892579103	-1917.98604672	
-4.2437219633	-1917.98291695	
-4.24849524205	-1917.97981129	
-4.25324584481	-1917.97672946	
-4.257973986	-1917.97367119	
-4.26267987704	-1917.97063621	
-4.26736372635	-1917.96762424	
-4.27202573946	-1917.96463502	
-4.27666611902	-1917.96166831	
-4.28128506487	-1917.95872383	
-4.28588277412	-1917.95580135	
-4.29045944115	-1917.95290061	
-4.29501525768	-1917.95002137	
-4.29955041285	-1917.94716339	
-4.3040650932	-1917.94432643	
-4.30855948279	-1917.94151027	
-4.31303376319	-1917.93871466	
-4.31748811354	-1917.9359394	
-4.3219227106	-1917.93318424	
-4.32633772881	-1917.93044898	
-4.33073334029	-1917.9277334	
-4.33510971489	-1917.92503728	
-4.33946702026	-1917.92236042	
-4.34380542185	-1917.9197026	
-4.348125083	-1917.91706363	
-4.3524261649	-1917.9144433	
-4.35670882669	-1917.91184142	
-4.36097322548	-1917.90925778	
-4.36521951636	-1917.9066922	
-4.36944785247	-1917.90414449	
-4.373658385	-1917.90161446	
-4.37785126326	-1917.89910192	
-4.38202663467	-1917.8966067	
-4.38618464482	-1917.89412861	
-4.39032543749	-1917.89166748	
-4.39444915467	-1917.88922313	
-4.39855593663	-1917.88679539	
-4.40264592188	-1917.88438409	
-4.40671924726	-1917.88198906	
-4.41077604796	-1917.87961014	
-4.4148164575	-1917.87724716	
-4.4188406078	-1917.87489997	
-4.42284862919	-1917.8725684	
-4.42684065046	-1917.87025231	
-4.43081679884	-1917.86795152	
-4.43477720006	-1917.8656659	
-4.43872197835	-1917.8633953	
-4.44265125649	-1917.86113955	
-4.44656515581	-1917.85889852	
-4.45046379623	-1917.85667207	
-4.45434729625	-1917.85446005	
-4.45821577303	-1917.85226231	
-4.46206934235	-1917.85007873	
-4.46590811865	-1917.84790916	
-4.46973221509	-1917.84575347	
-4.47354174351	-1917.84361153	
-4.47733681448	-1917.8414832	
-4.48111753732	-1917.83936835	
-4.48488402011	-1917.83726686	
-4.48863636973	-1917.8351786	
-4.49237469184	-1917.83310344	
-4.49609909093	-1917.83104126	
-4.49980967033	-1917.82899194	
-4.50350653221	-1917.82695535	
-4.50718977763	-1917.82493138	
-4.51085950652	-1917.82291991	
-4.51451581772	-1917.82092083	
-4.518158809	-1917.81893402	
-4.52178857705	-1917.81695936	
-4.52540521752	-1917.81499675	
-4.52900882502	-1917.81304607	
-4.53259949315	-1917.81110722	
-4.5361773145	-1917.80918009	
-4.53974238067	-1917.80726456	
-4.54329478227	-1917.80536055	
-4.54683460898	-1917.80346793	
-4.55036194949	-1917.80158662	
-4.5538768916	-1917.7997165	
-4.55737952215	-1917.79785748	
-4.56086992709	-1917.79600946	
-4.56434819147	-1917.79417234	
-4.56781439944	-1917.79234603	
-4.57126863431	-1917.79053042	
-4.5747109785	-1917.78872543	
-4.5781415136	-1917.78693096	
-4.58156032035	-1917.78514692	
-4.58496747867	-1917.78337322	
-4.58836306767	-1917.78160977	
-4.59174716566	-1917.77985648	
-4.59511985013	-1917.77811325	
-4.59848119784	-1917.77638001	
-4.60183128472	-1917.77465668	
-4.60517018599	-1917.77294315	
-4.60849797608	-1917.77123935	
-4.61181472871	-1917.7695452	
-4.61512051684	-1917.76786062	
-4.61841541274	-1917.76618552	
-4.62169948794	-1917.76451982	
-4.62497281328	-1917.76286344	
-4.62823545892	-1917.76121631	
-4.63148749431	-1917.75957835	
-4.63472898823	-1917.75794948	
-4.63796000881	-1917.75632963	
-4.64118062351	-1917.75471872	
-4.64439089914	-1917.75311667	
-4.64759090187	-1917.75152341	
-4.65078069724	-1917.74993888	
-4.65396035016	-1917.748363	
-4.65712992492	-1917.74679569	
-4.66028948521	-1917.74523689	
-4.66343909411	-1917.74368653	
-4.66657881412	-1917.74214454	
-4.66970870713	-1917.74061085	
-4.67282883446	-1917.7390854	
-4.67593925688	-1917.73756812	
-4.67904003455	-1917.73605894	
-4.68213122712	-1917.73455779	
-4.68521289366	-1917.73306462	
-4.6882850927	-1917.73157936	
-4.69134788223	-1917.73010195	
-4.69440131972	-1917.72863232	
-4.6974454621	-1917.72717041	
-4.70048036579	-1917.72571617	
-4.70350608671	-1917.72426953	
-4.70652268025	-1917.72283043	
-4.70953020131	-1917.72139881	
-4.71252870431	-1917.71997462	
-4.71551824316	-1917.7185578	
-4.7184988713	-1917.71714828	
-4.72147064168	-1917.71574602	
-4.72443360681	-1917.71435096	
-4.72738781871	-1917.71296304	
-4.73033332894	-1917.7115822	
-4.73327018862	-1917.7102084	
-4.73619844839	-1917.70884157	
-4.7391181585	-1917.70748167	
-4.74202936871	-1917.70612864	
-4.74493212836	-1917.70478244	
-4.74782648639	-1917.703443	
-4.75071249128	-1917.70211028	
-4.75359019111	-1917.70078422	
-4.75645963353	-1917.69946479	
-4.75932086582	-1917.69815192	
-4.7621739348	-1917.69684557	
-4.76501888693	-1917.69554569	
-4.76785576827	-1917.69425223	
-4.77068462447	-1917.69296514	
-4.77350550081	-1917.69168439	
-4.77631844218	-1917.69040991	
-4.77912349311	-1917.68914167	
-4.78192069773	-1917.68787961	
-4.78471009982	-1917.6866237	
-4.78749174278	-1917.68537389	
-4.79026566966	-1917.68413012	
-4.79303192316	-1917.68289237	
-4.7957905456	-1917.68166059	
-4.79854157897	-1917.68043473	
-4.80128506491	-1917.67921474	
-4.80402104473	-1917.6780006	
-4.80674955939	-1917.67679225	
-4.8094706495	-1917.67558966	
-4.81218435537	-1917.67439278	
-4.81489071697	-1917.67320157	
-4.81758977394	-1917.67201599	
-4.82028156561	-1917.67083601	
-4.82296613098	-1917.66966157	
-4.82564350875	-1917.66849265	
-4.8283137373	-1917.66732921	
-4.83097685472	-1917.6661712	
-4.83363289878	-1917.66501859	
-4.83628190695	-1917.66387134	
-4.83892391641	-1917.66272941	
-4.84155896405	-1917.66159277	
-4.84418708646	-1917.66046137	
-4.84680831994	-1917.65933519	
-4.84942270051	-1917.65821419	
-4.85203026392	-1917.65709832	
-4.85463104562	-1917.65598756	
-4.8572250808	-1917.65488187	
-4.85981240436	-1917.65378122	
-4.86239305096	-1917.65268557	
-4.86496705495	-1917.65159488	
-4.86753445046	-1917.65050913	
-4.87009527132	-1917.64942828	
-4.87264955112	-1917.64835229	
-4.8751973232	-1917.64728114	
-4.87773862063	-1917.64621479	
-4.88027347623	-1917.64515321	
-4.88280192259	-1917.64409636	
-4.88532399202	-1917.64304422	
-4.88783971662	-1917.64199675	
-4.89034912822	-1917.64095393	
-4.89285225844	-1917.63991571	
-4.89534913864	-1917.63888208	
-4.89783979995	-1917.637853	
-4.90032427328	-1917.63682844	
-4.90280258929	-1917.63580837	
-4.90527477844	-1917.63479276	
-4.90774087093	-1917.63378158	
-4.91020089677	-1917.63277481	
-4.91265488574	-1917.63177241	
-4.91510286737	-1917.63077435	
-4.91754487103	-1917.62978062	
-4.91998092583	-1917.62879117	
-4.92241106068	-1917.62780598	
-4.92483530429	-1917.62682503	
-4.92725368516	-1917.62584829	
-4.92966623156	-1917.62487572	
-4.93207297159	-1917.62390731	
-4.93447393313	-1917.62294302	
-4.93686914386	-1917.62198283	
-4.93925863125	-1917.62102672	
-4.94164242261	-1917.62007466	
-4.94402054501	-1917.61912661	
-4.94639302537	-1917.61818256	
-4.94875989038	-1917.61724249	
-4.95112116656	-1917.61630636	
-4.95347688026	-1917.61537415	
-4.9558270576	-1917.61444584	
-4.95817172456	-1917.6135214	
-4.96051090691	-1917.61260081	
-4.96284463026	-1917.61168404	
-4.96517292002	-1917.61077107	
-4.96749580144	-1917.60986188	
-4.96981329958	-1917.60895645	
-4.97212543933	-1917.60805474	
-4.97443224543	-1917.60715674	
-4.97673374242	-1917.60626242	
-4.97902995468	-1917.60537176	
-4.98132090643	-1917.60448475	
-4.98360662171	-1917.60360134	
-4.98588712441	-1917.60272154	
-4.98816243824	-1917.6018453	
-4.99043258678	-1917.60097262	
-4.99269759341	-1917.60010347	
-4.99495748138	-1917.59923782	
-4.99721227376	-1917.59837566	
-4.9994619935	-1917.59751696	
-5.00170666335	-1917.59666171	
-5.00394630595	-1917.59580988	
-5.00618094375	-1917.59496146	
-5.00841059907	-1917.59411642	
-5.0106352941	-1917.59327474	
-5.01285505083	-1917.5924364	
-5.01506989116	-1917.59160139	
-5.01727983681	-1917.59076968	
-5.01948490937	-1917.58994125	
-5.02168513028	-1917.58911609	
-5.02388052085	-1917.58829417	
-5.02607110223	-1917.58747547	
-5.02825689545	-1917.58665998	
-5.03043792139	-1917.58584768	
-5.03261420082	-1917.58503855	
-5.03478575433	-1917.58423257	
-5.03695260241	-1917.58342972	
-5.03911476542	-1917.58262998	
-5.04127226356	-1917.58183334	
-5.04342511692	-1917.58103978	
-5.04557334546	-1917.58024927	
-5.047716969	-1917.57946181	
-5.04985600725	-1917.57867737	
-5.05199047978	-1917.57789594	
-5.05412040604	-1917.5771175	
-5.05624580535	-1917.57634203	
-5.05836669692	-1917.57556952	
-5.06048309982	-1917.57479994	
-5.06259503303	-1917.57403329	
-5.06470251537	-1917.57326954	
-5.06680556556	-1917.57250868	
-5.06890420222	-1917.5717507	
-5.07099844382	-1917.57099557	
-5.07308830874	-1917.57024328	
-5.07517381523	-1917.56949381	
-5.07725498144	-1917.56874715	
-5.07933182538	-1917.56800328	
-5.08140436498	-1917.56726219	
-5.08347261805	-1917.56652387	
-5.08553660227	-1917.56578828	
-5.08759633523	-1917.56505543	
-5.08965183441	-1917.56432529	
-5.09170311719	-1917.56359785	
-5.09375020081	-1917.5628731	
-5.09579310244	-1917.56215101	
-5.09783183913	-1917.56143159	
-5.09986642782	-1917.5607148	
-5.10189688537	-1917.56000064	
-5.10392322852	-1917.55928909	
-5.1059454739	-1917.55858013	
-5.10796363806	-1917.55787377	
-5.10997773743	-1917.55716997	
-5.11198778836	-1917.55646872	
-5.11399380708	-1917.55577002	
-5.11599580975	-1917.55507384	
-5.11799381242	-1917.55438018	
-5.11998783102	-1917.55368901	
-5.12197788143	-1917.55300034	
-5.1239639794	-1917.55231413	
-5.12594614061	-1917.55163039	
-5.12792438062	-1917.55094909	
-5.12989871492	-1917.55027023	
-5.13186915891	-1917.54959379	
-5.13383572788	-1917.54891975	
-5.13579843705	-1917.54824811	
-5.13775730154	-1917.54757885	
-5.13971233637	-1917.54691196	
-5.1416635565	-1917.54624742	
-5.14361097679	-1917.54558523	
-5.145554612	-1917.54492537	
-5.14749447681	-1917.54426784	
-5.14943058584	-1917.5436126	
-5.15136295359	-1917.54295967	
-5.1532915945	-1917.54230901	
-5.15521652291	-1917.54166063	
-5.15713775309	-1917.54101451	
-5.15905529921	-1917.54037063	
-5.1609691754	-1917.53972899	
-5.16287939565	-1917.53908957	
-5.16478597392	-1917.53845236	
-5.16668892407	-1917.53781736	
-5.16858825987	-1917.53718455	
-5.17048399504	-1917.53655391	
-5.17237614319	-1917.53592544	
-5.17426471788	-1917.53529912	
-5.17614973257	-1917.53467495	
-5.17803120067	-1917.53405292	
-5.1799091355	-1917.53343301	
-5.18178355029	-1917.5328152	
-5.18365445823	-1917.5321995	
-5.1855218724	-1917.53158589	
-5.18738580584	-1917.53097436	
-5.18924627149	-1917.5303649	
-5.19110328224	-1917.5297575	
-5.19295685089	-1917.52915214	
-5.19480699018	-1917.52854883	
-5.19665371277	-1917.52794754	
-5.19849703127	-1917.52734827	
-5.20033695819	-1917.526751	
-5.202173506	-1917.52615573	
-5.20400668708	-1917.52556245	
-5.20583651375	-1917.52497115	
-5.20766299828	-1917.52438181	
-5.20948615284	-1917.52379443	
-5.21130598956	-1917.523209	
-5.21312252048	-1917.52262551	
-5.21493575761	-1917.52204394	
-5.21674571285	-1917.5214643	
-5.21855239808	-1917.52088656	
-5.22035582508	-1917.52031072	
-5.22215600558	-1917.51973678	
-5.22395295126	-1917.51916471	
-5.22574667371	-1917.51859452	
-5.22753718449	-1917.51802619	
-5.22932449506	-1917.51745971	
-5.23110861685	-1917.51689508	
-5.23288956123	-1917.51633228	
-5.23466733947	-1917.51577131	
-5.23644196283	-1917.51521216	
-5.23821344248	-1917.51465481	
-5.23998178954	-1917.51409927	
-5.24174701506	-1917.51354552	
-5.24350913005	-1917.51299355	
-5.24526814546	-1917.51244335	
-5.24702407216	-1917.51189492	
-5.24877692099	-1917.51134825	
-5.25052670271	-1917.51080332	
-5.25227342805	-1917.51026014	
-5.25401710765	-1917.50971869	
-5.25575775213	-1917.50917896	
-5.25749537203	-1917.50864095	
-5.25922997784	-1917.50810464	
-5.26096158	-1917.50757003	
-5.2626901889	-1917.50703712	
-5.26441581487	-1917.50650588	
-5.26613846818	-1917.50597633	
-5.26785815906	-1917.50544844	
-5.26957489768	-1917.5049222	
-5.27128869416	-1917.50439762	
-5.27299955856	-1917.50387469	
-5.27470750091	-1917.50335339	
-5.27641253116	-1917.50283372	
-5.27811465923	-1917.50231566	
-5.27981389498	-1917.50179923	
-5.28151024823	-1917.50128439	
-5.28320372874	-1917.50077116	
-5.28489434622	-1917.50025951	
-5.28658211033	-1917.49974945	
-5.28826703069	-1917.49924097	
-5.28994911688	-1917.49873405	
-5.2916283784	-1917.49822869	
-5.29330482472	-1917.49772489	
-5.29497846528	-1917.49722264	
-5.29664930945	-1917.49672192	
-5.29831736655	-1917.49622274	
-5.29998264587	-1917.49572509	
-5.30164515664	-1917.49522895	
-5.30330490806	-1917.49473432	
-5.30496190927	-1917.4942412	
-5.30661616936	-1917.49374958	
-5.3082676974	-1917.49325945	
-5.30991650239	-1917.4927708	
-5.3115625933	-1917.49228363	
-5.31320597904	-1917.49179793	
-5.3148466685	-1917.49131369	
-5.3164846705	-1917.49083092	
-5.31811999384	-1917.49034959	
-5.31975264727	-1917.48986971	
-5.32138263948	-1917.48939127	
-5.32300997914	-1917.48891425	
-5.32463467487	-1917.48843867	
-5.32625673524	-1917.4879645	
-5.32787616879	-1917.48749174	
-5.32949298402	-1917.48702039	
-5.33110718937	-1917.48655044	
-5.33271879327	-1917.48608189	
-5.33432780407	-1917.48561472	
-5.33593423012	-1917.48514893	
-5.3375380797	-1917.48468452	
-5.33913936107	-1917.48422148	
-5.34073808243	-1917.48375979	
-5.34233425196	-1917.48329947	
-5.3439278778	-1917.4828405	
-5.34551896803	-1917.48238287	
-5.34710753072	-1917.48192658	
-5.34869357387	-1917.48147163	
-5.35027710548	-1917.481018	
-5.35185813348	-1917.48056569	
-5.35343666577	-1917.4801147	
-5.35501271022	-1917.47966502	
-5.35658627467	-1917.47921665	
-5.3581573669	-1917.47876957	
-5.35972599468	-1917.47832379	
-5.36129216571	-1917.47787929	
-5.36285588769	-1917.47743607	
-5.36441716825	-1917.47699414	
-5.36597601502	-1917.47655347	
-5.36753243557	-1917.47611407	
-5.36908643744	-1917.47567592	
-5.37063802813	-1917.47523904	
-5.37218721511	-1917.4748034	
-5.37373400583	-1917.474369	
-5.37527840768	-1917.47393584	
-5.37682042804	-1917.47350392	
-5.37836007422	-1917.47307322	
-5.37989735354	-1917.47264375	
-5.38143227326	-1917.4722155	
-5.38296484061	-1917.47178845	
-5.38449506279	-1917.47136262	
-5.38602294697	-1917.47093798	
-5.38754850028	-1917.47051454	
-5.38907172982	-1917.4700923	
-5.39059264266	-1917.46967124	
-5.39211124583	-1917.46925136	
-5.39362754635	-1917.46883266	
-5.39514155118	-1917.46841513	
-5.39665326727	-1917.46799877	
-5.39816270152	-1917.46758357	
-5.39966986081	-1917.46716953	
-5.40117475199	-1917.46675664	
-5.40267738187	-1917.4663449	
-5.40417775725	-1917.4659343	
-5.40567588487	-1917.46552484	
-5.40717177146	-1917.46511651	
-5.40866542372	-1917.46470931	
-5.4101568483	-1917.46430324	
-5.41164605186	-1917.46389828	
-5.41313304098	-1917.46349444	
-5.41461782224	-1917.46309171	
-5.4161004022	-1917.46269008	
-5.41758078737	-1917.46228955	
-5.41905898424	-1917.46189013	
-5.42053499927	-1917.46149179	
-5.42200883889	-1917.46109454	
-5.4234805095	-1917.46069837	
-5.42495001748	-1917.46030328	
-5.42641736918	-1917.45990927	
-5.4278825709	-1917.45951633	
-5.42934562895	-1917.45912445	
-5.43080654959	-1917.45873363	
-5.43226533906	-1917.45834387	
-5.43372200355	-1917.45795516	
-5.43517654927	-1917.4575675	
-5.43662898235	-1917.45718088	
-5.43807930892	-1917.45679531	
-5.4395275351	-1917.45641077	
-5.44097366695	-1917.45602726	
-5.44241771052	-1917.45564478	
-5.44385967184	-1917.45526332	
-5.4452995569	-1917.45488288	
-5.44673737167	-1917.45450345	
-5.44817312209	-1917.45412504	
-5.44960681409	-1917.45374763	
-5.45103845357	-1917.45337123	
-5.45246804638	-1917.45299582	
-5.45389559837	-1917.45262141	
-5.45532111536	-1917.45224799	
-5.45674460314	-1917.45187556	
-5.45816606749	-1917.45150411	
-5.45958551414	-1917.45113363	
-5.46100294883	-1917.45076414	
-5.46241837723	-1917.45039562	
-5.46383180503	-1917.45002806	
-5.46524323786	-1917.44966147	
-5.46665268137	-1917.44929583	
-5.46806014114	-1917.44893116	
-5.46946562274	-1917.44856743	
-5.47086913175	-1917.44820466	
-5.47227067367	-1917.44784283	
-5.47367025403	-1917.44748194	
-5.47506787829	-1917.44712199	
-5.47646355193	-1917.44676297	
-5.47785728038	-1917.44640489	
-5.47924906905	-1917.44604773	
-5.48063892334	-1917.44569149	
-5.48202684862	-1917.44533617	
-5.48341285022	-1917.44498177	
-5.48479693349	-1917.44462828	
-5.48617910372	-1917.4442757	
-5.48755936619	-1917.44392403	
-5.48893772616	-1917.44357326	
-5.49031418887	-1917.44322339	
-5.49168875953	-1917.44287441	
-5.49306144334	-1917.44252632	
-5.49443224547	-1917.44217912	
-5.49580117108	-1917.44183281	
-5.49716822529	-1917.44148738	
-5.49853341322	-1917.44114282	
-5.49989673995	-1917.44079914	
-5.50125821054	-1917.44045634	
-5.50261783006	-1917.4401144	
-5.50397560352	-1917.43977332	
-5.50533153593	-1917.43943311	
-5.50668563228	-1917.43909375	
-5.50803789753	-1917.43875525	
-5.50938833663	-1917.43841761	
-5.5107369545	-1917.43808081	
-5.51208375605	-1917.43774485	
-5.51342874616	-1917.43740974	
-5.51477192971	-1917.43707547	
-5.51611331154	-1917.43674203	
-5.51745289646	-1917.43640942	
-5.51879068931	-1917.43607765	
-5.52012669485	-1917.4357467	
-5.52146091786	-1917.43541658	
-5.5227933631	-1917.43508727	
-5.52412403528	-1917.43475879	
-5.52545293913	-1917.43443111	
-5.52678007934	-1917.43410425	
-5.52810546058	-1917.4337782	
-5.52942908751	-1917.43345295	
-5.53075096477	-1917.4331285	
-5.53207109697	-1917.43280486	
-5.53338948873	-1917.43248201	
-5.53470614461	-1917.43215995	
-5.53602106919	-1917.43183868	
-5.53733426702	-1917.43151821	
-5.53864574262	-1917.43119851	
-5.5399555005	-1917.4308796	
-5.54126354516	-1917.43056147	
-5.54256988107	-1917.43024411	
-5.5438745127	-1917.42992752	
-5.54517744448	-1917.42961171	
-5.54647868084	-1917.42929666	
-5.54777822618	-1917.42898238	
-5.5490760849	-1917.42866886	
-5.55037226136	-1917.4283561	
-5.55166675992	-1917.4280441	
-5.55295958492	-1917.42773285	
-5.55425074069	-1917.42742235	
-5.55554023152	-1917.4271126	
-5.5568280617	-1917.4268036	
-5.55811423551	-1917.42649533	
-5.5593987572	-1917.42618781	
-5.56068163102	-1917.42588103	
-5.56196286117	-1917.42557498	
-5.56324245188	-1917.42526966	
-5.56452040732	-1917.42496507	
-5.56579673168	-1917.42466121	
-5.56707142911	-1917.42435808	
-5.56834450376	-1917.42405566	
-5.56961595975	-1917.42375397	
-5.57088580119	-1917.42345299	
-5.57215403218	-1917.42315273	
-5.57342065679	-1917.42285317	
-5.5746856791	-1917.42255433	
-5.57594910315	-1917.42225619	
-5.57721093297	-1917.42195876	
-5.57847117258	-1917.42166203	
-5.57972982599	-1917.421366	
-5.58098689718	-1917.42107066	
-5.58224239012	-1917.42077602	
-5.58349630878	-1917.42048207	
-5.5847486571	-1917.42018881	
-5.585999439	-1917.41989624	
-5.5872486584	-1917.41960435	
-5.5884963192	-1917.41931314	
-5.58974242528	-1917.41902261	
-5.59098698051	-1917.41873276	
-5.59222998875	-1917.41844359	
-5.59347145384	-1917.41815509	
-5.5947113796	-1917.41786725	
-5.59594976985	-1917.41758009	
-5.59718662839	-1917.41729359	
-5.598421959	-1917.41700776	
-5.59965576545	-1917.41672258	
-5.60088805149	-1917.41643806	
-5.60211882088	-1917.4161542	
-5.60334807733	-1917.415871	
-5.60457582457	-1917.41558844	
-5.6058020663	-1917.41530654	
-5.60702680619	-1917.41502528	
-5.60825004793	-1917.41474467	
-5.60947179518	-1917.4144647	
-5.61069205159	-1917.41418537	
-5.61191082078	-1917.41390668	
-5.61312810639	-1917.41362863	
-5.61434391201	-1917.41335121	
-5.61555824124	-1917.41307442	
-5.61677109767	-1917.41279827	
-5.61798248485	-1917.41252274	
-5.61919240636	-1917.41224783	
-5.62040086572	-1917.41197355	
-5.62160786647	-1917.41169989	
-5.62281341212	-1917.41142685	
-5.62401750619	-1917.41115442	
-5.62522015215	-1917.41088262	
-5.6264213535	-1917.41061142	
-5.62762111369	-1917.41034083	
-5.62881943618	-1917.41007086	
-5.63001632442	-1917.40980149	
-5.63121178182	-1917.40953272	
-5.63240581181	-1917.40926456	
-5.6335984178	-1917.408997	
-5.63478960317	-1917.40873004	
-5.6359793713	-1917.40846367	
-5.63716772557	-1917.4081979	
-5.63835466933	-1917.40793272	
-5.63954020593	-1917.40766813	
-5.64072433869	-1917.40740413	
-5.64190707094	-1917.40714071	
-5.64308840598	-1917.40687789	
-5.64426834712	-1917.40661564	
-5.64544689764	-1917.40635397	
-5.64662406082	-1917.40609289	
-5.64779983991	-1917.40583238	
-5.64897423816	-1917.40557244	
-5.65014725882	-1917.40531308	
-5.65131890512	-1917.40505429	
-5.65248918027	-1917.40479607	
-5.65365808747	-1917.40453842	
-5.65482562993	-1917.40428133	
-5.65599181082	-1917.40402481	
-5.65715663332	-1917.40376884	
-5.65832010058	-1917.40351344	
-5.65948221576	-1917.4032586	
-5.660642982	-1917.40300431	
-5.66180240242	-1917.40275058	
-5.66296048014	-1917.4024974	
-5.66411721826	-1917.40224477	
-5.66527261989	-1917.40199269	
-5.66642668811	-1917.40174116	
-5.66757942599	-1917.40149017	
-5.6687308366	-1917.40123973	
-5.66988092298	-1917.40098982	
-5.67102968818	-1917.40074046	
-5.67217713524	-1917.40049164	
-5.67332326717	-1917.40024336	
-5.67446808699	-1917.39999561	
-5.67561159769	-1917.39974839	
-5.67675380227	-1917.3995017	
-5.6778947037	-1917.39925555	
-5.67903430497	-1917.39900992	
-5.68017260902	-1917.39876482	
-5.6813096188	-1917.39852024	
-5.68244533727	-1917.39827619	
-5.68357976734	-1917.39803266	
-5.68471291194	-1917.39778965	
-5.68584477397	-1917.39754715	
-5.68697535634	-1917.39730518	
-5.68810466194	-1917.39706371	
-5.68923269364	-1917.39682276	
-5.69035945432	-1917.39658233	
-5.69148494685	-1917.3963424	
-5.69260917406	-1917.39610298	
-5.6937321388	-1917.39586407	
-5.69485384391	-1917.39562566	
-5.69597429221	-1917.39538775	
-5.69709348651	-1917.39515035	
-5.69821142961	-1917.39491345	
-5.69932812431	-1917.39467704	
-5.70044357339	-1917.39444114	
-5.70155777963	-1917.39420573	
-5.7026707458	-1917.39397081	
-5.70378247466	-1917.39373639	
-5.70489296894	-1917.39350245	
-5.70600223139	-1917.39326901	
-5.70711026475	-1917.39303605	
-5.70821707172	-1917.39280358	
-5.70932265503	-1917.39257159	
-5.71042701737	-1917.39234009	
-5.71153016145	-1917.39210907	
-5.71263208993	-1917.39187853	
-5.71373280551	-1917.39164847	
-5.71483231084	-1917.39141889	
-5.71593060859	-1917.39118978	
-5.71702770141	-1917.39096114	
-5.71812359193	-1917.39073298	
-5.71921828279	-1917.39050529	
-5.72031177661	-1917.39027807	
-5.72140407601	-1917.39005132	
-5.72249518359	-1917.38982503	
-5.72358510195	-1917.38959921	
-5.72467383369	-1917.38937386	
-5.72576138137	-1917.38914897	
-5.72684774759	-1917.38892453	
-5.72793293489	-1917.38870056	
-5.72901694583	-1917.38847705	
-5.73009978297	-1917.38825399	
-5.73118144884	-1917.38803139	
-5.73226194598	-1917.38780925	
-5.7333412769	-1917.38758755	
-5.73441944412	-1917.38736631	
-5.73549645015	-1917.38714552	
-5.73657229748	-1917.38692518	
-5.73764698861	-1917.38670528	
-5.73872052602	-1917.38648583	
-5.73979291218	-1917.38626682	
-5.74086414956	-1917.38604826	
-5.74193424062	-1917.38583014	
-5.74300318781	-1917.38561246	
-5.74407099357	-1917.38539522	
-5.74513766034	-1917.38517842	
-5.74620319054	-1917.38496205	
-5.7472675866	-1917.38474612	
-5.74833085092	-1917.38453063	
-5.74939298591	-1917.38431556	
-5.75045399397	-1917.38410093	
-5.75151387748	-1917.38388673	
-5.75257263883	-1917.38367295	
-5.75363028038	-1917.38345961	
-5.75468680452	-1917.38324669	
-5.75574221359	-1917.38303419	
-5.75679650994	-1917.38282212	
-5.75784969593	-1917.38261047	
-5.75890177388	-1917.38239924	
-5.75995274612	-1917.38218843	
-5.76100261499	-1917.38197804	
-5.76205138278	-1917.38176807	
-5.76309905181	-1917.38155851	
-5.76414562438	-1917.38134937	
-5.76519110278	-1917.38114064	
-5.7662354893	-1917.38093233	
-5.76727878622	-1917.38072442	
-5.76832099579	-1917.38051693	
-5.7693621203	-1917.38030984	
-5.770402162	-1917.38010317	
-5.77144112313	-1917.3798969	
-5.77247900594	-1917.37969103	
-5.77351581267	-1917.37948557	
-5.77455154554	-1917.37928051	
-5.77558620679	-1917.37907585	
-5.77661979861	-1917.37887159	
-5.77765232322	-1917.37866773	
-5.77868378283	-1917.37846427	
-5.77971417962	-1917.37826121	
-5.78074351579	-1917.37805854	
-5.78177179352	-1917.37785627	
-5.78279901497	-1917.37765439	
-5.78382518233	-1917.3774529	
-5.78485029774	-1917.37725181	
-5.78587436337	-1917.3770511	
-5.78689738137	-1917.37685078	
-5.78791935386	-1917.37665085	
-5.788940283	-1917.37645131	
-5.7899601709	-1917.37625215	
-5.79097901969	-1917.37605338	
-5.79199683148	-1917.37585499	
-5.79301360838	-1917.37565698	
-5.7940293525	-1917.37545936	
-5.79504406593	-1917.37526211	
-5.79605775077	-1917.37506524	
-5.79707040908	-1917.37486875	
-5.79808204295	-1917.37467264	
-5.79909265446	-1917.3744769	
-5.80010224566	-1917.37428154	
-5.80111081862	-1917.37408655	
-5.80211837538	-1917.37389193	
-5.80312491799	-1917.37369768	
-5.80413044849	-1917.37350381	
-5.80513496892	-1917.3733103	
-5.80613848129	-1917.37311716	
-5.80714098764	-1917.37292439	
-5.80814248998	-1917.37273199	
-5.80914299031	-1917.37253995	
