#Site	lnL	
0	-3.07215384724
1	-3.2612531489
2	-7.2778184346
3	-3.08517823664
4	-3.02031064201
5	-8.43327714341
6	-3.3248947706
7	-3.0430418265
8	-4.36756288034
9	-3.08517823664
10	-3.02031064201
11	-5.52331421597
12	-3.3248947706
13	-3.02031064201
14	-8.38467695727
15	-9.24320876824
16	-3.0430418265
17	-9.55319853391
18	-3.3248947706
19	-3.0430418265
20	-6.59240819052
21	-3.3248947706
22	-3.02031064201
23	-8.60668625542
24	-3.3248947706
25	-3.2612531489
26	-10.5000493659
27	-3.3248947706
28	-20.567007408
29	-10.309748501
30	-3.07215384724
31	-3.0430418265
32	-6.878340498
33	-3.3248947706
34	-3.0430418265
35	-4.63926491227
36	-3.58041036785
37	-3.2612531489
38	-5.27416631649
39	-3.08517823664
40	-3.02031064201
41	-11.228189013
42	-12.5374602006
43	-3.51790102319
44	-8.3853399171
45	-3.58041036785
46	-3.2612531489
47	-10.9861190419
48	-16.466012498
49	-3.2612531489
50	-9.96233182716
51	-3.58041036785
52	-3.02031064201
53	-7.29739808665
54	-18.1066236877
55	-3.02031064201
56	-21.746790086
57	-3.3248947706
58	-3.02031064201
59	-7.29739808665
60	-3.3248947706
61	-3.2612531489
62	-11.0171782906
63	-3.58041036785
64	-3.2612531489
65	-6.58193211663
66	-12.3094019668
67	-3.0430418265
68	-10.2400482848
69	-3.08517823664
70	-3.2612531489
71	-6.98952812515
72	-3.58041036785
73	-3.0430418265
74	-7.74654252215
75	-3.58041036785
76	-3.2612531489
77	-4.63926491227
78	-16.9626363339
79	-3.2612531489
80	-9.34924481951
81	-7.55297061156
82	-3.0430418265
83	-7.74654252215
84	-3.58041036785
85	-18.308283413
86	-4.36756288034
87	-3.07215384724
88	-3.0430418265
89	-7.73751903821
90	-12.6816768676
91	-3.02031064201
92	-7.2778184346
93	-7.81440312394
94	-3.51790102319
95	-6.58345804326
96	-3.3248947706
97	-3.2612531489
98	-11.876295937
99	-3.08517823664
100	-3.2612531489
101	-6.59240819052
102	-3.08517823664
103	-3.2612531489
104	-5.27416631649
105	-3.3248947706
106	-3.0430418265
107	-4.36756288034
108	-3.07215384724
109	-13.756131344
110	-8.43327714341
111	-3.58041036785
112	-3.2612531489
113	-4.63926491227
114	-3.08517823664
115	-9.4794815952
116	-12.0572641586
117	-3.08517823664
118	-3.0430418265
119	-9.38827406486
120	-3.08517823664
121	-3.0430418265
122	-6.47969997143
123	-3.58041036785
124	-3.0430418265
125	-11.1973234296
126	-3.07215384724
127	-3.51790102319
128	-8.22688863694
129	-3.58041036785
130	-3.2612531489
131	-4.36756288034
132	-3.3248947706
133	-3.0430418265
134	-6.58193211663
135	-3.08517823664
136	-3.02031064201
137	-5.52331421597
138	-3.07215384724
139	-3.02031064201
140	-8.3853399171
141	-3.07215384724
142	-19.071868353
143	-8.60668625542
144	-3.58041036785
145	-3.0430418265
146	-10.7102365498
147	-3.07215384724
148	-3.02031064201
149	-4.36756288034
150	-10.5133366797
151	-3.0430418265
152	-8.22296904396
153	-3.08517823664
154	-3.0430418265
155	-15.2909256932
156	-3.07215384724
157	-3.0430418265
158	-4.36756288034
159	-3.58041036785
160	-3.2612531489
161	-6.91464501982
162	-3.08517823664
163	-3.02031064201
164	-11.6574356967
165	-3.3248947706
166	-3.0430418265
167	-8.9585013136
168	-3.58041036785
169	-3.51790102319
170	-4.36756288034
171	-3.08517823664
172	-3.2612531489
173	-8.60668625542
174	-3.08517823664
175	-3.2612531489
176	-11.3926885869
177	-3.07215384724
178	-3.02031064201
179	-4.63926491227
180	-3.58041036785
181	-3.51790102319
182	-7.73751903821
183	-3.08517823664
184	-3.02031064201
185	-7.74654252215
186	-3.08517823664
187	-13.7922512506
188	-8.47520318661
189	-3.08517823664
190	-3.51790102319
191	-5.27416631649
192	-3.08517823664
193	-3.2612531489
194	-4.63926491227
195	-3.58041036785
196	-3.2612531489
197	-13.8765509337
198	-10.4931486883
199	-3.2612531489
200	-4.63926491227
201	-3.58041036785
202	-3.02031064201
203	-16.411913436
204	-3.07215384724
205	-3.0430418265
206	-11.4085490158
207	-3.08517823664
208	-3.2612531489
209	-8.3853399171
210	-3.08517823664
211	-3.0430418265
212	-6.878340498
213	-3.08517823664
214	-3.02031064201
215	-9.38406300488
216	-3.58041036785
217	-3.2612531489
218	-6.47969997143
219	-3.07215384724
220	-3.51790102319
221	-7.82933781339
222	-7.84184781269
223	-3.02031064201
224	-8.85598939194
225	-3.3248947706
226	-3.51790102319
227	-8.9585013136
228	-3.07215384724
229	-3.0430418265
230	-13.448504765
231	-3.08517823664
232	-3.2612531489
233	-4.63926491227
234	-3.3248947706
235	-3.2612531489
236	-5.52331421597
237	-3.58041036785
238	-3.2612531489
239	-11.7640355221
240	-3.07215384724
241	-3.0430418265
242	-4.36756288034
243	-3.08517823664
244	-3.51790102319
245	-10.3804986581
246	-3.08517823664
247	-3.51790102319
248	-5.52331421597
249	-3.08517823664
250	-3.0430418265
251	-6.84881794272
252	-3.3248947706
253	-3.0430418265
254	-11.5295008584
255	-3.08517823664
256	-3.2612531489
257	-10.1224054532
258	-3.07215384724
259	-3.2612531489
260	-4.36756288034
261	-3.3248947706
262	-3.02031064201
263	-5.27416631649
264	-3.3248947706
265	-3.0430418265
266	-5.52331421597
267	-3.07215384724
268	-3.2612531489
269	-4.63926491227
270	-3.07215384724
271	-3.02031064201
272	-10.7207534993
273	-3.08517823664
274	-3.0430418265
275	-8.97374641628
276	-3.07215384724
277	-3.0430418265
278	-4.36756288034
279	-3.08517823664
280	-3.2612531489
281	-13.1103101016
282	-3.07215384724
283	-3.2612531489
284	-10.4080675544
285	-3.58041036785
286	-3.02031064201
287	-4.63926491227
288	-3.08517823664
289	-8.99317959417
290	-16.2427461331
291	-3.07215384724
292	-3.02031064201
293	-6.59723790655
294	-3.07215384724
295	-3.2612531489
296	-6.74390497577
297	-3.3248947706
298	-3.02031064201
299	-8.14702018569
300	-3.07215384724
301	-3.02031064201
302	-9.20407070708
303	-3.3248947706
304	-3.02031064201
305	-7.29739808665
306	-3.58041036785
307	-3.02031064201
308	-4.36756288034
309	-3.3248947706
310	-3.0430418265
311	-11.5029891983
312	-3.07215384724
313	-3.0430418265
314	-4.63926491227
315	-3.3248947706
316	-3.02031064201
317	-4.63926491227
318	-10.1123403998
319	-3.2612531489
320	-4.63926491227
321	-3.07215384724
322	-3.0430418265
323	-11.4889530338
324	-3.58041036785
325	-3.02031064201
326	-6.91464501982
327	-3.08517823664
328	-3.2612531489
329	-9.2969280952
330	-3.58041036785
331	-3.0430418265
332	-4.36756288034
333	-3.58041036785
334	-3.02031064201
335	-5.27416631649
336	-12.0930323213
337	-3.02031064201
338	-9.22181312977
339	-3.07215384724
340	-3.02031064201
341	-6.36368555205
342	-3.58041036785
343	-3.0430418265
344	-11.6983087394
345	-3.07215384724
346	-3.02031064201
347	-9.55365957246
348	-3.58041036785
349	-3.02031064201
350	-8.62254636436
351	-3.3248947706
352	-3.2612531489
353	-8.11589769237
354	-3.07215384724
355	-3.02031064201
356	-7.74654252215
357	-3.07215384724
358	-3.0430418265
359	-8.14702018569
360	-3.08517823664
361	-3.0430418265
362	-6.84881794272
363	-3.08517823664
364	-3.02031064201
365	-8.84272020945
366	-3.08517823664
367	-3.02031064201
368	-12.0861042771
369	-3.3248947706
370	-3.2612531489
371	-6.47969997143
372	-3.08517823664
373	-3.02031064201
374	-9.80996005064
375	-3.58041036785
376	-3.2612531489
377	-6.90954678039
378	-3.3248947706
379	-3.02031064201
380	-9.002181949
381	-3.3248947706
382	-3.02031064201
383	-9.03544010486
384	-3.07215384724
385	-3.2612531489
386	-6.98952812515
387	-3.58041036785
388	-3.0430418265
389	-9.33141960694
390	-12.5369977211
391	-3.0430418265
392	-8.42968095011
393	-3.58041036785
394	-3.2612531489
395	-11.3360476843
396	-3.3248947706
397	-3.51790102319
398	-8.84272020945
399	-3.58041036785
400	-3.0430418265
401	-5.27416631649
402	-7.81490810459
403	-3.2612531489
404	-11.2972346548
405	-3.08517823664
406	-3.02031064201
407	-4.63926491227
408	-3.07215384724
409	-3.2612531489
410	-16.0394295892
411	-3.3248947706
412	-3.0430418265
413	-12.1780218238
414	-3.58041036785
415	-3.0430418265
416	-12.0683131441
417	-11.7248252983
418	-8.37319305867
419	-9.29454009591
420	-3.3248947706
421	-8.66562396336
422	-9.002181949
423	-3.3248947706
424	-3.2612531489
425	-10.8654350521
426	-3.3248947706
427	-3.02031064201
428	-6.65919051102
429	-3.58041036785
430	-3.02031064201
431	-12.7239614007
432	-3.07215384724
433	-3.02031064201
434	-10.5930523827
435	-3.58041036785
436	-3.2612531489
437	-4.63926491227
438	-3.58041036785
439	-3.02031064201
440	-8.22688863694
441	-3.08517823664
442	-3.2612531489
443	-13.6638564325
444	-3.08517823664
445	-3.51790102319
446	-6.98952812515
447	-3.3248947706
448	-3.02031064201
449	-4.63926491227
450	-3.08517823664
451	-3.0430418265
452	-5.52331421597
453	-7.81490810459
454	-3.51790102319
455	-12.4781262297
456	-3.07215384724
457	-3.02031064201
458	-23.8531838006
459	-3.07215384724
460	-3.02031064201
461	-19.4923561986
462	-3.07215384724
463	-3.0430418265
464	-5.52331421597
465	-3.58041036785
466	-3.0430418265
467	-15.4788560935
468	-3.58041036785
469	-3.2612531489
470	-13.1566345535
471	-3.58041036785
472	-3.51790102319
473	-8.74708652962
474	-3.3248947706
475	-3.2612531489
476	-9.33141960694
477	-3.58041036785
478	-3.51790102319
479	-5.27416631649
480	-3.3248947706
481	-3.51790102319
482	-8.37096840345
483	-3.07215384724
484	-3.0430418265
485	-10.6074788238
486	-3.08517823664
487	-3.51790102319
488	-4.36756288034
