#Site	lnL	
0	-1.78469766069
1	-1.27359128503
2	-10.3770129499
3	-1.30653773672
4	-10.6825617582
5	-11.2081054612
6	-6.83192719366
7	-7.02941142095
8	-7.9564170057
9	-1.66301243137
10	-1.72810212849
11	-5.7319160028
12	-1.3161431923
13	-1.72810212849
14	-5.7319160028
15	-1.78469766069
16	-8.07231976238
17	-5.39130324058
18	-1.30653773672
19	-1.60678340669
20	-7.50142761161
21	-1.3161431923
22	-1.26785388983
23	-5.51005280025
24	-1.3161431923
25	-1.26785388983
26	-5.97046480888
27	-1.66301243137
28	-1.26785388983
29	-5.48367879907
30	-1.3161431923
31	-1.27359128503
32	-6.48918830064
33	-1.3161431923
34	-1.72810212849
35	-7.18667665036
36	-5.55018582767
37	-1.60678340669
38	-7.04223403093
39	-1.78469766069
40	-1.27359128503
41	-9.355322242
42	-1.66301243137
43	-1.72810212849
44	-7.75953931818
45	-1.78469766069
46	-1.26785388983
47	-3.88017187156
48	-1.78469766069
49	-1.26785388983
50	-4.12189091538
51	-1.30653773672
52	-1.26785388983
53	-7.75953931818
54	-1.3161431923
55	-1.27359128503
56	-6.51455349569
57	-1.78469766069
58	-1.27359128503
59	-3.88017187156
60	-1.78469766069
61	-1.27359128503
62	-9.55510995481
63	-6.38644348175
64	-1.27359128503
65	-7.75953931818
66	-1.3161431923
67	-1.72810212849
68	-7.79760278183
69	-1.66301243137
70	-1.26785388983
71	-8.10771129031
72	-1.66301243137
73	-7.14579925271
74	-3.88017187156
75	-1.3161431923
76	-1.60678340669
77	-8.24184190521
78	-1.3161431923
79	-1.27359128503
80	-4.12189091538
81	-1.30653773672
82	-1.26785388983
83	-7.15688327737
84	-1.30653773672
85	-1.60678340669
86	-7.38636525234
87	-1.3161431923
88	-1.27359128503
89	-5.98481645301
90	-1.78469766069
91	-1.60678340669
92	-8.23160509467
93	-1.30653773672
94	-1.27359128503
95	-11.1659118303
96	-15.3514714273
97	-1.72810212849
98	-5.51005280025
99	-1.3161431923
100	-1.26785388983
101	-6.658125501
102	-1.3161431923
103	-1.26785388983
104	-3.88017187156
105	-5.40393686611
106	-1.60678340669
107	-4.12189091538
108	-1.78469766069
109	-1.26785388983
110	-3.88017187156
111	-1.30653773672
112	-1.60678340669
113	-9.67674962603
114	-1.66301243137
115	-1.26785388983
116	-4.12189091538
117	-1.3161431923
118	-1.72810212849
119	-5.49791797098
120	-1.3161431923
121	-1.72810212849
122	-8.10327239682
123	-1.66301243137
124	-1.26785388983
125	-11.7664362363
126	-1.66301243137
127	-1.26785388983
128	-9.60009161839
129	-1.3161431923
130	-1.26785388983
131	-8.2706271452
132	-1.66301243137
133	-9.52803139673
134	-7.04223403093
135	-1.3161431923
136	-1.72810212849
137	-5.83475545201
138	-1.3161431923
139	-1.60678340669
140	-3.88017187156
141	-9.02431888823
142	-1.72810212849
143	-7.25366740055
144	-1.30653773672
145	-1.60678340669
146	-5.49791797098
147	-1.66301243137
148	-1.27359128503
149	-4.12189091538
150	-1.30653773672
151	-1.60678340669
152	-5.23818677999
153	-1.3161431923
154	-1.26785388983
155	-4.12189091538
156	-1.3161431923
157	-1.72810212849
158	-8.86645883918
159	-1.30653773672
160	-1.27359128503
161	-10.7013175893
162	-1.78469766069
163	-1.27359128503
164	-3.88017187156
165	-1.66301243137
166	-1.72810212849
167	-3.88017187156
168	-1.3161431923
169	-1.26785388983
170	-9.02032968054
171	-1.3161431923
172	-1.27359128503
173	-5.98272408797
174	-6.35641994229
175	-1.60678340669
176	-8.23731230725
177	-1.78469766069
178	-1.27359128503
179	-5.51005280025
180	-1.3161431923
181	-1.27359128503
182	-4.12189091538
183	-9.1970662306
184	-9.3135903349
185	-9.9001414784
186	-1.66301243137
187	-1.27359128503
188	-6.92457514087
189	-1.3161431923
190	-1.27359128503
191	-10.4830617962
192	-6.46795405952
193	-1.26785388983
194	-8.75811392615
195	-15.948041923
196	-1.72810212849
197	-7.07920265813
198	-1.30653773672
199	-8.18751137954
200	-5.7319160028
201	-1.3161431923
202	-1.27359128503
203	-8.27404145959
204	-1.3161431923
205	-1.26785388983
206	-7.39699446665
207	-1.3161431923
208	-1.26785388983
209	-4.12189091538
210	-1.66301243137
211	-1.26785388983
212	-5.39130324058
213	-1.30653773672
214	-1.26785388983
215	-9.48124786874
216	-1.30653773672
217	-1.72810212849
218	-5.51005280025
219	-1.3161431923
220	-1.60678340669
221	-7.26415938727
222	-1.66301243137
223	-1.72810212849
224	-11.1619346675
225	-1.66301243137
226	-1.26785388983
227	-10.1855615499
228	-1.30653773672
229	-1.26785388983
230	-5.51005280025
231	-1.66301243137
232	-1.72810212849
233	-6.63744512419
234	-1.3161431923
235	-1.27359128503
236	-5.49791797098
237	-1.30653773672
238	-1.26785388983
239	-3.88017187156
240	-1.66301243137
241	-1.27359128503
242	-3.88017187156
243	-1.30653773672
244	-1.72810212849
245	-5.51005280025
246	-1.3161431923
247	-1.60678340669
248	-3.88017187156
249	-8.17304770466
250	-1.72810212849
251	-8.32808116309
252	-1.66301243137
253	-1.72810212849
254	-5.8438589741
255	-1.78469766069
256	-1.60678340669
257	-3.88017187156
258	-1.78469766069
259	-1.60678340669
260	-8.51939458158
261	-1.66301243137
262	-1.26785388983
263	-6.48918830064
264	-1.3161431923
265	-1.27359128503
266	-3.88017187156
267	-1.78469766069
268	-1.27359128503
269	-4.78316236401
270	-1.66301243137
271	-1.72810212849
272	-4.12189091538
273	-1.66301243137
274	-1.26785388983
275	-8.79761849638
276	-1.66301243137
277	-1.27359128503
278	-7.90483120919
279	-1.66301243137
280	-1.27359128503
281	-10.4066120468
282	-1.78469766069
283	-1.72810212849
284	-4.78316236401
285	-1.78469766069
286	-11.5524043895
287	-4.78316236401
288	-1.30653773672
289	-1.27359128503
290	-10.8199384463
291	-1.3161431923
292	-1.27359128503
293	-4.12189091538
294	-1.30653773672
295	-1.26785388983
296	-5.7319160028
297	-8.6895285402
298	-5.93840881647
299	-5.39130324058
300	-1.3161431923
301	-1.72810212849
302	-3.88017187156
303	-1.3161431923
304	-1.60678340669
305	-4.12189091538
306	-7.55181424327
307	-1.60678340669
308	-7.24610412173
309	-1.66301243137
310	-1.60678340669
311	-5.51005280025
312	-1.66301243137
313	-1.60678340669
314	-13.1116380014
315	-1.30653773672
316	-1.27359128503
317	-5.83475545201
318	-1.3161431923
319	-1.26785388983
320	-4.12189091538
321	-1.30653773672
322	-1.27359128503
323	-9.09215951725
324	-1.78469766069
325	-1.27359128503
326	-5.8438589741
327	-1.78469766069
328	-1.26785388983
329	-8.73280116667
330	-1.3161431923
331	-1.60678340669
332	-6.67132835081
333	-1.30653773672
334	-1.60678340669
335	-8.79401129935
336	-1.3161431923
337	-1.27359128503
338	-9.97209144061
339	-1.78469766069
340	-1.26785388983
341	-4.12189091538
342	-1.66301243137
343	-1.27359128503
344	-5.659070248
345	-1.66301243137
346	-1.60678340669
347	-8.01405871051
348	-1.66301243137
349	-1.72810212849
350	-8.10771129031
351	-1.30653773672
352	-1.60678340669
353	-5.95745972662
354	-9.10969240333
355	-1.26785388983
356	-8.80977214399
357	-1.3161431923
358	-1.26785388983
359	-7.04223403093
360	-1.3161431923
361	-1.26785388983
362	-5.7319160028
363	-1.30653773672
364	-1.27359128503
365	-5.51005280025
366	-1.78469766069
367	-1.72810212849
368	-4.12189091538
369	-1.30653773672
370	-1.26785388983
371	-9.41176551311
372	-1.66301243137
373	-1.26785388983
374	-5.83475545201
375	-1.30653773672
376	-1.60678340669
377	-7.41890091251
378	-1.78469766069
379	-1.27359128503
380	-9.21846821924
381	-1.30653773672
382	-1.26785388983
383	-8.6470625331
384	-1.3161431923
385	-1.26785388983
386	-5.7319160028
387	-1.30653773672
388	-1.26785388983
389	-9.79741845491
390	-1.3161431923
391	-1.60678340669
392	-12.8243866611
393	-1.66301243137
394	-1.72810212849
395	-6.73732467215
396	-1.30653773672
397	-1.27359128503
398	-5.23818677999
399	-1.66301243137
400	-1.72810212849
401	-11.7508254158
402	-1.3161431923
403	-1.26785388983
404	-4.67984039916
405	-1.3161431923
406	-1.27359128503
407	-5.95745972662
408	-1.78469766069
409	-1.60678340669
410	-7.18280118217
411	-1.66301243137
412	-1.60678340669
413	-7.76281877642
414	-5.42993185008
415	-1.26785388983
416	-5.7319160028
417	-1.30653773672
418	-1.26785388983
419	-7.18280118217
420	-1.66301243137
421	-1.26785388983
422	-8.80977214399
423	-1.30653773672
424	-1.72810212849
425	-6.17250993989
426	-1.30653773672
427	-1.26785388983
428	-5.51005280025
429	-1.66301243137
430	-1.27359128503
431	-5.98481645301
432	-1.3161431923
433	-1.72810212849
434	-4.12189091538
435	-1.3161431923
436	-1.72810212849
437	-4.12189091538
438	-1.3161431923
439	-1.26785388983
440	-3.88017187156
441	-1.30653773672
442	-1.27359128503
443	-6.51455349569
444	-1.78469766069
445	-1.27359128503
446	-5.8438589741
447	-1.30653773672
448	-1.26785388983
449	-6.658125501
450	-1.3161431923
451	-1.27359128503
452	-3.88017187156
453	-1.78469766069
454	-1.72810212849
455	-10.3872961648
456	-1.30653773672
457	-1.26785388983
458	-3.88017187156
459	-1.30653773672
460	-1.26785388983
461	-4.12189091538
462	-1.78469766069
463	-1.27359128503
464	-5.7319160028
465	-1.78469766069
466	-1.26785388983
467	-5.49791797098
468	-1.66301243137
469	-1.60678340669
470	-6.98174820954
471	-1.78469766069
472	-1.72810212849
473	-3.88017187156
474	-1.66301243137
475	-1.26785388983
476	-6.658125501
477	-6.86485619583
478	-1.27359128503
479	-3.88017187156
480	-1.30653773672
481	-1.26785388983
482	-3.88017187156
483	-1.78469766069
484	-12.7918882592
485	-5.62999993445
486	-1.3161431923
487	-1.27359128503
488	-4.12189091538
