# log_p 	 lnL 	 
0.0	-1754.13660108	
-0.287682072452	-1754.11599752	
-0.510825623766	-1754.04031366	
-0.69314718056	-1753.92607207	
-0.847297860387	-1753.79769176	
-0.980829253012	-1753.67181981	
-1.09861228867	-1753.55646601	
-1.20397280433	-1753.45431235	
-1.29928298413	-1753.36543077	
-1.38629436112	-1753.28881055	
-1.46633706879	-1753.22309854	
-1.54044504095	-1753.16692604	
-1.60943791243	-1753.11903767	
-1.67397643357	-1753.07833049	
-1.73460105539	-1753.04385458	
-1.79175946923	-1753.01479886	
-1.8458266905	-1752.99047254	
-1.89711998489	-1752.97028676	
-1.94591014906	-1752.95373826	
-1.99243016469	-1752.94039527	
-2.03688192726	-1752.92988578	
-2.07944154168	-1752.92188785	
-2.1202635362	-1752.91612162	
-2.15948424935	-1752.91234274	
-2.19722457734	-1752.91033699	
-2.23359222151	-1752.90991585	
-2.26868354132	-1752.91091276	
-2.30258509299	-1752.91318011	
-2.33537491582	-1752.91658665	
-2.36712361413	-1752.92101535	
-2.3978952728	-1752.9263616	
-2.42774823595	-1752.93253164	
-2.45673577282	-1752.93944125	
-2.48490664979	-1752.94701467	
-2.51230562398	-1752.95518357	
-2.53897387106	-1752.96388625	
-2.56494935746	-1752.97306692	
-2.59026716545	-1752.98267503	
-2.61495977804	-1752.99266477	
-2.63905732962	-1753.00299454	
-2.66258782703	-1753.01362653	
-2.68557734525	-1753.02452636	
-2.7080502011	-1753.03566273	
-2.73002910782	-1753.04700714	
-2.75153531304	-1753.0585336	
-2.77258872224	-1753.07021841	
-2.79320800944	-1753.08203994	
-2.81341071676	-1753.09397846	
-2.83321334406	-1753.10601594	
-2.85263142991	-1753.11813593	
-2.87167962488	-1753.13032339	
-2.8903717579	-1753.14256459	
-2.90872089656	-1753.15484698	
-2.92673940207	-1753.16715909	
-2.94443897917	-1753.17949045	
-2.96183072188	-1753.19183152	
-2.97892515524	-1753.20417355	
-2.99573227355	-1753.21650859	
-3.01226157551	-1753.22882936	
-3.02852209638	-1753.24112925	
-3.04452243772	-1753.25340222	
-3.06027079469	-1753.26564279	
-3.07577498123	-1753.27784596	
-3.09104245336	-1753.29000719	
-3.10608033072	-1753.30212237	
-3.12089541651	-1753.31418778	
-3.13549421593	-1753.32620003	
-3.14988295338	-1753.3381561	
-3.16406758837	-1753.35005323	
-3.17805383035	-1753.36188897	
-3.19184715248	-1753.3736611	
-3.20545280454	-1753.38536766	
-3.21887582487	-1753.39700689	
-3.23212105162	-1753.40857724	
-3.24519313319	-1753.42007734	
-3.25809653802	-1753.43150598	
-3.2708355638	-1753.44286213	
-3.28341434601	-1753.45414487	
-3.295836866	-1753.46535346	
-3.3081069586	-1753.47648723	
-3.32022831913	-1753.48754566	
-3.33220451018	-1753.49852831	
-3.34403896782	-1753.50943486	
-3.35573500759	-1753.52026504	
-3.36729582999	-1753.53101871	
-3.37872452581	-1753.54169576	
-3.39002408106	-1753.55229617	
-3.40119738166	-1753.56281996	
-3.41224721785	-1753.57326725	
-3.42317628838	-1753.58363817	
-3.43398720449	-1753.59393291	
-3.4446824936	-1753.60415171	
-3.45526460293	-1753.61429485	
-3.4657359028	-1753.62436264	
-3.47609868984	-1753.63435542	
-3.48635519	-1753.64427357	
-3.49650756147	-1753.65411749	
-3.50655789732	-1753.66388761	
-3.51650822817	-1753.67358438	
-3.52636052462	-1753.68320827	
-3.53611669956	-1753.69275975	
-3.54577861047	-1753.70223934	
-3.55534806149	-1753.71164756	
-3.56482680544	-1753.72098492	
-3.57421654579	-1753.73025198	
-3.58351893846	-1753.73944928	
-3.59273559356	-1753.74857738	
-3.60186807712	-1753.75763685	
-3.61091791264	-1753.76662826	
-3.61988658263	-1753.77555218	
-3.62877553004	-1753.78440919	
-3.63758615973	-1753.79319989	
-3.6463198397	-1753.80192486	
-3.65497790244	-1753.81058468	
-3.66356164613	-1753.81917995	
-3.6720723358	-1753.82771126	
-3.68051120444	-1753.83617919	
-3.68887945411	-1753.84458433	
-3.69717825693	-1753.85292728	
-3.70540875607	-1753.86120862	
-3.7135720667	-1753.86942894	
-3.72166927694	-1753.87758881	
-3.72970144863	-1753.88568882	
-3.73766961828	-1753.89372953	
-3.74557479779	-1753.90171154	
-3.75341797525	-1753.9096354	
-3.76120011569	-1753.91750168	
-3.76892216179	-1753.92531094	
-3.77658503453	-1753.93306375	
-3.78418963392	-1753.94076065	
-3.79173683955	-1753.94840219	
-3.79922751128	-1753.95598891	
-3.80666248977	-1753.96352136	
-3.81404259707	-1753.97100008	
-3.82136863716	-1753.97842558	
-3.82864139649	-1753.98579839	
-3.83586164446	-1753.99311904	
-3.84303013394	-1754.00038804	
-3.85014760171	-1754.00760589	
-3.85721476893	-1754.0147731	
-3.86423234159	-1754.02189017	
-3.87120101091	-1754.02895759	
-3.87812145375	-1754.03597586	
-3.88499433304	-1754.04294544	
-3.89182029811	-1754.04986682	
-3.8985999851	-1754.05674048	
-3.90533401728	-1754.06356687	
-3.91202300543	-1754.07034646	
-3.91866754815	-1754.0770797	
-3.92526823218	-1754.08376705	
-3.93182563272	-1754.09040895	
-3.93834031375	-1754.09700585	
-3.94481282825	-1754.10355816	
-3.95124371858	-1754.11006634	
-3.95763351668	-1754.11653079	
-3.96398274436	-1754.12295194	
-3.97029191355	-1754.12933021	
-3.97656152657	-1754.135666	
-3.98279207632	-1754.14195972	
-3.98898404656	-1754.14821178	
-3.99513791214	-1754.15442255	
-4.00125413916	-1754.16059244	
-4.00733318523	-1754.16672182	
-4.01337549969	-1754.17281109	
-4.01938152375	-1754.17886062	
-4.02535169074	-1754.18487077	
-4.03128642625	-1754.19084191	
-4.03718614838	-1754.19677441	
-4.04305126783	-1754.20266863	
-4.04888218815	-1754.20852491	
-4.05467930583	-1754.21434361	
-4.06044301055	-1754.22012508	
-4.06617368526	-1754.22586964	
-4.07187170637	-1754.23157765	
-4.07753744391	-1754.23724942	
-4.08317126162	-1754.2428853	
-4.08877351717	-1754.2484856	
-4.09434456222	-1754.25405064	
-4.0998847426	-1754.25958075	
-4.10539439841	-1754.26507622	
-4.11087386417	-1754.27053738	
-4.11632346894	-1754.27596453	
-4.12174353641	-1754.28135796	
-4.12713438505	-1754.28671798	
-4.13249632819	-1754.29204488	
-4.13782967416	-1754.29733895	
-4.14313472639	-1754.30260047	
-4.14841178349	-1754.30782973	
-4.15366113938	-1754.31302702	
-4.15888308336	-1754.31819259	
-4.16407790024	-1754.32332674	
-4.1692458704	-1754.32842973	
-4.1743872699	-1754.33350183	
-4.17950237056	-1754.33854329	
-4.18459144007	-1754.34355439	
-4.18965474203	-1754.34853537	
-4.19469253606	-1754.3534865	
-4.19970507788	-1754.35840802	
-4.20469261939	-1754.36330018	
-4.20965540873	-1754.36816323	
-4.21459369037	-1754.37299741	
-4.21950770518	-1754.37780296	
-4.22439769047	-1754.38258011	
-4.22926388012	-1754.38732911	
-4.2341065046	-1754.39205018	
-4.23892579103	-1754.39674355	
-4.2437219633	-1754.40140945	
-4.24849524205	-1754.4060481	
-4.25324584481	-1754.41065973	
-4.257973986	-1754.41524454	
-4.26267987704	-1754.41980276	
-4.26736372635	-1754.42433461	
-4.27202573946	-1754.42884028	
-4.27666611902	-1754.43332	
-4.28128506487	-1754.43777396	
-4.28588277412	-1754.44220238	
-4.29045944115	-1754.44660544	
-4.29501525768	-1754.45098336	
-4.29955041285	-1754.45533634	
-4.3040650932	-1754.45966455	
-4.30855948279	-1754.46396821	
-4.31303376319	-1754.4682475	
-4.31748811354	-1754.4725026	
-4.3219227106	-1754.47673371	
-4.32633772881	-1754.48094102	
-4.33073334029	-1754.48512469	
-4.33510971489	-1754.48928492	
-4.33946702026	-1754.49342188	
-4.34380542185	-1754.49753576	
-4.348125083	-1754.50162671	
-4.3524261649	-1754.50569493	
-4.35670882669	-1754.50974058	
-4.36097322548	-1754.51376382	
-4.36521951636	-1754.51776484	
-4.36944785247	-1754.52174378	
-4.373658385	-1754.52570083	
-4.37785126326	-1754.52963613	
-4.38202663467	-1754.53354985	
-4.38618464482	-1754.53744216	
-4.39032543749	-1754.5413132	
-4.39444915467	-1754.54516314	
-4.39855593663	-1754.54899213	
-4.40264592188	-1754.55280031	
-4.40671924726	-1754.55658785	
-4.41077604796	-1754.56035489	
-4.4148164575	-1754.56410159	
-4.4188406078	-1754.56782807	
-4.42284862919	-1754.5715345	
-4.42684065046	-1754.57522102	
-4.43081679884	-1754.57888777	
-4.43477720006	-1754.58253488	
-4.43872197835	-1754.5861625	
-4.44265125649	-1754.58977077	
-4.44656515581	-1754.59335983	
-4.45046379623	-1754.5969298	
-4.45434729625	-1754.60048082	
-4.45821577303	-1754.60401304	
-4.46206934235	-1754.60752657	
-4.46590811865	-1754.61102155	
-4.46973221509	-1754.6144981	
-4.47354174351	-1754.61795636	
-4.47733681448	-1754.62139645	
-4.48111753732	-1754.6248185	
-4.48488402011	-1754.62822263	
-4.48863636973	-1754.63160896	
-4.49237469184	-1754.63497762	
-4.49609909093	-1754.63832873	
-4.49980967033	-1754.6416624	
-4.50350653221	-1754.64497876	
-4.50718977763	-1754.64827792	
-4.51085950652	-1754.65155999	
-4.51451581772	-1754.6548251	
-4.518158809	-1754.65807336	
-4.52178857705	-1754.66130488	
-4.52540521752	-1754.66451977	
-4.52900882502	-1754.66771814	
-4.53259949315	-1754.67090011	
-4.5361773145	-1754.67406578	
-4.53974238067	-1754.67721526	
-4.54329478227	-1754.68034866	
-4.54683460898	-1754.68346609	
-4.55036194949	-1754.68656764	
-4.5538768916	-1754.68965342	
-4.55737952215	-1754.69272355	
-4.56086992709	-1754.69577811	
-4.56434819147	-1754.69881721	
-4.56781439944	-1754.70184095	
-4.57126863431	-1754.70484943	
-4.5747109785	-1754.70784275	
-4.5781415136	-1754.71082101	
-4.58156032035	-1754.71378431	
-4.58496747867	-1754.71673273	
-4.58836306767	-1754.71966638	
-4.59174716566	-1754.72258536	
-4.59511985013	-1754.72548974	
-4.59848119784	-1754.72837964	
-4.60183128472	-1754.73125513	
-4.60517018599	-1754.73411632	
-4.60849797608	-1754.73696329	
-4.61181472871	-1754.73979613	
-4.61512051684	-1754.74261493	
-4.61841541274	-1754.74541978	
-4.62169948794	-1754.74821077	
-4.62497281328	-1754.75098798	
-4.62823545892	-1754.7537515	
-4.63148749431	-1754.75650142	
-4.63472898823	-1754.75923782	
-4.63796000881	-1754.76196079	
-4.64118062351	-1754.7646704	
-4.64439089914	-1754.76736674	
-4.64759090187	-1754.77004989	
-4.65078069724	-1754.77271994	
-4.65396035016	-1754.77537697	
-4.65712992492	-1754.77802105	
-4.66028948521	-1754.78065226	
-4.66343909411	-1754.78327069	
-4.66657881412	-1754.78587641	
-4.66970870713	-1754.78846949	
-4.67282883446	-1754.79105003	
-4.67593925688	-1754.79361808	
-4.67904003455	-1754.79617373	
-4.68213122712	-1754.79871706	
-4.68521289366	-1754.80124813	
-4.6882850927	-1754.80376702	
-4.69134788223	-1754.80627381	
-4.69440131972	-1754.80876856	
-4.6974454621	-1754.81125135	
-4.70048036579	-1754.81372226	
-4.70350608671	-1754.81618134	
-4.70652268025	-1754.81862868	
-4.70953020131	-1754.82106434	
-4.71252870431	-1754.8234884	
-4.71551824316	-1754.82590091	
-4.7184988713	-1754.82830195	
-4.72147064168	-1754.83069159	
-4.72443360681	-1754.8330699	
-4.72738781871	-1754.83543693	
-4.73033332894	-1754.83779276	
-4.73327018862	-1754.84013746	
-4.73619844839	-1754.84247108	
-4.7391181585	-1754.8447937	
-4.74202936871	-1754.84710538	
-4.74493212836	-1754.84940617	
-4.74782648639	-1754.85169615	
-4.75071249128	-1754.85397538	
-4.75359019111	-1754.85624392	
-4.75645963353	-1754.85850183	
-4.75932086582	-1754.86074918	
-4.7621739348	-1754.86298602	
-4.76501888693	-1754.86521241	
-4.76785576827	-1754.86742842	
-4.77068462447	-1754.86963411	
-4.77350550081	-1754.87182953	
-4.77631844218	-1754.87401474	
-4.77912349311	-1754.87618981	
-4.78192069773	-1754.87835478	
-4.78471009982	-1754.88050972	
-4.78749174278	-1754.88265469	
-4.79026566966	-1754.88478974	
-4.79303192316	-1754.88691492	
-4.7957905456	-1754.8890303	
-4.79854157897	-1754.89113593	
-4.80128506491	-1754.89323187	
-4.80402104473	-1754.89531816	
-4.80674955939	-1754.89739486	
-4.8094706495	-1754.89946203	
-4.81218435537	-1754.90151973	
-4.81489071697	-1754.903568	
-4.81758977394	-1754.90560689	
-4.82028156561	-1754.90763647	
-4.82296613098	-1754.90965677	
-4.82564350875	-1754.91166786	
-4.8283137373	-1754.91366978	
-4.83097685472	-1754.91566259	
-4.83363289878	-1754.91764634	
-4.83628190695	-1754.91962107	
-4.83892391641	-1754.92158684	
-4.84155896405	-1754.9235437	
-4.84418708646	-1754.92549169	
-4.84680831994	-1754.92743087	
-4.84942270051	-1754.92936128	
-4.85203026392	-1754.93128297	
-4.85463104562	-1754.93319599	
-4.8572250808	-1754.93510039	
-4.85981240436	-1754.93699621	
-4.86239305096	-1754.9388835	
-4.86496705495	-1754.94076231	
-4.86753445046	-1754.94263269	
-4.87009527132	-1754.94449467	
-4.87264955112	-1754.94634831	
-4.8751973232	-1754.94819366	
-4.87773862063	-1754.95003075	
-4.88027347623	-1754.95185963	
-4.88280192259	-1754.95368034	
-4.88532399202	-1754.95549294	
-4.88783971662	-1754.95729746	
-4.89034912822	-1754.95909395	
-4.89285225844	-1754.96088245	
-4.89534913864	-1754.962663	
-4.89783979995	-1754.96443565	
-4.90032427328	-1754.96620044	
-4.90280258929	-1754.9679574	
-4.90527477844	-1754.9697066	
-4.90774087093	-1754.97144805	
-4.91020089677	-1754.97318182	
-4.91265488574	-1754.97490793	
-4.91510286737	-1754.97662643	
-4.91754487103	-1754.97833736	
-4.91998092583	-1754.98004075	
-4.92241106068	-1754.98173666	
-4.92483530429	-1754.98342511	
-4.92725368516	-1754.98510616	
-4.92966623156	-1754.98677983	
-4.93207297159	-1754.98844616	
-4.93447393313	-1754.9901052	
-4.93686914386	-1754.99175699	
-4.93925863125	-1754.99340156	
-4.94164242261	-1754.99503895	
-4.94402054501	-1754.99666919	
-4.94639302537	-1754.99829233	
-4.94875989038	-1754.99990841	
-4.95112116656	-1755.00151745	
-4.95347688026	-1755.0031195	
-4.9558270576	-1755.00471459	
-4.95817172456	-1755.00630277	
-4.96051090691	-1755.00788405	
-4.96284463026	-1755.00945849	
-4.96517292002	-1755.01102612	
-4.96749580144	-1755.01258697	
-4.96981329958	-1755.01414108	
-4.97212543933	-1755.01568848	
-4.97443224543	-1755.0172292	
-4.97673374242	-1755.01876329	
-4.97902995468	-1755.02029078	
-4.98132090643	-1755.02181169	
-4.98360662171	-1755.02332607	
-4.98588712441	-1755.02483395	
-4.98816243824	-1755.02633536	
-4.99043258678	-1755.02783034	
-4.99269759341	-1755.02931891	
-4.99495748138	-1755.03080112	
-4.99721227376	-1755.03227699	
-4.9994619935	-1755.03374655	
-5.00170666335	-1755.03520984	
-5.00394630595	-1755.0366669	
-5.00618094375	-1755.03811774	
-5.00841059907	-1755.03956241	
-5.0106352941	-1755.04100093	
-5.01285505083	-1755.04243335	
-5.01506989116	-1755.04385967	
-5.01727983681	-1755.04527995	
-5.01948490937	-1755.04669421	
-5.02168513028	-1755.04810248	
-5.02388052085	-1755.04950478	
-5.02607110223	-1755.05090116	
-5.02825689545	-1755.05229164	
-5.03043792139	-1755.05367625	
-5.03261420082	-1755.05505502	
-5.03478575433	-1755.05642798	
-5.03695260241	-1755.05779516	
-5.03911476542	-1755.05915658	
-5.04127226356	-1755.06051228	
-5.04342511692	-1755.06186229	
-5.04557334546	-1755.06320663	
-5.047716969	-1755.06454533	
-5.04985600725	-1755.06587843	
-5.05199047978	-1755.06720594	
-5.05412040604	-1755.0685279	
-5.05624580535	-1755.06984433	
-5.05836669692	-1755.07115527	
-5.06048309982	-1755.07246073	
-5.06259503303	-1755.07376075	
-5.06470251537	-1755.07505536	
-5.06680556556	-1755.07634457	
-5.06890420222	-1755.07762843	
-5.07099844382	-1755.07890694	
-5.07308830874	-1755.08018015	
-5.07517381523	-1755.08144807	
-5.07725498144	-1755.08271074	
-5.07933182538	-1755.08396817	
-5.08140436498	-1755.0852204	
-5.08347261805	-1755.08646745	
-5.08553660227	-1755.08770935	
-5.08759633523	-1755.08894612	
-5.08965183441	-1755.09017778	
-5.09170311719	-1755.09140436	
-5.09375020081	-1755.09262589	
-5.09579310244	-1755.09384239	
-5.09783183913	-1755.09505389	
-5.09986642782	-1755.09626041	
-5.10189688537	-1755.09746197	
-5.10392322852	-1755.0986586	
-5.1059454739	-1755.09985033	
-5.10796363806	-1755.10103717	
-5.10997773743	-1755.10221915	
-5.11198778836	-1755.1033963	
-5.11399380708	-1755.10456863	
-5.11599580975	-1755.10573618	
-5.11799381242	-1755.10689896	
-5.11998783102	-1755.10805699	
-5.12197788143	-1755.10921031	
-5.1239639794	-1755.11035893	
-5.12594614061	-1755.11150288	
-5.12792438062	-1755.11264218	
-5.12989871492	-1755.11377685	
-5.13186915891	-1755.11490691	
-5.13383572788	-1755.11603239	
-5.13579843705	-1755.1171533	
-5.13775730154	-1755.11826968	
-5.13971233637	-1755.11938154	
-5.1416635565	-1755.1204889	
-5.14361097679	-1755.12159179	
-5.145554612	-1755.12269022	
-5.14749447681	-1755.12378422	
-5.14943058584	-1755.12487381	
-5.15136295359	-1755.12595901	
-5.1532915945	-1755.12703984	
-5.15521652291	-1755.12811632	
-5.15713775309	-1755.12918848	
-5.15905529921	-1755.13025633	
-5.1609691754	-1755.1313199	
-5.16287939565	-1755.13237919	
-5.16478597392	-1755.13343425	
-5.16668892407	-1755.13448508	
-5.16858825987	-1755.1355317	
-5.17048399504	-1755.13657414	
-5.17237614319	-1755.13761241	
-5.17426471788	-1755.13864654	
-5.17614973257	-1755.13967654	
-5.17803120067	-1755.14070244	
-5.1799091355	-1755.14172425	
-5.18178355029	-1755.14274199	
-5.18365445823	-1755.14375568	
-5.1855218724	-1755.14476534	
-5.18738580584	-1755.145771	
-5.18924627149	-1755.14677266	
-5.19110328224	-1755.14777035	
-5.19295685089	-1755.14876408	
-5.19480699018	-1755.14975388	
-5.19665371277	-1755.15073976	
-5.19849703127	-1755.15172175	
-5.20033695819	-1755.15269985	
-5.202173506	-1755.15367409	
-5.20400668708	-1755.15464449	
-5.20583651375	-1755.15561106	
-5.20766299828	-1755.15657382	
-5.20948615284	-1755.15753279	
-5.21130598956	-1755.15848799	
-5.21312252048	-1755.15943944	
-5.21493575761	-1755.16038714	
-5.21674571285	-1755.16133113	
-5.21855239808	-1755.16227141	
-5.22035582508	-1755.16320801	
-5.22215600558	-1755.16414094	
-5.22395295126	-1755.16507021	
-5.22574667371	-1755.16599585	
-5.22753718449	-1755.16691787	
-5.22932449506	-1755.1678363	
-5.23110861685	-1755.16875113	
-5.23288956123	-1755.1696624	
-5.23466733947	-1755.17057012	
-5.23644196283	-1755.1714743	
-5.23821344248	-1755.17237496	
-5.23998178954	-1755.17327212	
-5.24174701506	-1755.17416579	
-5.24350913005	-1755.17505599	
-5.24526814546	-1755.17594274	
-5.24702407216	-1755.17682605	
-5.24877692099	-1755.17770593	
-5.25052670271	-1755.17858241	
-5.25227342805	-1755.17945549	
-5.25401710765	-1755.1803252	
-5.25575775213	-1755.18119155	
-5.25749537203	-1755.18205455	
-5.25922997784	-1755.18291422	
-5.26096158	-1755.18377058	
-5.2626901889	-1755.18462363	
-5.26441581487	-1755.18547341	
-5.26613846818	-1755.18631991	
-5.26785815906	-1755.18716315	
-5.26957489768	-1755.18800316	
-5.27128869416	-1755.18883994	
-5.27299955856	-1755.18967351	
-5.27470750091	-1755.19050388	
-5.27641253116	-1755.19133107	
-5.27811465923	-1755.19215509	
-5.27981389498	-1755.19297596	
-5.28151024823	-1755.19379369	
-5.28320372874	-1755.1946083	
-5.28489434622	-1755.19541979	
-5.28658211033	-1755.19622819	
-5.28826703069	-1755.1970335	
-5.28994911688	-1755.19783575	
-5.2916283784	-1755.19863494	
-5.29330482472	-1755.19943109	
-5.29497846528	-1755.20022421	
-5.29664930945	-1755.20101431	
-5.29831736655	-1755.20180142	
-5.29998264587	-1755.20258554	
-5.30164515664	-1755.20336668	
-5.30330490806	-1755.20414487	
-5.30496190927	-1755.20492011	
-5.30661616936	-1755.20569241	
-5.3082676974	-1755.20646179	
-5.30991650239	-1755.20722827	
-5.3115625933	-1755.20799184	
-5.31320597904	-1755.20875254	
-5.3148466685	-1755.20951037	
-5.3164846705	-1755.21026534	
-5.31811999384	-1755.21101747	
-5.31975264727	-1755.21176676	
-5.32138263948	-1755.21251324	
-5.32300997914	-1755.21325691	
-5.32463467487	-1755.21399779	
-5.32625673524	-1755.21473589	
-5.32787616879	-1755.21547121	
-5.32949298402	-1755.21620378	
-5.33110718937	-1755.21693361	
-5.33271879327	-1755.2176607	
-5.33432780407	-1755.21838507	
-5.33593423012	-1755.21910674	
-5.3375380797	-1755.21982571	
-5.33913936107	-1755.22054199	
-5.34073808243	-1755.2212556	
-5.34233425196	-1755.22196655	
-5.3439278778	-1755.22267485	
-5.34551896803	-1755.22338051	
-5.34710753072	-1755.22408355	
-5.34869357387	-1755.22478397	
-5.35027710548	-1755.22548179	
-5.35185813348	-1755.22617701	
-5.35343666577	-1755.22686966	
-5.35501271022	-1755.22755974	
-5.35658627467	-1755.22824725	
-5.3581573669	-1755.22893223	
-5.35972599468	-1755.22961466	
-5.36129216571	-1755.23029457	
-5.36285588769	-1755.23097197	
-5.36441716825	-1755.23164687	
-5.36597601502	-1755.23231927	
-5.36753243557	-1755.23298919	
-5.36908643744	-1755.23365664	
-5.37063802813	-1755.23432164	
-5.37218721511	-1755.23498418	
-5.37373400583	-1755.23564429	
-5.37527840768	-1755.23630196	
-5.37682042804	-1755.23695722	
-5.37836007422	-1755.23761008	
-5.37989735354	-1755.23826054	
-5.38143227326	-1755.23890861	
-5.38296484061	-1755.2395543	
-5.38449506279	-1755.24019764	
-5.38602294697	-1755.24083861	
-5.38754850028	-1755.24147724	
-5.38907172982	-1755.24211354	
-5.39059264266	-1755.24274751	
-5.39211124583	-1755.24337916	
-5.39362754635	-1755.24400851	
-5.39514155118	-1755.24463557	
-5.39665326727	-1755.24526034	
-5.39816270152	-1755.24588283	
-5.39966986081	-1755.24650306	
-5.40117475199	-1755.24712104	
-5.40267738187	-1755.24773676	
-5.40417775725	-1755.24835025	
-5.40567588487	-1755.24896151	
-5.40717177146	-1755.24957056	
-5.40866542372	-1755.2501774	
-5.4101568483	-1755.25078203	
-5.41164605186	-1755.25138448	
-5.41313304098	-1755.25198475	
-5.41461782224	-1755.25258285	
-5.4161004022	-1755.25317878	
-5.41758078737	-1755.25377256	
-5.41905898424	-1755.2543642	
-5.42053499927	-1755.25495371	
-5.42200883889	-1755.25554109	
-5.4234805095	-1755.25612635	
-5.42495001748	-1755.25670951	
-5.42641736918	-1755.25729057	
-5.4278825709	-1755.25786954	
-5.42934562895	-1755.25844642	
-5.43080654959	-1755.25902124	
-5.43226533906	-1755.25959399	
-5.43372200355	-1755.26016469	
-5.43517654927	-1755.26073334	
-5.43662898235	-1755.26129996	
-5.43807930892	-1755.26186454	
-5.4395275351	-1755.26242711	
-5.44097366695	-1755.26298767	
-5.44241771052	-1755.26354622	
-5.44385967184	-1755.26410277	
-5.4452995569	-1755.26465734	
-5.44673737167	-1755.26520994	
-5.44817312209	-1755.26576056	
-5.44960681409	-1755.26630922	
-5.45103845357	-1755.26685593	
-5.45246804638	-1755.26740069	
-5.45389559837	-1755.26794352	
-5.45532111536	-1755.26848441	
-5.45674460314	-1755.26902339	
-5.45816606749	-1755.26956045	
-5.45958551414	-1755.27009561	
-5.46100294883	-1755.27062887	
-5.46241837723	-1755.27116024	
-5.46383180503	-1755.27168973	
-5.46524323786	-1755.27221734	
-5.46665268137	-1755.27274309	
-5.46806014114	-1755.27326699	
-5.46946562274	-1755.27378903	
-5.47086913175	-1755.27430923	
-5.47227067367	-1755.27482759	
-5.47367025403	-1755.27534413	
-5.47506787829	-1755.27585884	
-5.47646355193	-1755.27637175	
-5.47785728038	-1755.27688285	
-5.47924906905	-1755.27739215	
-5.48063892334	-1755.27789966	
-5.48202684862	-1755.27840539	
-5.48341285022	-1755.27890935	
-5.48479693349	-1755.27941153	
-5.48617910372	-1755.27991196	
-5.48755936619	-1755.28041063	
-5.48893772616	-1755.28090755	
-5.49031418887	-1755.28140274	
-5.49168875953	-1755.28189619	
-5.49306144334	-1755.28238792	
-5.49443224547	-1755.28287793	
-5.49580117108	-1755.28336623	
-5.49716822529	-1755.28385283	
-5.49853341322	-1755.28433773	
-5.49989673995	-1755.28482094	
-5.50125821054	-1755.28530246	
-5.50261783006	-1755.28578231	
-5.50397560352	-1755.2862605	
-5.50533153593	-1755.28673701	
-5.50668563228	-1755.28721188	
-5.50803789753	-1755.28768509	
-5.50938833663	-1755.28815666	
-5.5107369545	-1755.28862659	
-5.51208375605	-1755.2890949	
-5.51342874616	-1755.28956158	
-5.51477192971	-1755.29002665	
-5.51611331154	-1755.29049011	
-5.51745289646	-1755.29095196	
-5.51879068931	-1755.29141222	
-5.52012669485	-1755.29187089	
-5.52146091786	-1755.29232798	
-5.5227933631	-1755.29278349	
-5.52412403528	-1755.29323742	
-5.52545293913	-1755.2936898	
-5.52678007934	-1755.29414061	
-5.52810546058	-1755.29458987	
-5.52942908751	-1755.29503759	
-5.53075096477	-1755.29548377	
-5.53207109697	-1755.29592842	
-5.53338948873	-1755.29637153	
-5.53470614461	-1755.29681313	
-5.53602106919	-1755.29725321	
-5.53733426702	-1755.29769179	
-5.53864574262	-1755.29812886	
-5.5399555005	-1755.29856443	
-5.54126354516	-1755.29899852	
-5.54256988107	-1755.29943111	
-5.5438745127	-1755.29986223	
-5.54517744448	-1755.30029188	
-5.54647868084	-1755.30072006	
-5.54777822618	-1755.30114678	
-5.5490760849	-1755.30157205	
-5.55037226136	-1755.30199586	
-5.55166675992	-1755.30241823	
-5.55295958492	-1755.30283916	
-5.55425074069	-1755.30325866	
-5.55554023152	-1755.30367674	
-5.5568280617	-1755.30409339	
-5.55811423551	-1755.30450863	
-5.5593987572	-1755.30492245	
-5.56068163102	-1755.30533488	
-5.56196286117	-1755.3057459	
-5.56324245188	-1755.30615553	
-5.56452040732	-1755.30656378	
-5.56579673168	-1755.30697064	
-5.56707142911	-1755.30737612	
-5.56834450376	-1755.30778024	
-5.56961595975	-1755.30818299	
-5.57088580119	-1755.30858438	
-5.57215403218	-1755.30898441	
-5.57342065679	-1755.30938309	
-5.5746856791	-1755.30978043	
-5.57594910315	-1755.31017643	
-5.57721093297	-1755.3105711	
-5.57847117258	-1755.31096444	
-5.57972982599	-1755.31135645	
-5.58098689718	-1755.31174715	
-5.58224239012	-1755.31213653	
-5.58349630878	-1755.31252461	
-5.5847486571	-1755.31291138	
-5.585999439	-1755.31329685	
-5.5872486584	-1755.31368104	
-5.5884963192	-1755.31406393	
-5.58974242528	-1755.31444554	
-5.59098698051	-1755.31482588	
-5.59222998875	-1755.31520494	
-5.59347145384	-1755.31558273	
-5.5947113796	-1755.31595927	
-5.59594976985	-1755.31633454	
-5.59718662839	-1755.31670856	
-5.598421959	-1755.31708134	
-5.59965576545	-1755.31745287	
-5.60088805149	-1755.31782316	
-5.60211882088	-1755.31819222	
-5.60334807733	-1755.31856005	
-5.60457582457	-1755.31892665	
-5.6058020663	-1755.31929204	
-5.60702680619	-1755.31965621	
-5.60825004793	-1755.32001918	
-5.60947179518	-1755.32038093	
-5.61069205159	-1755.32074149	
-5.61191082078	-1755.32110085	
-5.61312810639	-1755.32145902	
-5.61434391201	-1755.32181601	
-5.61555824124	-1755.32217181	
-5.61677109767	-1755.32252643	
-5.61798248485	-1755.32287988	
-5.61919240636	-1755.32323216	
-5.62040086572	-1755.32358328	
-5.62160786647	-1755.32393324	
-5.62281341212	-1755.32428205	
-5.62401750619	-1755.3246297	
-5.62522015215	-1755.32497621	
-5.6264213535	-1755.32532157	
-5.62762111369	-1755.3256658	
-5.62881943618	-1755.32600889	
-5.63001632442	-1755.32635086	
-5.63121178182	-1755.3266917	
-5.63240581181	-1755.32703142	
-5.6335984178	-1755.32737003	
-5.63478960317	-1755.32770752	
-5.6359793713	-1755.32804391	
-5.63716772557	-1755.32837919	
-5.63835466933	-1755.32871338	
-5.63954020593	-1755.32904647	
-5.64072433869	-1755.32937846	
-5.64190707094	-1755.32970938	
-5.64308840598	-1755.33003921	
-5.64426834712	-1755.33036796	
-5.64544689764	-1755.33069564	
-5.64662406082	-1755.33102224	
-5.64779983991	-1755.33134779	
-5.64897423816	-1755.33167227	
-5.65014725882	-1755.33199569	
-5.65131890512	-1755.33231805	
-5.65248918027	-1755.33263937	
-5.65365808747	-1755.33295964	
-5.65482562993	-1755.33327887	
-5.65599181082	-1755.33359706	
-5.65715663332	-1755.33391422	
-5.65832010058	-1755.33423035	
-5.65948221576	-1755.33454545	
-5.660642982	-1755.33485953	
-5.66180240242	-1755.33517259	
-5.66296048014	-1755.33548463	
-5.66411721826	-1755.33579566	
-5.66527261989	-1755.33610569	
-5.66642668811	-1755.33641471	
-5.66757942599	-1755.33672273	
-5.6687308366	-1755.33702976	
-5.66988092298	-1755.33733579	
-5.67102968818	-1755.33764084	
-5.67217713524	-1755.3379449	
-5.67332326717	-1755.33824798	
-5.67446808699	-1755.33855008	
-5.67561159769	-1755.33885121	
-5.67675380227	-1755.33915136	
-5.6778947037	-1755.33945056	
-5.67903430497	-1755.33974878	
-5.68017260902	-1755.34004605	
-5.6813096188	-1755.34034236	
-5.68244533727	-1755.34063772	
-5.68357976734	-1755.34093214	
-5.68471291194	-1755.3412256	
-5.68584477397	-1755.34151813	
-5.68697535634	-1755.34180971	
-5.68810466194	-1755.34210036	
-5.68923269364	-1755.34239008	
-5.69035945432	-1755.34267887	
-5.69148494685	-1755.34296674	
-5.69260917406	-1755.34325369	
-5.6937321388	-1755.34353972	
-5.69485384391	-1755.34382483	
-5.69597429221	-1755.34410904	
-5.69709348651	-1755.34439233	
-5.69821142961	-1755.34467472	
-5.69932812431	-1755.34495622	
-5.70044357339	-1755.34523681	
-5.70155777963	-1755.34551651	
-5.7026707458	-1755.34579532	
-5.70378247466	-1755.34607324	
-5.70489296894	-1755.34635028	
-5.70600223139	-1755.34662643	
-5.70711026475	-1755.34690171	
-5.70821707172	-1755.34717611	
-5.70932265503	-1755.34744964	
-5.71042701737	-1755.34772231	
-5.71153016145	-1755.34799411	
-5.71263208993	-1755.34826504	
-5.71373280551	-1755.34853512	
-5.71483231084	-1755.34880434	
-5.71593060859	-1755.34907271	
-5.71702770141	-1755.34934023	
-5.71812359193	-1755.3496069	
-5.71921828279	-1755.34987273	
-5.72031177661	-1755.35013772	
-5.72140407601	-1755.35040188	
-5.72249518359	-1755.3506652	
-5.72358510195	-1755.35092769	
-5.72467383369	-1755.35118935	
-5.72576138137	-1755.35145018	
-5.72684774759	-1755.35171019	
-5.72793293489	-1755.35196939	
-5.72901694583	-1755.35222777	
-5.73009978297	-1755.35248533	
-5.73118144884	-1755.35274209	
-5.73226194598	-1755.35299803	
-5.7333412769	-1755.35325318	
-5.73441944412	-1755.35350752	
-5.73549645015	-1755.35376106	
-5.73657229748	-1755.35401381	
-5.73764698861	-1755.35426577	
-5.73872052602	-1755.35451693	
-5.73979291218	-1755.35476731	
-5.74086414956	-1755.35501691	
-5.74193424062	-1755.35526572	
-5.74300318781	-1755.35551375	
-5.74407099357	-1755.35576101	
-5.74513766034	-1755.3560075	
-5.74620319054	-1755.35625322	
-5.7472675866	-1755.35649816	
-5.74833085092	-1755.35674235	
-5.74939298591	-1755.35698577	
-5.75045399397	-1755.35722843	
-5.75151387748	-1755.35747034	
-5.75257263883	-1755.35771149	
-5.75363028038	-1755.35795189	
-5.75468680452	-1755.35819155	
-5.75574221359	-1755.35843045	
-5.75679650994	-1755.35866862	
-5.75784969593	-1755.35890604	
-5.75890177388	-1755.35914273	
-5.75995274612	-1755.35937868	
-5.76100261499	-1755.3596139	
-5.76205138278	-1755.35984839	
-5.76309905181	-1755.36008215	
-5.76414562438	-1755.36031518	
-5.76519110278	-1755.3605475	
-5.7662354893	-1755.36077909	
-5.76727878622	-1755.36100997	
-5.76832099579	-1755.36124014	
-5.7693621203	-1755.36146959	
-5.770402162	-1755.36169833	
-5.77144112313	-1755.36192637	
-5.77247900594	-1755.3621537	
-5.77351581267	-1755.36238033	
-5.77455154554	-1755.36260626	
-5.77558620679	-1755.36283149	
-5.77661979861	-1755.36305603	
-5.77765232322	-1755.36327987	
-5.77868378283	-1755.36350303	
-5.77971417962	-1755.3637255	
-5.78074351579	-1755.36394728	
-5.78177179352	-1755.36416839	
-5.78279901497	-1755.36438881	
-5.78382518233	-1755.36460856	
-5.78485029774	-1755.36482763	
-5.78587436337	-1755.36504602	
-5.78689738137	-1755.36526375	
-5.78791935386	-1755.36548081	
-5.788940283	-1755.3656972	
-5.7899601709	-1755.36591293	
-5.79097901969	-1755.366128	
-5.79199683148	-1755.36634241	
-5.79301360838	-1755.36655616	
-5.7940293525	-1755.36676926	
-5.79504406593	-1755.36698171	
-5.79605775077	-1755.36719351	
-5.79707040908	-1755.36740466	
-5.79808204295	-1755.36761517	
-5.79909265446	-1755.36782503	
-5.80010224566	-1755.36803425	
-5.80111081862	-1755.36824284	
-5.80211837538	-1755.36845078	
-5.80312491799	-1755.3686581	
-5.80413044849	-1755.36886478	
-5.80513496892	-1755.36907083	
-5.80613848129	-1755.36927626	
-5.80714098764	-1755.36948106	
-5.80814248998	-1755.36968524	
-5.80914299031	-1755.3698888	
