#Site	lnL	
0	-4.36296253356
1	-4.25697207485
2	-15.2001762024
3	-4.30928403555
4	-4.25697207485
5	-11.4139614381
6	-4.30928403555
7	-4.29985035115
8	-6.32316717778
9	-9.06195285271
10	-4.8821460082
11	-14.774227427
12	-4.36296253356
13	-4.64488447522
14	-15.7460096818
15	-4.36296253356
16	-4.25697207485
17	-7.9992798341
18	-4.72907341566
19	-4.64488447522
20	-12.5498858704
21	-4.96951352672
22	-4.29985035115
23	-9.98226849341
24	-4.36296253356
25	-14.2328229856
26	-11.4161831507
27	-4.96951352672
28	-4.29985035115
29	-6.32316717778
30	-4.72907341566
31	-4.25697207485
32	-10.3606592877
33	-4.36296253356
34	-11.4435596345
35	-14.3494350372
36	-4.30928403555
37	-4.25697207485
38	-6.32316717778
39	-4.72907341566
40	-4.29985035115
41	-11.809375124
42	-8.82602978848
43	-4.8821460082
44	-10.5641284725
45	-4.72907341566
46	-4.25697207485
47	-13.5874970267
48	-9.98722883783
49	-4.29985035115
50	-6.32316717778
51	-4.72907341566
52	-4.25697207485
53	-15.2659838219
54	-4.96951352672
55	-4.8821460082
56	-8.05893755441
57	-4.96951352672
58	-4.29985035115
59	-11.2497386424
60	-4.36296253356
61	-4.25697207485
62	-6.78193028462
63	-4.72907341566
64	-4.64488447522
65	-6.32316717778
66	-4.30928403555
67	-4.64488447522
68	-23.1396061347
69	-9.91949776957
70	-4.29985035115
71	-10.6854624673
72	-4.30928403555
73	-4.25697207485
74	-9.07915224605
75	-4.96951352672
76	-4.29985035115
77	-11.9028105527
78	-4.36296253356
79	-4.64488447522
80	-9.18567109152
81	-18.9103487257
82	-4.64488447522
83	-11.9015916641
84	-4.36296253356
85	-4.64488447522
86	-15.6526144436
87	-4.96951352672
88	-4.25697207485
89	-6.32316717778
90	-4.36296253356
91	-4.8821460082
92	-9.40872210704
93	-14.0054277275
94	-10.6542582445
95	-11.9979722091
96	-4.30928403555
97	-4.25697207485
98	-6.78193028462
99	-4.96951352672
100	-4.64488447522
101	-14.0390928218
102	-4.72907341566
103	-4.29985035115
104	-13.010603545
105	-4.72907341566
106	-4.64488447522
107	-7.9992798341
108	-4.30928403555
109	-4.64488447522
110	-9.46889849271
111	-4.72907341566
112	-4.29985035115
113	-16.2133059536
114	-4.72907341566
115	-4.64488447522
116	-8.06905306235
117	-4.30928403555
118	-4.25697207485
119	-10.632170191
120	-10.012408406
121	-4.29985035115
122	-7.9992798341
123	-4.72907341566
124	-9.73877287043
125	-11.2753910009
126	-4.30928403555
127	-4.25697207485
128	-7.9992798341
129	-4.72907341566
130	-4.29985035115
131	-12.0731489251
132	-14.7973524748
133	-4.29985035115
134	-6.78193028462
135	-4.30928403555
136	-4.8821460082
137	-6.32316717778
138	-4.30928403555
139	-4.25697207485
140	-8.05893755441
141	-4.36296253356
142	-4.8821460082
143	-9.25156237231
144	-4.36296253356
145	-4.64488447522
146	-15.0688988781
147	-4.30928403555
148	-4.29985035115
149	-11.4663102787
150	-4.96951352672
151	-4.64488447522
152	-13.9673433068
153	-4.96951352672
154	-4.64488447522
155	-15.7589622267
156	-4.72907341566
157	-4.25697207485
158	-8.05893755441
159	-4.72907341566
160	-4.8821460082
161	-11.5949893475
162	-4.30928403555
163	-4.29985035115
164	-8.05893755441
165	-14.6407605567
166	-4.25697207485
167	-9.13577275581
168	-4.36296253356
169	-4.25697207485
170	-13.702111971
171	-4.72907341566
172	-4.29985035115
173	-10.1772139325
174	-4.30928403555
175	-4.8821460082
176	-6.78193028462
177	-4.72907341566
178	-4.25697207485
179	-10.7673679847
180	-4.30928403555
181	-4.25697207485
182	-11.1387078581
183	-4.36296253356
184	-4.29985035115
185	-7.9992798341
186	-4.30928403555
187	-4.25697207485
188	-8.5039276625
189	-4.36296253356
190	-4.8821460082
191	-6.32316717778
192	-4.30928403555
193	-4.25697207485
194	-12.2111429595
195	-4.30928403555
196	-4.64488447522
197	-6.78193028462
198	-4.30928403555
199	-4.8821460082
200	-6.78193028462
201	-4.30928403555
202	-4.29985035115
203	-10.7500697262
204	-4.72907341566
205	-4.8821460082
206	-11.2247395045
207	-4.96951352672
208	-4.25697207485
209	-9.29535397591
210	-4.96951352672
211	-4.25697207485
212	-15.7948449137
213	-4.96951352672
214	-4.25697207485
215	-6.78193028462
216	-4.72907341566
217	-4.64488447522
218	-11.3327419083
219	-4.30928403555
220	-4.8821460082
221	-9.87411436324
222	-4.30928403555
223	-4.25697207485
224	-6.32316717778
225	-4.36296253356
226	-4.29985035115
227	-8.96032081133
228	-15.1162767956
229	-4.8821460082
230	-7.9992798341
231	-4.96951352672
232	-4.29985035115
233	-10.0478214499
234	-4.36296253356
235	-4.8821460082
236	-16.132214501
237	-4.30928403555
238	-4.29985035115
239	-8.05893755441
240	-4.72907341566
241	-4.25697207485
242	-14.6153827687
243	-4.36296253356
244	-4.29985035115
245	-8.96032081133
246	-4.30928403555
247	-4.64488447522
248	-8.90225637321
249	-4.96951352672
250	-4.64488447522
251	-13.1213470746
252	-4.36296253356
253	-4.25697207485
254	-6.78193028462
255	-4.72907341566
256	-4.25697207485
257	-6.32316717778
258	-4.72907341566
259	-4.25697207485
260	-6.32316717778
261	-4.36296253356
262	-4.8821460082
263	-8.13866565298
264	-4.72907341566
265	-4.25697207485
266	-9.27972704129
267	-4.72907341566
268	-4.8821460082
269	-13.0538529935
270	-4.36296253356
271	-4.29985035115
272	-7.80817089927
273	-4.30928403555
274	-4.29985035115
275	-8.05893755441
276	-4.36296253356
277	-4.29985035115
278	-6.78193028462
279	-9.73850045772
280	-4.29985035115
281	-11.3649433011
282	-4.96951352672
283	-10.5021917131
284	-14.3429542819
285	-4.30928403555
286	-4.25697207485
287	-8.05893755441
288	-4.36296253356
289	-4.64488447522
290	-9.89875587025
291	-4.96951352672
292	-4.29985035115
293	-10.8939789957
294	-4.72907341566
295	-4.64488447522
296	-16.6516642095
297	-4.72907341566
298	-4.29985035115
299	-6.78193028462
300	-4.96951352672
301	-4.64488447522
302	-8.87547845382
303	-4.96951352672
304	-4.25697207485
305	-9.27972704129
306	-4.30928403555
307	-4.64488447522
308	-10.0360848208
309	-4.36296253356
310	-4.25697207485
311	-19.1800899582
312	-4.72907341566
313	-4.8821460082
314	-6.78193028462
315	-4.30928403555
316	-4.29985035115
317	-6.78193028462
318	-4.96951352672
319	-4.64488447522
320	-10.8256050987
321	-4.72907341566
322	-4.25697207485
323	-6.78193028462
324	-4.72907341566
325	-4.29985035115
326	-21.5503817483
327	-4.96951352672
328	-9.53300056183
329	-8.82920703074
330	-4.30928403555
331	-4.29985035115
332	-8.05893755441
333	-14.6564089875
334	-4.25697207485
335	-6.32316717778
336	-4.30928403555
337	-4.64488447522
338	-10.7365263091
339	-4.96951352672
340	-4.8821460082
341	-11.6536120184
342	-4.36296253356
343	-4.25697207485
344	-11.8126367927
345	-4.36296253356
346	-9.53300056183
347	-11.1662528918
348	-4.96951352672
349	-4.8821460082
350	-12.7027323275
351	-4.36296253356
352	-10.6583450196
353	-6.32316717778
354	-4.72907341566
355	-4.29985035115
356	-12.7396516781
357	-10.2028090201
358	-4.29985035115
359	-21.5440613759
360	-24.2808766061
361	-4.29985035115
362	-6.32316717778
363	-4.72907341566
364	-4.29985035115
365	-9.15846145571
366	-4.30928403555
367	-4.29985035115
368	-7.80817089927
369	-4.72907341566
370	-4.29985035115
371	-6.32316717778
372	-4.36296253356
373	-14.1596375366
374	-9.40872210704
375	-10.0438916128
376	-4.25697207485
377	-6.32316717778
378	-13.8021989911
379	-4.64488447522
380	-7.9992798341
381	-4.30928403555
382	-4.29985035115
383	-8.5039276625
384	-4.30928403555
385	-4.29985035115
386	-10.8256050987
387	-4.30928403555
388	-4.8821460082
389	-8.05893755441
390	-4.36296253356
391	-4.25697207485
392	-11.5445372752
393	-4.36296253356
394	-4.25697207485
395	-6.78193028462
396	-4.72907341566
397	-4.29985035115
398	-8.96032081133
399	-4.96951352672
400	-16.3338045804
401	-6.32316717778
402	-4.72907341566
403	-4.8821460082
404	-6.32316717778
405	-4.72907341566
406	-4.29985035115
407	-6.78193028462
408	-4.72907341566
409	-4.64488447522
410	-16.6035275175
411	-9.6927412016
412	-4.29985035115
413	-10.9974140451
414	-4.30928403555
415	-4.25697207485
416	-6.32316717778
417	-4.30928403555
418	-4.29985035115
419	-6.32316717778
420	-4.36296253356
421	-4.25697207485
422	-6.32316717778
423	-4.96951352672
424	-4.25697207485
425	-8.05893755441
426	-4.30928403555
427	-4.25697207485
428	-6.32316717778
429	-4.96951352672
430	-4.25697207485
431	-6.78193028462
432	-4.72907341566
433	-4.64488447522
434	-13.6255875599
435	-4.30928403555
436	-4.29985035115
437	-8.82920703074
438	-4.36296253356
439	-4.25697207485
440	-8.42370869683
441	-4.36296253356
442	-4.25697207485
443	-8.82920703074
444	-4.36296253356
445	-4.64488447522
446	-6.78193028462
447	-4.72907341566
448	-4.8821460082
449	-8.87547845382
450	-4.30928403555
451	-4.29985035115
452	-6.78193028462
453	-13.8021989911
454	-4.29985035115
455	-13.9531645304
456	-4.96951352672
457	-4.29985035115
458	-8.5039276625
459	-10.0438916128
460	-4.25697207485
461	-6.32316717778
462	-4.36296253356
463	-4.8821460082
464	-6.78193028462
465	-4.36296253356
466	-4.29985035115
467	-8.05893755441
468	-4.96951352672
469	-4.8821460082
470	-9.07915224605
471	-4.72907341566
472	-4.25697207485
473	-15.2475378464
474	-4.36296253356
475	-4.29985035115
476	-6.78193028462
477	-4.36296253356
478	-4.64488447522
479	-6.78193028462
480	-4.36296253356
481	-4.64488447522
482	-17.2487748819
483	-4.30928403555
484	-4.29985035115
485	-9.45205044997
486	-4.36296253356
487	-4.29985035115
488	-11.9354126161
