#Site	lnL	
0	-14.5915539774
1	-8.41858532833
2	-11.4972780547
3	-13.3906854341
4	-13.5308168321
5	-5.66331395851
6	-17.7213914521
7	-8.20552007431
8	-13.0607364546
9	-5.60408051674
10	-16.7415668323
11	-7.78925918194
12	-7.47845624517
13	-7.64995473575
14	-10.1558658793
15	-7.8144319093
16	-11.934774779
17	-10.2805021324
18	-15.8987454901
19	-11.6563104039
20	-13.0857265063
21	-9.01332265131
22	-7.00699106772
23	-18.0525117313
24	-10.5299740703
25	-4.26446350229
26	-6.0544074953
27	-4.26446350229
28	-12.1140384366
29	-9.23853299459
30	-8.61521924109
31	-24.9124265626
32	-6.00299329241
33	-10.8182053659
34	-9.4097817474
35	-4.23483650269
36	-6.0218970972
37	-7.42823111332
38	-19.4879144115
39	-8.26920520038
40	-6.06925282961
41	-9.95426239188
42	-14.1367248464
43	-9.98772821851
44	-9.55158256163
45	-16.2725111231
46	-6.06925282961
47	-9.34197129303
48	-8.61559470617
49	-4.81248227544
50	-4.23483650269
51	-11.4664226615
52	-9.40608228866
53	-7.22145076466
54	-4.81248227544
55	-8.39379158411
56	-11.0418144779
57	-10.0485426021
58	-11.1895063386
59	-14.3721141692
60	-8.44406805977
61	-17.6698462381
62	-17.929107407
63	-18.8253258065
64	-25.2925970027
65	-7.66716527108
66	-11.92218784
67	-4.93316861881
68	-4.88347310352
69	-12.4955587607
70	-8.2795155611
71	-14.8238233253
72	-14.8402535284
73	-5.97166760715
74	-7.52740851788
75	-8.6794450087
76	-6.45530383491
77	-5.63353778471
78	-7.37700797523
79	-20.0899900963
80	-12.0222873292
81	-16.3037840547
82	-19.6563457065
83	-4.81248227544
84	-18.2656337838
85	-25.9790297414
86	-13.1485139887
87	-13.4499488971
88	-14.8572310779
89	-10.0995755844
90	-11.4907118587
91	-9.08235600287
92	-10.4742215477
93	-21.2590976872
94	-13.641790531
95	-11.2397484203
96	-11.1764081144
97	-13.0357063529
98	-15.1138943644
99	-8.93308168876
100	-5.91710654164
101	-4.8774444173
102	-8.66133225608
103	-11.0915211521
104	-21.7776231596
105	-10.0139017448
106	-18.4124799366
107	-15.462666943
108	-11.7519511245
109	-6.0544074953
110	-4.4750977806
111	-9.57561837989
112	-8.14970646794
113	-7.37700797523
114	-4.23483650269
115	-18.1292024126
116	-5.26858176385
117	-4.4750977806
118	-6.7683013055
119	-23.3592026146
120	-12.632891613
121	-14.6440419535
122	-17.2867676241
123	-9.50240955737
124	-17.9062136181
125	-4.26446350229
126	-11.6014886458
127	-14.3323333544
128	-11.1726411512
129	-9.06826754077
130	-9.07217341595
131	-5.97787506175
132	-9.32817964764
133	-11.4906384685
134	-8.89772084417
135	-8.29800893024
136	-6.21887073032
137	-11.6000696112
138	-15.9384685516
139	-15.595658422
140	-8.68644957601
141	-11.6434041593
142	-5.55110482937
143	-4.93316861881
144	-9.52298134648
145	-10.8323497301
146	-5.28356368174
147	-8.74755406921
148	-14.4730253665
149	-14.5832432429
150	-7.68603663657
151	-10.6191262917
152	-14.3160103497
153	-8.14865366805
154	-11.7381340104
155	-5.97787506175
156	-13.5369924903
157	-4.23483650269
158	-9.30925289192
159	-6.21887073032
160	-9.80157089304
161	-13.5942856024
162	-16.283835478
