-7.775202322600410776e-01
-5.163826178120070054e-01
-8.339971550005376155e-01
2.484389635874415525e+00
-3.516168207884579067e-01
2.718410367372465775e+00
5.658006245100787313e-01
-8.881526938716993724e-01
-4.906989566632041999e+00
-6.745936555864038731e+00
-4.276993112139046538e+00
-4.526722040238436939e+00
-6.762751282521199059e+00
-5.981044328407001842e+00
-6.183989274726375385e+00
-5.472140855653251812e+00
-6.707407082416946942e+00
-5.395749341331356419e+00
-5.261035477292935525e+00
-9.118554673390390164e+00
