#Site	lnL	
0	-2.97927623343
1	-3.29248168196
2	-9.32791528714
3	-2.97927623343
4	-2.97222548664
5	-8.78925931193
6	-2.97927623343
7	-3.13555865708
8	-4.50509690598
9	-2.97927623343
10	-2.97222548664
11	-6.65913235297
12	-3.14368584092
13	-2.97222548664
14	-5.91409926707
15	-2.97927623343
16	-3.29248168196
17	-10.7615411113
18	-2.97927623343
19	-3.13555865708
20	-10.5379894033
21	-2.97927623343
22	-3.00508190644
23	-13.0262889962
24	-3.14368584092
25	-3.29248168196
26	-5.24330911842
27	-3.30037372002
28	-3.00508190644
29	-10.5079799977
30	-3.01124688395
31	-3.29248168196
32	-8.61216094819
33	-3.30037372002
34	-3.00508190644
35	-10.0449396476
36	-2.97927623343
37	-2.97222548664
38	-6.50777798414
39	-3.30037372002
40	-2.97222548664
41	-12.8596908962
42	-2.97927623343
43	-3.00508190644
44	-14.3372076219
45	-3.14368584092
46	-3.29248168196
47	-13.6914403627
48	-3.01124688395
49	-9.12439181464
50	-8.51078487355
51	-3.14368584092
52	-3.00508190644
53	-10.7220193977
54	-3.30037372002
55	-8.54497904396
56	-5.12096920764
57	-3.14368584092
58	-3.13555865708
59	-8.56882995281
60	-3.30037372002
61	-3.29248168196
62	-6.74092063254
63	-2.97927623343
64	-2.97222548664
65	-6.2504506409
66	-3.01124688395
67	-2.97222548664
68	-5.91006482381
69	-3.14368584092
70	-2.97222548664
71	-9.46423832434
72	-3.30037372002
73	-8.1194438111
74	-13.5495741893
75	-3.30037372002
76	-3.00508190644
77	-10.7221886488
78	-3.01124688395
79	-3.13555865708
80	-6.65913235297
81	-7.8387794658
82	-3.13555865708
83	-6.71993020783
84	-2.97927623343
85	-3.29248168196
86	-5.12096920764
87	-3.14368584092
88	-15.5905933825
89	-8.0317348514
90	-2.97927623343
91	-3.00508190644
92	-5.24330911842
93	-2.97927623343
94	-2.97222548664
95	-12.5564936691
96	-3.01124688395
97	-3.00508190644
98	-5.24330911842
99	-2.97927623343
100	-2.97222548664
101	-8.16304996909
102	-2.97927623343
103	-2.97222548664
104	-9.07018168245
105	-3.14368584092
106	-3.29248168196
107	-4.67729086454
108	-3.14368584092
109	-10.3148727063
110	-6.71993020783
111	-2.97927623343
112	-3.29248168196
113	-8.31704510251
114	-2.97927623343
115	-3.00508190644
116	-4.67729086454
117	-3.01124688395
118	-2.97222548664
119	-7.49288853419
120	-3.14368584092
121	-2.97222548664
122	-6.71993020783
123	-3.14368584092
124	-3.13555865708
125	-9.4395764673
126	-3.01124688395
127	-3.00508190644
128	-5.12096920764
129	-3.14368584092
130	-2.97222548664
131	-6.72748532397
132	-3.30037372002
133	-3.29248168196
134	-5.24330911842
135	-8.81943489097
136	-3.13555865708
137	-12.2373120472
138	-3.01124688395
139	-3.29248168196
140	-9.69014109641
141	-3.01124688395
142	-3.13555865708
143	-8.40963306468
144	-3.30037372002
145	-3.13555865708
146	-4.67729086454
147	-2.97927623343
148	-3.29248168196
149	-6.70764612605
150	-3.01124688395
151	-3.13555865708
152	-5.12096920764
153	-3.14368584092
154	-3.00508190644
155	-7.18942158082
156	-2.97927623343
157	-3.13555865708
158	-5.12096920764
159	-3.30037372002
160	-3.13555865708
161	-5.12096920764
162	-3.30037372002
163	-2.97222548664
164	-8.72966937611
165	-3.14368584092
166	-3.00508190644
167	-5.24330911842
168	-3.01124688395
169	-3.29248168196
170	-8.37588035314
171	-3.01124688395
172	-2.97222548664
173	-6.65913235297
174	-3.14368584092
175	-3.29248168196
176	-8.88121163492
177	-3.01124688395
178	-3.00508190644
179	-10.9156983273
180	-3.14368584092
181	-2.97222548664
182	-8.95571764262
183	-3.30037372002
184	-2.97222548664
185	-5.91006482381
186	-3.01124688395
187	-2.97222548664
188	-9.18804296472
189	-2.97927623343
190	-3.13555865708
191	-6.24580547329
192	-3.14368584092
193	-3.00508190644
194	-4.50509690598
195	-15.607592631
196	-2.97222548664
197	-6.2504506409
198	-3.14368584092
199	-3.00508190644
200	-4.67729086454
201	-7.65537078097
202	-2.97222548664
203	-10.1111629108
204	-2.97927623343
205	-3.13555865708
206	-12.3958474692
207	-2.97927623343
208	-2.97222548664
209	-4.67729086454
210	-2.97927623343
211	-3.13555865708
212	-8.93476350808
213	-2.97927623343
214	-3.13555865708
215	-4.50509690598
216	-3.01124688395
217	-2.97222548664
218	-6.65913235297
219	-2.97927623343
220	-3.29248168196
221	-9.23768028958
222	-2.97927623343
223	-3.29248168196
224	-7.6545396652
225	-3.30037372002
226	-3.00508190644
227	-8.83408929152
228	-3.01124688395
229	-3.00508190644
230	-6.24580547329
231	-3.01124688395
232	-3.00508190644
233	-10.6258612738
234	-3.01124688395
235	-3.00508190644
236	-15.3144823233
237	-13.6008634312
238	-3.13555865708
239	-4.50509690598
240	-3.14368584092
241	-2.97222548664
242	-6.2504506409
243	-3.14368584092
244	-3.00508190644
245	-9.23768028958
246	-3.14368584092
247	-2.97222548664
248	-4.67729086454
249	-3.30037372002
250	-2.97222548664
251	-9.23768028958
252	-2.97927623343
253	-3.00508190644
254	-8.88519982571
255	-3.01124688395
256	-3.29248168196
257	-9.86539709809
258	-3.01124688395
259	-2.97222548664
260	-8.83408929152
261	-2.97927623343
262	-2.97222548664
263	-6.50777798414
264	-2.97927623343
265	-2.97222548664
266	-10.3936203526
267	-2.97927623343
268	-3.13555865708
269	-7.47584370166
270	-2.97927623343
271	-3.13555865708
272	-4.67729086454
273	-2.97927623343
274	-3.00508190644
275	-4.50509690598
276	-3.01124688395
277	-2.97222548664
278	-5.24330911842
279	-3.01124688395
280	-2.97222548664
281	-4.50509690598
282	-2.97927623343
283	-3.00508190644
284	-9.89206622925
285	-3.14368584092
286	-3.00508190644
287	-4.50509690598
288	-3.01124688395
289	-3.00508190644
290	-4.50509690598
291	-2.97927623343
292	-3.00508190644
293	-10.3006604479
294	-3.01124688395
295	-2.97222548664
296	-12.4279298649
297	-2.97927623343
298	-3.13555865708
299	-20.8938000229
300	-2.97927623343
301	-3.13555865708
302	-9.05066312627
303	-3.30037372002
304	-3.29248168196
305	-4.50509690598
306	-10.3977895165
307	-3.29248168196
308	-6.29836963822
309	-3.14368584092
310	-3.29248168196
311	-19.7561335058
312	-3.30037372002
313	-3.29248168196
314	-8.59438896681
315	-3.01124688395
316	-3.13555865708
317	-12.1721485809
318	-2.97927623343
319	-3.00508190644
320	-8.0317348514
321	-3.14368584092
322	-3.00508190644
323	-9.75524573554
324	-3.14368584092
325	-8.1194438111
326	-8.16304996909
327	-3.01124688395
328	-3.13555865708
329	-10.9922594291
330	-3.14368584092
331	-3.00508190644
332	-9.0701813505
333	-2.97927623343
334	-2.97222548664
335	-11.3534497075
336	-2.97927623343
337	-2.97222548664
338	-10.1719115667
339	-3.01124688395
340	-2.97222548664
341	-7.67318925017
342	-2.97927623343
343	-2.97222548664
344	-9.20060581658
345	-2.97927623343
346	-2.97222548664
347	-10.7189425504
348	-2.97927623343
349	-3.29248168196
350	-13.4939417375
351	-3.01124688395
352	-3.13555865708
353	-8.40963306468
354	-3.30037372002
355	-3.13555865708
356	-5.24330911842
357	-3.01124688395
358	-2.97222548664
359	-4.50509690598
360	-3.14368584092
361	-3.00508190644
362	-12.2316931166
363	-2.97927623343
364	-3.00508190644
365	-15.1477674522
366	-3.01124688395
367	-3.13555865708
368	-5.12096920764
369	-3.01124688395
370	-3.00508190644
371	-8.16304996909
372	-3.14368584092
373	-3.00508190644
374	-4.67729086454
375	-3.30037372002
376	-2.97222548664
377	-6.24580547329
378	-2.97927623343
379	-3.13555865708
380	-6.29836963822
381	-2.97927623343
382	-3.13555865708
383	-5.24330911842
384	-7.65537078097
385	-3.00508190644
386	-4.67729086454
387	-3.30037372002
388	-3.00508190644
389	-8.65448317439
390	-8.51233531618
391	-3.29248168196
392	-9.43777410808
393	-3.30037372002
394	-3.29248168196
395	-6.29836963822
396	-9.02723825602
397	-3.13555865708
398	-7.2074340725
399	-12.529709197
400	-3.00508190644
401	-11.2981669278
402	-3.14368584092
403	-3.29248168196
404	-4.50509690598
405	-3.01124688395
406	-3.00508190644
407	-5.12096920764
408	-3.01124688395
409	-11.9669132541
410	-4.50509690598
411	-2.97927623343
412	-2.97222548664
413	-6.71993020783
414	-3.30037372002
415	-3.29248168196
416	-8.83408929152
417	-3.01124688395
418	-3.00508190644
419	-4.50509690598
420	-3.01124688395
421	-8.92668518323
422	-7.47584370166
423	-2.97927623343
424	-3.13555865708
425	-5.12096920764
426	-3.01124688395
427	-3.29248168196
428	-7.18942158082
429	-3.14368584092
430	-2.97222548664
431	-5.12096920764
432	-2.97927623343
433	-3.29248168196
434	-4.67729086454
435	-3.14368584092
436	-3.29248168196
437	-8.65448317439
438	-3.01124688395
439	-3.00508190644
440	-10.0380708836
441	-3.30037372002
442	-2.97222548664
443	-6.29836963822
444	-3.30037372002
445	-2.97222548664
446	-5.91409926707
447	-3.30037372002
448	-3.00508190644
449	-4.50509690598
450	-3.14368584092
451	-2.97222548664
452	-6.2504506409
453	-2.97927623343
454	-13.2274396652
455	-8.16304996909
456	-3.01124688395
457	-3.29248168196
458	-6.2504506409
459	-3.14368584092
460	-3.29248168196
461	-6.15591064997
462	-3.14368584092
463	-3.29248168196
464	-6.99679753575
465	-3.30037372002
466	-3.13555865708
467	-4.67729086454
468	-8.82977908196
469	-3.13555865708
470	-13.4939417375
471	-3.14368584092
472	-3.29248168196
473	-5.12096920764
474	-3.14368584092
475	-2.97222548664
476	-6.99679753575
477	-3.14368584092
478	-3.13555865708
479	-10.3185536203
480	-2.97927623343
481	-2.97222548664
482	-7.15301123766
483	-3.30037372002
484	-3.00508190644
485	-8.06096877926
486	-3.01124688395
487	-2.97222548664
488	-8.20806961298
