#Site	lnL	
0	-2.70064204151
1	-2.83317251285
2	-6.00000820953
3	-2.3053896603
4	-2.20783995475
5	-5.44149987981
6	-2.70064204151
7	-7.10609540069
8	-14.1522667173
9	-9.94158267737
10	-2.2757345672
11	-7.03655931751
12	-2.8794729144
13	-2.65186475716
14	-11.3212906388
15	-2.3053896603
16	-2.65186475716
17	-3.17884619752
18	-2.8794729144
19	-2.83317251285
20	-7.32269419507
21	-2.3053896603
22	-2.20783995475
23	-3.13240263558
24	-2.70064204151
25	-2.2757345672
26	-3.17884619752
27	-2.24168198475
28	-2.20783995475
29	-3.17884619752
30	-2.3053896603
31	-2.2757345672
32	-9.39121510694
33	-2.70064204151
34	-2.2757345672
35	-5.38676556871
36	-2.24168198475
37	-2.83317251285
38	-12.9518495119
39	-2.8794729144
40	-2.83317251285
41	-3.17884619752
42	-2.24168198475
43	-2.2757345672
44	-7.05705830264
45	-2.24168198475
46	-7.06158880156
47	-6.20390744178
48	-7.36433582375
49	-2.20783995475
50	-10.063069638
51	-2.8794729144
52	-2.83317251285
53	-3.13240263558
54	-2.70064204151
55	-2.65186475716
56	-5.71031765015
57	-2.24168198475
58	-2.65186475716
59	-9.48653049337
60	-2.3053896603
61	-2.83317251285
62	-8.56388345352
63	-2.8794729144
64	-8.04578986736
65	-16.2447119532
66	-2.70064204151
67	-2.20783995475
68	-9.59734957158
69	-2.3053896603
70	-2.83317251285
71	-3.13240263558
72	-2.3053896603
73	-2.20783995475
74	-17.0389080154
75	-2.3053896603
76	-2.20783995475
77	-8.0363509319
78	-2.3053896603
79	-2.2757345672
80	-12.0912558146
81	-2.24168198475
82	-8.66423303279
83	-8.23290453088
84	-6.46541059368
85	-2.65186475716
86	-7.04328100422
87	-2.70064204151
88	-2.2757345672
89	-10.7571189551
90	-2.24168198475
91	-2.20783995475
92	-6.6584126302
93	-2.3053896603
94	-2.2757345672
95	-6.95695459027
96	-2.3053896603
97	-2.2757345672
98	-6.20390744178
99	-2.70064204151
100	-2.83317251285
101	-4.07356096072
102	-2.8794729144
103	-2.20783995475
104	-5.38676556871
105	-2.24168198475
106	-2.65186475716
107	-15.6516495888
108	-2.8794729144
109	-2.65186475716
110	-10.5519515063
111	-6.43060329667
112	-2.2757345672
113	-9.61453123727
114	-7.97559950029
115	-2.20783995475
116	-9.54091552366
117	-2.24168198475
118	-2.20783995475
119	-6.91929619808
120	-2.3053896603
121	-2.65186475716
122	-7.03655931751
123	-2.70064204151
124	-2.83317251285
125	-3.13240263558
126	-2.24168198475
127	-2.2757345672
128	-4.1928191016
129	-2.3053896603
130	-7.10609540069
131	-9.85905867564
132	-2.3053896603
133	-2.65186475716
134	-6.6584126302
135	-2.3053896603
136	-2.83317251285
137	-6.80474058347
138	-2.3053896603
139	-2.20783995475
140	-10.7877737887
141	-2.24168198475
142	-2.2757345672
143	-11.2721052512
144	-2.70064204151
145	-2.2757345672
146	-6.95695459027
147	-2.3053896603
148	-2.2757345672
149	-12.4321168245
150	-2.8794729144
151	-2.83317251285
152	-10.9002180017
153	-2.70064204151
154	-2.65186475716
155	-3.17884619752
156	-2.24168198475
157	-2.65186475716
158	-3.17884619752
159	-2.70064204151
160	-2.20783995475
161	-3.17884619752
162	-2.70064204151
163	-2.65186475716
164	-8.11482702884
165	-9.24741806684
166	-2.83317251285
167	-12.1686961831
168	-2.8794729144
169	-2.65186475716
170	-5.52998610258
171	-2.3053896603
172	-2.2757345672
173	-8.00435158368
174	-2.8794729144
175	-2.20783995475
176	-8.32400393834
177	-2.70064204151
178	-2.20783995475
179	-3.13240263558
180	-2.8794729144
181	-2.20783995475
182	-4.1928191016
183	-2.8794729144
184	-2.20783995475
185	-11.8622943192
186	-2.8794729144
187	-2.20783995475
188	-6.90164962154
189	-2.8794729144
190	-2.2757345672
191	-14.6280365112
192	-2.8794729144
193	-2.2757345672
194	-6.20390744178
195	-2.8794729144
196	-2.20783995475
197	-17.7859135939
198	-2.8794729144
199	-2.20783995475
200	-3.13240263558
201	-2.24168198475
202	-2.20783995475
203	-5.44149987981
204	-2.24168198475
205	-2.65186475716
206	-10.3166969901
207	-13.6397479768
208	-2.2757345672
209	-3.13240263558
210	-6.68070523275
211	-2.20783995475
212	-9.78061117798
213	-2.70064204151
214	-2.2757345672
215	-14.1137911391
216	-2.24168198475
217	-8.6912995303
218	-6.20390744178
219	-2.24168198475
220	-2.2757345672
221	-3.13240263558
222	-2.24168198475
223	-2.65186475716
224	-13.4833923809
225	-2.8794729144
226	-2.65186475716
227	-3.17884619752
228	-2.8794729144
229	-2.2757345672
230	-5.85406947762
231	-2.24168198475
232	-2.2757345672
233	-7.28817107973
234	-2.3053896603
235	-2.2757345672
236	-3.13240263558
237	-2.3053896603
238	-2.83317251285
239	-3.17884619752
240	-2.24168198475
241	-2.20783995475
242	-8.29239305513
243	-2.70064204151
244	-2.2757345672
245	-12.0628457581
246	-2.24168198475
247	-2.20783995475
248	-7.05845362381
249	-2.8794729144
250	-2.2757345672
251	-8.68726766892
252	-2.24168198475
253	-8.01645153483
254	-5.44149987981
255	-2.3053896603
256	-2.2757345672
257	-7.65554269781
258	-2.24168198475
259	-2.65186475716
260	-13.696895522
261	-2.24168198475
262	-2.2757345672
263	-6.77822119373
264	-2.24168198475
265	-2.83317251285
266	-8.30192019262
267	-2.8794729144
268	-2.2757345672
269	-4.07356096072
270	-2.24168198475
271	-9.95686444691
272	-10.826495145
273	-2.8794729144
274	-2.20783995475
275	-10.2273905233
276	-2.3053896603
277	-2.20783995475
278	-13.7839787104
279	-2.70064204151
280	-2.65186475716
281	-3.17884619752
282	-2.70064204151
283	-2.65186475716
284	-25.7944256824
285	-2.24168198475
286	-2.2757345672
287	-6.20390744178
288	-12.5718055323
289	-2.2757345672
290	-3.17884619752
291	-2.24168198475
292	-2.2757345672
293	-8.83048821909
294	-2.70064204151
295	-2.20783995475
296	-3.17884619752
297	-2.24168198475
298	-2.2757345672
299	-5.13549633751
300	-2.24168198475
301	-2.2757345672
302	-12.1671215158
303	-8.6048731594
304	-2.65186475716
305	-13.2493106137
306	-2.24168198475
307	-2.2757345672
308	-5.28903458481
309	-2.8794729144
310	-2.2757345672
311	-13.6708766873
312	-2.24168198475
313	-2.65186475716
314	-3.17884619752
315	-2.3053896603
316	-2.2757345672
317	-7.0220237235
318	-2.24168198475
319	-2.83317251285
320	-4.99373787107
321	-2.3053896603
322	-2.2757345672
323	-3.17884619752
324	-2.3053896603
325	-2.83317251285
326	-7.35714496393
327	-2.70064204151
328	-2.20783995475
329	-5.52998610258
330	-2.3053896603
331	-2.83317251285
332	-9.22896864351
333	-2.24168198475
334	-2.20783995475
335	-6.91929619808
336	-2.3053896603
337	-2.2757345672
338	-6.34491651695
339	-2.24168198475
340	-2.65186475716
341	-7.71891957843
342	-2.70064204151
343	-2.83317251285
344	-3.13240263558
345	-2.24168198475
346	-2.20783995475
347	-3.13240263558
348	-2.3053896603
349	-2.20783995475
350	-5.52998610258
351	-2.24168198475
352	-2.83317251285
353	-3.13240263558
354	-9.64071977982
355	-2.83317251285
356	-5.71031765015
357	-10.6748442315
358	-2.20783995475
359	-6.20390744178
360	-2.70064204151
361	-14.0350818472
362	-4.99373787107
363	-2.24168198475
364	-2.2757345672
365	-6.77822119373
366	-2.3053896603
367	-2.20783995475
368	-3.13240263558
369	-2.3053896603
370	-2.65186475716
371	-8.05023175419
372	-6.71949563098
373	-2.20783995475
374	-11.8548868361
375	-2.70064204151
376	-2.20783995475
377	-6.91929619808
378	-2.70064204151
379	-2.20783995475
380	-8.68726766892
381	-2.8794729144
382	-2.83317251285
383	-7.24610472731
384	-2.24168198475
385	-2.65186475716
386	-15.5727629606
387	-2.8794729144
388	-2.2757345672
389	-4.1928191016
390	-2.70064204151
391	-2.20783995475
392	-7.33775247842
393	-2.8794729144
394	-2.65186475716
395	-4.1928191016
396	-2.24168198475
397	-6.82675068324
398	-5.13549633751
399	-7.65957068923
400	-2.2757345672
401	-3.13240263558
402	-2.3053896603
403	-2.83317251285
404	-3.13240263558
405	-2.24168198475
406	-2.83317251285
407	-4.07356096072
408	-2.3053896603
409	-2.65186475716
410	-4.99373787107
411	-2.3053896603
412	-2.83317251285
413	-21.0938686174
414	-2.8794729144
415	-2.2757345672
416	-12.6189819881
417	-2.8794729144
418	-2.20783995475
419	-14.1025203725
420	-2.3053896603
421	-2.2757345672
422	-4.1928191016
423	-2.70064204151
424	-2.83317251285
425	-6.34491651695
426	-2.70064204151
427	-2.20783995475
428	-8.68895618361
429	-2.70064204151
430	-2.2757345672
431	-6.86761720342
432	-2.70064204151
433	-2.20783995475
434	-3.17884619752
435	-2.3053896603
436	-2.2757345672
437	-3.13240263558
438	-2.24168198475
439	-2.20783995475
440	-3.13240263558
441	-2.70064204151
442	-2.65186475716
443	-12.7340825183
444	-2.3053896603
445	-2.65186475716
446	-7.05705830264
447	-2.3053896603
448	-11.9098923957
449	-4.07356096072
450	-11.0034306662
451	-2.2757345672
452	-8.01873497085
453	-2.8794729144
454	-2.65186475716
455	-4.07356096072
456	-2.3053896603
457	-2.65186475716
458	-7.68936293203
459	-2.70064204151
460	-2.2757345672
461	-11.4926150457
462	-2.8794729144
463	-2.83317251285
464	-7.48787927966
465	-2.70064204151
466	-2.83317251285
467	-7.3740631296
468	-2.24168198475
469	-2.83317251285
470	-4.07356096072
471	-2.24168198475
472	-2.83317251285
473	-14.2298441566
474	-8.69606093653
475	-2.2757345672
476	-6.85209361483
477	-2.3053896603
478	-2.20783995475
479	-11.560635665
480	-2.24168198475
481	-2.83317251285
482	-3.17884619752
483	-2.3053896603
484	-2.20783995475
485	-7.33775247842
486	-2.3053896603
487	-2.20783995475
488	-11.4542830354
