-7.314950606400181243e-01
-5.845056627087323875e-01
-7.720302576123317939e-01
2.965435274134025523e+00
-7.685004322098789586e-01
3.186660030412472366e+00
3.186660030412471922e+00
-4.994970437869113766e+00
-3.874382879662975121e+00
-4.091117526446438113e+00
-4.580079530923208964e+00
-7.107856525560085181e+00
-6.237073588359486109e+00
-6.109388725905396278e+00
-3.995820309077362520e+00
-6.726671409134148405e+00
-5.932246301420640577e+00
-5.942654790252805519e+00
-7.165584755694359487e+00
-1.387575138233376748e+01
