# log_p 	 lnL 	 
0.0	-1763.60267386	
-0.287682072452	-1763.4470476	
-0.510825623766	-1763.27829049	
-0.69314718056	-1763.11484734	
-0.847297860387	-1762.96381662	
-0.980829253012	-1762.82585591	
-1.09861228867	-1762.69946574	
-1.20397280433	-1762.58268317	
-1.29928298413	-1762.4736433	
-1.38629436112	-1762.37073899	
-1.46633706879	-1762.27264712	
-1.54044504095	-1762.17831054	
-1.60943791243	-1762.08690546	
-1.67397643357	-1761.997805	
-1.73460105539	-1761.91054404	
-1.79175946923	-1761.8247872	
-1.8458266905	-1761.74030133	
-1.89711998489	-1761.65693224	
-1.94591014906	-1761.57458571	
-1.99243016469	-1761.49321211	
-2.03688192726	-1761.41279425	
-2.07944154168	-1761.33333772	
-2.1202635362	-1761.25486348	
-2.15948424935	-1761.17740213	
-2.19722457734	-1761.10098951	
-2.23359222151	-1761.02566355	
-2.26868354132	-1760.95146179	
-2.30258509299	-1760.87841977	
-2.33537491582	-1760.80656981	
-2.36712361413	-1760.73594032	
-2.3978952728	-1760.66655533	
-2.42774823595	-1760.59843427	
-2.45673577282	-1760.53159204	
-2.48490664979	-1760.46603904	
-2.51230562398	-1760.40178139	
-2.53897387106	-1760.33882126	
-2.56494935746	-1760.27715707	
-2.59026716545	-1760.21678389	
-2.61495977804	-1760.15769376	
-2.63905732962	-1760.09987599	
-2.66258782703	-1760.04331748	
-2.68557734525	-1759.98800308	
-2.7080502011	-1759.93391579	
-2.73002910782	-1759.88103711	
-2.75153531304	-1759.82934721	
-2.77258872224	-1759.77882521	
-2.79320800944	-1759.72944936	
-2.81341071676	-1759.68119723	
-2.83321334406	-1759.63404587	
-2.85263142991	-1759.58797194	
-2.87167962488	-1759.54295187	
-2.8903717579	-1759.49896196	
-2.90872089656	-1759.45597849	
-2.92673940207	-1759.41397778	
-2.94443897917	-1759.37293628	
-2.96183072188	-1759.33283065	
-2.97892515524	-1759.29363781	
-2.99573227355	-1759.25533497	
-3.01226157551	-1759.21789967	
-3.02852209638	-1759.18130984	
-3.04452243772	-1759.14554379	
-3.06027079469	-1759.11058028	
-3.07577498123	-1759.07639849	
-3.09104245336	-1759.04297803	
-3.10608033072	-1759.01029901	
-3.12089541651	-1758.97834199	
-3.13549421593	-1758.94708798	
-3.14988295338	-1758.91651849	
-3.16406758837	-1758.88661549	
-3.17805383035	-1758.85736141	
-3.19184715248	-1758.82873915	
-3.20545280454	-1758.80073208	
-3.21887582487	-1758.77332401	
-3.23212105162	-1758.74649919	
-3.24519313319	-1758.72024232	
-3.25809653802	-1758.69453852	
-3.2708355638	-1758.66937335	
-3.28341434601	-1758.64473275	
-3.295836866	-1758.6206031	
-3.3081069586	-1758.59697114	
-3.32022831913	-1758.57382401	
-3.33220451018	-1758.55114922	
-3.34403896782	-1758.52893463	
-3.35573500759	-1758.50716849	
-3.36729582999	-1758.48583934	
-3.37872452581	-1758.4649361	
-3.39002408106	-1758.444448	
-3.40119738166	-1758.42436458	
-3.41224721785	-1758.40467568	
-3.42317628838	-1758.38537145	
-3.43398720449	-1758.36644232	
-3.4446824936	-1758.34787902	
-3.45526460293	-1758.32967251	
-3.4657359028	-1758.31181405	
-3.47609868984	-1758.29429513	
-3.48635519	-1758.27710751	
-3.49650756147	-1758.26024316	
-3.50655789732	-1758.2436943	
-3.51650822817	-1758.22745338	
-3.52636052462	-1758.21151305	
-3.53611669956	-1758.19586618	
-3.54577861047	-1758.18050584	
-3.55534806149	-1758.1654253	
-3.56482680544	-1758.15061802	
-3.57421654579	-1758.13607765	
-3.58351893846	-1758.121798	
-3.59273559356	-1758.10777309	
-3.60186807712	-1758.09399707	
-3.61091791264	-1758.08046427	
-3.61988658263	-1758.06716917	
-3.62877553004	-1758.05410643	
-3.63758615973	-1758.04127083	
-3.6463198397	-1758.02865728	
-3.65497790244	-1758.01626088	
-3.66356164613	-1758.00407681	
-3.6720723358	-1757.99210042	
-3.68051120444	-1757.98032716	
-3.68887945411	-1757.96875262	
-3.69717825693	-1757.95737249	
-3.70540875607	-1757.9461826	
-3.7135720667	-1757.93517888	
-3.72166927694	-1757.92435735	
-3.72970144863	-1757.91371416	
-3.73766961828	-1757.90324554	
-3.74557479779	-1757.89294785	
-3.75341797525	-1757.88281752	
-3.76120011569	-1757.87285107	
-3.76892216179	-1757.86304512	
-3.77658503453	-1757.85339638	
-3.78418963392	-1757.84390163	
-3.79173683955	-1757.83455775	
-3.79922751128	-1757.82536169	
-3.80666248977	-1757.81631047	
-3.81404259707	-1757.8074012	
-3.82136863716	-1757.79863106	
-3.82864139649	-1757.78999728	
-3.83586164446	-1757.78149719	
-3.84303013394	-1757.77312816	
-3.85014760171	-1757.76488764	
-3.85721476893	-1757.75677314	
-3.86423234159	-1757.74878222	
-3.87120101091	-1757.74091251	
-3.87812145375	-1757.7331617	
-3.88499433304	-1757.72552752	
-3.89182029811	-1757.71800778	
-3.8985999851	-1757.71060032	
-3.90533401728	-1757.70330304	
-3.91202300543	-1757.69611388	
-3.91866754815	-1757.68903085	
-3.92526823218	-1757.68205198	
-3.93182563272	-1757.67517537	
-3.93834031375	-1757.66839915	
-3.94481282825	-1757.6617215	
-3.95124371858	-1757.65514063	
-3.95763351668	-1757.6486548	
-3.96398274436	-1757.64226232	
-3.97029191355	-1757.63596152	
-3.97656152657	-1757.62975078	
-3.98279207632	-1757.62362851	
-3.98898404656	-1757.61759315	
-3.99513791214	-1757.6116432	
-4.00125413916	-1757.60577716	
-4.00733318523	-1757.59999358	
-4.01337549969	-1757.59429105	
-4.01938152375	-1757.58866817	
-4.02535169074	-1757.5831236	
-4.03128642625	-1757.57765599	
-4.03718614838	-1757.57226406	
-4.04305126783	-1757.56694652	
-4.04888218815	-1757.56170214	
-4.05467930583	-1757.5565297	
-4.06044301055	-1757.551428	
-4.06617368526	-1757.54639588	
-4.07187170637	-1757.5414322	
-4.07753744391	-1757.53653584	
-4.08317126162	-1757.5317057	
-4.08877351717	-1757.52694072	
-4.09434456222	-1757.52223983	
-4.0998847426	-1757.51760202	
-4.10539439841	-1757.51302628	
-4.11087386417	-1757.50851162	
-4.11632346894	-1757.50405707	
-4.12174353641	-1757.49966169	
-4.12713438505	-1757.49532454	
-4.13249632819	-1757.49104473	
-4.13782967416	-1757.48682136	
-4.14313472639	-1757.48265355	
-4.14841178349	-1757.47854045	
-4.15366113938	-1757.47448123	
-4.15888308336	-1757.47047505	
-4.16407790024	-1757.46652112	
-4.1692458704	-1757.46261863	
-4.1743872699	-1757.45876683	
-4.17950237056	-1757.45496493	
-4.18459144007	-1757.45121221	
-4.18965474203	-1757.44750793	
-4.19469253606	-1757.44385137	
-4.19970507788	-1757.44024182	
-4.20469261939	-1757.43667861	
-4.20965540873	-1757.43316104	
-4.21459369037	-1757.42968845	
-4.21950770518	-1757.4262602	
-4.22439769047	-1757.42287564	
-4.22926388012	-1757.41953414	
-4.2341065046	-1757.41623509	
-4.23892579103	-1757.41297788	
-4.2437219633	-1757.40976192	
-4.24849524205	-1757.40658661	
-4.25324584481	-1757.4034514	
-4.257973986	-1757.40035572	
-4.26267987704	-1757.39729901	
-4.26736372635	-1757.39428073	
-4.27202573946	-1757.39130036	
-4.27666611902	-1757.38835736	
-4.28128506487	-1757.38545122	
-4.28588277412	-1757.38258144	
-4.29045944115	-1757.37974751	
-4.29501525768	-1757.37694897	
-4.29955041285	-1757.37418531	
-4.3040650932	-1757.37145608	
-4.30855948279	-1757.36876081	
-4.31303376319	-1757.36609905	
-4.31748811354	-1757.36347034	
-4.3219227106	-1757.36087426	
-4.32633772881	-1757.35831036	
-4.33073334029	-1757.35577823	
-4.33510971489	-1757.35327745	
-4.33946702026	-1757.3508076	
-4.34380542185	-1757.34836829	
-4.348125083	-1757.34595911	
-4.3524261649	-1757.34357968	
-4.35670882669	-1757.34122961	
-4.36097322548	-1757.33890853	
-4.36521951636	-1757.33661607	
-4.36944785247	-1757.33435185	
-4.373658385	-1757.33211553	
-4.37785126326	-1757.32990675	
-4.38202663467	-1757.32772515	
-4.38618464482	-1757.32557041	
-4.39032543749	-1757.32344217	
-4.39444915467	-1757.32134012	
-4.39855593663	-1757.31926392	
-4.40264592188	-1757.31721326	
-4.40671924726	-1757.31518782	
-4.41077604796	-1757.31318729	
-4.4148164575	-1757.31121137	
-4.4188406078	-1757.30925974	
-4.42284862919	-1757.30733212	
-4.42684065046	-1757.30542822	
-4.43081679884	-1757.30354775	
-4.43477720006	-1757.30169042	
-4.43872197835	-1757.29985596	
-4.44265125649	-1757.29804409	
-4.44656515581	-1757.29625455	
-4.45046379623	-1757.29448706	
-4.45434729625	-1757.29274137	
-4.45821577303	-1757.29101722	
-4.46206934235	-1757.28931436	
-4.46590811865	-1757.28763253	
-4.46973221509	-1757.28597148	
-4.47354174351	-1757.28433099	
-4.47733681448	-1757.28271079	
-4.48111753732	-1757.28111067	
-4.48488402011	-1757.27953039	
-4.48863636973	-1757.27796972	
-4.49237469184	-1757.27642844	
-4.49609909093	-1757.27490631	
-4.49980967033	-1757.27340313	
-4.50350653221	-1757.27191868	
-4.50718977763	-1757.27045275	
-4.51085950652	-1757.26900512	
-4.51451581772	-1757.26757559	
-4.518158809	-1757.26616395	
-4.52178857705	-1757.26477001	
-4.52540521752	-1757.26339357	
-4.52900882502	-1757.26203443	
-4.53259949315	-1757.26069241	
-4.5361773145	-1757.2593673	
-4.53974238067	-1757.25805893	
-4.54329478227	-1757.2567671	
-4.54683460898	-1757.25549164	
-4.55036194949	-1757.25423238	
-4.5538768916	-1757.25298912	
-4.55737952215	-1757.2517617	
-4.56086992709	-1757.25054994	
-4.56434819147	-1757.24935369	
-4.56781439944	-1757.24817275	
-4.57126863431	-1757.24700699	
-4.5747109785	-1757.24585622	
-4.5781415136	-1757.24472029	
-4.58156032035	-1757.24359904	
-4.58496747867	-1757.24249232	
-4.58836306767	-1757.24139997	
-4.59174716566	-1757.24032183	
-4.59511985013	-1757.23925777	
-4.59848119784	-1757.23820762	
-4.60183128472	-1757.23717125	
-4.60517018599	-1757.23614851	
-4.60849797608	-1757.23513925	
-4.61181472871	-1757.23414334	
-4.61512051684	-1757.23316064	
-4.61841541274	-1757.23219101	
-4.62169948794	-1757.23123432	
-4.62497281328	-1757.23029042	
-4.62823545892	-1757.2293592	
-4.63148749431	-1757.22844052	
-4.63472898823	-1757.22753424	
-4.63796000881	-1757.22664026	
-4.64118062351	-1757.22575843	
-4.64439089914	-1757.22488864	
-4.64759090187	-1757.22403076	
-4.65078069724	-1757.22318468	
-4.65396035016	-1757.22235028	
-4.65712992492	-1757.22152743	
-4.66028948521	-1757.22071602	
-4.66343909411	-1757.21991594	
-4.66657881412	-1757.21912707	
-4.66970870713	-1757.21834931	
-4.67282883446	-1757.21758253	
-4.67593925688	-1757.21682664	
-4.67904003455	-1757.21608153	
-4.68213122712	-1757.21534708	
-4.68521289366	-1757.2146232	
-4.6882850927	-1757.21390978	
-4.69134788223	-1757.21320671	
-4.69440131972	-1757.21251391	
-4.6974454621	-1757.21183125	
-4.70048036579	-1757.21115866	
-4.70350608671	-1757.21049602	
-4.70652268025	-1757.20984325	
-4.70953020131	-1757.20920025	
-4.71252870431	-1757.20856691	
-4.71551824316	-1757.20794316	
-4.7184988713	-1757.2073289	
-4.72147064168	-1757.20672404	
-4.72443360681	-1757.20612848	
-4.72738781871	-1757.20554214	
-4.73033332894	-1757.20496493	
-4.73327018862	-1757.20439677	
-4.73619844839	-1757.20383756	
-4.7391181585	-1757.20328723	
-4.74202936871	-1757.20274569	
-4.74493212836	-1757.20221286	
-4.74782648639	-1757.20168865	
-4.75071249128	-1757.20117299	
-4.75359019111	-1757.20066579	
-4.75645963353	-1757.20016697	
-4.75932086582	-1757.19967647	
-4.7621739348	-1757.19919419	
-4.76501888693	-1757.19872006	
-4.76785576827	-1757.19825402	
-4.77068462447	-1757.19779598	
-4.77350550081	-1757.19734586	
-4.77631844218	-1757.19690361	
-4.77912349311	-1757.19646913	
-4.78192069773	-1757.19604237	
-4.78471009982	-1757.19562326	
-4.78749174278	-1757.19521171	
-4.79026566966	-1757.19480767	
-4.79303192316	-1757.19441106	
-4.7957905456	-1757.19402182	
-4.79854157897	-1757.19363988	
-4.80128506491	-1757.19326517	
-4.80402104473	-1757.19289763	
-4.80674955939	-1757.1925372	
-4.8094706495	-1757.19218381	
-4.81218435537	-1757.19183739	
-4.81489071697	-1757.19149789	
-4.81758977394	-1757.19116524	
-4.82028156561	-1757.19083938	
-4.82296613098	-1757.19052026	
-4.82564350875	-1757.1902078	
-4.8283137373	-1757.18990196	
-4.83097685472	-1757.18960267	
-4.83363289878	-1757.18930987	
-4.83628190695	-1757.18902351	
-4.83892391641	-1757.18874353	
-4.84155896405	-1757.18846988	
-4.84418708646	-1757.18820249	
-4.84680831994	-1757.18794132	
-4.84942270051	-1757.1876863	
-4.85203026392	-1757.18743739	
-4.85463104562	-1757.18719454	
-4.8572250808	-1757.18695768	
-4.85981240436	-1757.18672677	
-4.86239305096	-1757.18650175	
-4.86496705495	-1757.18628258	
-4.86753445046	-1757.1860692	
-4.87009527132	-1757.18586157	
-4.87264955112	-1757.18565963	
-4.8751973232	-1757.18546333	
-4.87773862063	-1757.18527263	
-4.88027347623	-1757.18508748	
-4.88280192259	-1757.18490782	
-4.88532399202	-1757.18473362	
-4.88783971662	-1757.18456483	
-4.89034912822	-1757.1844014	
-4.89285225844	-1757.18424328	
-4.89534913864	-1757.18409043	
-4.89783979995	-1757.1839428	
-4.90032427328	-1757.18380035	
-4.90280258929	-1757.18366304	
-4.90527477844	-1757.18353083	
-4.90774087093	-1757.18340366	
-4.91020089677	-1757.1832815	
-4.91265488574	-1757.1831643	
-4.91510286737	-1757.18305203	
-4.91754487103	-1757.18294464	
-4.91998092583	-1757.18284209	
-4.92241106068	-1757.18274434	
-4.92483530429	-1757.18265135	
-4.92725368516	-1757.18256307	
-4.92966623156	-1757.18247948	
-4.93207297159	-1757.18240054	
-4.93447393313	-1757.18232619	
-4.93686914386	-1757.18225641	
-4.93925863125	-1757.18219116	
-4.94164242261	-1757.18213039	
-4.94402054501	-1757.18207408	
-4.94639302537	-1757.18202218	
-4.94875989038	-1757.18197466	
-4.95112116656	-1757.18193149	
-4.95347688026	-1757.18189262	
-4.9558270576	-1757.18185803	
-4.95817172456	-1757.18182767	
-4.96051090691	-1757.18180151	
-4.96284463026	-1757.18177952	
-4.96517292002	-1757.18176166	
-4.96749580144	-1757.1817479	
-4.96981329958	-1757.18173821	
-4.97212543933	-1757.18173255	
-4.97443224543	-1757.1817309	
-4.97673374242	-1757.18173321	
-4.97902995468	-1757.18173945	
-4.98132090643	-1757.1817496	
-4.98360662171	-1757.18176362	
-4.98588712441	-1757.18178148	
-4.98816243824	-1757.18180315	
-4.99043258678	-1757.1818286	
-4.99269759341	-1757.1818578	
-4.99495748138	-1757.18189071	
-4.99721227376	-1757.18192732	
-4.9994619935	-1757.18196758	
-5.00170666335	-1757.18201147	
-5.00394630595	-1757.18205896	
-5.00618094375	-1757.18211002	
-5.00841059907	-1757.18216463	
-5.0106352941	-1757.18222275	
-5.01285505083	-1757.18228436	
-5.01506989116	-1757.18234942	
-5.01727983681	-1757.18241792	
-5.01948490937	-1757.18248981	
-5.02168513028	-1757.18256509	
-5.02388052085	-1757.18264372	
-5.02607110223	-1757.18272567	
-5.02825689545	-1757.18281091	
-5.03043792139	-1757.18289943	
-5.03261420082	-1757.18299119	
-5.03478575433	-1757.18308617	
-5.03695260241	-1757.18318434	
-5.03911476542	-1757.18328569	
-5.04127226356	-1757.18339017	
-5.04342511692	-1757.18349778	
-5.04557334546	-1757.18360848	
-5.047716969	-1757.18372225	
-5.04985600725	-1757.18383907	
-5.05199047978	-1757.18395891	
-5.05412040604	-1757.18408174	
-5.05624580535	-1757.18420756	
-5.05836669692	-1757.18433632	
-5.06048309982	-1757.18446801	
-5.06259503303	-1757.18460261	
-5.06470251537	-1757.18474009	
-5.06680556556	-1757.18488044	
-5.06890420222	-1757.18502362	
-5.07099844382	-1757.18516962	
-5.07308830874	-1757.18531841	
-5.07517381523	-1757.18546997	
-5.07725498144	-1757.18562429	
-5.07933182538	-1757.18578134	
-5.08140436498	-1757.18594109	
-5.08347261805	-1757.18610353	
-5.08553660227	-1757.18626865	
-5.08759633523	-1757.1864364	
-5.08965183441	-1757.18660679	
-5.09170311719	-1757.18677977	
-5.09375020081	-1757.18695535	
-5.09579310244	-1757.18713349	
-5.09783183913	-1757.18731418	
-5.09986642782	-1757.18749739	
-5.10189688537	-1757.18768311	
-5.10392322852	-1757.18787132	
-5.1059454739	-1757.18806199	
-5.10796363806	-1757.18825512	
-5.10997773743	-1757.18845068	
-5.11198778836	-1757.18864865	
-5.11399380708	-1757.18884901	
-5.11599580975	-1757.18905175	
-5.11799381242	-1757.18925685	
-5.11998783102	-1757.18946428	
-5.12197788143	-1757.18967404	
-5.1239639794	-1757.1898861	
-5.12594614061	-1757.19010045	
-5.12792438062	-1757.19031707	
-5.12989871492	-1757.19053594	
-5.13186915891	-1757.19075704	
-5.13383572788	-1757.19098036	
-5.13579843705	-1757.19120588	
-5.13775730154	-1757.19143359	
-5.13971233637	-1757.19166346	
-5.1416635565	-1757.19189548	
-5.14361097679	-1757.19212964	
-5.145554612	-1757.19236592	
-5.14749447681	-1757.1926043	
-5.14943058584	-1757.19284477	
-5.15136295359	-1757.1930873	
-5.1532915945	-1757.19333189	
-5.15521652291	-1757.19357853	
-5.15713775309	-1757.19382718	
-5.15905529921	-1757.19407785	
-5.1609691754	-1757.1943305	
-5.16287939565	-1757.19458514	
-5.16478597392	-1757.19484174	
-5.16668892407	-1757.19510029	
-5.16858825987	-1757.19536078	
-5.17048399504	-1757.19562318	
-5.17237614319	-1757.19588749	
-5.17426471788	-1757.19615369	
-5.17614973257	-1757.19642176	
-5.17803120067	-1757.1966917	
-5.1799091355	-1757.19696349	
-5.18178355029	-1757.19723711	
-5.18365445823	-1757.19751256	
-5.1855218724	-1757.19778981	
-5.18738580584	-1757.19806885	
-5.18924627149	-1757.19834968	
-5.19110328224	-1757.19863227	
-5.19295685089	-1757.19891661	
-5.19480699018	-1757.1992027	
-5.19665371277	-1757.19949051	
-5.19849703127	-1757.19978004	
-5.20033695819	-1757.20007127	
-5.202173506	-1757.20036419	
-5.20400668708	-1757.20065879	
-5.20583651375	-1757.20095505	
-5.20766299828	-1757.20125296	
-5.20948615284	-1757.20155251	
-5.21130598956	-1757.20185368	
-5.21312252048	-1757.20215648	
-5.21493575761	-1757.20246087	
-5.21674571285	-1757.20276685	
-5.21855239808	-1757.20307442	
-5.22035582508	-1757.20338355	
-5.22215600558	-1757.20369423	
-5.22395295126	-1757.20400646	
-5.22574667371	-1757.20432023	
-5.22753718449	-1757.20463551	
-5.22932449506	-1757.2049523	
-5.23110861685	-1757.20527059	
-5.23288956123	-1757.20559037	
-5.23466733947	-1757.20591162	
-5.23644196283	-1757.20623434	
-5.23821344248	-1757.20655851	
-5.23998178954	-1757.20688413	
-5.24174701506	-1757.20721118	
-5.24350913005	-1757.20753965	
-5.24526814546	-1757.20786953	
-5.24702407216	-1757.20820081	
-5.24877692099	-1757.20853348	
-5.25052670271	-1757.20886754	
-5.25227342805	-1757.20920296	
-5.25401710765	-1757.20953974	
-5.25575775213	-1757.20987787	
-5.25749537203	-1757.21021734	
-5.25922997784	-1757.21055814	
-5.26096158	-1757.21090026	
-5.2626901889	-1757.21124369	
-5.26441581487	-1757.21158842	
-5.26613846818	-1757.21193444	
-5.26785815906	-1757.21228174	
-5.26957489768	-1757.21263031	
-5.27128869416	-1757.21298014	
-5.27299955856	-1757.21333122	
-5.27470750091	-1757.21368355	
-5.27641253116	-1757.21403711	
-5.27811465923	-1757.2143919	
-5.27981389498	-1757.2147479	
-5.28151024823	-1757.2151051	
-5.28320372874	-1757.21546351	
-5.28489434622	-1757.2158231	
-5.28658211033	-1757.21618387	
-5.28826703069	-1757.21654582	
-5.28994911688	-1757.21690892	
-5.2916283784	-1757.21727318	
-5.29330482472	-1757.21763858	
-5.29497846528	-1757.21800512	
-5.29664930945	-1757.21837279	
-5.29831736655	-1757.21874158	
-5.29998264587	-1757.21911147	
-5.30164515664	-1757.21948248	
-5.30330490806	-1757.21985457	
-5.30496190927	-1757.22022775	
-5.30661616936	-1757.22060201	
-5.3082676974	-1757.22097734	
-5.30991650239	-1757.22135373	
-5.3115625933	-1757.22173118	
-5.31320597904	-1757.22210967	
-5.3148466685	-1757.2224892	
-5.3164846705	-1757.22286976	
-5.31811999384	-1757.22325134	
-5.31975264727	-1757.22363394	
-5.32138263948	-1757.22401755	
-5.32300997914	-1757.22440216	
-5.32463467487	-1757.22478776	
-5.32625673524	-1757.22517435	
-5.32787616879	-1757.22556191	
-5.32949298402	-1757.22595044	
-5.33110718937	-1757.22633994	
-5.33271879327	-1757.22673039	
-5.33432780407	-1757.2271218	
-5.33593423012	-1757.22751414	
-5.3375380797	-1757.22790742	
-5.33913936107	-1757.22830162	
-5.34073808243	-1757.22869675	
-5.34233425196	-1757.22909279	
-5.3439278778	-1757.22948974	
-5.34551896803	-1757.22988759	
-5.34710753072	-1757.23028633	
-5.34869357387	-1757.23068595	
-5.35027710548	-1757.23108646	
-5.35185813348	-1757.23148784	
-5.35343666577	-1757.23189009	
-5.35501271022	-1757.23229319	
-5.35658627467	-1757.23269715	
-5.3581573669	-1757.23310196	
-5.35972599468	-1757.23350761	
-5.36129216571	-1757.23391409	
-5.36285588769	-1757.2343214	
-5.36441716825	-1757.23472953	
-5.36597601502	-1757.23513848	
-5.36753243557	-1757.23554823	
-5.36908643744	-1757.23595879	
-5.37063802813	-1757.23637015	
-5.37218721511	-1757.23678229	
-5.37373400583	-1757.23719523	
-5.37527840768	-1757.23760894	
-5.37682042804	-1757.23802342	
-5.37836007422	-1757.23843867	
-5.37989735354	-1757.23885468	
-5.38143227326	-1757.23927145	
-5.38296484061	-1757.23968896	
-5.38449506279	-1757.24010722	
-5.38602294697	-1757.24052622	
-5.38754850028	-1757.24094595	
-5.38907172982	-1757.24136641	
-5.39059264266	-1757.24178759	
-5.39211124583	-1757.24220948	
-5.39362754635	-1757.24263208	
-5.39514155118	-1757.24305539	
-5.39665326727	-1757.2434794	
-5.39816270152	-1757.2439041	
-5.39966986081	-1757.24432949	
-5.40117475199	-1757.24475557	
-5.40267738187	-1757.24518232	
-5.40417775725	-1757.24560974	
-5.40567588487	-1757.24603783	
-5.40717177146	-1757.24646659	
-5.40866542372	-1757.246896	
-5.4101568483	-1757.24732606	
-5.41164605186	-1757.24775677	
-5.41313304098	-1757.24818812	
-5.41461782224	-1757.24862011	
-5.4161004022	-1757.24905273	
-5.41758078737	-1757.24948597	
-5.41905898424	-1757.24991984	
-5.42053499927	-1757.25035433	
-5.42200883889	-1757.25078942	
-5.4234805095	-1757.25122513	
-5.42495001748	-1757.25166144	
-5.42641736918	-1757.25209834	
-5.4278825709	-1757.25253584	
-5.42934562895	-1757.25297393	
-5.43080654959	-1757.2534126	
-5.43226533906	-1757.25385185	
-5.43372200355	-1757.25429168	
-5.43517654927	-1757.25473207	
-5.43662898235	-1757.25517303	
-5.43807930892	-1757.25561455	
-5.4395275351	-1757.25605663	
-5.44097366695	-1757.25649926	
-5.44241771052	-1757.25694244	
-5.44385967184	-1757.25738616	
-5.4452995569	-1757.25783042	
-5.44673737167	-1757.25827522	
-5.44817312209	-1757.25872054	
-5.44960681409	-1757.25916639	
-5.45103845357	-1757.25961277	
-5.45246804638	-1757.26005966	
-5.45389559837	-1757.26050706	
-5.45532111536	-1757.26095497	
-5.45674460314	-1757.26140339	
-5.45816606749	-1757.26185231	
-5.45958551414	-1757.26230173	
-5.46100294883	-1757.26275164	
-5.46241837723	-1757.26320204	
-5.46383180503	-1757.26365292	
-5.46524323786	-1757.26410428	
-5.46665268137	-1757.26455612	
-5.46806014114	-1757.26500844	
-5.46946562274	-1757.26546122	
-5.47086913175	-1757.26591447	
-5.47227067367	-1757.26636818	
-5.47367025403	-1757.26682235	
-5.47506787829	-1757.26727697	
-5.47646355193	-1757.26773204	
-5.47785728038	-1757.26818756	
-5.47924906905	-1757.26864352	
-5.48063892334	-1757.26909992	
-5.48202684862	-1757.26955675	
-5.48341285022	-1757.27001402	
-5.48479693349	-1757.27047171	
-5.48617910372	-1757.27092983	
-5.48755936619	-1757.27138837	
-5.48893772616	-1757.27184732	
-5.49031418887	-1757.27230669	
-5.49168875953	-1757.27276647	
-5.49306144334	-1757.27322666	
-5.49443224547	-1757.27368725	
-5.49580117108	-1757.27414824	
-5.49716822529	-1757.27460962	
-5.49853341322	-1757.2750714	
-5.49989673995	-1757.27553357	
-5.50125821054	-1757.27599613	
-5.50261783006	-1757.27645906	
-5.50397560352	-1757.27692238	
-5.50533153593	-1757.27738607	
-5.50668563228	-1757.27785014	
-5.50803789753	-1757.27831458	
-5.50938833663	-1757.27877938	
-5.5107369545	-1757.27924454	
-5.51208375605	-1757.27971007	
-5.51342874616	-1757.28017595	
-5.51477192971	-1757.28064219	
-5.51611331154	-1757.28110878	
-5.51745289646	-1757.28157571	
-5.51879068931	-1757.28204299	
-5.52012669485	-1757.28251061	
-5.52146091786	-1757.28297857	
-5.5227933631	-1757.28344687	
-5.52412403528	-1757.2839155	
-5.52545293913	-1757.28438445	
-5.52678007934	-1757.28485373	
-5.52810546058	-1757.28532334	
-5.52942908751	-1757.28579327	
-5.53075096477	-1757.28626351	
-5.53207109697	-1757.28673407	
-5.53338948873	-1757.28720494	
-5.53470614461	-1757.28767612	
-5.53602106919	-1757.28814761	
-5.53733426702	-1757.2886194	
-5.53864574262	-1757.28909149	
-5.5399555005	-1757.28956387	
-5.54126354516	-1757.29003656	
-5.54256988107	-1757.29050953	
-5.5438745127	-1757.29098279	
-5.54517744448	-1757.29145634	
-5.54647868084	-1757.29193018	
-5.54777822618	-1757.29240429	
-5.5490760849	-1757.29287869	
-5.55037226136	-1757.29335336	
-5.55166675992	-1757.2938283	
-5.55295958492	-1757.29430351	
-5.55425074069	-1757.294779	
-5.55554023152	-1757.29525474	
-5.5568280617	-1757.29573076	
-5.55811423551	-1757.29620703	
-5.5593987572	-1757.29668356	
-5.56068163102	-1757.29716034	
-5.56196286117	-1757.29763738	
-5.56324245188	-1757.29811466	
-5.56452040732	-1757.2985922	
-5.56579673168	-1757.29906998	
-5.56707142911	-1757.299548	
-5.56834450376	-1757.30002627	
-5.56961595975	-1757.30050477	
-5.57088580119	-1757.30098351	
-5.57215403218	-1757.30146248	
-5.57342065679	-1757.30194168	
-5.5746856791	-1757.30242111	
-5.57594910315	-1757.30290077	
-5.57721093297	-1757.30338065	
-5.57847117258	-1757.30386075	
-5.57972982599	-1757.30434107	
-5.58098689718	-1757.30482161	
-5.58224239012	-1757.30530237	
-5.58349630878	-1757.30578333	
-5.5847486571	-1757.30626451	
-5.585999439	-1757.30674589	
-5.5872486584	-1757.30722748	
-5.5884963192	-1757.30770928	
-5.58974242528	-1757.30819127	
-5.59098698051	-1757.30867347	
-5.59222998875	-1757.30915586	
-5.59347145384	-1757.30963844	
-5.5947113796	-1757.31012122	
-5.59594976985	-1757.31060419	
-5.59718662839	-1757.31108735	
-5.598421959	-1757.31157069	
-5.59965576545	-1757.31205422	
-5.60088805149	-1757.31253793	
-5.60211882088	-1757.31302183	
-5.60334807733	-1757.3135059	
-5.60457582457	-1757.31399014	
-5.6058020663	-1757.31447456	
-5.60702680619	-1757.31495915	
-5.60825004793	-1757.31544392	
-5.60947179518	-1757.31592885	
-5.61069205159	-1757.31641394	
-5.61191082078	-1757.3168992	
-5.61312810639	-1757.31738463	
-5.61434391201	-1757.31787021	
-5.61555824124	-1757.31835595	
-5.61677109767	-1757.31884185	
-5.61798248485	-1757.31932791	
-5.61919240636	-1757.31981411	
-5.62040086572	-1757.32030047	
-5.62160786647	-1757.32078697	
-5.62281341212	-1757.32127363	
-5.62401750619	-1757.32176042	
-5.62522015215	-1757.32224737	
-5.6264213535	-1757.32273445	
-5.62762111369	-1757.32322167	
-5.62881943618	-1757.32370903	
-5.63001632442	-1757.32419653	
-5.63121178182	-1757.32468416	
-5.63240581181	-1757.32517193	
-5.6335984178	-1757.32565982	
-5.63478960317	-1757.32614785	
-5.6359793713	-1757.326636	
-5.63716772557	-1757.32712428	
-5.63835466933	-1757.32761268	
-5.63954020593	-1757.3281012	
-5.64072433869	-1757.32858985	
-5.64190707094	-1757.32907861	
-5.64308840598	-1757.32956749	
-5.64426834712	-1757.33005649	
-5.64544689764	-1757.3305456	
-5.64662406082	-1757.33103482	
-5.64779983991	-1757.33152416	
-5.64897423816	-1757.3320136	
-5.65014725882	-1757.33250315	
-5.65131890512	-1757.3329928	
-5.65248918027	-1757.33348256	
-5.65365808747	-1757.33397243	
-5.65482562993	-1757.33446239	
-5.65599181082	-1757.33495245	
-5.65715663332	-1757.33544261	
-5.65832010058	-1757.33593287	
-5.65948221576	-1757.33642322	
-5.660642982	-1757.33691367	
-5.66180240242	-1757.33740421	
-5.66296048014	-1757.33789484	
-5.66411721826	-1757.33838555	
-5.66527261989	-1757.33887636	
-5.66642668811	-1757.33936725	
-5.66757942599	-1757.33985822	
-5.6687308366	-1757.34034928	
-5.66988092298	-1757.34084042	
-5.67102968818	-1757.34133164	
-5.67217713524	-1757.34182293	
-5.67332326717	-1757.34231431	
-5.67446808699	-1757.34280576	
-5.67561159769	-1757.34329728	
-5.67675380227	-1757.34378888	
-5.6778947037	-1757.34428055	
-5.67903430497	-1757.34477229	
-5.68017260902	-1757.3452641	
-5.6813096188	-1757.34575597	
-5.68244533727	-1757.34624791	
-5.68357976734	-1757.34673992	
-5.68471291194	-1757.34723199	
-5.68584477397	-1757.34772412	
-5.68697535634	-1757.34821631	
-5.68810466194	-1757.34870856	
-5.68923269364	-1757.34920087	
-5.69035945432	-1757.34969324	
-5.69148494685	-1757.35018566	
-5.69260917406	-1757.35067813	
-5.6937321388	-1757.35117066	
-5.69485384391	-1757.35166324	
-5.69597429221	-1757.35215587	
-5.69709348651	-1757.35264855	
-5.69821142961	-1757.35314128	
-5.69932812431	-1757.35363405	
-5.70044357339	-1757.35412687	
-5.70155777963	-1757.35461973	
-5.7026707458	-1757.35511264	
-5.70378247466	-1757.35560558	
-5.70489296894	-1757.35609857	
-5.70600223139	-1757.3565916	
-5.70711026475	-1757.35708466	
-5.70821707172	-1757.35757776	
-5.70932265503	-1757.3580709	
-5.71042701737	-1757.35856407	
-5.71153016145	-1757.35905728	
-5.71263208993	-1757.35955051	
-5.71373280551	-1757.36004378	
-5.71483231084	-1757.36053708	
-5.71593060859	-1757.3610304	
-5.71702770141	-1757.36152376	
-5.71812359193	-1757.36201714	
-5.71921828279	-1757.36251054	
-5.72031177661	-1757.36300397	
-5.72140407601	-1757.36349743	
-5.72249518359	-1757.3639909	
-5.72358510195	-1757.3644844	
-5.72467383369	-1757.36497791	
-5.72576138137	-1757.36547145	
-5.72684774759	-1757.365965	
-5.72793293489	-1757.36645857	
-5.72901694583	-1757.36695215	
-5.73009978297	-1757.36744575	
-5.73118144884	-1757.36793936	
-5.73226194598	-1757.36843298	
-5.7333412769	-1757.36892662	
-5.73441944412	-1757.36942027	
-5.73549645015	-1757.36991392	
-5.73657229748	-1757.37040758	
-5.73764698861	-1757.37090126	
-5.73872052602	-1757.37139493	
-5.73979291218	-1757.37188861	
-5.74086414956	-1757.3723823	
-5.74193424062	-1757.37287599	
-5.74300318781	-1757.37336968	
-5.74407099357	-1757.37386338	
-5.74513766034	-1757.37435707	
-5.74620319054	-1757.37485076	
-5.7472675866	-1757.37534446	
-5.74833085092	-1757.37583814	
-5.74939298591	-1757.37633183	
-5.75045399397	-1757.37682551	
-5.75151387748	-1757.37731919	
-5.75257263883	-1757.37781286	
-5.75363028038	-1757.37830652	
-5.75468680452	-1757.37880017	
-5.75574221359	-1757.37929382	
-5.75679650994	-1757.37978745	
-5.75784969593	-1757.38028108	
-5.75890177388	-1757.38077469	
-5.75995274612	-1757.38126829	
-5.76100261499	-1757.38176188	
-5.76205138278	-1757.38225545	
-5.76309905181	-1757.38274901	
-5.76414562438	-1757.38324255	
-5.76519110278	-1757.38373607	
-5.7662354893	-1757.38422958	
-5.76727878622	-1757.38472307	
-5.76832099579	-1757.38521653	
-5.7693621203	-1757.38570998	
-5.770402162	-1757.38620341	
-5.77144112313	-1757.38669681	
-5.77247900594	-1757.38719019	
-5.77351581267	-1757.38768355	
-5.77455154554	-1757.38817688	
-5.77558620679	-1757.38867019	
-5.77661979861	-1757.38916347	
-5.77765232322	-1757.38965672	
-5.77868378283	-1757.39014995	
-5.77971417962	-1757.39064314	
-5.78074351579	-1757.39113631	
-5.78177179352	-1757.39162945	
-5.78279901497	-1757.39212256	
-5.78382518233	-1757.39261563	
-5.78485029774	-1757.39310867	
-5.78587436337	-1757.39360168	
-5.78689738137	-1757.39409466	
-5.78791935386	-1757.3945876	
-5.788940283	-1757.3950805	
-5.7899601709	-1757.39557337	
-5.79097901969	-1757.3960662	
-5.79199683148	-1757.39655899	
-5.79301360838	-1757.39705175	
-5.7940293525	-1757.39754446	
-5.79504406593	-1757.39803714	
-5.79605775077	-1757.39852977	
-5.79707040908	-1757.39902237	
-5.79808204295	-1757.39951492	
-5.79909265446	-1757.40000743	
-5.80010224566	-1757.40049989	
-5.80111081862	-1757.40099231	
-5.80211837538	-1757.40148469	
-5.80312491799	-1757.40197702	
-5.80413044849	-1757.4024693	
-5.80513496892	-1757.40296153	
-5.80613848129	-1757.40345372	
-5.80714098764	-1757.40394586	
-5.80814248998	-1757.40443795	
-5.80914299031	-1757.40492999	
