-7.425278823833820763e-01
-4.831418326822874421e-01
-8.731807568225082861e-01
2.843022688353346705e+00
-9.118472358943873202e-01
2.631416883760377079e+00
2.631416883760377079e+00
-6.530139760840551588e+00
-4.130757111925238867e+00
-4.439339912029527824e+00
-4.292021849546265422e+00
-1.737116692584072908e+01
-6.642097337572182347e+00
-5.831171450496637654e+00
-4.750276769826890622e+00
-5.971678195314555460e+00
-5.626723313145149952e+00
-5.469613858567323739e+00
-6.575003976660860339e+00
-4.649902155661711056e+00
