# log_p 	 lnL 	 
0.0	-1700.16815388	
-0.287682072452	-1700.15165993	
-0.510825623766	-1700.13137873	
-0.69314718056	-1700.10989379	
-0.847297860387	-1700.08861544	
-0.980829253012	-1700.06821415	
-1.09861228867	-1700.04895795	
-1.20397280433	-1700.03090954	
-1.29928298413	-1700.01403238	
-1.38629436112	-1699.99824619	
-1.46633706879	-1699.98345529	
-1.54044504095	-1699.96956269	
-1.60943791243	-1699.95647673	
-1.67397643357	-1699.94411387	
-1.73460105539	-1699.93239946	
-1.79175946923	-1699.92126756	
-1.8458266905	-1699.91066024	
-1.89711998489	-1699.90052685	
-1.94591014906	-1699.8908231	
-1.99243016469	-1699.88151025	
-2.03688192726	-1699.87255444	
-2.07944154168	-1699.86392597	
-2.1202635362	-1699.85559873	
-2.15948424935	-1699.84754974	
-2.19722457734	-1699.83975871	
-2.23359222151	-1699.83220765	
-2.26868354132	-1699.82488056	
-2.30258509299	-1699.8177632	
-2.33537491582	-1699.8108428	
-2.36712361413	-1699.80410792	
-2.3978952728	-1699.79754822	
-2.42774823595	-1699.79115439	
-2.45673577282	-1699.78491797	
-2.48490664979	-1699.77883123	
-2.51230562398	-1699.77288716	
-2.53897387106	-1699.7670793	
-2.56494935746	-1699.76140173	
-2.59026716545	-1699.75584898	
-2.61495977804	-1699.75041599	
-2.63905732962	-1699.74509808	
-2.66258782703	-1699.73989087	
-2.68557734525	-1699.73479031	
-2.7080502011	-1699.72979258	
-2.73002910782	-1699.72489411	
-2.75153531304	-1699.72009156	
-2.77258872224	-1699.71538176	
-2.79320800944	-1699.71076173	
-2.81341071676	-1699.70622866	
-2.83321334406	-1699.70177987	
-2.85263142991	-1699.69741282	
-2.87167962488	-1699.69312511	
-2.8903717579	-1699.68891444	
-2.90872089656	-1699.68477863	
-2.92673940207	-1699.68071558	
-2.94443897917	-1699.67672329	
-2.96183072188	-1699.67279986	
-2.97892515524	-1699.66894345	
-2.99573227355	-1699.66515229	
-3.01226157551	-1699.66142471	
-3.02852209638	-1699.65775908	
-3.04452243772	-1699.65415383	
-3.06027079469	-1699.65060746	
-3.07577498123	-1699.64711853	
-3.09104245336	-1699.64368562	
-3.10608033072	-1699.64030741	
-3.12089541651	-1699.63698258	
-3.13549421593	-1699.63370987	
-3.14988295338	-1699.63048808	
-3.16406758837	-1699.62731601	
-3.17805383035	-1699.62419254	
-3.19184715248	-1699.62111656	
-3.20545280454	-1699.618087	
-3.21887582487	-1699.61510284	
-3.23212105162	-1699.61216306	
-3.24519313319	-1699.60926669	
-3.25809653802	-1699.60641279	
-3.2708355638	-1699.60360045	
-3.28341434601	-1699.60082877	
-3.295836866	-1699.59809689	
-3.3081069586	-1699.59540397	
-3.32022831913	-1699.59274921	
-3.33220451018	-1699.59013179	
-3.34403896782	-1699.58755096	
-3.35573500759	-1699.58500597	
-3.36729582999	-1699.58249608	
-3.37872452581	-1699.58002059	
-3.39002408106	-1699.57757881	
-3.40119738166	-1699.57517007	
-3.41224721785	-1699.57279371	
-3.42317628838	-1699.57044909	
-3.43398720449	-1699.5681356	
-3.4446824936	-1699.56585263	
-3.45526460293	-1699.56359959	
-3.4657359028	-1699.56137591	
-3.47609868984	-1699.55918102	
-3.48635519	-1699.55701439	
-3.49650756147	-1699.55487549	
-3.50655789732	-1699.55276378	
-3.51650822817	-1699.55067877	
-3.52636052462	-1699.54861997	
-3.53611669956	-1699.54658688	
-3.54577861047	-1699.54457905	
-3.55534806149	-1699.542596	
-3.56482680544	-1699.54063731	
-3.57421654579	-1699.53870252	
-3.58351893846	-1699.53679121	
-3.59273559356	-1699.53490296	
-3.60186807712	-1699.53303736	
-3.61091791264	-1699.53119403	
-3.61988658263	-1699.52937256	
-3.62877553004	-1699.52757258	
-3.63758615973	-1699.52579372	
-3.6463198397	-1699.52403561	
-3.65497790244	-1699.52229791	
-3.66356164613	-1699.52058025	
-3.6720723358	-1699.51888231	
-3.68051120444	-1699.51720375	
-3.68887945411	-1699.51554425	
-3.69717825693	-1699.51390348	
-3.70540875607	-1699.51228115	
-3.7135720667	-1699.51067694	
-3.72166927694	-1699.50909056	
-3.72970144863	-1699.50752172	
-3.73766961828	-1699.50597013	
-3.74557479779	-1699.50443552	
-3.75341797525	-1699.50291761	
-3.76120011569	-1699.50141613	
-3.76892216179	-1699.49993083	
-3.77658503453	-1699.49846145	
-3.78418963392	-1699.49700773	
-3.79173683955	-1699.49556943	
-3.79922751128	-1699.49414632	
-3.80666248977	-1699.49273815	
-3.81404259707	-1699.4913447	
-3.82136863716	-1699.48996573	
-3.82864139649	-1699.48860104	
-3.83586164446	-1699.48725039	
-3.84303013394	-1699.48591358	
-3.85014760171	-1699.4845904	
-3.85721476893	-1699.48328064	
-3.86423234159	-1699.48198411	
-3.87120101091	-1699.4807006	
-3.87812145375	-1699.47942993	
-3.88499433304	-1699.4781719	
-3.89182029811	-1699.47692633	
-3.8985999851	-1699.47569304	
-3.90533401728	-1699.47447186	
-3.91202300543	-1699.47326259	
-3.91866754815	-1699.47206508	
-3.92526823218	-1699.47087916	
-3.93182563272	-1699.46970465	
-3.93834031375	-1699.4685414	
-3.94481282825	-1699.46738925	
-3.95124371858	-1699.46624805	
-3.95763351668	-1699.46511763	
-3.96398274436	-1699.46399785	
-3.97029191355	-1699.46288856	
-3.97656152657	-1699.46178962	
-3.98279207632	-1699.46070088	
-3.98898404656	-1699.4596222	
-3.99513791214	-1699.45855345	
-4.00125413916	-1699.45749449	
-4.00733318523	-1699.4564452	
-4.01337549969	-1699.45540543	
-4.01938152375	-1699.45437506	
-4.02535169074	-1699.45335396	
-4.03128642625	-1699.45234202	
-4.03718614838	-1699.45133911	
-4.04305126783	-1699.45034511	
-4.04888218815	-1699.44935991	
-4.05467930583	-1699.44838338	
-4.06044301055	-1699.44741542	
-4.06617368526	-1699.44645592	
-4.07187170637	-1699.44550477	
-4.07753744391	-1699.44456185	
-4.08317126162	-1699.44362707	
-4.08877351717	-1699.44270031	
-4.09434456222	-1699.44178149	
-4.0998847426	-1699.44087049	
-4.10539439841	-1699.43996722	
-4.11087386417	-1699.43907158	
-4.11632346894	-1699.43818348	
-4.12174353641	-1699.43730282	
-4.12713438505	-1699.43642951	
-4.13249632819	-1699.43556346	
-4.13782967416	-1699.43470458	
-4.14313472639	-1699.43385278	
-4.14841178349	-1699.43300798	
-4.15366113938	-1699.43217009	
-4.15888308336	-1699.43133902	
-4.16407790024	-1699.4305147	
-4.1692458704	-1699.42969705	
-4.1743872699	-1699.42888597	
-4.17950237056	-1699.4280814	
-4.18459144007	-1699.42728326	
-4.18965474203	-1699.42649147	
-4.19469253606	-1699.42570596	
-4.19970507788	-1699.42492665	
-4.20469261939	-1699.42415347	
-4.20965540873	-1699.42338635	
-4.21459369037	-1699.42262522	
-4.21950770518	-1699.42187001	
-4.22439769047	-1699.42112065	
-4.22926388012	-1699.42037707	
-4.2341065046	-1699.41963921	
-4.23892579103	-1699.41890701	
-4.2437219633	-1699.41818039	
-4.24849524205	-1699.41745929	
-4.25324584481	-1699.41674366	
-4.257973986	-1699.41603343	
-4.26267987704	-1699.41532854	
-4.26736372635	-1699.41462893	
-4.27202573946	-1699.41393454	
-4.27666611902	-1699.41324532	
-4.28128506487	-1699.41256121	
-4.28588277412	-1699.41188214	
-4.29045944115	-1699.41120808	
-4.29501525768	-1699.41053895	
-4.29955041285	-1699.40987471	
-4.3040650932	-1699.40921531	
-4.30855948279	-1699.40856069	
-4.31303376319	-1699.4079108	
-4.31748811354	-1699.40726559	
-4.3219227106	-1699.40662501	
-4.32633772881	-1699.40598901	
-4.33073334029	-1699.40535755	
-4.33510971489	-1699.40473057	
-4.33946702026	-1699.40410802	
-4.34380542185	-1699.40348986	
-4.348125083	-1699.40287605	
-4.3524261649	-1699.40226654	
-4.35670882669	-1699.40166128	
-4.36097322548	-1699.40106024	
-4.36521951636	-1699.40046336	
-4.36944785247	-1699.3998706	
-4.373658385	-1699.39928192	
-4.37785126326	-1699.39869728	
-4.38202663467	-1699.39811665	
-4.38618464482	-1699.39753997	
-4.39032543749	-1699.3969672	
-4.39444915467	-1699.39639832	
-4.39855593663	-1699.39583327	
-4.40264592188	-1699.39527203	
-4.40671924726	-1699.39471454	
-4.41077604796	-1699.39416079	
-4.4148164575	-1699.39361071	
-4.4188406078	-1699.3930643	
-4.42284862919	-1699.39252149	
-4.42684065046	-1699.39198227	
-4.43081679884	-1699.39144659	
-4.43477720006	-1699.39091442	
-4.43872197835	-1699.39038573	
-4.44265125649	-1699.38986048	
-4.44656515581	-1699.38933864	
-4.45046379623	-1699.38882017	
-4.45434729625	-1699.38830505	
-4.45821577303	-1699.38779324	
-4.46206934235	-1699.38728471	
-4.46590811865	-1699.38677942	
-4.46973221509	-1699.38627736	
-4.47354174351	-1699.38577848	
-4.47733681448	-1699.38528276	
-4.48111753732	-1699.38479016	
-4.48488402011	-1699.38430067	
-4.48863636973	-1699.38381424	
-4.49237469184	-1699.38333085	
-4.49609909093	-1699.38285048	
-4.49980967033	-1699.38237309	
-4.50350653221	-1699.38189865	
-4.50718977763	-1699.38142714	
-4.51085950652	-1699.38095854	
-4.51451581772	-1699.38049281	
-4.518158809	-1699.38002993	
-4.52178857705	-1699.37956988	
-4.52540521752	-1699.37911262	
-4.52900882502	-1699.37865814	
-4.53259949315	-1699.3782064	
-4.5361773145	-1699.37775739	
-4.53974238067	-1699.37731107	
-4.54329478227	-1699.37686743	
-4.54683460898	-1699.37642643	
-4.55036194949	-1699.37598807	
-4.5538768916	-1699.37555231	
-4.55737952215	-1699.37511913	
-4.56086992709	-1699.3746885	
-4.56434819147	-1699.37426041	
-4.56781439944	-1699.37383484	
-4.57126863431	-1699.37341175	
-4.5747109785	-1699.37299114	
-4.5781415136	-1699.37257297	
-4.58156032035	-1699.37215723	
-4.58496747867	-1699.37174389	
-4.58836306767	-1699.37133294	
-4.59174716566	-1699.37092435	
-4.59511985013	-1699.37051811	
-4.59848119784	-1699.37011419	
-4.60183128472	-1699.36971257	
-4.60517018599	-1699.36931324	
-4.60849797608	-1699.36891618	
-4.61181472871	-1699.36852136	
-4.61512051684	-1699.36812877	
-4.61841541274	-1699.36773839	
-4.62169948794	-1699.36735019	
-4.62497281328	-1699.36696417	
-4.62823545892	-1699.3665803	
-4.63148749431	-1699.36619857	
-4.63472898823	-1699.36581896	
-4.63796000881	-1699.36544144	
-4.64118062351	-1699.36506601	
-4.64439089914	-1699.36469265	
-4.64759090187	-1699.36432133	
-4.65078069724	-1699.36395205	
-4.65396035016	-1699.36358478	
-4.65712992492	-1699.36321951	
-4.66028948521	-1699.36285622	
-4.66343909411	-1699.36249491	
-4.66657881412	-1699.36213554	
-4.66970870713	-1699.36177811	
-4.67282883446	-1699.36142259	
-4.67593925688	-1699.36106899	
-4.67904003455	-1699.36071727	
-4.68213122712	-1699.36036742	
-4.68521289366	-1699.36001944	
-4.6882850927	-1699.3596733	
-4.69134788223	-1699.35932899	
-4.69440131972	-1699.35898649	
-4.6974454621	-1699.3586458	
-4.70048036579	-1699.35830689	
-4.70350608671	-1699.35796976	
-4.70652268025	-1699.35763438	
-4.70953020131	-1699.35730076	
-4.71252870431	-1699.35696886	
-4.71551824316	-1699.35663868	
-4.7184988713	-1699.35631021	
-4.72147064168	-1699.35598343	
-4.72443360681	-1699.35565833	
-4.72738781871	-1699.3553349	
-4.73033332894	-1699.35501312	
-4.73327018862	-1699.35469298	
-4.73619844839	-1699.35437447	
-4.7391181585	-1699.35405757	
-4.74202936871	-1699.35374228	
-4.74493212836	-1699.35342858	
-4.74782648639	-1699.35311646	
-4.75071249128	-1699.35280591	
-4.75359019111	-1699.35249692	
-4.75645963353	-1699.35218947	
-4.75932086582	-1699.35188355	
-4.7621739348	-1699.35157916	
-4.76501888693	-1699.35127627	
-4.76785576827	-1699.35097489	
-4.77068462447	-1699.35067499	
-4.77350550081	-1699.35037657	
-4.77631844218	-1699.35007962	
-4.77912349311	-1699.34978412	
-4.78192069773	-1699.34949007	
-4.78471009982	-1699.34919745	
-4.78749174278	-1699.34890625	
-4.79026566966	-1699.34861647	
-4.79303192316	-1699.34832809	
-4.7957905456	-1699.34804111	
-4.79854157897	-1699.34775551	
-4.80128506491	-1699.34747128	
-4.80402104473	-1699.34718842	
-4.80674955939	-1699.34690691	
-4.8094706495	-1699.34662674	
-4.81218435537	-1699.34634791	
-4.81489071697	-1699.3460704	
-4.81758977394	-1699.34579421	
-4.82028156561	-1699.34551932	
-4.82296613098	-1699.34524573	
-4.82564350875	-1699.34497343	
-4.8283137373	-1699.34470241	
-4.83097685472	-1699.34443265	
-4.83363289878	-1699.34416416	
-4.83628190695	-1699.34389692	
-4.83892391641	-1699.34363093	
-4.84155896405	-1699.34336616	
-4.84418708646	-1699.34310263	
-4.84680831994	-1699.34284031	
-4.84942270051	-1699.3425792	
-4.85203026392	-1699.3423193	
-4.85463104562	-1699.34206058	
-4.8572250808	-1699.34180305	
-4.85981240436	-1699.3415467	
-4.86239305096	-1699.34129151	
-4.86496705495	-1699.34103749	
-4.86753445046	-1699.34078462	
-4.87009527132	-1699.34053289	
-4.87264955112	-1699.3402823	
-4.8751973232	-1699.34003284	
-4.87773862063	-1699.3397845	
-4.88027347623	-1699.33953728	
-4.88280192259	-1699.33929116	
-4.88532399202	-1699.33904614	
-4.88783971662	-1699.33880222	
-4.89034912822	-1699.33855938	
-4.89285225844	-1699.33831761	
-4.89534913864	-1699.33807692	
-4.89783979995	-1699.33783729	
-4.90032427328	-1699.33759872	
-4.90280258929	-1699.33736119	
-4.90527477844	-1699.33712471	
-4.90774087093	-1699.33688927	
-4.91020089677	-1699.33665485	
-4.91265488574	-1699.33642146	
-4.91510286737	-1699.33618908	
-4.91754487103	-1699.33595771	
-4.91998092583	-1699.33572734	
-4.92241106068	-1699.33549797	
-4.92483530429	-1699.33526959	
-4.92725368516	-1699.33504219	
-4.92966623156	-1699.33481577	
-4.93207297159	-1699.33459031	
-4.93447393313	-1699.33436583	
-4.93686914386	-1699.3341423	
-4.93925863125	-1699.33391972	
-4.94164242261	-1699.33369809	
-4.94402054501	-1699.3334774	
-4.94639302537	-1699.33325764	
-4.94875989038	-1699.33303881	
-4.95112116656	-1699.33282091	
-4.95347688026	-1699.33260392	
-4.9558270576	-1699.33238784	
-4.95817172456	-1699.33217266	
-4.96051090691	-1699.33195839	
-4.96284463026	-1699.33174501	
-4.96517292002	-1699.33153251	
-4.96749580144	-1699.3313209	
-4.96981329958	-1699.33111017	
-4.97212543933	-1699.33090031	
-4.97443224543	-1699.33069131	
-4.97673374242	-1699.33048318	
-4.97902995468	-1699.3302759	
-4.98132090643	-1699.33006947	
-4.98360662171	-1699.32986389	
-4.98588712441	-1699.32965914	
-4.98816243824	-1699.32945524	
-4.99043258678	-1699.32925216	
-4.99269759341	-1699.3290499	
-4.99495748138	-1699.32884847	
-4.99721227376	-1699.32864785	
-4.9994619935	-1699.32844804	
-5.00170666335	-1699.32824904	
-5.00394630595	-1699.32805083	
-5.00618094375	-1699.32785343	
-5.00841059907	-1699.32765681	
-5.0106352941	-1699.32746098	
-5.01285505083	-1699.32726592	
-5.01506989116	-1699.32707165	
-5.01727983681	-1699.32687815	
-5.01948490937	-1699.32668541	
-5.02168513028	-1699.32649344	
-5.02388052085	-1699.32630222	
-5.02607110223	-1699.32611176	
-5.02825689545	-1699.32592205	
-5.03043792139	-1699.32573309	
-5.03261420082	-1699.32554486	
-5.03478575433	-1699.32535737	
-5.03695260241	-1699.32517061	
-5.03911476542	-1699.32498458	
-5.04127226356	-1699.32479928	
-5.04342511692	-1699.32461469	
-5.04557334546	-1699.32443082	
-5.047716969	-1699.32424765	
-5.04985600725	-1699.3240652	
-5.05199047978	-1699.32388345	
-5.05412040604	-1699.32370239	
-5.05624580535	-1699.32352203	
-5.05836669692	-1699.32334237	
-5.06048309982	-1699.32316338	
-5.06259503303	-1699.32298509	
-5.06470251537	-1699.32280747	
-5.06680556556	-1699.32263052	
-5.06890420222	-1699.32245425	
-5.07099844382	-1699.32227864	
-5.07308830874	-1699.3221037	
-5.07517381523	-1699.32192942	
-5.07725498144	-1699.32175579	
-5.07933182538	-1699.32158281	
-5.08140436498	-1699.32141049	
-5.08347261805	-1699.32123881	
-5.08553660227	-1699.32106777	
-5.08759633523	-1699.32089737	
-5.08965183441	-1699.3207276	
-5.09170311719	-1699.32055847	
-5.09375020081	-1699.32038996	
-5.09579310244	-1699.32022207	
-5.09783183913	-1699.32005481	
-5.09986642782	-1699.31988816	
-5.10189688537	-1699.31972213	
-5.10392322852	-1699.31955671	
-5.1059454739	-1699.31939189	
-5.10796363806	-1699.31922768	
-5.10997773743	-1699.31906406	
-5.11198778836	-1699.31890105	
-5.11399380708	-1699.31873863	
-5.11599580975	-1699.31857679	
-5.11799381242	-1699.31841555	
-5.11998783102	-1699.31825489	
-5.12197788143	-1699.31809481	
-5.1239639794	-1699.31793531	
-5.12594614061	-1699.31777638	
-5.12792438062	-1699.31761803	
-5.12989871492	-1699.31746024	
-5.13186915891	-1699.31730302	
-5.13383572788	-1699.31714636	
-5.13579843705	-1699.31699026	
-5.13775730154	-1699.31683472	
-5.13971233637	-1699.31667973	
-5.1416635565	-1699.31652529	
-5.14361097679	-1699.31637139	
-5.145554612	-1699.31621805	
-5.14749447681	-1699.31606524	
-5.14943058584	-1699.31591297	
-5.15136295359	-1699.31576124	
-5.1532915945	-1699.31561005	
-5.15521652291	-1699.31545938	
-5.15713775309	-1699.31530924	
-5.15905529921	-1699.31515963	
-5.1609691754	-1699.31501053	
-5.16287939565	-1699.31486196	
-5.16478597392	-1699.31471391	
-5.16668892407	-1699.31456636	
-5.16858825987	-1699.31441933	
-5.17048399504	-1699.31427281	
-5.17237614319	-1699.3141268	
-5.17426471788	-1699.31398128	
-5.17614973257	-1699.31383627	
-5.17803120067	-1699.31369176	
-5.1799091355	-1699.31354774	
-5.18178355029	-1699.31340422	
-5.18365445823	-1699.31326118	
-5.1855218724	-1699.31311864	
-5.18738580584	-1699.31297658	
-5.18924627149	-1699.312835	
-5.19110328224	-1699.31269391	
-5.19295685089	-1699.31255329	
-5.19480699018	-1699.31241315	
-5.19665371277	-1699.31227348	
-5.19849703127	-1699.31213428	
-5.20033695819	-1699.31199556	
-5.202173506	-1699.31185729	
-5.20400668708	-1699.3117195	
-5.20583651375	-1699.31158216	
-5.20766299828	-1699.31144528	
-5.20948615284	-1699.31130886	
-5.21130598956	-1699.3111729	
-5.21312252048	-1699.31103738	
-5.21493575761	-1699.31090232	
-5.21674571285	-1699.31076771	
-5.21855239808	-1699.31063354	
-5.22035582508	-1699.31049981	
-5.22215600558	-1699.31036653	
-5.22395295126	-1699.31023368	
-5.22574667371	-1699.31010128	
-5.22753718449	-1699.3099693	
-5.22932449506	-1699.30983776	
-5.23110861685	-1699.30970666	
-5.23288956123	-1699.30957598	
-5.23466733947	-1699.30944572	
-5.23644196283	-1699.30931589	
-5.23821344248	-1699.30918648	
-5.23998178954	-1699.3090575	
-5.24174701506	-1699.30892893	
-5.24350913005	-1699.30880077	
-5.24526814546	-1699.30867303	
-5.24702407216	-1699.30854571	
-5.24877692099	-1699.30841879	
-5.25052670271	-1699.30829228	
-5.25227342805	-1699.30816618	
-5.25401710765	-1699.30804048	
-5.25575775213	-1699.30791519	
-5.25749537203	-1699.30779029	
-5.25922997784	-1699.30766579	
-5.26096158	-1699.30754169	
-5.2626901889	-1699.30741799	
-5.26441581487	-1699.30729468	
-5.26613846818	-1699.30717175	
-5.26785815906	-1699.30704922	
-5.26957489768	-1699.30692707	
-5.27128869416	-1699.30680531	
-5.27299955856	-1699.30668394	
-5.27470750091	-1699.30656294	
-5.27641253116	-1699.30644233	
-5.27811465923	-1699.30632209	
-5.27981389498	-1699.30620223	
-5.28151024823	-1699.30608275	
-5.28320372874	-1699.30596363	
-5.28489434622	-1699.30584489	
-5.28658211033	-1699.30572652	
-5.28826703069	-1699.30560852	
-5.28994911688	-1699.30549088	
-5.2916283784	-1699.3053736	
-5.29330482472	-1699.30525669	
-5.29497846528	-1699.30514014	
-5.29664930945	-1699.30502395	
-5.29831736655	-1699.30490812	
-5.29998264587	-1699.30479264	
-5.30164515664	-1699.30467752	
-5.30330490806	-1699.30456275	
-5.30496190927	-1699.30444833	
-5.30661616936	-1699.30433426	
-5.3082676974	-1699.30422054	
-5.30991650239	-1699.30410716	
-5.3115625933	-1699.30399413	
-5.31320597904	-1699.30388144	
-5.3148466685	-1699.3037691	
-5.3164846705	-1699.30365709	
-5.31811999384	-1699.30354542	
-5.31975264727	-1699.30343409	
-5.32138263948	-1699.3033231	
-5.32300997914	-1699.30321243	
-5.32463467487	-1699.30310211	
-5.32625673524	-1699.30299211	
-5.32787616879	-1699.30288244	
-5.32949298402	-1699.3027731	
-5.33110718937	-1699.30266409	
-5.33271879327	-1699.3025554	
-5.33432780407	-1699.30244703	
-5.33593423012	-1699.30233899	
-5.3375380797	-1699.30223127	
-5.33913936107	-1699.30212386	
-5.34073808243	-1699.30201678	
-5.34233425196	-1699.30191001	
-5.3439278778	-1699.30180356	
-5.34551896803	-1699.30169742	
-5.34710753072	-1699.30159159	
-5.34869357387	-1699.30148607	
-5.35027710548	-1699.30138087	
-5.35185813348	-1699.30127597	
-5.35343666577	-1699.30117137	
-5.35501271022	-1699.30106709	
-5.35658627467	-1699.30096311	
-5.3581573669	-1699.30085943	
-5.35972599468	-1699.30075605	
-5.36129216571	-1699.30065297	
-5.36285588769	-1699.30055019	
-5.36441716825	-1699.30044771	
-5.36597601502	-1699.30034553	
-5.36753243557	-1699.30024364	
-5.36908643744	-1699.30014204	
-5.37063802813	-1699.30004074	
-5.37218721511	-1699.29993972	
-5.37373400583	-1699.299839	
-5.37527840768	-1699.29973857	
-5.37682042804	-1699.29963842	
-5.37836007422	-1699.29953856	
-5.37989735354	-1699.29943899	
-5.38143227326	-1699.2993397	
-5.38296484061	-1699.29924069	
-5.38449506279	-1699.29914196	
-5.38602294697	-1699.29904352	
-5.38754850028	-1699.29894535	
-5.38907172982	-1699.29884746	
-5.39059264266	-1699.29874985	
-5.39211124583	-1699.29865251	
-5.39362754635	-1699.29855545	
-5.39514155118	-1699.29845866	
-5.39665326727	-1699.29836214	
-5.39816270152	-1699.29826589	
-5.39966986081	-1699.29816991	
-5.40117475199	-1699.2980742	
-5.40267738187	-1699.29797876	
-5.40417775725	-1699.29788359	
-5.40567588487	-1699.29778868	
-5.40717177146	-1699.29769403	
-5.40866542372	-1699.29759965	
-5.4101568483	-1699.29750553	
-5.41164605186	-1699.29741167	
-5.41313304098	-1699.29731807	
-5.41461782224	-1699.29722473	
-5.4161004022	-1699.29713165	
-5.41758078737	-1699.29703882	
-5.41905898424	-1699.29694625	
-5.42053499927	-1699.29685393	
-5.42200883889	-1699.29676187	
-5.4234805095	-1699.29667006	
-5.42495001748	-1699.2965785	
-5.42641736918	-1699.29648719	
-5.4278825709	-1699.29639613	
-5.42934562895	-1699.29630531	
-5.43080654959	-1699.29621475	
-5.43226533906	-1699.29612443	
-5.43372200355	-1699.29603436	
-5.43517654927	-1699.29594453	
-5.43662898235	-1699.29585494	
-5.43807930892	-1699.2957656	
-5.4395275351	-1699.2956765	
-5.44097366695	-1699.29558763	
-5.44241771052	-1699.29549901	
-5.44385967184	-1699.29541063	
-5.4452995569	-1699.29532248	
-5.44673737167	-1699.29523457	
-5.44817312209	-1699.2951469	
-5.44960681409	-1699.29505946	
-5.45103845357	-1699.29497225	
-5.45246804638	-1699.29488528	
-5.45389559837	-1699.29479853	
-5.45532111536	-1699.29471202	
-5.45674460314	-1699.29462574	
-5.45816606749	-1699.29453969	
-5.45958551414	-1699.29445386	
-5.46100294883	-1699.29436827	
-5.46241837723	-1699.2942829	
-5.46383180503	-1699.29419775	
-5.46524323786	-1699.29411283	
-5.46665268137	-1699.29402813	
-5.46806014114	-1699.29394366	
-5.46946562274	-1699.29385941	
-5.47086913175	-1699.29377537	
-5.47227067367	-1699.29369156	
-5.47367025403	-1699.29360797	
-5.47506787829	-1699.2935246	
-5.47646355193	-1699.29344144	
-5.47785728038	-1699.2933585	
-5.47924906905	-1699.29327578	
-5.48063892334	-1699.29319327	
-5.48202684862	-1699.29311097	
-5.48341285022	-1699.29302889	
-5.48479693349	-1699.29294702	
-5.48617910372	-1699.29286537	
-5.48755936619	-1699.29278392	
-5.48893772616	-1699.29270268	
-5.49031418887	-1699.29262166	
-5.49168875953	-1699.29254084	
-5.49306144334	-1699.29246023	
-5.49443224547	-1699.29237982	
-5.49580117108	-1699.29229963	
-5.49716822529	-1699.29221963	
-5.49853341322	-1699.29213985	
-5.49989673995	-1699.29206026	
-5.50125821054	-1699.29198088	
-5.50261783006	-1699.2919017	
-5.50397560352	-1699.29182272	
-5.50533153593	-1699.29174394	
-5.50668563228	-1699.29166537	
-5.50803789753	-1699.29158699	
-5.50938833663	-1699.29150881	
-5.5107369545	-1699.29143083	
-5.51208375605	-1699.29135304	
-5.51342874616	-1699.29127545	
-5.51477192971	-1699.29119805	
-5.51611331154	-1699.29112085	
-5.51745289646	-1699.29104385	
-5.51879068931	-1699.29096704	
-5.52012669485	-1699.29089042	
-5.52146091786	-1699.29081399	
-5.5227933631	-1699.29073775	
-5.52412403528	-1699.2906617	
-5.52545293913	-1699.29058584	
-5.52678007934	-1699.29051017	
-5.52810546058	-1699.29043469	
-5.52942908751	-1699.2903594	
-5.53075096477	-1699.29028429	
-5.53207109697	-1699.29020937	
-5.53338948873	-1699.29013464	
-5.53470614461	-1699.29006008	
-5.53602106919	-1699.28998572	
-5.53733426702	-1699.28991153	
-5.53864574262	-1699.28983753	
-5.5399555005	-1699.28976371	
-5.54126354516	-1699.28969008	
-5.54256988107	-1699.28961662	
-5.5438745127	-1699.28954334	
-5.54517744448	-1699.28947024	
-5.54647868084	-1699.28939732	
-5.54777822618	-1699.28932458	
-5.5490760849	-1699.28925202	
-5.55037226136	-1699.28917963	
-5.55166675992	-1699.28910742	
-5.55295958492	-1699.28903539	
-5.55425074069	-1699.28896352	
-5.55554023152	-1699.28889184	
-5.5568280617	-1699.28882032	
-5.55811423551	-1699.28874898	
-5.5593987572	-1699.28867782	
-5.56068163102	-1699.28860682	
-5.56196286117	-1699.28853599	
-5.56324245188	-1699.28846534	
-5.56452040732	-1699.28839485	
-5.56579673168	-1699.28832454	
-5.56707142911	-1699.28825439	
-5.56834450376	-1699.28818441	
-5.56961595975	-1699.2881146	
-5.57088580119	-1699.28804495	
-5.57215403218	-1699.28797547	
-5.57342065679	-1699.28790616	
-5.5746856791	-1699.28783701	
-5.57594910315	-1699.28776802	
-5.57721093297	-1699.2876992	
-5.57847117258	-1699.28763054	
-5.57972982599	-1699.28756205	
-5.58098689718	-1699.28749372	
-5.58224239012	-1699.28742554	
-5.58349630878	-1699.28735753	
-5.5847486571	-1699.28728968	
-5.585999439	-1699.28722199	
-5.5872486584	-1699.28715446	
-5.5884963192	-1699.28708709	
-5.58974242528	-1699.28701987	
-5.59098698051	-1699.28695282	
-5.59222998875	-1699.28688592	
-5.59347145384	-1699.28681917	
-5.5947113796	-1699.28675259	
-5.59594976985	-1699.28668615	
-5.59718662839	-1699.28661988	
-5.598421959	-1699.28655375	
-5.59965576545	-1699.28648778	
-5.60088805149	-1699.28642197	
-5.60211882088	-1699.2863563	
-5.60334807733	-1699.28629079	
-5.60457582457	-1699.28622543	
-5.6058020663	-1699.28616022	
-5.60702680619	-1699.28609516	
-5.60825004793	-1699.28603025	
-5.60947179518	-1699.2859655	
-5.61069205159	-1699.28590089	
-5.61191082078	-1699.28583642	
-5.61312810639	-1699.28577211	
-5.61434391201	-1699.28570794	
-5.61555824124	-1699.28564393	
-5.61677109767	-1699.28558005	
-5.61798248485	-1699.28551633	
-5.61919240636	-1699.28545274	
-5.62040086572	-1699.28538931	
-5.62160786647	-1699.28532602	
-5.62281341212	-1699.28526287	
-5.62401750619	-1699.28519986	
-5.62522015215	-1699.285137	
-5.6264213535	-1699.28507428	
-5.62762111369	-1699.28501171	
-5.62881943618	-1699.28494927	
-5.63001632442	-1699.28488698	
-5.63121178182	-1699.28482482	
-5.63240581181	-1699.28476281	
-5.6335984178	-1699.28470094	
-5.63478960317	-1699.2846392	
-5.6359793713	-1699.2845776	
-5.63716772557	-1699.28451615	
-5.63835466933	-1699.28445483	
-5.63954020593	-1699.28439364	
-5.64072433869	-1699.2843326	
-5.64190707094	-1699.28427169	
-5.64308840598	-1699.28421091	
-5.64426834712	-1699.28415028	
-5.64544689764	-1699.28408977	
-5.64662406082	-1699.2840294	
-5.64779983991	-1699.28396917	
-5.64897423816	-1699.28390907	
-5.65014725882	-1699.2838491	
-5.65131890512	-1699.28378926	
-5.65248918027	-1699.28372956	
-5.65365808747	-1699.28366999	
-5.65482562993	-1699.28361055	
-5.65599181082	-1699.28355124	
-5.65715663332	-1699.28349207	
-5.65832010058	-1699.28343302	
-5.65948221576	-1699.2833741	
-5.660642982	-1699.28331531	
-5.66180240242	-1699.28325665	
-5.66296048014	-1699.28319812	
-5.66411721826	-1699.28313972	
-5.66527261989	-1699.28308144	
-5.66642668811	-1699.2830233	
-5.66757942599	-1699.28296527	
-5.6687308366	-1699.28290738	
-5.66988092298	-1699.28284961	
-5.67102968818	-1699.28279197	
-5.67217713524	-1699.28273445	
-5.67332326717	-1699.28267705	
-5.67446808699	-1699.28261979	
-5.67561159769	-1699.28256264	
-5.67675380227	-1699.28250562	
-5.6778947037	-1699.28244872	
-5.67903430497	-1699.28239194	
-5.68017260902	-1699.28233529	
-5.6813096188	-1699.28227876	
-5.68244533727	-1699.28222235	
-5.68357976734	-1699.28216606	
-5.68471291194	-1699.28210989	
-5.68584477397	-1699.28205384	
-5.68697535634	-1699.28199792	
-5.68810466194	-1699.28194211	
-5.68923269364	-1699.28188642	
-5.69035945432	-1699.28183085	
-5.69148494685	-1699.2817754	
-5.69260917406	-1699.28172006	
-5.6937321388	-1699.28166485	
-5.69485384391	-1699.28160975	
-5.69597429221	-1699.28155477	
-5.69709348651	-1699.2814999	
-5.69821142961	-1699.28144515	
-5.69932812431	-1699.28139052	
-5.70044357339	-1699.281336	
-5.70155777963	-1699.2812816	
-5.7026707458	-1699.28122731	
-5.70378247466	-1699.28117314	
-5.70489296894	-1699.28111908	
-5.70600223139	-1699.28106513	
-5.70711026475	-1699.2810113	
-5.70821707172	-1699.28095758	
-5.70932265503	-1699.28090398	
-5.71042701737	-1699.28085048	
-5.71153016145	-1699.2807971	
-5.71263208993	-1699.28074383	
-5.71373280551	-1699.28069067	
-5.71483231084	-1699.28063762	
-5.71593060859	-1699.28058468	
-5.71702770141	-1699.28053185	
-5.71812359193	-1699.28047913	
-5.71921828279	-1699.28042652	
-5.72031177661	-1699.28037402	
-5.72140407601	-1699.28032163	
-5.72249518359	-1699.28026935	
-5.72358510195	-1699.28021718	
-5.72467383369	-1699.28016511	
-5.72576138137	-1699.28011315	
-5.72684774759	-1699.2800613	
-5.72793293489	-1699.28000955	
-5.72901694583	-1699.27995791	
-5.73009978297	-1699.27990638	
-5.73118144884	-1699.27985495	
-5.73226194598	-1699.27980363	
-5.7333412769	-1699.27975242	
-5.73441944412	-1699.2797013	
-5.73549645015	-1699.2796503	
-5.73657229748	-1699.27959939	
-5.73764698861	-1699.27954859	
-5.73872052602	-1699.2794979	
-5.73979291218	-1699.27944731	
-5.74086414956	-1699.27939682	
-5.74193424062	-1699.27934643	
-5.74300318781	-1699.27929615	
-5.74407099357	-1699.27924596	
-5.74513766034	-1699.27919588	
-5.74620319054	-1699.2791459	
-5.7472675866	-1699.27909603	
-5.74833085092	-1699.27904625	
-5.74939298591	-1699.27899657	
-5.75045399397	-1699.27894699	
-5.75151387748	-1699.27889752	
-5.75257263883	-1699.27884814	
-5.75363028038	-1699.27879886	
-5.75468680452	-1699.27874968	
-5.75574221359	-1699.2787006	
-5.75679650994	-1699.27865162	
-5.75784969593	-1699.27860273	
-5.75890177388	-1699.27855395	
-5.75995274612	-1699.27850526	
-5.76100261499	-1699.27845667	
-5.76205138278	-1699.27840817	
-5.76309905181	-1699.27835977	
-5.76414562438	-1699.27831147	
-5.76519110278	-1699.27826326	
-5.7662354893	-1699.27821515	
-5.76727878622	-1699.27816714	
-5.76832099579	-1699.27811922	
-5.7693621203	-1699.27807139	
-5.770402162	-1699.27802366	
-5.77144112313	-1699.27797603	
-5.77247900594	-1699.27792848	
-5.77351581267	-1699.27788104	
-5.77455154554	-1699.27783368	
-5.77558620679	-1699.27778642	
-5.77661979861	-1699.27773925	
-5.77765232322	-1699.27769217	
-5.77868378283	-1699.27764519	
-5.77971417962	-1699.2775983	
-5.78074351579	-1699.2775515	
-5.78177179352	-1699.27750479	
-5.78279901497	-1699.27745818	
-5.78382518233	-1699.27741165	
-5.78485029774	-1699.27736521	
-5.78587436337	-1699.27731887	
-5.78689738137	-1699.27727262	
-5.78791935386	-1699.27722645	
-5.788940283	-1699.27718038	
-5.7899601709	-1699.27713439	
-5.79097901969	-1699.2770885	
-5.79199683148	-1699.27704269	
-5.79301360838	-1699.27699697	
-5.7940293525	-1699.27695134	
-5.79504406593	-1699.2769058	
-5.79605775077	-1699.27686035	
-5.79707040908	-1699.27681498	
-5.79808204295	-1699.2767697	
-5.79909265446	-1699.27672451	
-5.80010224566	-1699.27667941	
-5.80111081862	-1699.27663439	
-5.80211837538	-1699.27658946	
-5.80312491799	-1699.27654461	
-5.80413044849	-1699.27649985	
-5.80513496892	-1699.27645518	
-5.80613848129	-1699.27641059	
-5.80714098764	-1699.27636609	
-5.80814248998	-1699.27632167	
-5.80914299031	-1699.27627733	
