-7.830531601246677464e-01
-4.059642136436704130e-01
-9.016105268612379930e-01
2.953778946352047186e+00
-6.853770485655059641e-01
2.395403651575437109e+00
1.210957593456399195e+00
-1.804364103943189246e+00
-4.121520163728832564e+00
-6.384513569917654507e+00
-4.028953758584974842e+00
-4.337003403197262408e+00
-6.236695196481658598e+00
-6.188684471293086631e+00
-6.582728848118943432e+00
-4.993583647979039419e+00
-7.306688244725039638e+00
-5.583190113344902450e+00
-4.885654617077769046e+00
-6.772900434075852516e+00
