-7.970999058324498288e-01
-4.673469692674928067e-01
-8.050075444025192040e-01
2.503159135925163259e+00
-5.674745652934437556e-01
2.511437564890426799e+00
-2.361647719667534950e+00
-1.413970129889496219e+00
-4.374349724391442429e+00
-5.340356244337865377e+00
-4.302458861931473422e+00
-4.577318970205648263e+00
-8.877560429233319894e+00
-5.664757672974040759e+00
-5.889188893474695874e+00
-4.977722021240878369e+00
-6.436317838009429693e+00
-5.492030177739442465e+00
-5.419076265510062385e+00
-6.722426403804028894e+00
