# log_p 	 lnL 	 
0.0	-1703.70682866	
-0.287682072452	-1703.65235627	
-0.510825623766	-1703.58891553	
-0.69314718056	-1703.52887181	
-0.847297860387	-1703.47161023	
-0.980829253012	-1703.41370436	
-1.09861228867	-1703.35279662	
-1.20397280433	-1703.28826084	
-1.29928298413	-1703.22068703	
-1.38629436112	-1703.15123015	
-1.46633706879	-1703.08115183	
-1.54044504095	-1703.01157713	
-1.60943791243	-1702.9434009	
-1.67397643357	-1702.87727786	
-1.73460105539	-1702.81365082	
-1.79175946923	-1702.75279127	
-1.8458266905	-1702.69483962	
-1.89711998489	-1702.63984005	
-1.94591014906	-1702.58776863	
-1.99243016469	-1702.53855493	
-2.03688192726	-1702.49209832	
-2.07944154168	-1702.44827986	
-2.1202635362	-1702.40697089	
-2.15948424935	-1702.36803906	
-2.19722457734	-1702.33135255	
-2.23359222151	-1702.2967828	
-2.26868354132	-1702.26420634	
-2.30258509299	-1702.23350585	
-2.33537491582	-1702.2045707	
-2.36712361413	-1702.17729718	
-2.3978952728	-1702.15158844	
-2.42774823595	-1702.12735426	
-2.45673577282	-1702.10451081	
-2.48490664979	-1702.08298022	
-2.51230562398	-1702.06269023	
-2.53897387106	-1702.04357376	
-2.56494935746	-1702.02556853	
-2.59026716545	-1702.00861667	
-2.61495977804	-1701.99266437	
-2.63905732962	-1701.97766153	
-2.66258782703	-1701.96356144	
-2.68557734525	-1701.95032052	
-2.7080502011	-1701.93789803	
-2.73002910782	-1701.92625582	
-2.75153531304	-1701.91535818	
-2.77258872224	-1701.90517153	
-2.79320800944	-1701.89566436	
-2.81341071676	-1701.88680697	
-2.83321334406	-1701.87857138	
-2.85263142991	-1701.8709312	
-2.87167962488	-1701.86386146	
-2.8903717579	-1701.85733854	
-2.90872089656	-1701.8513401	
-2.92673940207	-1701.8458449	
-2.94443897917	-1701.84083282	
-2.96183072188	-1701.83628473	
-2.97892515524	-1701.83218242	
-2.99573227355	-1701.82850856	
-3.01226157551	-1701.82524664	
-3.02852209638	-1701.82238092	
-3.04452243772	-1701.81989637	
-3.06027079469	-1701.81777864	
-3.07577498123	-1701.81601401	
-3.09104245336	-1701.81458938	
-3.10608033072	-1701.81349217	
-3.12089541651	-1701.81271039	
-3.13549421593	-1701.81223252	
-3.14988295338	-1701.81204752	
-3.16406758837	-1701.81214481	
-3.17805383035	-1701.81251424	
-3.19184715248	-1701.81314608	
-3.20545280454	-1701.81403095	
-3.21887582487	-1701.81515989	
-3.23212105162	-1701.81652424	
-3.24519313319	-1701.81811572	
-3.25809653802	-1701.81992633	
-3.2708355638	-1701.8219484	
-3.28341434601	-1701.82417453	
-3.295836866	-1701.82659761	
-3.3081069586	-1701.82921079	
-3.32022831913	-1701.83200748	
-3.33220451018	-1701.83498132	
-3.34403896782	-1701.83812619	
-3.35573500759	-1701.84143618	
-3.36729582999	-1701.84490559	
-3.37872452581	-1701.84852895	
-3.39002408106	-1701.85230096	
-3.40119738166	-1701.85621651	
-3.41224721785	-1701.86027068	
-3.42317628838	-1701.86445869	
-3.43398720449	-1701.86877597	
-3.4446824936	-1701.87321808	
-3.45526460293	-1701.87778073	
-3.4657359028	-1701.8824598	
-3.47609868984	-1701.88725127	
-3.48635519	-1701.8921513	
-3.49650756147	-1701.89715615	
-3.50655789732	-1701.9022622	
-3.51650822817	-1701.90746599	
-3.52636052462	-1701.91276412	
-3.53611669956	-1701.91815335	
-3.54577861047	-1701.92363051	
-3.55534806149	-1701.92919256	
-3.56482680544	-1701.93483655	
-3.57421654579	-1701.94055961	
-3.58351893846	-1701.94635898	
-3.59273559356	-1701.952232	
-3.60186807712	-1701.95817606	
-3.61091791264	-1701.96418866	
-3.61988658263	-1701.97026738	
-3.62877553004	-1701.97640985	
-3.63758615973	-1701.98261381	
-3.6463198397	-1701.98887706	
-3.65497790244	-1701.99519744	
-3.66356164613	-1702.00157289	
-3.6720723358	-1702.00800141	
-3.68051120444	-1702.01448106	
-3.68887945411	-1702.02100994	
-3.69717825693	-1702.02758624	
-3.70540875607	-1702.03420817	
-3.7135720667	-1702.04087404	
-3.72166927694	-1702.04758217	
-3.72970144863	-1702.05433095	
-3.73766961828	-1702.06111882	
-3.74557479779	-1702.06794425	
-3.75341797525	-1702.07480578	
-3.76120011569	-1702.08170199	
-3.76892216179	-1702.08863148	
-3.77658503453	-1702.09559291	
-3.78418963392	-1702.10258498	
-3.79173683955	-1702.10960642	
-3.79922751128	-1702.11665602	
-3.80666248977	-1702.12373257	
-3.81404259707	-1702.13083492	
-3.82136863716	-1702.13796195	
-3.82864139649	-1702.14511257	
-3.83586164446	-1702.15228572	
-3.84303013394	-1702.15948039	
-3.85014760171	-1702.16669556	
-3.85721476893	-1702.17393028	
-3.86423234159	-1702.1811836	
-3.87120101091	-1702.18845462	
-3.87812145375	-1702.19574244	
-3.88499433304	-1702.20304621	
-3.89182029811	-1702.2103651	
-3.8985999851	-1702.21769828	
-3.90533401728	-1702.22504498	
-3.91202300543	-1702.23240443	
-3.91866754815	-1702.23977588	
-3.92526823218	-1702.24715862	
-3.93182563272	-1702.25455194	
-3.93834031375	-1702.26195515	
-3.94481282825	-1702.26936761	
-3.95124371858	-1702.27678866	
-3.95763351668	-1702.28421768	
-3.96398274436	-1702.29165406	
-3.97029191355	-1702.29909722	
-3.97656152657	-1702.30654657	
-3.98279207632	-1702.31400157	
-3.98898404656	-1702.32146167	
-3.99513791214	-1702.32892635	
-4.00125413916	-1702.33639509	
-4.00733318523	-1702.3438674	
-4.01337549969	-1702.35134279	
-4.01938152375	-1702.3588208	
-4.02535169074	-1702.36630097	
-4.03128642625	-1702.37378286	
-4.03718614838	-1702.38126604	
-4.04305126783	-1702.38875008	
-4.04888218815	-1702.39623459	
-4.05467930583	-1702.40371917	
-4.06044301055	-1702.41120343	
-4.06617368526	-1702.41868701	
-4.07187170637	-1702.42616953	
-4.07753744391	-1702.43365065	
-4.08317126162	-1702.44113002	
-4.08877351717	-1702.44860731	
-4.09434456222	-1702.45608221	
-4.0998847426	-1702.46355439	
-4.10539439841	-1702.47102354	
-4.11087386417	-1702.47848939	
-4.11632346894	-1702.48595162	
-4.12174353641	-1702.49340997	
-4.12713438505	-1702.50086417	
-4.13249632819	-1702.50831394	
-4.13782967416	-1702.51575904	
-4.14313472639	-1702.52319921	
-4.14841178349	-1702.53063422	
-4.15366113938	-1702.53806382	
-4.15888308336	-1702.54548779	
-4.16407790024	-1702.5529059	
-4.1692458704	-1702.56031795	
-4.1743872699	-1702.56772372	
-4.17950237056	-1702.575123	
-4.18459144007	-1702.58251561	
-4.18965474203	-1702.58990136	
-4.19469253606	-1702.59728004	
-4.19970507788	-1702.60465149	
-4.20469261939	-1702.61201553	
-4.20965540873	-1702.619372	
-4.21459369037	-1702.62672071	
-4.21950770518	-1702.63406152	
-4.22439769047	-1702.64139428	
-4.22926388012	-1702.64871882	
-4.2341065046	-1702.65603501	
-4.23892579103	-1702.6633427	
-4.2437219633	-1702.67064175	
-4.24849524205	-1702.67793204	
-4.25324584481	-1702.68521344	
-4.257973986	-1702.69248581	
-4.26267987704	-1702.69974904	
-4.26736372635	-1702.70700301	
-4.27202573946	-1702.71424761	
-4.27666611902	-1702.72148273	
-4.28128506487	-1702.72870825	
-4.28588277412	-1702.73592409	
-4.29045944115	-1702.74313013	
-4.29501525768	-1702.75032629	
-4.29955041285	-1702.75751246	
-4.3040650932	-1702.76468857	
-4.30855948279	-1702.77185451	
-4.31303376319	-1702.77901021	
-4.31748811354	-1702.78615559	
-4.3219227106	-1702.79329056	
-4.32633772881	-1702.80041505	
-4.33073334029	-1702.80752899	
-4.33510971489	-1702.81463231	
-4.33946702026	-1702.82172493	
-4.34380542185	-1702.8288068	
-4.348125083	-1702.83587784	
-4.3524261649	-1702.842938	
-4.35670882669	-1702.84998722	
-4.36097322548	-1702.85702545	
-4.36521951636	-1702.86405262	
-4.36944785247	-1702.87106868	
-4.373658385	-1702.87807359	
-4.37785126326	-1702.88506729	
-4.38202663467	-1702.89204975	
-4.38618464482	-1702.8990209	
-4.39032543749	-1702.90598072	
-4.39444915467	-1702.91292917	
-4.39855593663	-1702.91986619	
-4.40264592188	-1702.92679176	
-4.40671924726	-1702.93370583	
-4.41077604796	-1702.94060838	
-4.4148164575	-1702.94749938	
-4.4188406078	-1702.95437878	
-4.42284862919	-1702.96124656	
-4.42684065046	-1702.9681027	
-4.43081679884	-1702.97494717	
-4.43477720006	-1702.98177993	
-4.43872197835	-1702.98860098	
-4.44265125649	-1702.99541028	
-4.44656515581	-1703.00220781	
-4.45046379623	-1703.00899355	
-4.45434729625	-1703.01576749	
-4.45821577303	-1703.02252961	
-4.46206934235	-1703.02927989	
-4.46590811865	-1703.03601832	
-4.46973221509	-1703.04274488	
-4.47354174351	-1703.04945955	
-4.47733681448	-1703.05616234	
-4.48111753732	-1703.06285322	
-4.48488402011	-1703.06953218	
-4.48863636973	-1703.07619922	
-4.49237469184	-1703.08285433	
-4.49609909093	-1703.08949751	
-4.49980967033	-1703.09612874	
-4.50350653221	-1703.10274802	
-4.50718977763	-1703.10935534	
-4.51085950652	-1703.11595071	
-4.51451581772	-1703.12253412	
-4.518158809	-1703.12910557	
-4.52178857705	-1703.13566506	
-4.52540521752	-1703.14221258	
-4.52900882502	-1703.14874814	
-4.53259949315	-1703.15527173	
-4.5361773145	-1703.16178337	
-4.53974238067	-1703.16828305	
-4.54329478227	-1703.17477077	
-4.54683460898	-1703.18124655	
-4.55036194949	-1703.18771038	
-4.5538768916	-1703.19416226	
-4.55737952215	-1703.20060222	
-4.56086992709	-1703.20703024	
-4.56434819147	-1703.21344634	
-4.56781439944	-1703.21985052	
-4.57126863431	-1703.2262428	
-4.5747109785	-1703.23262318	
-4.5781415136	-1703.23899167	
-4.58156032035	-1703.24534828	
-4.58496747867	-1703.25169302	
-4.58836306767	-1703.2580259	
-4.59174716566	-1703.26434693	
-4.59511985013	-1703.27065612	
-4.59848119784	-1703.27695349	
-4.60183128472	-1703.28323904	
-4.60517018599	-1703.28951279	
-4.60849797608	-1703.29577476	
-4.61181472871	-1703.30202495	
-4.61512051684	-1703.30826337	
-4.61841541274	-1703.31449006	
-4.62169948794	-1703.32070501	
-4.62497281328	-1703.32690824	
-4.62823545892	-1703.33309977	
-4.63148749431	-1703.33927961	
-4.63472898823	-1703.34544779	
-4.63796000881	-1703.35160431	
-4.64118062351	-1703.35774919	
-4.64439089914	-1703.36388245	
-4.64759090187	-1703.3700041	
-4.65078069724	-1703.37611417	
-4.65396035016	-1703.38221267	
-4.65712992492	-1703.38829962	
-4.66028948521	-1703.39437504	
-4.66343909411	-1703.40043894	
-4.66657881412	-1703.40649134	
-4.66970870713	-1703.41253227	
-4.67282883446	-1703.41856174	
-4.67593925688	-1703.42457977	
-4.67904003455	-1703.43058638	
-4.68213122712	-1703.43658159	
-4.68521289366	-1703.44256542	
-4.6882850927	-1703.44853789	
-4.69134788223	-1703.45449903	
-4.69440131972	-1703.46044884	
-4.6974454621	-1703.46638736	
-4.70048036579	-1703.4723146	
-4.70350608671	-1703.47823058	
-4.70652268025	-1703.48413532	
-4.70953020131	-1703.49002886	
-4.71252870431	-1703.4959112	
-4.71551824316	-1703.50178237	
-4.7184988713	-1703.50764239	
-4.72147064168	-1703.51349128	
-4.72443360681	-1703.51932907	
-4.72738781871	-1703.52515577	
-4.73033332894	-1703.53097142	
-4.73327018862	-1703.53677602	
-4.73619844839	-1703.54256961	
-4.7391181585	-1703.54835221	
-4.74202936871	-1703.55412383	
-4.74493212836	-1703.55988451	
-4.74782648639	-1703.56563426	
-4.75071249128	-1703.57137311	
-4.75359019111	-1703.57710108	
-4.75645963353	-1703.5828182	
-4.75932086582	-1703.58852448	
-4.7621739348	-1703.59421995	
-4.76501888693	-1703.59990463	
-4.76785576827	-1703.60557856	
-4.77068462447	-1703.61124174	
-4.77350550081	-1703.6168942	
-4.77631844218	-1703.62253598	
-4.77912349311	-1703.62816709	
-4.78192069773	-1703.63378755	
-4.78471009982	-1703.63939739	
-4.78749174278	-1703.64499663	
-4.79026566966	-1703.6505853	
-4.79303192316	-1703.65616342	
-4.7957905456	-1703.66173101	
-4.79854157897	-1703.6672881	
-4.80128506491	-1703.67283472	
-4.80402104473	-1703.67837088	
-4.80674955939	-1703.68389661	
-4.8094706495	-1703.68941193	
-4.81218435537	-1703.69491688	
-4.81489071697	-1703.70041146	
-4.81758977394	-1703.70589572	
-4.82028156561	-1703.71136966	
-4.82296613098	-1703.71683332	
-4.82564350875	-1703.72228672	
-4.8283137373	-1703.72772988	
-4.83097685472	-1703.73316283	
-4.83363289878	-1703.73858559	
-4.83628190695	-1703.74399819	
-4.83892391641	-1703.74940065	
-4.84155896405	-1703.754793	
-4.84418708646	-1703.76017525	
-4.84680831994	-1703.76554744	
-4.84942270051	-1703.77090958	
-4.85203026392	-1703.77626171	
-4.85463104562	-1703.78160384	
-4.8572250808	-1703.786936	
-4.85981240436	-1703.79225821	
-4.86239305096	-1703.79757051	
-4.86496705495	-1703.80287291	
-4.86753445046	-1703.80816543	
-4.87009527132	-1703.8134481	
-4.87264955112	-1703.81872095	
-4.8751973232	-1703.823984	
-4.87773862063	-1703.82923728	
-4.88027347623	-1703.8344808	
-4.88280192259	-1703.83971459	
-4.88532399202	-1703.84493868	
-4.88783971662	-1703.85015309	
-4.89034912822	-1703.85535784	
-4.89285225844	-1703.86055295	
-4.89534913864	-1703.86573846	
-4.89783979995	-1703.87091439	
-4.90032427328	-1703.87608075	
-4.90280258929	-1703.88123758	
-4.90527477844	-1703.8863849	
-4.90774087093	-1703.89152272	
-4.91020089677	-1703.89665108	
-4.91265488574	-1703.90177	
-4.91510286737	-1703.9068795	
-4.91754487103	-1703.91197961	
-4.91998092583	-1703.91707034	
-4.92241106068	-1703.92215173	
-4.92483530429	-1703.9272238	
-4.92725368516	-1703.93228656	
-4.92966623156	-1703.93734005	
-4.93207297159	-1703.94238428	
-4.93447393313	-1703.94741929	
-4.93686914386	-1703.95244509	
-4.93925863125	-1703.9574617	
-4.94164242261	-1703.96246916	
-4.94402054501	-1703.96746748	
-4.94639302537	-1703.97245668	
-4.94875989038	-1703.9774368	
-4.95112116656	-1703.98240784	
-4.95347688026	-1703.98736985	
-4.9558270576	-1703.99232283	
-4.95817172456	-1703.99726681	
-4.96051090691	-1704.00220182	
-4.96284463026	-1704.00712788	
-4.96517292002	-1704.012045	
-4.96749580144	-1704.01695322	
-4.96981329958	-1704.02185256	
-4.97212543933	-1704.02674303	
-4.97443224543	-1704.03162467	
-4.97673374242	-1704.03649748	
-4.97902995468	-1704.04136151	
-4.98132090643	-1704.04621676	
-4.98360662171	-1704.05106327	
-4.98588712441	-1704.05590104	
-4.98816243824	-1704.06073012	
-4.99043258678	-1704.06555051	
-4.99269759341	-1704.07036224	
-4.99495748138	-1704.07516534	
-4.99721227376	-1704.07995981	
-4.9994619935	-1704.0847457	
-5.00170666335	-1704.08952301	
-5.00394630595	-1704.09429178	
-5.00618094375	-1704.09905201	
-5.00841059907	-1704.10380375	
-5.0106352941	-1704.10854699	
-5.01285505083	-1704.11328178	
-5.01506989116	-1704.11800812	
-5.01727983681	-1704.12272605	
-5.01948490937	-1704.12743558	
-5.02168513028	-1704.13213673	
-5.02388052085	-1704.13682953	
-5.02607110223	-1704.14151399	
-5.02825689545	-1704.14619015	
-5.03043792139	-1704.15085801	
-5.03261420082	-1704.1555176	
-5.03478575433	-1704.16016895	
-5.03695260241	-1704.16481207	
-5.03911476542	-1704.16944698	
-5.04127226356	-1704.17407371	
-5.04342511692	-1704.17869228	
-5.04557334546	-1704.1833027	
-5.047716969	-1704.187905	
-5.04985600725	-1704.1924992	
-5.05199047978	-1704.19708532	
-5.05412040604	-1704.20166338	
-5.05624580535	-1704.2062334	
-5.05836669692	-1704.2107954	
-5.06048309982	-1704.21534941	
-5.06259503303	-1704.21989543	
-5.06470251537	-1704.2244335	
-5.06680556556	-1704.22896363	
-5.06890420222	-1704.23348585	
-5.07099844382	-1704.23800017	
-5.07308830874	-1704.24250661	
-5.07517381523	-1704.2470052	
-5.07725498144	-1704.25149595	
-5.07933182538	-1704.25597888	
-5.08140436498	-1704.26045402	
-5.08347261805	-1704.26492138	
-5.08553660227	-1704.26938099	
-5.08759633523	-1704.27383286	
-5.08965183441	-1704.27827701	
-5.09170311719	-1704.28271346	
-5.09375020081	-1704.28714224	
-5.09579310244	-1704.29156336	
-5.09783183913	-1704.29597683	
-5.09986642782	-1704.30038269	
-5.10189688537	-1704.30478095	
-5.10392322852	-1704.30917163	
-5.1059454739	-1704.31355475	
-5.10796363806	-1704.31793033	
-5.10997773743	-1704.32229838	
-5.11198778836	-1704.32665893	
-5.11399380708	-1704.33101199	
-5.11599580975	-1704.33535759	
-5.11799381242	-1704.33969574	
-5.11998783102	-1704.34402646	
-5.12197788143	-1704.34834977	
-5.1239639794	-1704.35266569	
-5.12594614061	-1704.35697424	
-5.12792438062	-1704.36127544	
-5.12989871492	-1704.3655693	
-5.13186915891	-1704.36985584	
-5.13383572788	-1704.37413509	
-5.13579843705	-1704.37840705	
-5.13775730154	-1704.38267176	
-5.13971233637	-1704.38692922	
-5.1416635565	-1704.39117946	
-5.14361097679	-1704.39542249	
-5.145554612	-1704.39965833	
-5.14749447681	-1704.40388701	
-5.14943058584	-1704.40810853	
-5.15136295359	-1704.41232291	
-5.1532915945	-1704.41653018	
-5.15521652291	-1704.42073035	
-5.15713775309	-1704.42492344	
-5.15905529921	-1704.42910947	
-5.1609691754	-1704.43328845	
-5.16287939565	-1704.4374604	
-5.16478597392	-1704.44162535	
-5.16668892407	-1704.4457833	
-5.16858825987	-1704.44993427	
-5.17048399504	-1704.45407829	
-5.17237614319	-1704.45821536	
-5.17426471788	-1704.46234552	
-5.17614973257	-1704.46646877	
-5.17803120067	-1704.47058512	
-5.1799091355	-1704.47469461	
-5.18178355029	-1704.47879724	
-5.18365445823	-1704.48289304	
-5.1855218724	-1704.48698201	
-5.18738580584	-1704.49106418	
-5.18924627149	-1704.49513957	
-5.19110328224	-1704.49920818	
-5.19295685089	-1704.50327004	
-5.19480699018	-1704.50732517	
-5.19665371277	-1704.51137357	
-5.19849703127	-1704.51541527	
-5.20033695819	-1704.51945029	
-5.202173506	-1704.52347863	
-5.20400668708	-1704.52750032	
-5.20583651375	-1704.53151538	
-5.20766299828	-1704.53552381	
-5.20948615284	-1704.53952564	
-5.21130598956	-1704.54352088	
-5.21312252048	-1704.54750955	
-5.21493575761	-1704.55149166	
-5.21674571285	-1704.55546723	
-5.21855239808	-1704.55943628	
-5.22035582508	-1704.56339882	
-5.22215600558	-1704.56735487	
-5.22395295126	-1704.57130444	
-5.22574667371	-1704.57524755	
-5.22753718449	-1704.57918422	
-5.22932449506	-1704.58311446	
-5.23110861685	-1704.58703829	
-5.23288956123	-1704.59095572	
-5.23466733947	-1704.59486676	
-5.23644196283	-1704.59877144	
-5.23821344248	-1704.60266977	
-5.23998178954	-1704.60656177	
-5.24174701506	-1704.61044744	
-5.24350913005	-1704.61432681	
-5.24526814546	-1704.6181999	
-5.24702407216	-1704.6220667	
-5.24877692099	-1704.62592725	
-5.25052670271	-1704.62978156	
-5.25227342805	-1704.63362963	
-5.25401710765	-1704.6374715	
-5.25575775213	-1704.64130716	
-5.25749537203	-1704.64513664	
-5.25922997784	-1704.64895996	
-5.26096158	-1704.65277712	
-5.2626901889	-1704.65658814	
-5.26441581487	-1704.66039304	
-5.26613846818	-1704.66419182	
-5.26785815906	-1704.66798452	
-5.26957489768	-1704.67177113	
-5.27128869416	-1704.67555168	
-5.27299955856	-1704.67932617	
-5.27470750091	-1704.68309463	
-5.27641253116	-1704.68685707	
-5.27811465923	-1704.6906135	
-5.27981389498	-1704.69436394	
-5.28151024823	-1704.6981084	
-5.28320372874	-1704.70184689	
-5.28489434622	-1704.70557944	
-5.28658211033	-1704.70930605	
-5.28826703069	-1704.71302673	
-5.28994911688	-1704.71674151	
-5.2916283784	-1704.7204504	
-5.29330482472	-1704.7241534	
-5.29497846528	-1704.72785054	
-5.29664930945	-1704.73154183	
-5.29831736655	-1704.73522728	
-5.29998264587	-1704.7389069	
-5.30164515664	-1704.74258072	
-5.30330490806	-1704.74624873	
-5.30496190927	-1704.74991097	
-5.30661616936	-1704.75356743	
-5.3082676974	-1704.75721814	
-5.30991650239	-1704.76086311	
-5.3115625933	-1704.76450235	
-5.31320597904	-1704.76813587	
-5.3148466685	-1704.77176369	
-5.3164846705	-1704.77538583	
-5.31811999384	-1704.77900228	
-5.31975264727	-1704.78261308	
-5.32138263948	-1704.78621823	
-5.32300997914	-1704.78981774	
-5.32463467487	-1704.79341163	
-5.32625673524	-1704.79699992	
-5.32787616879	-1704.8005826	
-5.32949298402	-1704.80415971	
-5.33110718937	-1704.80773124	
-5.33271879327	-1704.81129722	
-5.33432780407	-1704.81485765	
-5.33593423012	-1704.81841256	
-5.3375380797	-1704.82196194	
-5.33913936107	-1704.82550582	
-5.34073808243	-1704.82904421	
-5.34233425196	-1704.83257712	
-5.3439278778	-1704.83610456	
-5.34551896803	-1704.83962655	
-5.34710753072	-1704.84314309	
-5.34869357387	-1704.84665421	
-5.35027710548	-1704.85015991	
-5.35185813348	-1704.85366021	
-5.35343666577	-1704.85715511	
-5.35501271022	-1704.86064464	
-5.35658627467	-1704.8641288	
-5.3581573669	-1704.8676076	
-5.35972599468	-1704.87108106	
-5.36129216571	-1704.8745492	
-5.36285588769	-1704.87801201	
-5.36441716825	-1704.88146952	
-5.36597601502	-1704.88492174	
-5.36753243557	-1704.88836868	
-5.36908643744	-1704.89181034	
-5.37063802813	-1704.89524675	
-5.37218721511	-1704.89867792	
-5.37373400583	-1704.90210385	
-5.37527840768	-1704.90552456	
-5.37682042804	-1704.90894007	
-5.37836007422	-1704.91235037	
-5.37989735354	-1704.91575549	
-5.38143227326	-1704.91915544	
-5.38296484061	-1704.92255022	
-5.38449506279	-1704.92593986	
-5.38602294697	-1704.92932435	
-5.38754850028	-1704.93270372	
-5.38907172982	-1704.93607798	
-5.39059264266	-1704.93944713	
-5.39211124583	-1704.94281119	
-5.39362754635	-1704.94617016	
-5.39514155118	-1704.94952407	
-5.39665326727	-1704.95287292	
-5.39816270152	-1704.95621673	
-5.39966986081	-1704.9595555	
-5.40117475199	-1704.96288925	
-5.40267738187	-1704.96621798	
-5.40417775725	-1704.96954171	
-5.40567588487	-1704.97286046	
-5.40717177146	-1704.97617422	
-5.40866542372	-1704.97948302	
-5.4101568483	-1704.98278686	
-5.41164605186	-1704.98608576	
-5.41313304098	-1704.98937972	
-5.41461782224	-1704.99266876	
-5.4161004022	-1704.99595288	
-5.41758078737	-1704.99923211	
-5.41905898424	-1705.00250644	
-5.42053499927	-1705.0057759	
-5.42200883889	-1705.00904048	
-5.4234805095	-1705.01230021	
-5.42495001748	-1705.01555509	
-5.42641736918	-1705.01880514	
-5.4278825709	-1705.02205036	
-5.42934562895	-1705.02529076	
-5.43080654959	-1705.02852637	
-5.43226533906	-1705.03175717	
-5.43372200355	-1705.0349832	
-5.43517654927	-1705.03820445	
-5.43662898235	-1705.04142094	
-5.43807930892	-1705.04463268	
-5.4395275351	-1705.04783968	
-5.44097366695	-1705.05104195	
-5.44241771052	-1705.05423949	
-5.44385967184	-1705.05743233	
-5.4452995569	-1705.06062047	
-5.44673737167	-1705.06380392	
-5.44817312209	-1705.06698269	
-5.44960681409	-1705.07015679	
-5.45103845357	-1705.07332624	
-5.45246804638	-1705.07649104	
-5.45389559837	-1705.07965119	
-5.45532111536	-1705.08280672	
-5.45674460314	-1705.08595764	
-5.45816606749	-1705.08910394	
-5.45958551414	-1705.09224565	
-5.46100294883	-1705.09538277	
-5.46241837723	-1705.09851531	
-5.46383180503	-1705.10164329	
-5.46524323786	-1705.1047667	
-5.46665268137	-1705.10788557	
-5.46806014114	-1705.1109999	
-5.46946562274	-1705.11410971	
-5.47086913175	-1705.11721499	
-5.47227067367	-1705.12031577	
-5.47367025403	-1705.12341204	
-5.47506787829	-1705.12650383	
-5.47646355193	-1705.12959114	
-5.47785728038	-1705.13267398	
-5.47924906905	-1705.13575235	
-5.48063892334	-1705.13882628	
-5.48202684862	-1705.14189577	
-5.48341285022	-1705.14496082	
-5.48479693349	-1705.14802146	
-5.48617910372	-1705.15107768	
-5.48755936619	-1705.15412949	
-5.48893772616	-1705.15717692	
-5.49031418887	-1705.16021996	
-5.49168875953	-1705.16325862	
-5.49306144334	-1705.16629292	
-5.49443224547	-1705.16932286	
-5.49580117108	-1705.17234846	
-5.49716822529	-1705.17536972	
-5.49853341322	-1705.17838665	
-5.49989673995	-1705.18139926	
-5.50125821054	-1705.18440756	
-5.50261783006	-1705.18741156	
-5.50397560352	-1705.19041127	
-5.50533153593	-1705.1934067	
-5.50668563228	-1705.19639785	
-5.50803789753	-1705.19938474	
-5.50938833663	-1705.20236737	
-5.5107369545	-1705.20534576	
-5.51208375605	-1705.20831991	
-5.51342874616	-1705.21128983	
-5.51477192971	-1705.21425553	
-5.51611331154	-1705.21721702	
-5.51745289646	-1705.2201743	
-5.51879068931	-1705.2231274	
-5.52012669485	-1705.22607631	
-5.52146091786	-1705.22902105	
-5.5227933631	-1705.23196162	
-5.52412403528	-1705.23489803	
-5.52545293913	-1705.23783029	
-5.52678007934	-1705.24075841	
-5.52810546058	-1705.2436824	
-5.52942908751	-1705.24660227	
-5.53075096477	-1705.24951802	
-5.53207109697	-1705.25242967	
-5.53338948873	-1705.25533722	
-5.53470614461	-1705.25824068	
-5.53602106919	-1705.26114006	
-5.53733426702	-1705.26403536	
-5.53864574262	-1705.26692661	
-5.5399555005	-1705.2698138	
-5.54126354516	-1705.27269694	
-5.54256988107	-1705.27557605	
-5.5438745127	-1705.27845112	
-5.54517744448	-1705.28132218	
-5.54647868084	-1705.28418922	
-5.54777822618	-1705.28705226	
-5.5490760849	-1705.2899113	
-5.55037226136	-1705.29276635	
-5.55166675992	-1705.29561742	
-5.55295958492	-1705.29846452	
-5.55425074069	-1705.30130766	
-5.55554023152	-1705.30414684	
-5.5568280617	-1705.30698207	
-5.55811423551	-1705.30981337	
-5.5593987572	-1705.31264073	
-5.56068163102	-1705.31546417	
-5.56196286117	-1705.3182837	
-5.56324245188	-1705.32109932	
-5.56452040732	-1705.32391104	
-5.56579673168	-1705.32671887	
-5.56707142911	-1705.32952282	
-5.56834450376	-1705.33232289	
-5.56961595975	-1705.3351191	
-5.57088580119	-1705.33791144	
-5.57215403218	-1705.34069994	
-5.57342065679	-1705.34348459	
-5.5746856791	-1705.3462654	
-5.57594910315	-1705.34904239	
-5.57721093297	-1705.35181556	
-5.57847117258	-1705.35458491	
-5.57972982599	-1705.35735046	
-5.58098689718	-1705.36011222	
-5.58224239012	-1705.36287018	
-5.58349630878	-1705.36562437	
-5.5847486571	-1705.36837478	
-5.585999439	-1705.37112142	
-5.5872486584	-1705.3738643	
-5.5884963192	-1705.37660344	
-5.58974242528	-1705.37933883	
-5.59098698051	-1705.38207048	
-5.59222998875	-1705.38479841	
-5.59347145384	-1705.38752262	
-5.5947113796	-1705.39024311	
-5.59594976985	-1705.39295989	
-5.59718662839	-1705.39567298	
-5.598421959	-1705.39838238	
-5.59965576545	-1705.40108809	
-5.60088805149	-1705.40379013	
-5.60211882088	-1705.4064885	
-5.60334807733	-1705.40918321	
-5.60457582457	-1705.41187426	
-5.6058020663	-1705.41456167	
-5.60702680619	-1705.41724543	
-5.60825004793	-1705.41992557	
-5.60947179518	-1705.42260208	
-5.61069205159	-1705.42527497	
-5.61191082078	-1705.42794425	
-5.61312810639	-1705.43060993	
-5.61434391201	-1705.43327201	
-5.61555824124	-1705.4359305	
-5.61677109767	-1705.43858541	
-5.61798248485	-1705.44123675	
-5.61919240636	-1705.44388451	
-5.62040086572	-1705.44652872	
-5.62160786647	-1705.44916937	
-5.62281341212	-1705.45180648	
-5.62401750619	-1705.45444005	
-5.62522015215	-1705.45707008	
-5.6264213535	-1705.45969659	
-5.62762111369	-1705.46231958	
-5.62881943618	-1705.46493906	
-5.63001632442	-1705.46755503	
-5.63121178182	-1705.47016751	
-5.63240581181	-1705.47277649	
-5.6335984178	-1705.47538199	
-5.63478960317	-1705.47798401	
-5.6359793713	-1705.48058257	
-5.63716772557	-1705.48317765	
-5.63835466933	-1705.48576929	
-5.63954020593	-1705.48835747	
-5.64072433869	-1705.49094221	
-5.64190707094	-1705.49352351	
-5.64308840598	-1705.49610138	
-5.64426834712	-1705.49867583	
-5.64544689764	-1705.50124686	
-5.64662406082	-1705.50381448	
-5.64779983991	-1705.5063787	
-5.64897423816	-1705.50893952	
-5.65014725882	-1705.51149695	
-5.65131890512	-1705.514051	
-5.65248918027	-1705.51660167	
-5.65365808747	-1705.51914897	
-5.65482562993	-1705.52169291	
-5.65599181082	-1705.52423349	
-5.65715663332	-1705.52677072	
-5.65832010058	-1705.5293046	
-5.65948221576	-1705.53183515	
-5.660642982	-1705.53436237	
-5.66180240242	-1705.53688626	
-5.66296048014	-1705.53940683	
-5.66411721826	-1705.54192409	
-5.66527261989	-1705.54443805	
-5.66642668811	-1705.5469487	
-5.66757942599	-1705.54945607	
-5.6687308366	-1705.55196014	
-5.66988092298	-1705.55446094	
-5.67102968818	-1705.55695846	
-5.67217713524	-1705.55945272	
-5.67332326717	-1705.56194371	
-5.67446808699	-1705.56443145	
-5.67561159769	-1705.56691594	
-5.67675380227	-1705.56939718	
-5.6778947037	-1705.57187519	
-5.67903430497	-1705.57434997	
-5.68017260902	-1705.57682153	
-5.6813096188	-1705.57928987	
-5.68244533727	-1705.58175499	
-5.68357976734	-1705.58421691	
-5.68471291194	-1705.58667563	
-5.68584477397	-1705.58913116	
-5.68697535634	-1705.5915835	
-5.68810466194	-1705.59403266	
-5.68923269364	-1705.59647864	
-5.69035945432	-1705.59892146	
-5.69148494685	-1705.60136111	
-5.69260917406	-1705.6037976	
-5.6937321388	-1705.60623094	
-5.69485384391	-1705.60866114	
-5.69597429221	-1705.6110882	
-5.69709348651	-1705.61351212	
-5.69821142961	-1705.61593292	
-5.69932812431	-1705.61835059	
-5.70044357339	-1705.62076515	
-5.70155777963	-1705.6231766	
-5.7026707458	-1705.62558495	
-5.70378247466	-1705.6279902	
-5.70489296894	-1705.63039235	
-5.70600223139	-1705.63279142	
-5.70711026475	-1705.63518741	
-5.70821707172	-1705.63758033	
-5.70932265503	-1705.63997017	
-5.71042701737	-1705.64235695	
-5.71153016145	-1705.64474068	
-5.71263208993	-1705.64712135	
-5.71373280551	-1705.64949897	
-5.71483231084	-1705.65187356	
-5.71593060859	-1705.65424511	
-5.71702770141	-1705.65661363	
-5.71812359193	-1705.65897913	
-5.71921828279	-1705.66134161	
-5.72031177661	-1705.66370108	
-5.72140407601	-1705.66605755	
-5.72249518359	-1705.66841101	
-5.72358510195	-1705.67076147	
-5.72467383369	-1705.67310895	
-5.72576138137	-1705.67545344	
-5.72684774759	-1705.67779496	
-5.72793293489	-1705.6801335	
-5.72901694583	-1705.68246907	
-5.73009978297	-1705.68480168	
-5.73118144884	-1705.68713134	
-5.73226194598	-1705.68945804	
-5.7333412769	-1705.6917818	
-5.73441944412	-1705.69410262	
-5.73549645015	-1705.6964205	
-5.73657229748	-1705.69873546	
-5.73764698861	-1705.70104749	
-5.73872052602	-1705.7033566	
-5.73979291218	-1705.7056628	
-5.74086414956	-1705.70796609	
-5.74193424062	-1705.71026648	
-5.74300318781	-1705.71256397	
-5.74407099357	-1705.71485857	
-5.74513766034	-1705.71715028	
-5.74620319054	-1705.71943912	
-5.7472675866	-1705.72172507	
-5.74833085092	-1705.72400816	
-5.74939298591	-1705.72628838	
-5.75045399397	-1705.72856574	
-5.75151387748	-1705.73084025	
-5.75257263883	-1705.7331119	
-5.75363028038	-1705.73538071	
-5.75468680452	-1705.73764669	
-5.75574221359	-1705.73990983	
-5.75679650994	-1705.74217014	
-5.75784969593	-1705.74442762	
-5.75890177388	-1705.74668229	
-5.75995274612	-1705.74893415	
-5.76100261499	-1705.75118319	
-5.76205138278	-1705.75342944	
-5.76309905181	-1705.75567288	
-5.76414562438	-1705.75791354	
-5.76519110278	-1705.7601514	
-5.7662354893	-1705.76238648	
-5.76727878622	-1705.76461879	
-5.76832099579	-1705.76684832	
-5.7693621203	-1705.76907508	
-5.770402162	-1705.77129908	
-5.77144112313	-1705.77352033	
-5.77247900594	-1705.77573882	
-5.77351581267	-1705.77795456	
-5.77455154554	-1705.78016756	
-5.77558620679	-1705.78237783	
-5.77661979861	-1705.78458536	
-5.77765232322	-1705.78679016	
-5.77868378283	-1705.78899224	
-5.77971417962	-1705.7911916	
-5.78074351579	-1705.79338825	
-5.78177179352	-1705.79558219	
-5.78279901497	-1705.79777342	
-5.78382518233	-1705.79996196	
-5.78485029774	-1705.8021478	
-5.78587436337	-1705.80433096	
-5.78689738137	-1705.80651143	
-5.78791935386	-1705.80868922	
-5.788940283	-1705.81086434	
-5.7899601709	-1705.81303678	
-5.79097901969	-1705.81520657	
-5.79199683148	-1705.81737369	
-5.79301360838	-1705.81953816	
-5.7940293525	-1705.82169997	
-5.79504406593	-1705.82385914	
-5.79605775077	-1705.82601567	
-5.79707040908	-1705.82816956	
-5.79808204295	-1705.83032082	
-5.79909265446	-1705.83246946	
-5.80010224566	-1705.83461547	
-5.80111081862	-1705.83675886	
-5.80211837538	-1705.83889964	
-5.80312491799	-1705.84103781	
-5.80413044849	-1705.84317338	
-5.80513496892	-1705.84530635	
-5.80613848129	-1705.84743672	
-5.80714098764	-1705.84956451	
-5.80814248998	-1705.8516897	
-5.80914299031	-1705.85381232	
