#Site	lnL	
0	-4.89376781665
1	-4.65567681608
2	-13.7379195593
3	-4.36366938362
4	-4.28312543168
5	-10.5070641165
6	-4.36366938362
7	-4.65567681608
8	-10.994513688
9	-4.3906807756
10	-4.31845630632
11	-9.05485089893
12	-4.3906807756
13	-4.78695107014
14	-9.18039186038
15	-4.36366938362
16	-4.65567681608
17	-9.42663030078
18	-4.36366938362
19	-4.31845630632
20	-16.84583127
21	-4.36366938362
22	-4.78695107014
23	-9.35976420797
24	-4.3906807756
25	-9.58222916492
26	-6.54974696508
27	-4.36366938362
28	-4.31845630632
29	-8.02260456173
30	-4.89376781665
31	-4.78695107014
32	-8.14916355065
33	-4.3906807756
34	-4.78695107014
35	-11.7037773779
36	-4.3906807756
37	-4.78695107014
38	-8.51004311368
39	-8.84820058164
40	-4.28312543168
41	-11.0125162596
42	-4.36366938362
43	-4.28312543168
44	-6.74216978502
45	-4.76601208668
46	-4.65567681608
47	-6.54974696508
48	-4.3906807756
49	-4.31845630632
50	-11.1678527978
51	-4.36366938362
52	-4.28312543168
53	-16.662013969
54	-4.76601208668
55	-4.31845630632
56	-6.54974696508
57	-4.76601208668
58	-4.65567681608
59	-9.9148598382
60	-4.3906807756
61	-4.78695107014
62	-6.74216978502
63	-9.90548017815
64	-4.65567681608
65	-9.02355196841
66	-4.36366938362
67	-4.65567681608
68	-13.2683547307
69	-4.3906807756
70	-4.78695107014
71	-8.04606034617
72	-4.76601208668
73	-4.78695107014
74	-9.24189472767
75	-4.36366938362
76	-4.31845630632
77	-9.19452210595
78	-4.36366938362
79	-4.78695107014
80	-11.3691865422
81	-4.3906807756
82	-4.31845630632
83	-9.83628700712
84	-12.711703459
85	-4.31845630632
86	-12.0744790895
87	-8.90727314349
88	-4.28312543168
89	-13.3867299449
90	-12.6483342652
91	-9.51989997748
92	-12.748882528
93	-4.36366938362
94	-4.31845630632
95	-8.00961163447
96	-4.3906807756
97	-4.28312543168
98	-8.14916355065
99	-4.36366938362
100	-4.65567681608
101	-8.14916355065
102	-13.3075726798
103	-4.31845630632
104	-6.54974696508
105	-4.36366938362
106	-4.28312543168
107	-14.4383616927
108	-4.36366938362
109	-4.78695107014
110	-6.54974696508
111	-4.36366938362
112	-4.65567681608
113	-8.14916355065
114	-13.3075726798
115	-4.28312543168
116	-8.04606034617
117	-4.3906807756
118	-13.5208639353
119	-10.4169885718
120	-4.89376781665
121	-4.78695107014
122	-6.74216978502
123	-4.36366938362
124	-4.31845630632
125	-6.74216978502
126	-11.9323339955
127	-9.6603517954
128	-13.7024200467
129	-4.89376781665
130	-4.28312543168
131	-6.74216978502
132	-4.36366938362
133	-4.65567681608
134	-12.9137590994
135	-4.36366938362
136	-4.31845630632
137	-8.04606034617
138	-4.3906807756
139	-4.28312543168
140	-6.74216978502
141	-14.6289197312
142	-9.47711079063
143	-17.672487346
144	-4.76601208668
145	-4.31845630632
146	-10.2720305753
147	-4.36366938362
148	-4.31845630632
149	-8.14916355065
150	-4.36366938362
151	-4.28312543168
152	-6.54974696508
153	-4.36366938362
154	-4.65567681608
155	-8.22356822272
156	-4.89376781665
157	-4.31845630632
158	-8.14916355065
159	-13.0353475193
160	-4.65567681608
161	-8.04606034617
162	-12.4571810405
163	-4.65567681608
164	-9.97674948202
165	-4.36366938362
166	-4.65567681608
167	-6.54974696508
168	-4.3906807756
169	-4.28312543168
170	-15.2396554366
171	-4.36366938362
172	-4.78695107014
173	-9.24189472767
174	-4.3906807756
175	-4.65567681608
176	-12.4038727605
177	-9.0796861851
178	-4.28312543168
179	-12.80943598
180	-4.3906807756
181	-13.9739985897
182	-13.2788678413
183	-4.89376781665
184	-4.31845630632
185	-10.6212703647
186	-4.89376781665
187	-4.31845630632
188	-15.7487579456
189	-4.3906807756
190	-4.65567681608
191	-12.9793658708
192	-4.36366938362
193	-4.65567681608
194	-10.2190831788
195	-4.3906807756
196	-4.65567681608
197	-6.74216978502
198	-4.36366938362
199	-4.78695107014
200	-6.74216978502
201	-8.91801090487
202	-4.31845630632
203	-8.00961163447
204	-4.3906807756
205	-4.28312543168
206	-12.8358438744
207	-4.3906807756
208	-4.65567681608
209	-10.571013774
210	-4.36366938362
211	-13.5504900637
212	-11.4142266155
213	-4.76601208668
214	-10.5780306914
215	-11.5411719188
216	-4.36366938362
217	-4.31845630632
218	-9.34762401192
219	-4.76601208668
220	-4.78695107014
221	-9.19452210595
222	-4.36366938362
223	-4.65567681608
224	-12.3009569819
225	-4.89376781665
226	-4.31845630632
227	-10.556489179
228	-4.76601208668
229	-4.78695107014
230	-9.02355196841
231	-4.76601208668
232	-4.78695107014
233	-8.14916355065
234	-4.3906807756
235	-4.65567681608
236	-12.1701950941
237	-4.76601208668
238	-4.78695107014
239	-12.2472513484
240	-4.36366938362
241	-4.78695107014
242	-10.8074811311
243	-12.5896995248
244	-4.31845630632
245	-9.22837701918
246	-4.89376781665
247	-4.78695107014
248	-12.3009569819
249	-4.89376781665
250	-4.28312543168
251	-8.00961163447
252	-4.3906807756
253	-4.65567681608
254	-6.54974696508
255	-4.36366938362
256	-4.28312543168
257	-13.6920686879
258	-9.99143426988
259	-9.6603517954
260	-12.7961451166
261	-4.3906807756
262	-4.78695107014
263	-14.5002443965
264	-4.76601208668
265	-4.28312543168
266	-8.06558168389
267	-4.36366938362
268	-4.31845630632
269	-12.0509713116
270	-4.76601208668
271	-4.31845630632
272	-15.4332007891
273	-4.36366938362
274	-9.48952121733
275	-8.02260456173
276	-4.36366938362
277	-4.28312543168
278	-11.4871856612
279	-4.76601208668
280	-4.78695107014
281	-13.4082016258
282	-4.36366938362
283	-4.65567681608
284	-11.3871578408
285	-4.3906807756
286	-4.28312543168
287	-17.916346201
288	-4.3906807756
289	-4.78695107014
290	-6.74216978502
291	-4.89376781665
292	-4.31845630632
293	-6.54974696508
294	-4.3906807756
295	-4.28312543168
296	-13.2349165762
297	-13.0073765636
298	-4.28312543168
299	-8.05751026488
300	-10.6932748915
301	-9.69563211884
302	-12.038401737
303	-4.89376781665
304	-4.28312543168
305	-8.05751026488
306	-4.36366938362
307	-4.31845630632
308	-8.04606034617
309	-4.76601208668
310	-4.28312543168
311	-11.7662450261
312	-4.76601208668
313	-4.31845630632
314	-15.5264549581
315	-4.36366938362
316	-4.31845630632
317	-8.14916355065
318	-4.3906807756
319	-4.28312543168
320	-6.74216978502
321	-4.3906807756
322	-4.31845630632
323	-10.5490306599
324	-4.36366938362
325	-4.28312543168
326	-11.9260478398
327	-10.116680967
328	-4.31845630632
329	-6.74216978502
330	-4.36366938362
331	-4.28312543168
332	-9.34762401192
333	-4.36366938362
334	-4.78695107014
335	-11.9782687512
336	-4.3906807756
337	-4.65567681608
338	-6.74216978502
339	-4.3906807756
340	-4.78695107014
341	-8.00961163447
342	-4.89376781665
343	-4.31845630632
344	-14.3210935972
345	-4.3906807756
346	-4.28312543168
347	-9.07408550288
348	-8.85682331042
349	-4.65567681608
350	-11.3499609032
351	-4.36366938362
352	-4.28312543168
353	-13.049265815
354	-4.76601208668
355	-4.65567681608
356	-11.0015884935
357	-4.3906807756
358	-4.31845630632
359	-8.14916355065
360	-4.36366938362
361	-4.28312543168
362	-9.21637421272
363	-4.3906807756
364	-4.78695107014
365	-6.74216978502
366	-9.10289781014
367	-4.78695107014
368	-8.02260456173
369	-4.89376781665
370	-4.31845630632
371	-19.0178533467
372	-4.3906807756
373	-4.31845630632
374	-11.9378467645
375	-4.76601208668
376	-4.78695107014
377	-8.14916355065
378	-4.3906807756
379	-4.31845630632
380	-11.9885986234
381	-4.3906807756
382	-4.65567681608
383	-6.54974696508
384	-4.76601208668
385	-4.65567681608
386	-6.74216978502
387	-4.36366938362
388	-4.28312543168
389	-8.22356822272
390	-9.01110226767
391	-4.31845630632
392	-6.54974696508
393	-4.89376781665
394	-4.78695107014
395	-6.54974696508
396	-4.3906807756
397	-4.31845630632
398	-14.3620712606
399	-4.36366938362
400	-4.65567681608
401	-9.37335062677
402	-9.95456865362
403	-10.5556330975
404	-15.2073568055
405	-4.76601208668
406	-4.31845630632
407	-10.3405608198
408	-4.36366938362
409	-4.78695107014
410	-11.8730478736
411	-4.36366938362
412	-4.65567681608
413	-15.7553711725
414	-4.3906807756
415	-4.78695107014
416	-14.5471190683
417	-4.36366938362
418	-4.78695107014
419	-9.22837701918
420	-4.36366938362
421	-4.65567681608
422	-6.54974696508
423	-4.89376781665
424	-4.28312543168
425	-6.74216978502
426	-4.3906807756
427	-4.31845630632
428	-9.61324033415
429	-4.89376781665
430	-4.28312543168
431	-13.5706476664
432	-4.36366938362
433	-4.78695107014
434	-9.02355196841
435	-4.76601208668
436	-4.28312543168
437	-8.05751026488
438	-4.3906807756
439	-4.28312543168
440	-9.34997806019
441	-4.36366938362
442	-9.6603517954
443	-8.22356822272
444	-4.89376781665
445	-4.31845630632
446	-12.6857452809
447	-4.36366938362
448	-4.65567681608
449	-9.70074035913
450	-4.89376781665
451	-4.65567681608
452	-9.34997806019
453	-4.89376781665
454	-4.31845630632
455	-12.4580479456
456	-4.36366938362
457	-4.78695107014
458	-6.74216978502
459	-4.3906807756
460	-4.31845630632
461	-6.54974696508
462	-4.36366938362
463	-4.78695107014
464	-6.74216978502
465	-10.7608038899
466	-4.78695107014
467	-6.54974696508
468	-13.9265319635
469	-4.28312543168
470	-6.54974696508
471	-4.3906807756
472	-4.78695107014
473	-9.34762401192
474	-4.76601208668
475	-4.78695107014
476	-9.25486434339
477	-4.76601208668
478	-4.28312543168
479	-10.7082063981
480	-4.3906807756
481	-4.31845630632
482	-8.22356822272
483	-4.76601208668
484	-4.31845630632
485	-6.54974696508
486	-4.89376781665
487	-4.78695107014
488	-6.74216978502
