# log_p 	 lnL 	 
0.0	-1741.05132208	
-0.287682072452	-1741.05132202	
-0.510825623766	-1741.05132076	
-0.69314718056	-1741.05131925	
-0.847297860387	-1741.05131782	
-0.980829253012	-1741.05131651	
-1.09861228867	-1741.05131531	
-1.20397280433	-1741.05131418	
-1.29928298413	-1741.05131307	
-1.38629436112	-1741.05131197	
-1.46633706879	-1741.05131084	
-1.54044504095	-1741.05130968	
-1.60943791243	-1741.05130848	
-1.67397643357	-1741.05130724	
-1.73460105539	-1741.05130596	
-1.79175946923	-1741.05130464	
-1.8458266905	-1741.05130327	
-1.89711998489	-1741.05130187	
-1.94591014906	-1741.05130044	
-1.99243016469	-1741.05129898	
-2.03688192726	-1741.05129749	
-2.07944154168	-1741.05129598	
-2.1202635362	-1741.05129444	
-2.15948424935	-1741.05129289	
-2.19722457734	-1741.05129133	
-2.23359222151	-1741.05128975	
-2.26868354132	-1741.05128816	
-2.30258509299	-1741.05128656	
-2.33537491582	-1741.05128495	
-2.36712361413	-1741.05128335	
-2.3978952728	-1741.05128173	
-2.42774823595	-1741.05128012	
-2.45673577282	-1741.05127852	
-2.48490664979	-1741.05127691	
-2.51230562398	-1741.05127531	
-2.53897387106	-1741.05127371	
-2.56494935746	-1741.05127213	
-2.59026716545	-1741.05127055	
-2.61495977804	-1741.05126898	
-2.63905732962	-1741.05126742	
-2.66258782703	-1741.05126588	
-2.68557734525	-1741.05126434	
-2.7080502011	-1741.05126282	
-2.73002910782	-1741.05126132	
-2.75153531304	-1741.05125983	
-2.77258872224	-1741.05125836	
-2.79320800944	-1741.05125691	
-2.81341071676	-1741.05125547	
-2.83321334406	-1741.05125405	
-2.85263142991	-1741.05125265	
-2.87167962488	-1741.05125126	
-2.8903717579	-1741.0512499	
-2.90872089656	-1741.05124855	
-2.92673940207	-1741.05124723	
-2.94443897917	-1741.05124592	
-2.96183072188	-1741.05124464	
-2.97892515524	-1741.05124337	
-2.99573227355	-1741.05124212	
-3.01226157551	-1741.0512409	
-3.02852209638	-1741.05123969	
-3.04452243772	-1741.05123851	
-3.06027079469	-1741.05123734	
-3.07577498123	-1741.05123619	
-3.09104245336	-1741.05123507	
-3.10608033072	-1741.05123396	
-3.12089541651	-1741.05123287	
-3.13549421593	-1741.05123181	
-3.14988295338	-1741.05123076	
-3.16406758837	-1741.05122973	
-3.17805383035	-1741.05122872	
-3.19184715248	-1741.05122773	
-3.20545280454	-1741.05122676	
-3.21887582487	-1741.0512258	
-3.23212105162	-1741.05122487	
-3.24519313319	-1741.05122395	
-3.25809653802	-1741.05122305	
-3.2708355638	-1741.05122217	
-3.28341434601	-1741.0512213	
-3.295836866	-1741.05122046	
-3.3081069586	-1741.05121962	
-3.32022831913	-1741.05121881	
-3.33220451018	-1741.05121801	
-3.34403896782	-1741.05121723	
-3.35573500759	-1741.05121646	
-3.36729582999	-1741.05121571	
-3.37872452581	-1741.05121498	
-3.39002408106	-1741.05121426	
-3.40119738166	-1741.05121355	
-3.41224721785	-1741.05121286	
-3.42317628838	-1741.05121218	
-3.43398720449	-1741.05121152	
-3.4446824936	-1741.05121087	
-3.45526460293	-1741.05121023	
-3.4657359028	-1741.05120961	
-3.47609868984	-1741.051209	
-3.48635519	-1741.0512084	
-3.49650756147	-1741.05120782	
-3.50655789732	-1741.05120725	
-3.51650822817	-1741.05120669	
-3.52636052462	-1741.05120614	
-3.53611669956	-1741.0512056	
-3.54577861047	-1741.05120508	
-3.55534806149	-1741.05120457	
-3.56482680544	-1741.05120406	
-3.57421654579	-1741.05120357	
-3.58351893846	-1741.05120309	
-3.59273559356	-1741.05120262	
-3.60186807712	-1741.05120216	
-3.61091791264	-1741.05120171	
-3.61988658263	-1741.05120127	
-3.62877553004	-1741.05120084	
-3.63758615973	-1741.05120042	
-3.6463198397	-1741.0512	
-3.65497790244	-1741.0511996	
-3.66356164613	-1741.0511992	
-3.6720723358	-1741.05119882	
-3.68051120444	-1741.05119844	
-3.68887945411	-1741.05119807	
-3.69717825693	-1741.05119771	
-3.70540875607	-1741.05119736	
-3.7135720667	-1741.05119701	
-3.72166927694	-1741.05119668	
-3.72970144863	-1741.05119635	
-3.73766961828	-1741.05119602	
-3.74557479779	-1741.05119571	
-3.75341797525	-1741.0511954	
-3.76120011569	-1741.0511951	
-3.76892216179	-1741.0511948	
-3.77658503453	-1741.05119452	
-3.78418963392	-1741.05119424	
-3.79173683955	-1741.05119396	
-3.79922751128	-1741.05119369	
-3.80666248977	-1741.05119343	
-3.81404259707	-1741.05119317	
-3.82136863716	-1741.05119292	
-3.82864139649	-1741.05119268	
-3.83586164446	-1741.05119244	
-3.84303013394	-1741.05119221	
-3.85014760171	-1741.05119198	
-3.85721476893	-1741.05119176	
-3.86423234159	-1741.05119154	
-3.87120101091	-1741.05119133	
-3.87812145375	-1741.05119112	
-3.88499433304	-1741.05119092	
-3.89182029811	-1741.05119072	
-3.8985999851	-1741.05119053	
-3.90533401728	-1741.05119034	
-3.91202300543	-1741.05119015	
-3.91866754815	-1741.05118998	
-3.92526823218	-1741.0511898	
-3.93182563272	-1741.05118963	
-3.93834031375	-1741.05118946	
-3.94481282825	-1741.0511893	
-3.95124371858	-1741.05118914	
-3.95763351668	-1741.05118899	
-3.96398274436	-1741.05118884	
-3.97029191355	-1741.05118869	
-3.97656152657	-1741.05118855	
-3.98279207632	-1741.05118841	
-3.98898404656	-1741.05118828	
-3.99513791214	-1741.05118814	
-4.00125413916	-1741.05118802	
-4.00733318523	-1741.05118789	
-4.01337549969	-1741.05118777	
-4.01938152375	-1741.05118765	
-4.02535169074	-1741.05118753	
-4.03128642625	-1741.05118742	
-4.03718614838	-1741.05118731	
-4.04305126783	-1741.05118721	
-4.04888218815	-1741.0511871	
-4.05467930583	-1741.051187	
-4.06044301055	-1741.0511869	
-4.06617368526	-1741.05118681	
-4.07187170637	-1741.05118672	
-4.07753744391	-1741.05118663	
-4.08317126162	-1741.05118654	
-4.08877351717	-1741.05118646	
-4.09434456222	-1741.05118637	
-4.0998847426	-1741.05118629	
-4.10539439841	-1741.05118622	
-4.11087386417	-1741.05118614	
-4.11632346894	-1741.05118607	
-4.12174353641	-1741.051186	
-4.12713438505	-1741.05118593	
-4.13249632819	-1741.05118587	
-4.13782967416	-1741.0511858	
-4.14313472639	-1741.05118574	
-4.14841178349	-1741.05118568	
-4.15366113938	-1741.05118562	
-4.15888308336	-1741.05118557	
-4.16407790024	-1741.05118551	
-4.1692458704	-1741.05118546	
-4.1743872699	-1741.05118541	
-4.17950237056	-1741.05118537	
-4.18459144007	-1741.05118532	
-4.18965474203	-1741.05118527	
-4.19469253606	-1741.05118523	
-4.19970507788	-1741.05118519	
-4.20469261939	-1741.05118515	
-4.20965540873	-1741.05118511	
-4.21459369037	-1741.05118508	
-4.21950770518	-1741.05118504	
-4.22439769047	-1741.05118501	
-4.22926388012	-1741.05118498	
-4.2341065046	-1741.05118495	
-4.23892579103	-1741.05118492	
-4.2437219633	-1741.05118489	
-4.24849524205	-1741.05118487	
-4.25324584481	-1741.05118484	
-4.257973986	-1741.05118482	
-4.26267987704	-1741.0511848	
-4.26736372635	-1741.05118478	
-4.27202573946	-1741.05118476	
-4.27666611902	-1741.05118474	
-4.28128506487	-1741.05118472	
-4.28588277412	-1741.05118471	
-4.29045944115	-1741.05118469	
-4.29501525768	-1741.05118468	
-4.29955041285	-1741.05118467	
-4.3040650932	-1741.05118466	
-4.30855948279	-1741.05118465	
-4.31303376319	-1741.05118464	
-4.31748811354	-1741.05118463	
-4.3219227106	-1741.05118462	
-4.32633772881	-1741.05118462	
-4.33073334029	-1741.05118461	
-4.33510971489	-1741.05118461	
-4.33946702026	-1741.05118461	
-4.34380542185	-1741.0511846	
-4.348125083	-1741.0511846	
-4.3524261649	-1741.0511846	
-4.35670882669	-1741.0511846	
-4.36097322548	-1741.0511846	
-4.36521951636	-1741.05118461	
-4.36944785247	-1741.05118461	
-4.373658385	-1741.05118461	
-4.37785126326	-1741.05118462	
-4.38202663467	-1741.05118462	
-4.38618464482	-1741.05118463	
-4.39032543749	-1741.05118464	
-4.39444915467	-1741.05118465	
-4.39855593663	-1741.05118465	
-4.40264592188	-1741.05118466	
-4.40671924726	-1741.05118467	
-4.41077604796	-1741.05118468	
-4.4148164575	-1741.0511847	
-4.4188406078	-1741.05118471	
-4.42284862919	-1741.05118472	
-4.42684065046	-1741.05118473	
-4.43081679884	-1741.05118475	
-4.43477720006	-1741.05118476	
-4.43872197835	-1741.05118478	
-4.44265125649	-1741.05118479	
-4.44656515581	-1741.05118481	
-4.45046379623	-1741.05118483	
-4.45434729625	-1741.05118484	
-4.45821577303	-1741.05118486	
-4.46206934235	-1741.05118488	
-4.46590811865	-1741.0511849	
-4.46973221509	-1741.05118492	
-4.47354174351	-1741.05118494	
-4.47733681448	-1741.05118496	
-4.48111753732	-1741.05118498	
-4.48488402011	-1741.051185	
-4.48863636973	-1741.05118502	
-4.49237469184	-1741.05118504	
-4.49609909093	-1741.05118507	
-4.49980967033	-1741.05118509	
-4.50350653221	-1741.05118511	
-4.50718977763	-1741.05118514	
-4.51085950652	-1741.05118516	
-4.51451581772	-1741.05118519	
-4.518158809	-1741.05118521	
-4.52178857705	-1741.05118524	
-4.52540521752	-1741.05118526	
-4.52900882502	-1741.05118529	
-4.53259949315	-1741.05118532	
-4.5361773145	-1741.05118534	
-4.53974238067	-1741.05118537	
-4.54329478227	-1741.0511854	
-4.54683460898	-1741.05118543	
-4.55036194949	-1741.05118545	
-4.5538768916	-1741.05118548	
-4.55737952215	-1741.05118551	
-4.56086992709	-1741.05118554	
-4.56434819147	-1741.05118557	
-4.56781439944	-1741.0511856	
-4.57126863431	-1741.05118563	
-4.5747109785	-1741.05118566	
-4.5781415136	-1741.05118569	
-4.58156032035	-1741.05118572	
-4.58496747867	-1741.05118575	
-4.58836306767	-1741.05118579	
-4.59174716566	-1741.05118582	
-4.59511985013	-1741.05118585	
-4.59848119784	-1741.05118588	
-4.60183128472	-1741.05118591	
-4.60517018599	-1741.05118595	
-4.60849797608	-1741.05118598	
-4.61181472871	-1741.05118601	
-4.61512051684	-1741.05118605	
-4.61841541274	-1741.05118608	
-4.62169948794	-1741.05118611	
-4.62497281328	-1741.05118615	
-4.62823545892	-1741.05118618	
-4.63148749431	-1741.05118621	
-4.63472898823	-1741.05118625	
-4.63796000881	-1741.05118628	
-4.64118062351	-1741.05118632	
-4.64439089914	-1741.05118635	
-4.64759090187	-1741.05118639	
-4.65078069724	-1741.05118642	
-4.65396035016	-1741.05118646	
-4.65712992492	-1741.0511865	
-4.66028948521	-1741.05118653	
-4.66343909411	-1741.05118657	
-4.66657881412	-1741.0511866	
-4.66970870713	-1741.05118664	
-4.67282883446	-1741.05118668	
-4.67593925688	-1741.05118671	
-4.67904003455	-1741.05118675	
-4.68213122712	-1741.05118679	
-4.68521289366	-1741.05118682	
-4.6882850927	-1741.05118686	
-4.69134788223	-1741.0511869	
-4.69440131972	-1741.05118693	
-4.6974454621	-1741.05118697	
-4.70048036579	-1741.05118701	
-4.70350608671	-1741.05118705	
-4.70652268025	-1741.05118708	
-4.70953020131	-1741.05118712	
-4.71252870431	-1741.05118716	
-4.71551824316	-1741.0511872	
-4.7184988713	-1741.05118724	
-4.72147064168	-1741.05118727	
-4.72443360681	-1741.05118731	
-4.72738781871	-1741.05118735	
-4.73033332894	-1741.05118739	
-4.73327018862	-1741.05118743	
-4.73619844839	-1741.05118747	
-4.7391181585	-1741.0511875	
-4.74202936871	-1741.05118754	
-4.74493212836	-1741.05118758	
-4.74782648639	-1741.05118762	
-4.75071249128	-1741.05118766	
-4.75359019111	-1741.0511877	
-4.75645963353	-1741.05118774	
-4.75932086582	-1741.05118778	
-4.7621739348	-1741.05118781	
-4.76501888693	-1741.05118785	
-4.76785576827	-1741.05118789	
-4.77068462447	-1741.05118793	
-4.77350550081	-1741.05118797	
-4.77631844218	-1741.05118801	
-4.77912349311	-1741.05118805	
-4.78192069773	-1741.05118809	
-4.78471009982	-1741.05118813	
-4.78749174278	-1741.05118817	
-4.79026566966	-1741.05118821	
-4.79303192316	-1741.05118825	
-4.7957905456	-1741.05118829	
-4.79854157897	-1741.05118833	
-4.80128506491	-1741.05118837	
-4.80402104473	-1741.05118841	
-4.80674955939	-1741.05118845	
-4.8094706495	-1741.05118849	
-4.81218435537	-1741.05118853	
-4.81489071697	-1741.05118857	
-4.81758977394	-1741.05118861	
-4.82028156561	-1741.05118864	
-4.82296613098	-1741.05118868	
-4.82564350875	-1741.05118872	
-4.8283137373	-1741.05118876	
-4.83097685472	-1741.0511888	
-4.83363289878	-1741.05118884	
-4.83628190695	-1741.05118888	
-4.83892391641	-1741.05118892	
-4.84155896405	-1741.05118896	
-4.84418708646	-1741.051189	
-4.84680831994	-1741.05118904	
-4.84942270051	-1741.05118908	
-4.85203026392	-1741.05118912	
-4.85463104562	-1741.05118916	
-4.8572250808	-1741.0511892	
-4.85981240436	-1741.05118924	
-4.86239305096	-1741.05118928	
-4.86496705495	-1741.05118932	
-4.86753445046	-1741.05118936	
-4.87009527132	-1741.0511894	
-4.87264955112	-1741.05118944	
-4.8751973232	-1741.05118948	
-4.87773862063	-1741.05118952	
-4.88027347623	-1741.05118956	
-4.88280192259	-1741.0511896	
-4.88532399202	-1741.05118964	
-4.88783971662	-1741.05118968	
-4.89034912822	-1741.05118972	
-4.89285225844	-1741.05118976	
-4.89534913864	-1741.0511898	
-4.89783979995	-1741.05118984	
-4.90032427328	-1741.05118988	
-4.90280258929	-1741.05118992	
-4.90527477844	-1741.05118996	
-4.90774087093	-1741.05119	
-4.91020089677	-1741.05119004	
-4.91265488574	-1741.05119008	
-4.91510286737	-1741.05119012	
-4.91754487103	-1741.05119016	
-4.91998092583	-1741.0511902	
-4.92241106068	-1741.05119024	
-4.92483530429	-1741.05119028	
-4.92725368516	-1741.05119031	
-4.92966623156	-1741.05119035	
-4.93207297159	-1741.05119039	
-4.93447393313	-1741.05119043	
-4.93686914386	-1741.05119047	
-4.93925863125	-1741.05119051	
-4.94164242261	-1741.05119055	
-4.94402054501	-1741.05119059	
-4.94639302537	-1741.05119063	
-4.94875989038	-1741.05119067	
-4.95112116656	-1741.05119071	
-4.95347688026	-1741.05119075	
-4.9558270576	-1741.05119079	
-4.95817172456	-1741.05119082	
-4.96051090691	-1741.05119086	
-4.96284463026	-1741.0511909	
-4.96517292002	-1741.05119094	
-4.96749580144	-1741.05119098	
-4.96981329958	-1741.05119102	
-4.97212543933	-1741.05119106	
-4.97443224543	-1741.0511911	
-4.97673374242	-1741.05119114	
-4.97902995468	-1741.05119117	
-4.98132090643	-1741.05119121	
-4.98360662171	-1741.05119125	
-4.98588712441	-1741.05119129	
-4.98816243824	-1741.05119133	
-4.99043258678	-1741.05119137	
-4.99269759341	-1741.05119141	
-4.99495748138	-1741.05119144	
-4.99721227376	-1741.05119148	
-4.9994619935	-1741.05119152	
-5.00170666335	-1741.05119156	
-5.00394630595	-1741.0511916	
-5.00618094375	-1741.05119164	
-5.00841059907	-1741.05119167	
-5.0106352941	-1741.05119171	
-5.01285505083	-1741.05119175	
-5.01506989116	-1741.05119179	
-5.01727983681	-1741.05119183	
-5.01948490937	-1741.05119186	
-5.02168513028	-1741.0511919	
-5.02388052085	-1741.05119194	
-5.02607110223	-1741.05119198	
-5.02825689545	-1741.05119201	
-5.03043792139	-1741.05119205	
-5.03261420082	-1741.05119209	
-5.03478575433	-1741.05119213	
-5.03695260241	-1741.05119217	
-5.03911476542	-1741.0511922	
-5.04127226356	-1741.05119224	
-5.04342511692	-1741.05119228	
-5.04557334546	-1741.05119232	
-5.047716969	-1741.05119235	
-5.04985600725	-1741.05119239	
-5.05199047978	-1741.05119243	
-5.05412040604	-1741.05119246	
-5.05624580535	-1741.0511925	
-5.05836669692	-1741.05119254	
-5.06048309982	-1741.05119257	
-5.06259503303	-1741.05119261	
-5.06470251537	-1741.05119265	
-5.06680556556	-1741.05119269	
-5.06890420222	-1741.05119272	
-5.07099844382	-1741.05119276	
-5.07308830874	-1741.0511928	
-5.07517381523	-1741.05119283	
-5.07725498144	-1741.05119287	
-5.07933182538	-1741.05119291	
-5.08140436498	-1741.05119294	
-5.08347261805	-1741.05119298	
-5.08553660227	-1741.05119301	
-5.08759633523	-1741.05119305	
-5.08965183441	-1741.05119309	
-5.09170311719	-1741.05119312	
-5.09375020081	-1741.05119316	
-5.09579310244	-1741.0511932	
-5.09783183913	-1741.05119323	
-5.09986642782	-1741.05119327	
-5.10189688537	-1741.0511933	
-5.10392322852	-1741.05119334	
-5.1059454739	-1741.05119338	
-5.10796363806	-1741.05119341	
-5.10997773743	-1741.05119345	
-5.11198778836	-1741.05119348	
-5.11399380708	-1741.05119352	
-5.11599580975	-1741.05119355	
-5.11799381242	-1741.05119359	
-5.11998783102	-1741.05119362	
-5.12197788143	-1741.05119366	
-5.1239639794	-1741.0511937	
-5.12594614061	-1741.05119373	
-5.12792438062	-1741.05119377	
-5.12989871492	-1741.0511938	
-5.13186915891	-1741.05119384	
-5.13383572788	-1741.05119387	
-5.13579843705	-1741.05119391	
-5.13775730154	-1741.05119394	
-5.13971233637	-1741.05119398	
-5.1416635565	-1741.05119401	
-5.14361097679	-1741.05119405	
-5.145554612	-1741.05119408	
-5.14749447681	-1741.05119411	
-5.14943058584	-1741.05119415	
-5.15136295359	-1741.05119418	
-5.1532915945	-1741.05119422	
-5.15521652291	-1741.05119425	
-5.15713775309	-1741.05119429	
-5.15905529921	-1741.05119432	
-5.1609691754	-1741.05119436	
-5.16287939565	-1741.05119439	
-5.16478597392	-1741.05119442	
-5.16668892407	-1741.05119446	
-5.16858825987	-1741.05119449	
-5.17048399504	-1741.05119453	
-5.17237614319	-1741.05119456	
-5.17426471788	-1741.05119459	
-5.17614973257	-1741.05119463	
-5.17803120067	-1741.05119466	
-5.1799091355	-1741.05119469	
-5.18178355029	-1741.05119473	
-5.18365445823	-1741.05119476	
-5.1855218724	-1741.0511948	
-5.18738580584	-1741.05119483	
-5.18924627149	-1741.05119486	
-5.19110328224	-1741.0511949	
-5.19295685089	-1741.05119493	
-5.19480699018	-1741.05119496	
-5.19665371277	-1741.051195	
-5.19849703127	-1741.05119503	
-5.20033695819	-1741.05119506	
-5.202173506	-1741.05119509	
-5.20400668708	-1741.05119513	
-5.20583651375	-1741.05119516	
-5.20766299828	-1741.05119519	
-5.20948615284	-1741.05119523	
-5.21130598956	-1741.05119526	
-5.21312252048	-1741.05119529	
-5.21493575761	-1741.05119532	
-5.21674571285	-1741.05119536	
-5.21855239808	-1741.05119539	
-5.22035582508	-1741.05119542	
-5.22215600558	-1741.05119545	
-5.22395295126	-1741.05119549	
-5.22574667371	-1741.05119552	
-5.22753718449	-1741.05119555	
-5.22932449506	-1741.05119558	
-5.23110861685	-1741.05119562	
-5.23288956123	-1741.05119565	
-5.23466733947	-1741.05119568	
-5.23644196283	-1741.05119571	
-5.23821344248	-1741.05119574	
-5.23998178954	-1741.05119578	
-5.24174701506	-1741.05119581	
-5.24350913005	-1741.05119584	
-5.24526814546	-1741.05119587	
-5.24702407216	-1741.0511959	
-5.24877692099	-1741.05119593	
-5.25052670271	-1741.05119596	
-5.25227342805	-1741.051196	
-5.25401710765	-1741.05119603	
-5.25575775213	-1741.05119606	
-5.25749537203	-1741.05119609	
-5.25922997784	-1741.05119612	
-5.26096158	-1741.05119615	
-5.2626901889	-1741.05119618	
-5.26441581487	-1741.05119621	
-5.26613846818	-1741.05119625	
-5.26785815906	-1741.05119628	
-5.26957489768	-1741.05119631	
-5.27128869416	-1741.05119634	
-5.27299955856	-1741.05119637	
-5.27470750091	-1741.0511964	
-5.27641253116	-1741.05119643	
-5.27811465923	-1741.05119646	
-5.27981389498	-1741.05119649	
-5.28151024823	-1741.05119652	
-5.28320372874	-1741.05119655	
-5.28489434622	-1741.05119658	
-5.28658211033	-1741.05119661	
-5.28826703069	-1741.05119664	
-5.28994911688	-1741.05119667	
-5.2916283784	-1741.0511967	
-5.29330482472	-1741.05119673	
-5.29497846528	-1741.05119676	
-5.29664930945	-1741.05119679	
-5.29831736655	-1741.05119682	
-5.29998264587	-1741.05119685	
-5.30164515664	-1741.05119688	
-5.30330490806	-1741.05119691	
-5.30496190927	-1741.05119694	
-5.30661616936	-1741.05119697	
-5.3082676974	-1741.051197	
-5.30991650239	-1741.05119703	
-5.3115625933	-1741.05119706	
-5.31320597904	-1741.05119709	
-5.3148466685	-1741.05119712	
-5.3164846705	-1741.05119715	
-5.31811999384	-1741.05119718	
-5.31975264727	-1741.05119721	
-5.32138263948	-1741.05119724	
-5.32300997914	-1741.05119727	
-5.32463467487	-1741.0511973	
-5.32625673524	-1741.05119733	
-5.32787616879	-1741.05119736	
-5.32949298402	-1741.05119738	
-5.33110718937	-1741.05119741	
-5.33271879327	-1741.05119744	
-5.33432780407	-1741.05119747	
-5.33593423012	-1741.0511975	
-5.3375380797	-1741.05119753	
-5.33913936107	-1741.05119756	
-5.34073808243	-1741.05119759	
-5.34233425196	-1741.05119761	
-5.3439278778	-1741.05119764	
-5.34551896803	-1741.05119767	
-5.34710753072	-1741.0511977	
-5.34869357387	-1741.05119773	
-5.35027710548	-1741.05119776	
-5.35185813348	-1741.05119778	
-5.35343666577	-1741.05119781	
-5.35501271022	-1741.05119784	
-5.35658627467	-1741.05119787	
-5.3581573669	-1741.0511979	
-5.35972599468	-1741.05119793	
-5.36129216571	-1741.05119795	
-5.36285588769	-1741.05119798	
-5.36441716825	-1741.05119801	
-5.36597601502	-1741.05119804	
-5.36753243557	-1741.05119806	
-5.36908643744	-1741.05119809	
-5.37063802813	-1741.05119812	
-5.37218721511	-1741.05119815	
-5.37373400583	-1741.05119817	
-5.37527840768	-1741.0511982	
-5.37682042804	-1741.05119823	
-5.37836007422	-1741.05119826	
-5.37989735354	-1741.05119828	
-5.38143227326	-1741.05119831	
-5.38296484061	-1741.05119834	
-5.38449506279	-1741.05119837	
-5.38602294697	-1741.05119839	
-5.38754850028	-1741.05119842	
-5.38907172982	-1741.05119845	
-5.39059264266	-1741.05119847	
-5.39211124583	-1741.0511985	
-5.39362754635	-1741.05119853	
-5.39514155118	-1741.05119856	
-5.39665326727	-1741.05119858	
-5.39816270152	-1741.05119861	
-5.39966986081	-1741.05119864	
-5.40117475199	-1741.05119866	
-5.40267738187	-1741.05119869	
-5.40417775725	-1741.05119872	
-5.40567588487	-1741.05119874	
-5.40717177146	-1741.05119877	
-5.40866542372	-1741.0511988	
-5.4101568483	-1741.05119882	
-5.41164605186	-1741.05119885	
-5.41313304098	-1741.05119887	
-5.41461782224	-1741.0511989	
-5.4161004022	-1741.05119893	
-5.41758078737	-1741.05119895	
-5.41905898424	-1741.05119898	
-5.42053499927	-1741.051199	
-5.42200883889	-1741.05119903	
-5.4234805095	-1741.05119906	
-5.42495001748	-1741.05119908	
-5.42641736918	-1741.05119911	
-5.4278825709	-1741.05119913	
-5.42934562895	-1741.05119916	
-5.43080654959	-1741.05119919	
-5.43226533906	-1741.05119921	
-5.43372200355	-1741.05119924	
-5.43517654927	-1741.05119926	
-5.43662898235	-1741.05119929	
-5.43807930892	-1741.05119931	
-5.4395275351	-1741.05119934	
-5.44097366695	-1741.05119936	
-5.44241771052	-1741.05119939	
-5.44385967184	-1741.05119942	
-5.4452995569	-1741.05119944	
-5.44673737167	-1741.05119947	
-5.44817312209	-1741.05119949	
-5.44960681409	-1741.05119952	
-5.45103845357	-1741.05119954	
-5.45246804638	-1741.05119957	
-5.45389559837	-1741.05119959	
-5.45532111536	-1741.05119962	
-5.45674460314	-1741.05119964	
-5.45816606749	-1741.05119967	
-5.45958551414	-1741.05119969	
-5.46100294883	-1741.05119972	
-5.46241837723	-1741.05119974	
-5.46383180503	-1741.05119977	
-5.46524323786	-1741.05119979	
-5.46665268137	-1741.05119981	
-5.46806014114	-1741.05119984	
-5.46946562274	-1741.05119986	
-5.47086913175	-1741.05119989	
-5.47227067367	-1741.05119991	
-5.47367025403	-1741.05119994	
-5.47506787829	-1741.05119996	
-5.47646355193	-1741.05119999	
-5.47785728038	-1741.05120001	
-5.47924906905	-1741.05120003	
-5.48063892334	-1741.05120006	
-5.48202684862	-1741.05120008	
-5.48341285022	-1741.05120011	
-5.48479693349	-1741.05120013	
-5.48617910372	-1741.05120015	
-5.48755936619	-1741.05120018	
-5.48893772616	-1741.0512002	
-5.49031418887	-1741.05120023	
-5.49168875953	-1741.05120025	
-5.49306144334	-1741.05120027	
-5.49443224547	-1741.0512003	
-5.49580117108	-1741.05120032	
-5.49716822529	-1741.05120035	
-5.49853341322	-1741.05120037	
-5.49989673995	-1741.05120039	
-5.50125821054	-1741.05120042	
-5.50261783006	-1741.05120044	
-5.50397560352	-1741.05120046	
-5.50533153593	-1741.05120049	
-5.50668563228	-1741.05120051	
-5.50803789753	-1741.05120053	
-5.50938833663	-1741.05120056	
-5.5107369545	-1741.05120058	
-5.51208375605	-1741.0512006	
-5.51342874616	-1741.05120063	
-5.51477192971	-1741.05120065	
-5.51611331154	-1741.05120067	
-5.51745289646	-1741.0512007	
-5.51879068931	-1741.05120072	
-5.52012669485	-1741.05120074	
-5.52146091786	-1741.05120076	
-5.5227933631	-1741.05120079	
-5.52412403528	-1741.05120081	
-5.52545293913	-1741.05120083	
-5.52678007934	-1741.05120086	
-5.52810546058	-1741.05120088	
-5.52942908751	-1741.0512009	
-5.53075096477	-1741.05120092	
-5.53207109697	-1741.05120095	
-5.53338948873	-1741.05120097	
-5.53470614461	-1741.05120099	
-5.53602106919	-1741.05120101	
-5.53733426702	-1741.05120104	
-5.53864574262	-1741.05120106	
-5.5399555005	-1741.05120108	
-5.54126354516	-1741.0512011	
-5.54256988107	-1741.05120113	
-5.5438745127	-1741.05120115	
-5.54517744448	-1741.05120117	
-5.54647868084	-1741.05120119	
-5.54777822618	-1741.05120121	
-5.5490760849	-1741.05120124	
-5.55037226136	-1741.05120126	
-5.55166675992	-1741.05120128	
-5.55295958492	-1741.0512013	
-5.55425074069	-1741.05120132	
-5.55554023152	-1741.05120135	
-5.5568280617	-1741.05120137	
-5.55811423551	-1741.05120139	
-5.5593987572	-1741.05120141	
-5.56068163102	-1741.05120143	
-5.56196286117	-1741.05120146	
-5.56324245188	-1741.05120148	
-5.56452040732	-1741.0512015	
-5.56579673168	-1741.05120152	
-5.56707142911	-1741.05120154	
-5.56834450376	-1741.05120156	
-5.56961595975	-1741.05120159	
-5.57088580119	-1741.05120161	
-5.57215403218	-1741.05120163	
-5.57342065679	-1741.05120165	
-5.5746856791	-1741.05120167	
-5.57594910315	-1741.05120169	
-5.57721093297	-1741.05120171	
-5.57847117258	-1741.05120173	
-5.57972982599	-1741.05120176	
-5.58098689718	-1741.05120178	
-5.58224239012	-1741.0512018	
-5.58349630878	-1741.05120182	
-5.5847486571	-1741.05120184	
-5.585999439	-1741.05120186	
-5.5872486584	-1741.05120188	
-5.5884963192	-1741.0512019	
-5.58974242528	-1741.05120192	
-5.59098698051	-1741.05120195	
-5.59222998875	-1741.05120197	
-5.59347145384	-1741.05120199	
-5.5947113796	-1741.05120201	
-5.59594976985	-1741.05120203	
-5.59718662839	-1741.05120205	
-5.598421959	-1741.05120207	
-5.59965576545	-1741.05120209	
-5.60088805149	-1741.05120211	
-5.60211882088	-1741.05120213	
-5.60334807733	-1741.05120215	
-5.60457582457	-1741.05120217	
-5.6058020663	-1741.05120219	
-5.60702680619	-1741.05120221	
-5.60825004793	-1741.05120223	
-5.60947179518	-1741.05120225	
-5.61069205159	-1741.05120227	
-5.61191082078	-1741.05120229	
-5.61312810639	-1741.05120232	
-5.61434391201	-1741.05120234	
-5.61555824124	-1741.05120236	
-5.61677109767	-1741.05120238	
-5.61798248485	-1741.0512024	
-5.61919240636	-1741.05120242	
-5.62040086572	-1741.05120244	
-5.62160786647	-1741.05120246	
-5.62281341212	-1741.05120248	
-5.62401750619	-1741.0512025	
-5.62522015215	-1741.05120252	
-5.6264213535	-1741.05120254	
-5.62762111369	-1741.05120256	
-5.62881943618	-1741.05120258	
-5.63001632442	-1741.0512026	
-5.63121178182	-1741.05120261	
-5.63240581181	-1741.05120263	
-5.6335984178	-1741.05120265	
-5.63478960317	-1741.05120267	
-5.6359793713	-1741.05120269	
-5.63716772557	-1741.05120271	
-5.63835466933	-1741.05120273	
-5.63954020593	-1741.05120275	
-5.64072433869	-1741.05120277	
-5.64190707094	-1741.05120279	
-5.64308840598	-1741.05120281	
-5.64426834712	-1741.05120283	
-5.64544689764	-1741.05120285	
-5.64662406082	-1741.05120287	
-5.64779983991	-1741.05120289	
-5.64897423816	-1741.05120291	
-5.65014725882	-1741.05120293	
-5.65131890512	-1741.05120295	
-5.65248918027	-1741.05120296	
-5.65365808747	-1741.05120298	
-5.65482562993	-1741.051203	
-5.65599181082	-1741.05120302	
-5.65715663332	-1741.05120304	
-5.65832010058	-1741.05120306	
-5.65948221576	-1741.05120308	
-5.660642982	-1741.0512031	
-5.66180240242	-1741.05120312	
-5.66296048014	-1741.05120314	
-5.66411721826	-1741.05120315	
-5.66527261989	-1741.05120317	
-5.66642668811	-1741.05120319	
-5.66757942599	-1741.05120321	
-5.6687308366	-1741.05120323	
-5.66988092298	-1741.05120325	
-5.67102968818	-1741.05120327	
-5.67217713524	-1741.05120329	
-5.67332326717	-1741.0512033	
-5.67446808699	-1741.05120332	
-5.67561159769	-1741.05120334	
-5.67675380227	-1741.05120336	
-5.6778947037	-1741.05120338	
-5.67903430497	-1741.0512034	
-5.68017260902	-1741.05120342	
-5.6813096188	-1741.05120343	
-5.68244533727	-1741.05120345	
-5.68357976734	-1741.05120347	
-5.68471291194	-1741.05120349	
-5.68584477397	-1741.05120351	
-5.68697535634	-1741.05120353	
-5.68810466194	-1741.05120354	
-5.68923269364	-1741.05120356	
-5.69035945432	-1741.05120358	
-5.69148494685	-1741.0512036	
-5.69260917406	-1741.05120362	
-5.6937321388	-1741.05120363	
-5.69485384391	-1741.05120365	
-5.69597429221	-1741.05120367	
-5.69709348651	-1741.05120369	
-5.69821142961	-1741.05120371	
-5.69932812431	-1741.05120372	
-5.70044357339	-1741.05120374	
-5.70155777963	-1741.05120376	
-5.7026707458	-1741.05120378	
-5.70378247466	-1741.0512038	
-5.70489296894	-1741.05120381	
-5.70600223139	-1741.05120383	
-5.70711026475	-1741.05120385	
-5.70821707172	-1741.05120387	
-5.70932265503	-1741.05120388	
-5.71042701737	-1741.0512039	
-5.71153016145	-1741.05120392	
-5.71263208993	-1741.05120394	
-5.71373280551	-1741.05120395	
-5.71483231084	-1741.05120397	
-5.71593060859	-1741.05120399	
-5.71702770141	-1741.05120401	
-5.71812359193	-1741.05120402	
-5.71921828279	-1741.05120404	
-5.72031177661	-1741.05120406	
-5.72140407601	-1741.05120408	
-5.72249518359	-1741.05120409	
-5.72358510195	-1741.05120411	
-5.72467383369	-1741.05120413	
-5.72576138137	-1741.05120415	
-5.72684774759	-1741.05120416	
-5.72793293489	-1741.05120418	
-5.72901694583	-1741.0512042	
-5.73009978297	-1741.05120421	
-5.73118144884	-1741.05120423	
-5.73226194598	-1741.05120425	
-5.7333412769	-1741.05120427	
-5.73441944412	-1741.05120428	
-5.73549645015	-1741.0512043	
-5.73657229748	-1741.05120432	
-5.73764698861	-1741.05120433	
-5.73872052602	-1741.05120435	
-5.73979291218	-1741.05120437	
-5.74086414956	-1741.05120438	
-5.74193424062	-1741.0512044	
-5.74300318781	-1741.05120442	
-5.74407099357	-1741.05120443	
-5.74513766034	-1741.05120445	
-5.74620319054	-1741.05120447	
-5.7472675866	-1741.05120448	
-5.74833085092	-1741.0512045	
-5.74939298591	-1741.05120452	
-5.75045399397	-1741.05120453	
-5.75151387748	-1741.05120455	
-5.75257263883	-1741.05120457	
-5.75363028038	-1741.05120458	
-5.75468680452	-1741.0512046	
-5.75574221359	-1741.05120462	
-5.75679650994	-1741.05120463	
-5.75784969593	-1741.05120465	
-5.75890177388	-1741.05120467	
-5.75995274612	-1741.05120468	
-5.76100261499	-1741.0512047	
-5.76205138278	-1741.05120472	
-5.76309905181	-1741.05120473	
-5.76414562438	-1741.05120475	
-5.76519110278	-1741.05120476	
-5.7662354893	-1741.05120478	
-5.76727878622	-1741.0512048	
-5.76832099579	-1741.05120481	
-5.7693621203	-1741.05120483	
-5.770402162	-1741.05120485	
-5.77144112313	-1741.05120486	
-5.77247900594	-1741.05120488	
-5.77351581267	-1741.05120489	
-5.77455154554	-1741.05120491	
-5.77558620679	-1741.05120493	
-5.77661979861	-1741.05120494	
-5.77765232322	-1741.05120496	
-5.77868378283	-1741.05120497	
-5.77971417962	-1741.05120499	
-5.78074351579	-1741.05120501	
-5.78177179352	-1741.05120502	
-5.78279901497	-1741.05120504	
-5.78382518233	-1741.05120505	
-5.78485029774	-1741.05120507	
-5.78587436337	-1741.05120508	
-5.78689738137	-1741.0512051	
-5.78791935386	-1741.05120512	
-5.788940283	-1741.05120513	
-5.7899601709	-1741.05120515	
-5.79097901969	-1741.05120516	
-5.79199683148	-1741.05120518	
-5.79301360838	-1741.05120519	
-5.7940293525	-1741.05120521	
-5.79504406593	-1741.05120523	
-5.79605775077	-1741.05120524	
-5.79707040908	-1741.05120526	
-5.79808204295	-1741.05120527	
-5.79909265446	-1741.05120529	
-5.80010224566	-1741.0512053	
-5.80111081862	-1741.05120532	
-5.80211837538	-1741.05120533	
-5.80312491799	-1741.05120535	
-5.80413044849	-1741.05120536	
-5.80513496892	-1741.05120538	
-5.80613848129	-1741.0512054	
-5.80714098764	-1741.05120541	
-5.80814248998	-1741.05120543	
-5.80914299031	-1741.05120544	
