# log_p 	 lnL 	 
0.0	-1780.60606154	
-0.287682072452	-1780.59673376	
-0.510825623766	-1780.58455423	
-0.69314718056	-1780.56980824	
-0.847297860387	-1780.55275805	
-0.980829253012	-1780.53376104	
-1.09861228867	-1780.51321846	
-1.20397280433	-1780.49151637	
-1.29928298413	-1780.46899373	
-1.38629436112	-1780.44593258	
-1.46633706879	-1780.42255987	
-1.54044504095	-1780.3990543	
-1.60943791243	-1780.37555435	
-1.67397643357	-1780.35216591	
-1.73460105539	-1780.32896899	
-1.79175946923	-1780.30602316	
-1.8458266905	-1780.28337205	
-1.89711998489	-1780.26104684	
-1.94591014906	-1780.23906909	
-1.99243016469	-1780.21745289	
-2.03688192726	-1780.1962066	
-2.07944154168	-1780.17533421	
-2.1202635362	-1780.1548363	
-2.15948424935	-1780.13471096	
-2.19722457734	-1780.11495435	
-2.23359222151	-1780.09556122	
-2.26868354132	-1780.07652532	
-2.30258509299	-1780.05783965	
-2.33537491582	-1780.03949672	
-2.36712361413	-1780.02148874	
-2.3978952728	-1780.00380775	
-2.42774823595	-1779.98644571	
-2.45673577282	-1779.9693946	
-2.48490664979	-1779.95264647	
-2.51230562398	-1779.9361935	
-2.53897387106	-1779.92002802	
-2.56494935746	-1779.90414252	
-2.59026716545	-1779.88852972	
-2.61495977804	-1779.87318251	
-2.63905732962	-1779.85809399	
-2.66258782703	-1779.8432575	
-2.68557734525	-1779.82866656	
-2.7080502011	-1779.81431492	
-2.73002910782	-1779.80019653	
-2.75153531304	-1779.78630554	
-2.77258872224	-1779.77263629	
-2.79320800944	-1779.75918333	
-2.81341071676	-1779.74594136	
-2.83321334406	-1779.73290529	
-2.85263142991	-1779.72007019	
-2.87167962488	-1779.70743128	
-2.8903717579	-1779.69498396	
-2.90872089656	-1779.68272377	
-2.92673940207	-1779.67064639	
-2.94443897917	-1779.65874766	
-2.96183072188	-1779.64702352	
-2.97892515524	-1779.63547008	
-2.99573227355	-1779.62408354	
-3.01226157551	-1779.61286023	
-3.02852209638	-1779.60179659	
-3.04452243772	-1779.59088919	
-3.06027079469	-1779.58013466	
-3.07577498123	-1779.56952978	
-3.09104245336	-1779.55907138	
-3.10608033072	-1779.54875643	
-3.12089541651	-1779.53858194	
-3.13549421593	-1779.52854505	
-3.14988295338	-1779.51864294	
-3.16406758837	-1779.50887291	
-3.17805383035	-1779.4992323	
-3.19184715248	-1779.48971855	
-3.20545280454	-1779.48032915	
-3.21887582487	-1779.47106168	
-3.23212105162	-1779.46191376	
-3.24519313319	-1779.45288308	
-3.25809653802	-1779.44396742	
-3.2708355638	-1779.43516457	
-3.28341434601	-1779.42647242	
-3.295836866	-1779.41788889	
-3.3081069586	-1779.40941195	
-3.32022831913	-1779.40103965	
-3.33220451018	-1779.39277005	
-3.34403896782	-1779.38460129	
-3.35573500759	-1779.37653154	
-3.36729582999	-1779.36855902	
-3.37872452581	-1779.36068198	
-3.39002408106	-1779.35289874	
-3.40119738166	-1779.34520764	
-3.41224721785	-1779.33760705	
-3.42317628838	-1779.33009541	
-3.43398720449	-1779.32267117	
-3.4446824936	-1779.31533282	
-3.45526460293	-1779.3080789	
-3.4657359028	-1779.30090796	
-3.47609868984	-1779.2938186	
-3.48635519	-1779.28680945	
-3.49650756147	-1779.27987917	
-3.50655789732	-1779.27302645	
-3.51650822817	-1779.26624999	
-3.52636052462	-1779.25954855	
-3.53611669956	-1779.2529209	
-3.54577861047	-1779.24636584	
-3.55534806149	-1779.2398822	
-3.56482680544	-1779.23346882	
-3.57421654579	-1779.22712458	
-3.58351893846	-1779.22084838	
-3.59273559356	-1779.21463914	
-3.60186807712	-1779.20849581	
-3.61091791264	-1779.20241735	
-3.61988658263	-1779.19640276	
-3.62877553004	-1779.19045104	
-3.63758615973	-1779.18456122	
-3.6463198397	-1779.17873235	
-3.65497790244	-1779.1729635	
-3.66356164613	-1779.16725376	
-3.6720723358	-1779.16160224	
-3.68051120444	-1779.15600805	
-3.68887945411	-1779.15047034	
-3.69717825693	-1779.14498827	
-3.70540875607	-1779.13956101	
-3.7135720667	-1779.13418776	
-3.72166927694	-1779.12886772	
-3.72970144863	-1779.1236001	
-3.73766961828	-1779.11838416	
-3.74557479779	-1779.11321914	
-3.75341797525	-1779.10810431	
-3.76120011569	-1779.10303894	
-3.76892216179	-1779.09802234	
-3.77658503453	-1779.0930538	
-3.78418963392	-1779.08813266	
-3.79173683955	-1779.08325823	
-3.79922751128	-1779.07842987	
-3.80666248977	-1779.07364693	
-3.81404259707	-1779.06890879	
-3.82136863716	-1779.06421481	
-3.82864139649	-1779.05956441	
-3.83586164446	-1779.05495696	
-3.84303013394	-1779.0503919	
-3.85014760171	-1779.04586865	
-3.85721476893	-1779.04138663	
-3.86423234159	-1779.0369453	
-3.87120101091	-1779.0325441	
-3.87812145375	-1779.02818251	
-3.88499433304	-1779.02386	
-3.89182029811	-1779.01957604	
-3.8985999851	-1779.01533013	
-3.90533401728	-1779.01112178	
-3.91202300543	-1779.00695048	
-3.91866754815	-1779.00281576	
-3.92526823218	-1778.99871715	
-3.93182563272	-1778.99465417	
-3.93834031375	-1778.99062637	
-3.94481282825	-1778.9866333	
-3.95124371858	-1778.98267452	
-3.95763351668	-1778.97874958	
-3.96398274436	-1778.97485807	
-3.97029191355	-1778.97099956	
-3.97656152657	-1778.96717364	
-3.98279207632	-1778.9633799	
-3.98898404656	-1778.95961795	
-3.99513791214	-1778.95588737	
-4.00125413916	-1778.9521878	
-4.00733318523	-1778.94851884	
-4.01337549969	-1778.94488013	
-4.01938152375	-1778.94127129	
-4.02535169074	-1778.93769197	
-4.03128642625	-1778.9341418	
-4.03718614838	-1778.93062043	
-4.04305126783	-1778.92712751	
-4.04888218815	-1778.92366272	
-4.05467930583	-1778.9202257	
-4.06044301055	-1778.91681614	
-4.06617368526	-1778.9134337	
-4.07187170637	-1778.91007807	
-4.07753744391	-1778.90674893	
-4.08317126162	-1778.90344598	
-4.08877351717	-1778.9001689	
-4.09434456222	-1778.8969174	
-4.0998847426	-1778.89369119	
-4.10539439841	-1778.89048996	
-4.11087386417	-1778.88731344	
-4.11632346894	-1778.88416134	
-4.12174353641	-1778.88103338	
-4.12713438505	-1778.87792929	
-4.13249632819	-1778.8748488	
-4.13782967416	-1778.87179165	
-4.14313472639	-1778.86875756	
-4.14841178349	-1778.86574629	
-4.15366113938	-1778.86275758	
-4.15888308336	-1778.85979118	
-4.16407790024	-1778.85684684	
-4.1692458704	-1778.85392432	
-4.1743872699	-1778.85102338	
-4.17950237056	-1778.84814378	
-4.18459144007	-1778.84528529	
-4.18965474203	-1778.84244768	
-4.19469253606	-1778.83963072	
-4.19970507788	-1778.8368342	
-4.20469261939	-1778.83405789	
-4.20965540873	-1778.83130157	
-4.21459369037	-1778.82856503	
-4.21950770518	-1778.82584807	
-4.22439769047	-1778.82315046	
-4.22926388012	-1778.82047202	
-4.2341065046	-1778.81781253	
-4.23892579103	-1778.8151718	
-4.2437219633	-1778.81254963	
-4.24849524205	-1778.80994582	
-4.25324584481	-1778.8073602	
-4.257973986	-1778.80479256	
-4.26267987704	-1778.80224272	
-4.26736372635	-1778.7997105	
-4.27202573946	-1778.79719573	
-4.27666611902	-1778.79469821	
-4.28128506487	-1778.79221777	
-4.28588277412	-1778.78975425	
-4.29045944115	-1778.78730746	
-4.29501525768	-1778.78487725	
-4.29955041285	-1778.78246344	
-4.3040650932	-1778.78006587	
-4.30855948279	-1778.77768438	
-4.31303376319	-1778.7753188	
-4.31748811354	-1778.77296899	
-4.3219227106	-1778.77063478	
-4.32633772881	-1778.76831601	
-4.33073334029	-1778.76601255	
-4.33510971489	-1778.76372423	
-4.33946702026	-1778.76145091	
-4.34380542185	-1778.75919245	
-4.348125083	-1778.75694869	
-4.3524261649	-1778.7547195	
-4.35670882669	-1778.75250474	
-4.36097322548	-1778.75030427	
-4.36521951636	-1778.74811794	
-4.36944785247	-1778.74594564	
-4.373658385	-1778.74378721	
-4.37785126326	-1778.74164254	
-4.38202663467	-1778.73951148	
-4.38618464482	-1778.73739392	
-4.39032543749	-1778.73528972	
-4.39444915467	-1778.73319876	
-4.39855593663	-1778.73112091	
-4.40264592188	-1778.72905606	
-4.40671924726	-1778.72700408	
-4.41077604796	-1778.72496485	
-4.4148164575	-1778.72293826	
-4.4188406078	-1778.72092419	
-4.42284862919	-1778.71892252	
-4.42684065046	-1778.71693314	
-4.43081679884	-1778.71495593	
-4.43477720006	-1778.7129908	
-4.43872197835	-1778.71103762	
-4.44265125649	-1778.70909629	
-4.44656515581	-1778.70716671	
-4.45046379623	-1778.70524876	
-4.45434729625	-1778.70334234	
-4.45821577303	-1778.70144735	
-4.46206934235	-1778.69956369	
-4.46590811865	-1778.69769125	
-4.46973221509	-1778.69582995	
-4.47354174351	-1778.69397967	
-4.47733681448	-1778.69214032	
-4.48111753732	-1778.69031181	
-4.48488402011	-1778.68849403	
-4.48863636973	-1778.68668691	
-4.49237469184	-1778.68489034	
-4.49609909093	-1778.68310422	
-4.49980967033	-1778.68132849	
-4.50350653221	-1778.67956303	
-4.50718977763	-1778.67780776	
-4.51085950652	-1778.6760626	
-4.51451581772	-1778.67432746	
-4.518158809	-1778.67260226	
-4.52178857705	-1778.6708869	
-4.52540521752	-1778.6691813	
-4.52900882502	-1778.66748539	
-4.53259949315	-1778.66579908	
-4.5361773145	-1778.66412229	
-4.53974238067	-1778.66245493	
-4.54329478227	-1778.66079694	
-4.54683460898	-1778.65914823	
-4.55036194949	-1778.65750873	
-4.5538768916	-1778.65587835	
-4.55737952215	-1778.65425702	
-4.56086992709	-1778.65264467	
-4.56434819147	-1778.65104123	
-4.56781439944	-1778.64944662	
-4.57126863431	-1778.64786076	
-4.5747109785	-1778.64628359	
-4.5781415136	-1778.64471504	
-4.58156032035	-1778.64315503	
-4.58496747867	-1778.6416035	
-4.58836306767	-1778.64006037	
-4.59174716566	-1778.63852559	
-4.59511985013	-1778.63699907	
-4.59848119784	-1778.63548077	
-4.60183128472	-1778.6339706	
-4.60517018599	-1778.63246851	
-4.60849797608	-1778.63097443	
-4.61181472871	-1778.6294883	
-4.61512051684	-1778.62801005	
-4.61841541274	-1778.62653962	
-4.62169948794	-1778.62507695	
-4.62497281328	-1778.62362199	
-4.62823545892	-1778.62217466	
-4.63148749431	-1778.62073491	
-4.63472898823	-1778.61930268	
-4.63796000881	-1778.61787791	
-4.64118062351	-1778.61646055	
-4.64439089914	-1778.61505053	
-4.64759090187	-1778.61364781	
-4.65078069724	-1778.61225231	
-4.65396035016	-1778.61086399	
-4.65712992492	-1778.6094828	
-4.66028948521	-1778.60810867	
-4.66343909411	-1778.60674156	
-4.66657881412	-1778.60538141	
-4.66970870713	-1778.60402817	
-4.67282883446	-1778.60268179	
-4.67593925688	-1778.6013422	
-4.67904003455	-1778.60000937	
-4.68213122712	-1778.59868325	
-4.68521289366	-1778.59736377	
-4.6882850927	-1778.5960509	
-4.69134788223	-1778.59474458	
-4.69440131972	-1778.59344476	
-4.6974454621	-1778.5921514	
-4.70048036579	-1778.59086445	
-4.70350608671	-1778.58958386	
-4.70652268025	-1778.58830958	
-4.70953020131	-1778.58704157	
-4.71252870431	-1778.58577978	
-4.71551824316	-1778.58452417	
-4.7184988713	-1778.58327468	
-4.72147064168	-1778.58203129	
-4.72443360681	-1778.58079394	
-4.72738781871	-1778.57956258	
-4.73033332894	-1778.57833718	
-4.73327018862	-1778.57711769	
-4.73619844839	-1778.57590407	
-4.7391181585	-1778.57469628	
-4.74202936871	-1778.57349427	
-4.74493212836	-1778.57229801	
-4.74782648639	-1778.57110745	
-4.75071249128	-1778.56992255	
-4.75359019111	-1778.56874328	
-4.75645963353	-1778.56756959	
-4.75932086582	-1778.56640144	
-4.7621739348	-1778.5652388	
-4.76501888693	-1778.56408162	
-4.76785576827	-1778.56292987	
-4.77068462447	-1778.56178351	
-4.77350550081	-1778.5606425	
-4.77631844218	-1778.5595068	
-4.77912349311	-1778.55837638	
-4.78192069773	-1778.5572512	
-4.78471009982	-1778.55613123	
-4.78749174278	-1778.55501643	
-4.79026566966	-1778.55390676	
-4.79303192316	-1778.55280218	
-4.7957905456	-1778.55170267	
-4.79854157897	-1778.55060819	
-4.80128506491	-1778.54951871	
-4.80402104473	-1778.54843418	
-4.80674955939	-1778.54735458	
-4.8094706495	-1778.54627987	
-4.81218435537	-1778.54521002	
-4.81489071697	-1778.544145	
-4.81758977394	-1778.54308477	
-4.82028156561	-1778.54202931	
-4.82296613098	-1778.54097857	
-4.82564350875	-1778.53993254	
-4.8283137373	-1778.53889117	
-4.83097685472	-1778.53785444	
-4.83363289878	-1778.53682231	
-4.83628190695	-1778.53579476	
-4.83892391641	-1778.53477175	
-4.84155896405	-1778.53375326	
-4.84418708646	-1778.53273925	
-4.84680831994	-1778.5317297	
-4.84942270051	-1778.53072458	
-4.85203026392	-1778.52972385	
-4.85463104562	-1778.52872749	
-4.8572250808	-1778.52773547	
-4.85981240436	-1778.52674776	
-4.86239305096	-1778.52576434	
-4.86496705495	-1778.52478517	
-4.86753445046	-1778.52381023	
-4.87009527132	-1778.5228395	
-4.87264955112	-1778.52187293	
-4.8751973232	-1778.52091052	
-4.87773862063	-1778.51995223	
-4.88027347623	-1778.51899803	
-4.88280192259	-1778.5180479	
-4.88532399202	-1778.51710181	
-4.88783971662	-1778.51615974	
-4.89034912822	-1778.51522166	
-4.89285225844	-1778.51428755	
-4.89534913864	-1778.51335737	
-4.89783979995	-1778.51243112	
-4.90032427328	-1778.51150876	
-4.90280258929	-1778.51059026	
-4.90527477844	-1778.50967561	
-4.90774087093	-1778.50876477	
-4.91020089677	-1778.50785774	
-4.91265488574	-1778.50695447	
-4.91510286737	-1778.50605495	
-4.91754487103	-1778.50515916	
-4.91998092583	-1778.50426707	
-4.92241106068	-1778.50337866	
-4.92483530429	-1778.5024939	
-4.92725368516	-1778.50161278	
-4.92966623156	-1778.50073527	
-4.93207297159	-1778.49986135	
-4.93447393313	-1778.498991	
-4.93686914386	-1778.49812419	
-4.93925863125	-1778.49726091	
-4.94164242261	-1778.49640113	
-4.94402054501	-1778.49554484	
-4.94639302537	-1778.494692	
-4.94875989038	-1778.49384261	
-4.95112116656	-1778.49299663	
-4.95347688026	-1778.49215405	
-4.9558270576	-1778.49131485	
-4.95817172456	-1778.49047901	
-4.96051090691	-1778.48964651	
-4.96284463026	-1778.48881732	
-4.96517292002	-1778.48799143	
-4.96749580144	-1778.48716882	
-4.96981329958	-1778.48634947	
-4.97212543933	-1778.48553337	
-4.97443224543	-1778.48472048	
-4.97673374242	-1778.48391079	
-4.97902995468	-1778.48310428	
-4.98132090643	-1778.48230094	
-4.98360662171	-1778.48150075	
-4.98588712441	-1778.48070368	
-4.98816243824	-1778.47990972	
-4.99043258678	-1778.47911886	
-4.99269759341	-1778.47833106	
-4.99495748138	-1778.47754632	
-4.99721227376	-1778.47676462	
-4.9994619935	-1778.47598594	
-5.00170666335	-1778.47521026	
-5.00394630595	-1778.47443757	
-5.00618094375	-1778.47366784	
-5.00841059907	-1778.47290107	
-5.0106352941	-1778.47213723	
-5.01285505083	-1778.4713763	
-5.01506989116	-1778.47061828	
-5.01727983681	-1778.46986314	
-5.01948490937	-1778.46911087	
-5.02168513028	-1778.46836145	
-5.02388052085	-1778.46761487	
-5.02607110223	-1778.4668711	
-5.02825689545	-1778.46613014	
-5.03043792139	-1778.46539196	
-5.03261420082	-1778.46465656	
-5.03478575433	-1778.46392392	
-5.03695260241	-1778.46319401	
-5.03911476542	-1778.46246683	
-5.04127226356	-1778.46174236	
-5.04342511692	-1778.46102059	
-5.04557334546	-1778.46030149	
-5.047716969	-1778.45958507	
-5.04985600725	-1778.45887129	
-5.05199047978	-1778.45816015	
-5.05412040604	-1778.45745163	
-5.05624580535	-1778.45674571	
-5.05836669692	-1778.45604239	
-5.06048309982	-1778.45534165	
-5.06259503303	-1778.45464348	
-5.06470251537	-1778.45394785	
-5.06680556556	-1778.45325476	
-5.06890420222	-1778.45256419	
-5.07099844382	-1778.45187613	
-5.07308830874	-1778.45119057	
-5.07517381523	-1778.45050748	
-5.07725498144	-1778.44982687	
-5.07933182538	-1778.44914871	
-5.08140436498	-1778.44847299	
-5.08347261805	-1778.4477997	
-5.08553660227	-1778.44712883	
-5.08759633523	-1778.44646036	
-5.08965183441	-1778.44579428	
-5.09170311719	-1778.44513058	
-5.09375020081	-1778.44446924	
-5.09579310244	-1778.44381025	
-5.09783183913	-1778.4431536	
-5.09986642782	-1778.44249928	
-5.10189688537	-1778.44184727	
-5.10392322852	-1778.44119756	
-5.1059454739	-1778.44055015	
-5.10796363806	-1778.43990501	
-5.10997773743	-1778.43926214	
-5.11198778836	-1778.43862152	
-5.11399380708	-1778.43798315	
-5.11599580975	-1778.437347	
-5.11799381242	-1778.43671308	
-5.11998783102	-1778.43608136	
-5.12197788143	-1778.43545184	
-5.1239639794	-1778.4348245	
-5.12594614061	-1778.43419934	
-5.12792438062	-1778.43357633	
-5.12989871492	-1778.43295548	
-5.13186915891	-1778.43233677	
-5.13383572788	-1778.43172018	
-5.13579843705	-1778.43110572	
-5.13775730154	-1778.43049336	
-5.13971233637	-1778.4298831	
-5.1416635565	-1778.42927492	
-5.14361097679	-1778.42866881	
-5.145554612	-1778.42806477	
-5.14749447681	-1778.42746279	
-5.14943058584	-1778.42686284	
-5.15136295359	-1778.42626493	
-5.1532915945	-1778.42566905	
-5.15521652291	-1778.42507517	
-5.15713775309	-1778.4244833	
-5.15905529921	-1778.42389341	
-5.1609691754	-1778.42330551	
-5.16287939565	-1778.42271959	
-5.16478597392	-1778.42213562	
-5.16668892407	-1778.42155361	
-5.16858825987	-1778.42097354	
-5.17048399504	-1778.4203954	
-5.17237614319	-1778.41981918	
-5.17426471788	-1778.41924488	
-5.17614973257	-1778.41867248	
-5.17803120067	-1778.41810198	
-5.1799091355	-1778.41753336	
-5.18178355029	-1778.41696662	
-5.18365445823	-1778.41640174	
-5.1855218724	-1778.41583873	
-5.18738580584	-1778.41527756	
-5.18924627149	-1778.41471823	
-5.19110328224	-1778.41416073	
-5.19295685089	-1778.41360505	
-5.19480699018	-1778.41305118	
-5.19665371277	-1778.41249912	
-5.19849703127	-1778.41194885	
-5.20033695819	-1778.41140037	
-5.202173506	-1778.41085367	
-5.20400668708	-1778.41030873	
-5.20583651375	-1778.40976556	
-5.20766299828	-1778.40922413	
-5.20948615284	-1778.40868445	
-5.21130598956	-1778.40814651	
-5.21312252048	-1778.40761029	
-5.21493575761	-1778.40707579	
-5.21674571285	-1778.406543	
-5.21855239808	-1778.40601191	
-5.22035582508	-1778.40548252	
-5.22215600558	-1778.40495481	
-5.22395295126	-1778.40442878	
-5.22574667371	-1778.40390441	
-5.22753718449	-1778.40338171	
-5.22932449506	-1778.40286067	
-5.23110861685	-1778.40234127	
-5.23288956123	-1778.40182351	
-5.23466733947	-1778.40130738	
-5.23644196283	-1778.40079287	
-5.23821344248	-1778.40027997	
-5.23998178954	-1778.39976869	
-5.24174701506	-1778.399259	
-5.24350913005	-1778.39875091	
-5.24526814546	-1778.3982444	
-5.24702407216	-1778.39773947	
-5.24877692099	-1778.39723611	
-5.25052670271	-1778.39673431	
-5.25227342805	-1778.39623407	
-5.25401710765	-1778.39573538	
-5.25575775213	-1778.39523823	
-5.25749537203	-1778.39474262	
-5.25922997784	-1778.39424853	
-5.26096158	-1778.39375596	
-5.2626901889	-1778.3932649	
-5.26441581487	-1778.39277535	
-5.26613846818	-1778.3922873	
-5.26785815906	-1778.39180074	
-5.26957489768	-1778.39131567	
-5.27128869416	-1778.39083208	
-5.27299955856	-1778.39034996	
-5.27470750091	-1778.3898693	
-5.27641253116	-1778.38939011	
-5.27811465923	-1778.38891236	
-5.27981389498	-1778.38843606	
-5.28151024823	-1778.3879612	
-5.28320372874	-1778.38748778	
-5.28489434622	-1778.38701577	
-5.28658211033	-1778.38654519	
-5.28826703069	-1778.38607602	
-5.28994911688	-1778.38560826	
-5.2916283784	-1778.3851419	
-5.29330482472	-1778.38467693	
-5.29497846528	-1778.38421335	
-5.29664930945	-1778.38375116	
-5.29831736655	-1778.38329034	
-5.29998264587	-1778.38283088	
-5.30164515664	-1778.3823728	
-5.30330490806	-1778.38191607	
-5.30496190927	-1778.38146069	
-5.30661616936	-1778.38100665	
-5.3082676974	-1778.38055396	
-5.30991650239	-1778.3801026	
-5.3115625933	-1778.37965256	
-5.31320597904	-1778.37920385	
-5.3148466685	-1778.37875646	
-5.3164846705	-1778.37831037	
-5.31811999384	-1778.37786559	
-5.31975264727	-1778.37742211	
-5.32138263948	-1778.37697992	
-5.32300997914	-1778.37653902	
-5.32463467487	-1778.3760994	
-5.32625673524	-1778.37566106	
-5.32787616879	-1778.37522399	
-5.32949298402	-1778.37478818	
-5.33110718937	-1778.37435363	
-5.33271879327	-1778.37392034	
-5.33432780407	-1778.3734883	
-5.33593423012	-1778.3730575	
-5.3375380797	-1778.37262794	
-5.33913936107	-1778.37219961	
-5.34073808243	-1778.37177251	
-5.34233425196	-1778.37134663	
-5.3439278778	-1778.37092196	
-5.34551896803	-1778.37049851	
-5.34710753072	-1778.37007627	
-5.34869357387	-1778.36965523	
-5.35027710548	-1778.36923538	
-5.35185813348	-1778.36881673	
-5.35343666577	-1778.36839926	
-5.35501271022	-1778.36798297	
-5.35658627467	-1778.36756786	
-5.3581573669	-1778.36715393	
-5.35972599468	-1778.36674115	
-5.36129216571	-1778.36632954	
-5.36285588769	-1778.36591909	
-5.36441716825	-1778.36550978	
-5.36597601502	-1778.36510163	
-5.36753243557	-1778.36469461	
-5.36908643744	-1778.36428874	
-5.37063802813	-1778.36388399	
-5.37218721511	-1778.36348038	
-5.37373400583	-1778.36307788	
-5.37527840768	-1778.36267651	
-5.37682042804	-1778.36227624	
-5.37836007422	-1778.36187709	
-5.37989735354	-1778.36147904	
-5.38143227326	-1778.3610821	
-5.38296484061	-1778.36068624	
-5.38449506279	-1778.36029148	
-5.38602294697	-1778.35989781	
-5.38754850028	-1778.35950521	
-5.38907172982	-1778.3591137	
-5.39059264266	-1778.35872325	
-5.39211124583	-1778.35833388	
-5.39362754635	-1778.35794557	
-5.39514155118	-1778.35755832	
-5.39665326727	-1778.35717212	
-5.39816270152	-1778.35678698	
-5.39966986081	-1778.35640289	
-5.40117475199	-1778.35601983	
-5.40267738187	-1778.35563782	
-5.40417775725	-1778.35525684	
-5.40567588487	-1778.35487688	
-5.40717177146	-1778.35449796	
-5.40866542372	-1778.35412006	
-5.4101568483	-1778.35374317	
-5.41164605186	-1778.3533673	
-5.41313304098	-1778.35299244	
-5.41461782224	-1778.35261858	
-5.4161004022	-1778.35224572	
-5.41758078737	-1778.35187386	
-5.41905898424	-1778.351503	
-5.42053499927	-1778.35113312	
-5.42200883889	-1778.35076423	
-5.4234805095	-1778.35039633	
-5.42495001748	-1778.35002939	
-5.42641736918	-1778.34966344	
-5.4278825709	-1778.34929845	
-5.42934562895	-1778.34893443	
-5.43080654959	-1778.34857137	
-5.43226533906	-1778.34820927	
-5.43372200355	-1778.34784812	
-5.43517654927	-1778.34748793	
-5.43662898235	-1778.34712868	
-5.43807930892	-1778.34677037	
-5.4395275351	-1778.34641301	
-5.44097366695	-1778.34605658	
-5.44241771052	-1778.34570108	
-5.44385967184	-1778.34534651	
-5.4452995569	-1778.34499287	
-5.44673737167	-1778.34464015	
-5.44817312209	-1778.34428834	
-5.44960681409	-1778.34393745	
-5.45103845357	-1778.34358747	
-5.45246804638	-1778.3432384	
-5.45389559837	-1778.34289023	
-5.45532111536	-1778.34254296	
-5.45674460314	-1778.34219659	
-5.45816606749	-1778.34185111	
-5.45958551414	-1778.34150652	
-5.46100294883	-1778.34116282	
-5.46241837723	-1778.34082	
-5.46383180503	-1778.34047806	
-5.46524323786	-1778.34013699	
-5.46665268137	-1778.3397968	
-5.46806014114	-1778.33945748	
-5.46946562274	-1778.33911902	
-5.47086913175	-1778.33878143	
-5.47227067367	-1778.3384447	
-5.47367025403	-1778.33810882	
-5.47506787829	-1778.33777379	
-5.47646355193	-1778.33743962	
-5.47785728038	-1778.33710629	
-5.47924906905	-1778.3367738	
-5.48063892334	-1778.33644216	
-5.48202684862	-1778.33611135	
-5.48341285022	-1778.33578137	
-5.48479693349	-1778.33545223	
-5.48617910372	-1778.33512391	
-5.48755936619	-1778.33479642	
-5.48893772616	-1778.33446975	
-5.49031418887	-1778.3341439	
-5.49168875953	-1778.33381886	
-5.49306144334	-1778.33349463	
-5.49443224547	-1778.33317122	
-5.49580117108	-1778.33284861	
-5.49716822529	-1778.3325268	
-5.49853341322	-1778.33220579	
-5.49989673995	-1778.33188558	
-5.50125821054	-1778.33156616	
-5.50261783006	-1778.33124754	
-5.50397560352	-1778.3309297	
-5.50533153593	-1778.33061265	
-5.50668563228	-1778.33029638	
-5.50803789753	-1778.32998089	
-5.50938833663	-1778.32966617	
-5.5107369545	-1778.32935223	
-5.51208375605	-1778.32903907	
-5.51342874616	-1778.32872666	
-5.51477192971	-1778.32841503	
-5.51611331154	-1778.32810415	
-5.51745289646	-1778.32779404	
-5.51879068931	-1778.32748468	
-5.52012669485	-1778.32717608	
-5.52146091786	-1778.32686823	
-5.5227933631	-1778.32656113	
-5.52412403528	-1778.32625477	
-5.52545293913	-1778.32594915	
-5.52678007934	-1778.32564428	
-5.52810546058	-1778.32534014	
-5.52942908751	-1778.32503674	
-5.53075096477	-1778.32473408	
-5.53207109697	-1778.32443214	
-5.53338948873	-1778.32413093	
-5.53470614461	-1778.32383044	
-5.53602106919	-1778.32353067	
-5.53733426702	-1778.32323163	
-5.53864574262	-1778.3229333	
-5.5399555005	-1778.32263569	
-5.54126354516	-1778.32233878	
-5.54256988107	-1778.32204259	
-5.5438745127	-1778.3217471	
-5.54517744448	-1778.32145232	
-5.54647868084	-1778.32115824	
-5.54777822618	-1778.32086485	
-5.5490760849	-1778.32057217	
-5.55037226136	-1778.32028017	
-5.55166675992	-1778.31998887	
-5.55295958492	-1778.31969826	
-5.55425074069	-1778.31940834	
-5.55554023152	-1778.3191191	
-5.5568280617	-1778.31883054	
-5.55811423551	-1778.31854266	
-5.5593987572	-1778.31825545	
-5.56068163102	-1778.31796893	
-5.56196286117	-1778.31768307	
-5.56324245188	-1778.31739789	
-5.56452040732	-1778.31711337	
-5.56579673168	-1778.31682951	
-5.56707142911	-1778.31654632	
-5.56834450376	-1778.31626379	
-5.56961595975	-1778.31598192	
-5.57088580119	-1778.31570071	
-5.57215403218	-1778.31542015	
-5.57342065679	-1778.31514024	
-5.5746856791	-1778.31486098	
-5.57594910315	-1778.31458236	
-5.57721093297	-1778.31430439	
-5.57847117258	-1778.31402707	
-5.57972982599	-1778.31375038	
-5.58098689718	-1778.31347433	
-5.58224239012	-1778.31319892	
-5.58349630878	-1778.31292414	
-5.5847486571	-1778.31264999	
-5.585999439	-1778.31237647	
-5.5872486584	-1778.31210358	
-5.5884963192	-1778.31183131	
-5.58974242528	-1778.31155967	
-5.59098698051	-1778.31128865	
-5.59222998875	-1778.31101824	
-5.59347145384	-1778.31074845	
-5.5947113796	-1778.31047928	
-5.59594976985	-1778.31021072	
-5.59718662839	-1778.30994276	
-5.598421959	-1778.30967542	
-5.59965576545	-1778.30940868	
-5.60088805149	-1778.30914255	
-5.60211882088	-1778.30887702	
-5.60334807733	-1778.30861208	
-5.60457582457	-1778.30834775	
-5.6058020663	-1778.30808401	
-5.60702680619	-1778.30782087	
-5.60825004793	-1778.30755831	
-5.60947179518	-1778.30729635	
-5.61069205159	-1778.30703498	
-5.61191082078	-1778.30677419	
-5.61312810639	-1778.30651398	
-5.61434391201	-1778.30625436	
-5.61555824124	-1778.30599531	
-5.61677109767	-1778.30573685	
-5.61798248485	-1778.30547896	
-5.61919240636	-1778.30522164	
-5.62040086572	-1778.3049649	
-5.62160786647	-1778.30470873	
-5.62281341212	-1778.30445312	
-5.62401750619	-1778.30419808	
-5.62522015215	-1778.30394361	
-5.6264213535	-1778.3036897	
-5.62762111369	-1778.30343635	
-5.62881943618	-1778.30318356	
-5.63001632442	-1778.30293133	
-5.63121178182	-1778.30267965	
-5.63240581181	-1778.30242852	
-5.6335984178	-1778.30217795	
-5.63478960317	-1778.30192793	
-5.6359793713	-1778.30167845	
-5.63716772557	-1778.30142953	
-5.63835466933	-1778.30118114	
-5.63954020593	-1778.3009333	
-5.64072433869	-1778.300686	
-5.64190707094	-1778.30043924	
-5.64308840598	-1778.30019302	
-5.64426834712	-1778.29994733	
-5.64544689764	-1778.29970218	
-5.64662406082	-1778.29945756	
-5.64779983991	-1778.29921347	
-5.64897423816	-1778.2989699	
-5.65014725882	-1778.29872687	
-5.65131890512	-1778.29848436	
-5.65248918027	-1778.29824237	
-5.65365808747	-1778.29800091	
-5.65482562993	-1778.29775996	
-5.65599181082	-1778.29751954	
-5.65715663332	-1778.29727963	
-5.65832010058	-1778.29704024	
-5.65948221576	-1778.29680136	
-5.660642982	-1778.29656299	
-5.66180240242	-1778.29632513	
-5.66296048014	-1778.29608778	
-5.66411721826	-1778.29585094	
-5.66527261989	-1778.29561461	
-5.66642668811	-1778.29537877	
-5.66757942599	-1778.29514344	
-5.6687308366	-1778.29490861	
-5.66988092298	-1778.29467428	
-5.67102968818	-1778.29444045	
-5.67217713524	-1778.29420711	
-5.67332326717	-1778.29397427	
-5.67446808699	-1778.29374192	
-5.67561159769	-1778.29351006	
-5.67675380227	-1778.29327869	
-5.6778947037	-1778.29304781	
-5.67903430497	-1778.29281741	
-5.68017260902	-1778.2925875	
-5.6813096188	-1778.29235807	
-5.68244533727	-1778.29212913	
-5.68357976734	-1778.29190066	
-5.68471291194	-1778.29167268	
-5.68584477397	-1778.29144517	
-5.68697535634	-1778.29121814	
-5.68810466194	-1778.29099158	
-5.68923269364	-1778.29076549	
-5.69035945432	-1778.29053988	
-5.69148494685	-1778.29031473	
-5.69260917406	-1778.29009006	
-5.6937321388	-1778.28986585	
-5.69485384391	-1778.2896421	
-5.69597429221	-1778.28941883	
-5.69709348651	-1778.28919601	
-5.69821142961	-1778.28897365	
-5.69932812431	-1778.28875176	
-5.70044357339	-1778.28853032	
-5.70155777963	-1778.28830934	
-5.7026707458	-1778.28808882	
-5.70378247466	-1778.28786875	
-5.70489296894	-1778.28764913	
-5.70600223139	-1778.28742996	
-5.70711026475	-1778.28721125	
-5.70821707172	-1778.28699298	
-5.70932265503	-1778.28677516	
-5.71042701737	-1778.28655778	
-5.71153016145	-1778.28634085	
-5.71263208993	-1778.28612437	
-5.71373280551	-1778.28590832	
-5.71483231084	-1778.28569272	
-5.71593060859	-1778.28547755	
-5.71702770141	-1778.28526282	
-5.71812359193	-1778.28504853	
-5.71921828279	-1778.28483467	
-5.72031177661	-1778.28462125	
-5.72140407601	-1778.28440826	
-5.72249518359	-1778.2841957	
-5.72358510195	-1778.28398357	
-5.72467383369	-1778.28377187	
-5.72576138137	-1778.28356059	
-5.72684774759	-1778.28334974	
-5.72793293489	-1778.28313932	
-5.72901694583	-1778.28292932	
-5.73009978297	-1778.28271974	
-5.73118144884	-1778.28251058	
-5.73226194598	-1778.28230185	
-5.7333412769	-1778.28209353	
-5.73441944412	-1778.28188562	
-5.73549645015	-1778.28167814	
-5.73657229748	-1778.28147106	
-5.73764698861	-1778.2812644	
-5.73872052602	-1778.28105816	
-5.73979291218	-1778.28085232	
-5.74086414956	-1778.28064689	
-5.74193424062	-1778.28044188	
-5.74300318781	-1778.28023726	
-5.74407099357	-1778.28003306	
-5.74513766034	-1778.27982926	
-5.74620319054	-1778.27962586	
-5.7472675866	-1778.27942287	
-5.74833085092	-1778.27922027	
-5.74939298591	-1778.27901808	
-5.75045399397	-1778.27881628	
-5.75151387748	-1778.27861489	
-5.75257263883	-1778.27841388	
-5.75363028038	-1778.27821328	
-5.75468680452	-1778.27801307	
-5.75574221359	-1778.27781325	
-5.75679650994	-1778.27761382	
-5.75784969593	-1778.27741478	
-5.75890177388	-1778.27721614	
-5.75995274612	-1778.27701788	
-5.76100261499	-1778.27682001	
-5.76205138278	-1778.27662252	
-5.76309905181	-1778.27642542	
-5.76414562438	-1778.27622871	
-5.76519110278	-1778.27603237	
-5.7662354893	-1778.27583642	
-5.76727878622	-1778.27564085	
-5.76832099579	-1778.27544565	
-5.7693621203	-1778.27525084	
-5.770402162	-1778.2750564	
-5.77144112313	-1778.27486234	
-5.77247900594	-1778.27466866	
-5.77351581267	-1778.27447534	
-5.77455154554	-1778.2742824	
-5.77558620679	-1778.27408984	
-5.77661979861	-1778.27389764	
-5.77765232322	-1778.27370581	
-5.77868378283	-1778.27351435	
-5.77971417962	-1778.27332326	
-5.78074351579	-1778.27313254	
-5.78177179352	-1778.27294218	
-5.78279901497	-1778.27275218	
-5.78382518233	-1778.27256255	
-5.78485029774	-1778.27237328	
-5.78587436337	-1778.27218437	
-5.78689738137	-1778.27199582	
-5.78791935386	-1778.27180763	
-5.788940283	-1778.2716198	
-5.7899601709	-1778.27143233	
-5.79097901969	-1778.27124521	
-5.79199683148	-1778.27105845	
-5.79301360838	-1778.27087204	
-5.7940293525	-1778.27068598	
-5.79504406593	-1778.27050028	
-5.79605775077	-1778.27031492	
-5.79707040908	-1778.27012992	
-5.79808204295	-1778.26994527	
-5.79909265446	-1778.26976096	
-5.80010224566	-1778.269577	
-5.80111081862	-1778.26939339	
-5.80211837538	-1778.26921012	
-5.80312491799	-1778.2690272	
-5.80413044849	-1778.26884462	
-5.80513496892	-1778.26866238	
-5.80613848129	-1778.26848048	
-5.80714098764	-1778.26829893	
-5.80814248998	-1778.26811771	
-5.80914299031	-1778.26793683	
