# log_p 	 lnL 	 
0.0	-1741.07064989	
-0.287682072452	-1741.14001487	
-0.510825623766	-1741.20762556	
-0.69314718056	-1741.27665986	
-0.847297860387	-1741.33946281	
-0.980829253012	-1741.39217283	
-1.09861228867	-1741.43439604	
-1.20397280433	-1741.46736979	
-1.29928298413	-1741.49280154	
-1.38629436112	-1741.51233277	
-1.46633706879	-1741.52734886	
-1.54044504095	-1741.53894775	
-1.60943791243	-1741.54797016	
-1.67397643357	-1741.55504706	
-1.73460105539	-1741.56064617	
-1.79175946923	-1741.56511142	
-1.8458266905	-1741.56869449	
-1.89711998489	-1741.57157891	
-1.94591014906	-1741.57389836	
-1.99243016469	-1741.57575034	
-2.03688192726	-1741.57720623	
-2.07944154168	-1741.57831874	
-2.1202635362	-1741.57912737	
-2.15948424935	-1741.57966236	
-2.19722457734	-1741.57994756	
-2.23359222151	-1741.58000247	
-2.26868354132	-1741.57984368	
-2.30258509299	-1741.57948587	
-2.33537491582	-1741.57894252	
-2.36712361413	-1741.57822632	
-2.3978952728	-1741.57734948	
-2.42774823595	-1741.57632386	
-2.45673577282	-1741.57516112	
-2.48490664979	-1741.57387266	
-2.51230562398	-1741.57246971	
-2.53897387106	-1741.57096321	
-2.56494935746	-1741.56936386	
-2.59026716545	-1741.56768202	
-2.61495977804	-1741.56592771	
-2.63905732962	-1741.56411055	
-2.66258782703	-1741.56223972	
-2.68557734525	-1741.56032399	
-2.7080502011	-1741.55837163	
-2.73002910782	-1741.55639046	
-2.75153531304	-1741.5543878	
-2.77258872224	-1741.55237051	
-2.79320800944	-1741.55034493	
-2.81341071676	-1741.54831699	
-2.83321334406	-1741.54629212	
-2.85263142991	-1741.54427531	
-2.87167962488	-1741.54227115	
-2.8903717579	-1741.5402838	
-2.90872089656	-1741.53831704	
-2.92673940207	-1741.53637429	
-2.94443897917	-1741.5344586	
-2.96183072188	-1741.53257271	
-2.97892515524	-1741.53071906	
-2.99573227355	-1741.52889979	
-3.01226157551	-1741.52711678	
-3.02852209638	-1741.52537167	
-3.04452243772	-1741.52366587	
-3.06027079469	-1741.52200057	
-3.07577498123	-1741.52037677	
-3.09104245336	-1741.5187953	
-3.10608033072	-1741.51725682	
-3.12089541651	-1741.51576186	
-3.13549421593	-1741.51431077	
-3.14988295338	-1741.51290383	
-3.16406758837	-1741.51154118	
-3.17805383035	-1741.51022287	
-3.19184715248	-1741.50894885	
-3.20545280454	-1741.50771899	
-3.21887582487	-1741.50653311	
-3.23212105162	-1741.50539094	
-3.24519313319	-1741.50429216	
-3.25809653802	-1741.5032364	
-3.2708355638	-1741.50222326	
-3.28341434601	-1741.50125227	
-3.295836866	-1741.50032297	
-3.3081069586	-1741.49943483	
-3.32022831913	-1741.49858732	
-3.33220451018	-1741.49777988	
-3.34403896782	-1741.49701193	
-3.35573500759	-1741.4962829	
-3.36729582999	-1741.49559218	
-3.37872452581	-1741.49493916	
-3.39002408106	-1741.49432324	
-3.40119738166	-1741.49374379	
-3.41224721785	-1741.49320019	
-3.42317628838	-1741.49269184	
-3.43398720449	-1741.4922181	
-3.4446824936	-1741.49177837	
-3.45526460293	-1741.49137203	
-3.4657359028	-1741.49099849	
-3.47609868984	-1741.49065713	
-3.48635519	-1741.49034736	
-3.49650756147	-1741.4900686	
-3.50655789732	-1741.48982027	
-3.51650822817	-1741.48960179	
-3.52636052462	-1741.48941261	
-3.53611669956	-1741.48925217	
-3.54577861047	-1741.48911992	
-3.55534806149	-1741.48901533	
-3.56482680544	-1741.48893788	
-3.57421654579	-1741.48888705	
-3.58351893846	-1741.48886233	
-3.59273559356	-1741.48886323	
-3.60186807712	-1741.48888926	
-3.61091791264	-1741.48893995	
-3.61988658263	-1741.48901483	
-3.62877553004	-1741.48911344	
-3.63758615973	-1741.48923534	
-3.6463198397	-1741.48938009	
-3.65497790244	-1741.48954727	
-3.66356164613	-1741.48973644	
-3.6720723358	-1741.48994722	
-3.68051120444	-1741.49017919	
-3.68887945411	-1741.49043197	
-3.69717825693	-1741.49070517	
-3.70540875607	-1741.49099842	
-3.7135720667	-1741.49131135	
-3.72166927694	-1741.49164361	
-3.72970144863	-1741.49199485	
-3.73766961828	-1741.49236472	
-3.74557479779	-1741.4927529	
-3.75341797525	-1741.49315906	
-3.76120011569	-1741.49358288	
-3.76892216179	-1741.49402405	
-3.77658503453	-1741.49448226	
-3.78418963392	-1741.49495722	
-3.79173683955	-1741.49544863	
-3.79922751128	-1741.49595622	
-3.80666248977	-1741.4964797	
-3.81404259707	-1741.4970188	
-3.82136863716	-1741.49757326	
-3.82864139649	-1741.49814281	
-3.83586164446	-1741.4987272	
-3.84303013394	-1741.49932619	
-3.85014760171	-1741.49993952	
-3.85721476893	-1741.50056697	
-3.86423234159	-1741.50120829	
-3.87120101091	-1741.50186326	
-3.87812145375	-1741.50253165	
-3.88499433304	-1741.50321326	
-3.89182029811	-1741.50390785	
-3.8985999851	-1741.50461522	
-3.90533401728	-1741.50533518	
-3.91202300543	-1741.5060675	
-3.91866754815	-1741.50681201	
-3.92526823218	-1741.50756849	
-3.93182563272	-1741.50833678	
-3.93834031375	-1741.50911667	
-3.94481282825	-1741.50990799	
-3.95124371858	-1741.51071055	
-3.95763351668	-1741.51152419	
-3.96398274436	-1741.51234873	
-3.97029191355	-1741.513184	
-3.97656152657	-1741.51402983	
-3.98279207632	-1741.51488608	
-3.98898404656	-1741.51575256	
-3.99513791214	-1741.51662914	
-4.00125413916	-1741.51751565	
-4.00733318523	-1741.51841194	
-4.01337549969	-1741.51931787	
-4.01938152375	-1741.5202333	
-4.02535169074	-1741.52115807	
-4.03128642625	-1741.52209204	
-4.03718614838	-1741.52303509	
-4.04305126783	-1741.52398707	
-4.04888218815	-1741.52494786	
-4.05467930583	-1741.52591731	
-4.06044301055	-1741.5268953	
-4.06617368526	-1741.52788171	
-4.07187170637	-1741.52887641	
-4.07753744391	-1741.52987928	
-4.08317126162	-1741.5308902	
-4.08877351717	-1741.53190904	
-4.09434456222	-1741.5329357	
-4.0998847426	-1741.53397005	
-4.10539439841	-1741.53501199	
-4.11087386417	-1741.53606141	
-4.11632346894	-1741.53711819	
-4.12174353641	-1741.53818222	
-4.12713438505	-1741.53925341	
-4.13249632819	-1741.54033164	
-4.13782967416	-1741.54141682	
-4.14313472639	-1741.54250884	
-4.14841178349	-1741.5436076	
-4.15366113938	-1741.54471301	
-4.15888308336	-1741.54582496	
-4.16407790024	-1741.54694337	
-4.1692458704	-1741.54806813	
-4.1743872699	-1741.54919917	
-4.17950237056	-1741.55033637	
-4.18459144007	-1741.55147966	
-4.18965474203	-1741.55262895	
-4.19469253606	-1741.55378415	
-4.19970507788	-1741.55494517	
-4.20469261939	-1741.55611192	
-4.20965540873	-1741.55728433	
-4.21459369037	-1741.55846231	
-4.21950770518	-1741.55964578	
-4.22439769047	-1741.56083466	
-4.22926388012	-1741.56202888	
-4.2341065046	-1741.56322834	
-4.23892579103	-1741.56443298	
-4.2437219633	-1741.56564271	
-4.24849524205	-1741.56685747	
-4.25324584481	-1741.56807718	
-4.257973986	-1741.56930177	
-4.26267987704	-1741.57053116	
-4.26736372635	-1741.57176528	
-4.27202573946	-1741.57300407	
-4.27666611902	-1741.57424745	
-4.28128506487	-1741.57549536	
-4.28588277412	-1741.57674773	
-4.29045944115	-1741.57800448	
-4.29501525768	-1741.57926556	
-4.29955041285	-1741.5805309	
-4.3040650932	-1741.58180044	
-4.30855948279	-1741.58307411	
-4.31303376319	-1741.58435185	
-4.31748811354	-1741.5856336	
-4.3219227106	-1741.5869193	
-4.32633772881	-1741.58820889	
-4.33073334029	-1741.5895023	
-4.33510971489	-1741.59079949	
-4.33946702026	-1741.59210038	
-4.34380542185	-1741.59340493	
-4.348125083	-1741.59471308	
-4.3524261649	-1741.59602476	
-4.35670882669	-1741.59733994	
-4.36097322548	-1741.59865855	
-4.36521951636	-1741.59998053	
-4.36944785247	-1741.60130584	
-4.373658385	-1741.60263443	
-4.37785126326	-1741.60396623	
-4.38202663467	-1741.6053012	
-4.38618464482	-1741.6066393	
-4.39032543749	-1741.60798046	
-4.39444915467	-1741.60932464	
-4.39855593663	-1741.61067179	
-4.40264592188	-1741.61202186	
-4.40671924726	-1741.61337481	
-4.41077604796	-1741.61473058	
-4.4148164575	-1741.61608914	
-4.4188406078	-1741.61745043	
-4.42284862919	-1741.61881441	
-4.42684065046	-1741.62018103	
-4.43081679884	-1741.62155025	
-4.43477720006	-1741.62292203	
-4.43872197835	-1741.62429633	
-4.44265125649	-1741.62567309	
-4.44656515581	-1741.62705228	
-4.45046379623	-1741.62843385	
-4.45434729625	-1741.62981777	
-4.45821577303	-1741.631204	
-4.46206934235	-1741.63259248	
-4.46590811865	-1741.63398319	
-4.46973221509	-1741.63537608	
-4.47354174351	-1741.63677112	
-4.47733681448	-1741.63816827	
-4.48111753732	-1741.63956748	
-4.48488402011	-1741.64096872	
-4.48863636973	-1741.64237195	
-4.49237469184	-1741.64377714	
-4.49609909093	-1741.64518425	
-4.49980967033	-1741.64659325	
-4.50350653221	-1741.64800409	
-4.50718977763	-1741.64941674	
-4.51085950652	-1741.65083118	
-4.51451581772	-1741.65224735	
-4.518158809	-1741.65366524	
-4.52178857705	-1741.65508481	
-4.52540521752	-1741.65650601	
-4.52900882502	-1741.65792883	
-4.53259949315	-1741.65935323	
-4.5361773145	-1741.66077917	
-4.53974238067	-1741.66220662	
-4.54329478227	-1741.66363556	
-4.54683460898	-1741.66506595	
-4.55036194949	-1741.66649776	
-4.5538768916	-1741.66793097	
-4.55737952215	-1741.66936553	
-4.56086992709	-1741.67080143	
-4.56434819147	-1741.67223863	
-4.56781439944	-1741.6736771	
-4.57126863431	-1741.67511682	
-4.5747109785	-1741.67655775	
-4.5781415136	-1741.67799987	
-4.58156032035	-1741.67944316	
-4.58496747867	-1741.68088757	
-4.58836306767	-1741.6823331	
-4.59174716566	-1741.6837797	
-4.59511985013	-1741.68522736	
-4.59848119784	-1741.68667604	
-4.60183128472	-1741.68812573	
-4.60517018599	-1741.68957639	
-4.60849797608	-1741.69102801	
-4.61181472871	-1741.69248055	
-4.61512051684	-1741.69393399	
-4.61841541274	-1741.69538831	
-4.62169948794	-1741.69684348	
-4.62497281328	-1741.69829948	
-4.62823545892	-1741.69975629	
-4.63148749431	-1741.70121388	
-4.63472898823	-1741.70267223	
-4.63796000881	-1741.70413132	
-4.64118062351	-1741.70559112	
-4.64439089914	-1741.70705161	
-4.64759090187	-1741.70851277	
-4.65078069724	-1741.70997458	
-4.65396035016	-1741.71143702	
-4.65712992492	-1741.71290006	
-4.66028948521	-1741.71436369	
-4.66343909411	-1741.71582788	
-4.66657881412	-1741.71729261	
-4.66970870713	-1741.71875787	
-4.67282883446	-1741.72022363	
-4.67593925688	-1741.72168987	
-4.67904003455	-1741.72315658	
-4.68213122712	-1741.72462372	
-4.68521289366	-1741.7260913	
-4.6882850927	-1741.72755928	
-4.69134788223	-1741.72902765	
-4.69440131972	-1741.73049638	
-4.6974454621	-1741.73196547	
-4.70048036579	-1741.73343488	
-4.70350608671	-1741.73490462	
-4.70652268025	-1741.73637465	
-4.70953020131	-1741.73784495	
-4.71252870431	-1741.73931552	
-4.71551824316	-1741.74078634	
-4.7184988713	-1741.74225738	
-4.72147064168	-1741.74372863	
-4.72443360681	-1741.74520008	
-4.72738781871	-1741.7466717	
-4.73033332894	-1741.74814349	
-4.73327018862	-1741.74961542	
-4.73619844839	-1741.75108748	
-4.7391181585	-1741.75255966	
-4.74202936871	-1741.75403193	
-4.74493212836	-1741.75550429	
-4.74782648639	-1741.75697672	
-4.75071249128	-1741.75844921	
-4.75359019111	-1741.75992173	
-4.75645963353	-1741.76139428	
-4.75932086582	-1741.76286683	
-4.7621739348	-1741.76433938	
-4.76501888693	-1741.76581192	
-4.76785576827	-1741.76728442	
-4.77068462447	-1741.76875688	
-4.77350550081	-1741.77022928	
-4.77631844218	-1741.7717016	
-4.77912349311	-1741.77317384	
-4.78192069773	-1741.77464598	
-4.78471009982	-1741.77611801	
-4.78749174278	-1741.77758991	
-4.79026566966	-1741.77906168	
-4.79303192316	-1741.78053329	
-4.7957905456	-1741.78200474	
-4.79854157897	-1741.78347602	
-4.80128506491	-1741.78494711	
-4.80402104473	-1741.786418	
-4.80674955939	-1741.78788869	
-4.8094706495	-1741.78935914	
-4.81218435537	-1741.79082937	
-4.81489071697	-1741.79229935	
-4.81758977394	-1741.79376907	
-4.82028156561	-1741.79523853	
-4.82296613098	-1741.79670771	
-4.82564350875	-1741.79817659	
-4.8283137373	-1741.79964518	
-4.83097685472	-1741.80111346	
-4.83363289878	-1741.80258141	
-4.83628190695	-1741.80404904	
-4.83892391641	-1741.80551632	
-4.84155896405	-1741.80698325	
-4.84418708646	-1741.80844981	
-4.84680831994	-1741.80991601	
-4.84942270051	-1741.81138182	
-4.85203026392	-1741.81284724	
-4.85463104562	-1741.81431226	
-4.8572250808	-1741.81577687	
-4.85981240436	-1741.81724106	
-4.86239305096	-1741.81870482	
-4.86496705495	-1741.82016814	
-4.86753445046	-1741.82163102	
-4.87009527132	-1741.82309344	
-4.87264955112	-1741.82455539	
-4.8751973232	-1741.82601687	
-4.87773862063	-1741.82747787	
-4.88027347623	-1741.82893838	
-4.88280192259	-1741.83039839	
-4.88532399202	-1741.83185789	
-4.88783971662	-1741.83331687	
-4.89034912822	-1741.83477534	
-4.89285225844	-1741.83623327	
-4.89534913864	-1741.83769066	
-4.89783979995	-1741.83914751	
-4.90032427328	-1741.8406038	
-4.90280258929	-1741.84205952	
-4.90527477844	-1741.84351468	
-4.90774087093	-1741.84496926	
-4.91020089677	-1741.84642326	
-4.91265488574	-1741.84787666	
-4.91510286737	-1741.84932947	
-4.91754487103	-1741.85078167	
-4.91998092583	-1741.85223325	
-4.92241106068	-1741.85368422	
-4.92483530429	-1741.85513456	
-4.92725368516	-1741.85658427	
-4.92966623156	-1741.85803333	
-4.93207297159	-1741.85948175	
-4.93447393313	-1741.86092952	
-4.93686914386	-1741.86237663	
-4.93925863125	-1741.86382307	
-4.94164242261	-1741.86526884	
-4.94402054501	-1741.86671393	
-4.94639302537	-1741.86815834	
-4.94875989038	-1741.86960206	
-4.95112116656	-1741.87104508	
-4.95347688026	-1741.8724874	
-4.9558270576	-1741.87392901	
-4.95817172456	-1741.87536991	
-4.96051090691	-1741.87681009	
-4.96284463026	-1741.87824955	
-4.96517292002	-1741.87968828	
-4.96749580144	-1741.88112627	
-4.96981329958	-1741.88256352	
-4.97212543933	-1741.88400002	
-4.97443224543	-1741.88543578	
-4.97673374242	-1741.88687077	
-4.97902995468	-1741.88830501	
-4.98132090643	-1741.88973848	
-4.98360662171	-1741.89117118	
-4.98588712441	-1741.8926031	
-4.98816243824	-1741.89403424	
-4.99043258678	-1741.8954646	
-4.99269759341	-1741.89689417	
-4.99495748138	-1741.89832294	
-4.99721227376	-1741.89975091	
-4.9994619935	-1741.90117808	
-5.00170666335	-1741.90260444	
-5.00394630595	-1741.90402998	
-5.00618094375	-1741.90545471	
-5.00841059907	-1741.90687862	
-5.0106352941	-1741.9083017	
-5.01285505083	-1741.90972396	
-5.01506989116	-1741.91114538	
-5.01727983681	-1741.91256596	
-5.01948490937	-1741.9139857	
-5.02168513028	-1741.91540459	
-5.02388052085	-1741.91682264	
-5.02607110223	-1741.91823983	
-5.02825689545	-1741.91965617	
-5.03043792139	-1741.92107164	
-5.03261420082	-1741.92248625	
-5.03478575433	-1741.92389999	
-5.03695260241	-1741.92531286	
-5.03911476542	-1741.92672486	
-5.04127226356	-1741.92813597	
-5.04342511692	-1741.92954621	
-5.04557334546	-1741.93095556	
-5.047716969	-1741.93236402	
-5.04985600725	-1741.93377159	
-5.05199047978	-1741.93517826	
-5.05412040604	-1741.93658404	
-5.05624580535	-1741.93798891	
-5.05836669692	-1741.93939288	
-5.06048309982	-1741.94079595	
-5.06259503303	-1741.9421981	
-5.06470251537	-1741.94359934	
-5.06680556556	-1741.94499966	
-5.06890420222	-1741.94639907	
-5.07099844382	-1741.94779755	
-5.07308830874	-1741.94919511	
-5.07517381523	-1741.95059174	
-5.07725498144	-1741.95198744	
-5.07933182538	-1741.95338221	
-5.08140436498	-1741.95477604	
-5.08347261805	-1741.95616894	
-5.08553660227	-1741.95756089	
-5.08759633523	-1741.95895191	
-5.08965183441	-1741.96034197	
-5.09170311719	-1741.96173109	
-5.09375020081	-1741.96311926	
-5.09579310244	-1741.96450648	
-5.09783183913	-1741.96589274	
-5.09986642782	-1741.96727805	
-5.10189688537	-1741.9686624	
-5.10392322852	-1741.97004578	
-5.1059454739	-1741.97142821	
-5.10796363806	-1741.97280967	
-5.10997773743	-1741.97419016	
-5.11198778836	-1741.97556968	
-5.11399380708	-1741.97694823	
-5.11599580975	-1741.9783258	
-5.11799381242	-1741.9797024	
-5.11998783102	-1741.98107803	
-5.12197788143	-1741.98245267	
-5.1239639794	-1741.98382634	
-5.12594614061	-1741.98519902	
-5.12792438062	-1741.98657071	
-5.12989871492	-1741.98794142	
-5.13186915891	-1741.98931115	
-5.13383572788	-1741.99067988	
-5.13579843705	-1741.99204762	
-5.13775730154	-1741.99341437	
-5.13971233637	-1741.99478012	
-5.1416635565	-1741.99614488	
-5.14361097679	-1741.99750864	
-5.145554612	-1741.99887141	
-5.14749447681	-1742.00023317	
-5.14943058584	-1742.00159393	
-5.15136295359	-1742.00295368	
-5.1532915945	-1742.00431244	
-5.15521652291	-1742.00567018	
-5.15713775309	-1742.00702692	
-5.15905529921	-1742.00838265	
-5.1609691754	-1742.00973737	
-5.16287939565	-1742.01109108	
-5.16478597392	-1742.01244378	
-5.16668892407	-1742.01379546	
-5.16858825987	-1742.01514613	
-5.17048399504	-1742.01649579	
-5.17237614319	-1742.01784442	
-5.17426471788	-1742.01919204	
-5.17614973257	-1742.02053864	
-5.17803120067	-1742.02188422	
-5.1799091355	-1742.02322878	
-5.18178355029	-1742.02457232	
-5.18365445823	-1742.02591483	
-5.1855218724	-1742.02725632	
-5.18738580584	-1742.02859679	
-5.18924627149	-1742.02993623	
-5.19110328224	-1742.03127464	
-5.19295685089	-1742.03261202	
-5.19480699018	-1742.03394838	
-5.19665371277	-1742.03528371	
-5.19849703127	-1742.03661801	
-5.20033695819	-1742.03795128	
-5.202173506	-1742.03928351	
-5.20400668708	-1742.04061472	
-5.20583651375	-1742.04194489	
-5.20766299828	-1742.04327402	
-5.20948615284	-1742.04460213	
-5.21130598956	-1742.0459292	
-5.21312252048	-1742.04725523	
-5.21493575761	-1742.04858023	
-5.21674571285	-1742.04990419	
-5.21855239808	-1742.05122711	
-5.22035582508	-1742.052549	
-5.22215600558	-1742.05386985	
-5.22395295126	-1742.05518966	
-5.22574667371	-1742.05650843	
-5.22753718449	-1742.05782616	
-5.22932449506	-1742.05914285	
-5.23110861685	-1742.0604585	
-5.23288956123	-1742.06177311	
-5.23466733947	-1742.06308668	
-5.23644196283	-1742.06439921	
-5.23821344248	-1742.06571069	
-5.23998178954	-1742.06702114	
-5.24174701506	-1742.06833054	
-5.24350913005	-1742.06963889	
-5.24526814546	-1742.07094621	
-5.24702407216	-1742.07225248	
-5.24877692099	-1742.0735577	
-5.25052670271	-1742.07486189	
-5.25227342805	-1742.07616502	
-5.25401710765	-1742.07746712	
-5.25575775213	-1742.07876817	
-5.25749537203	-1742.08006817	
-5.25922997784	-1742.08136713	
-5.26096158	-1742.08266504	
-5.2626901889	-1742.08396191	
-5.26441581487	-1742.08525774	
-5.26613846818	-1742.08655251	
-5.26785815906	-1742.08784625	
-5.26957489768	-1742.08913893	
-5.27128869416	-1742.09043057	
-5.27299955856	-1742.09172117	
-5.27470750091	-1742.09301072	
-5.27641253116	-1742.09429922	
-5.27811465923	-1742.09558668	
-5.27981389498	-1742.09687309	
-5.28151024823	-1742.09815846	
-5.28320372874	-1742.09944278	
-5.28489434622	-1742.10072605	
-5.28658211033	-1742.10200828	
-5.28826703069	-1742.10328947	
-5.28994911688	-1742.1045696	
-5.2916283784	-1742.1058487	
-5.29330482472	-1742.10712674	
-5.29497846528	-1742.10840374	
-5.29664930945	-1742.1096797	
-5.29831736655	-1742.11095461	
-5.29998264587	-1742.11222848	
-5.30164515664	-1742.1135013	
-5.30330490806	-1742.11477308	
-5.30496190927	-1742.11604381	
-5.30661616936	-1742.1173135	
-5.3082676974	-1742.11858215	
-5.30991650239	-1742.11984975	
-5.3115625933	-1742.12111631	
-5.31320597904	-1742.12238183	
-5.3148466685	-1742.1236463	
-5.3164846705	-1742.12490973	
-5.31811999384	-1742.12617212	
-5.31975264727	-1742.12743346	
-5.32138263948	-1742.12869377	
-5.32300997914	-1742.12995303	
-5.32463467487	-1742.13121125	
-5.32625673524	-1742.13246843	
-5.32787616879	-1742.13372457	
-5.32949298402	-1742.13497967	
-5.33110718937	-1742.13623373	
-5.33271879327	-1742.13748675	
-5.33432780407	-1742.13873873	
-5.33593423012	-1742.13998968	
-5.3375380797	-1742.14123958	
-5.33913936107	-1742.14248845	
-5.34073808243	-1742.14373627	
-5.34233425196	-1742.14498307	
-5.3439278778	-1742.14622882	
-5.34551896803	-1742.14747354	
-5.34710753072	-1742.14871722	
-5.34869357387	-1742.14995987	
-5.35027710548	-1742.15120148	
-5.35185813348	-1742.15244206	
-5.35343666577	-1742.15368161	
-5.35501271022	-1742.15492012	
-5.35658627467	-1742.1561576	
-5.3581573669	-1742.15739404	
-5.35972599468	-1742.15862946	
-5.36129216571	-1742.15986384	
-5.36285588769	-1742.16109719	
-5.36441716825	-1742.16232951	
-5.36597601502	-1742.1635608	
-5.36753243557	-1742.16479106	
-5.36908643744	-1742.1660203	
-5.37063802813	-1742.1672485	
-5.37218721511	-1742.16847568	
-5.37373400583	-1742.16970183	
-5.37527840768	-1742.17092695	
-5.37682042804	-1742.17215105	
-5.37836007422	-1742.17337412	
-5.37989735354	-1742.17459617	
-5.38143227326	-1742.17581719	
-5.38296484061	-1742.17703719	
-5.38449506279	-1742.17825616	
-5.38602294697	-1742.17947412	
-5.38754850028	-1742.18069105	
-5.38907172982	-1742.18190696	
-5.39059264266	-1742.18312185	
-5.39211124583	-1742.18433572	
-5.39362754635	-1742.18554857	
-5.39514155118	-1742.18676041	
-5.39665326727	-1742.18797122	
-5.39816270152	-1742.18918102	
-5.39966986081	-1742.1903898	
-5.40117475199	-1742.19159757	
-5.40267738187	-1742.19280432	
-5.40417775725	-1742.19401006	
-5.40567588487	-1742.19521478	
-5.40717177146	-1742.19641849	
-5.40866542372	-1742.19762119	
-5.4101568483	-1742.19882287	
-5.41164605186	-1742.20002355	
-5.41313304098	-1742.20122321	
-5.41461782224	-1742.20242187	
-5.4161004022	-1742.20361951	
-5.41758078737	-1742.20481615	
-5.41905898424	-1742.20601178	
-5.42053499927	-1742.20720641	
-5.42200883889	-1742.20840003	
-5.4234805095	-1742.20959264	
-5.42495001748	-1742.21078425	
-5.42641736918	-1742.21197486	
-5.4278825709	-1742.21316446	
-5.42934562895	-1742.21435306	
-5.43080654959	-1742.21554066	
-5.43226533906	-1742.21672726	
-5.43372200355	-1742.21791286	
-5.43517654927	-1742.21909747	
-5.43662898235	-1742.22028107	
-5.43807930892	-1742.22146368	
-5.4395275351	-1742.22264529	
-5.44097366695	-1742.2238259	
-5.44241771052	-1742.22500552	
-5.44385967184	-1742.22618415	
-5.4452995569	-1742.22736178	
-5.44673737167	-1742.22853842	
-5.44817312209	-1742.22971407	
-5.44960681409	-1742.23088873	
-5.45103845357	-1742.23206239	
-5.45246804638	-1742.23323507	
-5.45389559837	-1742.23440676	
-5.45532111536	-1742.23557747	
-5.45674460314	-1742.23674718	
-5.45816606749	-1742.23791591	
-5.45958551414	-1742.23908366	
-5.46100294883	-1742.24025042	
-5.46241837723	-1742.2414162	
-5.46383180503	-1742.242581	
-5.46524323786	-1742.24374481	
-5.46665268137	-1742.24490765	
-5.46806014114	-1742.2460695	
-5.46946562274	-1742.24723038	
-5.47086913175	-1742.24839028	
-5.47227067367	-1742.2495492	
-5.47367025403	-1742.25070715	
-5.47506787829	-1742.25186412	
-5.47646355193	-1742.25302011	
-5.47785728038	-1742.25417513	
-5.47924906905	-1742.25532918	
-5.48063892334	-1742.25648226	
-5.48202684862	-1742.25763437	
-5.48341285022	-1742.25878551	
-5.48479693349	-1742.25993567	
-5.48617910372	-1742.26108487	
-5.48755936619	-1742.26223311	
-5.48893772616	-1742.26338037	
-5.49031418887	-1742.26452667	
-5.49168875953	-1742.26567201	
-5.49306144334	-1742.26681638	
-5.49443224547	-1742.26795979	
-5.49580117108	-1742.26910224	
-5.49716822529	-1742.27024373	
-5.49853341322	-1742.27138426	
-5.49989673995	-1742.27252383	
-5.50125821054	-1742.27366244	
-5.50261783006	-1742.27480009	
-5.50397560352	-1742.27593679	
-5.50533153593	-1742.27707253	
-5.50668563228	-1742.27820732	
-5.50803789753	-1742.27934115	
-5.50938833663	-1742.28047403	
-5.5107369545	-1742.28160596	
-5.51208375605	-1742.28273694	
-5.51342874616	-1742.28386697	
-5.51477192971	-1742.28499605	
-5.51611331154	-1742.28612419	
-5.51745289646	-1742.28725137	
-5.51879068931	-1742.28837762	
-5.52012669485	-1742.28950291	
-5.52146091786	-1742.29062726	
-5.5227933631	-1742.29175067	
-5.52412403528	-1742.29287314	
-5.52545293913	-1742.29399467	
-5.52678007934	-1742.29511525	
-5.52810546058	-1742.2962349	
-5.52942908751	-1742.29735361	
-5.53075096477	-1742.29847138	
-5.53207109697	-1742.29958822	
-5.53338948873	-1742.30070412	
-5.53470614461	-1742.30181908	
-5.53602106919	-1742.30293312	
-5.53733426702	-1742.30404622	
-5.53864574262	-1742.30515838	
-5.5399555005	-1742.30626962	
-5.54126354516	-1742.30737993	
-5.54256988107	-1742.30848931	
-5.5438745127	-1742.30959776	
-5.54517744448	-1742.31070529	
-5.54647868084	-1742.31181189	
-5.54777822618	-1742.31291757	
-5.5490760849	-1742.31402232	
-5.55037226136	-1742.31512615	
-5.55166675992	-1742.31622906	
-5.55295958492	-1742.31733105	
-5.55425074069	-1742.31843211	
-5.55554023152	-1742.31953226	
-5.5568280617	-1742.3206315	
-5.55811423551	-1742.32172981	
-5.5593987572	-1742.32282721	
-5.56068163102	-1742.32392369	
-5.56196286117	-1742.32501926	
-5.56324245188	-1742.32611392	
-5.56452040732	-1742.32720767	
-5.56579673168	-1742.3283005	
-5.56707142911	-1742.32939243	
-5.56834450376	-1742.33048345	
-5.56961595975	-1742.33157356	
-5.57088580119	-1742.33266276	
-5.57215403218	-1742.33375105	
-5.57342065679	-1742.33483845	
-5.5746856791	-1742.33592493	
-5.57594910315	-1742.33701052	
-5.57721093297	-1742.3380952	
-5.57847117258	-1742.33917898	
-5.57972982599	-1742.34026186	
-5.58098689718	-1742.34134385	
-5.58224239012	-1742.34242493	
-5.58349630878	-1742.34350512	
-5.5847486571	-1742.34458442	
-5.585999439	-1742.34566281	
-5.5872486584	-1742.34674032	
-5.5884963192	-1742.34781693	
-5.58974242528	-1742.34889265	
-5.59098698051	-1742.34996748	
-5.59222998875	-1742.35104141	
-5.59347145384	-1742.35211446	
-5.5947113796	-1742.35318663	
-5.59594976985	-1742.3542579	
-5.59718662839	-1742.35532829	
-5.598421959	-1742.35639779	
-5.59965576545	-1742.35746641	
-5.60088805149	-1742.35853415	
-5.60211882088	-1742.35960101	
-5.60334807733	-1742.36066698	
-5.60457582457	-1742.36173208	
-5.6058020663	-1742.36279629	
-5.60702680619	-1742.36385963	
-5.60825004793	-1742.36492209	
-5.60947179518	-1742.36598368	
-5.61069205159	-1742.36704439	
-5.61191082078	-1742.36810423	
-5.61312810639	-1742.36916319	
-5.61434391201	-1742.37022128	
-5.61555824124	-1742.3712785	
-5.61677109767	-1742.37233485	
-5.61798248485	-1742.37339034	
-5.61919240636	-1742.37444495	
-5.62040086572	-1742.3754987	
-5.62160786647	-1742.37655158	
-5.62281341212	-1742.3776036	
-5.62401750619	-1742.37865475	
-5.62522015215	-1742.37970504	
-5.6264213535	-1742.38075447	
-5.62762111369	-1742.38180304	
-5.62881943618	-1742.38285075	
-5.63001632442	-1742.3838976	
-5.63121178182	-1742.38494359	
-5.63240581181	-1742.38598872	
-5.6335984178	-1742.387033	
-5.63478960317	-1742.38807642	
-5.6359793713	-1742.38911899	
-5.63716772557	-1742.39016071	
-5.63835466933	-1742.39120158	
-5.63954020593	-1742.39224159	
-5.64072433869	-1742.39328076	
-5.64190707094	-1742.39431907	
-5.64308840598	-1742.39535654	
-5.64426834712	-1742.39639316	
-5.64544689764	-1742.39742894	
-5.64662406082	-1742.39846387	
-5.64779983991	-1742.39949795	
-5.64897423816	-1742.4005312	
-5.65014725882	-1742.4015636	
-5.65131890512	-1742.40259516	
-5.65248918027	-1742.40362588	
-5.65365808747	-1742.40465576	
-5.65482562993	-1742.40568481	
-5.65599181082	-1742.40671302	
-5.65715663332	-1742.40774039	
-5.65832010058	-1742.40876692	
-5.65948221576	-1742.40979263	
-5.660642982	-1742.4108175	
-5.66180240242	-1742.41184154	
-5.66296048014	-1742.41286474	
-5.66411721826	-1742.41388712	
-5.66527261989	-1742.41490867	
-5.66642668811	-1742.41592939	
-5.66757942599	-1742.41694928	
-5.6687308366	-1742.41796835	
-5.66988092298	-1742.41898659	
-5.67102968818	-1742.42000401	
-5.67217713524	-1742.42102061	
-5.67332326717	-1742.42203638	
-5.67446808699	-1742.42305133	
-5.67561159769	-1742.42406546	
-5.67675380227	-1742.42507878	
-5.6778947037	-1742.42609127	
-5.67903430497	-1742.42710295	
-5.68017260902	-1742.42811381	
-5.6813096188	-1742.42912386	
-5.68244533727	-1742.43013309	
-5.68357976734	-1742.43114151	
-5.68471291194	-1742.43214912	
-5.68584477397	-1742.43315591	
-5.68697535634	-1742.4341619	
-5.68810466194	-1742.43516708	
-5.68923269364	-1742.43617144	
-5.69035945432	-1742.437175	
-5.69148494685	-1742.43817776	
-5.69260917406	-1742.43917971	
-5.6937321388	-1742.44018085	
-5.69485384391	-1742.4411812	
-5.69597429221	-1742.44218073	
-5.69709348651	-1742.44317947	
-5.69821142961	-1742.44417741	
-5.69932812431	-1742.44517455	
-5.70044357339	-1742.44617089	
-5.70155777963	-1742.44716643	
-5.7026707458	-1742.44816117	
-5.70378247466	-1742.44915512	
-5.70489296894	-1742.45014828	
-5.70600223139	-1742.45114064	
-5.70711026475	-1742.45213221	
-5.70821707172	-1742.45312298	
-5.70932265503	-1742.45411297	
-5.71042701737	-1742.45510216	
-5.71153016145	-1742.45609057	
-5.71263208993	-1742.45707819	
-5.71373280551	-1742.45806502	
-5.71483231084	-1742.45905107	
-5.71593060859	-1742.46003633	
-5.71702770141	-1742.46102081	
-5.71812359193	-1742.4620045	
-5.71921828279	-1742.46298741	
-5.72031177661	-1742.46396954	
-5.72140407601	-1742.46495089	
-5.72249518359	-1742.46593146	
-5.72358510195	-1742.46691126	
-5.72467383369	-1742.46789027	
-5.72576138137	-1742.46886851	
-5.72684774759	-1742.46984598	
-5.72793293489	-1742.47082266	
-5.72901694583	-1742.47179858	
-5.73009978297	-1742.47277372	
-5.73118144884	-1742.47374809	
-5.73226194598	-1742.47472169	
-5.7333412769	-1742.47569453	
-5.73441944412	-1742.47666659	
-5.73549645015	-1742.47763788	
-5.73657229748	-1742.47860841	
-5.73764698861	-1742.47957817	
-5.73872052602	-1742.48054717	
-5.73979291218	-1742.4815154	
-5.74086414956	-1742.48248287	
-5.74193424062	-1742.48344957	
-5.74300318781	-1742.48441552	
-5.74407099357	-1742.4853807	
-5.74513766034	-1742.48634513	
-5.74620319054	-1742.4873088	
-5.7472675866	-1742.48827171	
-5.74833085092	-1742.48923386	
-5.74939298591	-1742.49019526	
-5.75045399397	-1742.4911559	
-5.75151387748	-1742.49211579	
-5.75257263883	-1742.49307492	
-5.75363028038	-1742.49403331	
-5.75468680452	-1742.49499094	
-5.75574221359	-1742.49594782	
-5.75679650994	-1742.49690396	
-5.75784969593	-1742.49785934	
-5.75890177388	-1742.49881398	
-5.75995274612	-1742.49976787	
-5.76100261499	-1742.50072102	
-5.76205138278	-1742.50167342	
-5.76309905181	-1742.50262508	
-5.76414562438	-1742.50357599	
-5.76519110278	-1742.50452617	
-5.7662354893	-1742.5054756	
-5.76727878622	-1742.50642429	
-5.76832099579	-1742.50737224	
-5.7693621203	-1742.50831946	
-5.770402162	-1742.50926594	
-5.77144112313	-1742.51021168	
-5.77247900594	-1742.51115669	
-5.77351581267	-1742.51210096	
-5.77455154554	-1742.5130445	
-5.77558620679	-1742.5139873	
-5.77661979861	-1742.51492938	
-5.77765232322	-1742.51587072	
-5.77868378283	-1742.51681133	
-5.77971417962	-1742.51775122	
-5.78074351579	-1742.51869037	
-5.78177179352	-1742.5196288	
-5.78279901497	-1742.52056651	
-5.78382518233	-1742.52150348	
-5.78485029774	-1742.52243974	
-5.78587436337	-1742.52337527	
-5.78689738137	-1742.52431007	
-5.78791935386	-1742.52524416	
-5.788940283	-1742.52617752	
-5.7899601709	-1742.52711016	
-5.79097901969	-1742.52804209	
-5.79199683148	-1742.52897329	
-5.79301360838	-1742.52990378	
-5.7940293525	-1742.53083355	
-5.79504406593	-1742.53176261	
-5.79605775077	-1742.53269095	
-5.79707040908	-1742.53361858	
-5.79808204295	-1742.5345455	
-5.79909265446	-1742.5354717	
-5.80010224566	-1742.53639719	
-5.80111081862	-1742.53732197	
-5.80211837538	-1742.53824605	
-5.80312491799	-1742.53916941	
-5.80413044849	-1742.54009207	
-5.80513496892	-1742.54101402	
-5.80613848129	-1742.54193526	
-5.80714098764	-1742.5428558	
-5.80814248998	-1742.54377563	
-5.80914299031	-1742.54469476	
