#Site	lnL	
0	-7.40820836627
1	-10.3722444612
2	-11.6915261888
3	-13.2036279341
4	-11.6182794347
5	-13.3566755429
6	-11.5379638002
7	-6.37810353538
8	-10.372244356
9	-7.86714576917
10	-16.000223957
11	-6.37810353538
12	-7.72492299488
13	-11.8813350323
14	-12.3361228001
15	-11.0940383056
16	-9.51151868268
17	-8.44567762228
18	-12.6739027098
19	-11.1630880492
20	-15.9961775338
21	-9.78515979432
22	-13.6543644251
23	-11.2056519771
24	-14.5137267713
25	-9.20417047605
26	-7.86714576917
27	-19.9211738305
28	-19.3117266139
29	-6.57469427998
30	-18.6308161147
31	-18.1390529539
32	-7.78433949295
33	-21.8245550299
34	-13.8042626168
35	-10.7646147477
36	-10.6180454856
37	-12.7833592789
38	-16.6421173603
39	-10.7393424425
40	-6.57469427998
41	-10.2092589937
42	-16.7075872114
43	-8.44567755217
44	-11.3546940646
45	-14.5207586776
46	-6.37810353538
47	-12.8064884232
48	-13.8778174498
49	-7.31658296774
50	-10.4696756943
51	-7.5197743203
52	-13.9600411477
53	-10.6071307575
54	-8.57879203643
55	-11.789876207
56	-14.396323632
57	-9.96212773314
58	-6.80373929893
59	-16.1523653555
60	-9.38636422809
61	-10.2310822831
62	-11.8571062619
63	-16.3093413443
64	-10.4296033687
65	-12.263170842
66	-13.4479074086
67	-13.5668393921
68	-9.10213598016
69	-9.78707018561
70	-20.563004943
71	-12.9354429801
72	-11.9279756723
73	-14.713963083
74	-7.96893765561
75	-13.5495773261
76	-10.2092589937
77	-11.2028582581
78	-6.52018391282
79	-17.5419174327
80	-8.8021177912
81	-8.65768235723
82	-8.00633699581
83	-14.5891132193
84	-22.2552678301
85	-15.4181953094
86	-12.0917358104
87	-19.923959365
88	-10.5543330875
89	-13.0190796977
90	-9.44930297241
91	-10.4906766249
92	-8.44567755217
93	-20.5529144218
94	-13.205931293
95	-8.38082294454
96	-16.5858119923
97	-10.6584516411
98	-13.1739903692
99	-10.7248620424
100	-7.21704620751
101	-19.430556277
102	-22.2177733014
103	-20.4335030682
104	-6.52018391282
105	-11.4635785942
106	-6.52018391282
107	-8.44567762228
108	-21.6459664252
109	-18.3058604122
110	-13.8181050904
111	-18.6912079119
112	-14.3251292597
113	-10.82355065
114	-13.0957494909
115	-21.6313681936
116	-8.65768235723
117	-9.8139408027
118	-14.2658822384
119	-10.4293385009
120	-7.29031602127
121	-16.0773419636
122	-29.003582159
123	-10.691852589
124	-21.8345968997
125	-12.5938044468
126	-15.5393255479
127	-7.66218352915
128	-14.7121456754
129	-16.1970392697
130	-7.34177427927
131	-9.03350955738
132	-18.1686798146
133	-7.38226680207
134	-12.637183201
135	-8.99899701272
136	-15.9672360522
137	-11.4053313496
138	-7.31658296774
139	-13.2470655262
140	-28.5584614109
141	-16.4732698907
142	-8.13177917367
143	-26.4801180478
144	-10.2310822831
145	-30.4683629225
146	-7.63810487504
147	-20.6311654394
148	-38.0523670151
149	-14.8415579505
150	-14.1165153171
151	-12.3635917878
152	-6.396958009
153	-25.623137914
154	-6.57469427998
155	-6.80373929893
156	-33.056945628
157	-6.57469427998
158	-7.86757787591
159	-10.9727196641
160	-11.2277396866
161	-32.3193198328
162	-19.6323891677
