#Site	lnL	
0	-1.34919260971
1	-1.30294414027
2	-4.44828094733
3	-7.96347924274
4	-1.27603031816
5	-3.48866766592
6	-1.63233682344
7	-1.30294414027
8	-7.70823085616
9	-1.80819340088
10	-1.56460852976
11	-3.48866766592
12	-1.32917736844
13	-1.30294414027
14	-3.48866766592
15	-6.90154609441
16	-1.27603031816
17	-3.25210804356
18	-7.49129588635
19	-9.78651415583
20	-3.25210804356
21	-1.63233682344
22	-1.27603031816
23	-11.7100994539
24	-1.80819340088
25	-1.30294414027
26	-13.8464096765
27	-1.32917736844
28	-9.51760948803
29	-7.7943386752
30	-1.63233682344
31	-1.56460852976
32	-6.82332045795
33	-1.63233682344
34	-1.30294414027
35	-3.48866766592
36	-1.34919260971
37	-1.27603031816
38	-4.44828094733
39	-1.34919260971
40	-1.56460852976
41	-5.63269900234
42	-1.34919260971
43	-1.27603031816
44	-13.3887779084
45	-1.34919260971
46	-1.27603031816
47	-8.38555072914
48	-1.63233682344
49	-1.27603031816
50	-9.72007626786
51	-1.34919260971
52	-1.74181820164
53	-4.44828094733
54	-1.80819340088
55	-12.2770599202
56	-7.92091866972
57	-1.63233682344
58	-1.30294414027
59	-8.87330982061
60	-9.23161516604
61	-1.27603031816
62	-3.48866766592
63	-1.34919260971
64	-1.74181820164
65	-4.44828094733
66	-1.34919260971
67	-1.56460852976
68	-5.3409235321
69	-1.63233682344
70	-1.56460852976
71	-4.99061718174
72	-1.63233682344
73	-14.2876032507
74	-4.44828094733
75	-1.32917736844
76	-1.27603031816
77	-3.48866766592
78	-11.4126099318
79	-1.74181820164
80	-13.4079531088
81	-1.34919260971
82	-1.30294414027
83	-3.25210804356
84	-1.32917736844
85	-1.30294414027
86	-3.48866766592
87	-1.63233682344
88	-1.74181820164
89	-3.48866766592
90	-1.34919260971
91	-1.74181820164
92	-4.44828094733
93	-6.24246833565
94	-1.56460852976
95	-6.05117315627
96	-1.32917736844
97	-1.56460852976
98	-3.25210804356
99	-1.63233682344
100	-1.30294414027
101	-15.5608526965
102	-1.63233682344
103	-1.56460852976
104	-7.87618246728
105	-1.63233682344
106	-1.30294414027
107	-7.30503156015
108	-1.32917736844
109	-1.30294414027
110	-6.87389730953
111	-1.63233682344
112	-1.74181820164
113	-7.7943386752
114	-1.34919260971
115	-1.27603031816
116	-4.62238671366
117	-1.63233682344
118	-1.74181820164
119	-3.25210804356
120	-1.34919260971
121	-1.27603031816
122	-5.43484685793
123	-1.32917736844
124	-1.30294414027
125	-3.25210804356
126	-1.32917736844
127	-1.30294414027
128	-3.48866766592
129	-1.80819340088
130	-1.30294414027
131	-3.25210804356
132	-1.34919260971
133	-1.30294414027
134	-8.01103946892
135	-9.20620010572
136	-1.30294414027
137	-9.88510421223
138	-1.34919260971
139	-1.74181820164
140	-8.66377356736
141	-1.34919260971
142	-1.27603031816
143	-8.66377356736
144	-1.34919260971
145	-1.27603031816
146	-6.1037814248
147	-1.32917736844
148	-1.30294414027
149	-11.9567971548
150	-1.32917736844
151	-1.27603031816
152	-6.82332045795
153	-1.34919260971
154	-1.74181820164
155	-11.868537537
156	-1.32917736844
157	-1.74181820164
158	-7.78926064394
159	-1.80819340088
160	-1.56460852976
161	-6.82332045795
162	-1.34919260971
163	-1.30294414027
164	-4.44828094733
165	-1.63233682344
166	-1.74181820164
167	-7.8142447151
168	-1.63233682344
169	-1.74181820164
170	-9.58420210102
171	-1.34919260971
172	-10.0236189099
173	-9.48520904175
174	-1.34919260971
175	-1.30294414027
176	-14.0173282922
177	-1.80819340088
178	-1.30294414027
179	-6.77623554335
180	-1.34919260971
181	-1.30294414027
182	-4.77716127787
183	-1.63233682344
184	-1.27603031816
185	-4.62238671366
186	-1.32917736844
187	-1.30294414027
188	-3.25210804356
189	-1.63233682344
190	-1.74181820164
191	-9.19799320847
192	-1.63233682344
193	-1.30294414027
194	-9.75137352862
195	-1.34919260971
196	-1.56460852976
197	-15.0452329177
198	-1.34919260971
199	-1.27603031816
200	-8.69956049975
201	-1.80819340088
202	-1.74181820164
203	-4.44828094733
204	-1.32917736844
205	-1.74181820164
206	-13.6753661517
207	-1.32917736844
208	-1.56460852976
209	-5.66657304716
210	-1.63233682344
211	-1.56460852976
212	-6.1037814248
213	-1.32917736844
214	-1.56460852976
215	-5.31258705791
216	-1.63233682344
217	-1.30294414027
218	-13.6842071579
219	-1.63233682344
220	-1.74181820164
221	-8.23929652853
222	-1.32917736844
223	-1.74181820164
224	-8.18085684475
225	-6.83933839059
226	-1.56460852976
227	-3.48866766592
228	-7.13337738854
229	-1.56460852976
230	-3.48866766592
231	-1.32917736844
232	-1.56460852976
233	-3.48866766592
234	-1.32917736844
235	-1.27603031816
236	-4.44828094733
237	-1.34919260971
238	-1.56460852976
239	-8.47929938807
240	-1.63233682344
241	-1.27603031816
242	-7.63780400818
243	-1.34919260971
244	-1.27603031816
245	-4.62238671366
246	-1.63233682344
247	-1.30294414027
248	-7.87618246728
249	-1.34919260971
250	-1.27603031816
251	-7.78926064394
252	-1.34919260971
253	-1.56460852976
254	-7.00790805624
255	-1.63233682344
256	-1.27603031816
257	-8.33200316451
258	-1.32917736844
259	-1.56460852976
260	-9.11618228568
261	-1.80819340088
262	-1.27603031816
263	-4.44828094733
264	-1.80819340088
265	-1.27603031816
266	-4.77716127787
267	-1.32917736844
268	-1.56460852976
269	-3.25210804356
270	-1.63233682344
271	-1.74181820164
272	-4.99061718174
273	-1.63233682344
274	-1.30294414027
275	-3.25210804356
276	-1.32917736844
277	-1.27603031816
278	-4.94623022235
279	-16.3062405762
280	-1.56460852976
281	-9.48728824487
282	-1.32917736844
283	-1.74181820164
284	-9.2199955812
285	-1.63233682344
286	-1.30294414027
287	-9.10041999173
288	-10.6404683108
289	-1.74181820164
290	-7.78926064394
291	-1.63233682344
292	-1.74181820164
293	-7.83640493886
294	-1.32917736844
295	-1.74181820164
296	-5.43484685793
297	-1.34919260971
298	-1.74181820164
299	-4.80077544337
300	-1.63233682344
301	-1.30294414027
302	-5.3409235321
303	-1.80819340088
304	-1.27603031816
305	-6.87389730953
306	-1.34919260971
307	-1.27603031816
308	-6.67183550128
309	-1.63233682344
310	-1.74181820164
311	-9.72928242982
312	-1.63233682344
313	-1.56460852976
314	-3.48866766592
315	-1.80819340088
316	-1.27603031816
317	-7.39820884781
318	-8.0857540906
319	-1.27603031816
320	-3.48866766592
321	-1.63233682344
322	-1.30294414027
323	-4.44828094733
324	-1.80819340088
325	-1.56460852976
326	-5.21647326258
327	-1.80819340088
328	-1.30294414027
329	-8.06484123976
330	-1.32917736844
331	-1.30294414027
332	-6.26272378064
333	-1.34919260971
334	-1.27603031816
335	-8.00838250046
336	-1.32917736844
337	-1.27603031816
338	-4.62238671366
339	-1.34919260971
340	-1.30294414027
341	-8.55851050153
342	-1.32917736844
343	-1.27603031816
344	-4.80077544337
345	-1.34919260971
346	-7.34352970397
347	-3.25210804356
348	-1.34919260971
349	-1.27603031816
350	-10.234844017
351	-1.63233682344
352	-8.25773481797
353	-3.48866766592
354	-1.80819340088
355	-1.30294414027
356	-6.97124596649
357	-1.80819340088
358	-1.27603031816
359	-3.48866766592
360	-1.34919260971
361	-1.74181820164
362	-5.25688296844
363	-1.63233682344
364	-1.30294414027
365	-4.80077544337
366	-1.34919260971
367	-1.56460852976
368	-3.25210804356
369	-1.32917736844
370	-1.74181820164
371	-3.25210804356
372	-1.34919260971
373	-1.56460852976
374	-3.48866766592
375	-1.32917736844
376	-1.27603031816
377	-10.722603446
378	-1.34919260971
379	-1.27603031816
380	-11.2187521578
381	-1.63233682344
382	-1.27603031816
383	-5.21647326258
384	-9.37052741253
385	-1.27603031816
386	-7.83207832957
387	-1.80819340088
388	-1.56460852976
389	-4.77716127787
390	-1.32917736844
391	-1.27603031816
392	-5.31258705791
393	-1.32917736844
394	-1.27603031816
395	-4.94623022235
396	-1.80819340088
397	-1.27603031816
398	-3.25210804356
399	-1.32917736844
400	-1.56460852976
401	-5.8464788518
402	-1.32917736844
403	-1.27603031816
404	-7.23946350992
405	-1.32917736844
406	-1.56460852976
407	-6.87389730953
408	-1.32917736844
409	-7.55572009403
410	-5.48279474247
411	-1.34919260971
412	-1.27603031816
413	-4.62238671366
414	-1.34919260971
415	-1.30294414027
416	-5.84117793869
417	-1.63233682344
418	-6.58511677384
419	-4.62238671366
420	-1.63233682344
421	-1.27603031816
422	-6.08556994709
423	-1.63233682344
424	-1.27603031816
425	-11.2109961335
426	-1.80819340088
427	-1.74181820164
428	-5.21647326258
429	-1.80819340088
430	-1.74181820164
431	-4.99061718174
432	-1.32917736844
433	-6.77493495419
434	-4.44828094733
435	-1.34919260971
436	-1.27603031816
437	-8.77741442194
438	-1.32917736844
439	-1.30294414027
440	-8.25336889026
441	-1.32917736844
442	-1.56460852976
443	-11.1762767179
444	-1.34919260971
445	-1.27603031816
446	-4.94623022235
447	-7.07586931358
448	-1.27603031816
449	-3.25210804356
450	-1.80819340088
451	-1.74181820164
452	-13.3967229271
453	-1.32917736844
454	-1.27603031816
455	-13.0659563925
456	-1.32917736844
457	-1.30294414027
458	-3.25210804356
459	-1.80819340088
460	-1.27603031816
461	-4.44828094733
462	-1.63233682344
463	-1.30294414027
464	-14.388464308
465	-1.80819340088
466	-1.27603031816
467	-9.98202721834
468	-1.34919260971
469	-1.30294414027
470	-4.44828094733
471	-1.32917736844
472	-1.56460852976
473	-9.82850822528
474	-1.63233682344
475	-1.74181820164
476	-8.356091543
477	-1.32917736844
478	-1.30294414027
479	-8.49031770444
480	-10.0462948976
481	-1.74181820164
482	-9.24542002608
483	-1.34919260971
484	-1.30294414027
485	-3.48866766592
486	-1.80819340088
487	-1.56460852976
488	-5.84117793869
