-8.144961384638773616e-01
-4.343829233464295836e-01
-9.272094754620939794e-01
2.584654652392201601e+00
-4.210832369281909404e-01
2.512475363440472176e+00
6.745672748918307704e-02
-2.334158050604748791e+00
-4.020539698447109345e+00
-6.031191575192774934e+00
-3.859865867502143555e+00
-4.161625218066773435e+00
-5.961996698903678116e+00
-6.519560236162672773e+00
-7.145104740047936609e+00
-5.172027355807352400e+00
-6.299946620216851478e+00
-4.800506976105138435e+00
-6.033053274949118361e+00
-6.363012435236805153e+00
