-7.621421840981015272e-01
-5.266498115412241443e-01
-8.539602058049126088e-01
2.715937274878017504e+00
-7.253056226884105895e-01
2.193374891998985277e+00
-2.923288340866763146e+00
-4.264838222636027076e+00
-3.862638556900989784e+00
-5.317901950478699291e+00
-3.743629870392531700e+00
-3.949991752999083783e+00
-7.156627797051716477e+00
-5.135922931920415380e+00
-5.908397809278405077e+00
-5.271875426540163723e+00
-7.108507206321057481e+00
-4.209428825360187254e+00
-5.756559924103650694e+00
-6.289876594296790913e+00
