#Site	lnL	
0	-4.42510598128
1	-4.36537675626
2	-6.84933448232
3	-9.20467064239
4	-14.6711042058
5	-8.09161432195
6	-4.90767032298
7	-4.36537675626
8	-9.3518145439
9	-4.42510598128
10	-4.39128520739
11	-6.84933448232
12	-10.1249822754
13	-4.65606306928
14	-9.29559713543
15	-4.73218991215
16	-4.39128520739
17	-8.09161432195
18	-4.42510598128
19	-4.65606306928
20	-9.39544524764
21	-4.90767032298
22	-4.83306789418
23	-8.01865878483
24	-4.44325626315
25	-4.65606306928
26	-10.1059422062
27	-4.44325626315
28	-4.39128520739
29	-18.2515110584
30	-4.73218991215
31	-4.65606306928
32	-9.15176383484
33	-4.44325626315
34	-4.39128520739
35	-7.95296956708
36	-4.73218991215
37	-4.39128520739
38	-8.90154805251
39	-18.4711893014
40	-4.39128520739
41	-10.5334416991
42	-4.44325626315
43	-4.36537675626
44	-8.06870959324
45	-4.44325626315
46	-4.36537675626
47	-8.05172495307
48	-4.73218991215
49	-4.39128520739
50	-8.6598695494
51	-4.90767032298
52	-4.83306789418
53	-9.0458608351
54	-4.42510598128
55	-4.39128520739
56	-8.74451720562
57	-4.90767032298
58	-4.39128520739
59	-7.95296956708
60	-4.44325626315
61	-4.39128520739
62	-8.01865878483
63	-4.42510598128
64	-4.36537675626
65	-19.6069363831
66	-4.42510598128
67	-4.39128520739
68	-6.58029171069
69	-4.90767032298
70	-4.83306789418
71	-16.0477738793
72	-4.42510598128
73	-4.36537675626
74	-6.84933448232
75	-4.42510598128
76	-4.39128520739
77	-10.2149256278
78	-8.78740643101
79	-4.65606306928
80	-6.58029171069
81	-4.44325626315
82	-4.65606306928
83	-9.51406893968
84	-4.42510598128
85	-4.65606306928
86	-13.614655663
87	-4.90767032298
88	-4.83306789418
89	-7.91102989574
90	-4.73218991215
91	-4.36537675626
92	-9.0458608351
93	-4.42510598128
94	-4.65606306928
95	-6.58029171069
96	-4.44325626315
97	-4.83306789418
98	-11.8703768127
99	-4.44325626315
100	-4.65606306928
101	-8.09161432195
102	-4.73218991215
103	-4.39128520739
104	-6.84933448232
105	-4.44325626315
106	-4.39128520739
107	-9.30713665377
108	-4.73218991215
109	-4.83306789418
110	-13.3893505771
111	-4.73218991215
112	-4.65606306928
113	-7.91102989574
114	-4.44325626315
115	-4.39128520739
116	-8.09161432195
117	-4.44325626315
118	-4.39128520739
119	-8.01865878483
120	-9.74140535167
121	-4.36537675626
122	-12.6855982794
123	-4.73218991215
124	-4.65606306928
125	-7.91102989574
126	-4.90767032298
127	-4.65606306928
128	-9.51406893968
129	-11.3387290769
130	-4.65606306928
131	-11.1134456636
132	-4.44325626315
133	-4.36537675626
134	-6.84933448232
135	-4.42510598128
136	-4.39128520739
137	-14.5841751851
138	-4.42510598128
139	-4.83306789418
140	-8.90154805251
141	-4.42510598128
142	-4.83306789418
143	-9.3518145439
144	-4.44325626315
145	-4.36537675626
146	-8.96933421718
147	-4.73218991215
148	-4.36537675626
149	-6.84933448232
150	-4.73218991215
151	-4.65606306928
152	-10.3776804417
153	-4.73218991215
154	-4.39128520739
155	-9.8153585223
156	-4.42510598128
157	-4.39128520739
158	-6.58029171069
159	-4.73218991215
160	-4.39128520739
161	-11.3991969381
162	-4.73218991215
163	-4.65606306928
164	-9.70674730402
165	-4.90767032298
166	-4.36537675626
167	-10.5239063977
168	-4.90767032298
169	-4.39128520739
170	-11.8567422589
171	-4.42510598128
172	-4.83306789418
173	-16.6294495849
174	-4.44325626315
175	-4.36537675626
176	-13.8441005168
177	-4.44325626315
178	-4.65606306928
179	-10.4340049366
180	-4.42510598128
181	-4.65606306928
182	-6.58029171069
183	-4.90767032298
184	-4.36537675626
185	-11.7324005687
186	-4.73218991215
187	-4.65606306928
188	-6.58029171069
189	-4.42510598128
190	-4.65606306928
191	-14.160899797
192	-12.841210902
193	-4.83306789418
194	-8.74451720562
195	-4.44325626315
196	-4.83306789418
197	-10.5239063977
198	-4.90767032298
199	-4.65606306928
200	-9.15176383484
201	-4.73218991215
202	-4.39128520739
203	-6.84933448232
204	-4.90767032298
205	-4.39128520739
206	-13.4075802751
207	-4.42510598128
208	-4.36537675626
209	-9.63617021455
210	-4.90767032298
211	-4.83306789418
212	-10.5586509332
213	-4.73218991215
214	-4.83306789418
215	-11.4349736674
216	-14.8314100386
217	-4.65606306928
218	-6.58029171069
219	-8.9965131958
220	-4.83306789418
221	-6.58029171069
222	-4.44325626315
223	-4.39128520739
224	-8.46493149529
225	-4.73218991215
226	-4.39128520739
227	-11.7422680789
228	-4.42510598128
229	-4.65606306928
230	-11.3616607402
231	-4.90767032298
232	-4.65606306928
233	-8.20605682807
234	-4.44325626315
235	-4.36537675626
236	-13.1367624301
237	-4.42510598128
238	-4.36537675626
239	-11.6199481982
240	-8.78740643101
241	-4.83306789418
242	-9.26920881099
243	-4.73218991215
244	-10.8211356712
245	-10.5645509565
246	-4.42510598128
247	-4.36537675626
248	-8.05172495307
249	-4.73218991215
250	-4.83306789418
251	-15.8064332511
252	-4.73218991215
253	-4.83306789418
254	-12.7747065077
255	-4.90767032298
256	-4.83306789418
257	-8.26100248129
258	-4.73218991215
259	-4.39128520739
260	-6.84933448232
261	-4.73218991215
262	-4.39128520739
263	-11.5187050143
264	-4.44325626315
265	-4.39128520739
266	-6.58029171069
267	-4.42510598128
268	-4.65606306928
269	-6.58029171069
270	-4.44325626315
271	-4.83306789418
272	-6.84933448232
273	-4.42510598128
274	-4.36537675626
275	-8.50115866946
276	-4.42510598128
277	-4.39128520739
278	-8.06870959324
279	-4.73218991215
280	-4.65606306928
281	-9.26920881099
282	-4.42510598128
283	-4.39128520739
284	-7.91102989574
285	-4.73218991215
286	-4.39128520739
287	-6.58029171069
288	-4.73218991215
289	-4.39128520739
290	-16.0011234267
291	-4.73218991215
292	-4.36537675626
293	-12.4191033201
294	-4.44325626315
295	-4.36537675626
296	-10.7335185534
297	-4.42510598128
298	-4.36537675626
299	-11.0062229857
300	-4.44325626315
301	-4.39128520739
302	-10.786509195
303	-4.42510598128
304	-11.7545699929
305	-9.81874150797
306	-4.42510598128
307	-4.36537675626
308	-8.42868329759
309	-4.44325626315
310	-4.65606306928
311	-9.31123225761
312	-4.44325626315
313	-4.65606306928
314	-16.4890791075
315	-4.73218991215
316	-11.2451620281
317	-8.09161432195
318	-10.5008679281
319	-4.65606306928
320	-8.05172495307
321	-4.44325626315
322	-9.32544105978
323	-14.3374946889
324	-4.42510598128
325	-4.39128520739
326	-6.84933448232
327	-4.90767032298
328	-4.65606306928
329	-13.4059193153
330	-4.44325626315
331	-4.83306789418
332	-9.81874150797
333	-4.73218991215
334	-4.83306789418
335	-8.83576364114
336	-4.44325626315
337	-4.39128520739
338	-11.8975818013
339	-4.44325626315
340	-4.36537675626
341	-18.4018204747
342	-4.42510598128
343	-4.65606306928
344	-8.06870959324
345	-13.084323533
346	-4.83306789418
347	-11.0015508571
348	-4.90767032298
349	-4.36537675626
350	-12.1456356935
351	-4.44325626315
352	-4.36537675626
353	-9.50215551892
354	-4.42510598128
355	-15.6084006774
356	-9.54550093023
357	-4.42510598128
358	-4.65606306928
359	-6.58029171069
360	-4.90767032298
361	-17.8964789068
362	-8.01865878483
363	-4.90767032298
364	-4.39128520739
365	-13.5957085647
366	-4.44325626315
367	-4.83306789418
368	-20.2246087378
369	-4.42510598128
370	-4.83306789418
371	-9.29559713543
372	-4.42510598128
373	-4.36537675626
374	-15.2202944286
375	-4.73218991215
376	-4.65606306928
377	-8.42868329759
378	-4.73218991215
379	-4.83306789418
380	-13.9834540947
381	-4.42510598128
382	-4.83306789418
383	-6.58029171069
384	-4.42510598128
385	-4.83306789418
386	-6.58029171069
387	-4.42510598128
388	-4.39128520739
389	-8.42868329759
390	-4.42510598128
391	-4.36537675626
392	-8.42868329759
393	-4.90767032298
394	-4.36537675626
395	-6.58029171069
396	-4.90767032298
397	-4.65606306928
398	-11.5304016678
399	-8.96562005964
400	-4.83306789418
401	-9.07444295232
402	-4.73218991215
403	-4.39128520739
404	-12.608827716
405	-4.90767032298
406	-4.36537675626
407	-14.6160526075
408	-11.2810919709
409	-4.83306789418
410	-9.61114293963
411	-4.44325626315
412	-4.39128520739
413	-6.58029171069
414	-4.42510598128
415	-4.39128520739
416	-16.0477869722
417	-4.42510598128
418	-4.39128520739
419	-8.01865878483
420	-4.42510598128
421	-4.39128520739
422	-9.07444295232
423	-4.42510598128
424	-11.8758562927
425	-10.201034251
426	-4.73218991215
427	-4.83306789418
428	-7.91102989574
429	-4.73218991215
430	-4.83306789418
431	-15.6249532005
432	-4.42510598128
433	-4.36537675626
434	-11.03654348
435	-12.7296296033
436	-4.39128520739
437	-8.46493149529
438	-4.44325626315
439	-4.65606306928
440	-9.31010793721
441	-4.42510598128
442	-4.36537675626
443	-11.0831423961
444	-4.44325626315
445	-4.36537675626
446	-8.6598695494
447	-4.44325626315
448	-4.39128520739
449	-9.39185735402
450	-4.90767032298
451	-4.65606306928
452	-7.91102989574
453	-14.8099218519
454	-4.65606306928
455	-6.58029171069
456	-4.42510598128
457	-4.36537675626
458	-6.84933448232
459	-4.90767032298
460	-4.39128520739
461	-6.58029171069
462	-4.44325626315
463	-4.36537675626
464	-8.96933421718
465	-4.90767032298
466	-4.36537675626
467	-8.01865878483
468	-8.96562005964
469	-4.65606306928
470	-14.5346162648
471	-4.90767032298
472	-4.36537675626
473	-11.5722331872
474	-4.42510598128
475	-4.83306789418
476	-11.1583945766
477	-4.42510598128
478	-4.65606306928
479	-13.1904979195
480	-4.44325626315
481	-4.65606306928
482	-13.5979633388
483	-8.95544366211
484	-4.83306789418
485	-9.15176383484
486	-4.42510598128
487	-4.39128520739
488	-6.58029171069
