#Site	lnL	
0	-15.7708367221
1	-16.7218754008
2	-17.5724669144
3	-25.1735360479
4	-19.8982099854
5	-26.0113991114
6	-19.6869745433
7	-18.5670559288
8	-19.7916220662
9	-12.943307359
10	-24.6013822997
11	-17.9573451672
12	-24.0953809352
13	-20.4515852071
14	-27.5022516828
15	-18.4051377774
16	-16.6647954666
17	-12.046482115
18	-21.3184838319
19	-27.3840753604
20	-13.494157931
21	-16.1335193646
22	-28.0195265317
23	-25.1594024085
24	-15.0822376889
25	-11.2900525461
26	-13.4625015673
27	-17.0080856414
28	-12.4864303858
29	-17.3075127919
30	-12.4507609101
31	-30.179456971
32	-13.4584884425
33	-13.5489653257
34	-23.3400360701
35	-11.3399134608
36	-37.4911314118
37	-12.056193435
38	-20.8973114266
39	-14.51086362
40	-13.5489653257
41	-19.0481232227
42	-14.7916539213
43	-11.3399134608
44	-16.4592786611
45	-18.2646069923
46	-13.5489653257
47	-16.3709591301
48	-16.9646218022
49	-21.5138833912
50	-11.3399134608
51	-15.3933163418
52	-17.7573411229
53	-15.1555646182
54	-12.043176944
55	-25.3148809269
56	-17.5068862178
57	-13.1160240265
58	-17.7390844474
59	-18.0162256613
60	-12.056193435
61	-15.6844486501
62	-17.5920772766
63	-22.2127353128
64	-20.7421931534
65	-12.355646455
66	-23.0243234612
67	-21.0721828805
68	-12.056193435
69	-13.6588863545
70	-17.5991971993
71	-15.5627400084
72	-19.8307739816
73	-17.2468829328
74	-17.8566195776
75	-12.355646455
76	-19.1162444825
77	-12.9863587303
78	-22.1800534613
79	-22.1353941278
80	-25.0051356698
81	-21.1960087095
82	-28.5268686806
83	-12.043176944
84	-12.4507610272
85	-21.6500409254
86	-27.0589648739
87	-20.3020242705
88	-19.80444797
89	-14.8942496123
90	-21.1916882224
91	-28.3872819865
92	-23.9123054933
93	-12.9506995111
94	-19.8225727505
95	-15.6512984068
96	-24.2163712433
97	-18.8377370042
98	-16.3876731789
99	-19.3525007713
100	-15.4835756514
101	-17.5173969078
102	-18.9603111121
103	-13.494157931
104	-25.2287672653
105	-16.9322571524
106	-12.1082966484
107	-15.0388459667
108	-21.2699733376
109	-15.0870119865
110	-11.5201740935
111	-24.222839532
112	-24.7030149588
113	-12.355646455
114	-27.592275526
115	-22.0283090635
116	-12.4507609101
117	-11.5201740935
118	-31.3177735898
119	-15.5009817726
120	-18.5915042429
121	-13.3598297006
122	-14.5963328659
123	-17.2324802513
124	-28.2509612014
125	-19.7954889693
126	-17.7485372467
127	-15.9732226626
128	-15.5598433067
129	-18.8371057953
130	-13.6588863545
131	-16.5626295407
132	-24.9611298285
133	-20.510208711
134	-13.0582269078
135	-31.206013829
136	-18.7800771105
137	-16.1790017349
138	-31.8029812946
139	-11.3399134608
140	-36.4043360207
141	-17.5425590869
142	-31.0517371467
143	-12.1082966484
144	-15.7882839898
145	-15.9641475153
146	-18.3643832969
147	-19.507180639
148	-19.3423311043
149	-14.7489788055
150	-16.3947764242
151	-19.4426427739
152	-20.6538803384
153	-16.330060327
154	-15.5365161418
155	-15.5955127222
156	-21.8944712356
157	-11.3399134608
158	-25.6955164645
159	-19.9469410848
160	-22.8365238571
161	-15.7837694276
162	-19.5387192152
