# log_p 	 lnL 	 
0.0	-1711.20438705	
-0.287682072452	-1710.89355644	
-0.510825623766	-1710.71829143	
-0.69314718056	-1710.58083457	
-0.847297860387	-1710.45281612	
-0.980829253012	-1710.32645335	
-1.09861228867	-1710.20048321	
-1.20397280433	-1710.07550193	
-1.29928298413	-1709.95243189	
-1.38629436112	-1709.83206816	
-1.46633706879	-1709.7149875	
-1.54044504095	-1709.60156746	
-1.60943791243	-1709.49202951	
-1.67397643357	-1709.38647978	
-1.73460105539	-1709.28494132	
-1.79175946923	-1709.18737824	
-1.8458266905	-1709.09371336	
-1.89711998489	-1709.00384116	
-1.94591014906	-1708.91763732	
-1.99243016469	-1708.83496576	
-2.03688192726	-1708.75568394	
-2.07944154168	-1708.67964673	
-2.1202635362	-1708.60670931	
-2.15948424935	-1708.53672922	
-2.19722457734	-1708.46956784	
-2.23359222151	-1708.40509137	
-2.26868354132	-1708.34317149	
-2.30258509299	-1708.28368564	
-2.33537491582	-1708.22651727	
-2.36712361413	-1708.17155573	
-2.3978952728	-1708.11869625	
-2.42774823595	-1708.06783969	
-2.45673577282	-1708.01889232	
-2.48490664979	-1707.97176559	
-2.51230562398	-1707.92637581	
-2.53897387106	-1707.8826439	
-2.56494935746	-1707.8404951	
-2.59026716545	-1707.79985872	
-2.61495977804	-1707.76066785	
-2.63905732962	-1707.72285915	
-2.66258782703	-1707.68637263	
-2.68557734525	-1707.65115141	
-2.7080502011	-1707.61714153	
-2.73002910782	-1707.58429179	
-2.75153531304	-1707.55255356	
-2.77258872224	-1707.52188062	
-2.79320800944	-1707.49222905	
-2.81341071676	-1707.46355704	
-2.83321334406	-1707.43582482	
-2.85263142991	-1707.4089945	
-2.87167962488	-1707.38303001	
-2.8903717579	-1707.35789695	
-2.90872089656	-1707.33356254	
-2.92673940207	-1707.3099955	
-2.94443897917	-1707.28716599	
-2.96183072188	-1707.26504552	
-2.97892515524	-1707.24360692	
-2.99573227355	-1707.22282419	
-3.01226157551	-1707.20267253	
-3.02852209638	-1707.18312823	
-3.04452243772	-1707.16416861	
-3.06027079469	-1707.145772	
-3.07577498123	-1707.12791766	
-3.09104245336	-1707.11058576	
-3.10608033072	-1707.09375732	
-3.12089541651	-1707.07741416	
-3.13549421593	-1707.06153889	
-3.14988295338	-1707.04611486	
-3.16406758837	-1707.03112609	
-3.17805383035	-1707.0165573	
-3.19184715248	-1707.00239383	
-3.20545280454	-1706.98862164	
-3.21887582487	-1706.97522725	
-3.23212105162	-1706.96219775	
-3.24519313319	-1706.94952074	
-3.25809653802	-1706.93718434	
-3.2708355638	-1706.92517712	
-3.28341434601	-1706.91348814	
-3.295836866	-1706.90210688	
-3.3081069586	-1706.89102324	
-3.32022831913	-1706.88022751	
-3.33220451018	-1706.86971037	
-3.34403896782	-1706.85946286	
-3.35573500759	-1706.84947637	
-3.36729582999	-1706.83974261	
-3.37872452581	-1706.83025362	
-3.39002408106	-1706.82100175	
-3.40119738166	-1706.81197961	
-3.41224721785	-1706.80318012	
-3.42317628838	-1706.79459645	
-3.43398720449	-1706.78622204	
-3.4446824936	-1706.77805053	
-3.45526460293	-1706.77007586	
-3.4657359028	-1706.76229213	
-3.47609868984	-1706.75469369	
-3.48635519	-1706.74727508	
-3.49650756147	-1706.74003105	
-3.50655789732	-1706.73295653	
-3.51650822817	-1706.72604663	
-3.52636052462	-1706.71929663	
-3.53611669956	-1706.71270198	
-3.54577861047	-1706.70625829	
-3.55534806149	-1706.69996132	
-3.56482680544	-1706.69380697	
-3.57421654579	-1706.68779131	
-3.58351893846	-1706.6819105	
-3.59273559356	-1706.67616087	
-3.60186807712	-1706.67053885	
-3.61091791264	-1706.665041	
-3.61988658263	-1706.659664	
-3.62877553004	-1706.65440461	
-3.63758615973	-1706.64925975	
-3.6463198397	-1706.64422639	
-3.65497790244	-1706.63930164	
-3.66356164613	-1706.63448266	
-3.6720723358	-1706.62976674	
-3.68051120444	-1706.62515125	
-3.68887945411	-1706.62063362	
-3.69717825693	-1706.6162114	
-3.70540875607	-1706.61188217	
-3.7135720667	-1706.60764364	
-3.72166927694	-1706.60349354	
-3.72970144863	-1706.59942971	
-3.73766961828	-1706.59545004	
-3.74557479779	-1706.59155248	
-3.75341797525	-1706.58773505	
-3.76120011569	-1706.58399583	
-3.76892216179	-1706.58033296	
-3.77658503453	-1706.57674463	
-3.78418963392	-1706.57322908	
-3.79173683955	-1706.56978462	
-3.79922751128	-1706.5664096	
-3.80666248977	-1706.56310241	
-3.81404259707	-1706.55986149	
-3.82136863716	-1706.55668535	
-3.82864139649	-1706.55357251	
-3.83586164446	-1706.55052154	
-3.84303013394	-1706.54753107	
-3.85014760171	-1706.54459975	
-3.85721476893	-1706.54172628	
-3.86423234159	-1706.53890938	
-3.87120101091	-1706.53614783	
-3.87812145375	-1706.53344042	
-3.88499433304	-1706.53078599	
-3.89182029811	-1706.5281834	
-3.8985999851	-1706.52563155	
-3.90533401728	-1706.52312937	
-3.91202300543	-1706.52067582	
-3.91866754815	-1706.51826988	
-3.92526823218	-1706.51591056	
-3.93182563272	-1706.5135969	
-3.93834031375	-1706.51132797	
-3.94481282825	-1706.50910285	
-3.95124371858	-1706.50692066	
-3.95763351668	-1706.50478053	
-3.96398274436	-1706.50268162	
-3.97029191355	-1706.50062312	
-3.97656152657	-1706.49860421	
-3.98279207632	-1706.49662413	
-3.98898404656	-1706.49468212	
-3.99513791214	-1706.49277744	
-4.00125413916	-1706.49090936	
-4.00733318523	-1706.48907718	
-4.01337549969	-1706.48728022	
-4.01938152375	-1706.48551782	
-4.02535169074	-1706.48378931	
-4.03128642625	-1706.48209407	
-4.03718614838	-1706.48043148	
-4.04305126783	-1706.47880092	
-4.04888218815	-1706.47720182	
-4.05467930583	-1706.47563359	
-4.06044301055	-1706.47409567	
-4.06617368526	-1706.47258751	
-4.07187170637	-1706.47110858	
-4.07753744391	-1706.46965836	
-4.08317126162	-1706.46823633	
-4.08877351717	-1706.46684199	
-4.09434456222	-1706.46547486	
-4.0998847426	-1706.46413447	
-4.10539439841	-1706.46282033	
-4.11087386417	-1706.46153201	
-4.11632346894	-1706.46026906	
-4.12174353641	-1706.45903105	
-4.12713438505	-1706.45781754	
-4.13249632819	-1706.45662812	
-4.13782967416	-1706.4554624	
-4.14313472639	-1706.45431997	
-4.14841178349	-1706.45320044	
-4.15366113938	-1706.45210343	
-4.15888308336	-1706.45102859	
-4.16407790024	-1706.44997553	
-4.1692458704	-1706.44894391	
-4.1743872699	-1706.44793338	
-4.17950237056	-1706.44694359	
-4.18459144007	-1706.44597423	
-4.18965474203	-1706.44502495	
-4.19469253606	-1706.44409545	
-4.19970507788	-1706.4431854	
-4.20469261939	-1706.44229451	
-4.20965540873	-1706.44142247	
-4.21459369037	-1706.44056899	
-4.21950770518	-1706.43973379	
-4.22439769047	-1706.43891658	
-4.22926388012	-1706.43811709	
-4.2341065046	-1706.43733505	
-4.23892579103	-1706.43657018	
-4.2437219633	-1706.43582224	
-4.24849524205	-1706.43509098	
-4.25324584481	-1706.43437613	
-4.257973986	-1706.43367746	
-4.26267987704	-1706.43299472	
-4.26736372635	-1706.43232769	
-4.27202573946	-1706.43167613	
-4.27666611902	-1706.43103982	
-4.28128506487	-1706.43041853	
-4.28588277412	-1706.42981205	
-4.29045944115	-1706.42922017	
-4.29501525768	-1706.42864267	
-4.29955041285	-1706.42807936	
-4.3040650932	-1706.42753003	
-4.30855948279	-1706.42699448	
-4.31303376319	-1706.42647252	
-4.31748811354	-1706.42596396	
-4.3219227106	-1706.42546861	
-4.32633772881	-1706.4249863	
-4.33073334029	-1706.42451683	
-4.33510971489	-1706.42406004	
-4.33946702026	-1706.42361575	
-4.34380542185	-1706.42318379	
-4.348125083	-1706.42276399	
-4.3524261649	-1706.4223562	
-4.35670882669	-1706.42196024	
-4.36097322548	-1706.42157596	
-4.36521951636	-1706.4212032	
-4.36944785247	-1706.42084181	
-4.373658385	-1706.42049165	
-4.37785126326	-1706.42015255	
-4.38202663467	-1706.41982439	
-4.38618464482	-1706.419507	
-4.39032543749	-1706.41920027	
-4.39444915467	-1706.41890403	
-4.39855593663	-1706.41861817	
-4.40264592188	-1706.41834255	
-4.40671924726	-1706.41807704	
-4.41077604796	-1706.4178215	
-4.4148164575	-1706.41757581	
-4.4188406078	-1706.41733985	
-4.42284862919	-1706.41711349	
-4.42684065046	-1706.41689662	
-4.43081679884	-1706.41668911	
-4.43477720006	-1706.41649085	
-4.43872197835	-1706.41630172	
-4.44265125649	-1706.41612161	
-4.44656515581	-1706.41595041	
-4.45046379623	-1706.41578801	
-4.45434729625	-1706.4156343	
-4.45821577303	-1706.41548918	
-4.46206934235	-1706.41535254	
-4.46590811865	-1706.41522427	
-4.46973221509	-1706.41510429	
-4.47354174351	-1706.41499248	
-4.47733681448	-1706.41488875	
-4.48111753732	-1706.414793	
-4.48488402011	-1706.41470514	
-4.48863636973	-1706.41462508	
-4.49237469184	-1706.41455272	
-4.49609909093	-1706.41448797	
-4.49980967033	-1706.41443074	
-4.50350653221	-1706.41438094	
-4.50718977763	-1706.4143385	
-4.51085950652	-1706.41430331	
-4.51451581772	-1706.4142753	
-4.518158809	-1706.41425439	
-4.52178857705	-1706.41424048	
-4.52540521752	-1706.41423351	
-4.52900882502	-1706.41423339	
-4.53259949315	-1706.41424005	
-4.5361773145	-1706.4142534	
-4.53974238067	-1706.41427337	
-4.54329478227	-1706.41429988	
-4.54683460898	-1706.41433287	
-4.55036194949	-1706.41437226	
-4.5538768916	-1706.41441797	
-4.55737952215	-1706.41446994	
-4.56086992709	-1706.41452809	
-4.56434819147	-1706.41459236	
-4.56781439944	-1706.41466268	
-4.57126863431	-1706.41473898	
-4.5747109785	-1706.4148212	
-4.5781415136	-1706.41490926	
-4.58156032035	-1706.41500311	
-4.58496747867	-1706.41510269	
-4.58836306767	-1706.41520792	
-4.59174716566	-1706.41531875	
-4.59511985013	-1706.41543512	
-4.59848119784	-1706.41555697	
-4.60183128472	-1706.41568423	
-4.60517018599	-1706.41581685	
-4.60849797608	-1706.41595477	
-4.61181472871	-1706.41609794	
-4.61512051684	-1706.4162463	
-4.61841541274	-1706.41639978	
-4.62169948794	-1706.41655834	
-4.62497281328	-1706.41672193	
-4.62823545892	-1706.41689049	
-4.63148749431	-1706.41706396	
-4.63472898823	-1706.4172423	
-4.63796000881	-1706.41742545	
-4.64118062351	-1706.41761336	
-4.64439089914	-1706.41780599	
-4.64759090187	-1706.41800328	
-4.65078069724	-1706.41820518	
-4.65396035016	-1706.41841165	
-4.65712992492	-1706.41862263	
-4.66028948521	-1706.41883809	
-4.66343909411	-1706.41905797	
-4.66657881412	-1706.41928223	
-4.66970870713	-1706.41951082	
-4.67282883446	-1706.41974371	
-4.67593925688	-1706.41998083	
-4.67904003455	-1706.42022216	
-4.68213122712	-1706.42046764	
-4.68521289366	-1706.42071724	
-4.6882850927	-1706.4209709	
-4.69134788223	-1706.4212286	
-4.69440131972	-1706.42149029	
-4.6974454621	-1706.42175593	
-4.70048036579	-1706.42202547	
-4.70350608671	-1706.42229889	
-4.70652268025	-1706.42257613	
-4.70953020131	-1706.42285717	
-4.71252870431	-1706.42314195	
-4.71551824316	-1706.42343045	
-4.7184988713	-1706.42372263	
-4.72147064168	-1706.42401845	
-4.72443360681	-1706.42431787	
-4.72738781871	-1706.42462085	
-4.73033332894	-1706.42492737	
-4.73327018862	-1706.42523739	
-4.73619844839	-1706.42555086	
-4.7391181585	-1706.42586776	
-4.74202936871	-1706.42618806	
-4.74493212836	-1706.42651171	
-4.74782648639	-1706.42683868	
-4.75071249128	-1706.42716895	
-4.75359019111	-1706.42750248	
-4.75645963353	-1706.42783923	
-4.75932086582	-1706.42817918	
-4.7621739348	-1706.42852229	
-4.76501888693	-1706.42886854	
-4.76785576827	-1706.42921788	
-4.77068462447	-1706.4295703	
-4.77350550081	-1706.42992576	
-4.77631844218	-1706.43028422	
-4.77912349311	-1706.43064567	
-4.78192069773	-1706.43101007	
-4.78471009982	-1706.43137739	
-4.78749174278	-1706.43174761	
-4.79026566966	-1706.43212069	
-4.79303192316	-1706.43249661	
-4.7957905456	-1706.43287534	
-4.79854157897	-1706.43325685	
-4.80128506491	-1706.43364112	
-4.80402104473	-1706.43402812	
-4.80674955939	-1706.43441782	
-4.8094706495	-1706.43481019	
-4.81218435537	-1706.43520522	
-4.81489071697	-1706.43560286	
-4.81758977394	-1706.43600311	
-4.82028156561	-1706.43640593	
-4.82296613098	-1706.4368113	
-4.82564350875	-1706.43721919	
-4.8283137373	-1706.43762958	
-4.83097685472	-1706.43804245	
-4.83363289878	-1706.43845777	
-4.83628190695	-1706.43887551	
-4.83892391641	-1706.43929566	
-4.84155896405	-1706.4397182	
-4.84418708646	-1706.44014308	
-4.84680831994	-1706.44057031	
-4.84942270051	-1706.44099985	
-4.85203026392	-1706.44143167	
-4.85463104562	-1706.44186577	
-4.8572250808	-1706.44230211	
-4.85981240436	-1706.44274068	
-4.86239305096	-1706.44318145	
-4.86496705495	-1706.4436244	
-4.86753445046	-1706.44406952	
-4.87009527132	-1706.44451678	
-4.87264955112	-1706.44496615	
-4.8751973232	-1706.44541763	
-4.87773862063	-1706.44587118	
-4.88027347623	-1706.4463268	
-4.88280192259	-1706.44678446	
-4.88532399202	-1706.44724413	
-4.88783971662	-1706.44770581	
-4.89034912822	-1706.44816947	
-4.89285225844	-1706.44863509	
-4.89534913864	-1706.44910266	
-4.89783979995	-1706.44957215	
-4.90032427328	-1706.45004355	
-4.90280258929	-1706.45051684	
-4.90527477844	-1706.450992	
-4.90774087093	-1706.45146901	
-4.91020089677	-1706.45194786	
-4.91265488574	-1706.45242853	
-4.91510286737	-1706.45291099	
-4.91754487103	-1706.45339524	
-4.91998092583	-1706.45388126	
-4.92241106068	-1706.45436902	
-4.92483530429	-1706.45485851	
-4.92725368516	-1706.45534973	
-4.92966623156	-1706.45584264	
-4.93207297159	-1706.45633723	
-4.93447393313	-1706.45683349	
-4.93686914386	-1706.4573314	
-4.93925863125	-1706.45783094	
-4.94164242261	-1706.45833211	
-4.94402054501	-1706.45883488	
-4.94639302537	-1706.45933924	
-4.94875989038	-1706.45984517	
-4.95112116656	-1706.46035265	
-4.95347688026	-1706.46086169	
-4.9558270576	-1706.46137225	
-4.95817172456	-1706.46188432	
-4.96051090691	-1706.46239789	
-4.96284463026	-1706.46291295	
-4.96517292002	-1706.46342947	
-4.96749580144	-1706.46394746	
-4.96981329958	-1706.46446688	
-4.97212543933	-1706.46498774	
-4.97443224543	-1706.46551	
-4.97673374242	-1706.46603367	
-4.97902995468	-1706.46655873	
-4.98132090643	-1706.46708516	
-4.98360662171	-1706.46761295	
-4.98588712441	-1706.46814209	
-4.98816243824	-1706.46867256	
-4.99043258678	-1706.46920435	
-4.99269759341	-1706.46973745	
-4.99495748138	-1706.47027185	
-4.99721227376	-1706.47080753	
-4.9994619935	-1706.47134448	
-5.00170666335	-1706.4718827	
-5.00394630595	-1706.47242215	
-5.00618094375	-1706.47296284	
-5.00841059907	-1706.47350476	
-5.0106352941	-1706.47404788	
-5.01285505083	-1706.4745922	
-5.01506989116	-1706.47513771	
-5.01727983681	-1706.47568439	
-5.01948490937	-1706.47623224	
-5.02168513028	-1706.47678124	
-5.02388052085	-1706.47733138	
-5.02607110223	-1706.47788265	
-5.02825689545	-1706.47843503	
-5.03043792139	-1706.47898853	
-5.03261420082	-1706.47954312	
-5.03478575433	-1706.4800988	
-5.03695260241	-1706.48065555	
-5.03911476542	-1706.48121336	
-5.04127226356	-1706.48177223	
-5.04342511692	-1706.48233215	
-5.04557334546	-1706.48289309	
-5.047716969	-1706.48345506	
-5.04985600725	-1706.48401804	
-5.05199047978	-1706.48458203	
-5.05412040604	-1706.485147	
-5.05624580535	-1706.48571296	
-5.05836669692	-1706.48627989	
-5.06048309982	-1706.48684778	
-5.06259503303	-1706.48741663	
-5.06470251537	-1706.48798642	
-5.06680556556	-1706.48855715	
-5.06890420222	-1706.48912879	
-5.07099844382	-1706.48970136	
-5.07308830874	-1706.49027483	
-5.07517381523	-1706.4908492	
-5.07725498144	-1706.49142445	
-5.07933182538	-1706.49200058	
-5.08140436498	-1706.49257759	
-5.08347261805	-1706.49315545	
-5.08553660227	-1706.49373417	
-5.08759633523	-1706.49431373	
-5.08965183441	-1706.49489412	
-5.09170311719	-1706.49547534	
-5.09375020081	-1706.49605738	
-5.09579310244	-1706.49664022	
-5.09783183913	-1706.49722387	
-5.09986642782	-1706.49780831	
-5.10189688537	-1706.49839353	
-5.10392322852	-1706.49897953	
-5.1059454739	-1706.4995663	
-5.10796363806	-1706.50015382	
-5.10997773743	-1706.5007421	
-5.11198778836	-1706.50133112	
-5.11399380708	-1706.50192088	
-5.11599580975	-1706.50251137	
-5.11799381242	-1706.50310257	
-5.11998783102	-1706.50369449	
-5.12197788143	-1706.50428712	
-5.1239639794	-1706.50488044	
-5.12594614061	-1706.50547446	
-5.12792438062	-1706.50606915	
-5.12989871492	-1706.50666453	
-5.13186915891	-1706.50726057	
-5.13383572788	-1706.50785727	
-5.13579843705	-1706.50845462	
-5.13775730154	-1706.50905263	
-5.13971233637	-1706.50965127	
-5.1416635565	-1706.51025054	
-5.14361097679	-1706.51085044	
-5.145554612	-1706.51145096	
-5.14749447681	-1706.5120521	
-5.14943058584	-1706.51265384	
-5.15136295359	-1706.51325617	
-5.1532915945	-1706.5138591	
-5.15521652291	-1706.51446262	
-5.15713775309	-1706.51506671	
-5.15905529921	-1706.51567137	
-5.1609691754	-1706.51627661	
-5.16287939565	-1706.5168824	
-5.16478597392	-1706.51748874	
-5.16668892407	-1706.51809564	
-5.16858825987	-1706.51870307	
-5.17048399504	-1706.51931104	
-5.17237614319	-1706.51991953	
-5.17426471788	-1706.52052855	
-5.17614973257	-1706.52113808	
-5.17803120067	-1706.52174813	
-5.1799091355	-1706.52235868	
-5.18178355029	-1706.52296973	
-5.18365445823	-1706.52358127	
-5.1855218724	-1706.52419329	
-5.18738580584	-1706.5248058	
-5.18924627149	-1706.52541879	
-5.19110328224	-1706.52603224	
-5.19295685089	-1706.52664616	
-5.19480699018	-1706.52726053	
-5.19665371277	-1706.52787536	
-5.19849703127	-1706.52849064	
-5.20033695819	-1706.52910636	
-5.202173506	-1706.52972252	
-5.20400668708	-1706.5303391	
-5.20583651375	-1706.53095612	
-5.20766299828	-1706.53157355	
-5.20948615284	-1706.5321914	
-5.21130598956	-1706.53280966	
-5.21312252048	-1706.53342832	
-5.21493575761	-1706.53404739	
-5.21674571285	-1706.53466685	
-5.21855239808	-1706.5352867	
-5.22035582508	-1706.53590693	
-5.22215600558	-1706.53652755	
-5.22395295126	-1706.53714854	
-5.22574667371	-1706.5377699	
-5.22753718449	-1706.53839162	
-5.22932449506	-1706.53901371	
-5.23110861685	-1706.53963615	
-5.23288956123	-1706.54025894	
-5.23466733947	-1706.54088208	
-5.23644196283	-1706.54150556	
-5.23821344248	-1706.54212938	
-5.23998178954	-1706.54275353	
-5.24174701506	-1706.54337801	
-5.24350913005	-1706.54400281	
-5.24526814546	-1706.54462793	
-5.24702407216	-1706.54525337	
-5.24877692099	-1706.54587911	
-5.25052670271	-1706.54650517	
-5.25227342805	-1706.54713152	
-5.25401710765	-1706.54775817	
-5.25575775213	-1706.54838511	
-5.25749537203	-1706.54901235	
-5.25922997784	-1706.54963986	
-5.26096158	-1706.55026766	
-5.2626901889	-1706.55089573	
-5.26441581487	-1706.55152408	
-5.26613846818	-1706.55215269	
-5.26785815906	-1706.55278157	
-5.26957489768	-1706.5534107	
-5.27128869416	-1706.5540401	
-5.27299955856	-1706.55466974	
-5.27470750091	-1706.55529963	
-5.27641253116	-1706.55592977	
-5.27811465923	-1706.55656015	
-5.27981389498	-1706.55719076	
-5.28151024823	-1706.55782161	
-5.28320372874	-1706.55845268	
-5.28489434622	-1706.55908398	
-5.28658211033	-1706.5597155	
-5.28826703069	-1706.56034724	
-5.28994911688	-1706.5609792	
-5.2916283784	-1706.56161136	
-5.29330482472	-1706.56224373	
-5.29497846528	-1706.5628763	
-5.29664930945	-1706.56350908	
-5.29831736655	-1706.56414205	
-5.29998264587	-1706.56477521	
-5.30164515664	-1706.56540856	
-5.30330490806	-1706.5660421	
-5.30496190927	-1706.56667582	
-5.30661616936	-1706.56730972	
-5.3082676974	-1706.56794379	
-5.30991650239	-1706.56857804	
-5.3115625933	-1706.56921245	
-5.31320597904	-1706.56984703	
-5.3148466685	-1706.57048178	
-5.3164846705	-1706.57111668	
-5.31811999384	-1706.57175174	
-5.31975264727	-1706.57238695	
-5.32138263948	-1706.57302231	
-5.32300997914	-1706.57365782	
-5.32463467487	-1706.57429347	
-5.32625673524	-1706.57492926	
-5.32787616879	-1706.57556519	
-5.32949298402	-1706.57620125	
-5.33110718937	-1706.57683744	
-5.33271879327	-1706.57747376	
-5.33432780407	-1706.57811021	
-5.33593423012	-1706.57874677	
-5.3375380797	-1706.57938346	
-5.33913936107	-1706.58002026	
-5.34073808243	-1706.58065718	
-5.34233425196	-1706.58129421	
-5.3439278778	-1706.58193134	
-5.34551896803	-1706.58256858	
-5.34710753072	-1706.58320593	
-5.34869357387	-1706.58384337	
-5.35027710548	-1706.5844809	
-5.35185813348	-1706.58511854	
-5.35343666577	-1706.58575626	
-5.35501271022	-1706.58639407	
-5.35658627467	-1706.58703196	
-5.3581573669	-1706.58766994	
-5.35972599468	-1706.588308	
-5.36129216571	-1706.58894614	
-5.36285588769	-1706.58958435	
-5.36441716825	-1706.59022264	
-5.36597601502	-1706.59086099	
-5.36753243557	-1706.59149941	
-5.36908643744	-1706.5921379	
-5.37063802813	-1706.59277645	
-5.37218721511	-1706.59341506	
-5.37373400583	-1706.59405372	
-5.37527840768	-1706.59469244	
-5.37682042804	-1706.59533122	
-5.37836007422	-1706.59597004	
-5.37989735354	-1706.59660891	
-5.38143227326	-1706.59724783	
-5.38296484061	-1706.59788679	
-5.38449506279	-1706.59852579	
-5.38602294697	-1706.59916483	
-5.38754850028	-1706.59980391	
-5.38907172982	-1706.60044301	
-5.39059264266	-1706.60108215	
-5.39211124583	-1706.60172132	
-5.39362754635	-1706.60236052	
-5.39514155118	-1706.60299974	
-5.39665326727	-1706.60363898	
-5.39816270152	-1706.60427825	
-5.39966986081	-1706.60491753	
-5.40117475199	-1706.60555683	
-5.40267738187	-1706.60619614	
-5.40417775725	-1706.60683546	
-5.40567588487	-1706.6074748	
-5.40717177146	-1706.60811414	
-5.40866542372	-1706.60875348	
-5.4101568483	-1706.60939283	
-5.41164605186	-1706.61003218	
-5.41313304098	-1706.61067153	
-5.41461782224	-1706.61131088	
-5.4161004022	-1706.61195022	
-5.41758078737	-1706.61258956	
-5.41905898424	-1706.61322889	
-5.42053499927	-1706.6138682	
-5.42200883889	-1706.61450751	
-5.4234805095	-1706.6151468	
-5.42495001748	-1706.61578607	
-5.42641736918	-1706.61642532	
-5.4278825709	-1706.61706456	
-5.42934562895	-1706.61770377	
-5.43080654959	-1706.61834296	
-5.43226533906	-1706.61898212	
-5.43372200355	-1706.61962126	
-5.43517654927	-1706.62026036	
-5.43662898235	-1706.62089944	
-5.43807930892	-1706.62153848	
-5.4395275351	-1706.62217749	
-5.44097366695	-1706.62281646	
-5.44241771052	-1706.62345539	
-5.44385967184	-1706.62409428	
-5.4452995569	-1706.62473313	
-5.44673737167	-1706.62537194	
-5.44817312209	-1706.6260107	
-5.44960681409	-1706.62664942	
-5.45103845357	-1706.62728809	
-5.45246804638	-1706.6279267	
-5.45389559837	-1706.62856527	
-5.45532111536	-1706.62920378	
-5.45674460314	-1706.62984223	
-5.45816606749	-1706.63048063	
-5.45958551414	-1706.63111897	
-5.46100294883	-1706.63175726	
-5.46241837723	-1706.63239548	
-5.46383180503	-1706.63303363	
-5.46524323786	-1706.63367173	
-5.46665268137	-1706.63430975	
-5.46806014114	-1706.63494771	
-5.46946562274	-1706.6355856	
-5.47086913175	-1706.63622342	
-5.47227067367	-1706.63686117	
-5.47367025403	-1706.63749884	
-5.47506787829	-1706.63813644	
-5.47646355193	-1706.63877396	
-5.47785728038	-1706.6394114	
-5.47924906905	-1706.64004877	
-5.48063892334	-1706.64068605	
-5.48202684862	-1706.64132325	
-5.48341285022	-1706.64196037	
-5.48479693349	-1706.6425974	
-5.48617910372	-1706.64323435	
-5.48755936619	-1706.64387121	
-5.48893772616	-1706.64450798	
-5.49031418887	-1706.64514466	
-5.49168875953	-1706.64578124	
-5.49306144334	-1706.64641774	
-5.49443224547	-1706.64705414	
-5.49580117108	-1706.64769044	
-5.49716822529	-1706.64832664	
-5.49853341322	-1706.64896275	
-5.49989673995	-1706.64959876	
-5.50125821054	-1706.65023467	
-5.50261783006	-1706.65087047	
-5.50397560352	-1706.65150617	
-5.50533153593	-1706.65214177	
-5.50668563228	-1706.65277726	
-5.50803789753	-1706.65341264	
-5.50938833663	-1706.65404792	
-5.5107369545	-1706.65468308	
-5.51208375605	-1706.65531814	
-5.51342874616	-1706.65595308	
-5.51477192971	-1706.65658791	
-5.51611331154	-1706.65722262	
-5.51745289646	-1706.65785722	
-5.51879068931	-1706.65849171	
-5.52012669485	-1706.65912607	
-5.52146091786	-1706.65976032	
-5.5227933631	-1706.66039444	
-5.52412403528	-1706.66102845	
-5.52545293913	-1706.66166233	
-5.52678007934	-1706.66229609	
-5.52810546058	-1706.66292972	
-5.52942908751	-1706.66356323	
-5.53075096477	-1706.66419661	
-5.53207109697	-1706.66482986	
-5.53338948873	-1706.66546299	
-5.53470614461	-1706.66609598	
-5.53602106919	-1706.66672885	
-5.53733426702	-1706.66736158	
-5.53864574262	-1706.66799418	
-5.5399555005	-1706.66862665	
-5.54126354516	-1706.66925898	
-5.54256988107	-1706.66989117	
-5.5438745127	-1706.67052323	
-5.54517744448	-1706.67115515	
-5.54647868084	-1706.67178693	
-5.54777822618	-1706.67241857	
-5.5490760849	-1706.67305007	
-5.55037226136	-1706.67368143	
-5.55166675992	-1706.67431264	
-5.55295958492	-1706.67494371	
-5.55425074069	-1706.67557464	
-5.55554023152	-1706.67620542	
-5.5568280617	-1706.67683605	
-5.55811423551	-1706.67746654	
-5.5593987572	-1706.67809688	
-5.56068163102	-1706.67872707	
-5.56196286117	-1706.67935711	
-5.56324245188	-1706.67998699	
-5.56452040732	-1706.68061673	
-5.56579673168	-1706.68124631	
-5.56707142911	-1706.68187574	
-5.56834450376	-1706.68250502	
-5.56961595975	-1706.68313414	
-5.57088580119	-1706.6837631	
-5.57215403218	-1706.6843919	
-5.57342065679	-1706.68502055	
-5.5746856791	-1706.68564904	
-5.57594910315	-1706.68627737	
-5.57721093297	-1706.68690554	
-5.57847117258	-1706.68753355	
-5.57972982599	-1706.6881614	
-5.58098689718	-1706.68878908	
-5.58224239012	-1706.6894166	
-5.58349630878	-1706.69004395	
-5.5847486571	-1706.69067114	
-5.585999439	-1706.69129817	
-5.5872486584	-1706.69192503	
-5.5884963192	-1706.69255172	
-5.58974242528	-1706.69317824	
-5.59098698051	-1706.69380459	
-5.59222998875	-1706.69443078	
-5.59347145384	-1706.69505679	
-5.5947113796	-1706.69568263	
-5.59594976985	-1706.6963083	
-5.59718662839	-1706.6969338	
-5.598421959	-1706.69755913	
-5.59965576545	-1706.69818428	
-5.60088805149	-1706.69880925	
-5.60211882088	-1706.69943405	
-5.60334807733	-1706.70005868	
-5.60457582457	-1706.70068313	
-5.6058020663	-1706.7013074	
-5.60702680619	-1706.70193149	
-5.60825004793	-1706.7025554	
-5.60947179518	-1706.70317914	
-5.61069205159	-1706.70380269	
-5.61191082078	-1706.70442606	
-5.61312810639	-1706.70504926	
-5.61434391201	-1706.70567227	
-5.61555824124	-1706.70629509	
-5.61677109767	-1706.70691774	
-5.61798248485	-1706.7075402	
-5.61919240636	-1706.70816247	
-5.62040086572	-1706.70878457	
-5.62160786647	-1706.70940647	
-5.62281341212	-1706.71002819	
-5.62401750619	-1706.71064972	
-5.62522015215	-1706.71127107	
-5.6264213535	-1706.71189222	
-5.62762111369	-1706.71251319	
-5.62881943618	-1706.71313397	
-5.63001632442	-1706.71375456	
-5.63121178182	-1706.71437496	
-5.63240581181	-1706.71499516	
-5.6335984178	-1706.71561518	
-5.63478960317	-1706.716235	
-5.6359793713	-1706.71685464	
-5.63716772557	-1706.71747407	
-5.63835466933	-1706.71809332	
-5.63954020593	-1706.71871237	
-5.64072433869	-1706.71933122	
-5.64190707094	-1706.71994988	
-5.64308840598	-1706.72056835	
-5.64426834712	-1706.72118662	
-5.64544689764	-1706.72180469	
-5.64662406082	-1706.72242256	
-5.64779983991	-1706.72304024	
-5.64897423816	-1706.72365772	
-5.65014725882	-1706.72427499	
-5.65131890512	-1706.72489207	
-5.65248918027	-1706.72550895	
-5.65365808747	-1706.72612563	
-5.65482562993	-1706.72674211	
-5.65599181082	-1706.72735839	
-5.65715663332	-1706.72797446	
-5.65832010058	-1706.72859034	
-5.65948221576	-1706.72920601	
-5.660642982	-1706.72982148	
-5.66180240242	-1706.73043674	
-5.66296048014	-1706.7310518	
-5.66411721826	-1706.73166665	
-5.66527261989	-1706.7322813	
-5.66642668811	-1706.73289575	
-5.66757942599	-1706.73350999	
-5.6687308366	-1706.73412402	
-5.66988092298	-1706.73473785	
-5.67102968818	-1706.73535147	
-5.67217713524	-1706.73596488	
-5.67332326717	-1706.73657808	
-5.67446808699	-1706.73719108	
-5.67561159769	-1706.73780387	
-5.67675380227	-1706.73841644	
-5.6778947037	-1706.73902881	
-5.67903430497	-1706.73964097	
-5.68017260902	-1706.74025292	
-5.6813096188	-1706.74086466	
-5.68244533727	-1706.74147618	
-5.68357976734	-1706.7420875	
-5.68471291194	-1706.7426986	
-5.68584477397	-1706.74330949	
-5.68697535634	-1706.74392017	
-5.68810466194	-1706.74453063	
-5.68923269364	-1706.74514089	
-5.69035945432	-1706.74575092	
-5.69148494685	-1706.74636075	
-5.69260917406	-1706.74697036	
-5.6937321388	-1706.74757975	
-5.69485384391	-1706.74818893	
-5.69597429221	-1706.7487979	
-5.69709348651	-1706.74940664	
-5.69821142961	-1706.75001518	
-5.69932812431	-1706.75062349	
-5.70044357339	-1706.75123159	
-5.70155777963	-1706.75183947	
-5.7026707458	-1706.75244714	
-5.70378247466	-1706.75305458	
-5.70489296894	-1706.75366181	
-5.70600223139	-1706.75426882	
-5.70711026475	-1706.75487561	
-5.70821707172	-1706.75548218	
-5.70932265503	-1706.75608854	
-5.71042701737	-1706.75669467	
-5.71153016145	-1706.75730058	
-5.71263208993	-1706.75790628	
-5.71373280551	-1706.75851175	
-5.71483231084	-1706.759117	
-5.71593060859	-1706.75972203	
-5.71702770141	-1706.76032684	
-5.71812359193	-1706.76093143	
-5.71921828279	-1706.76153579	
-5.72031177661	-1706.76213993	
-5.72140407601	-1706.76274385	
-5.72249518359	-1706.76334755	
-5.72358510195	-1706.76395103	
-5.72467383369	-1706.76455428	
-5.72576138137	-1706.7651573	
-5.72684774759	-1706.76576011	
-5.72793293489	-1706.76636269	
-5.72901694583	-1706.76696504	
-5.73009978297	-1706.76756717	
-5.73118144884	-1706.76816908	
-5.73226194598	-1706.76877076	
-5.7333412769	-1706.76937221	
-5.73441944412	-1706.76997344	
-5.73549645015	-1706.77057445	
-5.73657229748	-1706.77117522	
-5.73764698861	-1706.77177577	
-5.73872052602	-1706.7723761	
-5.73979291218	-1706.77297619	
-5.74086414956	-1706.77357607	
-5.74193424062	-1706.77417571	
-5.74300318781	-1706.77477512	
-5.74407099357	-1706.77537431	
-5.74513766034	-1706.77597327	
-5.74620319054	-1706.776572	
-5.7472675866	-1706.77717051	
-5.74833085092	-1706.77776878	
-5.74939298591	-1706.77836683	
-5.75045399397	-1706.77896465	
-5.75151387748	-1706.77956223	
-5.75257263883	-1706.78015959	
-5.75363028038	-1706.78075672	
-5.75468680452	-1706.78135362	
-5.75574221359	-1706.78195029	
-5.75679650994	-1706.78254673	
-5.75784969593	-1706.78314294	
-5.75890177388	-1706.78373892	
-5.75995274612	-1706.78433466	
-5.76100261499	-1706.78493018	
-5.76205138278	-1706.78552546	
-5.76309905181	-1706.78612052	
-5.76414562438	-1706.78671534	
-5.76519110278	-1706.78730993	
-5.7662354893	-1706.78790429	
-5.76727878622	-1706.78849842	
-5.76832099579	-1706.78909231	
-5.7693621203	-1706.78968598	
-5.770402162	-1706.79027941	
-5.77144112313	-1706.79087261	
-5.77247900594	-1706.79146557	
-5.77351581267	-1706.7920583	
-5.77455154554	-1706.7926508	
-5.77558620679	-1706.79324307	
-5.77661979861	-1706.7938351	
-5.77765232322	-1706.7944269	
-5.77868378283	-1706.79501847	
-5.77971417962	-1706.7956098	
-5.78074351579	-1706.79620089	
-5.78177179352	-1706.79679176	
-5.78279901497	-1706.79738239	
-5.78382518233	-1706.79797278	
-5.78485029774	-1706.79856294	
-5.78587436337	-1706.79915287	
-5.78689738137	-1706.79974256	
-5.78791935386	-1706.80033201	
-5.788940283	-1706.80092123	
-5.7899601709	-1706.80151022	
-5.79097901969	-1706.80209897	
-5.79199683148	-1706.80268749	
-5.79301360838	-1706.80327577	
-5.7940293525	-1706.80386381	
-5.79504406593	-1706.80445162	
-5.79605775077	-1706.80503919	
-5.79707040908	-1706.80562652	
-5.79808204295	-1706.80621362	
-5.79909265446	-1706.80680049	
-5.80010224566	-1706.80738712	
-5.80111081862	-1706.80797351	
-5.80211837538	-1706.80855966	
-5.80312491799	-1706.80914558	
-5.80413044849	-1706.80973126	
-5.80513496892	-1706.8103167	
-5.80613848129	-1706.81090191	
-5.80714098764	-1706.81148688	
-5.80814248998	-1706.81207161	
-5.80914299031	-1706.81265611	
