-7.574441820930744029e-01
-5.022028525400697996e-01
-7.514166218454197965e-01
2.692799787941204670e+00
-7.647364381889902862e-01
2.472114933421320604e+00
2.411956565644435280e+00
-8.849689355710247396e-01
-4.145826145424233999e+00
-6.078326399777446376e+00
-4.268647979819257365e+00
-4.291518175026456383e+00
-6.682383333139626735e+00
-6.133940552219592668e+00
-6.148289919873940690e+00
-5.156595267976238794e+00
-6.090667072408130878e+00
-5.917223267840429735e+00
-5.678596499486179283e+00
-6.814921246401669741e+00
