# log_p 	 lnL 	 
0.0	-1778.10102392	
-0.287682072452	-1778.08240996	
-0.510825623766	-1778.05747539	
-0.69314718056	-1778.02423721	
-0.847297860387	-1777.98255986	
-0.980829253012	-1777.93452945	
-1.09861228867	-1777.88324961	
-1.20397280433	-1777.83170962	
-1.29928298413	-1777.78221521	
-1.38629436112	-1777.73627551	
-1.46633706879	-1777.69471818	
-1.54044504095	-1777.65787009	
-1.60943791243	-1777.62572497	
-1.67397643357	-1777.59807297	
-1.73460105539	-1777.57459149	
-1.79175946923	-1777.55490506	
-1.8458266905	-1777.53862294	
-1.89711998489	-1777.52536167	
-1.94591014906	-1777.51475779	
-1.99243016469	-1777.50647429	
-2.03688192726	-1777.50020337	
-2.07944154168	-1777.49566675	
-2.1202635362	-1777.49261478	
-2.15948424935	-1777.49082478	
-2.19722457734	-1777.4900991	
-2.23359222151	-1777.49026299	
-2.26868354132	-1777.49116254	
-2.30258509299	-1777.49266267	
-2.33537491582	-1777.49464528	
-2.36712361413	-1777.49700749	
-2.3978952728	-1777.49966007	
-2.42774823595	-1777.502526	
-2.45673577282	-1777.5055391	
-2.48490664979	-1777.50864288	
-2.51230562398	-1777.51178941	
-2.53897387106	-1777.51493839	
-2.56494935746	-1777.51805622	
-2.59026716545	-1777.52111521	
-2.61495977804	-1777.52409287	
-2.63905732962	-1777.52697126	
-2.66258782703	-1777.52973639	
-2.68557734525	-1777.53237773	
-2.7080502011	-1777.53488772	
-2.73002910782	-1777.53726135	
-2.75153531304	-1777.53949582	
-2.77258872224	-1777.54159017	
-2.79320800944	-1777.54354501	
-2.81341071676	-1777.54536227	
-2.83321334406	-1777.54704495	
-2.85263142991	-1777.54859694	
-2.87167962488	-1777.55002283	
-2.8903717579	-1777.55132776	
-2.90872089656	-1777.55251732	
-2.92673940207	-1777.55359738	
-2.94443897917	-1777.55457403	
-2.96183072188	-1777.5554535	
-2.97892515524	-1777.55624206	
-2.99573227355	-1777.55694597	
-3.01226157551	-1777.55757146	
-3.02852209638	-1777.55812464	
-3.04452243772	-1777.55861151	
-3.06027079469	-1777.55903789	
-3.07577498123	-1777.55940943	
-3.09104245336	-1777.55973159	
-3.10608033072	-1777.56000962	
-3.12089541651	-1777.56024854	
-3.13549421593	-1777.56045315	
-3.14988295338	-1777.56062804	
-3.16406758837	-1777.56077755	
-3.17805383035	-1777.5609058	
-3.19184715248	-1777.5610167	
-3.20545280454	-1777.56111392	
-3.21887582487	-1777.56120093	
-3.23212105162	-1777.56128097	
-3.24519313319	-1777.5613571	
-3.25809653802	-1777.56143218	
-3.2708355638	-1777.56150886	
-3.28341434601	-1777.56158963	
-3.295836866	-1777.56167681	
-3.3081069586	-1777.56177252	
-3.32022831913	-1777.56187876	
-3.33220451018	-1777.56199736	
-3.34403896782	-1777.56213001	
-3.35573500759	-1777.56227825	
-3.36729582999	-1777.56244352	
-3.37872452581	-1777.5626271	
-3.39002408106	-1777.5628302	
-3.40119738166	-1777.56305387	
-3.41224721785	-1777.5632991	
-3.42317628838	-1777.56356676	
-3.43398720449	-1777.56385763	
-3.4446824936	-1777.56417241	
-3.45526460293	-1777.56451173	
-3.4657359028	-1777.56487612	
-3.47609868984	-1777.56526605	
-3.48635519	-1777.56568194	
-3.49650756147	-1777.56612413	
-3.50655789732	-1777.5665929	
-3.51650822817	-1777.56708849	
-3.52636052462	-1777.56761108	
-3.53611669956	-1777.5681608	
-3.54577861047	-1777.56873776	
-3.55534806149	-1777.569342	
-3.56482680544	-1777.56997354	
-3.57421654579	-1777.57063236	
-3.58351893846	-1777.5713184	
-3.59273559356	-1777.5720316	
-3.60186807712	-1777.57277183	
-3.61091791264	-1777.57353897	
-3.61988658263	-1777.57433285	
-3.62877553004	-1777.57515331	
-3.63758615973	-1777.57600014	
-3.6463198397	-1777.57687313	
-3.65497790244	-1777.57777205	
-3.66356164613	-1777.57869664	
-3.6720723358	-1777.57964666	
-3.68051120444	-1777.58062183	
-3.68887945411	-1777.58162187	
-3.69717825693	-1777.58264649	
-3.70540875607	-1777.58369537	
-3.7135720667	-1777.58476823	
-3.72166927694	-1777.58586473	
-3.72970144863	-1777.58698456	
-3.73766961828	-1777.5881274	
-3.74557479779	-1777.5892929	
-3.75341797525	-1777.59048074	
-3.76120011569	-1777.59169058	
-3.76892216179	-1777.59292208	
-3.77658503453	-1777.59417489	
-3.78418963392	-1777.59544867	
-3.79173683955	-1777.59674308	
-3.79922751128	-1777.59805777	
-3.80666248977	-1777.59939239	
-3.81404259707	-1777.60074661	
-3.82136863716	-1777.60212007	
-3.82864139649	-1777.60351243	
-3.83586164446	-1777.60492335	
-3.84303013394	-1777.60635249	
-3.85014760171	-1777.6077995	
-3.85721476893	-1777.60926406	
-3.86423234159	-1777.61074583	
-3.87120101091	-1777.61224447	
-3.87812145375	-1777.61375966	
-3.88499433304	-1777.61529106	
-3.89182029811	-1777.61683836	
-3.8985999851	-1777.61840122	
-3.90533401728	-1777.61997934	
-3.91202300543	-1777.6215724	
-3.91866754815	-1777.62318008	
-3.92526823218	-1777.62480208	
-3.93182563272	-1777.6264381	
-3.93834031375	-1777.62808782	
-3.94481282825	-1777.62975096	
-3.95124371858	-1777.63142722	
-3.95763351668	-1777.6331163	
-3.96398274436	-1777.63481793	
-3.97029191355	-1777.63653182	
-3.97656152657	-1777.63825769	
-3.98279207632	-1777.63999526	
-3.98898404656	-1777.64174426	
-3.99513791214	-1777.64350443	
-4.00125413916	-1777.6452755	
-4.00733318523	-1777.64705721	
-4.01337549969	-1777.6488493	
-4.01938152375	-1777.65065152	
-4.02535169074	-1777.65246362	
-4.03128642625	-1777.65428536	
-4.03718614838	-1777.65611649	
-4.04305126783	-1777.65795678	
-4.04888218815	-1777.65980599	
-4.05467930583	-1777.66166388	
-4.06044301055	-1777.66353025	
-4.06617368526	-1777.66540485	
-4.07187170637	-1777.66728747	
-4.07753744391	-1777.6691779	
-4.08317126162	-1777.67107591	
-4.08877351717	-1777.67298131	
-4.09434456222	-1777.67489388	
-4.0998847426	-1777.67681342	
-4.10539439841	-1777.67873974	
-4.11087386417	-1777.68067263	
-4.11632346894	-1777.6826119	
-4.12174353641	-1777.68455737	
-4.12713438505	-1777.68650884	
-4.13249632819	-1777.68846614	
-4.13782967416	-1777.69042908	
-4.14313472639	-1777.69239749	
-4.14841178349	-1777.69437119	
-4.15366113938	-1777.69635001	
-4.15888308336	-1777.69833378	
-4.16407790024	-1777.70032234	
-4.1692458704	-1777.70231552	
-4.1743872699	-1777.70431316	
-4.17950237056	-1777.70631512	
-4.18459144007	-1777.70832123	
-4.18965474203	-1777.71033133	
-4.19469253606	-1777.7123453	
-4.19970507788	-1777.71436296	
-4.20469261939	-1777.71638419	
-4.20965540873	-1777.71840884	
-4.21459369037	-1777.72043678	
-4.21950770518	-1777.72246786	
-4.22439769047	-1777.72450195	
-4.22926388012	-1777.72653892	
-4.2341065046	-1777.72857865	
-4.23892579103	-1777.730621	
-4.2437219633	-1777.73266585	
-4.24849524205	-1777.73471308	
-4.25324584481	-1777.73676256	
-4.257973986	-1777.73881419	
-4.26267987704	-1777.74086784	
-4.26736372635	-1777.7429234	
-4.27202573946	-1777.74498076	
-4.27666611902	-1777.7470398	
-4.28128506487	-1777.74910043	
-4.28588277412	-1777.75116253	
-4.29045944115	-1777.75322601	
-4.29501525768	-1777.75529075	
-4.29955041285	-1777.75735666	
-4.3040650932	-1777.75942365	
-4.30855948279	-1777.76149161	
-4.31303376319	-1777.76356044	
-4.31748811354	-1777.76563007	
-4.3219227106	-1777.76770039	
-4.32633772881	-1777.76977131	
-4.33073334029	-1777.77184276	
-4.33510971489	-1777.77391463	
-4.33946702026	-1777.77598686	
-4.34380542185	-1777.77805934	
-4.348125083	-1777.78013201	
-4.3524261649	-1777.78220478	
-4.35670882669	-1777.78427757	
-4.36097322548	-1777.78635031	
-4.36521951636	-1777.78842292	
-4.36944785247	-1777.79049533	
-4.373658385	-1777.79256746	
-4.37785126326	-1777.79463924	
-4.38202663467	-1777.7967106	
-4.38618464482	-1777.79878148	
-4.39032543749	-1777.8008518	
-4.39444915467	-1777.8029215	
-4.39855593663	-1777.80499051	
-4.40264592188	-1777.80705878	
-4.40671924726	-1777.80912623	
-4.41077604796	-1777.8111928	
-4.4148164575	-1777.81325844	
-4.4188406078	-1777.81532309	
-4.42284862919	-1777.81738669	
-4.42684065046	-1777.81944918	
-4.43081679884	-1777.8215105	
-4.43477720006	-1777.82357061	
-4.43872197835	-1777.82562944	
-4.44265125649	-1777.82768695	
-4.44656515581	-1777.82974308	
-4.45046379623	-1777.83179778	
-4.45434729625	-1777.83385101	
-4.45821577303	-1777.83590271	
-4.46206934235	-1777.83795284	
-4.46590811865	-1777.84000134	
-4.46973221509	-1777.84204819	
-4.47354174351	-1777.84409332	
-4.47733681448	-1777.84613669	
-4.48111753732	-1777.84817827	
-4.48488402011	-1777.85021801	
-4.48863636973	-1777.85225587	
-4.49237469184	-1777.8542918	
-4.49609909093	-1777.85632577	
-4.49980967033	-1777.85835774	
-4.50350653221	-1777.86038767	
-4.50718977763	-1777.86241552	
-4.51085950652	-1777.86444126	
-4.51451581772	-1777.86646485	
-4.518158809	-1777.86848625	
-4.52178857705	-1777.87050544	
-4.52540521752	-1777.87252237	
-4.52900882502	-1777.87453701	
-4.53259949315	-1777.87654934	
-4.5361773145	-1777.87855931	
-4.53974238067	-1777.8805669	
-4.54329478227	-1777.88257208	
-4.54683460898	-1777.88457482	
-4.55036194949	-1777.88657508	
-4.5538768916	-1777.88857285	
-4.55737952215	-1777.89056809	
-4.56086992709	-1777.89256077	
-4.56434819147	-1777.89455087	
-4.56781439944	-1777.89653836	
-4.57126863431	-1777.89852321	
-4.5747109785	-1777.90050541	
-4.5781415136	-1777.90248493	
-4.58156032035	-1777.90446173	
-4.58496747867	-1777.90643581	
-4.58836306767	-1777.90840713	
-4.59174716566	-1777.91037567	
-4.59511985013	-1777.91234142	
-4.59848119784	-1777.91430434	
-4.60183128472	-1777.91626442	
-4.60517018599	-1777.91822165	
-4.60849797608	-1777.92017599	
-4.61181472871	-1777.92212743	
-4.61512051684	-1777.92407595	
-4.61841541274	-1777.92602153	
-4.62169948794	-1777.92796415	
-4.62497281328	-1777.9299038	
-4.62823545892	-1777.93184045	
-4.63148749431	-1777.9337741	
-4.63472898823	-1777.93570472	
-4.63796000881	-1777.9376323	
-4.64118062351	-1777.93955682	
-4.64439089914	-1777.94147827	
-4.64759090187	-1777.94339663	
-4.65078069724	-1777.94531189	
-4.65396035016	-1777.94722403	
-4.65712992492	-1777.94913304	
-4.66028948521	-1777.95103891	
-4.66343909411	-1777.95294162	
-4.66657881412	-1777.95484115	
-4.66970870713	-1777.95673751	
-4.67282883446	-1777.95863067	
-4.67593925688	-1777.96052063	
-4.67904003455	-1777.96240736	
-4.68213122712	-1777.96429087	
-4.68521289366	-1777.96617114	
-4.6882850927	-1777.96804815	
-4.69134788223	-1777.96992191	
-4.69440131972	-1777.97179239	
-4.6974454621	-1777.9736596	
-4.70048036579	-1777.97552351	
-4.70350608671	-1777.97738413	
-4.70652268025	-1777.97924144	
-4.70953020131	-1777.98109543	
-4.71252870431	-1777.9829461	
-4.71551824316	-1777.98479343	
-4.7184988713	-1777.98663743	
-4.72147064168	-1777.98847807	
-4.72443360681	-1777.99031536	
-4.72738781871	-1777.99214929	
-4.73033332894	-1777.99397985	
-4.73327018862	-1777.99580704	
-4.73619844839	-1777.99763084	
-4.7391181585	-1777.99945126	
-4.74202936871	-1778.00126828	
-4.74493212836	-1778.00308191	
-4.74782648639	-1778.00489213	
-4.75071249128	-1778.00669894	
-4.75359019111	-1778.00850233	
-4.75645963353	-1778.01030231	
-4.75932086582	-1778.01209886	
-4.7621739348	-1778.01389199	
-4.76501888693	-1778.01568168	
-4.76785576827	-1778.01746794	
-4.77068462447	-1778.01925075	
-4.77350550081	-1778.02103013	
-4.77631844218	-1778.02280605	
-4.77912349311	-1778.02457853	
-4.78192069773	-1778.02634755	
-4.78471009982	-1778.02811312	
-4.78749174278	-1778.02987522	
-4.79026566966	-1778.03163387	
-4.79303192316	-1778.03338905	
-4.7957905456	-1778.03514077	
-4.79854157897	-1778.03688902	
-4.80128506491	-1778.0386338	
-4.80402104473	-1778.04037511	
-4.80674955939	-1778.04211295	
-4.8094706495	-1778.04384731	
-4.81218435537	-1778.0455782	
-4.81489071697	-1778.04730561	
-4.81758977394	-1778.04902954	
-4.82028156561	-1778.05075	
-4.82296613098	-1778.05246697	
-4.82564350875	-1778.05418047	
-4.8283137373	-1778.05589049	
-4.83097685472	-1778.05759702	
-4.83363289878	-1778.05930008	
-4.83628190695	-1778.06099965	
-4.83892391641	-1778.06269575	
-4.84155896405	-1778.06438837	
-4.84418708646	-1778.0660775	
-4.84680831994	-1778.06776316	
-4.84942270051	-1778.06944534	
-4.85203026392	-1778.07112404	
-4.85463104562	-1778.07279926	
-4.8572250808	-1778.07447101	
-4.85981240436	-1778.07613928	
-4.86239305096	-1778.07780408	
-4.86496705495	-1778.0794654	
-4.86753445046	-1778.08112326	
-4.87009527132	-1778.08277764	
-4.87264955112	-1778.08442855	
-4.8751973232	-1778.086076	
-4.87773862063	-1778.08771999	
-4.88027347623	-1778.08936051	
-4.88280192259	-1778.09099757	
-4.88532399202	-1778.09263117	
-4.88783971662	-1778.09426131	
-4.89034912822	-1778.095888	
-4.89285225844	-1778.09751123	
-4.89534913864	-1778.09913101	
-4.89783979995	-1778.10074735	
-4.90032427328	-1778.10236024	
-4.90280258929	-1778.10396969	
-4.90527477844	-1778.1055757	
-4.90774087093	-1778.10717827	
-4.91020089677	-1778.10877741	
-4.91265488574	-1778.11037311	
-4.91510286737	-1778.11196539	
-4.91754487103	-1778.11355424	
-4.91998092583	-1778.11513967	
-4.92241106068	-1778.11672168	
-4.92483530429	-1778.11830027	
-4.92725368516	-1778.11987545	
-4.92966623156	-1778.12144722	
-4.93207297159	-1778.12301559	
-4.93447393313	-1778.12458055	
-4.93686914386	-1778.12614212	
-4.93925863125	-1778.12770029	
-4.94164242261	-1778.12925507	
-4.94402054501	-1778.13080646	
-4.94639302537	-1778.13235447	
-4.94875989038	-1778.1338991	
-4.95112116656	-1778.13544035	
-4.95347688026	-1778.13697823	
-4.9558270576	-1778.13851274	
-4.95817172456	-1778.14004389	
-4.96051090691	-1778.14157168	
-4.96284463026	-1778.14309611	
-4.96517292002	-1778.1446172	
-4.96749580144	-1778.14613493	
-4.96981329958	-1778.14764933	
-4.97212543933	-1778.14916038	
-4.97443224543	-1778.15066811	
-4.97673374242	-1778.1521725	
-4.97902995468	-1778.15367357	
-4.98132090643	-1778.15517132	
-4.98360662171	-1778.15666575	
-4.98588712441	-1778.15815687	
-4.98816243824	-1778.15964469	
-4.99043258678	-1778.1611292	
-4.99269759341	-1778.16261042	
-4.99495748138	-1778.16408835	
-4.99721227376	-1778.16556299	
-4.9994619935	-1778.16703435	
-5.00170666335	-1778.16850243	
-5.00394630595	-1778.16996724	
-5.00618094375	-1778.17142878	
-5.00841059907	-1778.17288706	
-5.0106352941	-1778.17434208	
-5.01285505083	-1778.17579385	
-5.01506989116	-1778.17724237	
-5.01727983681	-1778.17868765	
-5.01948490937	-1778.1801297	
-5.02168513028	-1778.18156851	
-5.02388052085	-1778.1830041	
-5.02607110223	-1778.18443646	
-5.02825689545	-1778.18586561	
-5.03043792139	-1778.18729155	
-5.03261420082	-1778.18871429	
-5.03478575433	-1778.19013382	
-5.03695260241	-1778.19155017	
-5.03911476542	-1778.19296332	
-5.04127226356	-1778.19437329	
-5.04342511692	-1778.19578008	
-5.04557334546	-1778.1971837	
-5.047716969	-1778.19858415	
-5.04985600725	-1778.19998144	
-5.05199047978	-1778.20137558	
-5.05412040604	-1778.20276656	
-5.05624580535	-1778.2041544	
-5.05836669692	-1778.2055391	
-5.06048309982	-1778.20692067	
-5.06259503303	-1778.20829911	
-5.06470251537	-1778.20967443	
-5.06680556556	-1778.21104663	
-5.06890420222	-1778.21241572	
-5.07099844382	-1778.21378171	
-5.07308830874	-1778.21514459	
-5.07517381523	-1778.21650439	
-5.07725498144	-1778.21786109	
-5.07933182538	-1778.21921472	
-5.08140436498	-1778.22056526	
-5.08347261805	-1778.22191274	
-5.08553660227	-1778.22325715	
-5.08759633523	-1778.22459851	
-5.08965183441	-1778.22593681	
-5.09170311719	-1778.22727206	
-5.09375020081	-1778.22860427	
-5.09579310244	-1778.22993345	
-5.09783183913	-1778.2312596	
-5.09986642782	-1778.23258272	
-5.10189688537	-1778.23390283	
-5.10392322852	-1778.23521992	
-5.1059454739	-1778.23653401	
-5.10796363806	-1778.2378451	
-5.10997773743	-1778.2391532	
-5.11198778836	-1778.2404583	
-5.11399380708	-1778.24176043	
-5.11599580975	-1778.24305958	
-5.11799381242	-1778.24435576	
-5.11998783102	-1778.24564897	
-5.12197788143	-1778.24693923	
-5.1239639794	-1778.24822654	
-5.12594614061	-1778.2495109	
-5.12792438062	-1778.25079232	
-5.12989871492	-1778.2520708	
-5.13186915891	-1778.25334636	
-5.13383572788	-1778.25461899	
-5.13579843705	-1778.25588871	
-5.13775730154	-1778.25715552	
-5.13971233637	-1778.25841943	
-5.1416635565	-1778.25968044	
-5.14361097679	-1778.26093856	
-5.145554612	-1778.26219379	
-5.14749447681	-1778.26344614	
-5.14943058584	-1778.26469562	
-5.15136295359	-1778.26594223	
-5.1532915945	-1778.26718598	
-5.15521652291	-1778.26842687	
-5.15713775309	-1778.26966491	
-5.15905529921	-1778.27090012	
-5.1609691754	-1778.27213248	
-5.16287939565	-1778.27336201	
-5.16478597392	-1778.27458872	
-5.16668892407	-1778.27581261	
-5.16858825987	-1778.27703369	
-5.17048399504	-1778.27825196	
-5.17237614319	-1778.27946742	
-5.17426471788	-1778.2806801	
-5.17614973257	-1778.28188998	
-5.17803120067	-1778.28309709	
-5.1799091355	-1778.28430141	
-5.18178355029	-1778.28550297	
-5.18365445823	-1778.28670176	
-5.1855218724	-1778.2878978	
-5.18738580584	-1778.28909108	
-5.18924627149	-1778.29028161	
-5.19110328224	-1778.29146941	
-5.19295685089	-1778.29265447	
-5.19480699018	-1778.2938368	
-5.19665371277	-1778.29501641	
-5.19849703127	-1778.29619331	
-5.20033695819	-1778.2973675	
-5.202173506	-1778.29853898	
-5.20400668708	-1778.29970776	
-5.20583651375	-1778.30087386	
-5.20766299828	-1778.30203727	
-5.20948615284	-1778.30319799	
-5.21130598956	-1778.30435605	
-5.21312252048	-1778.30551144	
-5.21493575761	-1778.30666416	
-5.21674571285	-1778.30781423	
-5.21855239808	-1778.30896165	
-5.22035582508	-1778.31010643	
-5.22215600558	-1778.31124857	
-5.22395295126	-1778.31238808	
-5.22574667371	-1778.31352497	
-5.22753718449	-1778.31465923	
-5.22932449506	-1778.31579088	
-5.23110861685	-1778.31691992	
-5.23288956123	-1778.31804637	
-5.23466733947	-1778.31917021	
-5.23644196283	-1778.32029147	
-5.23821344248	-1778.32141014	
-5.23998178954	-1778.32252624	
-5.24174701506	-1778.32363976	
-5.24350913005	-1778.32475072	
-5.24526814546	-1778.32585912	
-5.24702407216	-1778.32696496	
-5.24877692099	-1778.32806826	
-5.25052670271	-1778.32916902	
-5.25227342805	-1778.33026724	
-5.25401710765	-1778.33136292	
-5.25575775213	-1778.33245609	
-5.25749537203	-1778.33354673	
-5.25922997784	-1778.33463487	
-5.26096158	-1778.33572049	
-5.2626901889	-1778.33680362	
-5.26441581487	-1778.33788425	
-5.26613846818	-1778.33896239	
-5.26785815906	-1778.34003805	
-5.26957489768	-1778.34111123	
-5.27128869416	-1778.34218194	
-5.27299955856	-1778.34325019	
-5.27470750091	-1778.34431597	
-5.27641253116	-1778.3453793	
-5.27811465923	-1778.34644018	
-5.27981389498	-1778.34749862	
-5.28151024823	-1778.34855463	
-5.28320372874	-1778.3496082	
-5.28489434622	-1778.35065934	
-5.28658211033	-1778.35170807	
-5.28826703069	-1778.35275439	
-5.28994911688	-1778.35379829	
-5.2916283784	-1778.35483979	
-5.29330482472	-1778.3558789	
-5.29497846528	-1778.35691562	
-5.29664930945	-1778.35794995	
-5.29831736655	-1778.3589819	
-5.29998264587	-1778.36001148	
-5.30164515664	-1778.36103869	
-5.30330490806	-1778.36206354	
-5.30496190927	-1778.36308603	
-5.30661616936	-1778.36410617	
-5.3082676974	-1778.36512396	
-5.30991650239	-1778.36613942	
-5.3115625933	-1778.36715254	
-5.31320597904	-1778.36816333	
-5.3148466685	-1778.3691718	
-5.3164846705	-1778.37017796	
-5.31811999384	-1778.3711818	
-5.31975264727	-1778.37218333	
-5.32138263948	-1778.37318257	
-5.32300997914	-1778.37417951	
-5.32463467487	-1778.37517416	
-5.32625673524	-1778.37616653	
-5.32787616879	-1778.37715661	
-5.32949298402	-1778.37814443	
-5.33110718937	-1778.37912998	
-5.33271879327	-1778.38011327	
-5.33432780407	-1778.3810943	
-5.33593423012	-1778.38207308	
-5.3375380797	-1778.38304961	
-5.33913936107	-1778.3840239	
-5.34073808243	-1778.38499596	
-5.34233425196	-1778.3859658	
-5.3439278778	-1778.3869334	
-5.34551896803	-1778.38789879	
-5.34710753072	-1778.38886197	
-5.34869357387	-1778.38982294	
-5.35027710548	-1778.39078171	
-5.35185813348	-1778.39173828	
-5.35343666577	-1778.39269266	
-5.35501271022	-1778.39364486	
-5.35658627467	-1778.39459487	
-5.3581573669	-1778.39554271	
-5.35972599468	-1778.39648838	
-5.36129216571	-1778.39743189	
-5.36285588769	-1778.39837323	
-5.36441716825	-1778.39931242	
-5.36597601502	-1778.40024947	
-5.36753243557	-1778.40118437	
-5.36908643744	-1778.40211713	
-5.37063802813	-1778.40304776	
-5.37218721511	-1778.40397627	
-5.37373400583	-1778.40490265	
-5.37527840768	-1778.40582691	
-5.37682042804	-1778.40674906	
-5.37836007422	-1778.40766911	
-5.37989735354	-1778.40858705	
-5.38143227326	-1778.4095029	
-5.38296484061	-1778.41041666	
-5.38449506279	-1778.41132833	
-5.38602294697	-1778.41223792	
-5.38754850028	-1778.41314544	
-5.38907172982	-1778.41405088	
-5.39059264266	-1778.41495426	
-5.39211124583	-1778.41585558	
-5.39362754635	-1778.41675485	
-5.39514155118	-1778.41765206	
-5.39665326727	-1778.41854723	
-5.39816270152	-1778.41944036	
-5.39966986081	-1778.42033146	
-5.40117475199	-1778.42122053	
-5.40267738187	-1778.42210757	
-5.40417775725	-1778.42299259	
-5.40567588487	-1778.4238756	
-5.40717177146	-1778.42475659	
-5.40866542372	-1778.42563559	
-5.4101568483	-1778.42651258	
-5.41164605186	-1778.42738758	
-5.41313304098	-1778.42826059	
-5.41461782224	-1778.42913161	
-5.4161004022	-1778.43000066	
-5.41758078737	-1778.43086773	
-5.41905898424	-1778.43173283	
-5.42053499927	-1778.43259596	
-5.42200883889	-1778.43345714	
-5.4234805095	-1778.43431636	
-5.42495001748	-1778.43517363	
-5.42641736918	-1778.43602895	
-5.4278825709	-1778.43688233	
-5.42934562895	-1778.43773378	
-5.43080654959	-1778.4385833	
-5.43226533906	-1778.43943089	
-5.43372200355	-1778.44027656	
-5.43517654927	-1778.44112031	
-5.43662898235	-1778.44196215	
-5.43807930892	-1778.44280208	
-5.4395275351	-1778.44364011	
-5.44097366695	-1778.44447625	
-5.44241771052	-1778.44531049	
-5.44385967184	-1778.44614284	
-5.4452995569	-1778.44697331	
-5.44673737167	-1778.4478019	
-5.44817312209	-1778.44862862	
-5.44960681409	-1778.44945347	
-5.45103845357	-1778.45027645	
-5.45246804638	-1778.45109758	
-5.45389559837	-1778.45191685	
-5.45532111536	-1778.45273426	
-5.45674460314	-1778.45354984	
-5.45816606749	-1778.45436357	
-5.45958551414	-1778.45517546	
-5.46100294883	-1778.45598552	
-5.46241837723	-1778.45679376	
-5.46383180503	-1778.45760017	
-5.46524323786	-1778.45840477	
-5.46665268137	-1778.45920755	
-5.46806014114	-1778.46000852	
-5.46946562274	-1778.46080768	
-5.47086913175	-1778.46160505	
-5.47227067367	-1778.46240062	
-5.47367025403	-1778.4631944	
-5.47506787829	-1778.4639864	
-5.47646355193	-1778.46477661	
-5.47785728038	-1778.46556504	
-5.47924906905	-1778.4663517	
-5.48063892334	-1778.46713659	
-5.48202684862	-1778.46791972	
-5.48341285022	-1778.46870109	
-5.48479693349	-1778.4694807	
-5.48617910372	-1778.47025856	
-5.48755936619	-1778.47103468	
-5.48893772616	-1778.47180905	
-5.49031418887	-1778.47258168	
-5.49168875953	-1778.47335258	
-5.49306144334	-1778.47412176	
-5.49443224547	-1778.4748892	
-5.49580117108	-1778.47565493	
-5.49716822529	-1778.47641894	
-5.49853341322	-1778.47718124	
-5.49989673995	-1778.47794183	
-5.50125821054	-1778.47870072	
-5.50261783006	-1778.47945791	
-5.50397560352	-1778.4802134	
-5.50533153593	-1778.48096721	
-5.50668563228	-1778.48171933	
-5.50803789753	-1778.48246976	
-5.50938833663	-1778.48321852	
-5.5107369545	-1778.48396561	
-5.51208375605	-1778.48471103	
-5.51342874616	-1778.48545478	
-5.51477192971	-1778.48619687	
-5.51611331154	-1778.4869373	
-5.51745289646	-1778.48767608	
-5.51879068931	-1778.48841322	
-5.52012669485	-1778.48914871	
-5.52146091786	-1778.48988255	
-5.5227933631	-1778.49061477	
-5.52412403528	-1778.49134535	
-5.52545293913	-1778.4920743	
-5.52678007934	-1778.49280163	
-5.52810546058	-1778.49352734	
-5.52942908751	-1778.49425144	
-5.53075096477	-1778.49497392	
-5.53207109697	-1778.4956948	
-5.53338948873	-1778.49641407	
-5.53470614461	-1778.49713175	
-5.53602106919	-1778.49784783	
-5.53733426702	-1778.49856232	
-5.53864574262	-1778.49927522	
-5.5399555005	-1778.49998654	
-5.54126354516	-1778.50069627	
-5.54256988107	-1778.50140444	
-5.5438745127	-1778.50211103	
-5.54517744448	-1778.50281605	
-5.54647868084	-1778.50351952	
-5.54777822618	-1778.50422142	
-5.5490760849	-1778.50492177	
-5.55037226136	-1778.50562056	
-5.55166675992	-1778.50631781	
-5.55295958492	-1778.50701351	
-5.55425074069	-1778.50770768	
-5.55554023152	-1778.50840031	
-5.5568280617	-1778.5090914	
-5.55811423551	-1778.50978097	
-5.5593987572	-1778.51046901	
-5.56068163102	-1778.51115554	
-5.56196286117	-1778.51184054	
-5.56324245188	-1778.51252404	
-5.56452040732	-1778.51320602	
-5.56579673168	-1778.5138865	
-5.56707142911	-1778.51456548	
-5.56834450376	-1778.51524296	
-5.56961595975	-1778.51591894	
-5.57088580119	-1778.51659344	
-5.57215403218	-1778.51726645	
-5.57342065679	-1778.51793797	
-5.5746856791	-1778.51860802	
-5.57594910315	-1778.51927659	
-5.57721093297	-1778.51994369	
-5.57847117258	-1778.52060932	
-5.57972982599	-1778.52127349	
-5.58098689718	-1778.5219362	
-5.58224239012	-1778.52259745	
-5.58349630878	-1778.52325725	
-5.5847486571	-1778.5239156	
-5.585999439	-1778.5245725	
-5.5872486584	-1778.52522796	
-5.5884963192	-1778.52588198	
-5.58974242528	-1778.52653457	
-5.59098698051	-1778.52718572	
-5.59222998875	-1778.52783545	
-5.59347145384	-1778.52848375	
-5.5947113796	-1778.52913064	
-5.59594976985	-1778.5297761	
-5.59718662839	-1778.53042015	
-5.598421959	-1778.53106279	
-5.59965576545	-1778.53170403	
-5.60088805149	-1778.53234386	
-5.60211882088	-1778.5329823	
-5.60334807733	-1778.53361933	
-5.60457582457	-1778.53425498	
-5.6058020663	-1778.53488924	
-5.60702680619	-1778.53552211	
-5.60825004793	-1778.5361536	
-5.60947179518	-1778.53678371	
-5.61069205159	-1778.53741244	
-5.61191082078	-1778.53803981	
-5.61312810639	-1778.5386658	
-5.61434391201	-1778.53929044	
-5.61555824124	-1778.53991371	
-5.61677109767	-1778.54053562	
-5.61798248485	-1778.54115618	
-5.61919240636	-1778.54177538	
-5.62040086572	-1778.54239324	
-5.62160786647	-1778.54300976	
-5.62281341212	-1778.54362493	
-5.62401750619	-1778.54423877	
-5.62522015215	-1778.54485127	
-5.6264213535	-1778.54546245	
-5.62762111369	-1778.54607229	
-5.62881943618	-1778.54668081	
-5.63001632442	-1778.54728801	
-5.63121178182	-1778.54789389	
-5.63240581181	-1778.54849846	
-5.6335984178	-1778.54910172	
-5.63478960317	-1778.54970367	
-5.6359793713	-1778.55030431	
-5.63716772557	-1778.55090366	
-5.63835466933	-1778.5515017	
-5.63954020593	-1778.55209846	
-5.64072433869	-1778.55269392	
-5.64190707094	-1778.55328809	
-5.64308840598	-1778.55388098	
-5.64426834712	-1778.55447258	
-5.64544689764	-1778.55506291	
-5.64662406082	-1778.55565196	
-5.64779983991	-1778.55623974	
-5.64897423816	-1778.55682625	
-5.65014725882	-1778.5574115	
-5.65131890512	-1778.55799548	
-5.65248918027	-1778.5585782	
-5.65365808747	-1778.55915967	
-5.65482562993	-1778.55973988	
-5.65599181082	-1778.56031884	
-5.65715663332	-1778.56089656	
-5.65832010058	-1778.56147303	
-5.65948221576	-1778.56204826	
-5.660642982	-1778.56262226	
-5.66180240242	-1778.56319502	
-5.66296048014	-1778.56376655	
-5.66411721826	-1778.56433685	
-5.66527261989	-1778.56490592	
-5.66642668811	-1778.56547377	
-5.66757942599	-1778.56604041	
-5.6687308366	-1778.56660582	
-5.66988092298	-1778.56717003	
-5.67102968818	-1778.56773302	
-5.67217713524	-1778.56829481	
-5.67332326717	-1778.56885539	
-5.67446808699	-1778.56941477	
-5.67561159769	-1778.56997295	
-5.67675380227	-1778.57052994	
-5.6778947037	-1778.57108574	
-5.67903430497	-1778.57164035	
-5.68017260902	-1778.57219377	
-5.6813096188	-1778.572746	
-5.68244533727	-1778.57329706	
-5.68357976734	-1778.57384694	
-5.68471291194	-1778.57439565	
-5.68584477397	-1778.57494318	
-5.68697535634	-1778.57548954	
-5.68810466194	-1778.57603474	
-5.68923269364	-1778.57657878	
-5.69035945432	-1778.57712166	
-5.69148494685	-1778.57766338	
-5.69260917406	-1778.57820394	
-5.6937321388	-1778.57874335	
-5.69485384391	-1778.57928162	
-5.69597429221	-1778.57981874	
-5.69709348651	-1778.58035472	
-5.69821142961	-1778.58088955	
-5.69932812431	-1778.58142325	
-5.70044357339	-1778.58195582	
-5.70155777963	-1778.58248725	
-5.7026707458	-1778.58301756	
-5.70378247466	-1778.58354674	
-5.70489296894	-1778.58407479	
-5.70600223139	-1778.58460173	
-5.70711026475	-1778.58512755	
-5.70821707172	-1778.58565225	
-5.70932265503	-1778.58617584	
-5.71042701737	-1778.58669832	
-5.71153016145	-1778.5872197	
-5.71263208993	-1778.58773997	
-5.71373280551	-1778.58825914	
-5.71483231084	-1778.58877721	
-5.71593060859	-1778.58929419	
-5.71702770141	-1778.58981007	
-5.71812359193	-1778.59032487	
-5.71921828279	-1778.59083857	
-5.72031177661	-1778.59135119	
-5.72140407601	-1778.59186273	
-5.72249518359	-1778.59237319	
-5.72358510195	-1778.59288258	
-5.72467383369	-1778.59339088	
-5.72576138137	-1778.59389812	
-5.72684774759	-1778.59440429	
-5.72793293489	-1778.59490939	
-5.72901694583	-1778.59541343	
-5.73009978297	-1778.59591641	
-5.73118144884	-1778.59641833	
-5.73226194598	-1778.59691919	
-5.7333412769	-1778.597419	
-5.73441944412	-1778.59791776	
-5.73549645015	-1778.59841547	
-5.73657229748	-1778.59891213	
-5.73764698861	-1778.59940776	
-5.73872052602	-1778.59990234	
-5.73979291218	-1778.60039589	
-5.74086414956	-1778.6008884	
-5.74193424062	-1778.60137987	
-5.74300318781	-1778.60187032	
-5.74407099357	-1778.60235974	
-5.74513766034	-1778.60284813	
-5.74620319054	-1778.60333551	
-5.7472675866	-1778.60382186	
-5.74833085092	-1778.60430719	
-5.74939298591	-1778.60479151	
-5.75045399397	-1778.60527482	
-5.75151387748	-1778.60575712	
-5.75257263883	-1778.60623841	
-5.75363028038	-1778.60671869	
-5.75468680452	-1778.60719797	
-5.75574221359	-1778.60767625	
-5.75679650994	-1778.60815354	
-5.75784969593	-1778.60862983	
-5.75890177388	-1778.60910512	
-5.75995274612	-1778.60957943	
-5.76100261499	-1778.61005275	
-5.76205138278	-1778.61052508	
-5.76309905181	-1778.61099643	
-5.76414562438	-1778.61146679	
-5.76519110278	-1778.61193618	
-5.7662354893	-1778.6124046	
-5.76727878622	-1778.61287204	
-5.76832099579	-1778.61333851	
-5.7693621203	-1778.61380401	
-5.770402162	-1778.61426854	
-5.77144112313	-1778.61473211	
-5.77247900594	-1778.61519472	
-5.77351581267	-1778.61565637	
-5.77455154554	-1778.61611706	
-5.77558620679	-1778.6165768	
-5.77661979861	-1778.61703558	
-5.77765232322	-1778.61749342	
-5.77868378283	-1778.6179503	
-5.77971417962	-1778.61840624	
-5.78074351579	-1778.61886124	
-5.78177179352	-1778.6193153	
-5.78279901497	-1778.61976842	
-5.78382518233	-1778.6202206	
-5.78485029774	-1778.62067185	
-5.78587436337	-1778.62112217	
-5.78689738137	-1778.62157156	
-5.78791935386	-1778.62202002	
-5.788940283	-1778.62246755	
-5.7899601709	-1778.62291416	
-5.79097901969	-1778.62335986	
-5.79199683148	-1778.62380463	
-5.79301360838	-1778.62424849	
-5.7940293525	-1778.62469143	
-5.79504406593	-1778.62513347	
-5.79605775077	-1778.62557459	
-5.79707040908	-1778.62601481	
-5.79808204295	-1778.62645412	
-5.79909265446	-1778.62689253	
-5.80010224566	-1778.62733004	
-5.80111081862	-1778.62776665	
-5.80211837538	-1778.62820236	
-5.80312491799	-1778.62863718	
-5.80413044849	-1778.62907111	
-5.80513496892	-1778.62950415	
-5.80613848129	-1778.6299363	
-5.80714098764	-1778.63036757	
-5.80814248998	-1778.63079795	
-5.80914299031	-1778.63122745	
