-8.198707514410610298e-01
-5.516258531310128665e-01
-9.008001795250997201e-01
2.450728051483736625e+00
-4.043337670639647330e-01
2.302372745508052265e+00
-4.597005790915700274e-01
-3.528946314397737982e+00
-3.931221258296846877e+00
-9.670207706838123585e+00
-3.921824681209264529e+00
-4.228914257513713082e+00
-6.693615658570739591e+00
-6.191200329970263816e+00
-6.296817502153285950e+00
-4.880280566548785615e+00
-6.543199362935637531e+00
-5.582046461961228445e+00
-4.741790046659210667e+00
-6.342640440477078201e+00
