#Site	lnL	
0	-1.57831519555
1	-1.2032105311
2	-43.2650974516
3	-1.57831519555
4	-1.34439716328
5	-1.17850803076
6	-1.27043885451
7	-1.34439716328
8	-1.31493829495
9	-1.57831519555
10	-1.2032105311
11	-1.17850803076
12	-1.27043885451
13	-1.48754983751
14	-45.0108375856
15	-7.47637517215
16	-1.48754983751
17	-1.31493829495
18	-1.57831519555
19	-1.2032105311
20	-31.519739499
21	-1.27043885451
22	-1.48754983751
23	-1.31493829495
24	-1.57831519555
25	-1.2032105311
26	-17.4242908868
27	-5.77110037703
28	-1.69744028911
29	-29.0867901628
30	-1.27043885451
31	-1.69744028911
32	-42.8043561472
33	-1.57831519555
34	-1.2032105311
35	-16.589949557
36	-1.27043885451
37	-1.69744028911
38	-17.4242908868
39	-6.21554631382
40	-1.69744028911
41	-16.8311014369
42	-5.75866023397
43	-1.34439716328
44	-43.5265602316
45	-1.57831519555
46	-1.69744028911
47	-59.6757501419
48	-1.27043885451
49	-1.34439716328
50	-15.5496846739
51	-1.80018029853
52	-1.34439716328
53	-1.45423727805
54	-1.42461587311
55	-6.82421298775
56	-15.105571537
57	-1.27043885451
58	-1.48754983751
59	-19.4204346922
60	-1.27043885451
61	-1.2032105311
62	-1.45423727805
63	-1.80018029853
64	-1.48754983751
65	-1.31493829495
66	-1.27043885451
67	-1.69744028911
68	-18.5885641329
69	-1.80018029853
70	-1.2032105311
71	-27.5715234354
72	-1.57831519555
73	-1.69744028911
74	-1.17850803076
75	-1.27043885451
76	-1.2032105311
77	-1.31493829495
78	-1.57831519555
79	-6.82421298775
80	-18.9391844486
81	-1.27043885451
82	-1.48754983751
83	-1.17850803076
84	-1.57831519555
85	-1.2032105311
86	-31.4282947062
87	-1.27043885451
88	-1.48754983751
89	-1.31493829495
90	-1.27043885451
91	-1.69744028911
92	-14.8666632615
93	-1.42461587311
94	-1.2032105311
95	-1.17850803076
96	-1.80018029853
97	-1.2032105311
98	-1.65976206131
99	-1.80018029853
100	-1.2032105311
101	-28.4506646769
102	-1.27043885451
103	-1.48754983751
104	-16.3819221569
105	-1.42461587311
106	-1.48754983751
107	-1.17850803076
108	-5.60594538039
109	-1.48754983751
110	-61.551697878
111	-1.80018029853
112	-1.34439716328
113	-30.0772802734
114	-1.57831519555
115	-1.2032105311
116	-16.9001978633
117	-1.80018029853
118	-1.2032105311
119	-17.2172335204
120	-1.27043885451
121	-1.69744028911
122	-15.174668235
123	-1.42461587311
124	-1.69744028911
125	-1.45423727805
126	-1.57831519555
127	-1.2032105311
128	-32.6967992049
129	-6.25523192218
130	-1.48754983751
131	-1.45423727805
132	-1.27043885451
133	-1.2032105311
134	-16.3819221569
135	-5.52238246571
136	-1.2032105311
137	-16.9001978633
138	-1.27043885451
139	-1.48754983751
140	-1.65976206131
141	-1.80018029853
142	-1.2032105311
143	-33.3794554167
144	-1.27043885451
145	-1.34439716328
146	-14.9357571958
147	-1.27043885451
148	-1.69744028911
149	-49.0446933265
150	-7.56839777412
151	-1.48754983751
152	-1.17850803076
153	-1.42461587311
154	-1.34439716328
155	-20.0477187864
156	-1.42461587311
157	-1.2032105311
158	-28.9319124227
159	-1.27043885451
160	-1.69744028911
161	-14.8666632615
162	-1.80018029853
163	-1.2032105311
164	-14.8666632615
165	-1.27043885451
166	-1.34439716328
167	-16.5208536807
168	-1.80018029853
169	-1.48754983751
170	-43.8777794587
171	-1.42461587311
172	-1.34439716328
173	-31.0844300597
174	-1.42461587311
175	-1.69744028911
176	-1.17850803076
177	-1.80018029853
178	-1.69744028911
179	-16.5208536807
180	-1.80018029853
181	-1.34439716328
182	-1.17850803076
183	-1.80018029853
184	-1.34439716328
185	-16.8311014369
186	-1.57831519555
187	-1.2032105311
188	-46.0258566597
189	-1.80018029853
190	-1.48754983751
191	-15.6187804655
192	-1.57831519555
193	-1.69744028911
194	-16.8725517098
195	-1.27043885451
196	-1.2032105311
197	-30.4824375118
198	-1.57831519555
199	-1.69744028911
200	-15.6187804655
201	-1.42461587311
202	-1.34439716328
203	-59.8644270215
204	-1.80018029853
205	-1.2032105311
206	-29.5078582166
207	-1.57831519555
208	-1.2032105311
209	-16.8311014369
210	-1.27043885451
211	-1.48754983751
212	-16.4510191058
213	-1.42461587311
214	-1.69744028911
215	-16.8034584416
216	-1.27043885451
217	-1.2032105311
218	-44.7276695167
219	-1.80018029853
220	-1.48754983751
221	-15.5496846739
222	-1.57831519555
223	-1.34439716328
224	-1.45423727805
225	-1.27043885451
226	-1.2032105311
227	-43.9581627996
228	-5.52933484408
229	-1.2032105311
230	-1.45423727805
231	-1.27043885451
232	-1.48754983751
233	-29.0867907075
234	-1.42461587311
235	-1.34439716328
236	-17.2172335204
237	-1.27043885451
238	-1.34439716328
239	-14.9357571958
240	-1.57831519555
241	-1.2032105311
242	-15.174668235
243	-1.27043885451
244	-1.2032105311
245	-28.4506646769
246	-1.42461587311
247	-1.48754983751
248	-15.5496846739
249	-1.27043885451
250	-1.48754983751
251	-42.8770557018
252	-1.57831519555
253	-1.34439716328
254	-1.31493829495
255	-1.42461587311
256	-1.48754983751
257	-1.31493829495
258	-1.27043885451
259	-1.48754983751
260	-29.3403124574
261	-1.42461587311
262	-1.2032105311
263	-1.45423727805
264	-1.27043885451
265	-1.48754983751
266	-14.8666632615
267	-1.27043885451
268	-1.69744028911
269	-29.7326038683
270	-10.1131550648
271	-1.2032105311
272	-17.7769578606
273	-1.42461587311
274	-1.34439716328
275	-14.9357571958
276	-8.56376280053
277	-1.34439716328
278	-30.1704343796
279	-1.42461587311
280	-1.69744028911
281	-29.1014072595
282	-1.27043885451
283	-1.48754983751
284	-62.4196977177
285	-1.42461587311
286	-1.69744028911
287	-16.589949557
288	-1.42461587311
289	-1.48754983751
290	-29.1336845988
291	-1.27043885451
292	-1.34439716328
293	-30.4824375118
294	-1.27043885451
295	-1.34439716328
296	-47.4777703996
297	-1.80018029853
298	-1.34439716328
299	-1.17850803076
300	-1.42461587311
301	-1.48754983751
302	-1.17850803076
303	-1.42461587311
304	-1.2032105311
305	-14.8666638044
306	-8.42578426146
307	-1.34439716328
308	-15.6187770095
309	-1.80018029853
310	-6.75751662082
311	-17.5275070955
312	-1.57831519555
313	-1.48754983751
314	-14.9357571958
315	-1.42461587311
316	-1.2032105311
317	-14.9357571958
318	-1.42461587311
319	-1.2032105311
320	-14.9357571958
321	-1.42461587311
322	-1.2032105311
323	-1.17850803076
324	-1.57831519555
325	-1.48754983751
326	-30.8367138468
327	-1.27043885451
328	-1.48754983751
329	-17.604826702
330	-1.42461587311
331	-1.2032105311
332	-1.17850803076
333	-1.80018029853
334	-1.48754983751
335	-15.174664964
336	-1.27043885451
337	-1.69744028911
338	-15.6187770095
339	-1.80018029853
340	-1.69744028911
341	-17.5357298992
342	-1.27043885451
343	-1.69744028911
344	-45.2089274423
345	-1.42461587311
346	-1.34439716328
347	-15.5496846739
348	-1.42461587311
349	-1.34439716328
350	-16.8034584416
351	-1.42461587311
352	-1.34439716328
353	-1.17850803076
354	-1.42461587311
355	-1.2032105311
356	-17.4242921032
357	-1.57831519555
358	-1.2032105311
359	-1.17850803076
360	-1.27043885451
361	-1.48754983751
362	-1.45423727805
363	-1.57831519555
364	-1.69744028911
365	-15.105571537
366	-1.42461587311
367	-1.2032105311
368	-29.291951738
369	-5.52238246571
370	-8.27178502964
371	-14.9357571958
372	-1.80018029853
373	-1.34439716328
374	-48.3842221241
375	-1.42461587311
376	-1.69744028911
377	-1.17850803076
378	-1.27043885451
379	-1.48754983751
380	-44.1287027299
381	-1.80018029853
382	-1.69744028911
383	-28.4506646769
384	-1.80018029853
385	-1.34439716328
386	-1.31493829495
387	-7.2239593639
388	-1.34439716328
389	-14.8666638044
390	-1.27043885451
391	-1.2032105311
392	-1.17850803076
393	-1.57831519555
394	-1.69744028911
395	-15.6187770095
396	-1.57831519555
397	-1.2032105311
398	-34.0067388956
399	-1.42461587311
400	-1.2032105311
401	-34.9434785897
402	-1.57831519555
403	-1.69744028911
404	-1.17850803076
405	-1.27043885451
406	-1.69744028911
407	-16.4510154483
408	-1.80018029853
409	-1.2032105311
410	-15.6187804655
411	-1.42461587311
412	-1.69744028911
413	-29.0037977029
414	-1.27043885451
415	-1.69744028911
416	-1.17850803076
417	-1.27043885451
418	-1.34439716328
419	-15.5496836475
420	-1.80018029853
421	-1.69744028911
422	-1.17850803076
423	-1.57831519555
424	-1.48754983751
425	-15.6187804655
426	-1.42461587311
427	-1.34439716328
428	-16.8725517098
429	-1.80018029853
430	-1.2032105311
431	-14.8666632615
432	-1.27043885451
433	-1.69744028911
434	-1.17850803076
435	-1.57831519555
436	-1.2032105311
437	-14.9357590238
438	-1.42461587311
439	-1.48754983751
440	-43.8673847011
441	-1.27043885451
442	-1.48754983751
443	-52.637637092
444	-1.27043885451
445	-1.2032105311
446	-30.6020503346
447	-1.27043885451
448	-1.69744028911
449	-1.31493829495
450	-1.80018029853
451	-1.48754983751
452	-76.9298515648
453	-8.16299152819
454	-1.2032105311
455	-1.17850803076
456	-1.27043885451
457	-1.34439716328
458	-47.501942897
459	-8.40124332841
460	-1.2032105311
461	-1.31493829495
462	-1.27043885451
463	-1.34439716328
464	-14.8666632615
465	-1.57831519555
466	-8.27550805029
467	-14.8666638044
468	-8.22434945222
469	-1.48754983751
470	-16.3819232431
471	-1.27043885451
472	-1.69744028911
473	-17.7662455614
474	-1.42461587311
475	-1.69744028911
476	-28.9621103083
477	-1.42461587311
478	-1.48754983751
479	-1.45423727805
480	-1.42461587311
481	-1.2032105311
482	-29.1014072595
483	-1.27043885451
484	-1.2032105311
485	-47.1200602264
486	-1.42461587311
487	-1.34439716328
488	-29.1336845988
