-7.172688893701142376e-01
-4.302498927882032476e-01
-9.080190185356431520e-01
2.622377288046494392e+00
-1.785514633358305514e-01
2.582088209324602257e+00
2.151079327299816768e+00
-1.173436811260756274e+00
-5.221388590625286596e+00
-5.442296732349062083e+00
-4.206916840102426391e+00
-4.457709347158994362e+00
-1.507465748747326728e+01
-5.783759615291176104e+00
-6.570950967997283954e+00
-5.335266119451413047e+00
-6.590591523423716680e+00
-5.506079660174953538e+00
-5.396799316766523802e+00
-6.423263177360851728e+00
