-7.295117493632882200e-01
-4.884740964187797019e-01
-9.750583299862722875e-01
2.757685306398821368e+00
-6.379982859196015044e-01
3.047113322949125624e+00
3.441881038253974179e+00
-4.304205929070455960e-01
-4.592749681602136036e+00
-4.671559501542818182e+00
-5.046188487007692736e+00
-5.067013362534198428e+00
-1.338990128521611567e+01
-6.354408780537759149e+00
-5.734851129762410515e+00
-5.929204199901387362e+00
-7.347685043346409373e+00
-6.176395475822241465e+00
-5.892984942708000773e+00
-8.135551776288597381e+00
