#Site	lnL	
0	-4.42510598128
1	-4.83306789418
2	-10.5239063977
3	-4.44325626315
4	-4.36537675626
5	-20.3230944333
6	-4.90767032298
7	-4.36537675626
8	-11.1542636893
9	-4.42510598128
10	-4.65606306928
11	-15.2436492674
12	-4.44325626315
13	-4.83306789418
14	-11.7932181264
15	-4.44325626315
16	-4.83306789418
17	-8.09161432195
18	-4.73218991215
19	-4.36537675626
20	-11.8971835922
21	-4.42510598128
22	-4.65606306928
23	-12.4065691743
24	-4.42510598128
25	-4.39128520739
26	-9.21187080261
27	-4.73218991215
28	-4.36537675626
29	-22.378187656
30	-4.90767032298
31	-4.36537675626
32	-13.8453042747
33	-9.77561438493
34	-4.65606306928
35	-12.0721675962
36	-4.90767032298
37	-4.83306789418
38	-6.84933448232
39	-4.44325626315
40	-14.4256429515
41	-6.84933448232
42	-4.42510598128
43	-4.39128520739
44	-12.7652088478
45	-4.42510598128
46	-4.39128520739
47	-7.91102989574
48	-4.90767032298
49	-17.0167217386
50	-10.629575585
51	-10.6821370084
52	-4.65606306928
53	-11.8069021566
54	-4.73218991215
55	-4.65606306928
56	-9.8153585223
57	-4.44325626315
58	-4.65606306928
59	-13.4868104656
60	-4.90767032298
61	-4.36537675626
62	-12.0928810514
63	-4.44325626315
64	-4.36537675626
65	-15.6217203526
66	-4.73218991215
67	-4.36537675626
68	-11.8922941728
69	-4.73218991215
70	-11.2654529981
71	-6.84933448232
72	-4.44325626315
73	-4.36537675626
74	-15.3950341616
75	-4.44325626315
76	-4.36537675626
77	-17.7661659705
78	-4.42510598128
79	-4.39128520739
80	-7.91102989574
81	-13.4993616284
82	-4.83306789418
83	-9.54550093023
84	-4.42510598128
85	-4.83306789418
86	-10.5334416991
87	-4.44325626315
88	-4.65606306928
89	-10.786509195
90	-10.4296667935
91	-4.39128520739
92	-11.3878482836
93	-4.42510598128
94	-4.36537675626
95	-10.201034251
96	-4.42510598128
97	-4.36537675626
98	-11.8646798016
99	-4.90767032298
100	-4.39128520739
101	-9.15176383484
102	-4.42510598128
103	-4.36537675626
104	-14.8595607751
105	-4.90767032298
106	-4.83306789418
107	-16.9660189132
108	-4.90767032298
109	-4.36537675626
110	-9.80781068717
111	-4.90767032298
112	-4.65606306928
113	-13.0514408413
114	-4.42510598128
115	-4.65606306928
116	-6.84933448232
117	-4.42510598128
118	-4.39128520739
119	-11.9308152469
120	-4.90767032298
121	-4.83306789418
122	-6.58029171069
123	-4.90767032298
124	-4.65606306928
125	-13.2477784879
126	-4.44325626315
127	-4.39128520739
128	-6.84933448232
129	-4.73218991215
130	-4.83306789418
131	-12.9459134453
132	-4.44325626315
133	-4.36537675626
134	-10.5334416991
135	-4.42510598128
136	-4.65606306928
137	-11.522982024
138	-4.73218991215
139	-4.39128520739
140	-10.1059422062
141	-4.90767032298
142	-4.83306789418
143	-7.91102989574
144	-10.7197844523
145	-4.39128520739
146	-14.0608286697
147	-10.5008679281
148	-11.4345389453
149	-9.70674730402
150	-4.73218991215
151	-4.83306789418
152	-9.28526528614
153	-4.44325626315
154	-4.39128520739
155	-10.1650666079
156	-4.42510598128
157	-4.36537675626
158	-10.786509195
159	-4.42510598128
160	-4.65606306928
161	-12.7943814375
162	-4.90767032298
163	-4.39128520739
164	-8.09161432195
165	-4.44325626315
166	-4.83306789418
167	-10.786509195
168	-4.90767032298
169	-4.65606306928
170	-7.91102989574
171	-4.44325626315
172	-4.39128520739
173	-6.84933448232
174	-4.90767032298
175	-4.36537675626
176	-11.0967003839
177	-4.42510598128
178	-4.83306789418
179	-6.58029171069
180	-10.2875580554
181	-4.65606306928
182	-9.15176383484
183	-4.90767032298
184	-4.65606306928
185	-8.96275875655
186	-4.73218991215
187	-4.39128520739
188	-9.28526528614
189	-4.90767032298
190	-11.244598771
191	-17.0005898458
192	-4.73218991215
193	-4.65606306928
194	-10.5334416991
195	-4.42510598128
196	-4.36537675626
197	-9.21187080261
198	-10.6821370084
199	-4.39128520739
200	-13.3717607173
201	-4.73218991215
202	-4.83306789418
203	-13.1861121163
204	-4.73218991215
205	-4.39128520739
206	-9.86471877159
207	-4.44325626315
208	-4.39128520739
209	-6.84933448232
210	-14.2408272316
211	-4.39128520739
212	-17.5061196985
213	-4.42510598128
214	-4.36537675626
215	-19.6669832525
216	-4.90767032298
217	-4.65606306928
218	-11.1433511327
219	-4.73218991215
220	-4.39128520739
221	-9.30713665377
222	-4.73218991215
223	-4.36537675626
224	-6.58029171069
225	-4.42510598128
226	-4.65606306928
227	-12.0928810514
228	-4.73218991215
229	-4.83306789418
230	-7.91102989574
231	-4.44325626315
232	-4.65606306928
233	-6.84933448232
234	-4.42510598128
235	-4.65606306928
236	-6.58029171069
237	-4.90767032298
238	-4.39128520739
239	-11.3878482836
240	-4.90767032298
241	-4.65606306928
242	-11.3878482836
243	-4.90767032298
244	-4.36537675626
245	-11.4349736674
246	-4.44325626315
247	-4.36537675626
248	-9.70674730402
249	-4.44325626315
250	-4.65606306928
251	-14.1349524991
252	-13.1782705159
253	-4.39128520739
254	-9.63617021455
255	-4.42510598128
256	-10.8211356712
257	-11.7353887427
258	-4.42510598128
259	-4.36537675626
260	-6.58029171069
261	-4.42510598128
262	-4.65606306928
263	-14.9688099497
264	-4.42510598128
265	-4.83306789418
266	-15.9767469366
267	-4.42510598128
268	-4.83306789418
269	-8.09161432195
270	-4.44325626315
271	-4.83306789418
272	-14.4966925028
273	-10.9316154907
274	-4.83306789418
275	-7.91102989574
276	-4.73218991215
277	-4.39128520739
278	-6.58029171069
279	-4.44325626315
280	-4.36537675626
281	-11.0909678101
282	-4.44325626315
283	-4.39128520739
284	-11.0967003839
285	-4.73218991215
286	-4.83306789418
287	-7.91102989574
288	-4.90767032298
289	-4.39128520739
290	-12.0339815659
291	-4.42510598128
292	-4.39128520739
293	-6.58029171069
294	-17.6933492009
295	-4.36537675626
296	-11.1433511327
297	-4.44325626315
298	-4.39128520739
299	-9.26920881099
300	-4.44325626315
301	-4.65606306928
302	-15.9767469366
303	-4.90767032298
304	-4.36537675626
305	-6.58029171069
306	-10.0970412821
307	-4.36537675626
308	-8.42868329759
309	-4.44325626315
310	-4.65606306928
311	-9.61114293963
312	-4.73218991215
313	-4.36537675626
314	-9.29559713543
315	-4.44325626315
316	-4.65606306928
317	-9.30713665377
318	-4.90767032298
319	-4.65606306928
320	-11.6906234136
321	-4.42510598128
322	-4.39128520739
323	-6.84933448232
324	-4.90767032298
325	-4.83306789418
326	-12.874379528
327	-10.9316154907
328	-4.65606306928
329	-7.91102989574
330	-4.44325626315
331	-4.39128520739
332	-7.91102989574
333	-4.44325626315
334	-4.83306789418
335	-9.31010793721
336	-4.42510598128
337	-4.39128520739
338	-10.9850575085
339	-4.90767032298
340	-15.1915675433
341	-9.31010793721
342	-4.73218991215
343	-4.39128520739
344	-14.9801482396
345	-13.8308308899
346	-4.39128520739
347	-9.30713665377
348	-4.90767032298
349	-4.83306789418
350	-15.3940604898
351	-4.42510598128
352	-4.65606306928
353	-11.5495893605
354	-14.0316777135
355	-4.83306789418
356	-6.58029171069
357	-4.90767032298
358	-4.36537675626
359	-6.84933448232
360	-4.90767032298
361	-4.39128520739
362	-6.84933448232
363	-4.42510598128
364	-4.65606306928
365	-12.0845774947
366	-4.42510598128
367	-4.36537675626
368	-8.09161432195
369	-4.42510598128
370	-4.36537675626
371	-9.28526528614
372	-4.73218991215
373	-4.65606306928
374	-16.2796276863
375	-4.90767032298
376	-4.65606306928
377	-12.8304068849
378	-4.90767032298
379	-4.65606306928
380	-9.70674730402
381	-13.8308308899
382	-4.39128520739
383	-11.2423853615
384	-19.2870243959
385	-4.39128520739
386	-9.28526528614
387	-4.44325626315
388	-4.39128520739
389	-6.84933448232
390	-4.44325626315
391	-4.39128520739
392	-9.07444295232
393	-4.90767032298
394	-4.39128520739
395	-10.6488926016
396	-4.44325626315
397	-4.39128520739
398	-10.201034251
399	-4.42510598128
400	-4.39128520739
401	-13.3133351245
402	-4.44325626315
403	-4.39128520739
404	-14.8599999249
405	-10.1317900183
406	-4.36537675626
407	-20.2468471025
408	-4.44325626315
409	-4.39128520739
410	-18.2665327632
411	-4.44325626315
412	-4.65606306928
413	-6.84933448232
414	-4.73218991215
415	-4.65606306928
416	-12.7178423643
417	-4.73218991215
418	-4.65606306928
419	-10.9358118106
420	-10.5008679281
421	-4.36537675626
422	-10.3978268474
423	-4.90767032298
424	-4.39128520739
425	-11.899183055
426	-4.73218991215
427	-4.39128520739
428	-12.0721675962
429	-4.90767032298
430	-4.39128520739
431	-6.84933448232
432	-11.224627634
433	-4.36537675626
434	-8.09161432195
435	-4.73218991215
436	-4.36537675626
437	-9.26920881099
438	-4.42510598128
439	-4.36537675626
440	-10.5239063977
441	-4.73218991215
442	-4.65606306928
443	-11.2423853615
444	-4.90767032298
445	-4.39128520739
446	-6.84933448232
447	-4.42510598128
448	-4.83306789418
449	-15.6804153434
450	-4.42510598128
451	-4.39128520739
452	-8.42868329759
453	-10.0903236428
454	-4.65606306928
455	-12.1273335171
456	-4.44325626315
457	-4.39128520739
458	-10.9850575085
459	-4.42510598128
460	-4.36537675626
461	-14.8599999249
462	-4.73218991215
463	-4.39128520739
464	-10.9850575085
465	-4.73218991215
466	-4.39128520739
467	-6.58029171069
468	-4.73218991215
469	-4.39128520739
470	-8.46493149529
471	-4.73218991215
472	-4.65606306928
473	-9.15176383484
474	-4.44325626315
475	-4.83306789418
476	-6.84933448232
477	-4.44325626315
478	-4.39128520739
479	-12.7178423643
480	-4.90767032298
481	-4.39128520739
482	-14.6631248395
483	-4.73218991215
484	-4.36537675626
485	-10.1643001797
486	-4.44325626315
487	-4.83306789418
488	-16.5821775515
