# log_p 	 lnL 	 
0.0	-1662.59211818	
-0.287682072452	-1662.39935954	
-0.510825623766	-1662.28253935	
-0.69314718056	-1662.21086302	
-0.847297860387	-1662.160721	
-0.980829253012	-1662.11976711	
-1.09861228867	-1662.08233934	
-1.20397280433	-1662.04611262	
-1.29928298413	-1662.01032133	
-1.38629436112	-1661.9748853	
-1.46633706879	-1661.93999261	
-1.54044504095	-1661.90590646	
-1.60943791243	-1661.8728809	
-1.67397643357	-1661.84112866	
-1.73460105539	-1661.81081309	
-1.79175946923	-1661.78205058	
-1.8458266905	-1661.75491683	
-1.89711998489	-1661.72945404	
-1.94591014906	-1661.70567763	
-1.99243016469	-1661.68358205	
-2.03688192726	-1661.66314568	
-2.07944154168	-1661.64433471	
-2.1202635362	-1661.62710635	
-2.15948424935	-1661.61141129	
-2.19722457734	-1661.59719575	
-2.23359222151	-1661.58440296	
-2.26868354132	-1661.57297448	
-2.30258509299	-1661.56285107	
-2.33537491582	-1661.55397351	
-2.36712361413	-1661.5462831	
-2.3978952728	-1661.53972217	
-2.42774823595	-1661.53423437	
-2.45673577282	-1661.5297649	
-2.48490664979	-1661.52626074	
-2.51230562398	-1661.52367071	
-2.53897387106	-1661.52194558	
-2.56494935746	-1661.52103811	
-2.59026716545	-1661.52090305	
-2.61495977804	-1661.52149713	
-2.63905732962	-1661.52277907	
-2.66258782703	-1661.52470948	
-2.68557734525	-1661.52725088	
-2.7080502011	-1661.53036761	
-2.73002910782	-1661.53402576	
-2.75153531304	-1661.53819314	
-2.77258872224	-1661.54283918	
-2.79320800944	-1661.5479349	
-2.81341071676	-1661.55345279	
-2.83321334406	-1661.55936681	
-2.85263142991	-1661.56565228	
-2.87167962488	-1661.57228581	
-2.8903717579	-1661.57924529	
-2.90872089656	-1661.58650976	
-2.92673940207	-1661.5940594	
-2.94443897917	-1661.60187545	
-2.96183072188	-1661.60994017	
-2.97892515524	-1661.61823679	
-2.99573227355	-1661.62674943	
-3.01226157551	-1661.6354631	
-3.02852209638	-1661.6443636	
-3.04452243772	-1661.65343753	
-3.06027079469	-1661.66267222	
-3.07577498123	-1661.67205568	
-3.09104245336	-1661.6815766	
-3.10608033072	-1661.69122427	
-3.12089541651	-1661.70098857	
-3.13549421593	-1661.71085997	
-3.14988295338	-1661.72082944	
-3.16406758837	-1661.73088844	
-3.17805383035	-1661.74102893	
-3.19184715248	-1661.75124329	
-3.20545280454	-1661.76152434	
-3.21887582487	-1661.77186528	
-3.23212105162	-1661.78225973	
-3.24519313319	-1661.79270161	
-3.25809653802	-1661.80318522	
-3.2708355638	-1661.81370516	
-3.28341434601	-1661.82425634	
-3.295836866	-1661.83483395	
-3.3081069586	-1661.84543347	
-3.32022831913	-1661.85605061	
-3.33220451018	-1661.86668133	
-3.34403896782	-1661.87732184	
-3.35573500759	-1661.88796853	
-3.36729582999	-1661.89861803	
-3.37872452581	-1661.90926714	
-3.39002408106	-1661.91991287	
-3.40119738166	-1661.93055237	
-3.41224721785	-1661.94118299	
-3.42317628838	-1661.95180221	
-3.43398720449	-1661.96240768	
-3.4446824936	-1661.97299716	
-3.45526460293	-1661.98356857	
-3.4657359028	-1661.99411994	
-3.47609868984	-1662.00464944	
-3.48635519	-1662.01515532	
-3.49650756147	-1662.02563596	
-3.50655789732	-1662.03608985	
-3.51650822817	-1662.04651554	
-3.52636052462	-1662.0569117	
-3.53611669956	-1662.06727708	
-3.54577861047	-1662.07761051	
-3.55534806149	-1662.0879109	
-3.56482680544	-1662.09817722	
-3.57421654579	-1662.10840852	
-3.58351893846	-1662.11860393	
-3.59273559356	-1662.12876261	
-3.60186807712	-1662.1388838	
-3.61091791264	-1662.14896679	
-3.61988658263	-1662.15901094	
-3.62877553004	-1662.16901563	
-3.63758615973	-1662.17898031	
-3.6463198397	-1662.18890446	
-3.65497790244	-1662.19878762	
-3.66356164613	-1662.20862935	
-3.6720723358	-1662.21842928	
-3.68051120444	-1662.22818703	
-3.68887945411	-1662.2379023	
-3.69717825693	-1662.2475748	
-3.70540875607	-1662.25720427	
-3.7135720667	-1662.26679048	
-3.72166927694	-1662.27633324	
-3.72970144863	-1662.28583237	
-3.73766961828	-1662.29528773	
-3.74557479779	-1662.30469919	
-3.75341797525	-1662.31406666	
-3.76120011569	-1662.32339004	
-3.76892216179	-1662.33266928	
-3.77658503453	-1662.34190435	
-3.78418963392	-1662.35109521	
-3.79173683955	-1662.36024186	
-3.79922751128	-1662.3693443	
-3.80666248977	-1662.37840258	
-3.81404259707	-1662.38741671	
-3.82136863716	-1662.39638677	
-3.82864139649	-1662.4053128	
-3.83586164446	-1662.4141949	
-3.84303013394	-1662.42303314	
-3.85014760171	-1662.43182764	
-3.85721476893	-1662.44057849	
-3.86423234159	-1662.44928582	
-3.87120101091	-1662.45794976	
-3.87812145375	-1662.46657044	
-3.88499433304	-1662.47514801	
-3.89182029811	-1662.48368263	
-3.8985999851	-1662.49217444	
-3.90533401728	-1662.50062363	
-3.91202300543	-1662.50903036	
-3.91866754815	-1662.5173948	
-3.92526823218	-1662.52571715	
-3.93182563272	-1662.53399759	
-3.93834031375	-1662.54223632	
-3.94481282825	-1662.55043354	
-3.95124371858	-1662.55858944	
-3.95763351668	-1662.56670423	
-3.96398274436	-1662.57477813	
-3.97029191355	-1662.58281135	
-3.97656152657	-1662.5908041	
-3.98279207632	-1662.5987566	
-3.98898404656	-1662.60666907	
-3.99513791214	-1662.61454174	
-4.00125413916	-1662.62237484	
-4.00733318523	-1662.63016859	
-4.01337549969	-1662.63792322	
-4.01938152375	-1662.64563897	
-4.02535169074	-1662.65331607	
-4.03128642625	-1662.66095474	
-4.03718614838	-1662.66855524	
-4.04305126783	-1662.67611779	
-4.04888218815	-1662.68364264	
-4.05467930583	-1662.69113001	
-4.06044301055	-1662.69858016	
-4.06617368526	-1662.70599332	
-4.07187170637	-1662.71336972	
-4.07753744391	-1662.72070962	
-4.08317126162	-1662.72801325	
-4.08877351717	-1662.73528085	
-4.09434456222	-1662.74251266	
-4.0998847426	-1662.74970893	
-4.10539439841	-1662.75686988	
-4.11087386417	-1662.76399577	
-4.11632346894	-1662.77108683	
-4.12174353641	-1662.77814331	
-4.12713438505	-1662.78516543	
-4.13249632819	-1662.79215345	
-4.13782967416	-1662.79910759	
-4.14313472639	-1662.80602809	
-4.14841178349	-1662.8129152	
-4.15366113938	-1662.81976914	
-4.15888308336	-1662.82659016	
-4.16407790024	-1662.83337848	
-4.1692458704	-1662.84013434	
-4.1743872699	-1662.84685797	
-4.17950237056	-1662.85354961	
-4.18459144007	-1662.86020947	
-4.18965474203	-1662.86683781	
-4.19469253606	-1662.87343483	
-4.19970507788	-1662.88000077	
-4.20469261939	-1662.88653586	
-4.20965540873	-1662.89304032	
-4.21459369037	-1662.89951437	
-4.21950770518	-1662.90595824	
-4.22439769047	-1662.91237215	
-4.22926388012	-1662.91875631	
-4.2341065046	-1662.92511096	
-4.23892579103	-1662.9314363	
-4.2437219633	-1662.93773255	
-4.24849524205	-1662.94399993	
-4.25324584481	-1662.95023865	
-4.257973986	-1662.95644893	
-4.26267987704	-1662.96263097	
-4.26736372635	-1662.96878499	
-4.27202573946	-1662.97491119	
-4.27666611902	-1662.98100978	
-4.28128506487	-1662.98708097	
-4.28588277412	-1662.99312497	
-4.29045944115	-1662.99914197	
-4.29501525768	-1663.00513217	
-4.29955041285	-1663.01109579	
-4.3040650932	-1663.01703301	
-4.30855948279	-1663.02294403	
-4.31303376319	-1663.02882906	
-4.31748811354	-1663.03468828	
-4.3219227106	-1663.04052189	
-4.32633772881	-1663.04633008	
-4.33073334029	-1663.05211304	
-4.33510971489	-1663.05787096	
-4.33946702026	-1663.06360404	
-4.34380542185	-1663.06931244	
-4.348125083	-1663.07499637	
-4.3524261649	-1663.080656	
-4.35670882669	-1663.08629152	
-4.36097322548	-1663.0919031	
-4.36521951636	-1663.09749093	
-4.36944785247	-1663.10305519	
-4.373658385	-1663.10859605	
-4.37785126326	-1663.11411368	
-4.38202663467	-1663.11960826	
-4.38618464482	-1663.12507997	
-4.39032543749	-1663.13052897	
-4.39444915467	-1663.13595544	
-4.39855593663	-1663.14135954	
-4.40264592188	-1663.14674144	
-4.40671924726	-1663.15210131	
-4.41077604796	-1663.1574393	
-4.4148164575	-1663.16275559	
-4.4188406078	-1663.16805034	
-4.42284862919	-1663.1733237	
-4.42684065046	-1663.17857584	
-4.43081679884	-1663.18380691	
-4.43477720006	-1663.18901707	
-4.43872197835	-1663.19420648	
-4.44265125649	-1663.19937528	
-4.44656515581	-1663.20452364	
-4.45046379623	-1663.2096517	
-4.45434729625	-1663.21475962	
-4.45821577303	-1663.21984753	
-4.46206934235	-1663.2249156	
-4.46590811865	-1663.22996397	
-4.46973221509	-1663.23499278	
-4.47354174351	-1663.24000217	
-4.47733681448	-1663.2449923	
-4.48111753732	-1663.24996329	
-4.48488402011	-1663.2549153	
-4.48863636973	-1663.25984846	
-4.49237469184	-1663.26476291	
-4.49609909093	-1663.26965878	
-4.49980967033	-1663.27453622	
-4.50350653221	-1663.27939535	
-4.50718977763	-1663.28423631	
-4.51085950652	-1663.28905923	
-4.51451581772	-1663.29386425	
-4.518158809	-1663.29865148	
-4.52178857705	-1663.30342108	
-4.52540521752	-1663.30817315	
-4.52900882502	-1663.31290782	
-4.53259949315	-1663.31762523	
-4.5361773145	-1663.3223255	
-4.53974238067	-1663.32700875	
-4.54329478227	-1663.3316751	
-4.54683460898	-1663.33632467	
-4.55036194949	-1663.34095759	
-4.5538768916	-1663.34557397	
-4.55737952215	-1663.35017393	
-4.56086992709	-1663.3547576	
-4.56434819147	-1663.35932508	
-4.56781439944	-1663.36387648	
-4.57126863431	-1663.36841194	
-4.5747109785	-1663.37293155	
-4.5781415136	-1663.37743543	
-4.58156032035	-1663.38192369	
-4.58496747867	-1663.38639645	
-4.58836306767	-1663.3908538	
-4.59174716566	-1663.39529587	
-4.59511985013	-1663.39972275	
-4.59848119784	-1663.40413455	
-4.60183128472	-1663.40853139	
-4.60517018599	-1663.41291335	
-4.60849797608	-1663.41728056	
-4.61181472871	-1663.4216331	
-4.61512051684	-1663.42597109	
-4.61841541274	-1663.43029462	
-4.62169948794	-1663.43460379	
-4.62497281328	-1663.4388987	
-4.62823545892	-1663.44317946	
-4.63148749431	-1663.44744615	
-4.63472898823	-1663.45169888	
-4.63796000881	-1663.45593774	
-4.64118062351	-1663.46016283	
-4.64439089914	-1663.46437423	
-4.64759090187	-1663.46857205	
-4.65078069724	-1663.47275638	
-4.65396035016	-1663.4769273	
-4.65712992492	-1663.48108492	
-4.66028948521	-1663.48522931	
-4.66343909411	-1663.48936057	
-4.66657881412	-1663.49347879	
-4.66970870713	-1663.49758405	
-4.67282883446	-1663.50167645	
-4.67593925688	-1663.50575606	
-4.67904003455	-1663.50982298	
-4.68213122712	-1663.51387729	
-4.68521289366	-1663.51791907	
-4.6882850927	-1663.5219484	
-4.69134788223	-1663.52596538	
-4.69440131972	-1663.52997007	
-4.6974454621	-1663.53396257	
-4.70048036579	-1663.53794295	
-4.70350608671	-1663.5419113	
-4.70652268025	-1663.54586768	
-4.70953020131	-1663.54981219	
-4.71252870431	-1663.5537449	
-4.71551824316	-1663.55766587	
-4.7184988713	-1663.56157521	
-4.72147064168	-1663.56547296	
-4.72443360681	-1663.56935922	
-4.72738781871	-1663.57323406	
-4.73033332894	-1663.57709755	
-4.73327018862	-1663.58094976	
-4.73619844839	-1663.58479077	
-4.7391181585	-1663.58862065	
-4.74202936871	-1663.59243947	
-4.74493212836	-1663.5962473	
-4.74782648639	-1663.60004421	
-4.75071249128	-1663.60383027	
-4.75359019111	-1663.60760555	
-4.75645963353	-1663.61137011	
-4.75932086582	-1663.61512403	
-4.7621739348	-1663.61886738	
-4.76501888693	-1663.62260021	
-4.76785576827	-1663.6263226	
-4.77068462447	-1663.63003461	
-4.77350550081	-1663.6337363	
-4.77631844218	-1663.63742775	
-4.77912349311	-1663.64110901	
-4.78192069773	-1663.64478014	
-4.78471009982	-1663.64844122	
-4.78749174278	-1663.6520923	
-4.79026566966	-1663.65573344	
-4.79303192316	-1663.65936471	
-4.7957905456	-1663.66298616	
-4.79854157897	-1663.66659785	
-4.80128506491	-1663.67019986	
-4.80402104473	-1663.67379223	
-4.80674955939	-1663.67737502	
-4.8094706495	-1663.68094829	
-4.81218435537	-1663.6845121	
-4.81489071697	-1663.68806651	
-4.81758977394	-1663.69161157	
-4.82028156561	-1663.69514733	
-4.82296613098	-1663.69867387	
-4.82564350875	-1663.70219122	
-4.8283137373	-1663.70569945	
-4.83097685472	-1663.70919861	
-4.83363289878	-1663.71268875	
-4.83628190695	-1663.71616993	
-4.83892391641	-1663.71964219	
-4.84155896405	-1663.7231056	
-4.84418708646	-1663.72656021	
-4.84680831994	-1663.73000606	
-4.84942270051	-1663.73344321	
-4.85203026392	-1663.7368717	
-4.85463104562	-1663.7402916	
-4.8572250808	-1663.74370294	
-4.85981240436	-1663.74710579	
-4.86239305096	-1663.75050018	
-4.86496705495	-1663.75388616	
-4.86753445046	-1663.7572638	
-4.87009527132	-1663.76063312	
-4.87264955112	-1663.76399419	
-4.8751973232	-1663.76734704	
-4.87773862063	-1663.77069173	
-4.88027347623	-1663.7740283	
-4.88280192259	-1663.77735679	
-4.88532399202	-1663.78067726	
-4.88783971662	-1663.78398975	
-4.89034912822	-1663.78729431	
-4.89285225844	-1663.79059097	
-4.89534913864	-1663.79387978	
-4.89783979995	-1663.79716079	
-4.90032427328	-1663.80043403	
-4.90280258929	-1663.80369957	
-4.90527477844	-1663.80695742	
-4.90774087093	-1663.81020765	
-4.91020089677	-1663.81345028	
-4.91265488574	-1663.81668537	
-4.91510286737	-1663.81991295	
-4.91754487103	-1663.82313307	
-4.91998092583	-1663.82634577	
-4.92241106068	-1663.82955108	
-4.92483530429	-1663.83274904	
-4.92725368516	-1663.8359397	
-4.92966623156	-1663.8391231	
-4.93207297159	-1663.84229928	
-4.93447393313	-1663.84546827	
-4.93686914386	-1663.84863011	
-4.93925863125	-1663.85178484	
-4.94164242261	-1663.8549325	
-4.94402054501	-1663.85807313	
-4.94639302537	-1663.86120677	
-4.94875989038	-1663.86433344	
-4.95112116656	-1663.8674532	
-4.95347688026	-1663.87056607	
-4.9558270576	-1663.87367209	
-4.95817172456	-1663.8767713	
-4.96051090691	-1663.87986373	
-4.96284463026	-1663.88294942	
-4.96517292002	-1663.8860284	
-4.96749580144	-1663.88910071	
-4.96981329958	-1663.89216639	
-4.97212543933	-1663.89522546	
-4.97443224543	-1663.89827796	
-4.97673374242	-1663.90132393	
-4.97902995468	-1663.9043634	
-4.98132090643	-1663.90739641	
-4.98360662171	-1663.91042297	
-4.98588712441	-1663.91344314	
-4.98816243824	-1663.91645693	
-4.99043258678	-1663.91946439	
-4.99269759341	-1663.92246555	
-4.99495748138	-1663.92546043	
-4.99721227376	-1663.92844907	
-4.9994619935	-1663.9314315	
-5.00170666335	-1663.93440776	
-5.00394630595	-1663.93737786	
-5.00618094375	-1663.94034185	
-5.00841059907	-1663.94329975	
-5.0106352941	-1663.94625159	
-5.01285505083	-1663.94919741	
-5.01506989116	-1663.95213723	
-5.01727983681	-1663.95507108	
-5.01948490937	-1663.95799899	
-5.02168513028	-1663.960921	
-5.02388052085	-1663.96383712	
-5.02607110223	-1663.96674739	
-5.02825689545	-1663.96965184	
-5.03043792139	-1663.9725505	
-5.03261420082	-1663.97544338	
-5.03478575433	-1663.97833053	
-5.03695260241	-1663.98121197	
-5.03911476542	-1663.98408772	
-5.04127226356	-1663.98695782	
-5.04342511692	-1663.98982229	
-5.04557334546	-1663.99268115	
-5.047716969	-1663.99553443	
-5.04985600725	-1663.99838217	
-5.05199047978	-1664.00122438	
-5.05412040604	-1664.0040611	
-5.05624580535	-1664.00689234	
-5.05836669692	-1664.00971814	
-5.06048309982	-1664.01253851	
-5.06259503303	-1664.01535349	
-5.06470251537	-1664.0181631	
-5.06680556556	-1664.02096737	
-5.06890420222	-1664.02376631	
-5.07099844382	-1664.02655996	
-5.07308830874	-1664.02934833	
-5.07517381523	-1664.03213146	
-5.07725498144	-1664.03490937	
-5.07933182538	-1664.03768207	
-5.08140436498	-1664.0404496	
-5.08347261805	-1664.04321198	
-5.08553660227	-1664.04596922	
-5.08759633523	-1664.04872136	
-5.08965183441	-1664.05146842	
-5.09170311719	-1664.05421042	
-5.09375020081	-1664.05694738	
-5.09579310244	-1664.05967933	
-5.09783183913	-1664.06240629	
-5.09986642782	-1664.06512827	
-5.10189688537	-1664.06784531	
-5.10392322852	-1664.07055742	
-5.1059454739	-1664.07326463	
-5.10796363806	-1664.07596695	
-5.10997773743	-1664.07866442	
-5.11198778836	-1664.08135704	
-5.11399380708	-1664.08404485	
-5.11599580975	-1664.08672785	
-5.11799381242	-1664.08940609	
-5.11998783102	-1664.09207956	
-5.12197788143	-1664.0947483	
-5.1239639794	-1664.09741233	
-5.12594614061	-1664.10007166	
-5.12792438062	-1664.10272632	
-5.12989871492	-1664.10537632	
-5.13186915891	-1664.10802169	
-5.13383572788	-1664.11066245	
-5.13579843705	-1664.11329861	
-5.13775730154	-1664.11593019	
-5.13971233637	-1664.11855722	
-5.1416635565	-1664.12117972	
-5.14361097679	-1664.12379769	
-5.145554612	-1664.12641117	
-5.14749447681	-1664.12902017	
-5.14943058584	-1664.1316247	
-5.15136295359	-1664.1342248	
-5.1532915945	-1664.13682047	
-5.15521652291	-1664.13941174	
-5.15713775309	-1664.14199861	
-5.15905529921	-1664.14458112	
-5.1609691754	-1664.14715928	
-5.16287939565	-1664.14973311	
-5.16478597392	-1664.15230262	
-5.16668892407	-1664.15486783	
-5.16858825987	-1664.15742877	
-5.17048399504	-1664.15998544	
-5.17237614319	-1664.16253786	
-5.17426471788	-1664.16508606	
-5.17614973257	-1664.16763005	
-5.17803120067	-1664.17016984	
-5.1799091355	-1664.17270546	
-5.18178355029	-1664.17523691	
-5.18365445823	-1664.17776422	
-5.1855218724	-1664.18028741	
-5.18738580584	-1664.18280648	
-5.18924627149	-1664.18532146	
-5.19110328224	-1664.18783236	
-5.19295685089	-1664.1903392	
-5.19480699018	-1664.19284199	
-5.19665371277	-1664.19534076	
-5.19849703127	-1664.1978355	
-5.20033695819	-1664.20032626	
-5.202173506	-1664.20281302	
-5.20400668708	-1664.20529582	
-5.20583651375	-1664.20777467	
-5.20766299828	-1664.21024958	
-5.20948615284	-1664.21272057	
-5.21130598956	-1664.21518766	
-5.21312252048	-1664.21765085	
-5.21493575761	-1664.22011016	
-5.21674571285	-1664.22256562	
-5.21855239808	-1664.22501723	
-5.22035582508	-1664.227465	
-5.22215600558	-1664.22990896	
-5.22395295126	-1664.23234911	
-5.22574667371	-1664.23478548	
-5.22753718449	-1664.23721807	
-5.22932449506	-1664.23964691	
-5.23110861685	-1664.24207199	
-5.23288956123	-1664.24449335	
-5.23466733947	-1664.24691098	
-5.23644196283	-1664.24932492	
-5.23821344248	-1664.25173516	
-5.23998178954	-1664.25414172	
-5.24174701506	-1664.25654463	
-5.24350913005	-1664.25894388	
-5.24526814546	-1664.2613395	
-5.24702407216	-1664.26373149	
-5.24877692099	-1664.26611988	
-5.25052670271	-1664.26850466	
-5.25227342805	-1664.27088587	
-5.25401710765	-1664.27326351	
-5.25575775213	-1664.27563759	
-5.25749537203	-1664.27800812	
-5.25922997784	-1664.28037513	
-5.26096158	-1664.28273861	
-5.2626901889	-1664.28509859	
-5.26441581487	-1664.28745508	
-5.26613846818	-1664.28980808	
-5.26785815906	-1664.29215762	
-5.26957489768	-1664.2945037	
-5.27128869416	-1664.29684634	
-5.27299955856	-1664.29918555	
-5.27470750091	-1664.30152133	
-5.27641253116	-1664.30385371	
-5.27811465923	-1664.3061827	
-5.27981389498	-1664.3085083	
-5.28151024823	-1664.31083053	
-5.28320372874	-1664.3131494	
-5.28489434622	-1664.31546492	
-5.28658211033	-1664.31777711	
-5.28826703069	-1664.32008597	
-5.28994911688	-1664.32239152	
-5.2916283784	-1664.32469377	
-5.29330482472	-1664.32699273	
-5.29497846528	-1664.32928841	
-5.29664930945	-1664.33158082	
-5.29831736655	-1664.33386997	
-5.29998264587	-1664.33615588	
-5.30164515664	-1664.33843856	
-5.30330490806	-1664.34071801	
-5.30496190927	-1664.34299425	
-5.30661616936	-1664.34526729	
-5.3082676974	-1664.34753714	
-5.30991650239	-1664.34980381	
-5.3115625933	-1664.35206731	
-5.31320597904	-1664.35432766	
-5.3148466685	-1664.35658485	
-5.3164846705	-1664.35883891	
-5.31811999384	-1664.36108984	
-5.31975264727	-1664.36333765	
-5.32138263948	-1664.36558236	
-5.32300997914	-1664.36782397	
-5.32463467487	-1664.3700625	
-5.32625673524	-1664.37229795	
-5.32787616879	-1664.37453034	
-5.32949298402	-1664.37675967	
-5.33110718937	-1664.37898596	
-5.33271879327	-1664.38120921	
-5.33432780407	-1664.38342944	
-5.33593423012	-1664.38564665	
-5.3375380797	-1664.38786086	
-5.33913936107	-1664.39007207	
-5.34073808243	-1664.39228029	
-5.34233425196	-1664.39448554	
-5.3439278778	-1664.39668782	
-5.34551896803	-1664.39888714	
-5.34710753072	-1664.40108352	
-5.34869357387	-1664.40327696	
-5.35027710548	-1664.40546746	
-5.35185813348	-1664.40765505	
-5.35343666577	-1664.40983973	
-5.35501271022	-1664.41202151	
-5.35658627467	-1664.41420039	
-5.3581573669	-1664.4163764	
-5.35972599468	-1664.41854952	
-5.36129216571	-1664.42071979	
-5.36285588769	-1664.4228872	
-5.36441716825	-1664.42505176	
-5.36597601502	-1664.42721348	
-5.36753243557	-1664.42937237	
-5.36908643744	-1664.43152845	
-5.37063802813	-1664.43368171	
-5.37218721511	-1664.43583217	
-5.37373400583	-1664.43797984	
-5.37527840768	-1664.44012472	
-5.37682042804	-1664.44226682	
-5.37836007422	-1664.44440615	
-5.37989735354	-1664.44654273	
-5.38143227326	-1664.44867655	
-5.38296484061	-1664.45080763	
-5.38449506279	-1664.45293597	
-5.38602294697	-1664.45506159	
-5.38754850028	-1664.45718449	
-5.38907172982	-1664.45930468	
-5.39059264266	-1664.46142217	
-5.39211124583	-1664.46353697	
-5.39362754635	-1664.46564908	
-5.39514155118	-1664.46775851	
-5.39665326727	-1664.46986527	
-5.39816270152	-1664.47196937	
-5.39966986081	-1664.47407082	
-5.40117475199	-1664.47616962	
-5.40267738187	-1664.47826578	
-5.40417775725	-1664.48035932	
-5.40567588487	-1664.48245023	
-5.40717177146	-1664.48453852	
-5.40866542372	-1664.48662421	
-5.4101568483	-1664.48870731	
-5.41164605186	-1664.49078781	
-5.41313304098	-1664.49286572	
-5.41461782224	-1664.49494106	
-5.4161004022	-1664.49701383	
-5.41758078737	-1664.49908404	
-5.41905898424	-1664.50115169	
-5.42053499927	-1664.5032168	
-5.42200883889	-1664.50527937	
-5.4234805095	-1664.50733941	
-5.42495001748	-1664.50939692	
-5.42641736918	-1664.51145192	
-5.4278825709	-1664.5135044	
-5.42934562895	-1664.51555439	
-5.43080654959	-1664.51760187	
-5.43226533906	-1664.51964687	
-5.43372200355	-1664.52168939	
-5.43517654927	-1664.52372943	
-5.43662898235	-1664.525767	
-5.43807930892	-1664.52780212	
-5.4395275351	-1664.52983478	
-5.44097366695	-1664.53186499	
-5.44241771052	-1664.53389277	
-5.44385967184	-1664.53591811	
-5.4452995569	-1664.53794102	
-5.44673737167	-1664.53996152	
-5.44817312209	-1664.5419796	
-5.44960681409	-1664.54399528	
-5.45103845357	-1664.54600855	
-5.45246804638	-1664.54801944	
-5.45389559837	-1664.55002794	
-5.45532111536	-1664.55203406	
-5.45674460314	-1664.5540378	
-5.45816606749	-1664.55603918	
-5.45958551414	-1664.55803821	
-5.46100294883	-1664.56003487	
-5.46241837723	-1664.56202919	
-5.46383180503	-1664.56402117	
-5.46524323786	-1664.56601082	
-5.46665268137	-1664.56799814	
-5.46806014114	-1664.56998314	
-5.46946562274	-1664.57196582	
-5.47086913175	-1664.57394619	
-5.47227067367	-1664.57592426	
-5.47367025403	-1664.57790003	
-5.47506787829	-1664.57987352	
-5.47646355193	-1664.58184472	
-5.47785728038	-1664.58381364	
-5.47924906905	-1664.58578029	
-5.48063892334	-1664.58774467	
-5.48202684862	-1664.5897068	
-5.48341285022	-1664.59166667	
-5.48479693349	-1664.59362429	
-5.48617910372	-1664.59557967	
-5.48755936619	-1664.59753281	
-5.48893772616	-1664.59948373	
-5.49031418887	-1664.60143242	
-5.49168875953	-1664.60337889	
-5.49306144334	-1664.60532315	
-5.49443224547	-1664.6072652	
-5.49580117108	-1664.60920505	
-5.49716822529	-1664.61114271	
-5.49853341322	-1664.61307817	
-5.49989673995	-1664.61501146	
-5.50125821054	-1664.61694256	
-5.50261783006	-1664.61887149	
-5.50397560352	-1664.62079826	
-5.50533153593	-1664.62272286	
-5.50668563228	-1664.62464531	
-5.50803789753	-1664.62656561	
-5.50938833663	-1664.62848376	
-5.5107369545	-1664.63039978	
-5.51208375605	-1664.63231366	
-5.51342874616	-1664.63422541	
-5.51477192971	-1664.63613504	
-5.51611331154	-1664.63804255	
-5.51745289646	-1664.63994795	
-5.51879068931	-1664.64185124	
-5.52012669485	-1664.64375243	
-5.52146091786	-1664.64565153	
-5.5227933631	-1664.64754853	
-5.52412403528	-1664.64944345	
-5.52545293913	-1664.65133629	
-5.52678007934	-1664.65322706	
-5.52810546058	-1664.65511575	
-5.52942908751	-1664.65700238	
-5.53075096477	-1664.65888695	
-5.53207109697	-1664.66076946	
-5.53338948873	-1664.66264993	
-5.53470614461	-1664.66452835	
-5.53602106919	-1664.66640473	
-5.53733426702	-1664.66827908	
-5.53864574262	-1664.6701514	
-5.5399555005	-1664.67202169	
-5.54126354516	-1664.67388997	
-5.54256988107	-1664.67575623	
-5.5438745127	-1664.67762048	
-5.54517744448	-1664.67948273	
-5.54647868084	-1664.68134298	
-5.54777822618	-1664.68320123	
-5.5490760849	-1664.68505749	
-5.55037226136	-1664.68691177	
-5.55166675992	-1664.68876407	
-5.55295958492	-1664.69061439	
-5.55425074069	-1664.69246274	
-5.55554023152	-1664.69430913	
-5.5568280617	-1664.69615356	
-5.55811423551	-1664.69799603	
-5.5593987572	-1664.69983654	
-5.56068163102	-1664.70167511	
-5.56196286117	-1664.70351174	
-5.56324245188	-1664.70534643	
-5.56452040732	-1664.70717919	
-5.56579673168	-1664.70901002	
-5.56707142911	-1664.71083892	
-5.56834450376	-1664.71266591	
-5.56961595975	-1664.71449098	
-5.57088580119	-1664.71631414	
-5.57215403218	-1664.71813539	
-5.57342065679	-1664.71995475	
-5.5746856791	-1664.7217722	
-5.57594910315	-1664.72358777	
-5.57721093297	-1664.72540144	
-5.57847117258	-1664.72721324	
-5.57972982599	-1664.72902315	
-5.58098689718	-1664.73083119	
-5.58224239012	-1664.73263736	
-5.58349630878	-1664.73444166	
-5.5847486571	-1664.7362441	
-5.585999439	-1664.73804468	
-5.5872486584	-1664.73984342	
-5.5884963192	-1664.7416403	
-5.58974242528	-1664.74343533	
-5.59098698051	-1664.74522853	
-5.59222998875	-1664.74701989	
-5.59347145384	-1664.74880942	
-5.5947113796	-1664.75059712	
-5.59594976985	-1664.752383	
-5.59718662839	-1664.75416706	
-5.598421959	-1664.7559493	
-5.59965576545	-1664.75772973	
-5.60088805149	-1664.75950836	
-5.60211882088	-1664.76128518	
-5.60334807733	-1664.76306021	
-5.60457582457	-1664.76483343	
-5.6058020663	-1664.76660487	
-5.60702680619	-1664.76837452	
-5.60825004793	-1664.77014239	
-5.60947179518	-1664.77190849	
-5.61069205159	-1664.7736728	
-5.61191082078	-1664.77543535	
-5.61312810639	-1664.77719613	
-5.61434391201	-1664.77895514	
-5.61555824124	-1664.7807124	
-5.61677109767	-1664.7824679	
-5.61798248485	-1664.78422165	
-5.61919240636	-1664.78597366	
-5.62040086572	-1664.78772392	
-5.62160786647	-1664.78947244	
-5.62281341212	-1664.79121923	
-5.62401750619	-1664.79296429	
-5.62522015215	-1664.79470761	
-5.6264213535	-1664.79644922	
-5.62762111369	-1664.7981891	
-5.62881943618	-1664.79992727	
-5.63001632442	-1664.80166372	
-5.63121178182	-1664.80339846	
-5.63240581181	-1664.8051315	
-5.6335984178	-1664.80686284	
-5.63478960317	-1664.80859248	
-5.6359793713	-1664.81032043	
-5.63716772557	-1664.81204668	
-5.63835466933	-1664.81377125	
-5.63954020593	-1664.81549414	
-5.64072433869	-1664.81721534	
-5.64190707094	-1664.81893487	
-5.64308840598	-1664.82065273	
-5.64426834712	-1664.82236892	
-5.64544689764	-1664.82408344	
-5.64662406082	-1664.8257963	
-5.64779983991	-1664.82750751	
-5.64897423816	-1664.82921706	
-5.65014725882	-1664.83092495	
-5.65131890512	-1664.83263121	
-5.65248918027	-1664.83433581	
-5.65365808747	-1664.83603878	
-5.65482562993	-1664.83774011	
-5.65599181082	-1664.83943981	
-5.65715663332	-1664.84113787	
-5.65832010058	-1664.84283431	
-5.65948221576	-1664.84452913	
-5.660642982	-1664.84622232	
-5.66180240242	-1664.8479139	
-5.66296048014	-1664.84960387	
-5.66411721826	-1664.85129223	
-5.66527261989	-1664.85297898	
-5.66642668811	-1664.85466413	
-5.66757942599	-1664.85634767	
-5.6687308366	-1664.85802963	
-5.66988092298	-1664.85970999	
-5.67102968818	-1664.86138876	
-5.67217713524	-1664.86306594	
-5.67332326717	-1664.86474154	
-5.67446808699	-1664.86641556	
-5.67561159769	-1664.86808801	
-5.67675380227	-1664.86975888	
-5.6778947037	-1664.87142818	
-5.67903430497	-1664.87309591	
-5.68017260902	-1664.87476208	
-5.6813096188	-1664.87642669	
-5.68244533727	-1664.87808975	
-5.68357976734	-1664.87975125	
-5.68471291194	-1664.8814112	
-5.68584477397	-1664.8830696	
-5.68697535634	-1664.88472645	
-5.68810466194	-1664.88638177	
-5.68923269364	-1664.88803555	
-5.69035945432	-1664.88968779	
-5.69148494685	-1664.8913385	
-5.69260917406	-1664.89298768	
-5.6937321388	-1664.89463533	
-5.69485384391	-1664.89628147	
-5.69597429221	-1664.89792608	
-5.69709348651	-1664.89956918	
-5.69821142961	-1664.90121076	
-5.69932812431	-1664.90285083	
-5.70044357339	-1664.9044894	
-5.70155777963	-1664.90612646	
-5.7026707458	-1664.90776201	
-5.70378247466	-1664.90939607	
-5.70489296894	-1664.91102864	
-5.70600223139	-1664.91265971	
-5.70711026475	-1664.91428929	
-5.70821707172	-1664.91591739	
-5.70932265503	-1664.917544	
-5.71042701737	-1664.91916913	
-5.71153016145	-1664.92079279	
-5.71263208993	-1664.92241497	
-5.71373280551	-1664.92403567	
-5.71483231084	-1664.92565491	
-5.71593060859	-1664.92727268	
-5.71702770141	-1664.92888899	
-5.71812359193	-1664.93050384	
-5.71921828279	-1664.93211723	
-5.72031177661	-1664.93372916	
-5.72140407601	-1664.93533965	
-5.72249518359	-1664.93694868	
-5.72358510195	-1664.93855627	
-5.72467383369	-1664.94016242	
-5.72576138137	-1664.94176712	
-5.72684774759	-1664.94337038	
-5.72793293489	-1664.94497222	
-5.72901694583	-1664.94657261	
-5.73009978297	-1664.94817158	
-5.73118144884	-1664.94976913	
-5.73226194598	-1664.95136524	
-5.7333412769	-1664.95295994	
-5.73441944412	-1664.95455322	
-5.73549645015	-1664.95614508	
-5.73657229748	-1664.95773553	
-5.73764698861	-1664.95932457	
-5.73872052602	-1664.9609122	
-5.73979291218	-1664.96249843	
-5.74086414956	-1664.96408325	
-5.74193424062	-1664.96566667	
-5.74300318781	-1664.9672487	
-5.74407099357	-1664.96882933	
-5.74513766034	-1664.97040857	
-5.74620319054	-1664.97198642	
-5.7472675866	-1664.97356289	
-5.74833085092	-1664.97513797	
-5.74939298591	-1664.97671167	
-5.75045399397	-1664.97828399	
-5.75151387748	-1664.97985494	
-5.75257263883	-1664.98142451	
-5.75363028038	-1664.98299271	
-5.75468680452	-1664.98455954	
-5.75574221359	-1664.98612501	
-5.75679650994	-1664.98768911	
-5.75784969593	-1664.98925185	
-5.75890177388	-1664.99081324	
-5.75995274612	-1664.99237326	
-5.76100261499	-1664.99393194	
-5.76205138278	-1664.99548926	
-5.76309905181	-1664.99704524	
-5.76414562438	-1664.99859987	
-5.76519110278	-1665.00015316	
-5.7662354893	-1665.00170511	
-5.76727878622	-1665.00325572	
-5.76832099579	-1665.00480499	
-5.7693621203	-1665.00635293	
-5.770402162	-1665.00789954	
-5.77144112313	-1665.00944482	
-5.77247900594	-1665.01098878	
-5.77351581267	-1665.01253141	
-5.77455154554	-1665.01407272	
-5.77558620679	-1665.01561271	
-5.77661979861	-1665.01715139	
-5.77765232322	-1665.01868875	
-5.77868378283	-1665.0202248	
-5.77971417962	-1665.02175954	
-5.78074351579	-1665.02329297	
-5.78177179352	-1665.02482511	
-5.78279901497	-1665.02635593	
-5.78382518233	-1665.02788546	
-5.78485029774	-1665.02941369	
-5.78587436337	-1665.03094063	
-5.78689738137	-1665.03246628	
-5.78791935386	-1665.03399063	
-5.788940283	-1665.0355137	
-5.7899601709	-1665.03703548	
-5.79097901969	-1665.03855597	
-5.79199683148	-1665.04007519	
-5.79301360838	-1665.04159313	
-5.7940293525	-1665.04310979	
-5.79504406593	-1665.04462518	
-5.79605775077	-1665.04613929	
-5.79707040908	-1665.04765214	
-5.79808204295	-1665.04916371	
-5.79909265446	-1665.05067403	
-5.80010224566	-1665.05218308	
-5.80111081862	-1665.05369087	
-5.80211837538	-1665.0551974	
-5.80312491799	-1665.05670267	
-5.80413044849	-1665.0582067	
-5.80513496892	-1665.05970946	
-5.80613848129	-1665.06121099	
-5.80714098764	-1665.06271126	
-5.80814248998	-1665.06421029	
-5.80914299031	-1665.06570807	
