# log_p 	 lnL 	 
0.0	-1603.00162868	
-0.287682072452	-1603.00147045	
-0.510825623766	-1603.00113419	
-0.69314718056	-1603.00063029	
-0.847297860387	-1603.00000051	
-0.980829253012	-1602.99929018	
-1.09861228867	-1602.99853681	
-1.20397280433	-1602.99776777	
-1.29928298413	-1602.99700153	
-1.38629436112	-1602.99624973	
-1.46633706879	-1602.99551915	
-1.54044504095	-1602.99481327	
-1.60943791243	-1602.99413345	
-1.67397643357	-1602.99347968	
-1.73460105539	-1602.99285119	
-1.79175946923	-1602.99224678	
-1.8458266905	-1602.99166503	
-1.89711998489	-1602.99110449	
-1.94591014906	-1602.99056373	
-1.99243016469	-1602.99004141	
-2.03688192726	-1602.98953626	
-2.07944154168	-1602.98904716	
-2.1202635362	-1602.98857306	
-2.15948424935	-1602.98811303	
-2.19722457734	-1602.98766624	
-2.23359222151	-1602.98723194	
-2.26868354132	-1602.98680944	
-2.30258509299	-1602.98639813	
-2.33537491582	-1602.98599745	
-2.36712361413	-1602.98560691	
-2.3978952728	-1602.98522603	
-2.42774823595	-1602.98485441	
-2.45673577282	-1602.98449165	
-2.48490664979	-1602.98413739	
-2.51230562398	-1602.9837913	
-2.53897387106	-1602.98345306	
-2.56494935746	-1602.9831224	
-2.59026716545	-1602.98279903	
-2.61495977804	-1602.9824827	
-2.63905732962	-1602.98217317	
-2.66258782703	-1602.98187021	
-2.68557734525	-1602.9815736	
-2.7080502011	-1602.98128314	
-2.73002910782	-1602.98099862	
-2.75153531304	-1602.98071986	
-2.77258872224	-1602.98044668	
-2.79320800944	-1602.98017891	
-2.81341071676	-1602.97991639	
-2.83321334406	-1602.97965895	
-2.85263142991	-1602.97940645	
-2.87167962488	-1602.97915873	
-2.8903717579	-1602.97891567	
-2.90872089656	-1602.97867712	
-2.92673940207	-1602.97844296	
-2.94443897917	-1602.97821305	
-2.96183072188	-1602.97798729	
-2.97892515524	-1602.97776556	
-2.99573227355	-1602.97754773	
-3.01226157551	-1602.97733372	
-3.02852209638	-1602.9771234	
-3.04452243772	-1602.97691669	
-3.06027079469	-1602.97671349	
-3.07577498123	-1602.9765137	
-3.09104245336	-1602.97631723	
-3.10608033072	-1602.976124	
-3.12089541651	-1602.97593392	
-3.13549421593	-1602.97574691	
-3.14988295338	-1602.97556289	
-3.16406758837	-1602.97538179	
-3.17805383035	-1602.97520353	
-3.19184715248	-1602.97502804	
-3.20545280454	-1602.97485526	
-3.21887582487	-1602.97468511	
-3.23212105162	-1602.97451754	
-3.24519313319	-1602.97435248	
-3.25809653802	-1602.97418987	
-3.2708355638	-1602.97402965	
-3.28341434601	-1602.97387177	
-3.295836866	-1602.97371617	
-3.3081069586	-1602.9735628	
-3.32022831913	-1602.97341161	
-3.33220451018	-1602.97326254	
-3.34403896782	-1602.97311556	
-3.35573500759	-1602.97297061	
-3.36729582999	-1602.97282764	
-3.37872452581	-1602.97268662	
-3.39002408106	-1602.9725475	
-3.40119738166	-1602.97241024	
-3.41224721785	-1602.97227481	
-3.42317628838	-1602.97214115	
-3.43398720449	-1602.97200923	
-3.4446824936	-1602.97187903	
-3.45526460293	-1602.97175049	
-3.4657359028	-1602.97162359	
-3.47609868984	-1602.9714983	
-3.48635519	-1602.97137457	
-3.49650756147	-1602.97125238	
-3.50655789732	-1602.9711317	
-3.51650822817	-1602.9710125	
-3.52636052462	-1602.97089475	
-3.53611669956	-1602.97077841	
-3.54577861047	-1602.97066347	
-3.55534806149	-1602.9705499	
-3.56482680544	-1602.97043766	
-3.57421654579	-1602.97032674	
-3.58351893846	-1602.97021711	
-3.59273559356	-1602.97010874	
-3.60186807712	-1602.97000162	
-3.61091791264	-1602.96989571	
-3.61988658263	-1602.969791	
-3.62877553004	-1602.96968746	
-3.63758615973	-1602.96958508	
-3.6463198397	-1602.96948383	
-3.65497790244	-1602.9693837	
-3.66356164613	-1602.96928465	
-3.6720723358	-1602.96918669	
-3.68051120444	-1602.96908977	
-3.68887945411	-1602.9689939	
-3.69717825693	-1602.96889904	
-3.70540875607	-1602.96880519	
-3.7135720667	-1602.96871232	
-3.72166927694	-1602.96862042	
-3.72970144863	-1602.96852947	
-3.73766961828	-1602.96843945	
-3.74557479779	-1602.96835036	
-3.75341797525	-1602.96826218	
-3.76120011569	-1602.96817489	
-3.76892216179	-1602.96808847	
-3.77658503453	-1602.96800292	
-3.78418963392	-1602.96791821	
-3.79173683955	-1602.96783435	
-3.79922751128	-1602.9677513	
-3.80666248977	-1602.96766907	
-3.81404259707	-1602.96758763	
-3.82136863716	-1602.96750698	
-3.82864139649	-1602.9674271	
-3.83586164446	-1602.96734798	
-3.84303013394	-1602.96726961	
-3.85014760171	-1602.96719198	
-3.85721476893	-1602.96711508	
-3.86423234159	-1602.9670389	
-3.87120101091	-1602.96696342	
-3.87812145375	-1602.96688863	
-3.88499433304	-1602.96681454	
-3.89182029811	-1602.96674111	
-3.8985999851	-1602.96666836	
-3.90533401728	-1602.96659626	
-3.91202300543	-1602.96652481	
-3.91866754815	-1602.96645399	
-3.92526823218	-1602.96638381	
-3.93182563272	-1602.96631424	
-3.93834031375	-1602.96624529	
-3.94481282825	-1602.96617694	
-3.95124371858	-1602.96610919	
-3.95763351668	-1602.96604202	
-3.96398274436	-1602.96597543	
-3.97029191355	-1602.96590941	
-3.97656152657	-1602.96584395	
-3.98279207632	-1602.96577905	
-3.98898404656	-1602.9657147	
-3.99513791214	-1602.96565089	
-4.00125413916	-1602.96558761	
-4.00733318523	-1602.96552486	
-4.01337549969	-1602.96546264	
-4.01938152375	-1602.96540092	
-4.02535169074	-1602.96533971	
-4.03128642625	-1602.965279	
-4.03718614838	-1602.96521878	
-4.04305126783	-1602.96515906	
-4.04888218815	-1602.96509981	
-4.05467930583	-1602.96504104	
-4.06044301055	-1602.96498274	
-4.06617368526	-1602.9649249	
-4.07187170637	-1602.96486752	
-4.07753744391	-1602.96481059	
-4.08317126162	-1602.96475411	
-4.08877351717	-1602.96469807	
-4.09434456222	-1602.96464246	
-4.0998847426	-1602.96458729	
-4.10539439841	-1602.96453254	
-4.11087386417	-1602.96447821	
-4.11632346894	-1602.9644243	
-4.12174353641	-1602.9643708	
-4.12713438505	-1602.9643177	
-4.13249632819	-1602.96426501	
-4.13782967416	-1602.96421271	
-4.14313472639	-1602.9641608	
-4.14841178349	-1602.96410927	
-4.15366113938	-1602.96405814	
-4.15888308336	-1602.96400737	
-4.16407790024	-1602.96395699	
-4.1692458704	-1602.96390697	
-4.1743872699	-1602.96385732	
-4.17950237056	-1602.96380802	
-4.18459144007	-1602.96375909	
-4.18965474203	-1602.96371051	
-4.19469253606	-1602.96366228	
-4.19970507788	-1602.96361439	
-4.20469261939	-1602.96356685	
-4.20965540873	-1602.96351964	
-4.21459369037	-1602.96347276	
-4.21950770518	-1602.96342622	
-4.22439769047	-1602.96338001	
-4.22926388012	-1602.96333411	
-4.2341065046	-1602.96328854	
-4.23892579103	-1602.96324328	
-4.2437219633	-1602.96319834	
-4.24849524205	-1602.96315371	
-4.25324584481	-1602.96310938	
-4.257973986	-1602.96306535	
-4.26267987704	-1602.96302163	
-4.26736372635	-1602.9629782	
-4.27202573946	-1602.96293507	
-4.27666611902	-1602.96289223	
-4.28128506487	-1602.96284967	
-4.28588277412	-1602.9628074	
-4.29045944115	-1602.96276541	
-4.29501525768	-1602.9627237	
-4.29955041285	-1602.96268227	
-4.3040650932	-1602.96264111	
-4.30855948279	-1602.96260022	
-4.31303376319	-1602.96255959	
-4.31748811354	-1602.96251924	
-4.3219227106	-1602.96247914	
-4.32633772881	-1602.96243931	
-4.33073334029	-1602.96239973	
-4.33510971489	-1602.96236041	
-4.33946702026	-1602.96232134	
-4.34380542185	-1602.96228251	
-4.348125083	-1602.96224394	
-4.3524261649	-1602.96220561	
-4.35670882669	-1602.96216753	
-4.36097322548	-1602.96212968	
-4.36521951636	-1602.96209207	
-4.36944785247	-1602.9620547	
-4.373658385	-1602.96201756	
-4.37785126326	-1602.96198065	
-4.38202663467	-1602.96194397	
-4.38618464482	-1602.96190752	
-4.39032543749	-1602.96187129	
-4.39444915467	-1602.96183529	
-4.39855593663	-1602.9617995	
-4.40264592188	-1602.96176393	
-4.40671924726	-1602.96172858	
-4.41077604796	-1602.96169345	
-4.4148164575	-1602.96165852	
-4.4188406078	-1602.96162381	
-4.42284862919	-1602.9615893	
-4.42684065046	-1602.96155501	
-4.43081679884	-1602.96152091	
-4.43477720006	-1602.96148702	
-4.43872197835	-1602.96145333	
-4.44265125649	-1602.96141984	
-4.44656515581	-1602.96138655	
-4.45046379623	-1602.96135345	
-4.45434729625	-1602.96132054	
-4.45821577303	-1602.96128783	
-4.46206934235	-1602.96125531	
-4.46590811865	-1602.96122298	
-4.46973221509	-1602.96119083	
-4.47354174351	-1602.96115887	
-4.47733681448	-1602.96112709	
-4.48111753732	-1602.9610955	
-4.48488402011	-1602.96106408	
-4.48863636973	-1602.96103285	
-4.49237469184	-1602.96100179	
-4.49609909093	-1602.96097091	
-4.49980967033	-1602.9609402	
-4.50350653221	-1602.96090967	
-4.50718977763	-1602.96087931	
-4.51085950652	-1602.96084911	
-4.51451581772	-1602.96081909	
-4.518158809	-1602.96078923	
-4.52178857705	-1602.96075954	
-4.52540521752	-1602.96073001	
-4.52900882502	-1602.96070065	
-4.53259949315	-1602.96067145	
-4.5361773145	-1602.9606424	
-4.53974238067	-1602.96061352	
-4.54329478227	-1602.96058479	
-4.54683460898	-1602.96055622	
-4.55036194949	-1602.96052781	
-4.5538768916	-1602.96049955	
-4.55737952215	-1602.96047144	
-4.56086992709	-1602.96044348	
-4.56434819147	-1602.96041567	
-4.56781439944	-1602.96038801	
-4.57126863431	-1602.9603605	
-4.5747109785	-1602.96033314	
-4.5781415136	-1602.96030592	
-4.58156032035	-1602.96027884	
-4.58496747867	-1602.96025191	
-4.58836306767	-1602.96022512	
-4.59174716566	-1602.96019847	
-4.59511985013	-1602.96017196	
-4.59848119784	-1602.96014558	
-4.60183128472	-1602.96011935	
-4.60517018599	-1602.96009325	
-4.60849797608	-1602.96006728	
-4.61181472871	-1602.96004145	
-4.61512051684	-1602.96001576	
-4.61841541274	-1602.95999019	
-4.62169948794	-1602.95996476	
-4.62497281328	-1602.95993945	
-4.62823545892	-1602.95991428	
-4.63148749431	-1602.95988923	
-4.63472898823	-1602.95986431	
-4.63796000881	-1602.95983951	
-4.64118062351	-1602.95981484	
-4.64439089914	-1602.9597903	
-4.64759090187	-1602.95976587	
-4.65078069724	-1602.95974157	
-4.65396035016	-1602.9597174	
-4.65712992492	-1602.95969334	
-4.66028948521	-1602.9596694	
-4.66343909411	-1602.95964558	
-4.66657881412	-1602.95962187	
-4.66970870713	-1602.95959829	
-4.67282883446	-1602.95957482	
-4.67593925688	-1602.95955146	
-4.67904003455	-1602.95952822	
-4.68213122712	-1602.95950509	
-4.68521289366	-1602.95948208	
-4.6882850927	-1602.95945917	
-4.69134788223	-1602.95943638	
-4.69440131972	-1602.9594137	
-4.6974454621	-1602.95939112	
-4.70048036579	-1602.95936866	
-4.70350608671	-1602.9593463	
-4.70652268025	-1602.95932405	
-4.70953020131	-1602.95930191	
-4.71252870431	-1602.95927987	
-4.71551824316	-1602.95925793	
-4.7184988713	-1602.9592361	
-4.72147064168	-1602.95921438	
-4.72443360681	-1602.95919275	
-4.72738781871	-1602.95917123	
-4.73033332894	-1602.95914981	
-4.73327018862	-1602.95912848	
-4.73619844839	-1602.95910726	
-4.7391181585	-1602.95908614	
-4.74202936871	-1602.95906511	
-4.74493212836	-1602.95904418	
-4.74782648639	-1602.95902335	
-4.75071249128	-1602.95900262	
-4.75359019111	-1602.95898198	
-4.75645963353	-1602.95896143	
-4.75932086582	-1602.95894098	
-4.7621739348	-1602.95892062	
-4.76501888693	-1602.95890036	
-4.76785576827	-1602.95888018	
-4.77068462447	-1602.9588601	
-4.77350550081	-1602.95884011	
-4.77631844218	-1602.95882021	
-4.77912349311	-1602.9588004	
-4.78192069773	-1602.95878068	
-4.78471009982	-1602.95876105	
-4.78749174278	-1602.9587415	
-4.79026566966	-1602.95872204	
-4.79303192316	-1602.95870267	
-4.7957905456	-1602.95868339	
-4.79854157897	-1602.95866419	
-4.80128506491	-1602.95864507	
-4.80402104473	-1602.95862604	
-4.80674955939	-1602.9586071	
-4.8094706495	-1602.95858823	
-4.81218435537	-1602.95856945	
-4.81489071697	-1602.95855076	
-4.81758977394	-1602.95853214	
-4.82028156561	-1602.9585136	
-4.82296613098	-1602.95849515	
-4.82564350875	-1602.95847677	
-4.8283137373	-1602.95845848	
-4.83097685472	-1602.95844026	
-4.83363289878	-1602.95842212	
-4.83628190695	-1602.95840406	
-4.83892391641	-1602.95838608	
-4.84155896405	-1602.95836818	
-4.84418708646	-1602.95835035	
-4.84680831994	-1602.95833259	
-4.84942270051	-1602.95831492	
-4.85203026392	-1602.95829731	
-4.85463104562	-1602.95827978	
-4.8572250808	-1602.95826233	
-4.85981240436	-1602.95824495	
-4.86239305096	-1602.95822764	
-4.86496705495	-1602.95821041	
-4.86753445046	-1602.95819325	
-4.87009527132	-1602.95817615	
-4.87264955112	-1602.95815913	
-4.8751973232	-1602.95814219	
-4.87773862063	-1602.95812531	
-4.88027347623	-1602.9581085	
-4.88280192259	-1602.95809176	
-4.88532399202	-1602.95807509	
-4.88783971662	-1602.95805849	
-4.89034912822	-1602.95804196	
-4.89285225844	-1602.95802549	
-4.89534913864	-1602.95800909	
-4.89783979995	-1602.95799276	
-4.90032427328	-1602.9579765	
-4.90280258929	-1602.9579603	
-4.90527477844	-1602.95794417	
-4.90774087093	-1602.9579281	
-4.91020089677	-1602.9579121	
-4.91265488574	-1602.95789616	
-4.91510286737	-1602.95788029	
-4.91754487103	-1602.95786448	
-4.91998092583	-1602.95784873	
-4.92241106068	-1602.95783305	
-4.92483530429	-1602.95781743	
-4.92725368516	-1602.95780187	
-4.92966623156	-1602.95778638	
-4.93207297159	-1602.95777094	
-4.93447393313	-1602.95775557	
-4.93686914386	-1602.95774025	
-4.93925863125	-1602.957725	
-4.94164242261	-1602.95770981	
-4.94402054501	-1602.95769468	
-4.94639302537	-1602.9576796	
-4.94875989038	-1602.95766459	
-4.95112116656	-1602.95764963	
-4.95347688026	-1602.95763474	
-4.9558270576	-1602.9576199	
-4.95817172456	-1602.95760511	
-4.96051090691	-1602.95759039	
-4.96284463026	-1602.95757572	
-4.96517292002	-1602.95756111	
-4.96749580144	-1602.95754656	
-4.96981329958	-1602.95753206	
-4.97212543933	-1602.95751761	
-4.97443224543	-1602.95750323	
-4.97673374242	-1602.95748889	
-4.97902995468	-1602.95747462	
-4.98132090643	-1602.95746039	
-4.98360662171	-1602.95744622	
-4.98588712441	-1602.95743211	
-4.98816243824	-1602.95741804	
-4.99043258678	-1602.95740404	
-4.99269759341	-1602.95739008	
-4.99495748138	-1602.95737618	
-4.99721227376	-1602.95736232	
-4.9994619935	-1602.95734852	
-5.00170666335	-1602.95733478	
-5.00394630595	-1602.95732108	
-5.00618094375	-1602.95730743	
-5.00841059907	-1602.95729384	
-5.0106352941	-1602.9572803	
-5.01285505083	-1602.9572668	
-5.01506989116	-1602.95725336	
-5.01727983681	-1602.95723996	
-5.01948490937	-1602.95722662	
-5.02168513028	-1602.95721332	
-5.02388052085	-1602.95720008	
-5.02607110223	-1602.95718688	
-5.02825689545	-1602.95717373	
-5.03043792139	-1602.95716062	
-5.03261420082	-1602.95714757	
-5.03478575433	-1602.95713456	
-5.03695260241	-1602.9571216	
-5.03911476542	-1602.95710869	
-5.04127226356	-1602.95709583	
-5.04342511692	-1602.95708301	
-5.04557334546	-1602.95707023	
-5.047716969	-1602.95705751	
-5.04985600725	-1602.95704483	
-5.05199047978	-1602.95703219	
-5.05412040604	-1602.9570196	
-5.05624580535	-1602.95700705	
-5.05836669692	-1602.95699455	
-5.06048309982	-1602.9569821	
-5.06259503303	-1602.95696968	
-5.06470251537	-1602.95695732	
-5.06680556556	-1602.95694499	
-5.06890420222	-1602.95693271	
-5.07099844382	-1602.95692048	
-5.07308830874	-1602.95690828	
-5.07517381523	-1602.95689613	
-5.07725498144	-1602.95688402	
-5.07933182538	-1602.95687196	
-5.08140436498	-1602.95685993	
-5.08347261805	-1602.95684795	
-5.08553660227	-1602.95683601	
-5.08759633523	-1602.95682411	
-5.08965183441	-1602.95681225	
-5.09170311719	-1602.95680044	
-5.09375020081	-1602.95678866	
-5.09579310244	-1602.95677693	
-5.09783183913	-1602.95676524	
-5.09986642782	-1602.95675358	
-5.10189688537	-1602.95674197	
-5.10392322852	-1602.95673039	
-5.1059454739	-1602.95671886	
-5.10796363806	-1602.95670737	
-5.10997773743	-1602.95669591	
-5.11198778836	-1602.95668449	
-5.11399380708	-1602.95667312	
-5.11599580975	-1602.95666178	
-5.11799381242	-1602.95665048	
-5.11998783102	-1602.95663922	
-5.12197788143	-1602.95662799	
-5.1239639794	-1602.95661681	
-5.12594614061	-1602.95660566	
-5.12792438062	-1602.95659455	
-5.12989871492	-1602.95658347	
-5.13186915891	-1602.95657244	
-5.13383572788	-1602.95656144	
-5.13579843705	-1602.95655047	
-5.13775730154	-1602.95653955	
-5.13971233637	-1602.95652866	
-5.1416635565	-1602.9565178	
-5.14361097679	-1602.95650698	
-5.145554612	-1602.9564962	
-5.14749447681	-1602.95648546	
-5.14943058584	-1602.95647475	
-5.15136295359	-1602.95646407	
-5.1532915945	-1602.95645343	
-5.15521652291	-1602.95644282	
-5.15713775309	-1602.95643225	
-5.15905529921	-1602.95642172	
-5.1609691754	-1602.95641122	
-5.16287939565	-1602.95640075	
-5.16478597392	-1602.95639032	
-5.16668892407	-1602.95637992	
-5.16858825987	-1602.95636955	
-5.17048399504	-1602.95635922	
-5.17237614319	-1602.95634892	
-5.17426471788	-1602.95633865	
-5.17614973257	-1602.95632842	
-5.17803120067	-1602.95631822	
-5.1799091355	-1602.95630806	
-5.18178355029	-1602.95629792	
-5.18365445823	-1602.95628782	
-5.1855218724	-1602.95627775	
-5.18738580584	-1602.95626772	
-5.18924627149	-1602.95625771	
-5.19110328224	-1602.95624774	
-5.19295685089	-1602.9562378	
-5.19480699018	-1602.95622789	
-5.19665371277	-1602.95621801	
-5.19849703127	-1602.95620816	
-5.20033695819	-1602.95619835	
-5.202173506	-1602.95618856	
-5.20400668708	-1602.95617881	
-5.20583651375	-1602.95616908	
-5.20766299828	-1602.95615939	
-5.20948615284	-1602.95614973	
-5.21130598956	-1602.9561401	
-5.21312252048	-1602.9561305	
-5.21493575761	-1602.95612092	
-5.21674571285	-1602.95611138	
-5.21855239808	-1602.95610187	
-5.22035582508	-1602.95609238	
-5.22215600558	-1602.95608293	
-5.22395295126	-1602.95607351	
-5.22574667371	-1602.95606411	
-5.22753718449	-1602.95605474	
-5.22932449506	-1602.95604541	
-5.23110861685	-1602.9560361	
-5.23288956123	-1602.95602682	
-5.23466733947	-1602.95601757	
-5.23644196283	-1602.95600834	
-5.23821344248	-1602.95599915	
-5.23998178954	-1602.95598998	
-5.24174701506	-1602.95598084	
-5.24350913005	-1602.95597173	
-5.24526814546	-1602.95596265	
-5.24702407216	-1602.95595359	
-5.24877692099	-1602.95594456	
-5.25052670271	-1602.95593556	
-5.25227342805	-1602.95592659	
-5.25401710765	-1602.95591764	
-5.25575775213	-1602.95590872	
-5.25749537203	-1602.95589983	
-5.25922997784	-1602.95589096	
-5.26096158	-1602.95588212	
-5.2626901889	-1602.9558733	
-5.26441581487	-1602.95586452	
-5.26613846818	-1602.95585576	
-5.26785815906	-1602.95584702	
-5.26957489768	-1602.95583831	
-5.27128869416	-1602.95582963	
-5.27299955856	-1602.95582097	
-5.27470750091	-1602.95581234	
-5.27641253116	-1602.95580373	
-5.27811465923	-1602.95579515	
-5.27981389498	-1602.9557866	
-5.28151024823	-1602.95577807	
-5.28320372874	-1602.95576956	
-5.28489434622	-1602.95576108	
-5.28658211033	-1602.95575263	
-5.28826703069	-1602.9557442	
-5.28994911688	-1602.95573579	
-5.2916283784	-1602.95572741	
-5.29330482472	-1602.95571905	
-5.29497846528	-1602.95571072	
-5.29664930945	-1602.95570241	
-5.29831736655	-1602.95569413	
-5.29998264587	-1602.95568587	
-5.30164515664	-1602.95567763	
-5.30330490806	-1602.95566942	
-5.30496190927	-1602.95566123	
-5.30661616936	-1602.95565306	
-5.3082676974	-1602.95564492	
-5.30991650239	-1602.9556368	
-5.3115625933	-1602.95562871	
-5.31320597904	-1602.95562063	
-5.3148466685	-1602.95561259	
-5.3164846705	-1602.95560456	
-5.31811999384	-1602.95559656	
-5.31975264727	-1602.95558858	
-5.32138263948	-1602.95558062	
-5.32300997914	-1602.95557268	
-5.32463467487	-1602.95556477	
-5.32625673524	-1602.95555688	
-5.32787616879	-1602.95554901	
-5.32949298402	-1602.95554117	
-5.33110718937	-1602.95553334	
-5.33271879327	-1602.95552554	
-5.33432780407	-1602.95551776	
-5.33593423012	-1602.95551	
-5.3375380797	-1602.95550227	
-5.33913936107	-1602.95549455	
-5.34073808243	-1602.95548686	
-5.34233425196	-1602.95547919	
-5.3439278778	-1602.95547154	
-5.34551896803	-1602.95546391	
-5.34710753072	-1602.9554563	
-5.34869357387	-1602.95544872	
-5.35027710548	-1602.95544115	
-5.35185813348	-1602.95543361	
-5.35343666577	-1602.95542609	
-5.35501271022	-1602.95541858	
-5.35658627467	-1602.9554111	
-5.3581573669	-1602.95540364	
-5.35972599468	-1602.9553962	
-5.36129216571	-1602.95538878	
-5.36285588769	-1602.95538138	
-5.36441716825	-1602.955374	
-5.36597601502	-1602.95536664	
-5.36753243557	-1602.9553593	
-5.36908643744	-1602.95535198	
-5.37063802813	-1602.95534468	
-5.37218721511	-1602.9553374	
-5.37373400583	-1602.95533014	
-5.37527840768	-1602.9553229	
-5.37682042804	-1602.95531568	
-5.37836007422	-1602.95530848	
-5.37989735354	-1602.9553013	
-5.38143227326	-1602.95529413	
-5.38296484061	-1602.95528699	
-5.38449506279	-1602.95527987	
-5.38602294697	-1602.95527276	
-5.38754850028	-1602.95526568	
-5.38907172982	-1602.95525861	
-5.39059264266	-1602.95525156	
-5.39211124583	-1602.95524453	
-5.39362754635	-1602.95523752	
-5.39514155118	-1602.95523053	
-5.39665326727	-1602.95522356	
-5.39816270152	-1602.9552166	
-5.39966986081	-1602.95520967	
-5.40117475199	-1602.95520275	
-5.40267738187	-1602.95519585	
-5.40417775725	-1602.95518897	
-5.40567588487	-1602.95518211	
-5.40717177146	-1602.95517526	
-5.40866542372	-1602.95516844	
-5.4101568483	-1602.95516163	
-5.41164605186	-1602.95515484	
-5.41313304098	-1602.95514806	
-5.41461782224	-1602.95514131	
-5.4161004022	-1602.95513457	
-5.41758078737	-1602.95512785	
-5.41905898424	-1602.95512115	
-5.42053499927	-1602.95511446	
-5.42200883889	-1602.9551078	
-5.4234805095	-1602.95510114	
-5.42495001748	-1602.95509451	
-5.42641736918	-1602.9550879	
-5.4278825709	-1602.9550813	
-5.42934562895	-1602.95507472	
-5.43080654959	-1602.95506815	
-5.43226533906	-1602.9550616	
-5.43372200355	-1602.95505507	
-5.43517654927	-1602.95504856	
-5.43662898235	-1602.95504206	
-5.43807930892	-1602.95503558	
-5.4395275351	-1602.95502912	
-5.44097366695	-1602.95502267	
-5.44241771052	-1602.95501624	
-5.44385967184	-1602.95500982	
-5.4452995569	-1602.95500342	
-5.44673737167	-1602.95499704	
-5.44817312209	-1602.95499068	
-5.44960681409	-1602.95498433	
-5.45103845357	-1602.95497799	
-5.45246804638	-1602.95497168	
-5.45389559837	-1602.95496537	
-5.45532111536	-1602.95495909	
-5.45674460314	-1602.95495282	
-5.45816606749	-1602.95494657	
-5.45958551414	-1602.95494033	
-5.46100294883	-1602.9549341	
-5.46241837723	-1602.9549279	
-5.46383180503	-1602.95492171	
-5.46524323786	-1602.95491553	
-5.46665268137	-1602.95490937	
-5.46806014114	-1602.95490323	
-5.46946562274	-1602.9548971	
-5.47086913175	-1602.95489098	
-5.47227067367	-1602.95488488	
-5.47367025403	-1602.9548788	
-5.47506787829	-1602.95487273	
-5.47646355193	-1602.95486668	
-5.47785728038	-1602.95486064	
-5.47924906905	-1602.95485461	
-5.48063892334	-1602.9548486	
-5.48202684862	-1602.95484261	
-5.48341285022	-1602.95483663	
-5.48479693349	-1602.95483066	
-5.48617910372	-1602.95482471	
-5.48755936619	-1602.95481878	
-5.48893772616	-1602.95481286	
-5.49031418887	-1602.95480695	
-5.49168875953	-1602.95480106	
-5.49306144334	-1602.95479518	
-5.49443224547	-1602.95478932	
-5.49580117108	-1602.95478347	
-5.49716822529	-1602.95477764	
-5.49853341322	-1602.95477181	
-5.49989673995	-1602.95476601	
-5.50125821054	-1602.95476022	
-5.50261783006	-1602.95475444	
-5.50397560352	-1602.95474867	
-5.50533153593	-1602.95474292	
-5.50668563228	-1602.95473719	
-5.50803789753	-1602.95473146	
-5.50938833663	-1602.95472575	
-5.5107369545	-1602.95472006	
-5.51208375605	-1602.95471438	
-5.51342874616	-1602.95470871	
-5.51477192971	-1602.95470306	
-5.51611331154	-1602.95469742	
-5.51745289646	-1602.95469179	
-5.51879068931	-1602.95468617	
-5.52012669485	-1602.95468057	
-5.52146091786	-1602.95467499	
-5.5227933631	-1602.95466941	
-5.52412403528	-1602.95466385	
-5.52545293913	-1602.9546583	
-5.52678007934	-1602.95465277	
-5.52810546058	-1602.95464725	
-5.52942908751	-1602.95464174	
-5.53075096477	-1602.95463625	
-5.53207109697	-1602.95463076	
-5.53338948873	-1602.95462529	
-5.53470614461	-1602.95461984	
-5.53602106919	-1602.95461439	
-5.53733426702	-1602.95460896	
-5.53864574262	-1602.95460355	
-5.5399555005	-1602.95459814	
-5.54126354516	-1602.95459275	
-5.54256988107	-1602.95458737	
-5.5438745127	-1602.954582	
-5.54517744448	-1602.95457665	
-5.54647868084	-1602.9545713	
-5.54777822618	-1602.95456597	
-5.5490760849	-1602.95456066	
-5.55037226136	-1602.95455535	
-5.55166675992	-1602.95455006	
-5.55295958492	-1602.95454478	
-5.55425074069	-1602.95453951	
-5.55554023152	-1602.95453425	
-5.5568280617	-1602.95452901	
-5.55811423551	-1602.95452377	
-5.5593987572	-1602.95451855	
-5.56068163102	-1602.95451335	
-5.56196286117	-1602.95450815	
-5.56324245188	-1602.95450297	
-5.56452040732	-1602.95449779	
-5.56579673168	-1602.95449263	
-5.56707142911	-1602.95448748	
-5.56834450376	-1602.95448235	
-5.56961595975	-1602.95447722	
-5.57088580119	-1602.95447211	
-5.57215403218	-1602.95446701	
-5.57342065679	-1602.95446192	
-5.5746856791	-1602.95445684	
-5.57594910315	-1602.95445177	
-5.57721093297	-1602.95444671	
-5.57847117258	-1602.95444167	
-5.57972982599	-1602.95443664	
-5.58098689718	-1602.95443161	
-5.58224239012	-1602.9544266	
-5.58349630878	-1602.95442161	
-5.5847486571	-1602.95441662	
-5.585999439	-1602.95441164	
-5.5872486584	-1602.95440668	
-5.5884963192	-1602.95440172	
-5.58974242528	-1602.95439678	
-5.59098698051	-1602.95439185	
-5.59222998875	-1602.95438693	
-5.59347145384	-1602.95438202	
-5.5947113796	-1602.95437712	
-5.59594976985	-1602.95437223	
-5.59718662839	-1602.95436735	
-5.598421959	-1602.95436248	
-5.59965576545	-1602.95435763	
-5.60088805149	-1602.95435278	
-5.60211882088	-1602.95434795	
-5.60334807733	-1602.95434313	
-5.60457582457	-1602.95433831	
-5.6058020663	-1602.95433351	
-5.60702680619	-1602.95432872	
-5.60825004793	-1602.95432394	
-5.60947179518	-1602.95431917	
-5.61069205159	-1602.95431441	
-5.61191082078	-1602.95430966	
-5.61312810639	-1602.95430492	
-5.61434391201	-1602.95430019	
-5.61555824124	-1602.95429547	
-5.61677109767	-1602.95429076	
-5.61798248485	-1602.95428607	
-5.61919240636	-1602.95428138	
-5.62040086572	-1602.9542767	
-5.62160786647	-1602.95427203	
-5.62281341212	-1602.95426738	
-5.62401750619	-1602.95426273	
-5.62522015215	-1602.95425809	
-5.6264213535	-1602.95425347	
-5.62762111369	-1602.95424885	
-5.62881943618	-1602.95424424	
-5.63001632442	-1602.95423964	
-5.63121178182	-1602.95423506	
-5.63240581181	-1602.95423048	
-5.6335984178	-1602.95422591	
-5.63478960317	-1602.95422136	
-5.6359793713	-1602.95421681	
-5.63716772557	-1602.95421227	
-5.63835466933	-1602.95420774	
-5.63954020593	-1602.95420322	
-5.64072433869	-1602.95419872	
-5.64190707094	-1602.95419422	
-5.64308840598	-1602.95418973	
-5.64426834712	-1602.95418525	
-5.64544689764	-1602.95418078	
-5.64662406082	-1602.95417632	
-5.64779983991	-1602.95417186	
-5.64897423816	-1602.95416742	
-5.65014725882	-1602.95416299	
-5.65131890512	-1602.95415857	
-5.65248918027	-1602.95415415	
-5.65365808747	-1602.95414975	
-5.65482562993	-1602.95414535	
-5.65599181082	-1602.95414097	
-5.65715663332	-1602.95413659	
-5.65832010058	-1602.95413222	
-5.65948221576	-1602.95412786	
-5.660642982	-1602.95412352	
-5.66180240242	-1602.95411918	
-5.66296048014	-1602.95411484	
-5.66411721826	-1602.95411052	
-5.66527261989	-1602.95410621	
-5.66642668811	-1602.95410191	
-5.66757942599	-1602.95409761	
-5.6687308366	-1602.95409333	
-5.66988092298	-1602.95408905	
-5.67102968818	-1602.95408478	
-5.67217713524	-1602.95408052	
-5.67332326717	-1602.95407627	
-5.67446808699	-1602.95407203	
-5.67561159769	-1602.9540678	
-5.67675380227	-1602.95406357	
-5.6778947037	-1602.95405936	
-5.67903430497	-1602.95405515	
-5.68017260902	-1602.95405095	
-5.6813096188	-1602.95404677	
-5.68244533727	-1602.95404259	
-5.68357976734	-1602.95403841	
-5.68471291194	-1602.95403425	
-5.68584477397	-1602.9540301	
-5.68697535634	-1602.95402595	
-5.68810466194	-1602.95402181	
-5.68923269364	-1602.95401768	
-5.69035945432	-1602.95401356	
-5.69148494685	-1602.95400945	
-5.69260917406	-1602.95400535	
-5.6937321388	-1602.95400125	
-5.69485384391	-1602.95399716	
-5.69597429221	-1602.95399308	
-5.69709348651	-1602.95398901	
-5.69821142961	-1602.95398495	
-5.69932812431	-1602.9539809	
-5.70044357339	-1602.95397685	
-5.70155777963	-1602.95397281	
-5.7026707458	-1602.95396878	
-5.70378247466	-1602.95396476	
-5.70489296894	-1602.95396075	
-5.70600223139	-1602.95395674	
-5.70711026475	-1602.95395275	
-5.70821707172	-1602.95394876	
-5.70932265503	-1602.95394478	
-5.71042701737	-1602.9539408	
-5.71153016145	-1602.95393684	
-5.71263208993	-1602.95393288	
-5.71373280551	-1602.95392893	
-5.71483231084	-1602.95392499	
-5.71593060859	-1602.95392106	
-5.71702770141	-1602.95391713	
-5.71812359193	-1602.95391321	
-5.71921828279	-1602.9539093	
-5.72031177661	-1602.9539054	
-5.72140407601	-1602.95390151	
-5.72249518359	-1602.95389762	
-5.72358510195	-1602.95389374	
-5.72467383369	-1602.95388987	
-5.72576138137	-1602.953886	
-5.72684774759	-1602.95388215	
-5.72793293489	-1602.9538783	
-5.72901694583	-1602.95387446	
-5.73009978297	-1602.95387063	
-5.73118144884	-1602.9538668	
-5.73226194598	-1602.95386298	
-5.7333412769	-1602.95385917	
-5.73441944412	-1602.95385537	
-5.73549645015	-1602.95385157	
-5.73657229748	-1602.95384778	
-5.73764698861	-1602.953844	
-5.73872052602	-1602.95384023	
-5.73979291218	-1602.95383646	
-5.74086414956	-1602.95383271	
-5.74193424062	-1602.95382895	
-5.74300318781	-1602.95382521	
-5.74407099357	-1602.95382147	
-5.74513766034	-1602.95381774	
-5.74620319054	-1602.95381402	
-5.7472675866	-1602.95381031	
-5.74833085092	-1602.9538066	
-5.74939298591	-1602.9538029	
-5.75045399397	-1602.9537992	
-5.75151387748	-1602.95379552	
-5.75257263883	-1602.95379184	
-5.75363028038	-1602.95378817	
-5.75468680452	-1602.9537845	
-5.75574221359	-1602.95378084	
-5.75679650994	-1602.95377719	
-5.75784969593	-1602.95377355	
-5.75890177388	-1602.95376991	
-5.75995274612	-1602.95376628	
-5.76100261499	-1602.95376266	
-5.76205138278	-1602.95375904	
-5.76309905181	-1602.95375543	
-5.76414562438	-1602.95375183	
-5.76519110278	-1602.95374824	
-5.7662354893	-1602.95374465	
-5.76727878622	-1602.95374107	
-5.76832099579	-1602.95373749	
-5.7693621203	-1602.95373392	
-5.770402162	-1602.95373036	
-5.77144112313	-1602.95372681	
-5.77247900594	-1602.95372326	
-5.77351581267	-1602.95371972	
-5.77455154554	-1602.95371618	
-5.77558620679	-1602.95371266	
-5.77661979861	-1602.95370914	
-5.77765232322	-1602.95370562	
-5.77868378283	-1602.95370211	
-5.77971417962	-1602.95369861	
-5.78074351579	-1602.95369512	
-5.78177179352	-1602.95369163	
-5.78279901497	-1602.95368815	
-5.78382518233	-1602.95368467	
-5.78485029774	-1602.95368121	
-5.78587436337	-1602.95367774	
-5.78689738137	-1602.95367429	
-5.78791935386	-1602.95367084	
-5.788940283	-1602.9536674	
-5.7899601709	-1602.95366396	
-5.79097901969	-1602.95366053	
-5.79199683148	-1602.95365711	
-5.79301360838	-1602.95365369	
-5.7940293525	-1602.95365028	
-5.79504406593	-1602.95364688	
-5.79605775077	-1602.95364348	
-5.79707040908	-1602.95364009	
-5.79808204295	-1602.9536367	
-5.79909265446	-1602.95363333	
-5.80010224566	-1602.95362995	
-5.80111081862	-1602.95362659	
-5.80211837538	-1602.95362323	
-5.80312491799	-1602.95361987	
-5.80413044849	-1602.95361652	
-5.80513496892	-1602.95361318	
-5.80613848129	-1602.95360985	
-5.80714098764	-1602.95360652	
-5.80814248998	-1602.95360319	
-5.80914299031	-1602.95359988	
