#Site	lnL	
0	-10.7178821051
1	-6.06899259777
2	-7.25775600833
3	-9.86891857582
4	-6.9882938799
5	-8.75553554487
6	-12.3000550852
7	-4.91003877286
8	-9.65094977009
9	-9.88297139671
10	-8.98359723126
11	-14.5488644087
12	-15.3346746433
13	-5.38802109358
14	-6.52648745154
15	-14.1465765414
16	-21.0241744676
17	-7.22499322141
18	-11.4004092762
19	-12.9450529708
20	-6.50266836407
21	-20.3184794368
22	-12.0619936595
23	-14.2362762958
24	-5.53348769692
25	-6.71054891789
26	-14.2312926671
27	-11.4395250936
28	-9.82259117815
29	-16.1969887068
30	-13.5296719721
31	-6.22153753899
32	-9.56147172143
33	-9.58666706414
34	-9.1981834383
35	-6.80136915121
36	-11.8937206269
37	-14.6248238538
38	-5.53348769692
39	-4.89497544555
40	-11.7344553394
41	-11.4447245766
42	-5.75816775708
43	-14.7088936436
44	-17.2213902246
45	-10.340606676
46	-11.4273024033
47	-7.66566032594
48	-21.2701356652
49	-12.3044600863
50	-12.7322117124
51	-11.0332045301
52	-17.2348908728
53	-6.58577857548
54	-7.43435398731
55	-22.7520934814
56	-9.36196694998
57	-7.47098388971
58	-12.411342931
59	-17.0284612608
60	-12.1749006227
61	-5.09112268238
62	-6.80551440425
63	-9.70955268016
64	-10.4169900096
65	-15.3606155309
66	-14.5000932793
67	-19.6812562695
68	-10.4770549421
69	-5.38802109358
70	-7.40097351264
71	-11.6277058131
72	-5.35214480361
73	-12.7007278817
74	-8.68412731097
75	-11.752120302
76	-9.15465376063
77	-6.06899259777
78	-12.3685374594
79	-19.126396523
80	-9.7345078465
81	-10.3407589734
82	-9.54428356919
83	-14.3828317102
84	-10.6437602285
85	-20.8202296538
86	-13.9315226747
87	-11.9751766947
88	-9.13035224788
89	-19.9723053612
90	-8.93070596717
91	-6.50266836407
92	-11.0061156049
93	-13.472957241
94	-15.7064234968
95	-5.15453246281
96	-9.26266358671
97	-10.2715943258
98	-14.4376368032
99	-10.7267747101
100	-15.4844253324
101	-8.79300351557
102	-5.8970714682
103	-5.49716164407
104	-7.77584393562
105	-13.926990108
106	-11.5892788912
107	-4.32122205682
108	-13.9885360901
109	-4.67231537916
110	-11.983034254
111	-12.4739068436
112	-16.5833676947
113	-9.087812702
114	-4.11844690367
115	-10.7134284633
116	-10.4039683842
117	-12.498566417
118	-9.70704843882
119	-4.67231537916
120	-22.1559703268
121	-7.4352751199
122	-17.1858912804
123	-4.32122205682
124	-9.52071384272
125	-14.1930473975
126	-5.38802109358
127	-10.9114465257
128	-13.0579238962
129	-12.9469360718
130	-4.98192881109
131	-11.9891072028
132	-13.4687828823
133	-5.38802109358
134	-15.7737316629
135	-13.2685709984
136	-13.4322488157
137	-16.2025221536
138	-11.3538974572
139	-9.68799847381
140	-7.27689375186
141	-8.45265720491
142	-20.1810256083
143	-11.0286302917
144	-8.20662278507
145	-9.17207366885
146	-12.349181895
147	-20.1488961247
148	-6.58577857548
149	-21.4260743572
150	-12.9442626509
151	-15.0925288229
152	-5.09112268238
153	-10.1594029205
154	-5.58772538042
155	-15.4012049266
156	-18.51909782
157	-9.13575912638
158	-14.5393102863
159	-23.7798513303
160	-14.013971131
161	-5.09112268238
162	-13.02101549
