-7.517881301526806448e-01
-4.559958932641004492e-01
-8.261052753623673306e-01
2.711232312153885271e+00
-9.282885064780124207e-01
2.537629838614959166e+00
-1.452878176300921531e+00
-2.480017612579027197e+00
-4.245828128126318823e+00
-6.476357101390297188e+00
-4.215616138678121239e+00
-4.115724566253098793e+00
-6.046290151640824284e+00
-6.665882085114062328e+00
-6.137072499144315962e+00
-5.326885677669361385e+00
-6.533493486674099238e+00
-6.188150958487033115e+00
-5.513428655884851537e+00
-6.277521739761283470e+00
