# log_p 	 lnL 	 
0.0	-1762.98074768	
-0.287682072452	-1762.97101624	
-0.510825623766	-1762.95928969	
-0.69314718056	-1762.946781	
-0.847297860387	-1762.93415134	
-0.980829253012	-1762.92175015	
-1.09861228867	-1762.90975599	
-1.20397280433	-1762.89825089	
-1.29928298413	-1762.88726113	
-1.38629436112	-1762.87678102	
-1.46633706879	-1762.86678706	
-1.54044504095	-1762.85724675	
-1.60943791243	-1762.84812384	
-1.67397643357	-1762.83938154	
-1.73460105539	-1762.83098437	
-1.79175946923	-1762.82289918	
-1.8458266905	-1762.81509563	
-1.89711998489	-1762.80754632	
-1.94591014906	-1762.80022677	
-1.99243016469	-1762.79311529	
-2.03688192726	-1762.78619274	
-2.07944154168	-1762.77944231	
-2.1202635362	-1762.77284929	
-2.15948424935	-1762.76640081	
-2.19722457734	-1762.76008568	
-2.23359222151	-1762.75389413	
-2.26868354132	-1762.74781766	
-2.30258509299	-1762.7418489	
-2.33537491582	-1762.7359814	
-2.36712361413	-1762.73020959	
-2.3978952728	-1762.72452859	
-2.42774823595	-1762.71893416	
-2.45673577282	-1762.71342258	
-2.48490664979	-1762.70799063	
-2.51230562398	-1762.70263546	
-2.53897387106	-1762.69735457	
-2.56494935746	-1762.69214576	
-2.59026716545	-1762.68700707	
-2.61495977804	-1762.68193677	
-2.63905732962	-1762.6769333	
-2.66258782703	-1762.67199526	
-2.68557734525	-1762.66712139	
-2.7080502011	-1762.66231053	
-2.73002910782	-1762.65756163	
-2.75153531304	-1762.65287369	
-2.77258872224	-1762.64824581	
-2.79320800944	-1762.64367712	
-2.81341071676	-1762.63916682	
-2.83321334406	-1762.63471412	
-2.85263142991	-1762.6303183	
-2.87167962488	-1762.62597862	
-2.8903717579	-1762.6216944	
-2.90872089656	-1762.61746497	
-2.92673940207	-1762.61328965	
-2.94443897917	-1762.6091678	
-2.96183072188	-1762.60509877	
-2.97892515524	-1762.60108193	
-2.99573227355	-1762.59711664	
-3.01226157551	-1762.59320229	
-3.02852209638	-1762.58933825	
-3.04452243772	-1762.5855239	
-3.06027079469	-1762.58175863	
-3.07577498123	-1762.57804181	
-3.09104245336	-1762.57437285	
-3.10608033072	-1762.57075112	
-3.12089541651	-1762.56717602	
-3.13549421593	-1762.56364694	
-3.14988295338	-1762.56016327	
-3.16406758837	-1762.55672441	
-3.17805383035	-1762.55332975	
-3.19184715248	-1762.5499787	
-3.20545280454	-1762.54667065	
-3.21887582487	-1762.54340501	
-3.23212105162	-1762.54018119	
-3.24519313319	-1762.5369986	
-3.25809653802	-1762.53385665	
-3.2708355638	-1762.53075476	
-3.28341434601	-1762.52769235	
-3.295836866	-1762.52466884	
-3.3081069586	-1762.52168367	
-3.32022831913	-1762.51873626	
-3.33220451018	-1762.51582606	
-3.34403896782	-1762.51295252	
-3.35573500759	-1762.51011507	
-3.36729582999	-1762.50731317	
-3.37872452581	-1762.50454629	
-3.39002408106	-1762.50181388	
-3.40119738166	-1762.49911542	
-3.41224721785	-1762.49645039	
-3.42317628838	-1762.49381826	
-3.43398720449	-1762.49121853	
-3.4446824936	-1762.48865068	
-3.45526460293	-1762.48611423	
-3.4657359028	-1762.48360867	
-3.47609868984	-1762.48113352	
-3.48635519	-1762.4786883	
-3.49650756147	-1762.47627254	
-3.50655789732	-1762.47388577	
-3.51650822817	-1762.47152752	
-3.52636052462	-1762.46919735	
-3.53611669956	-1762.4668948	
-3.54577861047	-1762.46461944	
-3.55534806149	-1762.46237083	
-3.56482680544	-1762.46014853	
-3.57421654579	-1762.45795214	
-3.58351893846	-1762.45578122	
-3.59273559356	-1762.45363538	
-3.60186807712	-1762.45151422	
-3.61091791264	-1762.44941732	
-3.61988658263	-1762.44734431	
-3.62877553004	-1762.4452948	
-3.63758615973	-1762.44326841	
-3.6463198397	-1762.44126477	
-3.65497790244	-1762.43928351	
-3.66356164613	-1762.43732428	
-3.6720723358	-1762.43538672	
-3.68051120444	-1762.43347049	
-3.68887945411	-1762.43157523	
-3.69717825693	-1762.42970062	
-3.70540875607	-1762.42784633	
-3.7135720667	-1762.42601203	
-3.72166927694	-1762.4241974	
-3.72970144863	-1762.42240212	
-3.73766961828	-1762.4206259	
-3.74557479779	-1762.41886842	
-3.75341797525	-1762.41712939	
-3.76120011569	-1762.41540851	
-3.76892216179	-1762.41370551	
-3.77658503453	-1762.41202008	
-3.78418963392	-1762.41035197	
-3.79173683955	-1762.40870089	
-3.79922751128	-1762.40706659	
-3.80666248977	-1762.40544878	
-3.81404259707	-1762.40384723	
-3.82136863716	-1762.40226166	
-3.82864139649	-1762.40069184	
-3.83586164446	-1762.39913752	
-3.84303013394	-1762.39759846	
-3.85014760171	-1762.39607442	
-3.85721476893	-1762.39456518	
-3.86423234159	-1762.39307049	
-3.87120101091	-1762.39159015	
-3.87812145375	-1762.39012392	
-3.88499433304	-1762.3886716	
-3.89182029811	-1762.38723298	
-3.8985999851	-1762.38580783	
-3.90533401728	-1762.38439597	
-3.91202300543	-1762.38299718	
-3.91866754815	-1762.38161128	
-3.92526823218	-1762.38023807	
-3.93182563272	-1762.37887736	
-3.93834031375	-1762.37752896	
-3.94481282825	-1762.37619269	
-3.95124371858	-1762.37486837	
-3.95763351668	-1762.37355582	
-3.96398274436	-1762.37225487	
-3.97029191355	-1762.37096535	
-3.97656152657	-1762.36968709	
-3.98279207632	-1762.36841993	
-3.98898404656	-1762.36716371	
-3.99513791214	-1762.36591826	
-4.00125413916	-1762.36468344	
-4.00733318523	-1762.36345908	
-4.01337549969	-1762.36224504	
-4.01938152375	-1762.36104118	
-4.02535169074	-1762.35984734	
-4.03128642625	-1762.35866338	
-4.03718614838	-1762.35748917	
-4.04305126783	-1762.35632456	
-4.04888218815	-1762.35516943	
-4.05467930583	-1762.35402364	
-4.06044301055	-1762.35288705	
-4.06617368526	-1762.35175955	
-4.07187170637	-1762.35064101	
-4.07753744391	-1762.34953129	
-4.08317126162	-1762.34843029	
-4.08877351717	-1762.34733788	
-4.09434456222	-1762.34625395	
-4.0998847426	-1762.34517837	
-4.10539439841	-1762.34411105	
-4.11087386417	-1762.34305186	
-4.11632346894	-1762.34200069	
-4.12174353641	-1762.34095745	
-4.12713438505	-1762.33992202	
-4.13249632819	-1762.3388943	
-4.13782967416	-1762.3378742	
-4.14313472639	-1762.3368616	
-4.14841178349	-1762.33585641	
-4.15366113938	-1762.33485854	
-4.15888308336	-1762.33386788	
-4.16407790024	-1762.33288436	
-4.1692458704	-1762.33190786	
-4.1743872699	-1762.33093832	
-4.17950237056	-1762.32997562	
-4.18459144007	-1762.3290197	
-4.18965474203	-1762.32807046	
-4.19469253606	-1762.32712782	
-4.19970507788	-1762.32619169	
-4.20469261939	-1762.325262	
-4.20965540873	-1762.32433866	
-4.21459369037	-1762.3234216	
-4.21950770518	-1762.32251073	
-4.22439769047	-1762.32160599	
-4.22926388012	-1762.32070729	
-4.2341065046	-1762.31981457	
-4.23892579103	-1762.31892775	
-4.2437219633	-1762.31804676	
-4.24849524205	-1762.31717153	
-4.25324584481	-1762.31630198	
-4.257973986	-1762.31543806	
-4.26267987704	-1762.3145797	
-4.26736372635	-1762.31372683	
-4.27202573946	-1762.31287938	
-4.27666611902	-1762.3120373	
-4.28128506487	-1762.31120051	
-4.28588277412	-1762.31036896	
-4.29045944115	-1762.30954259	
-4.29501525768	-1762.30872134	
-4.29955041285	-1762.30790515	
-4.3040650932	-1762.30709396	
-4.30855948279	-1762.30628772	
-4.31303376319	-1762.30548636	
-4.31748811354	-1762.30468984	
-4.3219227106	-1762.30389809	
-4.32633772881	-1762.30311108	
-4.33073334029	-1762.30232874	
-4.33510971489	-1762.30155102	
-4.33946702026	-1762.30077787	
-4.34380542185	-1762.30000924	
-4.348125083	-1762.29924509	
-4.3524261649	-1762.29848535	
-4.35670882669	-1762.29773	
-4.36097322548	-1762.29697897	
-4.36521951636	-1762.29623223	
-4.36944785247	-1762.29548972	
-4.373658385	-1762.2947514	
-4.37785126326	-1762.29401724	
-4.38202663467	-1762.29328717	
-4.38618464482	-1762.29256117	
-4.39032543749	-1762.29183918	
-4.39444915467	-1762.29112117	
-4.39855593663	-1762.2904071	
-4.40264592188	-1762.28969692	
-4.40671924726	-1762.2889906	
-4.41077604796	-1762.28828809	
-4.4148164575	-1762.28758937	
-4.4188406078	-1762.28689438	
-4.42284862919	-1762.28620309	
-4.42684065046	-1762.28551546	
-4.43081679884	-1762.28483147	
-4.43477720006	-1762.28415107	
-4.43872197835	-1762.28347422	
-4.44265125649	-1762.2828009	
-4.44656515581	-1762.28213106	
-4.45046379623	-1762.28146467	
-4.45434729625	-1762.28080171	
-4.45821577303	-1762.28014213	
-4.46206934235	-1762.27948591	
-4.46590811865	-1762.27883301	
-4.46973221509	-1762.2781834	
-4.47354174351	-1762.27753705	
-4.47733681448	-1762.27689392	
-4.48111753732	-1762.276254	
-4.48488402011	-1762.27561724	
-4.48863636973	-1762.27498363	
-4.49237469184	-1762.27435312	
-4.49609909093	-1762.27372569	
-4.49980967033	-1762.27310132	
-4.50350653221	-1762.27247997	
-4.50718977763	-1762.27186162	
-4.51085950652	-1762.27124624	
-4.51451581772	-1762.2706338	
-4.518158809	-1762.27002428	
-4.52178857705	-1762.26941765	
-4.52540521752	-1762.26881388	
-4.52900882502	-1762.26821296	
-4.53259949315	-1762.26761485	
-4.5361773145	-1762.26701953	
-4.53974238067	-1762.26642697	
-4.54329478227	-1762.26583716	
-4.54683460898	-1762.26525006	
-4.55036194949	-1762.26466566	
-4.5538768916	-1762.26408393	
-4.55737952215	-1762.26350484	
-4.56086992709	-1762.26292839	
-4.56434819147	-1762.26235453	
-4.56781439944	-1762.26178326	
-4.57126863431	-1762.26121454	
-4.5747109785	-1762.26064837	
-4.5781415136	-1762.26008471	
-4.58156032035	-1762.25952355	
-4.58496747867	-1762.25896486	
-4.58836306767	-1762.25840863	
-4.59174716566	-1762.25785483	
-4.59511985013	-1762.25730345	
-4.59848119784	-1762.25675447	
-4.60183128472	-1762.25620786	
-4.60517018599	-1762.2556636	
-4.60849797608	-1762.25512169	
-4.61181472871	-1762.25458209	
-4.61512051684	-1762.2540448	
-4.61841541274	-1762.25350979	
-4.62169948794	-1762.25297704	
-4.62497281328	-1762.25244654	
-4.62823545892	-1762.25191827	
-4.63148749431	-1762.25139221	
-4.63472898823	-1762.25086835	
-4.63796000881	-1762.25034666	
-4.64118062351	-1762.24982714	
-4.64439089914	-1762.24930976	
-4.64759090187	-1762.2487945	
-4.65078069724	-1762.24828136	
-4.65396035016	-1762.24777032	
-4.65712992492	-1762.24726136	
-4.66028948521	-1762.24675446	
-4.66343909411	-1762.24624961	
-4.66657881412	-1762.24574679	
-4.66970870713	-1762.245246	
-4.67282883446	-1762.2447472	
-4.67593925688	-1762.2442504	
-4.67904003455	-1762.24375557	
-4.68213122712	-1762.2432627	
-4.68521289366	-1762.24277178	
-4.6882850927	-1762.24228279	
-4.69134788223	-1762.24179572	
-4.69440131972	-1762.24131055	
-4.6974454621	-1762.24082728	
-4.70048036579	-1762.24034588	
-4.70350608671	-1762.23986634	
-4.70652268025	-1762.23938866	
-4.70953020131	-1762.23891281	
-4.71252870431	-1762.23843879	
-4.71551824316	-1762.23796658	
-4.7184988713	-1762.23749617	
-4.72147064168	-1762.23702755	
-4.72443360681	-1762.2365607	
-4.72738781871	-1762.23609562	
-4.73033332894	-1762.23563228	
-4.73327018862	-1762.23517068	
-4.73619844839	-1762.23471081	
-4.7391181585	-1762.23425266	
-4.74202936871	-1762.23379621	
-4.74493212836	-1762.23334145	
-4.74782648639	-1762.23288837	
-4.75071249128	-1762.23243696	
-4.75359019111	-1762.23198721	
-4.75645963353	-1762.23153911	
-4.75932086582	-1762.23109265	
-4.7621739348	-1762.23064781	
-4.76501888693	-1762.23020458	
-4.76785576827	-1762.22976296	
-4.77068462447	-1762.22932294	
-4.77350550081	-1762.22888449	
-4.77631844218	-1762.22844763	
-4.77912349311	-1762.22801232	
-4.78192069773	-1762.22757857	
-4.78471009982	-1762.22714636	
-4.78749174278	-1762.22671569	
-4.79026566966	-1762.22628654	
-4.79303192316	-1762.22585891	
-4.7957905456	-1762.22543278	
-4.79854157897	-1762.22500815	
-4.80128506491	-1762.224585	
-4.80402104473	-1762.22416333	
-4.80674955939	-1762.22374313	
-4.8094706495	-1762.22332438	
-4.81218435537	-1762.22290709	
-4.81489071697	-1762.22249124	
-4.81758977394	-1762.22207682	
-4.82028156561	-1762.22166382	
-4.82296613098	-1762.22125224	
-4.82564350875	-1762.22084206	
-4.8283137373	-1762.22043328	
-4.83097685472	-1762.2200259	
-4.83363289878	-1762.21961989	
-4.83628190695	-1762.21921525	
-4.83892391641	-1762.21881198	
-4.84155896405	-1762.21841007	
-4.84418708646	-1762.21800951	
-4.84680831994	-1762.21761028	
-4.84942270051	-1762.21721239	
-4.85203026392	-1762.21681582	
-4.85463104562	-1762.21642057	
-4.8572250808	-1762.21602663	
-4.85981240436	-1762.215634	
-4.86239305096	-1762.21524265	
-4.86496705495	-1762.2148526	
-4.86753445046	-1762.21446382	
-4.87009527132	-1762.21407632	
-4.87264955112	-1762.21369008	
-4.8751973232	-1762.2133051	
-4.87773862063	-1762.21292137	
-4.88027347623	-1762.21253888	
-4.88280192259	-1762.21215763	
-4.88532399202	-1762.21177761	
-4.88783971662	-1762.21139882	
-4.89034912822	-1762.21102123	
-4.89285225844	-1762.21064486	
-4.89534913864	-1762.21026969	
-4.89783979995	-1762.20989572	
-4.90032427328	-1762.20952294	
-4.90280258929	-1762.20915134	
-4.90527477844	-1762.20878092	
-4.90774087093	-1762.20841166	
-4.91020089677	-1762.20804357	
-4.91265488574	-1762.20767664	
-4.91510286737	-1762.20731086	
-4.91754487103	-1762.20694622	
-4.91998092583	-1762.20658272	
-4.92241106068	-1762.20622036	
-4.92483530429	-1762.20585912	
-4.92725368516	-1762.205499	
-4.92966623156	-1762.20514	
-4.93207297159	-1762.20478211	
-4.93447393313	-1762.20442532	
-4.93686914386	-1762.20406962	
-4.93925863125	-1762.20371502	
-4.94164242261	-1762.2033615	
-4.94402054501	-1762.20300907	
-4.94639302537	-1762.20265771	
-4.94875989038	-1762.20230741	
-4.95112116656	-1762.20195818	
-4.95347688026	-1762.20161001	
-4.9558270576	-1762.20126289	
-4.95817172456	-1762.20091682	
-4.96051090691	-1762.20057179	
-4.96284463026	-1762.20022779	
-4.96517292002	-1762.19988483	
-4.96749580144	-1762.19954289	
-4.96981329958	-1762.19920198	
-4.97212543933	-1762.19886208	
-4.97443224543	-1762.19852319	
-4.97673374242	-1762.1981853	
-4.97902995468	-1762.19784842	
-4.98132090643	-1762.19751253	
-4.98360662171	-1762.19717763	
-4.98588712441	-1762.19684371	
-4.98816243824	-1762.19651078	
-4.99043258678	-1762.19617882	
-4.99269759341	-1762.19584784	
-4.99495748138	-1762.19551782	
-4.99721227376	-1762.19518876	
-4.9994619935	-1762.19486066	
-5.00170666335	-1762.19453351	
-5.00394630595	-1762.19420731	
-5.00618094375	-1762.19388205	
-5.00841059907	-1762.19355773	
-5.0106352941	-1762.19323435	
-5.01285505083	-1762.19291189	
-5.01506989116	-1762.19259036	
-5.01727983681	-1762.19226975	
-5.01948490937	-1762.19195005	
-5.02168513028	-1762.19163127	
-5.02388052085	-1762.19131339	
-5.02607110223	-1762.19099642	
-5.02825689545	-1762.19068035	
-5.03043792139	-1762.19036517	
-5.03261420082	-1762.19005088	
-5.03478575433	-1762.18973748	
-5.03695260241	-1762.18942496	
-5.03911476542	-1762.18911332	
-5.04127226356	-1762.18880255	
-5.04342511692	-1762.18849265	
-5.04557334546	-1762.18818362	
-5.047716969	-1762.18787545	
-5.04985600725	-1762.18756814	
-5.05199047978	-1762.18726168	
-5.05412040604	-1762.18695607	
-5.05624580535	-1762.18665131	
-5.05836669692	-1762.18634739	
-5.06048309982	-1762.18604431	
-5.06259503303	-1762.18574207	
-5.06470251537	-1762.18544065	
-5.06680556556	-1762.18514006	
-5.06890420222	-1762.1848403	
-5.07099844382	-1762.18454136	
-5.07308830874	-1762.18424323	
-5.07517381523	-1762.18394591	
-5.07725498144	-1762.1836494	
-5.07933182538	-1762.1833537	
-5.08140436498	-1762.1830588	
-5.08347261805	-1762.1827647	
-5.08553660227	-1762.18247139	
-5.08759633523	-1762.18217888	
-5.08965183441	-1762.18188715	
-5.09170311719	-1762.1815962	
-5.09375020081	-1762.18130604	
-5.09579310244	-1762.18101665	
-5.09783183913	-1762.18072804	
-5.09986642782	-1762.1804402	
-5.10189688537	-1762.18015312	
-5.10392322852	-1762.17986681	
-5.1059454739	-1762.17958126	
-5.10796363806	-1762.17929647	
-5.10997773743	-1762.17901243	
-5.11198778836	-1762.17872914	
-5.11399380708	-1762.1784466	
-5.11599580975	-1762.1781648	
-5.11799381242	-1762.17788375	
-5.11998783102	-1762.17760343	
-5.12197788143	-1762.17732385	
-5.1239639794	-1762.17704499	
-5.12594614061	-1762.17676687	
-5.12792438062	-1762.17648948	
-5.12989871492	-1762.1762128	
-5.13186915891	-1762.17593685	
-5.13383572788	-1762.17566161	
-5.13579843705	-1762.17538708	
-5.13775730154	-1762.17511327	
-5.13971233637	-1762.17484016	
-5.1416635565	-1762.17456776	
-5.14361097679	-1762.17429606	
-5.145554612	-1762.17402505	
-5.14749447681	-1762.17375475	
-5.14943058584	-1762.17348514	
-5.15136295359	-1762.17321621	
-5.1532915945	-1762.17294798	
-5.15521652291	-1762.17268042	
-5.15713775309	-1762.17241355	
-5.15905529921	-1762.17214736	
-5.1609691754	-1762.17188185	
-5.16287939565	-1762.17161701	
-5.16478597392	-1762.17135284	
-5.16668892407	-1762.17108933	
-5.16858825987	-1762.17082649	
-5.17048399504	-1762.17056432	
-5.17237614319	-1762.1703028	
-5.17426471788	-1762.17004194	
-5.17614973257	-1762.16978174	
-5.17803120067	-1762.16952219	
-5.1799091355	-1762.16926328	
-5.18178355029	-1762.16900503	
-5.18365445823	-1762.16874742	
-5.1855218724	-1762.16849045	
-5.18738580584	-1762.16823411	
-5.18924627149	-1762.16797842	
-5.19110328224	-1762.16772336	
-5.19295685089	-1762.16746893	
-5.19480699018	-1762.16721513	
-5.19665371277	-1762.16696195	
-5.19849703127	-1762.1667094	
-5.20033695819	-1762.16645747	
-5.202173506	-1762.16620616	
-5.20400668708	-1762.16595547	
-5.20583651375	-1762.16570539	
-5.20766299828	-1762.16545593	
-5.20948615284	-1762.16520707	
-5.21130598956	-1762.16495882	
-5.21312252048	-1762.16471117	
-5.21493575761	-1762.16446413	
-5.21674571285	-1762.16421769	
-5.21855239808	-1762.16397185	
-5.22035582508	-1762.1637266	
-5.22215600558	-1762.16348194	
-5.22395295126	-1762.16323788	
-5.22574667371	-1762.1629944	
-5.22753718449	-1762.16275151	
-5.22932449506	-1762.16250921	
-5.23110861685	-1762.16226749	
-5.23288956123	-1762.16202634	
-5.23466733947	-1762.16178578	
-5.23644196283	-1762.16154579	
-5.23821344248	-1762.16130637	
-5.23998178954	-1762.16106753	
-5.24174701506	-1762.16082925	
-5.24350913005	-1762.16059154	
-5.24526814546	-1762.1603544	
-5.24702407216	-1762.16011781	
-5.24877692099	-1762.15988179	
-5.25052670271	-1762.15964633	
-5.25227342805	-1762.15941142	
-5.25401710765	-1762.15917707	
-5.25575775213	-1762.15894327	
-5.25749537203	-1762.15871002	
-5.25922997784	-1762.15847732	
-5.26096158	-1762.15824516	
-5.2626901889	-1762.15801355	
-5.26441581487	-1762.15778248	
-5.26613846818	-1762.15755195	
-5.26785815906	-1762.15732196	
-5.26957489768	-1762.15709251	
-5.27128869416	-1762.15686359	
-5.27299955856	-1762.1566352	
-5.27470750091	-1762.15640734	
-5.27641253116	-1762.15618001	
-5.27811465923	-1762.15595321	
-5.27981389498	-1762.15572693	
-5.28151024823	-1762.15550117	
-5.28320372874	-1762.15527594	
-5.28489434622	-1762.15505122	
-5.28658211033	-1762.15482702	
-5.28826703069	-1762.15460334	
-5.28994911688	-1762.15438016	
-5.2916283784	-1762.15415751	
-5.29330482472	-1762.15393536	
-5.29497846528	-1762.15371371	
-5.29664930945	-1762.15349258	
-5.29831736655	-1762.15327195	
-5.29998264587	-1762.15305182	
-5.30164515664	-1762.15283219	
-5.30330490806	-1762.15261306	
-5.30496190927	-1762.15239443	
-5.30661616936	-1762.15217629	
-5.3082676974	-1762.15195864	
-5.30991650239	-1762.15174149	
-5.3115625933	-1762.15152483	
-5.31320597904	-1762.15130866	
-5.3148466685	-1762.15109297	
-5.3164846705	-1762.15087777	
-5.31811999384	-1762.15066305	
-5.31975264727	-1762.15044881	
-5.32138263948	-1762.15023505	
-5.32300997914	-1762.15002178	
-5.32463467487	-1762.14980897	
-5.32625673524	-1762.14959665	
-5.32787616879	-1762.14938479	
-5.32949298402	-1762.14917341	
-5.33110718937	-1762.1489625	
-5.33271879327	-1762.14875205	
-5.33432780407	-1762.14854208	
-5.33593423012	-1762.14833256	
-5.3375380797	-1762.14812351	
-5.33913936107	-1762.14791493	
-5.34073808243	-1762.1477068	
-5.34233425196	-1762.14749913	
-5.3439278778	-1762.14729192	
-5.34551896803	-1762.14708517	
-5.34710753072	-1762.14687887	
-5.34869357387	-1762.14667302	
-5.35027710548	-1762.14646762	
-5.35185813348	-1762.14626268	
-5.35343666577	-1762.14605818	
-5.35501271022	-1762.14585412	
-5.35658627467	-1762.14565052	
-5.3581573669	-1762.14544735	
-5.35972599468	-1762.14524463	
-5.36129216571	-1762.14504235	
-5.36285588769	-1762.1448405	
-5.36441716825	-1762.1446391	
-5.36597601502	-1762.14443813	
-5.36753243557	-1762.1442376	
-5.36908643744	-1762.14403749	
-5.37063802813	-1762.14383782	
-5.37218721511	-1762.14363858	
-5.37373400583	-1762.14343977	
-5.37527840768	-1762.14324139	
-5.37682042804	-1762.14304343	
-5.37836007422	-1762.1428459	
-5.37989735354	-1762.14264879	
-5.38143227326	-1762.1424521	
-5.38296484061	-1762.14225584	
-5.38449506279	-1762.14205999	
-5.38602294697	-1762.14186456	
-5.38754850028	-1762.14166954	
-5.38907172982	-1762.14147494	
-5.39059264266	-1762.14128076	
-5.39211124583	-1762.14108698	
-5.39362754635	-1762.14089362	
-5.39514155118	-1762.14070067	
-5.39665326727	-1762.14050812	
-5.39816270152	-1762.14031598	
-5.39966986081	-1762.14012425	
-5.40117475199	-1762.13993292	
-5.40267738187	-1762.13974199	
-5.40417775725	-1762.13955147	
-5.40567588487	-1762.13936135	
-5.40717177146	-1762.13917162	
-5.40866542372	-1762.13898229	
-5.4101568483	-1762.13879336	
-5.41164605186	-1762.13860483	
-5.41313304098	-1762.13841668	
-5.41461782224	-1762.13822894	
-5.4161004022	-1762.13804158	
-5.41758078737	-1762.13785461	
-5.41905898424	-1762.13766803	
-5.42053499927	-1762.13748184	
-5.42200883889	-1762.13729603	
-5.4234805095	-1762.13711061	
-5.42495001748	-1762.13692558	
-5.42641736918	-1762.13674092	
-5.4278825709	-1762.13655665	
-5.42934562895	-1762.13637276	
-5.43080654959	-1762.13618925	
-5.43226533906	-1762.13600611	
-5.43372200355	-1762.13582336	
-5.43517654927	-1762.13564097	
-5.43662898235	-1762.13545897	
-5.43807930892	-1762.13527733	
-5.4395275351	-1762.13509607	
-5.44097366695	-1762.13491518	
-5.44241771052	-1762.13473465	
-5.44385967184	-1762.1345545	
-5.4452995569	-1762.13437471	
-5.44673737167	-1762.13419529	
-5.44817312209	-1762.13401624	
-5.44960681409	-1762.13383754	
-5.45103845357	-1762.13365922	
-5.45246804638	-1762.13348125	
-5.45389559837	-1762.13330364	
-5.45532111536	-1762.13312639	
-5.45674460314	-1762.13294951	
-5.45816606749	-1762.13277297	
-5.45958551414	-1762.1325968	
-5.46100294883	-1762.13242098	
-5.46241837723	-1762.13224551	
-5.46383180503	-1762.1320704	
-5.46524323786	-1762.13189564	
-5.46665268137	-1762.13172122	
-5.46806014114	-1762.13154716	
-5.46946562274	-1762.13137345	
-5.47086913175	-1762.13120008	
-5.47227067367	-1762.13102706	
-5.47367025403	-1762.13085439	
-5.47506787829	-1762.13068206	
-5.47646355193	-1762.13051007	
-5.47785728038	-1762.13033843	
-5.47924906905	-1762.13016712	
-5.48063892334	-1762.12999616	
-5.48202684862	-1762.12982553	
-5.48341285022	-1762.12965525	
-5.48479693349	-1762.1294853	
-5.48617910372	-1762.12931569	
-5.48755936619	-1762.12914641	
-5.48893772616	-1762.12897746	
-5.49031418887	-1762.12880885	
-5.49168875953	-1762.12864057	
-5.49306144334	-1762.12847262	
-5.49443224547	-1762.12830501	
-5.49580117108	-1762.12813772	
-5.49716822529	-1762.12797076	
-5.49853341322	-1762.12780412	
-5.49989673995	-1762.12763781	
-5.50125821054	-1762.12747183	
-5.50261783006	-1762.12730617	
-5.50397560352	-1762.12714084	
-5.50533153593	-1762.12697582	
-5.50668563228	-1762.12681113	
-5.50803789753	-1762.12664676	
-5.50938833663	-1762.1264827	
-5.5107369545	-1762.12631897	
-5.51208375605	-1762.12615555	
-5.51342874616	-1762.12599245	
-5.51477192971	-1762.12582967	
-5.51611331154	-1762.1256672	
-5.51745289646	-1762.12550504	
-5.51879068931	-1762.1253432	
-5.52012669485	-1762.12518167	
-5.52146091786	-1762.12502045	
-5.5227933631	-1762.12485954	
-5.52412403528	-1762.12469894	
-5.52545293913	-1762.12453864	
-5.52678007934	-1762.12437866	
-5.52810546058	-1762.12421898	
-5.52942908751	-1762.1240596	
-5.53075096477	-1762.12390054	
-5.53207109697	-1762.12374177	
-5.53338948873	-1762.12358331	
-5.53470614461	-1762.12342515	
-5.53602106919	-1762.12326729	
-5.53733426702	-1762.12310973	
-5.53864574262	-1762.12295247	
-5.5399555005	-1762.12279551	
-5.54126354516	-1762.12263885	
-5.54256988107	-1762.12248248	
-5.5438745127	-1762.12232641	
-5.54517744448	-1762.12217064	
-5.54647868084	-1762.12201516	
-5.54777822618	-1762.12185997	
-5.5490760849	-1762.12170508	
-5.55037226136	-1762.12155047	
-5.55166675992	-1762.12139616	
-5.55295958492	-1762.12124214	
-5.55425074069	-1762.12108841	
-5.55554023152	-1762.12093496	
-5.5568280617	-1762.12078181	
-5.55811423551	-1762.12062894	
-5.5593987572	-1762.12047636	
-5.56068163102	-1762.12032406	
-5.56196286117	-1762.12017204	
-5.56324245188	-1762.12002031	
-5.56452040732	-1762.11986887	
-5.56579673168	-1762.1197177	
-5.56707142911	-1762.11956682	
-5.56834450376	-1762.11941621	
-5.56961595975	-1762.11926589	
-5.57088580119	-1762.11911584	
-5.57215403218	-1762.11896608	
-5.57342065679	-1762.11881659	
-5.5746856791	-1762.11866737	
-5.57594910315	-1762.11851844	
-5.57721093297	-1762.11836977	
-5.57847117258	-1762.11822138	
-5.57972982599	-1762.11807327	
-5.58098689718	-1762.11792543	
-5.58224239012	-1762.11777786	
-5.58349630878	-1762.11763056	
-5.5847486571	-1762.11748353	
-5.585999439	-1762.11733677	
-5.5872486584	-1762.11719028	
-5.5884963192	-1762.11704406	
-5.58974242528	-1762.1168981	
-5.59098698051	-1762.11675241	
-5.59222998875	-1762.11660699	
-5.59347145384	-1762.11646183	
-5.5947113796	-1762.11631694	
-5.59594976985	-1762.11617231	
-5.59718662839	-1762.11602794	
-5.598421959	-1762.11588384	
-5.59965576545	-1762.11574	
-5.60088805149	-1762.11559642	
-5.60211882088	-1762.1154531	
-5.60334807733	-1762.11531003	
-5.60457582457	-1762.11516723	
-5.6058020663	-1762.11502468	
-5.60702680619	-1762.1148824	
-5.60825004793	-1762.11474037	
-5.60947179518	-1762.11459859	
-5.61069205159	-1762.11445707	
-5.61191082078	-1762.1143158	
-5.61312810639	-1762.11417479	
-5.61434391201	-1762.11403403	
-5.61555824124	-1762.11389353	
-5.61677109767	-1762.11375327	
-5.61798248485	-1762.11361327	
-5.61919240636	-1762.11347351	
-5.62040086572	-1762.11333401	
-5.62160786647	-1762.11319476	
-5.62281341212	-1762.11305575	
-5.62401750619	-1762.11291699	
-5.62522015215	-1762.11277848	
-5.6264213535	-1762.11264021	
-5.62762111369	-1762.11250219	
-5.62881943618	-1762.11236442	
-5.63001632442	-1762.11222689	
-5.63121178182	-1762.1120896	
-5.63240581181	-1762.11195256	
-5.6335984178	-1762.11181576	
-5.63478960317	-1762.1116792	
-5.6359793713	-1762.11154288	
-5.63716772557	-1762.1114068	
-5.63835466933	-1762.11127097	
-5.63954020593	-1762.11113537	
-5.64072433869	-1762.11100001	
-5.64190707094	-1762.11086489	
-5.64308840598	-1762.11073	
-5.64426834712	-1762.11059535	
-5.64544689764	-1762.11046094	
-5.64662406082	-1762.11032677	
-5.64779983991	-1762.11019282	
-5.64897423816	-1762.11005912	
-5.65014725882	-1762.10992564	
-5.65131890512	-1762.1097924	
-5.65248918027	-1762.10965939	
-5.65365808747	-1762.10952662	
-5.65482562993	-1762.10939407	
-5.65599181082	-1762.10926176	
-5.65715663332	-1762.10912967	
-5.65832010058	-1762.10899782	
-5.65948221576	-1762.10886619	
-5.660642982	-1762.10873479	
-5.66180240242	-1762.10860362	
-5.66296048014	-1762.10847267	
-5.66411721826	-1762.10834195	
-5.66527261989	-1762.10821146	
-5.66642668811	-1762.10808119	
-5.66757942599	-1762.10795115	
-5.6687308366	-1762.10782133	
-5.66988092298	-1762.10769174	
-5.67102968818	-1762.10756237	
-5.67217713524	-1762.10743321	
-5.67332326717	-1762.10730429	
-5.67446808699	-1762.10717558	
-5.67561159769	-1762.10704709	
-5.67675380227	-1762.10691882	
-5.6778947037	-1762.10679078	
-5.67903430497	-1762.10666295	
-5.68017260902	-1762.10653534	
-5.6813096188	-1762.10640794	
-5.68244533727	-1762.10628077	
-5.68357976734	-1762.10615381	
-5.68471291194	-1762.10602707	
-5.68584477397	-1762.10590054	
-5.68697535634	-1762.10577423	
-5.68810466194	-1762.10564813	
-5.68923269364	-1762.10552224	
-5.69035945432	-1762.10539657	
-5.69148494685	-1762.10527111	
-5.69260917406	-1762.10514587	
-5.6937321388	-1762.10502083	
-5.69485384391	-1762.10489601	
-5.69597429221	-1762.10477139	
-5.69709348651	-1762.10464699	
-5.69821142961	-1762.1045228	
-5.69932812431	-1762.10439881	
-5.70044357339	-1762.10427504	
-5.70155777963	-1762.10415147	
-5.7026707458	-1762.10402811	
-5.70378247466	-1762.10390496	
-5.70489296894	-1762.10378201	
-5.70600223139	-1762.10365927	
-5.70711026475	-1762.10353673	
-5.70821707172	-1762.1034144	
-5.70932265503	-1762.10329227	
-5.71042701737	-1762.10317035	
-5.71153016145	-1762.10304863	
-5.71263208993	-1762.10292711	
-5.71373280551	-1762.10280579	
-5.71483231084	-1762.10268468	
-5.71593060859	-1762.10256377	
-5.71702770141	-1762.10244306	
-5.71812359193	-1762.10232255	
-5.71921828279	-1762.10220223	
-5.72031177661	-1762.10208212	
-5.72140407601	-1762.10196221	
-5.72249518359	-1762.10184249	
-5.72358510195	-1762.10172298	
-5.72467383369	-1762.10160365	
-5.72576138137	-1762.10148453	
-5.72684774759	-1762.1013656	
-5.72793293489	-1762.10124687	
-5.72901694583	-1762.10112834	
-5.73009978297	-1762.10100999	
-5.73118144884	-1762.10089185	
-5.73226194598	-1762.10077389	
-5.7333412769	-1762.10065613	
-5.73441944412	-1762.10053857	
-5.73549645015	-1762.10042119	
-5.73657229748	-1762.10030401	
-5.73764698861	-1762.10018702	
-5.73872052602	-1762.10007022	
-5.73979291218	-1762.09995361	
-5.74086414956	-1762.09983719	
-5.74193424062	-1762.09972096	
-5.74300318781	-1762.09960492	
-5.74407099357	-1762.09948907	
-5.74513766034	-1762.0993734	
-5.74620319054	-1762.09925793	
-5.7472675866	-1762.09914264	
-5.74833085092	-1762.09902754	
-5.74939298591	-1762.09891262	
-5.75045399397	-1762.09879789	
-5.75151387748	-1762.09868335	
-5.75257263883	-1762.09856899	
-5.75363028038	-1762.09845481	
-5.75468680452	-1762.09834082	
-5.75574221359	-1762.09822702	
-5.75679650994	-1762.09811339	
-5.75784969593	-1762.09799995	
-5.75890177388	-1762.0978867	
-5.75995274612	-1762.09777362	
-5.76100261499	-1762.09766073	
-5.76205138278	-1762.09754801	
-5.76309905181	-1762.09743548	
-5.76414562438	-1762.09732313	
-5.76519110278	-1762.09721095	
-5.7662354893	-1762.09709896	
-5.76727878622	-1762.09698714	
-5.76832099579	-1762.09687551	
-5.7693621203	-1762.09676405	
-5.770402162	-1762.09665277	
-5.77144112313	-1762.09654166	
-5.77247900594	-1762.09643074	
-5.77351581267	-1762.09631999	
-5.77455154554	-1762.09620941	
-5.77558620679	-1762.09609901	
-5.77661979861	-1762.09598879	
-5.77765232322	-1762.09587874	
-5.77868378283	-1762.09576886	
-5.77971417962	-1762.09565916	
-5.78074351579	-1762.09554963	
-5.78177179352	-1762.09544028	
-5.78279901497	-1762.0953311	
-5.78382518233	-1762.09522209	
-5.78485029774	-1762.09511325	
-5.78587436337	-1762.09500458	
-5.78689738137	-1762.09489609	
-5.78791935386	-1762.09478776	
-5.788940283	-1762.0946796	
-5.7899601709	-1762.09457162	
-5.79097901969	-1762.0944638	
-5.79199683148	-1762.09435615	
-5.79301360838	-1762.09424868	
-5.7940293525	-1762.09414137	
-5.79504406593	-1762.09403422	
-5.79605775077	-1762.09392725	
-5.79707040908	-1762.09382044	
-5.79808204295	-1762.0937138	
-5.79909265446	-1762.09360732	
-5.80010224566	-1762.09350101	
-5.80111081862	-1762.09339487	
-5.80211837538	-1762.09328889	
-5.80312491799	-1762.09318307	
-5.80413044849	-1762.09307742	
-5.80513496892	-1762.09297194	
-5.80613848129	-1762.09286661	
-5.80714098764	-1762.09276145	
-5.80814248998	-1762.09265646	
-5.80914299031	-1762.09255162	
