#Site	lnL	
0	-1.28686580418
1	-1.17275538669
2	-6.59611063793
3	-1.28686580418
4	-1.28436069453
5	-11.325371879
6	-1.96591626897
7	-10.8255940143
8	-9.58804280564
9	-1.28686580418
10	-1.28436069453
11	-9.58804280564
12	-1.28686580418
13	-1.17275538669
14	-9.38838585792
15	-1.62584503325
16	-1.17275538669
17	-13.9520274158
18	-1.62584503325
19	-1.62117213727
20	-7.38180799862
21	-1.62584503325
22	-1.17275538669
23	-8.98494171939
24	-1.28686580418
25	-1.17275538669
26	-5.93720607214
27	-1.28686580418
28	-1.17275538669
29	-7.27553399309
30	-1.62584503325
31	-1.9616423536
32	-10.0928714994
33	-1.62584503325
34	-1.62117213727
35	-5.93720607214
36	-1.28686580418
37	-10.5651732253
38	-10.5328385388
39	-1.62584503325
40	-1.17275538669
41	-6.10340340823
42	-1.28686580418
43	-1.28436069453
44	-10.7442420391
45	-1.28686580418
46	-1.62117213727
47	-5.4366613675
48	-1.28686580418
49	-1.28436069453
50	-10.0763852871
51	-1.28686580418
52	-1.28436069453
53	-5.93720607214
54	-9.79744962543
55	-1.28436069453
56	-5.4366613675
57	-1.17597802308
58	-1.62117213727
59	-5.93720607214
60	-1.17597802308
61	-7.6805565927
62	-8.5861065865
63	-1.28686580418
64	-1.17275538669
65	-5.4366613675
66	-1.28686580418
67	-1.9616423536
68	-6.59611063793
69	-1.17597802308
70	-1.17275538669
71	-5.4366613675
72	-1.28686580418
73	-1.17275538669
74	-10.123092735
75	-1.28686580418
76	-1.62117213727
77	-6.80981332202
78	-1.28686580418
79	-1.17275538669
80	-12.7009044003
81	-1.28686580418
82	-1.28436069453
83	-8.56162193272
84	-1.28686580418
85	-1.62117213727
86	-9.0099084453
87	-1.17597802308
88	-1.62117213727
89	-8.5861065865
90	-1.62584503325
91	-1.28436069453
92	-8.56162193272
93	-1.62584503325
94	-1.17275538669
95	-11.2827163941
96	-1.17597802308
97	-1.62117213727
98	-9.81121751687
99	-1.62584503325
100	-1.17275538669
101	-10.3019327825
102	-1.96591626897
103	-1.9616423536
104	-8.02354879077
105	-1.17597802308
106	-1.62117213727
107	-7.65838738672
108	-7.79835196272
109	-1.28436069453
110	-10.0107861302
111	-1.62584503325
112	-1.62117213727
113	-5.4366613675
114	-1.28686580418
115	-1.28436069453
116	-5.93720607214
117	-1.96591626897
118	-1.17275538669
119	-8.85051241914
120	-1.62584503325
121	-1.28436069453
122	-7.38745044661
123	-1.17597802308
124	-1.9616423536
125	-5.4366613675
126	-1.17597802308
127	-1.62117213727
128	-10.5128692296
129	-1.28686580418
130	-1.62117213727
131	-7.51364165981
132	-1.62584503325
133	-1.28436069453
134	-7.50806585432
135	-1.28686580418
136	-1.17275538669
137	-9.72240876593
138	-1.28686580418
139	-1.17275538669
140	-5.93720607214
141	-1.17597802308
142	-1.28436069453
143	-8.55105372349
144	-1.28686580418
145	-1.28436069453
146	-10.6473673992
147	-1.17597802308
148	-1.17275538669
149	-9.0099084453
150	-1.96591626897
151	-1.28436069453
152	-5.93720607214
153	-6.0722577601
154	-7.86050125046
155	-5.93720607214
156	-1.17597802308
157	-6.59526599574
158	-8.06085247485
159	-1.17597802308
160	-1.9616423536
161	-8.83592991534
162	-1.28686580418
163	-1.17275538669
164	-8.78650539218
165	-1.62584503325
166	-1.9616423536
167	-9.58804280564
168	-1.96591626897
169	-1.28436069453
170	-5.4366613675
171	-1.17597802308
172	-1.17275538669
173	-5.93720607214
174	-1.62584503325
175	-1.9616423536
176	-10.0928714994
177	-1.96591626897
178	-1.28436069453
179	-5.93720607214
180	-1.17597802308
181	-1.62117213727
182	-8.30623553642
183	-1.17597802308
184	-1.28436069453
185	-11.3117089115
186	-1.17597802308
187	-1.62117213727
188	-11.950448774
189	-1.17597802308
190	-1.17275538669
191	-8.5861065865
192	-1.28686580418
193	-1.17275538669
194	-6.99947832302
195	-1.17597802308
196	-1.17275538669
197	-6.36380469526
198	-1.62584503325
199	-1.62117213727
200	-8.98494171939
201	-1.28686580418
202	-1.17275538669
203	-9.58804280564
204	-1.28686580418
205	-1.62117213727
206	-5.93720607214
207	-1.62584503325
208	-1.62117213727
209	-5.93720607214
210	-7.35141188157
211	-1.28436069453
212	-8.5861065865
213	-11.7339011121
214	-1.9616423536
215	-9.95023768282
216	-1.28686580418
217	-1.62117213727
218	-5.93720607214
219	-1.96591626897
220	-1.28436069453
221	-8.66682861749
222	-1.62584503325
223	-1.17275538669
224	-8.5861065865
225	-1.17597802308
226	-1.28436069453
227	-13.5496237458
228	-1.17597802308
229	-1.17275538669
230	-10.5280583245
231	-1.62584503325
232	-1.62117213727
233	-10.3541453985
234	-1.17597802308
235	-1.9616423536
236	-8.4302445613
237	-1.17597802308
238	-1.62117213727
239	-16.4643017405
240	-1.62584503325
241	-1.17275538669
242	-5.4366613675
243	-1.62584503325
244	-1.62117213727
245	-5.4366613675
246	-8.82856651282
247	-1.28436069453
248	-8.58427618185
249	-1.62584503325
250	-1.28436069453
251	-10.3303280968
252	-1.28686580418
253	-1.28436069453
254	-5.93720607214
255	-1.17597802308
256	-1.62117213727
257	-5.93720607214
258	-1.17597802308
259	-1.17275538669
260	-8.98494171939
261	-1.17597802308
262	-1.28436069453
263	-9.4418052959
264	-1.96591626897
265	-1.62117213727
266	-5.93720607214
267	-1.17597802308
268	-7.86050125046
269	-6.59611063793
270	-1.28686580418
271	-1.62117213727
272	-9.0099084453
273	-1.96591626897
274	-1.17275538669
275	-6.43071541044
276	-1.96591626897
277	-1.17275538669
278	-9.36401173235
279	-1.62584503325
280	-1.9616423536
281	-6.36380469526
282	-1.96591626897
283	-1.17275538669
284	-7.45581108512
285	-1.17597802308
286	-1.62117213727
287	-9.95084902287
288	-1.17597802308
289	-1.17275538669
290	-7.45581108512
291	-1.62584503325
292	-1.62117213727
293	-5.4366613675
294	-1.17597802308
295	-1.17275538669
296	-5.4366613675
297	-1.96591626897
298	-1.9616423536
299	-5.4366613675
300	-1.28686580418
301	-1.17275538669
302	-10.0763852871
303	-1.17597802308
304	-1.28436069453
305	-9.58804280564
306	-1.96591626897
307	-1.62117213727
308	-7.06551488103
309	-1.17597802308
310	-1.62117213727
311	-5.4366613675
312	-1.28686580418
313	-1.9616423536
314	-5.4366613675
315	-1.62584503325
316	-1.62117213727
317	-6.10340340823
318	-1.17597802308
319	-1.9616423536
320	-9.4418052959
321	-1.28686580418
322	-1.28436069453
323	-5.4366613675
324	-1.28686580418
325	-1.17275538669
326	-5.93720607214
327	-1.28686580418
328	-1.17275538669
329	-5.93720607214
330	-1.17597802308
331	-1.62117213727
332	-9.52569376125
333	-1.28686580418
334	-1.62117213727
335	-5.4366613675
336	-1.62584503325
337	-1.62117213727
338	-5.4366613675
339	-6.68082793702
340	-1.17275538669
341	-6.99947832302
342	-1.28686580418
343	-1.17275538669
344	-7.69437285091
345	-1.17597802308
346	-1.28436069453
347	-7.23134238233
348	-1.17597802308
349	-1.28436069453
350	-8.06085247485
351	-1.28686580418
352	-1.9616423536
353	-8.98494171939
354	-8.23029058764
355	-1.9616423536
356	-12.9778150355
357	-1.62584503325
358	-11.0481942667
359	-9.0099084453
360	-1.17597802308
361	-1.17275538669
362	-8.5861065865
363	-1.28686580418
364	-1.17275538669
365	-8.42949164605
366	-1.17597802308
367	-1.28436069453
368	-6.43071541044
369	-1.17597802308
370	-1.9616423536
371	-8.98494171939
372	-1.17597802308
373	-1.17275538669
374	-5.93720607214
375	-9.13634457236
376	-1.62117213727
377	-10.0532734738
378	-1.17597802308
379	-1.9616423536
380	-9.51373511364
381	-1.28686580418
382	-1.9616423536
383	-7.01257152298
384	-1.96591626897
385	-1.9616423536
386	-13.215356908
387	-1.62584503325
388	-1.62117213727
389	-9.51373511364
390	-1.17597802308
391	-1.17275538669
392	-7.78495008737
393	-1.17597802308
394	-1.17275538669
395	-8.65687293067
396	-6.2443625575
397	-1.28436069453
398	-10.1421958533
399	-1.62584503325
400	-1.62117213727
401	-5.4366613675
402	-5.60381950391
403	-1.28436069453
404	-9.59272290128
405	-1.17597802308
406	-1.28436069453
407	-8.94904373212
408	-1.62584503325
409	-1.9616423536
410	-7.06551488103
411	-8.26643524953
412	-1.9616423536
413	-5.4366613675
414	-1.17597802308
415	-1.62117213727
416	-5.93720607214
417	-9.68765894814
418	-7.35065282757
419	-5.4366613675
420	-1.17597802308
421	-1.62117213727
422	-9.58804280564
423	-1.28686580418
424	-1.17275538669
425	-9.75087383028
426	-1.62584503325
427	-6.07839645129
428	-11.1020065046
429	-1.17597802308
430	-1.28436069453
431	-5.4366613675
432	-1.28686580418
433	-1.62117213727
434	-8.42327793584
435	-1.28686580418
436	-1.9616423536
437	-9.94340318907
438	-1.17597802308
439	-1.17275538669
440	-6.80981332202
441	-1.28686580418
442	-1.17275538669
443	-9.11820848544
444	-1.17597802308
445	-1.28436069453
446	-5.4366613675
447	-1.17597802308
448	-1.17275538669
449	-9.53963532498
450	-1.17597802308
451	-1.28436069453
452	-8.20507174368
453	-1.28686580418
454	-7.25111196697
455	-6.36380469526
456	-1.17597802308
457	-1.28436069453
458	-7.50806585432
459	-1.62584503325
460	-1.28436069453
461	-9.0099084453
462	-1.17597802308
463	-1.17275538669
464	-9.62547054004
465	-1.28686580418
466	-15.9033614712
467	-9.91939002535
468	-1.96591626897
469	-1.62117213727
470	-7.06551488103
471	-1.28686580418
472	-9.28238976737
473	-5.4366613675
474	-1.28686580418
475	-1.28436069453
476	-5.93720607214
477	-1.17597802308
478	-1.17275538669
479	-9.0099084453
480	-1.28686580418
481	-1.17275538669
482	-9.35046774721
483	-1.17597802308
484	-1.28436069453
485	-5.93720607214
486	-1.96591626897
487	-1.9616423536
488	-5.4366613675
