# log_p 	 lnL 	 
0.0	-1665.88155062	
-0.287682072452	-1665.88425167	
-0.510825623766	-1665.88795372	
-0.69314718056	-1665.89224143	
-0.847297860387	-1665.89685692	
-0.980829253012	-1665.90165049	
-1.09861228867	-1665.90652857	
-1.20397280433	-1665.91142619	
-1.29928298413	-1665.91629478	
-1.38629436112	-1665.9210967	
-1.46633706879	-1665.92580235	
-1.54044504095	-1665.93038832	
-1.60943791243	-1665.93483593	
-1.67397643357	-1665.93913026	
-1.73460105539	-1665.94325935	
-1.79175946923	-1665.94721368	
-1.8458266905	-1665.95098578	
-1.89711998489	-1665.95457003	
-1.94591014906	-1665.95796243	
-1.99243016469	-1665.96116051	
-2.03688192726	-1665.96416321	
-2.07944154168	-1665.96697072	
-2.1202635362	-1665.96958445	
-2.15948424935	-1665.97200686	
-2.19722457734	-1665.97424136	
-2.23359222151	-1665.97629217	
-2.26868354132	-1665.97816425	
-2.30258509299	-1665.97986312	
-2.33537491582	-1665.98139482	
-2.36712361413	-1665.98276575	
-2.3978952728	-1665.98398259	
-2.42774823595	-1665.98505222	
-2.45673577282	-1665.98598167	
-2.48490664979	-1665.98677797	
-2.51230562398	-1665.98744817	
-2.53897387106	-1665.98799927	
-2.56494935746	-1665.98843814	
-2.59026716545	-1665.98877151	
-2.61495977804	-1665.98900595	
-2.63905732962	-1665.98914783	
-2.66258782703	-1665.98920329	
-2.68557734525	-1665.98917825	
-2.7080502011	-1665.98907841	
-2.73002910782	-1665.98890919	
-2.75153531304	-1665.98867579	
-2.77258872224	-1665.98838313	
-2.79320800944	-1665.9880359	
-2.81341071676	-1665.98763856	
-2.83321334406	-1665.9871953	
-2.85263142991	-1665.98671008	
-2.87167962488	-1665.98618665	
-2.8903717579	-1665.98562852	
-2.90872089656	-1665.98503901	
-2.92673940207	-1665.9844212	
-2.94443897917	-1665.98377802	
-2.96183072188	-1665.98311217	
-2.97892515524	-1665.98242621	
-2.99573227355	-1665.98172249	
-3.01226157551	-1665.98100324	
-3.02852209638	-1665.98027052	
-3.04452243772	-1665.97952624	
-3.06027079469	-1665.97877218	
-3.07577498123	-1665.97801	
-3.09104245336	-1665.97724123	
-3.10608033072	-1665.97646728	
-3.12089541651	-1665.97568946	
-3.13549421593	-1665.974909	
-3.14988295338	-1665.974127	
-3.16406758837	-1665.97334449	
-3.17805383035	-1665.97256243	
-3.19184715248	-1665.97178167	
-3.20545280454	-1665.97100302	
-3.21887582487	-1665.9702272	
-3.23212105162	-1665.96945489	
-3.24519313319	-1665.96868668	
-3.25809653802	-1665.96792314	
-3.2708355638	-1665.96716476	
-3.28341434601	-1665.96641199	
-3.295836866	-1665.96566525	
-3.3081069586	-1665.96492491	
-3.32022831913	-1665.96419128	
-3.33220451018	-1665.96346468	
-3.34403896782	-1665.96274536	
-3.35573500759	-1665.96203355	
-3.36729582999	-1665.96132945	
-3.37872452581	-1665.96063324	
-3.39002408106	-1665.95994507	
-3.40119738166	-1665.95926508	
-3.41224721785	-1665.95859336	
-3.42317628838	-1665.95793001	
-3.43398720449	-1665.9572751	
-3.4446824936	-1665.95662869	
-3.45526460293	-1665.95599081	
-3.4657359028	-1665.95536149	
-3.47609868984	-1665.95474075	
-3.48635519	-1665.95412859	
-3.49650756147	-1665.95352499	
-3.50655789732	-1665.95292994	
-3.51650822817	-1665.95234342	
-3.52636052462	-1665.95176538	
-3.53611669956	-1665.95119579	
-3.54577861047	-1665.9506346	
-3.55534806149	-1665.95008174	
-3.56482680544	-1665.94953716	
-3.57421654579	-1665.94900079	
-3.58351893846	-1665.94847256	
-3.59273559356	-1665.9479524	
-3.60186807712	-1665.94744023	
-3.61091791264	-1665.94693596	
-3.61988658263	-1665.94643952	
-3.62877553004	-1665.94595081	
-3.63758615973	-1665.94546975	
-3.6463198397	-1665.94499625	
-3.65497790244	-1665.94453021	
-3.66356164613	-1665.94407154	
-3.6720723358	-1665.94362015	
-3.68051120444	-1665.94317594	
-3.68887945411	-1665.94273882	
-3.69717825693	-1665.94230869	
-3.70540875607	-1665.94188545	
-3.7135720667	-1665.94146901	
-3.72166927694	-1665.94105926	
-3.72970144863	-1665.94065612	
-3.73766961828	-1665.94025949	
-3.74557479779	-1665.93986926	
-3.75341797525	-1665.93948535	
-3.76120011569	-1665.93910766	
-3.76892216179	-1665.9387361	
-3.77658503453	-1665.93837056	
-3.78418963392	-1665.93801096	
-3.79173683955	-1665.93765721	
-3.79922751128	-1665.93730921	
-3.80666248977	-1665.93696688	
-3.81404259707	-1665.93663012	
-3.82136863716	-1665.93629884	
-3.82864139649	-1665.93597296	
-3.83586164446	-1665.9356524	
-3.84303013394	-1665.93533705	
-3.85014760171	-1665.93502685	
-3.85721476893	-1665.93472171	
-3.86423234159	-1665.93442154	
-3.87120101091	-1665.93412626	
-3.87812145375	-1665.9338358	
-3.88499433304	-1665.93355007	
-3.89182029811	-1665.93326901	
-3.8985999851	-1665.93299252	
-3.90533401728	-1665.93272054	
-3.91202300543	-1665.93245299	
-3.91866754815	-1665.9321898	
-3.92526823218	-1665.9319309	
-3.93182563272	-1665.93167621	
-3.93834031375	-1665.93142567	
-3.94481282825	-1665.93117921	
-3.95124371858	-1665.93093676	
-3.95763351668	-1665.93069825	
-3.96398274436	-1665.93046362	
-3.97029191355	-1665.93023281	
-3.97656152657	-1665.93000575	
-3.98279207632	-1665.92978238	
-3.98898404656	-1665.92956264	
-3.99513791214	-1665.92934647	
-4.00125413916	-1665.92913381	
-4.00733318523	-1665.92892461	
-4.01337549969	-1665.9287188	
-4.01938152375	-1665.92851634	
-4.02535169074	-1665.92831716	
-4.03128642625	-1665.92812121	
-4.03718614838	-1665.92792844	
-4.04305126783	-1665.92773881	
-4.04888218815	-1665.92755225	
-4.05467930583	-1665.92736871	
-4.06044301055	-1665.92718816	
-4.06617368526	-1665.92701053	
-4.07187170637	-1665.92683579	
-4.07753744391	-1665.92666388	
-4.08317126162	-1665.92649476	
-4.08877351717	-1665.92632839	
-4.09434456222	-1665.92616472	
-4.0998847426	-1665.92600371	
-4.10539439841	-1665.92584532	
-4.11087386417	-1665.92568949	
-4.11632346894	-1665.9255362	
-4.12174353641	-1665.92538541	
-4.12713438505	-1665.92523707	
-4.13249632819	-1665.92509114	
-4.13782967416	-1665.92494759	
-4.14313472639	-1665.92480637	
-4.14841178349	-1665.92466746	
-4.15366113938	-1665.92453082	
-4.15888308336	-1665.92439641	
-4.16407790024	-1665.92426419	
-4.1692458704	-1665.92413413	
-4.1743872699	-1665.92400621	
-4.17950237056	-1665.92388038	
-4.18459144007	-1665.92375661	
-4.18965474203	-1665.92363488	
-4.19469253606	-1665.92351514	
-4.19970507788	-1665.92339738	
-4.20469261939	-1665.92328155	
-4.20965540873	-1665.92316763	
-4.21459369037	-1665.9230556	
-4.21950770518	-1665.92294542	
-4.22439769047	-1665.92283706	
-4.22926388012	-1665.9227305	
-4.2341065046	-1665.92262572	
-4.23892579103	-1665.92252267	
-4.2437219633	-1665.92242134	
-4.24849524205	-1665.92232171	
-4.25324584481	-1665.92222374	
-4.257973986	-1665.92212741	
-4.26267987704	-1665.92203271	
-4.26736372635	-1665.92193959	
-4.27202573946	-1665.92184805	
-4.27666611902	-1665.92175806	
-4.28128506487	-1665.92166959	
-4.28588277412	-1665.92158262	
-4.29045944115	-1665.92149713	
-4.29501525768	-1665.92141311	
-4.29955041285	-1665.92133052	
-4.3040650932	-1665.92124935	
-4.30855948279	-1665.92116958	
-4.31303376319	-1665.92109118	
-4.31748811354	-1665.92101414	
-4.3219227106	-1665.92093844	
-4.32633772881	-1665.92086406	
-4.33073334029	-1665.92079098	
-4.33510971489	-1665.92071919	
-4.33946702026	-1665.92064865	
-4.34380542185	-1665.92057937	
-4.348125083	-1665.92051131	
-4.3524261649	-1665.92044446	
-4.35670882669	-1665.92037881	
-4.36097322548	-1665.92031434	
-4.36521951636	-1665.92025103	
-4.36944785247	-1665.92018886	
-4.373658385	-1665.92012783	
-4.37785126326	-1665.92006791	
-4.38202663467	-1665.92000908	
-4.38618464482	-1665.91995135	
-4.39032543749	-1665.91989468	
-4.39444915467	-1665.91983906	
-4.39855593663	-1665.91978449	
-4.40264592188	-1665.91973094	
-4.40671924726	-1665.91967841	
-4.41077604796	-1665.91962687	
-4.4148164575	-1665.91957632	
-4.4188406078	-1665.91952674	
-4.42284862919	-1665.91947812	
-4.42684065046	-1665.91943045	
-4.43081679884	-1665.91938371	
-4.43477720006	-1665.91933789	
-4.43872197835	-1665.91929299	
-4.44265125649	-1665.91924898	
-4.44656515581	-1665.91920585	
-4.45046379623	-1665.9191636	
-4.45434729625	-1665.91912221	
-4.45821577303	-1665.91908167	
-4.46206934235	-1665.91904197	
-4.46590811865	-1665.9190031	
-4.46973221509	-1665.91896505	
-4.47354174351	-1665.91892781	
-4.47733681448	-1665.91889137	
-4.48111753732	-1665.91885571	
-4.48488402011	-1665.91882083	
-4.48863636973	-1665.91878671	
-4.49237469184	-1665.91875335	
-4.49609909093	-1665.91872074	
-4.49980967033	-1665.91868887	
-4.50350653221	-1665.91865773	
-4.50718977763	-1665.91862731	
-4.51085950652	-1665.91859759	
-4.51451581772	-1665.91856858	
-4.518158809	-1665.91854026	
-4.52178857705	-1665.91851263	
-4.52540521752	-1665.91848567	
-4.52900882502	-1665.91845937	
-4.53259949315	-1665.91843374	
-4.5361773145	-1665.91840875	
-4.53974238067	-1665.91838441	
-4.54329478227	-1665.9183607	
-4.54683460898	-1665.91833762	
-4.55036194949	-1665.91831516	
-4.5538768916	-1665.91829331	
-4.55737952215	-1665.91827206	
-4.56086992709	-1665.91825141	
-4.56434819147	-1665.91823135	
-4.56781439944	-1665.91821187	
-4.57126863431	-1665.91819296	
-4.5747109785	-1665.91817462	
-4.5781415136	-1665.91815684	
-4.58156032035	-1665.91813962	
-4.58496747867	-1665.91812294	
-4.58836306767	-1665.91810681	
-4.59174716566	-1665.91809121	
-4.59511985013	-1665.91807613	
-4.59848119784	-1665.91806158	
-4.60183128472	-1665.91804754	
-4.60517018599	-1665.91803401	
-4.60849797608	-1665.91802099	
-4.61181472871	-1665.91800846	
-4.61512051684	-1665.91799642	
-4.61841541274	-1665.91798487	
-4.62169948794	-1665.9179738	
-4.62497281328	-1665.9179632	
-4.62823545892	-1665.91795306	
-4.63148749431	-1665.9179434	
-4.63472898823	-1665.91793418	
-4.63796000881	-1665.91792542	
-4.64118062351	-1665.91791711	
-4.64439089914	-1665.91790924	
-4.64759090187	-1665.9179018	
-4.65078069724	-1665.9178948	
-4.65396035016	-1665.91788822	
-4.65712992492	-1665.91788206	
-4.66028948521	-1665.91787632	
-4.66343909411	-1665.91787099	
-4.66657881412	-1665.91786607	
-4.66970870713	-1665.91786154	
-4.67282883446	-1665.91785742	
-4.67593925688	-1665.91785369	
-4.67904003455	-1665.91785034	
-4.68213122712	-1665.91784738	
-4.68521289366	-1665.9178448	
-4.6882850927	-1665.91784259	
-4.69134788223	-1665.91784076	
-4.69440131972	-1665.91783929	
-4.6974454621	-1665.91783818	
-4.70048036579	-1665.91783743	
-4.70350608671	-1665.91783703	
-4.70652268025	-1665.91783699	
-4.70953020131	-1665.91783729	
-4.71252870431	-1665.91783793	
-4.71551824316	-1665.91783891	
-4.7184988713	-1665.91784022	
-4.72147064168	-1665.91784187	
-4.72443360681	-1665.91784384	
-4.72738781871	-1665.91784613	
-4.73033332894	-1665.91784875	
-4.73327018862	-1665.91785168	
-4.73619844839	-1665.91785492	
-4.7391181585	-1665.91785847	
-4.74202936871	-1665.91786232	
-4.74493212836	-1665.91786648	
-4.74782648639	-1665.91787093	
-4.75071249128	-1665.91787568	
-4.75359019111	-1665.91788073	
-4.75645963353	-1665.91788606	
-4.75932086582	-1665.91789167	
-4.7621739348	-1665.91789757	
-4.76501888693	-1665.91790375	
-4.76785576827	-1665.9179102	
-4.77068462447	-1665.91791692	
-4.77350550081	-1665.91792392	
-4.77631844218	-1665.91793118	
-4.77912349311	-1665.9179387	
-4.78192069773	-1665.91794649	
-4.78471009982	-1665.91795453	
-4.78749174278	-1665.91796283	
-4.79026566966	-1665.91797138	
-4.79303192316	-1665.91798018	
-4.7957905456	-1665.91798923	
-4.79854157897	-1665.91799852	
-4.80128506491	-1665.91800805	
-4.80402104473	-1665.91801782	
-4.80674955939	-1665.91802783	
-4.8094706495	-1665.91803806	
-4.81218435537	-1665.91804853	
-4.81489071697	-1665.91805923	
-4.81758977394	-1665.91807016	
-4.82028156561	-1665.9180813	
-4.82296613098	-1665.91809267	
-4.82564350875	-1665.91810425	
-4.8283137373	-1665.91811605	
-4.83097685472	-1665.91812807	
-4.83363289878	-1665.91814029	
-4.83628190695	-1665.91815273	
-4.83892391641	-1665.91816537	
-4.84155896405	-1665.91817821	
-4.84418708646	-1665.91819126	
-4.84680831994	-1665.91820451	
-4.84942270051	-1665.91821795	
-4.85203026392	-1665.91823159	
-4.85463104562	-1665.91824542	
-4.8572250808	-1665.91825944	
-4.85981240436	-1665.91827366	
-4.86239305096	-1665.91828806	
-4.86496705495	-1665.91830264	
-4.86753445046	-1665.91831741	
-4.87009527132	-1665.91833235	
-4.87264955112	-1665.91834748	
-4.8751973232	-1665.91836278	
-4.87773862063	-1665.91837826	
-4.88027347623	-1665.91839391	
-4.88280192259	-1665.91840973	
-4.88532399202	-1665.91842572	
-4.88783971662	-1665.91844188	
-4.89034912822	-1665.9184582	
-4.89285225844	-1665.91847469	
-4.89534913864	-1665.91849134	
-4.89783979995	-1665.91850815	
-4.90032427328	-1665.91852511	
-4.90280258929	-1665.91854224	
-4.90527477844	-1665.91855951	
-4.90774087093	-1665.91857695	
-4.91020089677	-1665.91859453	
-4.91265488574	-1665.91861226	
-4.91510286737	-1665.91863014	
-4.91754487103	-1665.91864817	
-4.91998092583	-1665.91866634	
-4.92241106068	-1665.91868465	
-4.92483530429	-1665.91870311	
-4.92725368516	-1665.9187217	
-4.92966623156	-1665.91874044	
-4.93207297159	-1665.91875931	
-4.93447393313	-1665.91877832	
-4.93686914386	-1665.91879746	
-4.93925863125	-1665.91881673	
-4.94164242261	-1665.91883613	
-4.94402054501	-1665.91885567	
-4.94639302537	-1665.91887533	
-4.94875989038	-1665.91889512	
-4.95112116656	-1665.91891503	
-4.95347688026	-1665.91893507	
-4.9558270576	-1665.91895523	
-4.95817172456	-1665.91897551	
-4.96051090691	-1665.91899591	
-4.96284463026	-1665.91901642	
-4.96517292002	-1665.91903706	
-4.96749580144	-1665.91905781	
-4.96981329958	-1665.91907867	
-4.97212543933	-1665.91909965	
-4.97443224543	-1665.91912074	
-4.97673374242	-1665.91914194	
-4.97902995468	-1665.91916325	
-4.98132090643	-1665.91918467	
-4.98360662171	-1665.91920619	
-4.98588712441	-1665.91922782	
-4.98816243824	-1665.91924956	
-4.99043258678	-1665.9192714	
-4.99269759341	-1665.91929334	
-4.99495748138	-1665.91931538	
-4.99721227376	-1665.91933752	
-4.9994619935	-1665.91935976	
-5.00170666335	-1665.91938209	
-5.00394630595	-1665.91940453	
-5.00618094375	-1665.91942705	
-5.00841059907	-1665.91944968	
-5.0106352941	-1665.91947239	
-5.01285505083	-1665.9194952	
-5.01506989116	-1665.9195181	
-5.01727983681	-1665.91954108	
-5.01948490937	-1665.91956416	
-5.02168513028	-1665.91958732	
-5.02388052085	-1665.91961057	
-5.02607110223	-1665.91963391	
-5.02825689545	-1665.91965733	
-5.03043792139	-1665.91968084	
-5.03261420082	-1665.91970443	
-5.03478575433	-1665.9197281	
-5.03695260241	-1665.91975185	
-5.03911476542	-1665.91977568	
-5.04127226356	-1665.91979958	
-5.04342511692	-1665.91982357	
-5.04557334546	-1665.91984764	
-5.047716969	-1665.91987178	
-5.04985600725	-1665.91989599	
-5.05199047978	-1665.91992028	
-5.05412040604	-1665.91994464	
-5.05624580535	-1665.91996908	
-5.05836669692	-1665.91999359	
-5.06048309982	-1665.92001816	
-5.06259503303	-1665.92004281	
-5.06470251537	-1665.92006753	
-5.06680556556	-1665.92009231	
-5.06890420222	-1665.92011717	
-5.07099844382	-1665.92014209	
-5.07308830874	-1665.92016707	
-5.07517381523	-1665.92019212	
-5.07725498144	-1665.92021723	
-5.07933182538	-1665.92024241	
-5.08140436498	-1665.92026765	
-5.08347261805	-1665.92029295	
-5.08553660227	-1665.92031831	
-5.08759633523	-1665.92034374	
-5.08965183441	-1665.92036922	
-5.09170311719	-1665.92039476	
-5.09375020081	-1665.92042036	
-5.09579310244	-1665.92044601	
-5.09783183913	-1665.92047173	
-5.09986642782	-1665.92049749	
-5.10189688537	-1665.92052332	
-5.10392322852	-1665.9205492	
-5.1059454739	-1665.92057513	
-5.10796363806	-1665.92060111	
-5.10997773743	-1665.92062715	
-5.11198778836	-1665.92065324	
-5.11399380708	-1665.92067937	
-5.11599580975	-1665.92070556	
-5.11799381242	-1665.9207318	
-5.11998783102	-1665.92075809	
-5.12197788143	-1665.92078443	
-5.1239639794	-1665.92081081	
-5.12594614061	-1665.92083724	
-5.12792438062	-1665.92086372	
-5.12989871492	-1665.92089024	
-5.13186915891	-1665.92091681	
-5.13383572788	-1665.92094342	
-5.13579843705	-1665.92097008	
-5.13775730154	-1665.92099677	
-5.13971233637	-1665.92102352	
-5.1416635565	-1665.9210503	
-5.14361097679	-1665.92107713	
-5.145554612	-1665.92110399	
-5.14749447681	-1665.9211309	
-5.14943058584	-1665.92115784	
-5.15136295359	-1665.92118483	
-5.1532915945	-1665.92121185	
-5.15521652291	-1665.92123892	
-5.15713775309	-1665.92126602	
-5.15905529921	-1665.92129315	
-5.1609691754	-1665.92132033	
-5.16287939565	-1665.92134753	
-5.16478597392	-1665.92137478	
-5.16668892407	-1665.92140206	
-5.16858825987	-1665.92142937	
-5.17048399504	-1665.92145672	
-5.17237614319	-1665.9214841	
-5.17426471788	-1665.92151151	
-5.17614973257	-1665.92153896	
-5.17803120067	-1665.92156643	
-5.1799091355	-1665.92159394	
-5.18178355029	-1665.92162148	
-5.18365445823	-1665.92164905	
-5.1855218724	-1665.92167665	
-5.18738580584	-1665.92170428	
-5.18924627149	-1665.92173194	
-5.19110328224	-1665.92175962	
-5.19295685089	-1665.92178734	
-5.19480699018	-1665.92181508	
-5.19665371277	-1665.92184284	
-5.19849703127	-1665.92187064	
-5.20033695819	-1665.92189846	
-5.202173506	-1665.92192631	
-5.20400668708	-1665.92195418	
-5.20583651375	-1665.92198208	
-5.20766299828	-1665.92201	
-5.20948615284	-1665.92203794	
-5.21130598956	-1665.92206591	
-5.21312252048	-1665.9220939	
-5.21493575761	-1665.92212191	
-5.21674571285	-1665.92214995	
-5.21855239808	-1665.92217801	
-5.22035582508	-1665.92220609	
-5.22215600558	-1665.92223419	
-5.22395295126	-1665.92226231	
-5.22574667371	-1665.92229045	
-5.22753718449	-1665.92231861	
-5.22932449506	-1665.9223468	
-5.23110861685	-1665.922375	
-5.23288956123	-1665.92240321	
-5.23466733947	-1665.92243145	
-5.23644196283	-1665.92245971	
-5.23821344248	-1665.92248798	
-5.23998178954	-1665.92251627	
-5.24174701506	-1665.92254458	
-5.24350913005	-1665.9225729	
-5.24526814546	-1665.92260124	
-5.24702407216	-1665.9226296	
-5.24877692099	-1665.92265797	
-5.25052670271	-1665.92268635	
-5.25227342805	-1665.92271475	
-5.25401710765	-1665.92274317	
-5.25575775213	-1665.9227716	
-5.25749537203	-1665.92280004	
-5.25922997784	-1665.9228285	
-5.26096158	-1665.92285697	
-5.2626901889	-1665.92288545	
-5.26441581487	-1665.92291394	
-5.26613846818	-1665.92294245	
-5.26785815906	-1665.92297097	
-5.26957489768	-1665.9229995	
-5.27128869416	-1665.92302804	
-5.27299955856	-1665.92305659	
-5.27470750091	-1665.92308516	
-5.27641253116	-1665.92311373	
-5.27811465923	-1665.92314231	
-5.27981389498	-1665.92317091	
-5.28151024823	-1665.92319951	
-5.28320372874	-1665.92322812	
-5.28489434622	-1665.92325674	
-5.28658211033	-1665.92328537	
-5.28826703069	-1665.923314	
-5.28994911688	-1665.92334265	
-5.2916283784	-1665.9233713	
-5.29330482472	-1665.92339996	
-5.29497846528	-1665.92342863	
-5.29664930945	-1665.9234573	
-5.29831736655	-1665.92348598	
-5.29998264587	-1665.92351467	
-5.30164515664	-1665.92354336	
-5.30330490806	-1665.92357206	
-5.30496190927	-1665.92360076	
-5.30661616936	-1665.92362947	
-5.3082676974	-1665.92365819	
-5.30991650239	-1665.92368691	
-5.3115625933	-1665.92371563	
-5.31320597904	-1665.92374436	
-5.3148466685	-1665.92377309	
-5.3164846705	-1665.92380182	
-5.31811999384	-1665.92383056	
-5.31975264727	-1665.92385931	
-5.32138263948	-1665.92388805	
-5.32300997914	-1665.9239168	
-5.32463467487	-1665.92394555	
-5.32625673524	-1665.9239743	
-5.32787616879	-1665.92400306	
-5.32949298402	-1665.92403181	
-5.33110718937	-1665.92406057	
-5.33271879327	-1665.92408933	
-5.33432780407	-1665.92411809	
-5.33593423012	-1665.92414686	
-5.3375380797	-1665.92417562	
-5.33913936107	-1665.92420438	
-5.34073808243	-1665.92423315	
-5.34233425196	-1665.92426191	
-5.3439278778	-1665.92429067	
-5.34551896803	-1665.92431944	
-5.34710753072	-1665.9243482	
-5.34869357387	-1665.92437696	
-5.35027710548	-1665.92440573	
-5.35185813348	-1665.92443449	
-5.35343666577	-1665.92446324	
-5.35501271022	-1665.924492	
-5.35658627467	-1665.92452076	
-5.3581573669	-1665.92454951	
-5.35972599468	-1665.92457826	
-5.36129216571	-1665.92460701	
-5.36285588769	-1665.92463576	
-5.36441716825	-1665.92466451	
-5.36597601502	-1665.92469325	
-5.36753243557	-1665.92472199	
-5.36908643744	-1665.92475072	
-5.37063802813	-1665.92477945	
-5.37218721511	-1665.92480818	
-5.37373400583	-1665.92483691	
-5.37527840768	-1665.92486563	
-5.37682042804	-1665.92489435	
-5.37836007422	-1665.92492306	
-5.37989735354	-1665.92495177	
-5.38143227326	-1665.92498047	
-5.38296484061	-1665.92500917	
-5.38449506279	-1665.92503787	
-5.38602294697	-1665.92506655	
-5.38754850028	-1665.92509524	
-5.38907172982	-1665.92512392	
-5.39059264266	-1665.92515259	
-5.39211124583	-1665.92518126	
-5.39362754635	-1665.92520992	
-5.39514155118	-1665.92523857	
-5.39665326727	-1665.92526722	
-5.39816270152	-1665.92529587	
-5.39966986081	-1665.9253245	
-5.40117475199	-1665.92535313	
-5.40267738187	-1665.92538175	
-5.40417775725	-1665.92541037	
-5.40567588487	-1665.92543898	
-5.40717177146	-1665.92546758	
-5.40866542372	-1665.92549617	
-5.4101568483	-1665.92552476	
-5.41164605186	-1665.92555334	
-5.41313304098	-1665.92558191	
-5.41461782224	-1665.92561048	
-5.4161004022	-1665.92563903	
-5.41758078737	-1665.92566758	
-5.41905898424	-1665.92569612	
-5.42053499927	-1665.92572465	
-5.42200883889	-1665.92575317	
-5.4234805095	-1665.92578168	
-5.42495001748	-1665.92581019	
-5.42641736918	-1665.92583868	
-5.4278825709	-1665.92586717	
-5.42934562895	-1665.92589564	
-5.43080654959	-1665.92592411	
-5.43226533906	-1665.92595257	
-5.43372200355	-1665.92598102	
-5.43517654927	-1665.92600946	
-5.43662898235	-1665.92603789	
-5.43807930892	-1665.9260663	
-5.4395275351	-1665.92609471	
-5.44097366695	-1665.92612311	
-5.44241771052	-1665.9261515	
-5.44385967184	-1665.92617988	
-5.4452995569	-1665.92620825	
-5.44673737167	-1665.9262366	
-5.44817312209	-1665.92626495	
-5.44960681409	-1665.92629328	
-5.45103845357	-1665.92632161	
-5.45246804638	-1665.92634992	
-5.45389559837	-1665.92637822	
-5.45532111536	-1665.92640651	
-5.45674460314	-1665.92643479	
-5.45816606749	-1665.92646306	
-5.45958551414	-1665.92649131	
-5.46100294883	-1665.92651956	
-5.46241837723	-1665.92654779	
-5.46383180503	-1665.92657601	
-5.46524323786	-1665.92660422	
-5.46665268137	-1665.92663242	
-5.46806014114	-1665.9266606	
-5.46946562274	-1665.92668877	
-5.47086913175	-1665.92671693	
-5.47227067367	-1665.92674508	
-5.47367025403	-1665.92677321	
-5.47506787829	-1665.92680134	
-5.47646355193	-1665.92682944	
-5.47785728038	-1665.92685754	
-5.47924906905	-1665.92688562	
-5.48063892334	-1665.92691369	
-5.48202684862	-1665.92694175	
-5.48341285022	-1665.92696979	
-5.48479693349	-1665.92699783	
-5.48617910372	-1665.92702584	
-5.48755936619	-1665.92705385	
-5.48893772616	-1665.92708184	
-5.49031418887	-1665.92710981	
-5.49168875953	-1665.92713777	
-5.49306144334	-1665.92716572	
-5.49443224547	-1665.92719366	
-5.49580117108	-1665.92722158	
-5.49716822529	-1665.92724949	
-5.49853341322	-1665.92727738	
-5.49989673995	-1665.92730526	
-5.50125821054	-1665.92733312	
-5.50261783006	-1665.92736097	
-5.50397560352	-1665.92738881	
-5.50533153593	-1665.92741663	
-5.50668563228	-1665.92744444	
-5.50803789753	-1665.92747223	
-5.50938833663	-1665.92750001	
-5.5107369545	-1665.92752777	
-5.51208375605	-1665.92755551	
-5.51342874616	-1665.92758325	
-5.51477192971	-1665.92761097	
-5.51611331154	-1665.92763867	
-5.51745289646	-1665.92766636	
-5.51879068931	-1665.92769403	
-5.52012669485	-1665.92772168	
-5.52146091786	-1665.92774933	
-5.5227933631	-1665.92777695	
-5.52412403528	-1665.92780456	
-5.52545293913	-1665.92783216	
-5.52678007934	-1665.92785974	
-5.52810546058	-1665.9278873	
-5.52942908751	-1665.92791485	
-5.53075096477	-1665.92794238	
-5.53207109697	-1665.9279699	
-5.53338948873	-1665.9279974	
-5.53470614461	-1665.92802488	
-5.53602106919	-1665.92805235	
-5.53733426702	-1665.92807981	
-5.53864574262	-1665.92810724	
-5.5399555005	-1665.92813466	
-5.54126354516	-1665.92816207	
-5.54256988107	-1665.92818945	
-5.5438745127	-1665.92821683	
-5.54517744448	-1665.92824418	
-5.54647868084	-1665.92827152	
-5.54777822618	-1665.92829884	
-5.5490760849	-1665.92832615	
-5.55037226136	-1665.92835344	
-5.55166675992	-1665.92838071	
-5.55295958492	-1665.92840796	
-5.55425074069	-1665.9284352	
-5.55554023152	-1665.92846243	
-5.5568280617	-1665.92848963	
-5.55811423551	-1665.92851682	
-5.5593987572	-1665.92854399	
-5.56068163102	-1665.92857114	
-5.56196286117	-1665.92859828	
-5.56324245188	-1665.9286254	
-5.56452040732	-1665.9286525	
-5.56579673168	-1665.92867959	
-5.56707142911	-1665.92870666	
-5.56834450376	-1665.92873371	
-5.56961595975	-1665.92876074	
-5.57088580119	-1665.92878776	
-5.57215403218	-1665.92881476	
-5.57342065679	-1665.92884174	
-5.5746856791	-1665.92886871	
-5.57594910315	-1665.92889565	
-5.57721093297	-1665.92892258	
-5.57847117258	-1665.92894949	
-5.57972982599	-1665.92897639	
-5.58098689718	-1665.92900326	
-5.58224239012	-1665.92903012	
-5.58349630878	-1665.92905696	
-5.5847486571	-1665.92908378	
-5.585999439	-1665.92911059	
-5.5872486584	-1665.92913738	
-5.5884963192	-1665.92916414	
-5.58974242528	-1665.9291909	
-5.59098698051	-1665.92921763	
-5.59222998875	-1665.92924434	
-5.59347145384	-1665.92927104	
-5.5947113796	-1665.92929772	
-5.59594976985	-1665.92932438	
-5.59718662839	-1665.92935102	
-5.598421959	-1665.92937765	
-5.59965576545	-1665.92940425	
-5.60088805149	-1665.92943084	
-5.60211882088	-1665.92945741	
-5.60334807733	-1665.92948396	
-5.60457582457	-1665.9295105	
-5.6058020663	-1665.92953701	
-5.60702680619	-1665.92956351	
-5.60825004793	-1665.92958998	
-5.60947179518	-1665.92961644	
-5.61069205159	-1665.92964288	
-5.61191082078	-1665.92966931	
-5.61312810639	-1665.92969571	
-5.61434391201	-1665.9297221	
-5.61555824124	-1665.92974846	
-5.61677109767	-1665.92977481	
-5.61798248485	-1665.92980114	
-5.61919240636	-1665.92982745	
-5.62040086572	-1665.92985374	
-5.62160786647	-1665.92988001	
-5.62281341212	-1665.92990627	
-5.62401750619	-1665.9299325	
-5.62522015215	-1665.92995872	
-5.6264213535	-1665.92998492	
-5.62762111369	-1665.9300111	
-5.62881943618	-1665.93003726	
-5.63001632442	-1665.9300634	
-5.63121178182	-1665.93008952	
-5.63240581181	-1665.93011562	
-5.6335984178	-1665.93014171	
-5.63478960317	-1665.93016777	
-5.6359793713	-1665.93019382	
-5.63716772557	-1665.93021985	
-5.63835466933	-1665.93024585	
-5.63954020593	-1665.93027184	
-5.64072433869	-1665.93029781	
-5.64190707094	-1665.93032376	
-5.64308840598	-1665.93034969	
-5.64426834712	-1665.93037561	
-5.64544689764	-1665.9304015	
-5.64662406082	-1665.93042737	
-5.64779983991	-1665.93045323	
-5.64897423816	-1665.93047906	
-5.65014725882	-1665.93050488	
-5.65131890512	-1665.93053068	
-5.65248918027	-1665.93055646	
-5.65365808747	-1665.93058221	
-5.65482562993	-1665.93060795	
-5.65599181082	-1665.93063367	
-5.65715663332	-1665.93065937	
-5.65832010058	-1665.93068505	
-5.65948221576	-1665.93071072	
-5.660642982	-1665.93073636	
-5.66180240242	-1665.93076198	
-5.66296048014	-1665.93078758	
-5.66411721826	-1665.93081317	
-5.66527261989	-1665.93083873	
-5.66642668811	-1665.93086428	
-5.66757942599	-1665.9308898	
-5.6687308366	-1665.93091531	
-5.66988092298	-1665.93094079	
-5.67102968818	-1665.93096626	
-5.67217713524	-1665.93099171	
-5.67332326717	-1665.93101714	
-5.67446808699	-1665.93104254	
-5.67561159769	-1665.93106793	
-5.67675380227	-1665.9310933	
-5.6778947037	-1665.93111865	
-5.67903430497	-1665.93114398	
-5.68017260902	-1665.93116929	
-5.6813096188	-1665.93119458	
-5.68244533727	-1665.93121985	
-5.68357976734	-1665.93124511	
-5.68471291194	-1665.93127034	
-5.68584477397	-1665.93129555	
-5.68697535634	-1665.93132074	
-5.68810466194	-1665.93134591	
-5.68923269364	-1665.93137107	
-5.69035945432	-1665.9313962	
-5.69148494685	-1665.93142131	
-5.69260917406	-1665.93144641	
-5.6937321388	-1665.93147148	
-5.69485384391	-1665.93149654	
-5.69597429221	-1665.93152157	
-5.69709348651	-1665.93154659	
-5.69821142961	-1665.93157158	
-5.69932812431	-1665.93159656	
-5.70044357339	-1665.93162151	
-5.70155777963	-1665.93164645	
-5.7026707458	-1665.93167137	
-5.70378247466	-1665.93169626	
-5.70489296894	-1665.93172114	
-5.70600223139	-1665.931746	
-5.70711026475	-1665.93177083	
-5.70821707172	-1665.93179565	
-5.70932265503	-1665.93182045	
-5.71042701737	-1665.93184523	
-5.71153016145	-1665.93186998	
-5.71263208993	-1665.93189472	
-5.71373280551	-1665.93191944	
-5.71483231084	-1665.93194414	
-5.71593060859	-1665.93196882	
-5.71702770141	-1665.93199347	
-5.71812359193	-1665.93201811	
-5.71921828279	-1665.93204273	
-5.72031177661	-1665.93206733	
-5.72140407601	-1665.93209191	
-5.72249518359	-1665.93211647	
-5.72358510195	-1665.93214101	
-5.72467383369	-1665.93216553	
-5.72576138137	-1665.93219003	
-5.72684774759	-1665.93221451	
-5.72793293489	-1665.93223897	
-5.72901694583	-1665.93226341	
-5.73009978297	-1665.93228783	
-5.73118144884	-1665.93231223	
-5.73226194598	-1665.93233661	
-5.7333412769	-1665.93236097	
-5.73441944412	-1665.93238531	
-5.73549645015	-1665.93240964	
-5.73657229748	-1665.93243394	
-5.73764698861	-1665.93245822	
-5.73872052602	-1665.93248248	
-5.73979291218	-1665.93250672	
-5.74086414956	-1665.93253094	
-5.74193424062	-1665.93255515	
-5.74300318781	-1665.93257933	
-5.74407099357	-1665.93260349	
-5.74513766034	-1665.93262763	
-5.74620319054	-1665.93265175	
-5.7472675866	-1665.93267586	
-5.74833085092	-1665.93269994	
-5.74939298591	-1665.932724	
-5.75045399397	-1665.93274805	
-5.75151387748	-1665.93277207	
-5.75257263883	-1665.93279607	
-5.75363028038	-1665.93282006	
-5.75468680452	-1665.93284402	
-5.75574221359	-1665.93286796	
-5.75679650994	-1665.93289189	
-5.75784969593	-1665.93291579	
-5.75890177388	-1665.93293968	
-5.75995274612	-1665.93296354	
-5.76100261499	-1665.93298739	
-5.76205138278	-1665.93301121	
-5.76309905181	-1665.93303502	
-5.76414562438	-1665.9330588	
-5.76519110278	-1665.93308257	
-5.7662354893	-1665.93310631	
-5.76727878622	-1665.93313004	
-5.76832099579	-1665.93315374	
-5.7693621203	-1665.93317743	
-5.770402162	-1665.9332011	
-5.77144112313	-1665.93322474	
-5.77247900594	-1665.93324837	
-5.77351581267	-1665.93327198	
-5.77455154554	-1665.93329557	
-5.77558620679	-1665.93331913	
-5.77661979861	-1665.93334268	
-5.77765232322	-1665.93336621	
-5.77868378283	-1665.93338972	
-5.77971417962	-1665.93341321	
-5.78074351579	-1665.93343667	
-5.78177179352	-1665.93346012	
-5.78279901497	-1665.93348355	
-5.78382518233	-1665.93350696	
-5.78485029774	-1665.93353035	
-5.78587436337	-1665.93355372	
-5.78689738137	-1665.93357707	
-5.78791935386	-1665.9336004	
-5.788940283	-1665.93362372	
-5.7899601709	-1665.93364701	
-5.79097901969	-1665.93367028	
-5.79199683148	-1665.93369353	
-5.79301360838	-1665.93371676	
-5.7940293525	-1665.93373998	
-5.79504406593	-1665.93376317	
-5.79605775077	-1665.93378634	
-5.79707040908	-1665.9338095	
-5.79808204295	-1665.93383263	
-5.79909265446	-1665.93385574	
-5.80010224566	-1665.93387884	
-5.80111081862	-1665.93390192	
-5.80211837538	-1665.93392497	
-5.80312491799	-1665.93394801	
-5.80413044849	-1665.93397102	
-5.80513496892	-1665.93399402	
-5.80613848129	-1665.934017	
-5.80714098764	-1665.93403996	
-5.80814248998	-1665.93406289	
-5.80914299031	-1665.93408581	
