-7.797181640147028414e-01
-4.957767533345718292e-01
-8.978351861514037857e-01
2.495327717676152357e+00
-3.602207782363859856e-01
2.461313317689895808e+00
-6.804753972236130544e-01
-3.401584364086364776e+00
-3.766489325729780013e+00
-5.784068862180010484e+00
-4.432412577487577110e+00
-4.327252291873234569e+00
-6.222935394397268283e+00
-6.618400627571903172e+00
-5.322513641487188529e+00
-5.043212717330657568e+00
-6.561397097632437614e+00
-5.389110550216853923e+00
-5.377558024116172675e+00
-6.843058310350556006e+00
