#Site	lnL	
0	-16.4282820626
1	-12.5903062512
2	-12.870190906
3	-7.61023034821
4	-16.0259327758
5	-8.73432898017
6	-10.8935131588
7	-12.2074725003
8	-11.8480921567
9	-17.0975722779
10	-9.78090384061
11	-7.86427001186
12	-29.4578303559
13	-14.0548440705
14	-7.53614162063
15	-32.6664662691
16	-14.4894750688
17	-12.2419506887
18	-14.4148174596
19	-10.4759988216
20	-10.2812906635
21	-11.6972815009
22	-16.3803579882
23	-7.86427001186
24	-11.8649019472
25	-8.43598116084
26	-11.6938712297
27	-10.1985310705
28	-8.84219997918
29	-17.3564233884
30	-6.92393048829
31	-20.0480173963
32	-8.00160269465
33	-9.58966879361
34	-6.95042642005
35	-7.20500691576
36	-7.70039149958
37	-10.7525705314
38	-14.8439959863
39	-7.70039149958
40	-11.0042410894
41	-21.0502761757
42	-15.6777100757
43	-17.1099347773
44	-24.4011471406
45	-12.080391584
46	-14.8987562808
47	-24.3436542107
48	-7.70039149958
49	-12.2456313863
50	-9.78090384061
51	-9.63445319486
52	-8.00160269465
53	-12.2984242668
54	-7.20500691576
55	-14.9677912847
56	-25.7215917696
57	-13.9659673422
58	-18.4397507106
59	-11.4560369645
60	-23.5942062362
61	-8.79091820393
62	-12.2985742801
63	-12.6448671066
64	-20.4790268784
65	-7.53614162063
66	-14.0773046834
67	-11.9634965708
68	-18.7548842834
69	-11.4186825783
70	-6.92393048829
71	-19.5133693727
72	-20.3347135308
73	-16.5446696934
74	-8.05288567783
75	-16.0917599668
76	-8.71062291082
77	-13.7984674034
78	-12.7692895536
79	-22.9435276301
80	-16.5601956553
81	-15.4585615448
82	-8.79928585076
83	-13.0024752562
84	-11.4252791249
85	-15.8378612307
86	-11.9202495322
87	-16.6104441646
88	-7.94452022407
89	-8.68814840307
90	-7.63714491131
91	-35.9850963142
92	-20.3964067325
93	-7.53614162063
94	-14.6102844822
95	-11.7331844239
96	-16.4631890563
97	-13.4815282841
98	-15.0633027499
99	-18.9306028659
100	-7.86427001186
101	-12.3002227644
102	-24.4891180428
103	-8.34619128257
104	-7.70039149958
105	-11.0492332047
106	-11.7716416016
107	-10.7971831246
108	-13.4213392005
109	-12.7035134233
110	-13.8791395478
111	-14.2128985449
112	-11.6621787639
113	-16.0934023569
114	-10.513625376
115	-17.2470006569
116	-16.3824537564
117	-16.1002777114
118	-8.78227751989
119	-8.01861113832
120	-12.9633085681
121	-19.5030298762
122	-28.0830960005
123	-11.225551422
124	-11.4306990292
125	-11.8934250171
126	-15.5467125063
127	-11.6624277083
128	-12.0179109767
129	-11.3024076488
130	-12.2530771526
131	-17.5345709466
132	-11.3224607523
133	-10.4365761258
134	-13.4299228986
135	-7.63714491131
136	-23.5673615395
137	-17.7560690945
138	-14.7855683083
139	-17.4551958762
140	-17.1570867545
141	-25.595261812
142	-15.5744924589
143	-13.2046505399
144	-9.66789890931
145	-14.4066392079
146	-13.090207285
147	-27.1286357773
148	-12.6569602165
149	-18.205885789
150	-16.0641300729
151	-12.9210715783
152	-12.2842508945
153	-18.4885139689
154	-22.4189156371
155	-14.0864691962
156	-19.4120194592
157	-18.2743290327
158	-14.3954417858
159	-15.6538257064
160	-32.7874528063
161	-17.2917293844
162	-17.6222369194
