# log_p 	 lnL 	 
0.0	-1617.48209394	
-0.287682072452	-1617.4138334	
-0.510825623766	-1617.38158152	
-0.69314718056	-1617.3640005	
-0.847297860387	-1617.35174254	
-0.980829253012	-1617.34077201	
-1.09861228867	-1617.32944173	
-1.20397280433	-1617.31718857	
-1.29928298413	-1617.30393353	
-1.38629436112	-1617.28979935	
-1.46633706879	-1617.27497678	
-1.54044504095	-1617.25966247	
-1.60943791243	-1617.24403208	
-1.67397643357	-1617.22823068	
-1.73460105539	-1617.21237157	
-1.79175946923	-1617.19653883	
-1.8458266905	-1617.18079138	
-1.89711998489	-1617.16516739	
-1.94591014906	-1617.14968853	
-1.99243016469	-1617.13436366	
-2.03688192726	-1617.11919213	
-2.07944154168	-1617.10416641	
-2.1202635362	-1617.08927431	
-2.15948424935	-1617.07450076	
-2.19722457734	-1617.05982916	
-2.23359222151	-1617.04524248	
-2.26868354132	-1617.03072402	
-2.30258509299	-1617.01625801	
-2.33537491582	-1617.00183003	
-2.36712361413	-1616.98742721	
-2.3978952728	-1616.97303844	
-2.42774823595	-1616.95865442	
-2.45673577282	-1616.94426761	
-2.48490664979	-1616.92987225	
-2.51230562398	-1616.91546422	
-2.53897387106	-1616.90104096	
-2.56494935746	-1616.88660132	
-2.59026716545	-1616.87214545	
-2.61495977804	-1616.85767465	
-2.63905732962	-1616.84319124	
-2.66258782703	-1616.82869842	
-2.68557734525	-1616.81420014	
-2.7080502011	-1616.799701	
-2.73002910782	-1616.78520613	
-2.75153531304	-1616.77072107	
-2.77258872224	-1616.75625169	
-2.79320800944	-1616.74180412	
-2.81341071676	-1616.72738464	
-2.83321334406	-1616.71299966	
-2.85263142991	-1616.69865559	
-2.87167962488	-1616.68435887	
-2.8903717579	-1616.67011586	
-2.90872089656	-1616.65593281	
-2.92673940207	-1616.64181586	
-2.94443897917	-1616.62777099	
-2.96183072188	-1616.61380398	
-2.97892515524	-1616.59992041	
-2.99573227355	-1616.58612566	
-3.01226157551	-1616.57242486	
-3.02852209638	-1616.55882291	
-3.04452243772	-1616.54532444	
-3.06027079469	-1616.53193387	
-3.07577498123	-1616.51865533	
-3.09104245336	-1616.50549273	
-3.10608033072	-1616.49244969	
-3.12089541651	-1616.47952962	
-3.13549421593	-1616.46673567	
-3.14988295338	-1616.45407073	
-3.16406758837	-1616.4415375	
-3.17805383035	-1616.42913841	
-3.19184715248	-1616.41687569	
-3.20545280454	-1616.40475135	
-3.21887582487	-1616.3927672	
-3.23212105162	-1616.38092485	
-3.24519313319	-1616.36922571	
-3.25809653802	-1616.35767102	
-3.2708355638	-1616.34626183	
-3.28341434601	-1616.33499903	
-3.295836866	-1616.32388336	
-3.3081069586	-1616.31291539	
-3.32022831913	-1616.30209556	
-3.33220451018	-1616.29142417	
-3.34403896782	-1616.28090138	
-3.35573500759	-1616.27052725	
-3.36729582999	-1616.2603017	
-3.37872452581	-1616.25022456	
-3.39002408106	-1616.24029555	
-3.40119738166	-1616.23051429	
-3.41224721785	-1616.22088031	
-3.42317628838	-1616.21139307	
-3.43398720449	-1616.20205193	
-3.4446824936	-1616.19285619	
-3.45526460293	-1616.18380508	
-3.4657359028	-1616.17489776	
-3.47609868984	-1616.16613333	
-3.48635519	-1616.15751085	
-3.49650756147	-1616.14902932	
-3.50655789732	-1616.14068768	
-3.51650822817	-1616.13248484	
-3.52636052462	-1616.12441968	
-3.53611669956	-1616.11649103	
-3.54577861047	-1616.10869769	
-3.55534806149	-1616.10103844	
-3.56482680544	-1616.09351201	
-3.57421654579	-1616.08611713	
-3.58351893846	-1616.0788525	
-3.59273559356	-1616.07171681	
-3.60186807712	-1616.06470871	
-3.61091791264	-1616.05782685	
-3.61988658263	-1616.05106989	
-3.62877553004	-1616.04443643	
-3.63758615973	-1616.03792511	
-3.6463198397	-1616.03153453	
-3.65497790244	-1616.0252633	
-3.66356164613	-1616.01911003	
-3.6720723358	-1616.01307332	
-3.68051120444	-1616.00715176	
-3.68887945411	-1616.00134397	
-3.69717825693	-1615.99564853	
-3.70540875607	-1615.99006406	
-3.7135720667	-1615.98458917	
-3.72166927694	-1615.97922246	
-3.72970144863	-1615.97396256	
-3.73766961828	-1615.96880808	
-3.74557479779	-1615.96375767	
-3.75341797525	-1615.95880995	
-3.76120011569	-1615.95396358	
-3.76892216179	-1615.94921721	
-3.77658503453	-1615.94456951	
-3.78418963392	-1615.94001914	
-3.79173683955	-1615.9355648	
-3.79922751128	-1615.93120519	
-3.80666248977	-1615.926939	
-3.81404259707	-1615.92276495	
-3.82136863716	-1615.91868178	
-3.82864139649	-1615.91468824	
-3.83586164446	-1615.91078306	
-3.84303013394	-1615.90696502	
-3.85014760171	-1615.9032329	
-3.85721476893	-1615.89958549	
-3.86423234159	-1615.8960216	
-3.87120101091	-1615.89254004	
-3.87812145375	-1615.88913964	
-3.88499433304	-1615.88581926	
-3.89182029811	-1615.88257774	
-3.8985999851	-1615.87941397	
-3.90533401728	-1615.87632682	
-3.91202300543	-1615.8733152	
-3.91866754815	-1615.87037801	
-3.92526823218	-1615.86751418	
-3.93182563272	-1615.86472266	
-3.93834031375	-1615.86200238	
-3.94481282825	-1615.85935233	
-3.95124371858	-1615.85677148	
-3.95763351668	-1615.85425882	
-3.96398274436	-1615.85181336	
-3.97029191355	-1615.84943412	
-3.97656152657	-1615.84712012	
-3.98279207632	-1615.84487043	
-3.98898404656	-1615.84268408	
-3.99513791214	-1615.84056016	
-4.00125413916	-1615.83849775	
-4.00733318523	-1615.83649595	
-4.01337549969	-1615.83455386	
-4.01938152375	-1615.83267061	
-4.02535169074	-1615.83084533	
-4.03128642625	-1615.82907716	
-4.03718614838	-1615.82736527	
-4.04305126783	-1615.82570883	
-4.04888218815	-1615.82410701	
-4.05467930583	-1615.82255902	
-4.06044301055	-1615.82106405	
-4.06617368526	-1615.81962133	
-4.07187170637	-1615.81823008	
-4.07753744391	-1615.81688954	
-4.08317126162	-1615.81559897	
-4.08877351717	-1615.81435761	
-4.09434456222	-1615.81316476	
-4.0998847426	-1615.81201968	
-4.10539439841	-1615.81092167	
-4.11087386417	-1615.80987004	
-4.11632346894	-1615.8088641	
-4.12174353641	-1615.80790317	
-4.12713438505	-1615.8069866	
-4.13249632819	-1615.80611371	
-4.13782967416	-1615.80528387	
-4.14313472639	-1615.80449644	
-4.14841178349	-1615.8037508	
-4.15366113938	-1615.80304632	
-4.15888308336	-1615.80238239	
-4.16407790024	-1615.80175842	
-4.1692458704	-1615.80117382	
-4.1743872699	-1615.800628	
-4.17950237056	-1615.80012039	
-4.18459144007	-1615.79965043	
-4.18965474203	-1615.79921756	
-4.19469253606	-1615.79882123	
-4.19970507788	-1615.79846091	
-4.20469261939	-1615.79813605	
-4.20965540873	-1615.79784615	
-4.21459369037	-1615.79759068	
-4.21950770518	-1615.79736913	
-4.22439769047	-1615.79718101	
-4.22926388012	-1615.79702582	
-4.2341065046	-1615.79690308	
-4.23892579103	-1615.79681231	
-4.2437219633	-1615.79675303	
-4.24849524205	-1615.79672479	
-4.25324584481	-1615.79672712	
-4.257973986	-1615.79675958	
-4.26267987704	-1615.79682172	
-4.26736372635	-1615.79691311	
-4.27202573946	-1615.79703332	
-4.27666611902	-1615.79718191	
-4.28128506487	-1615.79735849	
-4.28588277412	-1615.79756262	
-4.29045944115	-1615.79779392	
-4.29501525768	-1615.79805198	
-4.29955041285	-1615.7983364	
-4.3040650932	-1615.7986468	
-4.30855948279	-1615.7989828	
-4.31303376319	-1615.79934403	
-4.31748811354	-1615.7997301	
-4.3219227106	-1615.80014067	
-4.32633772881	-1615.80057536	
-4.33073334029	-1615.80103383	
-4.33510971489	-1615.80151572	
-4.33946702026	-1615.8020207	
-4.34380542185	-1615.80254842	
-4.348125083	-1615.80309855	
-4.3524261649	-1615.80367077	
-4.35670882669	-1615.80426474	
-4.36097322548	-1615.80488016	
-4.36521951636	-1615.8055167	
-4.36944785247	-1615.80617406	
-4.373658385	-1615.80685193	
-4.37785126326	-1615.80755002	
-4.38202663467	-1615.80826802	
-4.38618464482	-1615.80900564	
-4.39032543749	-1615.8097626	
-4.39444915467	-1615.81053862	
-4.39855593663	-1615.81133341	
-4.40264592188	-1615.8121467	
-4.40671924726	-1615.81297822	
-4.41077604796	-1615.8138277	
-4.4148164575	-1615.81469488	
-4.4188406078	-1615.8155795	
-4.42284862919	-1615.81648131	
-4.42684065046	-1615.81740005	
-4.43081679884	-1615.81833547	
-4.43477720006	-1615.81928733	
-4.43872197835	-1615.8202554	
-4.44265125649	-1615.82123942	
-4.44656515581	-1615.82223918	
-4.45046379623	-1615.82325443	
-4.45434729625	-1615.82428495	
-4.45821577303	-1615.82533052	
-4.46206934235	-1615.82639092	
-4.46590811865	-1615.82746592	
-4.46973221509	-1615.82855532	
-4.47354174351	-1615.8296589	
-4.47733681448	-1615.83077645	
-4.48111753732	-1615.83190777	
-4.48488402011	-1615.83305266	
-4.48863636973	-1615.83421091	
-4.49237469184	-1615.83538234	
-4.49609909093	-1615.83656674	
-4.49980967033	-1615.83776392	
-4.50350653221	-1615.8389737	
-4.50718977763	-1615.84019589	
-4.51085950652	-1615.84143031	
-4.51451581772	-1615.84267678	
-4.518158809	-1615.84393512	
-4.52178857705	-1615.84520514	
-4.52540521752	-1615.84648669	
-4.52900882502	-1615.84777959	
-4.53259949315	-1615.84908368	
-4.5361773145	-1615.85039878	
-4.53974238067	-1615.85172473	
-4.54329478227	-1615.85306137	
-4.54683460898	-1615.85440855	
-4.55036194949	-1615.8557661	
-4.5538768916	-1615.85713387	
-4.55737952215	-1615.85851171	
-4.56086992709	-1615.85989948	
-4.56434819147	-1615.86129701	
-4.56781439944	-1615.86270417	
-4.57126863431	-1615.86412081	
-4.5747109785	-1615.86554679	
-4.5781415136	-1615.86698196	
-4.58156032035	-1615.8684262	
-4.58496747867	-1615.86987937	
-4.58836306767	-1615.87134132	
-4.59174716566	-1615.87281193	
-4.59511985013	-1615.87429107	
-4.59848119784	-1615.87577861	
-4.60183128472	-1615.87727442	
-4.60517018599	-1615.87877837	
-4.60849797608	-1615.88029035	
-4.61181472871	-1615.88181023	
-4.61512051684	-1615.88333789	
-4.61841541274	-1615.88487321	
-4.62169948794	-1615.88641608	
-4.62497281328	-1615.88796637	
-4.62823545892	-1615.88952399	
-4.63148749431	-1615.8910888	
-4.63472898823	-1615.89266071	
-4.63796000881	-1615.8942396	
-4.64118062351	-1615.89582537	
-4.64439089914	-1615.8974179	
-4.64759090187	-1615.8990171	
-4.65078069724	-1615.90062287	
-4.65396035016	-1615.90223509	
-4.65712992492	-1615.90385367	
-4.66028948521	-1615.90547851	
-4.66343909411	-1615.90710951	
-4.66657881412	-1615.90874657	
-4.66970870713	-1615.91038961	
-4.67282883446	-1615.91203852	
-4.67593925688	-1615.91369321	
-4.67904003455	-1615.91535359	
-4.68213122712	-1615.91701958	
-4.68521289366	-1615.91869107	
-4.6882850927	-1615.92036799	
-4.69134788223	-1615.92205025	
-4.69440131972	-1615.92373775	
-4.6974454621	-1615.92543043	
-4.70048036579	-1615.92712818	
-4.70350608671	-1615.92883094	
-4.70652268025	-1615.93053862	
-4.70953020131	-1615.93225113	
-4.71252870431	-1615.93396841	
-4.71551824316	-1615.93569037	
-4.7184988713	-1615.93741694	
-4.72147064168	-1615.93914803	
-4.72443360681	-1615.94088358	
-4.72738781871	-1615.94262351	
-4.73033332894	-1615.94436775	
-4.73327018862	-1615.94611622	
-4.73619844839	-1615.94786886	
-4.7391181585	-1615.9496256	
-4.74202936871	-1615.95138636	
-4.74493212836	-1615.95315107	
-4.74782648639	-1615.95491968	
-4.75071249128	-1615.95669211	
-4.75359019111	-1615.95846829	
-4.75645963353	-1615.96024817	
-4.75932086582	-1615.96203168	
-4.7621739348	-1615.96381875	
-4.76501888693	-1615.96560933	
-4.76785576827	-1615.96740335	
-4.77068462447	-1615.96920074	
-4.77350550081	-1615.97100146	
-4.77631844218	-1615.97280544	
-4.77912349311	-1615.97461263	
-4.78192069773	-1615.97642296	
-4.78471009982	-1615.97823638	
-4.78749174278	-1615.98005283	
-4.79026566966	-1615.98187226	
-4.79303192316	-1615.98369461	
-4.7957905456	-1615.98551983	
-4.79854157897	-1615.98734786	
-4.80128506491	-1615.98917866	
-4.80402104473	-1615.99101216	
-4.80674955939	-1615.99284833	
-4.8094706495	-1615.9946871	
-4.81218435537	-1615.99652844	
-4.81489071697	-1615.99837228	
-4.81758977394	-1616.00021858	
-4.82028156561	-1616.0020673	
-4.82296613098	-1616.00391838	
-4.82564350875	-1616.00577178	
-4.8283137373	-1616.00762745	
-4.83097685472	-1616.00948534	
-4.83363289878	-1616.01134542	
-4.83628190695	-1616.01320763	
-4.83892391641	-1616.01507194	
-4.84155896405	-1616.01693829	
-4.84418708646	-1616.01880665	
-4.84680831994	-1616.02067698	
-4.84942270051	-1616.02254922	
-4.85203026392	-1616.02442335	
-4.85463104562	-1616.02629932	
-4.8572250808	-1616.02817708	
-4.85981240436	-1616.03005661	
-4.86239305096	-1616.03193786	
-4.86496705495	-1616.03382079	
-4.86753445046	-1616.03570536	
-4.87009527132	-1616.03759154	
-4.87264955112	-1616.03947929	
-4.8751973232	-1616.04136857	
-4.87773862063	-1616.04325935	
-4.88027347623	-1616.04515159	
-4.88280192259	-1616.04704525	
-4.88532399202	-1616.0489403	
-4.88783971662	-1616.0508367	
-4.89034912822	-1616.05273443	
-4.89285225844	-1616.05463344	
-4.89534913864	-1616.05653371	
-4.89783979995	-1616.0584352	
-4.90032427328	-1616.06033788	
-4.90280258929	-1616.06224171	
-4.90527477844	-1616.06414667	
-4.90774087093	-1616.06605272	
-4.91020089677	-1616.06795984	
-4.91265488574	-1616.06986799	
-4.91510286737	-1616.07177714	
-4.91754487103	-1616.07368726	
-4.91998092583	-1616.07559833	
-4.92241106068	-1616.07751031	
-4.92483530429	-1616.07942318	
-4.92725368516	-1616.0813369	
-4.92966623156	-1616.08325146	
-4.93207297159	-1616.08516681	
-4.93447393313	-1616.08708294	
-4.93686914386	-1616.08899982	
-4.93925863125	-1616.09091742	
-4.94164242261	-1616.09283572	
-4.94402054501	-1616.09475469	
-4.94639302537	-1616.0966743	
-4.94875989038	-1616.09859453	
-4.95112116656	-1616.10051535	
-4.95347688026	-1616.10243674	
-4.9558270576	-1616.10435868	
-4.95817172456	-1616.10628114	
-4.96051090691	-1616.10820409	
-4.96284463026	-1616.11012752	
-4.96517292002	-1616.1120514	
-4.96749580144	-1616.11397571	
-4.96981329958	-1616.11590042	
-4.97212543933	-1616.11782551	
-4.97443224543	-1616.11975097	
-4.97673374242	-1616.12167677	
-4.97902995468	-1616.12360288	
-4.98132090643	-1616.12552929	
-4.98360662171	-1616.12745598	
-4.98588712441	-1616.12938292	
-4.98816243824	-1616.1313101	
-4.99043258678	-1616.13323749	
-4.99269759341	-1616.13516507	
-4.99495748138	-1616.13709283	
-4.99721227376	-1616.13902075	
-4.9994619935	-1616.1409488	
-5.00170666335	-1616.14287697	
-5.00394630595	-1616.14480524	
-5.00618094375	-1616.14673359	
-5.00841059907	-1616.148662	
-5.0106352941	-1616.15059046	
-5.01285505083	-1616.15251894	
-5.01506989116	-1616.15444743	
-5.01727983681	-1616.15637591	
-5.01948490937	-1616.15830437	
-5.02168513028	-1616.16023278	
-5.02388052085	-1616.16216113	
-5.02607110223	-1616.16408941	
-5.02825689545	-1616.1660176	
-5.03043792139	-1616.16794568	
-5.03261420082	-1616.16987363	
-5.03478575433	-1616.17180144	
-5.03695260241	-1616.1737291	
-5.03911476542	-1616.17565659	
-5.04127226356	-1616.17758389	
-5.04342511692	-1616.17951099	
-5.04557334546	-1616.18143788	
-5.047716969	-1616.18336453	
-5.04985600725	-1616.18529094	
-5.05199047978	-1616.18721709	
-5.05412040604	-1616.18914297	
-5.05624580535	-1616.19106857	
-5.05836669692	-1616.19299386	
-5.06048309982	-1616.19491884	
-5.06259503303	-1616.19684349	
-5.06470251537	-1616.1987678	
-5.06680556556	-1616.20069176	
-5.06890420222	-1616.20261535	
-5.07099844382	-1616.20453857	
-5.07308830874	-1616.20646139	
-5.07517381523	-1616.20838381	
-5.07725498144	-1616.21030581	
-5.07933182538	-1616.21222739	
-5.08140436498	-1616.21414852	
-5.08347261805	-1616.21606921	
-5.08553660227	-1616.21798943	
-5.08759633523	-1616.21990917	
-5.08965183441	-1616.22182843	
-5.09170311719	-1616.2237472	
-5.09375020081	-1616.22566545	
-5.09579310244	-1616.22758319	
-5.09783183913	-1616.22950039	
-5.09986642782	-1616.23141706	
-5.10189688537	-1616.23333317	
-5.10392322852	-1616.23524872	
-5.1059454739	-1616.2371637	
-5.10796363806	-1616.2390781	
-5.10997773743	-1616.24099191	
-5.11198778836	-1616.24290512	
-5.11399380708	-1616.24481771	
-5.11599580975	-1616.24672969	
-5.11799381242	-1616.24864103	
-5.11998783102	-1616.25055174	
-5.12197788143	-1616.25246179	
-5.1239639794	-1616.25437119	
-5.12594614061	-1616.25627992	
-5.12792438062	-1616.25818798	
-5.12989871492	-1616.26009535	
-5.13186915891	-1616.26200203	
-5.13383572788	-1616.263908	
-5.13579843705	-1616.26581327	
-5.13775730154	-1616.26771781	
-5.13971233637	-1616.26962163	
-5.1416635565	-1616.27152472	
-5.14361097679	-1616.27342706	
-5.145554612	-1616.27532865	
-5.14749447681	-1616.27722949	
-5.14943058584	-1616.27912955	
-5.15136295359	-1616.28102885	
-5.1532915945	-1616.28292736	
-5.15521652291	-1616.28482508	
-5.15713775309	-1616.28672201	
-5.15905529921	-1616.28861813	
-5.1609691754	-1616.29051344	
-5.16287939565	-1616.29240794	
-5.16478597392	-1616.29430161	
-5.16668892407	-1616.29619445	
-5.16858825987	-1616.29808645	
-5.17048399504	-1616.29997761	
-5.17237614319	-1616.30186792	
-5.17426471788	-1616.30375737	
-5.17614973257	-1616.30564595	
-5.17803120067	-1616.30753366	
-5.1799091355	-1616.3094205	
-5.18178355029	-1616.31130646	
-5.18365445823	-1616.31319152	
-5.1855218724	-1616.3150757	
-5.18738580584	-1616.31695897	
-5.18924627149	-1616.31884133	
-5.19110328224	-1616.32072278	
-5.19295685089	-1616.32260332	
-5.19480699018	-1616.32448293	
-5.19665371277	-1616.32636161	
-5.19849703127	-1616.32823936	
-5.20033695819	-1616.33011617	
-5.202173506	-1616.33199203	
-5.20400668708	-1616.33386694	
-5.20583651375	-1616.3357409	
-5.20766299828	-1616.3376139	
-5.20948615284	-1616.33948593	
-5.21130598956	-1616.34135699	
-5.21312252048	-1616.34322707	
-5.21493575761	-1616.34509618	
-5.21674571285	-1616.3469643	
-5.21855239808	-1616.34883143	
-5.22035582508	-1616.35069757	
-5.22215600558	-1616.35256271	
-5.22395295126	-1616.35442684	
-5.22574667371	-1616.35628997	
-5.22753718449	-1616.35815209	
-5.22932449506	-1616.36001319	
-5.23110861685	-1616.36187327	
-5.23288956123	-1616.36373232	
-5.23466733947	-1616.36559035	
-5.23644196283	-1616.36744734	
-5.23821344248	-1616.3693033	
-5.23998178954	-1616.37115822	
-5.24174701506	-1616.37301209	
-5.24350913005	-1616.37486492	
-5.24526814546	-1616.37671669	
-5.24702407216	-1616.37856741	
-5.24877692099	-1616.38041707	
-5.25052670271	-1616.38226566	
-5.25227342805	-1616.38411319	
-5.25401710765	-1616.38595965	
-5.25575775213	-1616.38780504	
-5.25749537203	-1616.38964935	
-5.25922997784	-1616.39149258	
-5.26096158	-1616.39333472	
-5.2626901889	-1616.39517578	
-5.26441581487	-1616.39701575	
-5.26613846818	-1616.39885463	
-5.26785815906	-1616.40069241	
-5.26957489768	-1616.40252909	
-5.27128869416	-1616.40436468	
-5.27299955856	-1616.40619915	
-5.27470750091	-1616.40803252	
-5.27641253116	-1616.40986478	
-5.27811465923	-1616.41169592	
-5.27981389498	-1616.41352595	
-5.28151024823	-1616.41535486	
-5.28320372874	-1616.41718265	
-5.28489434622	-1616.41900931	
-5.28658211033	-1616.42083485	
-5.28826703069	-1616.42265926	
-5.28994911688	-1616.42448254	
-5.2916283784	-1616.42630468	
-5.29330482472	-1616.42812568	
-5.29497846528	-1616.42994555	
-5.29664930945	-1616.43176428	
-5.29831736655	-1616.43358186	
-5.29998264587	-1616.4353983	
-5.30164515664	-1616.43721358	
-5.30330490806	-1616.43902772	
-5.30496190927	-1616.44084071	
-5.30661616936	-1616.44265254	
-5.3082676974	-1616.44446322	
-5.30991650239	-1616.44627273	
-5.3115625933	-1616.44808109	
-5.31320597904	-1616.44988828	
-5.3148466685	-1616.45169431	
-5.3164846705	-1616.45349917	
-5.31811999384	-1616.45530287	
-5.31975264727	-1616.45710539	
-5.32138263948	-1616.45890675	
-5.32300997914	-1616.46070693	
-5.32463467487	-1616.46250593	
-5.32625673524	-1616.46430376	
-5.32787616879	-1616.46610041	
-5.32949298402	-1616.46789588	
-5.33110718937	-1616.46969017	
-5.33271879327	-1616.47148327	
-5.33432780407	-1616.47327519	
-5.33593423012	-1616.47506592	
-5.3375380797	-1616.47685547	
-5.33913936107	-1616.47864383	
-5.34073808243	-1616.48043099	
-5.34233425196	-1616.48221697	
-5.3439278778	-1616.48400175	
-5.34551896803	-1616.48578533	
-5.34710753072	-1616.48756772	
-5.34869357387	-1616.48934892	
-5.35027710548	-1616.49112891	
-5.35185813348	-1616.49290771	
-5.35343666577	-1616.4946853	
-5.35501271022	-1616.49646169	
-5.35658627467	-1616.49823688	
-5.3581573669	-1616.50001087	
-5.35972599468	-1616.50178365	
-5.36129216571	-1616.50355522	
-5.36285588769	-1616.50532559	
-5.36441716825	-1616.50709475	
-5.36597601502	-1616.5088627	
-5.36753243557	-1616.51062944	
-5.36908643744	-1616.51239496	
-5.37063802813	-1616.51415928	
-5.37218721511	-1616.51592238	
-5.37373400583	-1616.51768427	
-5.37527840768	-1616.51944495	
-5.37682042804	-1616.52120441	
-5.37836007422	-1616.52296265	
-5.37989735354	-1616.52471968	
-5.38143227326	-1616.52647549	
-5.38296484061	-1616.52823008	
-5.38449506279	-1616.52998345	
-5.38602294697	-1616.53173561	
-5.38754850028	-1616.53348654	
-5.38907172982	-1616.53523625	
-5.39059264266	-1616.53698474	
-5.39211124583	-1616.53873201	
-5.39362754635	-1616.54047805	
-5.39514155118	-1616.54222287	
-5.39665326727	-1616.54396647	
-5.39816270152	-1616.54570884	
-5.39966986081	-1616.54744999	
-5.40117475199	-1616.54918992	
-5.40267738187	-1616.55092862	
-5.40417775725	-1616.55266609	
-5.40567588487	-1616.55440233	
-5.40717177146	-1616.55613735	
-5.40866542372	-1616.55787114	
-5.4101568483	-1616.55960371	
-5.41164605186	-1616.56133504	
-5.41313304098	-1616.56306515	
-5.41461782224	-1616.56479403	
-5.4161004022	-1616.56652168	
-5.41758078737	-1616.5682481	
-5.41905898424	-1616.5699733	
-5.42053499927	-1616.57169726	
-5.42200883889	-1616.57341999	
-5.4234805095	-1616.57514149	
-5.42495001748	-1616.57686177	
-5.42641736918	-1616.57858081	
-5.4278825709	-1616.58029862	
-5.42934562895	-1616.5820152	
-5.43080654959	-1616.58373055	
-5.43226533906	-1616.58544467	
-5.43372200355	-1616.58715756	
-5.43517654927	-1616.58886922	
-5.43662898235	-1616.59057964	
-5.43807930892	-1616.59228884	
-5.4395275351	-1616.5939968	
-5.44097366695	-1616.59570353	
-5.44241771052	-1616.59740903	
-5.44385967184	-1616.59911331	
-5.4452995569	-1616.60081634	
-5.44673737167	-1616.60251815	
-5.44817312209	-1616.60421873	
-5.44960681409	-1616.60591808	
-5.45103845357	-1616.60761619	
-5.45246804638	-1616.60931307	
-5.45389559837	-1616.61100873	
-5.45532111536	-1616.61270315	
-5.45674460314	-1616.61439634	
-5.45816606749	-1616.6160883	
-5.45958551414	-1616.61777904	
-5.46100294883	-1616.61946854	
-5.46241837723	-1616.62115681	
-5.46383180503	-1616.62284385	
-5.46524323786	-1616.62452967	
-5.46665268137	-1616.62621425	
-5.46806014114	-1616.6278976	
-5.46946562274	-1616.62957973	
-5.47086913175	-1616.63126063	
-5.47227067367	-1616.63294029	
-5.47367025403	-1616.63461874	
-5.47506787829	-1616.63629595	
-5.47646355193	-1616.63797193	
-5.47785728038	-1616.63964669	
-5.47924906905	-1616.64132022	
-5.48063892334	-1616.64299253	
-5.48202684862	-1616.64466361	
-5.48341285022	-1616.64633346	
-5.48479693349	-1616.64800209	
-5.48617910372	-1616.64966949	
-5.48755936619	-1616.65133567	
-5.48893772616	-1616.65300062	
-5.49031418887	-1616.65466435	
-5.49168875953	-1616.65632686	
-5.49306144334	-1616.65798814	
-5.49443224547	-1616.6596482	
-5.49580117108	-1616.66130704	
-5.49716822529	-1616.66296465	
-5.49853341322	-1616.66462105	
-5.49989673995	-1616.66627622	
-5.50125821054	-1616.66793017	
-5.50261783006	-1616.66958291	
-5.50397560352	-1616.67123442	
-5.50533153593	-1616.67288471	
-5.50668563228	-1616.67453379	
-5.50803789753	-1616.67618165	
-5.50938833663	-1616.67782829	
-5.5107369545	-1616.67947371	
-5.51208375605	-1616.68111792	
-5.51342874616	-1616.68276091	
-5.51477192971	-1616.68440268	
-5.51611331154	-1616.68604324	
-5.51745289646	-1616.68768259	
-5.51879068931	-1616.68932072	
-5.52012669485	-1616.69095764	
-5.52146091786	-1616.69259335	
-5.5227933631	-1616.69422784	
-5.52412403528	-1616.69586113	
-5.52545293913	-1616.6974932	
-5.52678007934	-1616.69912406	
-5.52810546058	-1616.70075371	
-5.52942908751	-1616.70238216	
-5.53075096477	-1616.70400939	
-5.53207109697	-1616.70563542	
-5.53338948873	-1616.70726024	
-5.53470614461	-1616.70888386	
-5.53602106919	-1616.71050626	
-5.53733426702	-1616.71212747	
-5.53864574262	-1616.71374747	
-5.5399555005	-1616.71536626	
-5.54126354516	-1616.71698386	
-5.54256988107	-1616.71860025	
-5.5438745127	-1616.72021544	
-5.54517744448	-1616.72182942	
-5.54647868084	-1616.72344221	
-5.54777822618	-1616.7250538	
-5.5490760849	-1616.72666419	
-5.55037226136	-1616.72827338	
-5.55166675992	-1616.72988137	
-5.55295958492	-1616.73148817	
-5.55425074069	-1616.73309377	
-5.55554023152	-1616.73469818	
-5.5568280617	-1616.73630139	
-5.55811423551	-1616.73790341	
-5.5593987572	-1616.73950424	
-5.56068163102	-1616.74110387	
-5.56196286117	-1616.74270231	
-5.56324245188	-1616.74429956	
-5.56452040732	-1616.74589562	
-5.56579673168	-1616.7474905	
-5.56707142911	-1616.74908418	
-5.56834450376	-1616.75067668	
-5.56961595975	-1616.75226799	
-5.57088580119	-1616.75385812	
-5.57215403218	-1616.75544706	
-5.57342065679	-1616.75703481	
-5.5746856791	-1616.75862138	
-5.57594910315	-1616.76020677	
-5.57721093297	-1616.76179098	
-5.57847117258	-1616.76337401	
-5.57972982599	-1616.76495586	
-5.58098689718	-1616.76653652	
-5.58224239012	-1616.76811601	
-5.58349630878	-1616.76969433	
-5.5847486571	-1616.77127146	
-5.585999439	-1616.77284742	
-5.5872486584	-1616.77442221	
-5.5884963192	-1616.77599582	
-5.58974242528	-1616.77756825	
-5.59098698051	-1616.77913952	
-5.59222998875	-1616.78070961	
-5.59347145384	-1616.78227853	
-5.5947113796	-1616.78384629	
-5.59594976985	-1616.78541287	
-5.59718662839	-1616.78697829	
-5.598421959	-1616.78854254	
-5.59965576545	-1616.79010562	
-5.60088805149	-1616.79166754	
-5.60211882088	-1616.79322829	
-5.60334807733	-1616.79478788	
-5.60457582457	-1616.7963463	
-5.6058020663	-1616.79790357	
-5.60702680619	-1616.79945967	
-5.60825004793	-1616.80101462	
-5.60947179518	-1616.8025684	
-5.61069205159	-1616.80412103	
-5.61191082078	-1616.8056725	
-5.61312810639	-1616.80722281	
-5.61434391201	-1616.80877197	
-5.61555824124	-1616.81031998	
-5.61677109767	-1616.81186683	
-5.61798248485	-1616.81341253	
-5.61919240636	-1616.81495707	
-5.62040086572	-1616.81650047	
-5.62160786647	-1616.81804272	
-5.62281341212	-1616.81958381	
-5.62401750619	-1616.82112376	
-5.62522015215	-1616.82266257	
-5.6264213535	-1616.82420022	
-5.62762111369	-1616.82573674	
-5.62881943618	-1616.82727211	
-5.63001632442	-1616.82880633	
-5.63121178182	-1616.83033941	
-5.63240581181	-1616.83187136	
-5.6335984178	-1616.83340216	
-5.63478960317	-1616.83493182	
-5.6359793713	-1616.83646035	
-5.63716772557	-1616.83798773	
-5.63835466933	-1616.83951399	
-5.63954020593	-1616.8410391	
-5.64072433869	-1616.84256308	
-5.64190707094	-1616.84408593	
-5.64308840598	-1616.84560765	
-5.64426834712	-1616.84712823	
-5.64544689764	-1616.84864769	
-5.64662406082	-1616.85016601	
-5.64779983991	-1616.85168321	
-5.64897423816	-1616.85319928	
-5.65014725882	-1616.85471422	
-5.65131890512	-1616.85622804	
-5.65248918027	-1616.85774073	
-5.65365808747	-1616.8592523	
-5.65482562993	-1616.86076275	
-5.65599181082	-1616.86227208	
-5.65715663332	-1616.86378028	
-5.65832010058	-1616.86528737	
-5.65948221576	-1616.86679334	
-5.660642982	-1616.86829819	
-5.66180240242	-1616.86980192	
-5.66296048014	-1616.87130454	
-5.66411721826	-1616.87280604	
-5.66527261989	-1616.87430643	
-5.66642668811	-1616.87580571	
-5.66757942599	-1616.87730388	
-5.6687308366	-1616.87880094	
-5.66988092298	-1616.88029688	
-5.67102968818	-1616.88179172	
-5.67217713524	-1616.88328546	
-5.67332326717	-1616.88477808	
-5.67446808699	-1616.8862696	
-5.67561159769	-1616.88776002	
-5.67675380227	-1616.88924933	
-5.6778947037	-1616.89073754	
-5.67903430497	-1616.89222465	
-5.68017260902	-1616.89371066	
-5.6813096188	-1616.89519557	
-5.68244533727	-1616.89667938	
-5.68357976734	-1616.8981621	
-5.68471291194	-1616.89964372	
-5.68584477397	-1616.90112424	
-5.68697535634	-1616.90260367	
-5.68810466194	-1616.90408201	
-5.68923269364	-1616.90555926	
-5.69035945432	-1616.90703541	
-5.69148494685	-1616.90851048	
-5.69260917406	-1616.90998445	
-5.6937321388	-1616.91145734	
-5.69485384391	-1616.91292914	
-5.69597429221	-1616.91439986	
-5.69709348651	-1616.91586949	
-5.69821142961	-1616.91733804	
-5.69932812431	-1616.91880551	
-5.70044357339	-1616.92027189	
-5.70155777963	-1616.92173719	
-5.7026707458	-1616.92320142	
-5.70378247466	-1616.92466456	
-5.70489296894	-1616.92612663	
-5.70600223139	-1616.92758762	
-5.70711026475	-1616.92904754	
-5.70821707172	-1616.93050638	
-5.70932265503	-1616.93196415	
-5.71042701737	-1616.93342085	
-5.71153016145	-1616.93487647	
-5.71263208993	-1616.93633103	
-5.71373280551	-1616.93778452	
-5.71483231084	-1616.93923693	
-5.71593060859	-1616.94068829	
-5.71702770141	-1616.94213857	
-5.71812359193	-1616.94358779	
-5.71921828279	-1616.94503595	
-5.72031177661	-1616.94648305	
-5.72140407601	-1616.94792908	
-5.72249518359	-1616.94937405	
-5.72358510195	-1616.95081796	
-5.72467383369	-1616.95226082	
-5.72576138137	-1616.95370261	
-5.72684774759	-1616.95514335	
-5.72793293489	-1616.95658304	
-5.72901694583	-1616.95802167	
-5.73009978297	-1616.95945925	
-5.73118144884	-1616.96089577	
-5.73226194598	-1616.96233124	
-5.7333412769	-1616.96376567	
-5.73441944412	-1616.96519904	
-5.73549645015	-1616.96663137	
-5.73657229748	-1616.96806265	
-5.73764698861	-1616.96949288	
-5.73872052602	-1616.97092207	
-5.73979291218	-1616.97235021	
-5.74086414956	-1616.97377731	
-5.74193424062	-1616.97520337	
-5.74300318781	-1616.97662839	
-5.74407099357	-1616.97805237	
-5.74513766034	-1616.97947531	
-5.74620319054	-1616.98089721	
-5.7472675866	-1616.98231808	
-5.74833085092	-1616.98373791	
-5.74939298591	-1616.98515671	
-5.75045399397	-1616.98657447	
-5.75151387748	-1616.9879912	
-5.75257263883	-1616.9894069	
-5.75363028038	-1616.99082157	
-5.75468680452	-1616.99223521	
-5.75574221359	-1616.99364782	
-5.75679650994	-1616.9950594	
-5.75784969593	-1616.99646996	
-5.75890177388	-1616.99787949	
-5.75995274612	-1616.999288	
-5.76100261499	-1617.00069549	
-5.76205138278	-1617.00210195	
-5.76309905181	-1617.0035074	
-5.76414562438	-1617.00491182	
-5.76519110278	-1617.00631522	
-5.7662354893	-1617.00771761	
-5.76727878622	-1617.00911898	
-5.76832099579	-1617.01051933	
-5.7693621203	-1617.01191867	
-5.770402162	-1617.013317	
-5.77144112313	-1617.01471431	
-5.77247900594	-1617.01611062	
-5.77351581267	-1617.01750591	
-5.77455154554	-1617.01890019	
-5.77558620679	-1617.02029346	
-5.77661979861	-1617.02168573	
-5.77765232322	-1617.02307699	
-5.77868378283	-1617.02446725	
-5.77971417962	-1617.0258565	
-5.78074351579	-1617.02724474	
-5.78177179352	-1617.02863199	
-5.78279901497	-1617.03001823	
-5.78382518233	-1617.03140348	
-5.78485029774	-1617.03278772	
-5.78587436337	-1617.03417097	
-5.78689738137	-1617.03555322	
-5.78791935386	-1617.03693447	
-5.788940283	-1617.03831473	
-5.7899601709	-1617.039694	
-5.79097901969	-1617.04107227	
-5.79199683148	-1617.04244955	
-5.79301360838	-1617.04382584	
-5.7940293525	-1617.04520114	
-5.79504406593	-1617.04657545	
-5.79605775077	-1617.04794878	
-5.79707040908	-1617.04932112	
-5.79808204295	-1617.05069247	
-5.79909265446	-1617.05206283	
-5.80010224566	-1617.05343222	
-5.80111081862	-1617.05480062	
-5.80211837538	-1617.05616804	
-5.80312491799	-1617.05753448	
-5.80413044849	-1617.05889993	
-5.80513496892	-1617.06026442	
-5.80613848129	-1617.06162792	
-5.80714098764	-1617.06299045	
-5.80814248998	-1617.064352	
-5.80914299031	-1617.06571258	
