#Site	lnL	
0	-1.32917736844
1	-1.30294414027
2	-3.48866766592
3	-7.13337738854
4	-1.27603031816
5	-11.0526753003
6	-1.32917736844
7	-1.74181820164
8	-3.48866766592
9	-1.63233682344
10	-1.56460852976
11	-3.25210804356
12	-1.63233682344
13	-1.27603031816
14	-13.0586215033
15	-6.24373685215
16	-1.30294414027
17	-3.25210804356
18	-1.34919260971
19	-1.30294414027
20	-10.6645983636
21	-1.63233682344
22	-7.65591073703
23	-4.62238671366
24	-6.20190368333
25	-1.27603031816
26	-8.84873217012
27	-1.63233682344
28	-1.56460852976
29	-6.87389730953
30	-1.34919260971
31	-1.27603031816
32	-6.46564091422
33	-1.80819340088
34	-1.30294414027
35	-5.80124128525
36	-1.34919260971
37	-6.77493495419
38	-4.94623022235
39	-1.80819340088
40	-1.74181820164
41	-6.06382570318
42	-1.34919260971
43	-1.27603031816
44	-3.48866766592
45	-1.80819340088
46	-1.74181820164
47	-6.06382570318
48	-1.34919260971
49	-1.27603031816
50	-6.30547576364
51	-1.80819340088
52	-1.30294414027
53	-8.5977959785
54	-1.34919260971
55	-1.74181820164
56	-3.48866766592
57	-6.24373685215
58	-1.27603031816
59	-9.64697319969
60	-1.32917736844
61	-1.30294414027
62	-10.4817591499
63	-1.32917736844
64	-1.27603031816
65	-11.7219943857
66	-1.32917736844
67	-12.6556607059
68	-9.33427466077
69	-1.80819340088
70	-1.27603031816
71	-9.27738149477
72	-1.34919260971
73	-12.0136114213
74	-10.577785427
75	-7.00379385548
76	-1.30294414027
77	-3.25210804356
78	-10.6404683108
79	-1.30294414027
80	-3.48866766592
81	-1.63233682344
82	-1.74181820164
83	-3.48866766592
84	-1.80819340088
85	-1.27603031816
86	-6.08556994709
87	-1.32917736844
88	-1.56460852976
89	-6.30547576364
90	-1.32917736844
91	-1.56460852976
92	-6.06382570318
93	-7.13337738854
94	-1.56460852976
95	-4.62238671366
96	-1.34919260971
97	-1.27603031816
98	-8.99941653506
99	-1.34919260971
100	-1.30294414027
101	-4.62238671366
102	-1.63233682344
103	-1.56460852976
104	-22.6836527309
105	-1.63233682344
106	-1.74181820164
107	-4.62238671366
108	-1.32917736844
109	-1.74181820164
110	-7.83640493886
111	-1.34919260971
112	-1.56460852976
113	-5.8464788518
114	-1.80819340088
115	-1.27603031816
116	-4.62238671366
117	-1.80819340088
118	-1.74181820164
119	-6.08556994709
120	-1.34919260971
121	-1.27603031816
122	-4.44828094733
123	-1.34919260971
124	-1.27603031816
125	-9.39787924865
126	-1.32917736844
127	-1.74181820164
128	-3.25210804356
129	-1.32917736844
130	-1.56460852976
131	-6.51639729066
132	-9.21251230821
133	-1.27603031816
134	-7.92091866972
135	-1.32917736844
136	-1.30294414027
137	-7.3690893192
138	-1.34919260971
139	-1.56460852976
140	-4.94623022235
141	-1.63233682344
142	-1.30294414027
143	-5.79740280565
144	-1.32917736844
145	-1.74181820164
146	-11.3753698676
147	-1.63233682344
148	-1.74181820164
149	-3.25210804356
150	-1.34919260971
151	-1.56460852976
152	-6.30547576364
153	-1.80819340088
154	-7.02028340912
155	-6.98449188715
156	-11.6721250174
157	-1.56460852976
158	-7.00790805624
159	-1.63233682344
160	-1.27603031816
161	-9.45327310534
162	-1.32917736844
163	-1.30294414027
164	-3.25210804356
165	-1.32917736844
166	-1.30294414027
167	-6.99377578684
168	-1.34919260971
169	-1.27603031816
170	-4.62238671366
171	-1.34919260971
172	-1.27603031816
173	-7.77353985185
174	-1.80819340088
175	-1.27603031816
176	-10.9057724569
177	-1.32917736844
178	-1.30294414027
179	-17.8815096978
180	-1.32917736844
181	-1.30294414027
182	-4.62238671366
183	-1.34919260971
184	-1.27603031816
185	-6.99377578684
186	-1.63233682344
187	-1.56460852976
188	-6.46564091422
189	-1.63233682344
190	-1.56460852976
191	-3.48866766592
192	-1.34919260971
193	-1.27603031816
194	-4.80077544337
195	-1.80819340088
196	-1.27603031816
197	-4.77716127787
198	-1.32917736844
199	-1.74181820164
200	-3.25210804356
201	-1.34919260971
202	-1.30294414027
203	-6.11719782087
204	-1.32917736844
205	-1.27603031816
206	-7.3690893192
207	-1.32917736844
208	-1.27603031816
209	-9.01367019089
210	-1.34919260971
211	-1.27603031816
212	-3.25210804356
213	-1.63233682344
214	-1.74181820164
215	-5.25688296844
216	-1.80819340088
217	-1.27603031816
218	-5.71312658688
219	-1.34919260971
220	-6.58511677384
221	-4.44828094733
222	-1.80819340088
223	-1.30294414027
224	-4.44828094733
225	-1.32917736844
226	-1.30294414027
227	-5.71312658688
228	-1.34919260971
229	-1.74181820164
230	-12.9665488798
231	-1.32917736844
232	-1.30294414027
233	-11.8410117175
234	-6.24246833565
235	-1.27603031816
236	-8.65085495645
237	-1.34919260971
238	-1.74181820164
239	-6.77623554335
240	-1.34919260971
241	-1.56460852976
242	-14.1291726005
243	-1.63233682344
244	-1.56460852976
245	-3.48866766592
246	-1.34919260971
247	-6.79750827455
248	-4.44828094733
249	-1.63233682344
250	-1.30294414027
251	-13.935520997
252	-1.32917736844
253	-7.86929005586
254	-7.97191907746
255	-1.80819340088
256	-1.27603031816
257	-7.87618246728
258	-1.32917736844
259	-1.56460852976
260	-3.25210804356
261	-1.32917736844
262	-1.27603031816
263	-8.5921597792
264	-1.32917736844
265	-1.74181820164
266	-3.25210804356
267	-1.34919260971
268	-1.74181820164
269	-7.20897079947
270	-1.32917736844
271	-1.74181820164
272	-11.5869607108
273	-1.32917736844
274	-1.74181820164
275	-5.80124128525
276	-1.34919260971
277	-1.30294414027
278	-6.14983470698
279	-1.32917736844
280	-1.30294414027
281	-15.6802623036
282	-1.63233682344
283	-1.30294414027
284	-6.1037814248
285	-1.80819340088
286	-1.27603031816
287	-7.30503156015
288	-1.80819340088
289	-1.30294414027
290	-3.48866766592
291	-1.63233682344
292	-1.30294414027
293	-3.25210804356
294	-1.32917736844
295	-1.74181820164
296	-6.26272378064
297	-1.34919260971
298	-1.74181820164
299	-10.0310189574
300	-1.32917736844
301	-1.27603031816
302	-8.63547939079
303	-1.32917736844
304	-1.27603031816
305	-5.74958998191
306	-1.80819340088
307	-1.56460852976
308	-12.9928470127
309	-1.80819340088
310	-1.74181820164
311	-7.78926064394
312	-8.39608032079
313	-1.27603031816
314	-3.25210804356
315	-1.32917736844
316	-1.56460852976
317	-6.11719782087
318	-1.63233682344
319	-1.56460852976
320	-9.5350240551
321	-1.63233682344
322	-1.27603031816
323	-6.14983470698
324	-1.63233682344
325	-1.27603031816
326	-10.6014418303
327	-7.19721054238
328	-1.27603031816
329	-5.43484685793
330	-1.80819340088
331	-1.30294414027
332	-7.0936481663
333	-1.32917736844
334	-6.56876246273
335	-8.38477545188
336	-1.34919260971
337	-1.30294414027
338	-3.48866766592
339	-1.34919260971
340	-1.74181820164
341	-7.7316070236
342	-1.80819340088
343	-1.74181820164
344	-7.20897079947
345	-8.81569143122
346	-1.74181820164
347	-4.44828094733
348	-1.80819340088
349	-1.27603031816
350	-4.44828094733
351	-1.63233682344
352	-1.27603031816
353	-4.94623022235
354	-1.63233682344
355	-6.56876246273
356	-4.80077544337
357	-1.32917736844
358	-1.56460852976
359	-4.44828094733
360	-1.32917736844
361	-1.74181820164
362	-6.78719120711
363	-1.32917736844
364	-1.56460852976
365	-7.57349338431
366	-1.80819340088
367	-1.27603031816
368	-9.59689858248
369	-6.20190368333
370	-1.56460852976
371	-3.48866766592
372	-1.63233682344
373	-1.27603031816
374	-9.60383144878
375	-1.34919260971
376	-1.74181820164
377	-6.1037814248
378	-1.32917736844
379	-1.56460852976
380	-3.25210804356
381	-6.20190368333
382	-1.27603031816
383	-10.3331203853
384	-1.32917736844
385	-1.27603031816
386	-4.44828094733
387	-1.34919260971
388	-1.74181820164
389	-5.6332901417
390	-10.439114586
391	-1.30294414027
392	-7.78051148368
393	-1.80819340088
394	-1.56460852976
395	-4.80077544337
396	-8.82160368682
397	-1.27603031816
398	-5.63269900234
399	-1.80819340088
400	-1.27603031816
401	-4.62238671366
402	-1.63233682344
403	-1.56460852976
404	-6.46564091422
405	-1.34919260971
406	-1.30294414027
407	-5.31258705791
408	-1.32917736844
409	-1.74181820164
410	-7.5410158563
411	-1.80819340088
412	-1.74181820164
413	-8.71779939363
414	-1.34919260971
415	-1.56460852976
416	-7.74626014925
417	-1.63233682344
418	-1.27603031816
419	-8.89088899431
420	-1.32917736844
421	-1.27603031816
422	-3.48866766592
423	-1.32917736844
424	-1.30294414027
425	-5.25688296844
426	-1.80819340088
427	-1.56460852976
428	-8.4294654675
429	-6.24373685215
430	-1.27603031816
431	-4.80077544337
432	-6.24246833565
433	-1.27603031816
434	-11.6435670132
435	-1.32917736844
436	-1.27603031816
437	-3.48866766592
438	-1.32917736844
439	-1.27603031816
440	-6.67168052559
441	-1.32917736844
442	-1.27603031816
443	-6.67183550128
444	-8.13039850265
445	-1.30294414027
446	-8.26839013059
447	-1.63233682344
448	-1.74181820164
449	-4.44828094733
450	-1.63233682344
451	-1.30294414027
452	-5.6332901417
453	-1.80819340088
454	-1.30294414027
455	-8.3460736879
456	-6.03259553468
457	-1.27603031816
458	-6.06382570318
459	-1.80819340088
460	-1.56460852976
461	-3.48866766592
462	-1.32917736844
463	-1.27603031816
464	-7.20289779509
465	-7.07444152614
466	-1.30294414027
467	-8.050372388
468	-1.63233682344
469	-1.30294414027
470	-7.35074142669
471	-1.63233682344
472	-7.86929005586
473	-4.94623022235
474	-1.32917736844
475	-1.56460852976
476	-6.67183550128
477	-7.10671850214
478	-1.74181820164
479	-6.31532669642
480	-1.63233682344
481	-1.74181820164
482	-8.16443655824
483	-6.20877500182
484	-1.30294414027
485	-8.44553323325
486	-1.34919260971
487	-1.30294414027
488	-20.0554467394
