#Site	lnL	
0	-13.0459718222
1	-13.0775843836
2	-18.6028514177
3	-13.5112528133
4	-5.51336620725
5	-11.4379440728
6	-10.9544874474
7	-11.2086190759
8	-9.74374506953
9	-4.81117171844
10	-16.83823378
11	-8.22156841474
12	-9.50316932627
13	-12.6883643875
14	-17.673621089
15	-9.28647274451
16	-5.2878657764
17	-14.8805931837
18	-15.0619200603
19	-8.52638624892
20	-20.6128523059
21	-16.8613091134
22	-9.08256103231
23	-9.23330951094
24	-11.5554763789
25	-10.2843996369
26	-11.1601675034
27	-4.35969565035
28	-15.4790561758
29	-9.78169069453
30	-4.82617238751
31	-13.8283504041
32	-8.60064786555
33	-13.6305719045
34	-14.4649498224
35	-5.22739379291
36	-14.9735774244
37	-5.84081508113
38	-3.92575087904
39	-11.4634652079
40	-14.6683127652
41	-14.4000813809
42	-9.0200788179
43	-9.4224809985
44	-5.74351313711
45	-7.7300503106
46	-7.99887420619
47	-22.0604023728
48	-5.77313399543
49	-18.7480789698
50	-14.3639097206
51	-7.3544361033
52	-8.27012854729
53	-16.7452456563
54	-10.6774900214
55	-10.9577829232
56	-14.9066276254
57	-5.34732599672
58	-7.59850796408
59	-9.38697544262
60	-8.54357718122
61	-8.46234287827
62	-11.6815832614
63	-18.8741509715
64	-9.99515986733
65	-5.3113033798
66	-12.577467682
67	-13.0626367965
68	-22.0526396667
69	-4.35969565035
70	-11.7469431055
71	-17.118341401
72	-22.3854847559
73	-16.98363754
74	-11.6110287854
75	-7.49893767151
76	-5.47676292233
77	-15.2886691984
78	-10.4224988363
79	-4.86888826281
80	-7.63454886988
81	-14.4269626806
82	-9.19276157377
83	-3.92575087904
84	-11.775186075
85	-13.7526894177
86	-5.31130335299
87	-13.4444156404
88	-9.66787200826
89	-11.6409310246
90	-18.2823058095
91	-27.8892178782
92	-14.7751911042
93	-8.17226155991
94	-11.5049009028
95	-15.9443442827
96	-7.7300503106
97	-12.8622022894
98	-8.34734702301
99	-7.47424491719
100	-16.4336944762
101	-8.09697521151
102	-13.1242470195
103	-5.53682872821
104	-10.4731921034
105	-14.1539295928
106	-6.70358893629
107	-9.315986408
108	-7.59183709874
109	-5.31750118607
110	-8.54333039134
111	-8.74189874341
112	-5.53707275203
113	-17.9732518137
114	-10.4005072228
115	-11.0252115311
116	-9.50802147347
117	-9.20656559196
118	-9.50316932627
119	-4.28296114241
120	-18.0659754038
121	-10.0487930771
122	-12.1807186254
123	-24.4704526893
124	-11.6742280039
125	-7.5592921378
126	-9.76407066665
127	-7.52827423641
128	-8.42508023954
129	-10.7959094511
130	-4.86888826281
131	-5.13446452108
132	-13.8876589957
133	-11.597553139
134	-13.5443483241
135	-4.68290457328
136	-8.20251360896
137	-3.92575087904
138	-18.7440047224
139	-5.34732599672
140	-15.9977392348
141	-3.92575087904
142	-11.7921188676
143	-12.7154928893
144	-13.8080246376
145	-7.52827423641
146	-9.0196309089
147	-7.79786387228
148	-11.7491429941
149	-12.6535067526
150	-4.35969565035
151	-10.2910918636
152	-4.35969565035
153	-8.47177244748
154	-5.8367511386
155	-10.1153671493
156	-15.4300548841
157	-15.6781848965
158	-9.48136297268
159	-11.1902551305
160	-13.2581373832
161	-8.57377036296
162	-7.68923297858
