-7.427621374783800468e-01
-5.372642117159825981e-01
-8.264486682698662934e-01
2.692345136005084072e+00
-9.940054293388741469e-01
2.141896934087387905e+00
-1.529890525387890943e+00
-2.520551918880068687e+00
-3.949528483441437476e+00
-1.520236137458525150e+01
-3.600412604907886838e+00
-4.031102188129107589e+00
-7.103274184009798375e+00
-5.292455046801851637e+00
-5.893433779999440070e+00
-4.887671156434333142e+00
-5.508586046593046959e+00
-5.085009650409264559e+00
-5.686622447331777686e+00
-6.923292752690835883e+00
