# log_p 	 lnL 	 
0.0	-1752.82787123	
-0.287682072452	-1752.81579585	
-0.510825623766	-1752.80176552	
-0.69314718056	-1752.78692839	
-0.847297860387	-1752.77180491	
-0.980829253012	-1752.75663613	
-1.09861228867	-1752.74153611	
-1.20397280433	-1752.7265566	
-1.29928298413	-1752.71171758	
-1.38629436112	-1752.69702357	
-1.46633706879	-1752.68247262	
-1.54044504095	-1752.66806126	
-1.60943791243	-1752.65378701	
-1.67397643357	-1752.63964944	
-1.73460105539	-1752.62565034	
-1.79175946923	-1752.61179354	
-1.8458266905	-1752.59808443	
-1.89711998489	-1752.58452954	
-1.94591014906	-1752.57113601	
-1.99243016469	-1752.55791123	
-2.03688192726	-1752.54486248	
-2.07944154168	-1752.5319967	
-2.1202635362	-1752.51932029	
-2.15948424935	-1752.50683895	
-2.19722457734	-1752.49455765	
-2.23359222151	-1752.48248055	
-2.26868354132	-1752.470611	
-2.30258509299	-1752.45895154	
-2.33537491582	-1752.44750396	
-2.36712361413	-1752.43626929	
-2.3978952728	-1752.4252479	
-2.42774823595	-1752.41443953	
-2.45673577282	-1752.40384333	
-2.48490664979	-1752.39345794	
-2.51230562398	-1752.38328155	
-2.53897387106	-1752.37331192	
-2.56494935746	-1752.36354648	
-2.59026716545	-1752.35398232	
-2.61495977804	-1752.34461629	
-2.63905732962	-1752.335445	
-2.66258782703	-1752.32646488	
-2.68557734525	-1752.31767222	
-2.7080502011	-1752.30906316	
-2.73002910782	-1752.30063377	
-2.75153531304	-1752.29238006	
-2.77258872224	-1752.28429798	
-2.79320800944	-1752.27638345	
-2.81341071676	-1752.26863241	
-2.83321334406	-1752.26104078	
-2.85263142991	-1752.25360452	
-2.87167962488	-1752.24631961	
-2.8903717579	-1752.23918208	
-2.90872089656	-1752.23218802	
-2.92673940207	-1752.22533358	
-2.94443897917	-1752.21861495	
-2.96183072188	-1752.21202842	
-2.97892515524	-1752.20557034	
-2.99573227355	-1752.19923715	
-3.01226157551	-1752.19302535	
-3.02852209638	-1752.18693154	
-3.04452243772	-1752.18095241	
-3.06027079469	-1752.17508472	
-3.07577498123	-1752.16932532	
-3.09104245336	-1752.16367114	
-3.10608033072	-1752.1581192	
-3.12089541651	-1752.15266662	
-3.13549421593	-1752.14731057	
-3.14988295338	-1752.14204832	
-3.16406758837	-1752.13687724	
-3.17805383035	-1752.13179474	
-3.19184715248	-1752.12679835	
-3.20545280454	-1752.12188564	
-3.21887582487	-1752.11705429	
-3.23212105162	-1752.11230201	
-3.24519313319	-1752.10762662	
-3.25809653802	-1752.103026	
-3.2708355638	-1752.09849808	
-3.28341434601	-1752.09404088	
-3.295836866	-1752.08965247	
-3.3081069586	-1752.08533099	
-3.32022831913	-1752.08107462	
-3.33220451018	-1752.07688163	
-3.34403896782	-1752.07275033	
-3.35573500759	-1752.06867907	
-3.36729582999	-1752.06466629	
-3.37872452581	-1752.06071044	
-3.39002408106	-1752.05681006	
-3.40119738166	-1752.0529637	
-3.41224721785	-1752.04916999	
-3.42317628838	-1752.04542758	
-3.43398720449	-1752.04173517	
-3.4446824936	-1752.03809152	
-3.45526460293	-1752.0344954	
-3.4657359028	-1752.03094564	
-3.47609868984	-1752.02744111	
-3.48635519	-1752.0239807	
-3.49650756147	-1752.02056335	
-3.50655789732	-1752.01718802	
-3.51650822817	-1752.01385373	
-3.52636052462	-1752.01055949	
-3.53611669956	-1752.00730438	
-3.54577861047	-1752.00408749	
-3.55534806149	-1752.00090794	
-3.56482680544	-1751.99776488	
-3.57421654579	-1751.99465749	
-3.58351893846	-1751.99158496	
-3.59273559356	-1751.98854652	
-3.60186807712	-1751.98554143	
-3.61091791264	-1751.98256895	
-3.61988658263	-1751.97962839	
-3.62877553004	-1751.97671905	
-3.63758615973	-1751.97384028	
-3.6463198397	-1751.97099143	
-3.65497790244	-1751.96817187	
-3.66356164613	-1751.96538102	
-3.6720723358	-1751.96261826	
-3.68051120444	-1751.95988305	
-3.68887945411	-1751.95717482	
-3.69717825693	-1751.95449304	
-3.70540875607	-1751.95183718	
-3.7135720667	-1751.94920674	
-3.72166927694	-1751.94660123	
-3.72970144863	-1751.94402017	
-3.73766961828	-1751.9414631	
-3.74557479779	-1751.93892956	
-3.75341797525	-1751.93641912	
-3.76120011569	-1751.93393135	
-3.76892216179	-1751.93146584	
-3.77658503453	-1751.92902218	
-3.78418963392	-1751.92659999	
-3.79173683955	-1751.92419887	
-3.79922751128	-1751.92181846	
-3.80666248977	-1751.91945841	
-3.81404259707	-1751.91711835	
-3.82136863716	-1751.91479794	
-3.82864139649	-1751.91249686	
-3.83586164446	-1751.91021478	
-3.84303013394	-1751.90795138	
-3.85014760171	-1751.90570635	
-3.85721476893	-1751.90347941	
-3.86423234159	-1751.90127024	
-3.87120101091	-1751.89907857	
-3.87812145375	-1751.89690413	
-3.88499433304	-1751.89474664	
-3.89182029811	-1751.89260583	
-3.8985999851	-1751.89048145	
-3.90533401728	-1751.88837325	
-3.91202300543	-1751.88628099	
-3.91866754815	-1751.88420442	
-3.92526823218	-1751.88214331	
-3.93182563272	-1751.88009743	
-3.93834031375	-1751.87806657	
-3.94481282825	-1751.8760505	
-3.95124371858	-1751.87404902	
-3.95763351668	-1751.8720619	
-3.96398274436	-1751.87008897	
-3.97029191355	-1751.86813	
-3.97656152657	-1751.86618482	
-3.98279207632	-1751.86425323	
-3.98898404656	-1751.86233505	
-3.99513791214	-1751.8604301	
-4.00125413916	-1751.8585382	
-4.00733318523	-1751.85665918	
-4.01337549969	-1751.85479286	
-4.01938152375	-1751.85293909	
-4.02535169074	-1751.85109771	
-4.03128642625	-1751.84926854	
-4.03718614838	-1751.84745145	
-4.04305126783	-1751.84564627	
-4.04888218815	-1751.84385285	
-4.05467930583	-1751.84207106	
-4.06044301055	-1751.84030076	
-4.06617368526	-1751.83854179	
-4.07187170637	-1751.83679402	
-4.07753744391	-1751.83505732	
-4.08317126162	-1751.83333156	
-4.08877351717	-1751.8316166	
-4.09434456222	-1751.82991233	
-4.0998847426	-1751.82821862	
-4.10539439841	-1751.82653534	
-4.11087386417	-1751.82486238	
-4.11632346894	-1751.82319962	
-4.12174353641	-1751.82154694	
-4.12713438505	-1751.81990424	
-4.13249632819	-1751.8182714	
-4.13782967416	-1751.81664831	
-4.14313472639	-1751.81503486	
-4.14841178349	-1751.81343096	
-4.15366113938	-1751.8118365	
-4.15888308336	-1751.81025138	
-4.16407790024	-1751.80867549	
-4.1692458704	-1751.80710875	
-4.1743872699	-1751.80555106	
-4.17950237056	-1751.80400231	
-4.18459144007	-1751.80246243	
-4.18965474203	-1751.80093131	
-4.19469253606	-1751.79940887	
-4.19970507788	-1751.79789503	
-4.20469261939	-1751.79638969	
-4.20965540873	-1751.79489277	
-4.21459369037	-1751.79340419	
-4.21950770518	-1751.79192386	
-4.22439769047	-1751.79045171	
-4.22926388012	-1751.78898765	
-4.2341065046	-1751.78753161	
-4.23892579103	-1751.78608351	
-4.2437219633	-1751.78464327	
-4.24849524205	-1751.78321082	
-4.25324584481	-1751.78178609	
-4.257973986	-1751.780369	
-4.26267987704	-1751.77895948	
-4.26736372635	-1751.77755747	
-4.27202573946	-1751.77616289	
-4.27666611902	-1751.77477567	
-4.28128506487	-1751.77339575	
-4.28588277412	-1751.77202307	
-4.29045944115	-1751.77065755	
-4.29501525768	-1751.76929914	
-4.29955041285	-1751.76794776	
-4.3040650932	-1751.76660336	
-4.30855948279	-1751.76526588	
-4.31303376319	-1751.76393526	
-4.31748811354	-1751.76261143	
-4.3219227106	-1751.76129434	
-4.32633772881	-1751.75998393	
-4.33073334029	-1751.75868014	
-4.33510971489	-1751.75738292	
-4.33946702026	-1751.75609221	
-4.34380542185	-1751.75480796	
-4.348125083	-1751.7535301	
-4.3524261649	-1751.7522586	
-4.35670882669	-1751.75099339	
-4.36097322548	-1751.74973442	
-4.36521951636	-1751.74848165	
-4.36944785247	-1751.74723502	
-4.373658385	-1751.74599448	
-4.37785126326	-1751.74475999	
-4.38202663467	-1751.74353148	
-4.38618464482	-1751.74230893	
-4.39032543749	-1751.74109227	
-4.39444915467	-1751.73988146	
-4.39855593663	-1751.73867646	
-4.40264592188	-1751.73747722	
-4.40671924726	-1751.73628369	
-4.41077604796	-1751.73509583	
-4.4148164575	-1751.7339136	
-4.4188406078	-1751.73273695	
-4.42284862919	-1751.73156584	
-4.42684065046	-1751.73040022	
-4.43081679884	-1751.72924006	
-4.43477720006	-1751.72808532	
-4.43872197835	-1751.72693595	
-4.44265125649	-1751.7257919	
-4.44656515581	-1751.72465316	
-4.45046379623	-1751.72351966	
-4.45434729625	-1751.72239138	
-4.45821577303	-1751.72126827	
-4.46206934235	-1751.72015029	
-4.46590811865	-1751.71903742	
-4.46973221509	-1751.71792961	
-4.47354174351	-1751.71682682	
-4.47733681448	-1751.71572902	
-4.48111753732	-1751.71463617	
-4.48488402011	-1751.71354824	
-4.48863636973	-1751.71246519	
-4.49237469184	-1751.71138698	
-4.49609909093	-1751.71031359	
-4.49980967033	-1751.70924497	
-4.50350653221	-1751.7081811	
-4.50718977763	-1751.70712193	
-4.51085950652	-1751.70606744	
-4.51451581772	-1751.7050176	
-4.518158809	-1751.70397237	
-4.52178857705	-1751.70293172	
-4.52540521752	-1751.70189561	
-4.52900882502	-1751.70086402	
-4.53259949315	-1751.69983692	
-4.5361773145	-1751.69881427	
-4.53974238067	-1751.69779604	
-4.54329478227	-1751.69678221	
-4.54683460898	-1751.69577275	
-4.55036194949	-1751.69476762	
-4.5538768916	-1751.69376679	
-4.55737952215	-1751.69277024	
-4.56086992709	-1751.69177794	
-4.56434819147	-1751.69078985	
-4.56781439944	-1751.68980596	
-4.57126863431	-1751.68882623	
-4.5747109785	-1751.68785064	
-4.5781415136	-1751.68687916	
-4.58156032035	-1751.68591176	
-4.58496747867	-1751.68494841	
-4.58836306767	-1751.68398909	
-4.59174716566	-1751.68303378	
-4.59511985013	-1751.68208244	
-4.59848119784	-1751.68113505	
-4.60183128472	-1751.68019159	
-4.60517018599	-1751.67925202	
-4.60849797608	-1751.67831634	
-4.61181472871	-1751.6773845	
-4.61512051684	-1751.67645648	
-4.61841541274	-1751.67553227	
-4.62169948794	-1751.67461184	
-4.62497281328	-1751.67369516	
-4.62823545892	-1751.67278221	
-4.63148749431	-1751.67187296	
-4.63472898823	-1751.6709674	
-4.63796000881	-1751.67006549	
-4.64118062351	-1751.66916723	
-4.64439089914	-1751.66827258	
-4.64759090187	-1751.66738152	
-4.65078069724	-1751.66649403	
-4.65396035016	-1751.66561009	
-4.65712992492	-1751.66472967	
-4.66028948521	-1751.66385276	
-4.66343909411	-1751.66297934	
-4.66657881412	-1751.66210937	
-4.66970870713	-1751.66124285	
-4.67282883446	-1751.66037974	
-4.67593925688	-1751.65952003	
-4.67904003455	-1751.65866371	
-4.68213122712	-1751.65781074	
-4.68521289366	-1751.65696111	
-4.6882850927	-1751.6561148	
-4.69134788223	-1751.65527178	
-4.69440131972	-1751.65443205	
-4.6974454621	-1751.65359557	
-4.70048036579	-1751.65276233	
-4.70350608671	-1751.65193232	
-4.70652268025	-1751.6511055	
-4.70953020131	-1751.65028187	
-4.71252870431	-1751.6494614	
-4.71551824316	-1751.64864408	
-4.7184988713	-1751.64782989	
-4.72147064168	-1751.6470188	
-4.72443360681	-1751.64621081	
-4.72738781871	-1751.64540589	
-4.73033332894	-1751.64460402	
-4.73327018862	-1751.64380519	
-4.73619844839	-1751.64300939	
-4.7391181585	-1751.64221658	
-4.74202936871	-1751.64142676	
-4.74493212836	-1751.64063991	
-4.74782648639	-1751.63985601	
-4.75071249128	-1751.63907504	
-4.75359019111	-1751.638297	
-4.75645963353	-1751.63752185	
-4.75932086582	-1751.63674959	
-4.7621739348	-1751.6359802	
-4.76501888693	-1751.63521366	
-4.76785576827	-1751.63444996	
-4.77068462447	-1751.63368908	
-4.77350550081	-1751.632931	
-4.77631844218	-1751.63217572	
-4.77912349311	-1751.6314232	
-4.78192069773	-1751.63067345	
-4.78471009982	-1751.62992644	
-4.78749174278	-1751.62918215	
-4.79026566966	-1751.62844058	
-4.79303192316	-1751.62770171	
-4.7957905456	-1751.62696552	
-4.79854157897	-1751.626232	
-4.80128506491	-1751.62550113	
-4.80402104473	-1751.6247729	
-4.80674955939	-1751.6240473	
-4.8094706495	-1751.62332431	
-4.81218435537	-1751.62260391	
-4.81489071697	-1751.62188609	
-4.81758977394	-1751.62117085	
-4.82028156561	-1751.62045816	
-4.82296613098	-1751.61974801	
-4.82564350875	-1751.61904039	
-4.8283137373	-1751.61833528	
-4.83097685472	-1751.61763267	
-4.83363289878	-1751.61693255	
-4.83628190695	-1751.6162349	
-4.83892391641	-1751.61553971	
-4.84155896405	-1751.61484697	
-4.84418708646	-1751.61415666	
-4.84680831994	-1751.61346878	
-4.84942270051	-1751.6127833	
-4.85203026392	-1751.61210022	
-4.85463104562	-1751.61141952	
-4.8572250808	-1751.6107412	
-4.85981240436	-1751.61006523	
-4.86239305096	-1751.60939161	
-4.86496705495	-1751.60872032	
-4.86753445046	-1751.60805136	
-4.87009527132	-1751.6073847	
-4.87264955112	-1751.60672035	
-4.8751973232	-1751.60605828	
-4.87773862063	-1751.60539848	
-4.88027347623	-1751.60474094	
-4.88280192259	-1751.60408566	
-4.88532399202	-1751.60343262	
-4.88783971662	-1751.6027818	
-4.89034912822	-1751.6021332	
-4.89285225844	-1751.6014868	
-4.89534913864	-1751.6008426	
-4.89783979995	-1751.60020058	
-4.90032427328	-1751.59956073	
-4.90280258929	-1751.59892305	
-4.90527477844	-1751.59828751	
-4.90774087093	-1751.59765411	
-4.91020089677	-1751.59702284	
-4.91265488574	-1751.59639369	
-4.91510286737	-1751.59576664	
-4.91754487103	-1751.59514169	
-4.91998092583	-1751.59451882	
-4.92241106068	-1751.59389803	
-4.92483530429	-1751.59327931	
-4.92725368516	-1751.59266263	
-4.92966623156	-1751.59204801	
-4.93207297159	-1751.59143541	
-4.93447393313	-1751.59082485	
-4.93686914386	-1751.59021629	
-4.93925863125	-1751.58960974	
-4.94164242261	-1751.58900518	
-4.94402054501	-1751.58840261	
-4.94639302537	-1751.58780201	
-4.94875989038	-1751.58720338	
-4.95112116656	-1751.58660671	
-4.95347688026	-1751.58601197	
-4.9558270576	-1751.58541918	
-4.95817172456	-1751.58482831	
-4.96051090691	-1751.58423936	
-4.96284463026	-1751.58365232	
-4.96517292002	-1751.58306718	
-4.96749580144	-1751.58248392	
-4.96981329958	-1751.58190255	
-4.97212543933	-1751.58132305	
-4.97443224543	-1751.58074541	
-4.97673374242	-1751.58016963	
-4.97902995468	-1751.57959569	
-4.98132090643	-1751.57902358	
-4.98360662171	-1751.57845331	
-4.98588712441	-1751.57788485	
-4.98816243824	-1751.5773182	
-4.99043258678	-1751.57675336	
-4.99269759341	-1751.5761903	
-4.99495748138	-1751.57562903	
-4.99721227376	-1751.57506954	
-4.9994619935	-1751.57451181	
-5.00170666335	-1751.57395584	
-5.00394630595	-1751.57340163	
-5.00618094375	-1751.57284915	
-5.00841059907	-1751.57229841	
-5.0106352941	-1751.5717494	
-5.01285505083	-1751.5712021	
-5.01506989116	-1751.57065652	
-5.01727983681	-1751.57011263	
-5.01948490937	-1751.56957044	
-5.02168513028	-1751.56902994	
-5.02388052085	-1751.56849112	
-5.02607110223	-1751.56795396	
-5.02825689545	-1751.56741847	
-5.03043792139	-1751.56688464	
-5.03261420082	-1751.56635245	
-5.03478575433	-1751.5658219	
-5.03695260241	-1751.56529299	
-5.03911476542	-1751.5647657	
-5.04127226356	-1751.56424003	
-5.04342511692	-1751.56371596	
-5.04557334546	-1751.56319351	
-5.047716969	-1751.56267264	
-5.04985600725	-1751.56215337	
-5.05199047978	-1751.56163567	
-5.05412040604	-1751.56111955	
-5.05624580535	-1751.560605	
-5.05836669692	-1751.56009201	
-5.06048309982	-1751.55958057	
-5.06259503303	-1751.55907067	
-5.06470251537	-1751.55856231	
-5.06680556556	-1751.55805549	
-5.06890420222	-1751.55755019	
-5.07099844382	-1751.55704641	
-5.07308830874	-1751.55654414	
-5.07517381523	-1751.55604337	
-5.07725498144	-1751.55554411	
-5.07933182538	-1751.55504633	
-5.08140436498	-1751.55455004	
-5.08347261805	-1751.55405522	
-5.08553660227	-1751.55356188	
-5.08759633523	-1751.55307	
-5.08965183441	-1751.55257958	
-5.09170311719	-1751.55209061	
-5.09375020081	-1751.55160309	
-5.09579310244	-1751.55111701	
-5.09783183913	-1751.55063236	
-5.09986642782	-1751.55014913	
-5.10189688537	-1751.54966733	
-5.10392322852	-1751.54918694	
-5.1059454739	-1751.54870796	
-5.10796363806	-1751.54823038	
-5.10997773743	-1751.54775419	
-5.11198778836	-1751.5472794	
-5.11399380708	-1751.54680598	
-5.11599580975	-1751.54633395	
-5.11799381242	-1751.54586329	
-5.11998783102	-1751.54539399	
-5.12197788143	-1751.54492605	
-5.1239639794	-1751.54445947	
-5.12594614061	-1751.54399423	
-5.12792438062	-1751.54353034	
-5.12989871492	-1751.54306778	
-5.13186915891	-1751.54260656	
-5.13383572788	-1751.54214666	
-5.13579843705	-1751.54168807	
-5.13775730154	-1751.54123081	
-5.13971233637	-1751.54077485	
-5.1416635565	-1751.54032019	
-5.14361097679	-1751.53986683	
-5.145554612	-1751.53941476	
-5.14749447681	-1751.53896398	
-5.14943058584	-1751.53851447	
-5.15136295359	-1751.53806625	
-5.1532915945	-1751.53761929	
-5.15521652291	-1751.53717359	
-5.15713775309	-1751.53672916	
-5.15905529921	-1751.53628598	
-5.1609691754	-1751.53584405	
-5.16287939565	-1751.53540336	
-5.16478597392	-1751.53496391	
-5.16668892407	-1751.53452569	
-5.16858825987	-1751.5340887	
-5.17048399504	-1751.53365293	
-5.17237614319	-1751.53321838	
-5.17426471788	-1751.53278505	
-5.17614973257	-1751.53235292	
-5.17803120067	-1751.53192199	
-5.1799091355	-1751.53149226	
-5.18178355029	-1751.53106372	
-5.18365445823	-1751.53063637	
-5.1855218724	-1751.53021021	
-5.18738580584	-1751.52978522	
-5.18924627149	-1751.5293614	
-5.19110328224	-1751.52893875	
-5.19295685089	-1751.52851727	
-5.19480699018	-1751.52809694	
-5.19665371277	-1751.52767777	
-5.19849703127	-1751.52725974	
-5.20033695819	-1751.52684287	
-5.202173506	-1751.52642713	
-5.20400668708	-1751.52601252	
-5.20583651375	-1751.52559905	
-5.20766299828	-1751.5251867	
-5.20948615284	-1751.52477548	
-5.21130598956	-1751.52436537	
-5.21312252048	-1751.52395637	
-5.21493575761	-1751.52354848	
-5.21674571285	-1751.5231417	
-5.21855239808	-1751.52273601	
-5.22035582508	-1751.52233142	
-5.22215600558	-1751.52192791	
-5.22395295126	-1751.5215255	
-5.22574667371	-1751.52112416	
-5.22753718449	-1751.52072391	
-5.22932449506	-1751.52032472	
-5.23110861685	-1751.5199266	
-5.23288956123	-1751.51952955	
-5.23466733947	-1751.51913356	
-5.23644196283	-1751.51873862	
-5.23821344248	-1751.51834474	
-5.23998178954	-1751.5179519	
-5.24174701506	-1751.51756011	
-5.24350913005	-1751.51716935	
-5.24526814546	-1751.51677963	
-5.24702407216	-1751.51639094	
-5.24877692099	-1751.51600328	
-5.25052670271	-1751.51561664	
-5.25227342805	-1751.51523102	
-5.25401710765	-1751.51484642	
-5.25575775213	-1751.51446282	
-5.25749537203	-1751.51408024	
-5.25922997784	-1751.51369865	
-5.26096158	-1751.51331807	
-5.2626901889	-1751.51293848	
-5.26441581487	-1751.51255988	
-5.26613846818	-1751.51218227	
-5.26785815906	-1751.51180564	
-5.26957489768	-1751.51142999	
-5.27128869416	-1751.51105532	
-5.27299955856	-1751.51068162	
-5.27470750091	-1751.51030889	
-5.27641253116	-1751.50993713	
-5.27811465923	-1751.50956632	
-5.27981389498	-1751.50919647	
-5.28151024823	-1751.50882758	
-5.28320372874	-1751.50845964	
-5.28489434622	-1751.50809264	
-5.28658211033	-1751.50772658	
-5.28826703069	-1751.50736147	
-5.28994911688	-1751.50699729	
-5.2916283784	-1751.50663404	
-5.29330482472	-1751.50627172	
-5.29497846528	-1751.50591033	
-5.29664930945	-1751.50554986	
-5.29831736655	-1751.5051903	
-5.29998264587	-1751.50483166	
-5.30164515664	-1751.50447393	
-5.30330490806	-1751.50411711	
-5.30496190927	-1751.50376119	
-5.30661616936	-1751.50340618	
-5.3082676974	-1751.50305206	
-5.30991650239	-1751.50269883	
-5.3115625933	-1751.5023465	
-5.31320597904	-1751.50199505	
-5.3148466685	-1751.50164449	
-5.3164846705	-1751.5012948	
-5.31811999384	-1751.500946	
-5.31975264727	-1751.50059807	
-5.32138263948	-1751.50025101	
-5.32300997914	-1751.49990481	
-5.32463467487	-1751.49955948	
-5.32625673524	-1751.49921502	
-5.32787616879	-1751.49887141	
-5.32949298402	-1751.49852865	
-5.33110718937	-1751.49818675	
-5.33271879327	-1751.49784569	
-5.33432780407	-1751.49750548	
-5.33593423012	-1751.49716611	
-5.3375380797	-1751.49682759	
-5.33913936107	-1751.49648989	
-5.34073808243	-1751.49615303	
-5.34233425196	-1751.495817	
-5.3439278778	-1751.4954818	
-5.34551896803	-1751.49514742	
-5.34710753072	-1751.49481386	
-5.34869357387	-1751.49448112	
-5.35027710548	-1751.4941492	
-5.35185813348	-1751.49381808	
-5.35343666577	-1751.49348778	
-5.35501271022	-1751.49315828	
-5.35658627467	-1751.49282958	
-5.3581573669	-1751.49250169	
-5.35972599468	-1751.49217459	
-5.36129216571	-1751.49184828	
-5.36285588769	-1751.49152277	
-5.36441716825	-1751.49119805	
-5.36597601502	-1751.49087411	
-5.36753243557	-1751.49055095	
-5.36908643744	-1751.49022858	
-5.37063802813	-1751.48990698	
-5.37218721511	-1751.48958615	
-5.37373400583	-1751.4892661	
-5.37527840768	-1751.48894682	
-5.37682042804	-1751.4886283	
-5.37836007422	-1751.48831055	
-5.37989735354	-1751.48799355	
-5.38143227326	-1751.48767732	
-5.38296484061	-1751.48736184	
-5.38449506279	-1751.48704711	
-5.38602294697	-1751.48673314	
-5.38754850028	-1751.48641991	
-5.38907172982	-1751.48610742	
-5.39059264266	-1751.48579568	
-5.39211124583	-1751.48548468	
-5.39362754635	-1751.48517441	
-5.39514155118	-1751.48486488	
-5.39665326727	-1751.48455608	
-5.39816270152	-1751.48424801	
-5.39966986081	-1751.48394066	
-5.40117475199	-1751.48363404	
-5.40267738187	-1751.48332814	
-5.40417775725	-1751.48302296	
-5.40567588487	-1751.4827185	
-5.40717177146	-1751.48241474	
-5.40866542372	-1751.48211171	
-5.4101568483	-1751.48180938	
-5.41164605186	-1751.48150775	
-5.41313304098	-1751.48120683	
-5.41461782224	-1751.48090661	
-5.4161004022	-1751.48060709	
-5.41758078737	-1751.48030827	
-5.41905898424	-1751.48001014	
-5.42053499927	-1751.47971271	
-5.42200883889	-1751.47941596	
-5.4234805095	-1751.4791199	
-5.42495001748	-1751.47882452	
-5.42641736918	-1751.47852983	
-5.4278825709	-1751.47823582	
-5.42934562895	-1751.47794248	
-5.43080654959	-1751.47764982	
-5.43226533906	-1751.47735783	
-5.43372200355	-1751.47706652	
-5.43517654927	-1751.47677587	
-5.43662898235	-1751.47648589	
-5.43807930892	-1751.47619657	
-5.4395275351	-1751.47590791	
-5.44097366695	-1751.47561992	
-5.44241771052	-1751.47533258	
-5.44385967184	-1751.47504589	
-5.4452995569	-1751.47475986	
-5.44673737167	-1751.47447448	
-5.44817312209	-1751.47418975	
-5.44960681409	-1751.47390566	
-5.45103845357	-1751.47362222	
-5.45246804638	-1751.47333941	
-5.45389559837	-1751.47305725	
-5.45532111536	-1751.47277573	
-5.45674460314	-1751.47249484	
-5.45816606749	-1751.47221458	
-5.45958551414	-1751.47193495	
-5.46100294883	-1751.47165596	
-5.46241837723	-1751.47137759	
-5.46383180503	-1751.47109984	
-5.46524323786	-1751.47082272	
-5.46665268137	-1751.47054622	
-5.46806014114	-1751.47027033	
-5.46946562274	-1751.46999507	
-5.47086913175	-1751.46972041	
-5.47227067367	-1751.46944637	
-5.47367025403	-1751.46917294	
-5.47506787829	-1751.46890012	
-5.47646355193	-1751.4686279	
-5.47785728038	-1751.46835629	
-5.47924906905	-1751.46808528	
-5.48063892334	-1751.46781487	
-5.48202684862	-1751.46754506	
-5.48341285022	-1751.46727584	
-5.48479693349	-1751.46700722	
-5.48617910372	-1751.4667392	
-5.48755936619	-1751.46647176	
-5.48893772616	-1751.46620491	
-5.49031418887	-1751.46593864	
-5.49168875953	-1751.46567297	
-5.49306144334	-1751.46540787	
-5.49443224547	-1751.46514336	
-5.49580117108	-1751.46487942	
-5.49716822529	-1751.46461606	
-5.49853341322	-1751.46435328	
-5.49989673995	-1751.46409107	
-5.50125821054	-1751.46382943	
-5.50261783006	-1751.46356836	
-5.50397560352	-1751.46330785	
-5.50533153593	-1751.46304792	
-5.50668563228	-1751.46278855	
-5.50803789753	-1751.46252974	
-5.50938833663	-1751.46227149	
-5.5107369545	-1751.4620138	
-5.51208375605	-1751.46175666	
-5.51342874616	-1751.46150008	
-5.51477192971	-1751.46124406	
-5.51611331154	-1751.46098858	
-5.51745289646	-1751.46073366	
-5.51879068931	-1751.46047928	
-5.52012669485	-1751.46022545	
-5.52146091786	-1751.45997216	
-5.5227933631	-1751.45971942	
-5.52412403528	-1751.45946722	
-5.52545293913	-1751.45921555	
-5.52678007934	-1751.45896443	
-5.52810546058	-1751.45871384	
-5.52942908751	-1751.45846378	
-5.53075096477	-1751.45821426	
-5.53207109697	-1751.45796527	
-5.53338948873	-1751.4577168	
-5.53470614461	-1751.45746886	
-5.53602106919	-1751.45722145	
-5.53733426702	-1751.45697457	
-5.53864574262	-1751.4567282	
-5.5399555005	-1751.45648236	
-5.54126354516	-1751.45623703	
-5.54256988107	-1751.45599223	
-5.5438745127	-1751.45574793	
-5.54517744448	-1751.45550416	
-5.54647868084	-1751.45526089	
-5.54777822618	-1751.45501814	
-5.5490760849	-1751.45477589	
-5.55037226136	-1751.45453416	
-5.55166675992	-1751.45429293	
-5.55295958492	-1751.4540522	
-5.55425074069	-1751.45381198	
-5.55554023152	-1751.45357226	
-5.5568280617	-1751.45333303	
-5.55811423551	-1751.45309431	
-5.5593987572	-1751.45285608	
-5.56068163102	-1751.45261835	
-5.56196286117	-1751.45238112	
-5.56324245188	-1751.45214437	
-5.56452040732	-1751.45190812	
-5.56579673168	-1751.45167235	
-5.56707142911	-1751.45143707	
-5.56834450376	-1751.45120228	
-5.56961595975	-1751.45096798	
-5.57088580119	-1751.45073415	
-5.57215403218	-1751.45050081	
-5.57342065679	-1751.45026795	
-5.5746856791	-1751.45003557	
-5.57594910315	-1751.44980366	
-5.57721093297	-1751.44957223	
-5.57847117258	-1751.44934128	
-5.57972982599	-1751.44911079	
-5.58098689718	-1751.44888078	
-5.58224239012	-1751.44865124	
-5.58349630878	-1751.44842217	
-5.5847486571	-1751.44819356	
-5.585999439	-1751.44796542	
-5.5872486584	-1751.44773775	
-5.5884963192	-1751.44751054	
-5.58974242528	-1751.44728379	
-5.59098698051	-1751.4470575	
-5.59222998875	-1751.44683166	
-5.59347145384	-1751.44660629	
-5.5947113796	-1751.44638137	
-5.59594976985	-1751.44615691	
-5.59718662839	-1751.4459329	
-5.598421959	-1751.44570934	
-5.59965576545	-1751.44548623	
-5.60088805149	-1751.44526357	
-5.60211882088	-1751.44504136	
-5.60334807733	-1751.44481959	
-5.60457582457	-1751.44459827	
-5.6058020663	-1751.4443774	
-5.60702680619	-1751.44415696	
-5.60825004793	-1751.44393697	
-5.60947179518	-1751.44371742	
-5.61069205159	-1751.4434983	
-5.61191082078	-1751.44327963	
-5.61312810639	-1751.44306139	
-5.61434391201	-1751.44284358	
-5.61555824124	-1751.44262621	
-5.61677109767	-1751.44240927	
-5.61798248485	-1751.44219276	
-5.61919240636	-1751.44197668	
-5.62040086572	-1751.44176102	
-5.62160786647	-1751.4415458	
-5.62281341212	-1751.441331	
-5.62401750619	-1751.44111662	
-5.62522015215	-1751.44090267	
-5.6264213535	-1751.44068914	
-5.62762111369	-1751.44047603	
-5.62881943618	-1751.44026334	
-5.63001632442	-1751.44005107	
-5.63121178182	-1751.43983921	
-5.63240581181	-1751.43962778	
-5.6335984178	-1751.43941675	
-5.63478960317	-1751.43920614	
-5.6359793713	-1751.43899594	
-5.63716772557	-1751.43878615	
-5.63835466933	-1751.43857677	
-5.63954020593	-1751.4383678	
-5.64072433869	-1751.43815924	
-5.64190707094	-1751.43795109	
-5.64308840598	-1751.43774333	
-5.64426834712	-1751.43753599	
-5.64544689764	-1751.43732904	
-5.64662406082	-1751.4371225	
-5.64779983991	-1751.43691636	
-5.64897423816	-1751.43671061	
-5.65014725882	-1751.43650527	
-5.65131890512	-1751.43630032	
-5.65248918027	-1751.43609577	
-5.65365808747	-1751.43589161	
-5.65482562993	-1751.43568784	
-5.65599181082	-1751.43548447	
-5.65715663332	-1751.43528149	
-5.65832010058	-1751.4350789	
-5.65948221576	-1751.43487669	
-5.660642982	-1751.43467488	
-5.66180240242	-1751.43447345	
-5.66296048014	-1751.43427241	
-5.66411721826	-1751.43407175	
-5.66527261989	-1751.43387148	
-5.66642668811	-1751.43367159	
-5.66757942599	-1751.43347207	
-5.6687308366	-1751.43327294	
-5.66988092298	-1751.43307419	
-5.67102968818	-1751.43287582	
-5.67217713524	-1751.43267782	
-5.67332326717	-1751.4324802	
-5.67446808699	-1751.43228296	
-5.67561159769	-1751.43208608	
-5.67675380227	-1751.43188959	
-5.6778947037	-1751.43169346	
-5.67903430497	-1751.4314977	
-5.68017260902	-1751.43130231	
-5.6813096188	-1751.43110729	
-5.68244533727	-1751.43091264	
-5.68357976734	-1751.43071836	
-5.68471291194	-1751.43052444	
-5.68584477397	-1751.43033088	
-5.68697535634	-1751.43013769	
-5.68810466194	-1751.42994486	
-5.68923269364	-1751.42975239	
-5.69035945432	-1751.42956028	
-5.69148494685	-1751.42936854	
-5.69260917406	-1751.42917714	
-5.6937321388	-1751.42898611	
-5.69485384391	-1751.42879543	
-5.69597429221	-1751.42860511	
-5.69709348651	-1751.42841515	
-5.69821142961	-1751.42822553	
-5.69932812431	-1751.42803627	
-5.70044357339	-1751.42784736	
-5.70155777963	-1751.4276588	
-5.7026707458	-1751.42747059	
-5.70378247466	-1751.42728273	
-5.70489296894	-1751.42709522	
-5.70600223139	-1751.42690805	
-5.70711026475	-1751.42672123	
-5.70821707172	-1751.42653475	
-5.70932265503	-1751.42634862	
-5.71042701737	-1751.42616283	
-5.71153016145	-1751.42597738	
-5.71263208993	-1751.42579227	
-5.71373280551	-1751.4256075	
-5.71483231084	-1751.42542307	
-5.71593060859	-1751.42523898	
-5.71702770141	-1751.42505523	
-5.71812359193	-1751.42487181	
-5.71921828279	-1751.42468873	
-5.72031177661	-1751.42450598	
-5.72140407601	-1751.42432356	
-5.72249518359	-1751.42414148	
-5.72358510195	-1751.42395973	
-5.72467383369	-1751.42377831	
-5.72576138137	-1751.42359722	
-5.72684774759	-1751.42341646	
-5.72793293489	-1751.42323603	
-5.72901694583	-1751.42305593	
-5.73009978297	-1751.42287615	
-5.73118144884	-1751.4226967	
-5.73226194598	-1751.42251757	
-5.7333412769	-1751.42233876	
-5.73441944412	-1751.42216028	
-5.73549645015	-1751.42198212	
-5.73657229748	-1751.42180428	
-5.73764698861	-1751.42162676	
-5.73872052602	-1751.42144956	
-5.73979291218	-1751.42127268	
-5.74086414956	-1751.42109612	
-5.74193424062	-1751.42091987	
-5.74300318781	-1751.42074394	
-5.74407099357	-1751.42056833	
-5.74513766034	-1751.42039302	
-5.74620319054	-1751.42021804	
-5.7472675866	-1751.42004336	
-5.74833085092	-1751.419869	
-5.74939298591	-1751.41969494	
-5.75045399397	-1751.4195212	
-5.75151387748	-1751.41934777	
-5.75257263883	-1751.41917464	
-5.75363028038	-1751.41900183	
-5.75468680452	-1751.41882932	
-5.75574221359	-1751.41865711	
-5.75679650994	-1751.41848521	
-5.75784969593	-1751.41831362	
-5.75890177388	-1751.41814233	
-5.75995274612	-1751.41797134	
-5.76100261499	-1751.41780065	
-5.76205138278	-1751.41763027	
-5.76309905181	-1751.41746018	
-5.76414562438	-1751.4172904	
-5.76519110278	-1751.41712091	
-5.7662354893	-1751.41695172	
-5.76727878622	-1751.41678283	
-5.76832099579	-1751.41661424	
-5.7693621203	-1751.41644594	
-5.770402162	-1751.41627794	
-5.77144112313	-1751.41611023	
-5.77247900594	-1751.41594281	
-5.77351581267	-1751.41577569	
-5.77455154554	-1751.41560885	
-5.77558620679	-1751.41544231	
-5.77661979861	-1751.41527606	
-5.77765232322	-1751.4151101	
-5.77868378283	-1751.41494443	
-5.77971417962	-1751.41477905	
-5.78074351579	-1751.41461395	
-5.78177179352	-1751.41444914	
-5.78279901497	-1751.41428461	
-5.78382518233	-1751.41412037	
-5.78485029774	-1751.41395642	
-5.78587436337	-1751.41379275	
-5.78689738137	-1751.41362936	
-5.78791935386	-1751.41346625	
-5.788940283	-1751.41330343	
-5.7899601709	-1751.41314089	
-5.79097901969	-1751.41297862	
-5.79199683148	-1751.41281664	
-5.79301360838	-1751.41265493	
-5.7940293525	-1751.4124935	
-5.79504406593	-1751.41233235	
-5.79605775077	-1751.41217148	
-5.79707040908	-1751.41201088	
-5.79808204295	-1751.41185055	
-5.79909265446	-1751.4116905	
-5.80010224566	-1751.41153073	
-5.80111081862	-1751.41137122	
-5.80211837538	-1751.41121199	
-5.80312491799	-1751.41105303	
-5.80413044849	-1751.41089434	
-5.80513496892	-1751.41073593	
-5.80613848129	-1751.41057778	
-5.80714098764	-1751.4104199	
-5.80814248998	-1751.41026228	
-5.80914299031	-1751.41010494	
