#Site	lnL	
0	-1.32917736844
1	-1.30294414027
2	-13.5227617835
3	-1.32917736844
4	-1.74181820164
5	-5.43484685793
6	-1.32917736844
7	-1.56460852976
8	-4.62238671366
9	-1.80819340088
10	-1.30294414027
11	-8.31854099956
12	-1.34919260971
13	-1.30294414027
14	-14.5099867071
15	-1.63233682344
16	-1.74181820164
17	-6.82332045795
18	-6.40992911618
19	-1.56460852976
20	-6.99377578684
21	-1.63233682344
22	-1.27603031816
23	-5.74958998191
24	-10.2923817257
25	-1.30294414027
26	-4.80077544337
27	-1.32917736844
28	-1.56460852976
29	-3.25210804356
30	-1.34919260971
31	-1.30294414027
32	-4.62238671366
33	-1.63233682344
34	-1.56460852976
35	-8.02916143491
36	-1.63233682344
37	-1.56460852976
38	-6.78719120711
39	-1.63233682344
40	-1.27603031816
41	-10.1067238705
42	-1.32917736844
43	-1.74181820164
44	-4.44828094733
45	-1.32917736844
46	-1.30294414027
47	-9.42480754698
48	-1.32917736844
49	-1.56460852976
50	-5.48279474247
51	-1.63233682344
52	-1.30294414027
53	-14.5855090312
54	-1.32917736844
55	-1.27603031816
56	-9.55941611234
57	-1.80819340088
58	-1.30294414027
59	-4.77716127787
60	-1.32917736844
61	-1.56460852976
62	-4.99061718174
63	-1.80819340088
64	-1.27603031816
65	-6.06382570318
66	-1.80819340088
67	-1.27603031816
68	-7.74626014925
69	-1.34919260971
70	-9.65502239166
71	-8.49559929731
72	-1.34919260971
73	-1.30294414027
74	-4.94623022235
75	-1.34919260971
76	-1.30294414027
77	-3.25210804356
78	-1.80819340088
79	-1.27603031816
80	-4.62238671366
81	-1.63233682344
82	-1.56460852976
83	-5.31258705791
84	-1.63233682344
85	-1.27603031816
86	-3.25210804356
87	-1.80819340088
88	-1.56460852976
89	-8.56618001884
90	-1.80819340088
91	-1.74181820164
92	-8.89460243515
93	-1.32917736844
94	-1.27603031816
95	-5.48279474247
96	-1.34919260971
97	-1.27603031816
98	-3.25210804356
99	-1.63233682344
100	-1.56460852976
101	-3.25210804356
102	-1.80819340088
103	-1.27603031816
104	-3.25210804356
105	-6.76244056213
106	-1.27603031816
107	-9.02029691778
108	-1.32917736844
109	-1.56460852976
110	-3.48866766592
111	-1.63233682344
112	-1.56460852976
113	-3.48866766592
114	-12.734060189
115	-1.56460852976
116	-3.25210804356
117	-1.34919260971
118	-1.27603031816
119	-9.78272466145
120	-1.80819340088
121	-1.30294414027
122	-6.77623554335
123	-1.63233682344
124	-1.30294414027
125	-4.62238671366
126	-1.80819340088
127	-1.27603031816
128	-11.9804433771
129	-1.34919260971
130	-1.56460852976
131	-3.48866766592
132	-7.1053831247
133	-1.74181820164
134	-7.57349338431
135	-1.32917736844
136	-1.74181820164
137	-5.63269900234
138	-6.24373685215
139	-1.27603031816
140	-5.25688296844
141	-1.32917736844
142	-1.30294414027
143	-7.61805314278
144	-1.32917736844
145	-1.74181820164
146	-7.88598791583
147	-1.34919260971
148	-7.63922008341
149	-4.44828094733
150	-1.34919260971
151	-1.56460852976
152	-3.48866766592
153	-1.34919260971
154	-1.27603031816
155	-9.1115716314
156	-1.63233682344
157	-1.27603031816
158	-3.25210804356
159	-12.9284442231
160	-1.27603031816
161	-3.48866766592
162	-8.82116119715
163	-1.56460852976
164	-8.55851050153
165	-1.32917736844
166	-1.56460852976
167	-8.0883018318
168	-1.63233682344
169	-1.56460852976
170	-3.48866766592
171	-1.63233682344
172	-1.27603031816
173	-10.2964853485
174	-1.32917736844
175	-1.30294414027
176	-5.20959011304
177	-1.34919260971
178	-1.74181820164
179	-5.66657304716
180	-1.63233682344
181	-1.30294414027
182	-11.2020594401
183	-1.34919260971
184	-1.56460852976
185	-3.25210804356
186	-1.32917736844
187	-1.30294414027
188	-7.73350305785
189	-1.80819340088
190	-1.30294414027
191	-9.13804249704
192	-1.34919260971
193	-1.30294414027
194	-4.62238671366
195	-1.32917736844
196	-1.56460852976
197	-4.44828094733
198	-1.34919260971
199	-1.56460852976
200	-3.48866766592
201	-1.32917736844
202	-1.30294414027
203	-13.2927771399
204	-1.34919260971
205	-1.74181820164
206	-4.99061718174
207	-1.32917736844
208	-1.74181820164
209	-3.48866766592
210	-1.80819340088
211	-1.30294414027
212	-10.7213799029
213	-1.63233682344
214	-1.30294414027
215	-3.25210804356
216	-1.63233682344
217	-1.30294414027
218	-3.25210804356
219	-1.80819340088
220	-1.56460852976
221	-3.25210804356
222	-1.80819340088
223	-1.74181820164
224	-5.20959011304
225	-1.34919260971
226	-1.27603031816
227	-4.62238671366
228	-9.51264894359
229	-1.27603031816
230	-9.36553518034
231	-1.34919260971
232	-1.27603031816
233	-6.99792857802
234	-1.80819340088
235	-1.56460852976
236	-4.80077544337
237	-1.80819340088
238	-1.56460852976
239	-6.26272378064
240	-1.80819340088
241	-1.56460852976
242	-7.42896535894
243	-1.80819340088
244	-1.56460852976
245	-5.43484685793
246	-1.80819340088
247	-1.27603031816
248	-9.62428988114
249	-1.34919260971
250	-1.30294414027
251	-5.66657304716
252	-1.80819340088
253	-1.56460852976
254	-8.98638239753
255	-1.63233682344
256	-1.56460852976
257	-3.25210804356
258	-1.32917736844
259	-1.56460852976
260	-3.48866766592
261	-1.80819340088
262	-1.30294414027
263	-4.62238671366
264	-1.32917736844
265	-1.30294414027
266	-5.6332901417
267	-7.10807098931
268	-1.56460852976
269	-5.20959011304
270	-1.34919260971
271	-1.30294414027
272	-4.99061718174
273	-1.34919260971
274	-1.27603031816
275	-4.99061718174
276	-1.32917736844
277	-1.74181820164
278	-8.67805305615
279	-1.63233682344
280	-1.30294414027
281	-6.11719782087
282	-1.63233682344
283	-1.27603031816
284	-5.21647326258
285	-1.32917736844
286	-1.27603031816
287	-5.79740280565
288	-1.63233682344
289	-1.56460852976
290	-9.55958638686
291	-1.80819340088
292	-1.74181820164
293	-8.14320745445
294	-1.32917736844
295	-1.30294414027
296	-7.41730496072
297	-1.32917736844
298	-1.30294414027
299	-5.80124128525
300	-1.34919260971
301	-1.27603031816
302	-3.25210804356
303	-1.34919260971
304	-1.74181820164
305	-5.66657304716
306	-1.32917736844
307	-1.74181820164
308	-3.25210804356
309	-1.63233682344
310	-1.27603031816
311	-3.48866766592
312	-7.86923470785
313	-1.56460852976
314	-3.25210804356
315	-1.34919260971
316	-1.56460852976
317	-6.9758423225
318	-1.63233682344
319	-1.74181820164
320	-6.77623554335
321	-1.34919260971
322	-1.74181820164
323	-8.65662299634
324	-9.37052741253
325	-1.74181820164
326	-5.3409235321
327	-1.34919260971
328	-1.56460852976
329	-6.46564091422
330	-1.34919260971
331	-1.30294414027
332	-5.84117793869
333	-1.32917736844
334	-1.56460852976
335	-5.6332901417
336	-1.32917736844
337	-1.27603031816
338	-9.34668389799
339	-6.0022897188
340	-1.56460852976
341	-5.43484685793
342	-1.34919260971
343	-1.30294414027
344	-6.78719120711
345	-1.32917736844
346	-1.30294414027
347	-5.74958998191
348	-1.32917736844
349	-1.56460852976
350	-7.41730496072
351	-1.80819340088
352	-1.74181820164
353	-3.48866766592
354	-1.32917736844
355	-1.30294414027
356	-7.74463348225
357	-8.13039850265
358	-1.27603031816
359	-3.48866766592
360	-1.32917736844
361	-1.56460852976
362	-3.25210804356
363	-1.34919260971
364	-1.56460852976
365	-5.6332901417
366	-1.63233682344
367	-1.74181820164
368	-3.25210804356
369	-8.41738651072
370	-1.27603031816
371	-13.3804405705
372	-1.80819340088
373	-1.56460852976
374	-8.14364476853
375	-1.63233682344
376	-1.30294414027
377	-8.76212917757
378	-1.80819340088
379	-1.74181820164
380	-5.84117793869
381	-1.32917736844
382	-1.27603031816
383	-7.44400157682
384	-8.82116119715
385	-1.27603031816
386	-8.49720665324
387	-1.63233682344
388	-1.74181820164
389	-4.62238671366
390	-1.34919260971
391	-1.30294414027
392	-4.77716127787
393	-1.32917736844
394	-1.56460852976
395	-4.94623022235
396	-1.32917736844
397	-1.56460852976
398	-4.80077544337
399	-1.32917736844
400	-1.56460852976
401	-4.94623022235
402	-1.32917736844
403	-1.27603031816
404	-7.7943386752
405	-1.34919260971
406	-1.30294414027
407	-4.44828094733
408	-1.34919260971
409	-1.27603031816
410	-4.99061718174
411	-1.32917736844
412	-1.56460852976
413	-9.03558726409
414	-1.63233682344
415	-1.27603031816
416	-9.56123361052
417	-1.32917736844
418	-1.30294414027
419	-3.25210804356
420	-1.80819340088
421	-1.27603031816
422	-3.48866766592
423	-1.34919260971
424	-1.27603031816
425	-11.1171748
426	-1.32917736844
427	-1.30294414027
428	-3.25210804356
429	-1.63233682344
430	-1.27603031816
431	-4.44828094733
432	-1.80819340088
433	-6.79750827455
434	-4.44828094733
435	-1.80819340088
436	-1.27603031816
437	-6.77623554335
438	-1.32917736844
439	-1.74181820164
440	-3.25210804356
441	-1.34919260971
442	-1.27603031816
443	-4.99061718174
444	-1.34919260971
445	-1.56460852976
446	-19.5738981614
447	-1.63233682344
448	-1.74181820164
449	-7.88035192735
450	-1.32917736844
451	-1.30294414027
452	-5.3409235321
453	-1.34919260971
454	-1.74181820164
455	-8.37310274806
456	-6.20190368333
457	-1.74181820164
458	-11.8088120452
459	-1.32917736844
460	-1.27603031816
461	-3.25210804356
462	-1.32917736844
463	-1.30294414027
464	-8.98638239753
465	-1.63233682344
466	-1.30294414027
467	-12.4994196108
468	-1.32917736844
469	-1.30294414027
470	-9.18504319832
471	-7.88593932876
472	-1.30294414027
473	-4.44828094733
474	-1.63233682344
475	-1.74181820164
476	-5.31258705791
477	-1.32917736844
478	-1.27603031816
479	-3.48866766592
480	-6.24246833565
481	-1.27603031816
482	-5.25688296844
483	-1.32917736844
484	-1.74181820164
485	-5.43484685793
486	-1.34919260971
487	-1.74181820164
488	-6.11719782087
