#Site	lnL	
0	-14.0235413741
1	-9.60199906968
2	-9.20897784425
3	-13.2970544147
4	-23.2962756319
5	-23.1792218053
6	-10.85470704
7	-13.7060164741
8	-12.3039649565
9	-7.02393224915
10	-18.6625809511
11	-6.78366672004
12	-7.47847194768
13	-12.6356362876
14	-12.7328167743
15	-7.0070323409
16	-19.0989168431
17	-14.8865835599
18	-20.1974600549
19	-21.6854052918
20	-17.5562052429
21	-8.54634417454
22	-19.7814325951
23	-18.548627698
24	-20.9368479265
25	-18.552008133
26	-16.7380939488
27	-18.8885621802
28	-15.0022982743
29	-6.78366667901
30	-8.92999130729
31	-15.768416502
32	-10.4532641653
33	-10.4336035972
34	-16.0100278674
35	-19.5383221861
36	-8.31416357427
37	-17.1826990498
38	-7.53193001306
39	-12.2709636408
40	-7.9921512431
41	-14.4515121769
42	-10.7210833503
43	-17.9374915254
44	-10.3966861658
45	-16.2609856898
46	-9.4995334942
47	-17.1830072199
48	-8.31416357427
49	-8.65278235169
50	-11.6297778306
51	-22.1057262019
52	-13.4470484785
53	-25.7627221411
54	-11.243060188
55	-12.975789094
56	-10.1962905913
57	-5.6541061674
58	-6.86479145682
59	-8.81242469047
60	-12.0342924887
61	-6.37665527223
62	-12.9222899139
63	-12.8371318305
64	-9.65485155719
65	-7.47847194768
66	-5.71668390078
67	-7.62544143145
68	-5.71668390078
69	-11.0581224423
70	-13.0142368814
71	-12.3341507358
72	-9.61097715262
73	-12.0735231451
74	-6.1533153075
75	-8.61708514599
76	-25.5665613449
77	-14.5405363422
78	-17.3243802158
79	-13.8396348668
80	-12.8115766047
81	-13.9331260835
82	-6.67335393009
83	-13.0899806477
84	-13.9434027748
85	-5.6541061674
86	-10.4140029842
87	-19.6807169779
88	-8.07437131187
89	-9.24743275904
90	-10.0808025598
91	-10.9707498518
92	-8.07437131187
93	-8.27623707935
94	-5.94959166214
95	-21.8576767319
96	-11.5839010222
97	-6.75931590844
98	-13.7928342932
99	-16.6653558665
100	-6.86479145682
101	-6.56709741805
102	-9.164614868
103	-12.325818364
104	-24.1179432319
105	-16.5498280986
106	-6.46728880192
107	-7.75239009333
108	-8.86329917673
109	-12.815941261
110	-5.94959166214
111	-14.4583761569
112	-9.14785604875
113	-7.59661982001
114	-24.5854548469
115	-6.56709741805
116	-7.02393224915
117	-11.4708349597
118	-8.12864803442
119	-6.67335393009
120	-10.9345215277
121	-21.643110308
122	-12.8143498557
123	-7.76130664259
124	-7.93812087906
125	-10.0914926573
126	-17.2686201708
127	-10.2712559307
128	-11.4368958504
129	-10.2412465556
130	-5.71668390078
131	-12.0124585794
132	-5.6541061674
133	-12.2888133713
134	-17.7353544894
135	-8.12864803442
136	-11.7585807067
137	-16.9573636303
138	-7.56036319757
139	-7.42625451353
140	-8.93085383932
141	-10.2489407429
142	-15.5679646225
143	-7.59661982001
144	-10.3436439529
145	-7.99215121771
146	-5.94959166214
147	-19.7700525462
148	-16.504280879
149	-13.9935026627
150	-18.2014948754
151	-13.2731798375
152	-10.5498117088
153	-12.1804486025
154	-8.12864803442
155	-18.6271460305
156	-11.9789012948
157	-10.2660160955
158	-17.1696260904
159	-15.9208307638
160	-7.37279112439
161	-7.79624240321
162	-10.3714261681
