-6.966175179383502503e-01
-5.717053671161452799e-01
-8.475542944327292272e-01
2.700207282622907989e+00
-3.519477416573497108e-01
9.865590843936811530e-03
9.865590843936773366e-03
-6.469791722450370486e+00
-4.096906852079837513e+00
-4.248461757971713659e+00
-4.230459659056548638e+00
-7.558041776527417710e+00
-6.139981541766635686e+00
-6.154038037327415722e+00
-5.051710381682377182e+00
-5.886043433616013232e+00
-5.443788613553634192e+00
-5.618870940727637375e+00
-5.988105201517689657e+00
1.000000000000000021e-08
