#Site	lnL	
0	-19.3356063822
1	-20.3358653732
2	-19.4344070036
3	-13.7212513672
4	-29.0137230493
5	-25.8106783282
6	-12.7441400911
7	-12.7441400911
8	-29.2511617739
9	-12.0508346541
10	-18.1540186876
11	-13.8813119525
12	-20.4326410499
13	-28.9105313121
14	-21.0016280741
15	-18.8861779794
16	-14.4089188741
17	-14.248860593
18	-23.3025650423
19	-26.8869285415
20	-22.3238270254
21	-23.7938599513
22	-24.4188328902
23	-18.0235053797
24	-15.3102428312
25	-12.7070394659
26	-25.9719615502
27	-19.9561423584
28	-16.2876103479
29	-23.8873118921
30	-17.3744479638
31	-44.4456575811
32	-12.5825173386
33	-16.9467342411
34	-12.4208319716
35	-23.705683803
36	-22.4780398978
37	-12.7070394659
38	-28.101927704
39	-19.6803158084
40	-19.9531597546
41	-19.8376203855
42	-19.3032572295
43	-12.5825173386
44	-41.2504739604
45	-13.7351376441
46	-12.0508346541
47	-17.4163240559
48	-14.2060716838
49	-19.8445250486
50	-22.4738358351
51	-25.5186516855
52	-15.2427338272
53	-12.0508346541
54	-28.2982723122
55	-13.7358648753
56	-12.5825173386
57	-12.7163395951
58	-17.2957956105
59	-20.3015714935
60	-20.810734197
61	-17.0785369631
62	-15.3596742243
63	-13.1101238048
64	-17.446704702
65	-22.1926195215
66	-17.4531115702
67	-18.5481676072
68	-18.6917513016
69	-19.890451025
70	-19.5269552766
71	-17.3232378345
72	-17.9484221604
73	-18.1797280546
74	-29.8746758375
75	-27.6960709034
76	-16.4818293492
77	-19.0773199275
78	-16.5615152671
79	-15.8068845058
80	-13.3476592293
81	-20.6015743779
82	-45.284096298
83	-21.2106474102
84	-13.7358648753
85	-23.9326239006
86	-13.7998624106
87	-14.7897696054
88	-23.2398541049
89	-28.9666864979
90	-12.4208319716
91	-33.3646095134
92	-12.7070394659
93	-18.3296341294
94	-13.7358648753
95	-30.0908356852
96	-23.5666656465
97	-34.6985824503
98	-13.8287491788
99	-18.3181248146
100	-16.9537355247
101	-24.1211734339
102	-23.8987731105
103	-22.2840137239
104	-20.9351373064
105	-31.5821015762
106	-22.0383458136
107	-21.5217710792
108	-25.2707875478
109	-20.4148473051
110	-21.0526666076
111	-16.522284254
112	-24.1492832364
113	-30.0896812298
114	-47.5352899226
115	-19.4162677317
116	-15.3365490557
117	-23.4401422517
118	-16.8686635831
119	-19.9364710884
120	-20.0970761143
121	-12.4208319716
122	-29.2090374408
123	-23.4000993561
124	-13.085224621
125	-12.4208319716
126	-20.7957487562
127	-18.7034883482
128	-18.4871848854
129	-29.6591497762
130	-23.252383818
131	-20.6349402763
132	-27.086775711
133	-15.0500596191
134	-18.5394259351
135	-13.619018988
136	-14.2996732549
137	-19.1195156434
138	-21.9046548104
139	-35.4463031898
140	-25.2812756082
141	-13.085224621
142	-23.0676080727
143	-13.085224621
144	-35.6176014351
145	-24.6523070615
146	-13.1503491959
147	-14.2996731943
148	-21.6085427077
149	-12.5825173386
150	-22.4734828349
151	-35.9274794546
152	-21.3446296662
153	-14.7897696054
154	-15.0294351274
155	-30.558115229
156	-19.8137267955
157	-18.7093605065
158	-12.4208319716
159	-19.4268408041
160	-19.0392358987
161	-25.7988367647
162	-34.1796410725
