#Site	lnL	
0	-1.85664003893
1	-2.31203529614
2	-10.272908773
3	-1.83468437274
4	-1.85178073825
5	-10.0434405075
6	-2.31794692086
7	-7.6628381173
8	-5.19751173997
9	-1.85664003893
10	-2.0721753398
11	-10.1306050225
12	-1.83468437274
13	-2.31203529614
14	-11.991061607
15	-1.83468437274
16	-6.55939537074
17	-2.88453966131
18	-2.07798149457
19	-1.85178073825
20	-8.00205486629
21	-1.85664003893
22	-6.6342744389
23	-6.7461949436
24	-1.85664003893
25	-1.83064203617
26	-5.26377185706
27	-2.07798149457
28	-1.85178073825
29	-11.2669984735
30	-2.31794692086
31	-1.85178073825
32	-5.60734296159
33	-2.07798149457
34	-2.0721753398
35	-2.31910904869
36	-2.31794692086
37	-2.31203529614
38	-8.34756133561
39	-1.83468437274
40	-2.0721753398
41	-7.53312384006
42	-1.85664003893
43	-6.83562140604
44	-11.1495124235
45	-1.85664003893
46	-1.83064203617
47	-9.2861155976
48	-6.82241846851
49	-1.83064203617
50	-9.27431649981
51	-1.85664003893
52	-2.0721753398
53	-5.36488837525
54	-2.07798149457
55	-2.0721753398
56	-8.26810524069
57	-1.83468437274
58	-8.0331212542
59	-6.66077106514
60	-2.31794692086
61	-1.85178073825
62	-9.15695274733
63	-1.83468437274
64	-1.85178073825
65	-19.6143139741
66	-2.07798149457
67	-1.85178073825
68	-9.63976117043
69	-2.07798149457
70	-2.0721753398
71	-6.97284312455
72	-1.83468437274
73	-1.85178073825
74	-11.5790831867
75	-1.83468437274
76	-1.85178073825
77	-7.22535759417
78	-1.85664003893
79	-1.83064203617
80	-10.3744828469
81	-2.31794692086
82	-2.31203529614
83	-11.1495124235
84	-1.85664003893
85	-11.0055422843
86	-9.27431649981
87	-1.83468437274
88	-2.0721753398
89	-2.88453966131
90	-6.56833809213
91	-1.83064203617
92	-6.51359539482
93	-1.85664003893
94	-12.5197215766
95	-2.21978042571
96	-1.85664003893
97	-1.85178073825
98	-5.40806721514
99	-2.31794692086
100	-1.83064203617
101	-9.31207470473
102	-1.85664003893
103	-1.85178073825
104	-2.88453966131
105	-2.31794692086
106	-2.31203529614
107	-11.951908587
108	-10.7059985357
109	-1.85178073825
110	-2.63236312023
111	-2.31794692086
112	-2.0721753398
113	-2.21978042571
114	-1.85664003893
115	-2.0721753398
116	-9.2229844908
117	-1.85664003893
118	-1.83064203617
119	-5.19751173997
120	-2.31794692086
121	-2.31203529614
122	-6.44691467697
123	-2.31794692086
124	-2.0721753398
125	-2.88453966131
126	-1.83468437274
127	-1.83064203617
128	-6.97284312455
129	-2.07798149457
130	-2.31203529614
131	-2.31910904869
132	-12.8824963943
133	-1.85178073825
134	-9.15695274733
135	-1.85664003893
136	-2.0721753398
137	-6.30634496705
138	-2.07798149457
139	-1.83064203617
140	-14.6503142969
141	-2.31794692086
142	-2.31203529614
143	-6.49060478905
144	-2.07798149457
145	-1.83064203617
146	-9.1471612326
147	-6.60084381072
148	-1.83064203617
149	-2.31910904869
150	-2.07798149457
151	-2.31203529614
152	-9.98978419218
153	-1.83468437274
154	-1.83064203617
155	-2.63236312023
156	-1.85664003893
157	-7.6628381173
158	-2.88453966131
159	-1.85664003893
160	-2.0721753398
161	-2.63236312023
162	-2.31794692086
163	-1.83064203617
164	-2.88453966131
165	-1.83468437274
166	-2.31203529614
167	-8.26810524069
168	-2.31794692086
169	-2.0721753398
170	-5.04311155984
171	-1.83468437274
172	-1.83064203617
173	-2.31910904869
174	-2.31794692086
175	-1.85178073825
176	-12.1419537868
177	-1.85664003893
178	-6.86791917128
179	-2.21978042571
180	-1.83468437274
181	-2.0721753398
182	-2.31910904869
183	-2.31794692086
184	-2.0721753398
185	-2.21978042571
186	-2.07798149457
187	-1.83064203617
188	-8.02254231314
189	-12.3471663764
190	-2.0721753398
191	-12.0280887466
192	-2.07798149457
193	-2.0721753398
194	-5.04311155984
195	-1.85664003893
196	-1.85178073825
197	-2.88453966131
198	-1.85664003893
199	-1.83064203617
200	-7.42476100526
201	-2.07798149457
202	-2.31203529614
203	-5.15141620094
204	-6.28349457321
205	-1.83064203617
206	-2.31910904869
207	-1.83468437274
208	-1.83064203617
209	-4.98619277994
210	-2.31794692086
211	-1.83064203617
212	-7.98562656738
213	-1.85664003893
214	-1.85178073825
215	-21.7474283167
216	-2.31794692086
217	-2.0721753398
218	-15.0530496239
219	-2.07798149457
220	-8.23247274152
221	-2.21978042571
222	-2.07798149457
223	-8.05163570646
224	-2.21978042571
225	-1.85664003893
226	-2.0721753398
227	-9.15695274733
228	-2.07798149457
229	-2.31203529614
230	-6.49060478905
231	-1.83468437274
232	-2.0721753398
233	-2.31910904869
234	-1.85664003893
235	-2.0721753398
236	-2.21978042571
237	-2.31794692086
238	-1.83064203617
239	-11.7444003494
240	-2.31794692086
241	-2.0721753398
242	-9.69313938997
243	-2.31794692086
244	-1.85178073825
245	-7.22535759417
246	-1.83468437274
247	-1.85178073825
248	-2.31910904869
249	-1.83468437274
250	-2.0721753398
251	-9.41630429735
252	-9.12710853109
253	-1.83064203617
254	-2.21978042571
255	-1.85664003893
256	-6.39750387732
257	-11.061237104
258	-1.85664003893
259	-1.85178073825
260	-2.21978042571
261	-1.85664003893
262	-2.0721753398
263	-10.2607095842
264	-1.85664003893
265	-2.31203529614
266	-13.892536744
267	-1.85664003893
268	-2.31203529614
269	-2.88453966131
270	-1.83468437274
271	-2.31203529614
272	-2.21978042571
273	-2.31794692086
274	-2.31203529614
275	-5.04311155984
276	-2.07798149457
277	-1.83064203617
278	-2.21978042571
279	-1.83468437274
280	-1.85178073825
281	-2.63236312023
282	-1.83468437274
283	-1.83064203617
284	-6.41466801544
285	-6.28349457321
286	-2.31203529614
287	-15.6353944104
288	-2.31794692086
289	-1.83064203617
290	-2.21978042571
291	-1.85664003893
292	-1.83064203617
293	-9.46249338041
294	-2.31794692086
295	-1.85178073825
296	-7.73625360642
297	-1.83468437274
298	-1.83064203617
299	-10.7245722042
300	-1.83468437274
301	-2.0721753398
302	-8.97570184033
303	-2.31794692086
304	-1.85178073825
305	-11.8922200859
306	-1.85664003893
307	-1.85178073825
308	-5.19751173997
309	-1.83468437274
310	-2.0721753398
311	-15.5631820567
312	-2.07798149457
313	-1.85178073825
314	-11.8894284136
315	-1.83468437274
316	-2.0721753398
317	-2.21978042571
318	-2.31794692086
319	-2.0721753398
320	-12.1385892111
321	-1.85664003893
322	-1.83064203617
323	-5.26393492301
324	-2.31794692086
325	-2.31203529614
326	-5.15141620094
327	-2.31794692086
328	-2.0721753398
329	-5.04311155984
330	-1.83468437274
331	-1.83064203617
332	-6.77036996137
333	-1.83468437274
334	-2.31203529614
335	-5.15141620094
336	-1.85664003893
337	-1.83064203617
338	-5.26377185706
339	-2.31794692086
340	-1.83064203617
341	-5.15141620094
342	-2.07798149457
343	-1.83064203617
344	-2.21978042571
345	-2.07798149457
346	-6.5411929805
347	-7.17588775317
348	-2.31794692086
349	-2.31203529614
350	-13.0609490265
351	-1.85664003893
352	-8.06784137715
353	-7.47791969195
354	-2.07798149457
355	-2.31203529614
356	-5.15141620094
357	-2.31794692086
358	-1.85178073825
359	-2.31910904869
360	-2.31794692086
361	-1.83064203617
362	-6.97284312455
363	-1.85664003893
364	-2.0721753398
365	-2.21978042571
366	-1.85664003893
367	-1.85178073825
368	-2.88453966131
369	-6.27378904359
370	-1.85178073825
371	-8.40627958971
372	-2.07798149457
373	-2.0721753398
374	-5.05217184298
375	-2.31794692086
376	-2.0721753398
377	-6.97284312455
378	-2.31794692086
379	-2.0721753398
380	-2.31910904869
381	-6.58870449265
382	-1.83064203617
383	-4.98619277994
384	-11.6117521852
385	-1.83064203617
386	-5.40806721514
387	-1.83468437274
388	-1.83064203617
389	-2.31910904869
390	-1.83468437274
391	-1.83064203617
392	-5.05217184298
393	-2.31794692086
394	-1.83064203617
395	-7.72287855042
396	-1.83468437274
397	-1.83064203617
398	-2.21978042571
399	-1.85664003893
400	-1.83064203617
401	-15.800170722
402	-1.83468437274
403	-1.83064203617
404	-7.37907875527
405	-10.5122063632
406	-1.85178073825
407	-15.4131592961
408	-10.6481800498
409	-1.83064203617
410	-10.0098458864
411	-1.83468437274
412	-2.0721753398
413	-11.0235626371
414	-2.07798149457
415	-2.0721753398
416	-5.15141620094
417	-2.07798149457
418	-2.0721753398
419	-6.93795204287
420	-6.60084381072
421	-1.85178073825
422	-5.04311155984
423	-2.31794692086
424	-1.83064203617
425	-9.03929491178
426	-2.07798149457
427	-1.83064203617
428	-10.4761093791
429	-10.4042574318
430	-1.83064203617
431	-7.03632671874
432	-1.83468437274
433	-1.85178073825
434	-9.73920701735
435	-2.07798149457
436	-1.85178073825
437	-6.97454578108
438	-1.85664003893
439	-1.85178073825
440	-13.1848452126
441	-2.07798149457
442	-2.0721753398
443	-2.31910904869
444	-2.31794692086
445	-1.83064203617
446	-6.30634496705
447	-1.85664003893
448	-7.91461683171
449	-2.31910904869
450	-1.85664003893
451	-1.83064203617
452	-5.19751173997
453	-1.85664003893
454	-2.0721753398
455	-5.26393492301
456	-1.83468437274
457	-1.83064203617
458	-5.26377185706
459	-1.85664003893
460	-1.85178073825
461	-7.15739268845
462	-2.07798149457
463	-1.83064203617
464	-7.15736813042
465	-2.07798149457
466	-1.83064203617
467	-2.21978042571
468	-2.07798149457
469	-1.83064203617
470	-5.05217184298
471	-2.07798149457
472	-2.0721753398
473	-9.98115233545
474	-1.83468437274
475	-2.31203529614
476	-2.31910904869
477	-1.83468437274
478	-1.83064203617
479	-9.28239130116
480	-2.31794692086
481	-1.83064203617
482	-7.60425825561
483	-2.07798149457
484	-1.85178073825
485	-6.41466801544
486	-1.83468437274
487	-2.31203529614
488	-13.8710766543
