-8.284231152999697034e-01
-5.313069368083744859e-01
-8.699698966237331410e-01
2.404429545966822346e+00
-3.255839624734312432e-01
3.006482543402265950e+00
-3.212555831986052546e-01
-2.251615103729664558e+00
-5.306343990747443229e+00
-6.854046604984413094e+00
-4.695281207094252451e+00
-4.991212758222072665e+00
-7.275904176654847788e+00
-6.794358575921339849e+00
-6.502751956412747170e+00
-5.364652709618039417e+00
-7.277142406352295367e+00
-5.910714241683074910e+00
-5.744004954361845883e+00
-6.785146336347872342e+00
