#Site	lnL	
0	-1.63233682344
1	-6.58511677384
2	-5.43484685793
3	-1.80819340088
4	-1.74181820164
5	-9.25181815186
6	-1.34919260971
7	-1.30294414027
8	-6.87389730953
9	-1.34919260971
10	-1.56460852976
11	-8.11339258113
12	-1.34919260971
13	-12.0800862946
14	-6.05117315627
15	-1.34919260971
16	-10.6727004056
17	-8.94635523176
18	-1.32917736844
19	-1.30294414027
20	-4.62238671366
21	-1.63233682344
22	-1.30294414027
23	-6.30547576364
24	-1.80819340088
25	-1.30294414027
26	-3.25210804356
27	-1.34919260971
28	-1.74181820164
29	-6.51639729066
30	-1.34919260971
31	-1.74181820164
32	-4.62238671366
33	-1.32917736844
34	-1.56460852976
35	-5.80124128525
36	-1.34919260971
37	-1.30294414027
38	-7.41730496072
39	-1.34919260971
40	-1.56460852976
41	-3.25210804356
42	-1.32917736844
43	-1.27603031816
44	-3.25210804356
45	-1.34919260971
46	-1.74181820164
47	-10.234844017
48	-1.34919260971
49	-1.56460852976
50	-3.48866766592
51	-1.34919260971
52	-1.56460852976
53	-10.4570410256
54	-1.34919260971
55	-1.56460852976
56	-6.67168052559
57	-7.27353360913
58	-1.74181820164
59	-10.2912611538
60	-1.63233682344
61	-7.71344812119
62	-15.2300003275
63	-1.63233682344
64	-1.74181820164
65	-7.7943386752
66	-1.63233682344
67	-1.30294414027
68	-7.33392081814
69	-1.34919260971
70	-1.30294414027
71	-3.25210804356
72	-6.40992911618
73	-1.74181820164
74	-10.1339107439
75	-1.32917736844
76	-1.74181820164
77	-3.48866766592
78	-1.34919260971
79	-1.74181820164
80	-3.25210804356
81	-1.34919260971
82	-1.27603031816
83	-4.80077544337
84	-1.63233682344
85	-1.74181820164
86	-4.62238671366
87	-1.80819340088
88	-1.74181820164
89	-3.48866766592
90	-1.32917736844
91	-1.56460852976
92	-6.67168052559
93	-1.34919260971
94	-1.30294414027
95	-4.99061718174
96	-1.80819340088
97	-1.27603031816
98	-6.51639729066
99	-1.80819340088
100	-1.30294414027
101	-5.6332901417
102	-1.63233682344
103	-1.56460852976
104	-7.28236772226
105	-1.32917736844
106	-1.56460852976
107	-8.85478196068
108	-1.32917736844
109	-1.30294414027
110	-3.48866766592
111	-1.32917736844
112	-1.74181820164
113	-14.2616469582
114	-1.63233682344
115	-1.74181820164
116	-4.80077544337
117	-1.34919260971
118	-1.74181820164
119	-8.82358166771
120	-1.32917736844
121	-1.30294414027
122	-6.11719782087
123	-8.82116119715
124	-1.27603031816
125	-4.94623022235
126	-6.0022897188
127	-1.27603031816
128	-5.6332901417
129	-1.34919260971
130	-1.74181820164
131	-9.34694350523
132	-1.80819340088
133	-6.9950931832
134	-12.6588565112
135	-1.63233682344
136	-1.27603031816
137	-3.48866766592
138	-7.22222642644
139	-1.27603031816
140	-3.48866766592
141	-1.34919260971
142	-1.30294414027
143	-7.85042672111
144	-1.34919260971
145	-1.30294414027
146	-3.25210804356
147	-1.32917736844
148	-1.30294414027
149	-9.11618228568
150	-1.34919260971
151	-1.30294414027
152	-7.09761189472
153	-1.34919260971
154	-1.30294414027
155	-9.04329515961
156	-1.80819340088
157	-1.30294414027
158	-10.234844017
159	-1.32917736844
160	-1.74181820164
161	-7.28834129715
162	-1.63233682344
163	-1.74181820164
164	-3.25210804356
165	-1.80819340088
166	-1.56460852976
167	-8.11339258113
168	-7.86923470785
169	-1.74181820164
170	-10.6053818874
171	-1.80819340088
172	-7.32703428843
173	-7.15470627759
174	-1.63233682344
175	-1.27603031816
176	-4.94623022235
177	-1.34919260971
178	-1.27603031816
179	-3.25210804356
180	-1.80819340088
181	-1.30294414027
182	-4.99061718174
183	-1.80819340088
184	-1.30294414027
185	-7.6187084251
186	-1.63233682344
187	-1.27603031816
188	-8.37532554907
189	-1.32917736844
190	-1.27603031816
191	-7.78051148368
192	-1.34919260971
193	-1.30294414027
194	-9.0683807702
195	-1.32917736844
196	-1.30294414027
197	-10.391642326
198	-1.32917736844
199	-7.84632189557
200	-3.25210804356
201	-1.63233682344
202	-1.27603031816
203	-5.8464788518
204	-1.32917736844
205	-1.30294414027
206	-3.48866766592
207	-1.32917736844
208	-1.27603031816
209	-4.62238671366
210	-1.63233682344
211	-1.56460852976
212	-6.51639729066
213	-1.63233682344
214	-1.56460852976
215	-6.67183550128
216	-1.34919260971
217	-1.56460852976
218	-11.2881402943
219	-1.63233682344
220	-1.30294414027
221	-4.62238671366
222	-1.34919260971
223	-1.27603031816
224	-3.25210804356
225	-1.63233682344
226	-7.48993904273
227	-4.44828094733
228	-1.63233682344
229	-1.74181820164
230	-3.25210804356
231	-1.80819340088
232	-1.27603031816
233	-6.11719782087
234	-7.07586931358
235	-1.56460852976
236	-9.56123361052
237	-1.32917736844
238	-1.30294414027
239	-3.25210804356
240	-1.80819340088
241	-1.56460852976
242	-3.25210804356
243	-1.80819340088
244	-1.27603031816
245	-7.35074142669
246	-1.80819340088
247	-1.30294414027
248	-5.43484685793
249	-1.32917736844
250	-1.30294414027
251	-4.44828094733
252	-10.7959961276
253	-1.30294414027
254	-7.28236772226
255	-1.34919260971
256	-1.27603031816
257	-4.62238671366
258	-1.63233682344
259	-1.27603031816
260	-4.44828094733
261	-1.80819340088
262	-1.56460852976
263	-7.98675017166
264	-1.32917736844
265	-7.86929005586
266	-6.51639729066
267	-7.07586931358
268	-1.56460852976
269	-8.55851050153
270	-1.34919260971
271	-1.74181820164
272	-8.18439567345
273	-1.34919260971
274	-6.78808682683
275	-8.21807061859
276	-1.63233682344
277	-1.30294414027
278	-9.58365038563
279	-1.80819340088
280	-1.27603031816
281	-4.99061718174
282	-1.80819340088
283	-1.30294414027
284	-4.62238671366
285	-1.34919260971
286	-1.74181820164
287	-6.98449188715
288	-1.34919260971
289	-1.30294414027
290	-5.84117793869
291	-1.63233682344
292	-1.30294414027
293	-7.67112496495
294	-1.80819340088
295	-1.27603031816
296	-8.83976837596
297	-1.34919260971
298	-1.74181820164
299	-6.14350021704
300	-8.17486754444
301	-1.56460852976
302	-6.14983470698
303	-1.63233682344
304	-1.56460852976
305	-8.86664834616
306	-1.32917736844
307	-1.30294414027
308	-4.77716127787
309	-1.32917736844
310	-1.27603031816
311	-6.14983470698
312	-1.80819340088
313	-1.74181820164
314	-10.5529661772
315	-7.31624090989
316	-1.74181820164
317	-5.80124128525
318	-1.34919260971
319	-1.30294414027
320	-4.94623022235
321	-1.32917736844
322	-1.56460852976
323	-4.62238671366
324	-1.80819340088
325	-1.30294414027
326	-4.44828094733
327	-1.34919260971
328	-1.27603031816
329	-7.62051619892
330	-1.32917736844
331	-1.27603031816
332	-8.01103946892
333	-1.32917736844
334	-1.30294414027
335	-4.44828094733
336	-1.32917736844
337	-1.30294414027
338	-9.00353796622
339	-1.63233682344
340	-1.56460852976
341	-10.2128481009
342	-7.19721054238
343	-1.27603031816
344	-3.25210804356
345	-1.32917736844
346	-1.27603031816
347	-12.770198762
348	-1.34919260971
349	-1.74181820164
350	-7.35074142669
351	-7.1053831247
352	-1.30294414027
353	-10.9541012761
354	-1.80819340088
355	-1.27603031816
356	-3.48866766592
357	-1.80819340088
358	-1.27603031816
359	-3.48866766592
360	-7.31624090989
361	-1.74181820164
362	-9.24297891167
363	-1.34919260971
364	-1.74181820164
365	-12.1233890431
366	-1.80819340088
367	-1.27603031816
368	-7.10627730932
369	-1.34919260971
370	-1.56460852976
371	-3.25210804356
372	-1.32917736844
373	-1.27603031816
374	-7.30503156015
375	-1.32917736844
376	-1.30294414027
377	-4.99061718174
378	-1.34919260971
379	-1.74181820164
380	-9.13410931409
381	-1.80819340088
382	-1.30294414027
383	-8.48586690812
384	-1.34919260971
385	-1.56460852976
386	-6.51639729066
387	-1.32917736844
388	-1.27603031816
389	-3.25210804356
390	-1.32917736844
391	-1.30294414027
392	-6.67168052559
393	-1.80819340088
394	-1.56460852976
395	-6.14350021704
396	-1.32917736844
397	-9.83296558648
398	-15.2034030724
399	-1.80819340088
400	-1.27603031816
401	-6.14350021704
402	-1.32917736844
403	-1.30294414027
404	-7.57349338431
405	-1.34919260971
406	-1.56460852976
407	-4.99061718174
408	-1.63233682344
409	-1.56460852976
410	-3.48866766592
411	-1.80819340088
412	-1.74181820164
413	-5.8464788518
414	-1.63233682344
415	-1.74181820164
416	-9.48974910671
417	-1.34919260971
418	-1.30294414027
419	-4.44828094733
420	-1.80819340088
421	-1.74181820164
422	-9.33463592008
423	-1.32917736844
424	-1.74181820164
425	-10.1840087438
426	-1.32917736844
427	-1.27603031816
428	-7.20289779509
429	-1.63233682344
430	-1.56460852976
431	-7.85042672111
432	-1.32917736844
433	-1.30294414027
434	-3.48866766592
435	-1.80819340088
436	-1.30294414027
437	-13.5540618072
438	-7.13337738854
439	-1.56460852976
440	-3.25210804356
441	-1.32917736844
442	-7.71344812119
443	-3.25210804356
444	-1.32917736844
445	-1.56460852976
446	-9.11129460125
447	-1.80819340088
448	-1.56460852976
449	-7.82644072528
450	-1.32917736844
451	-1.30294414027
452	-3.25210804356
453	-7.10807098931
454	-1.74181820164
455	-9.03558726409
456	-1.34919260971
457	-1.74181820164
458	-3.48866766592
459	-1.32917736844
460	-1.56460852976
461	-6.14350021704
462	-1.63233682344
463	-1.27603031816
464	-12.239480038
465	-1.80819340088
466	-1.27603031816
467	-3.25210804356
468	-1.34919260971
469	-1.56460852976
470	-7.44400157682
471	-1.32917736844
472	-1.56460852976
473	-8.56618001884
474	-1.80819340088
475	-1.27603031816
476	-6.05117315627
477	-1.63233682344
478	-1.30294414027
479	-6.05117315627
480	-1.34919260971
481	-1.74181820164
482	-12.0907081711
483	-1.80819340088
484	-1.74181820164
485	-12.4809752499
486	-1.80819340088
487	-1.27603031816
488	-3.48866766592
