#Site	lnL	
0	-2.00477564689
1	-2.23846087284
2	-2.59682571173
3	-2.30098298346
4	-1.95546759026
5	-4.94124633546
6	-2.00477564689
7	-1.97004338104
8	-6.8881873936
9	-2.00477564689
10	-8.22865323095
11	-8.80178918727
12	-2.30098298346
13	-2.23846087284
14	-5.12375235161
15	-2.30098298346
16	-2.48763469175
17	-5.03628309122
18	-2.01058479358
19	-1.95546759026
20	-13.412553872
21	-2.01058479358
22	-2.23846087284
23	-10.5093705467
24	-2.01058479358
25	-2.48763469175
26	-7.36818176118
27	-2.00477564689
28	-2.23846087284
29	-5.12375235161
30	-2.00477564689
31	-1.95546759026
32	-3.30157772159
33	-2.01058479358
34	-2.23846087284
35	-14.0676638567
36	-2.00477564689
37	-1.97004338104
38	-11.3640677306
39	-6.14443107011
40	-1.95546759026
41	-3.05631219796
42	-2.30098298346
43	-1.95546759026
44	-7.53219253587
45	-2.01058479358
46	-9.62099336001
47	-5.27742277432
48	-2.00477564689
49	-1.97004338104
50	-5.68986650149
51	-2.00477564689
52	-2.23846087284
53	-5.03628309122
54	-2.30098298346
55	-1.97004338104
56	-9.40484228654
57	-8.74729929325
58	-1.97004338104
59	-2.59682571173
60	-2.54953725496
61	-1.95546759026
62	-5.66203635552
63	-2.01058479358
64	-6.91200640635
65	-2.49855584379
66	-2.01058479358
67	-2.23846087284
68	-8.57184522588
69	-2.00477564689
70	-1.95546759026
71	-6.34809959998
72	-2.30098298346
73	-1.97004338104
74	-5.68986650149
75	-2.54953725496
76	-15.4496852834
77	-10.0808093957
78	-2.00477564689
79	-1.97004338104
80	-2.59682571173
81	-2.30098298346
82	-2.23846087284
83	-3.05631219796
84	-10.1233239906
85	-1.95546759026
86	-5.66203635552
87	-2.01058479358
88	-2.23846087284
89	-2.59682571173
90	-2.01058479358
91	-2.23846087284
92	-17.3615430359
93	-2.54953725496
94	-2.23846087284
95	-6.19369999442
96	-2.01058479358
97	-1.97004338104
98	-2.49855584379
99	-2.00477564689
100	-1.95546759026
101	-10.4032561568
102	-2.00477564689
103	-1.95546759026
104	-12.5487976734
105	-11.4607959663
106	-1.95546759026
107	-2.49855584379
108	-2.01058479358
109	-1.97004338104
110	-11.1052500964
111	-2.01058479358
112	-2.23846087284
113	-5.64466884232
114	-2.01058479358
115	-1.97004338104
116	-8.76485898872
117	-2.01058479358
118	-1.97004338104
119	-6.69544715762
120	-2.54953725496
121	-1.97004338104
122	-10.2816224087
123	-2.01058479358
124	-1.97004338104
125	-9.18163381303
126	-2.30098298346
127	-2.48763469175
128	-14.844160837
129	-2.01058479358
130	-1.95546759026
131	-21.0605242072
132	-6.46801616897
133	-1.97004338104
134	-2.49855584379
135	-2.54953725496
136	-1.97004338104
137	-5.96251269555
138	-2.30098298346
139	-12.8476729077
140	-2.59682571173
141	-2.30098298346
142	-2.23846087284
143	-2.49855584379
144	-6.74209334928
145	-8.22865323095
146	-3.05631219796
147	-2.00477564689
148	-1.95546759026
149	-6.99992619215
150	-2.54953725496
151	-1.97004338104
152	-17.9399484063
153	-2.01058479358
154	-1.95546759026
155	-8.83877402089
156	-2.00477564689
157	-1.95546759026
158	-3.30157772159
159	-2.01058479358
160	-2.48763469175
161	-2.49855584379
162	-2.30098298346
163	-2.23846087284
164	-16.0816465275
165	-2.00477564689
166	-2.23846087284
167	-21.0345842636
168	-2.01058479358
169	-1.95546759026
170	-6.40235602339
171	-2.54953725496
172	-1.97004338104
173	-16.7646142847
174	-2.00477564689
175	-2.48763469175
176	-11.1288614749
177	-2.01058479358
178	-1.95546759026
179	-3.05631219796
180	-8.02039915352
181	-2.23846087284
182	-5.20497380909
183	-2.01058479358
184	-2.48763469175
185	-8.74677661922
186	-2.00477564689
187	-2.48763469175
188	-5.50402036669
189	-2.00477564689
190	-1.97004338104
191	-9.18163381303
192	-2.54953725496
193	-2.23846087284
194	-5.96251269555
195	-2.00477564689
196	-1.95546759026
197	-5.12375235161
198	-2.00477564689
199	-1.95546759026
200	-11.9067546357
201	-2.30098298346
202	-1.95546759026
203	-6.34809959998
204	-2.00477564689
205	-2.48763469175
206	-3.30157772159
207	-2.01058479358
208	-1.95546759026
209	-5.66203635552
210	-2.54953725496
211	-9.49969890887
212	-7.26117536931
213	-2.01058479358
214	-2.48763469175
215	-6.34809959998
216	-2.00477564689
217	-1.95546759026
218	-10.6753466569
219	-11.0471024545
220	-2.23846087284
221	-8.60791294687
222	-2.00477564689
223	-8.74348490452
224	-13.5367670967
225	-2.30098298346
226	-1.97004338104
227	-3.05631219796
228	-2.00477564689
229	-1.97004338104
230	-6.34809959998
231	-2.01058479358
232	-2.23846087284
233	-9.82735322142
234	-2.00477564689
235	-2.23846087284
236	-14.0286279174
237	-2.30098298346
238	-1.97004338104
239	-10.4030434584
240	-2.30098298346
241	-2.48763469175
242	-2.49855584379
243	-2.30098298346
244	-1.97004338104
245	-2.59682571173
246	-2.30098298346
247	-2.48763469175
248	-2.59682571173
249	-2.01058479358
250	-2.48763469175
251	-4.94124633546
252	-2.54953725496
253	-2.23846087284
254	-5.66203635552
255	-2.30098298346
256	-2.48763469175
257	-2.49855584379
258	-2.00477564689
259	-1.97004338104
260	-6.5747206974
261	-2.54953725496
262	-1.97004338104
263	-7.53219253587
264	-2.30098298346
265	-1.95546759026
266	-8.80178918727
267	-2.01058479358
268	-2.48763469175
269	-14.8495706315
270	-2.54953725496
271	-1.97004338104
272	-9.95640952619
273	-2.30098298346
274	-1.97004338104
275	-2.59682571173
276	-11.2913093898
277	-1.97004338104
278	-16.039433443
279	-2.01058479358
280	-1.97004338104
281	-6.47380292288
282	-2.30098298346
283	-2.23846087284
284	-5.66203635552
285	-2.01058479358
286	-1.97004338104
287	-7.79219614549
288	-2.00477564689
289	-2.23846087284
290	-10.2821292636
291	-17.6215603996
292	-2.48763469175
293	-3.05631219796
294	-2.01058479358
295	-2.23846087284
296	-4.94124633546
297	-2.00477564689
298	-2.23846087284
299	-3.30157772159
300	-2.30098298346
301	-1.97004338104
302	-7.61393100181
303	-2.54953725496
304	-1.97004338104
305	-9.01407256991
306	-2.54953725496
307	-1.97004338104
308	-8.39467407659
309	-2.00477564689
310	-1.95546759026
311	-5.27742277432
312	-10.388386221
313	-1.97004338104
314	-7.64435422724
315	-2.30098298346
316	-1.97004338104
317	-11.7606376823
318	-2.00477564689
319	-2.48763469175
320	-7.56681553832
321	-2.00477564689
322	-1.97004338104
323	-2.49855584379
324	-2.54953725496
325	-1.97004338104
326	-2.49855584379
327	-2.00477564689
328	-1.95546759026
329	-16.9622881446
330	-2.01058479358
331	-2.23846087284
332	-10.5634929945
333	-7.46308803245
334	-2.48763469175
335	-5.12375235161
336	-2.00477564689
337	-9.26929081669
338	-6.8881873936
339	-2.30098298346
340	-1.97004338104
341	-12.1823542382
342	-7.946244749
343	-1.95546759026
344	-3.30157772159
345	-2.00477564689
346	-1.97004338104
347	-2.59682571173
348	-2.00477564689
349	-1.95546759026
350	-13.4161640426
351	-2.01058479358
352	-1.97004338104
353	-10.586773657
354	-2.01058479358
355	-1.97004338104
356	-6.38053033872
357	-8.53964007684
358	-2.23846087284
359	-5.03628309122
360	-2.00477564689
361	-2.23846087284
362	-11.9822634925
363	-2.00477564689
364	-2.23846087284
365	-7.64435422724
366	-2.00477564689
367	-2.23846087284
368	-10.5979757752
369	-2.01058479358
370	-1.95546759026
371	-6.84023310006
372	-2.00477564689
373	-2.23846087284
374	-11.5612441012
375	-11.6301208224
376	-2.23846087284
377	-13.3072601694
378	-2.00477564689
379	-1.95546759026
380	-3.30157772159
381	-2.54953725496
382	-1.97004338104
383	-8.48065634565
384	-8.02039915352
385	-1.97004338104
386	-2.49855584379
387	-2.00477564689
388	-1.95546759026
389	-11.5022629236
390	-2.00477564689
391	-6.65318848674
392	-12.4286919517
393	-2.01058479358
394	-1.95546759026
395	-13.7913387948
396	-2.00477564689
397	-1.95546759026
398	-6.8492210954
399	-2.00477564689
400	-6.94263020092
401	-8.99329641347
402	-2.54953725496
403	-1.95546759026
404	-2.59682571173
405	-2.54953725496
406	-1.95546759026
407	-14.3911933691
408	-2.54953725496
409	-1.95546759026
410	-5.03628309122
411	-2.01058479358
412	-1.97004338104
413	-5.50402036669
414	-2.01058479358
415	-2.23846087284
416	-9.2528366088
417	-2.00477564689
418	-1.95546759026
419	-3.05631219796
420	-2.01058479358
421	-1.97004338104
422	-2.49855584379
423	-2.30098298346
424	-2.23846087284
425	-5.66203635552
426	-6.76659785887
427	-1.97004338104
428	-2.59682571173
429	-2.30098298346
430	-1.95546759026
431	-5.50402036669
432	-2.30098298346
433	-2.48763469175
434	-6.99992619215
435	-2.01058479358
436	-1.95546759026
437	-8.05941971964
438	-2.54953725496
439	-1.95546759026
440	-12.0644833838
441	-2.00477564689
442	-2.48763469175
443	-5.27742277432
444	-2.54953725496
445	-1.95546759026
446	-6.5747206974
447	-2.30098298346
448	-2.48763469175
449	-9.4744175508
450	-2.00477564689
451	-1.95546759026
452	-24.5065585865
453	-2.30098298346
454	-1.95546759026
455	-10.6733383885
456	-2.00477564689
457	-1.97004338104
458	-10.3674745836
459	-2.00477564689
460	-2.48763469175
461	-12.8227404791
462	-2.00477564689
463	-1.97004338104
464	-7.71214404996
465	-2.54953725496
466	-2.23846087284
467	-9.38099551396
468	-2.30098298346
469	-2.48763469175
470	-2.49855584379
471	-2.00477564689
472	-1.95546759026
473	-11.1758048012
474	-2.00477564689
475	-2.23846087284
476	-13.9372700142
477	-2.00477564689
478	-1.97004338104
479	-5.03628309122
480	-2.30098298346
481	-2.23846087284
482	-6.56196524615
483	-2.00477564689
484	-1.95546759026
485	-9.08194781715
486	-2.30098298346
487	-2.48763469175
488	-7.5592231523
