#Site	lnL	
0	-8.9922870942
1	-4.36537675626
2	-14.5579634067
3	-4.44325626315
4	-4.83306789418
5	-8.01865878483
6	-4.90767032298
7	-4.39128520739
8	-6.58029171069
9	-4.44325626315
10	-4.65606306928
11	-6.58029171069
12	-4.42510598128
13	-4.36537675626
14	-12.1575711259
15	-4.44325626315
16	-4.36537675626
17	-6.58029171069
18	-4.44325626315
19	-4.36537675626
20	-10.201034251
21	-4.42510598128
22	-4.39128520739
23	-11.8971835922
24	-4.42510598128
25	-4.39128520739
26	-6.84933448232
27	-4.73218991215
28	-4.36537675626
29	-9.0458608351
30	-4.42510598128
31	-4.65606306928
32	-7.91102989574
33	-4.73218991215
34	-14.4700043762
35	-8.74451720562
36	-4.44325626315
37	-4.39128520739
38	-13.4075802751
39	-4.90767032298
40	-13.5041022012
41	-10.8172552382
42	-4.73218991215
43	-4.36537675626
44	-9.70674730402
45	-4.44325626315
46	-4.36537675626
47	-6.58029171069
48	-4.42510598128
49	-4.39128520739
50	-8.01865878483
51	-4.42510598128
52	-4.36537675626
53	-14.3176609861
54	-4.90767032298
55	-4.39128520739
56	-9.50215551892
57	-4.44325626315
58	-4.36537675626
59	-6.58029171069
60	-4.73218991215
61	-4.65606306928
62	-18.2595085982
63	-4.42510598128
64	-4.36537675626
65	-11.5346178598
66	-4.42510598128
67	-4.39128520739
68	-7.91102989574
69	-4.42510598128
70	-4.83306789418
71	-16.5235526055
72	-4.73218991215
73	-10.2993164494
74	-15.187484132
75	-4.73218991215
76	-4.83306789418
77	-13.4868104656
78	-4.73218991215
79	-4.36537675626
80	-11.7416985175
81	-4.73218991215
82	-4.39128520739
83	-13.013713333
84	-4.42510598128
85	-4.65606306928
86	-9.8153585223
87	-10.335392412
88	-4.39128520739
89	-6.58029171069
90	-4.73218991215
91	-4.39128520739
92	-9.61114293963
93	-13.1018973087
94	-4.83306789418
95	-6.84933448232
96	-4.44325626315
97	-4.65606306928
98	-7.91102989574
99	-4.44325626315
100	-4.83306789418
101	-7.95296956708
102	-4.42510598128
103	-4.36537675626
104	-10.8172552382
105	-4.90767032298
106	-4.39128520739
107	-6.84933448232
108	-4.44325626315
109	-4.36537675626
110	-16.8424665367
111	-4.42510598128
112	-4.36537675626
113	-6.84933448232
114	-4.42510598128
115	-4.83306789418
116	-6.58029171069
117	-4.73218991215
118	-4.65606306928
119	-9.3518145439
120	-4.44325626315
121	-4.39128520739
122	-8.46493149529
123	-4.44325626315
124	-11.6055233467
125	-10.5586509332
126	-4.44325626315
127	-4.65606306928
128	-15.0363557637
129	-4.44325626315
130	-4.36537675626
131	-7.91102989574
132	-4.44325626315
133	-4.36537675626
134	-7.91102989574
135	-4.44325626315
136	-4.36537675626
137	-8.83576364114
138	-4.73218991215
139	-4.83306789418
140	-6.58029171069
141	-4.73218991215
142	-4.39128520739
143	-9.50215551892
144	-4.44325626315
145	-4.65606306928
146	-6.84933448232
147	-4.90767032298
148	-4.83306789418
149	-7.95296956708
150	-4.90767032298
151	-4.36537675626
152	-11.7457824208
153	-4.73218991215
154	-4.65606306928
155	-9.39185735402
156	-4.90767032298
157	-4.83306789418
158	-11.1161007493
159	-9.74140535167
160	-4.39128520739
161	-14.2037991788
162	-4.90767032298
163	-4.36537675626
164	-8.01865878483
165	-8.9922870942
166	-4.65606306928
167	-9.29559713543
168	-4.42510598128
169	-4.65606306928
170	-9.29559713543
171	-4.42510598128
172	-4.39128520739
173	-12.4473487665
174	-4.42510598128
175	-4.65606306928
176	-10.4139970193
177	-4.42510598128
178	-4.83306789418
179	-6.58029171069
180	-4.42510598128
181	-4.39128520739
182	-6.58029171069
183	-4.90767032298
184	-4.39128520739
185	-8.96933421718
186	-4.42510598128
187	-4.39128520739
188	-9.92393017163
189	-4.44325626315
190	-4.36537675626
191	-8.83576364114
192	-10.9085290939
193	-4.65606306928
194	-8.09161432195
195	-4.90767032298
196	-4.39128520739
197	-6.58029171069
198	-4.42510598128
199	-4.39128520739
200	-15.9509827999
201	-4.44325626315
202	-4.36537675626
203	-9.8153585223
204	-4.42510598128
205	-4.36537675626
206	-6.58029171069
207	-4.44325626315
208	-4.83306789418
209	-6.84933448232
210	-4.90767032298
211	-4.65606306928
212	-6.58029171069
213	-4.42510598128
214	-4.39128520739
215	-7.91102989574
216	-4.42510598128
217	-4.65606306928
218	-10.1059422062
219	-4.90767032298
220	-4.83306789418
221	-9.15176383484
222	-4.42510598128
223	-4.83306789418
224	-6.84933448232
225	-4.42510598128
226	-4.39128520739
227	-16.0766055776
228	-4.44325626315
229	-4.36537675626
230	-8.90154805251
231	-4.44325626315
232	-4.65606306928
233	-9.21187080261
234	-4.73218991215
235	-4.83306789418
236	-6.84933448232
237	-4.90767032298
238	-14.6711042058
239	-11.3345815399
240	-4.73218991215
241	-4.39128520739
242	-6.58029171069
243	-4.42510598128
244	-4.39128520739
245	-9.3518145439
246	-4.42510598128
247	-4.65606306928
248	-11.1900670132
249	-4.42510598128
250	-4.36537675626
251	-14.9636983882
252	-4.73218991215
253	-4.39128520739
254	-9.63617021455
255	-4.44325626315
256	-4.36537675626
257	-14.1336244719
258	-4.73218991215
259	-4.36537675626
260	-11.1334222085
261	-4.90767032298
262	-4.36537675626
263	-6.58029171069
264	-4.44325626315
265	-9.54170981814
266	-9.86471877159
267	-4.44325626315
268	-4.39128520739
269	-8.09161432195
270	-4.44325626315
271	-4.65606306928
272	-11.1433511327
273	-4.44325626315
274	-4.39128520739
275	-9.0458608351
276	-4.44325626315
277	-4.39128520739
278	-9.30713665377
279	-4.73218991215
280	-4.83306789418
281	-6.84933448232
282	-4.42510598128
283	-4.65606306928
284	-17.3627140958
285	-4.90767032298
286	-4.65606306928
287	-8.09161432195
288	-4.44325626315
289	-4.39128520739
290	-10.5877135039
291	-4.44325626315
292	-4.65606306928
293	-12.7134624928
294	-4.42510598128
295	-4.65606306928
296	-6.58029171069
297	-4.73218991215
298	-4.39128520739
299	-8.09161432195
300	-4.42510598128
301	-4.65606306928
302	-9.80781068717
303	-4.44325626315
304	-4.36537675626
305	-15.8239365326
306	-4.42510598128
307	-4.83306789418
308	-13.6770289821
309	-4.44325626315
310	-4.83306789418
311	-6.84933448232
312	-4.44325626315
313	-4.36537675626
314	-11.4638883995
315	-4.73218991215
316	-4.65606306928
317	-6.84933448232
318	-4.73218991215
319	-4.83306789418
320	-7.91102989574
321	-4.42510598128
322	-4.83306789418
323	-18.6125192968
324	-4.73218991215
325	-4.39128520739
326	-11.6906234136
327	-4.44325626315
328	-4.83306789418
329	-9.07444295232
330	-4.44325626315
331	-4.65606306928
332	-6.58029171069
333	-4.73218991215
334	-4.36537675626
335	-6.84933448232
336	-4.42510598128
337	-4.83306789418
338	-10.8172552382
339	-4.42510598128
340	-4.65606306928
341	-6.58029171069
342	-4.90767032298
343	-4.36537675626
344	-10.9908095688
345	-4.42510598128
346	-4.65606306928
347	-8.09161432195
348	-4.44325626315
349	-4.39128520739
350	-8.01865878483
351	-10.6821370084
352	-4.36537675626
353	-12.8857142864
354	-4.73218991215
355	-4.36537675626
356	-8.01865878483
357	-10.4296667935
358	-4.39128520739
359	-7.91102989574
360	-9.15378963107
361	-4.36537675626
362	-11.2414921273
363	-15.6587518034
364	-15.3485001112
365	-15.2873474571
366	-14.4526220715
367	-4.83306789418
368	-11.3013582029
369	-4.42510598128
370	-4.39128520739
371	-8.09161432195
372	-4.90767032298
373	-4.39128520739
374	-17.5093919924
375	-4.44325626315
376	-4.83306789418
377	-7.95296956708
378	-10.2813918222
379	-4.39128520739
380	-6.84933448232
381	-4.90767032298
382	-4.83306789418
383	-7.91102989574
384	-4.73218991215
385	-11.4502005879
386	-7.91102989574
387	-4.73218991215
388	-4.65606306928
389	-8.42868329759
390	-11.0838400623
391	-4.39128520739
392	-10.142496676
393	-4.44325626315
394	-15.9377192657
395	-6.58029171069
396	-4.42510598128
397	-4.36537675626
398	-16.3130605158
399	-4.42510598128
400	-4.36537675626
401	-12.6637465615
402	-4.73218991215
403	-4.83306789418
404	-15.2550985578
405	-4.42510598128
406	-4.36537675626
407	-11.6313200391
408	-4.42510598128
409	-4.65606306928
410	-15.2515749495
411	-4.44325626315
412	-4.39128520739
413	-11.7824589728
414	-4.73218991215
415	-4.36537675626
416	-17.8583891846
417	-14.7500376385
418	-4.65606306928
419	-6.58029171069
420	-4.73218991215
421	-4.65606306928
422	-13.3066723711
423	-4.73218991215
424	-4.65606306928
425	-6.58029171069
426	-4.90767032298
427	-4.36537675626
428	-6.84933448232
429	-4.73218991215
430	-4.83306789418
431	-6.84933448232
432	-4.73218991215
433	-4.83306789418
434	-6.58029171069
435	-4.44325626315
436	-4.39128520739
437	-6.58029171069
438	-8.95544366211
439	-4.36537675626
440	-7.95296956708
441	-4.42510598128
442	-4.83306789418
443	-11.2892040165
444	-4.44325626315
445	-4.36537675626
446	-6.58029171069
447	-4.42510598128
448	-4.36537675626
449	-11.9244465821
450	-4.73218991215
451	-4.39128520739
452	-9.29559713543
453	-4.42510598128
454	-4.36537675626
455	-6.58029171069
456	-4.73218991215
457	-4.36537675626
458	-8.96275875655
459	-4.42510598128
460	-4.36537675626
461	-6.58029171069
462	-4.90767032298
463	-4.36537675626
464	-13.5065971635
465	-4.44325626315
466	-4.65606306928
467	-11.3198572887
468	-4.73218991215
469	-4.39128520739
470	-15.2331285966
471	-10.3422451049
472	-4.36537675626
473	-8.01865878483
474	-4.73218991215
475	-4.36537675626
476	-6.58029171069
477	-4.73218991215
478	-4.36537675626
479	-10.1650666079
480	-4.44325626315
481	-4.83306789418
482	-9.29559713543
483	-4.90767032298
484	-4.83306789418
485	-11.0967003839
486	-4.44325626315
487	-4.83306789418
488	-10.5183661954
