#Site	lnL	
0	-1.37916824311
1	-1.60610062913
2	-5.81391122156
3	-1.3471860841
4	-1.60610062913
5	-13.4844815288
6	-1.3471860841
7	-1.26559378814
8	-9.97156944034
9	-5.79573243221
10	-1.60610062913
11	-15.6549402102
12	-1.3471860841
13	-1.30063510839
14	-10.0914432996
15	-1.76006797057
16	-1.60610062913
17	-1.32996916747
18	-1.3471860841
19	-1.26559378814
20	-19.3743521878
21	-1.71552238179
22	-1.26559378814
23	-1.69241587589
24	-1.71552238179
25	-1.60610062913
26	-8.80826365054
27	-1.71552238179
28	-1.26559378814
29	-7.46366720878
30	-1.71552238179
31	-1.26559378814
32	-8.02747349039
33	-1.37916824311
34	-1.65382443383
35	-10.66202496
36	-1.76006797057
37	-1.26559378814
38	-5.8348590197
39	-1.3471860841
40	-1.26559378814
41	-1.36259453025
42	-1.37916824311
43	-1.30063510839
44	-1.32996916747
45	-1.37916824311
46	-6.73855084199
47	-15.6791310843
48	-1.76006797057
49	-1.30063510839
50	-5.89625357449
51	-1.3471860841
52	-1.30063510839
53	-7.03905349521
54	-1.37916824311
55	-1.30063510839
56	-11.3114850106
57	-1.37916824311
58	-1.26559378814
59	-10.8886204193
60	-1.37916824311
61	-1.60610062913
62	-17.8016272147
63	-8.11726824916
64	-6.66884355856
65	-1.32996916747
66	-1.37916824311
67	-1.65382443383
68	-5.71642713933
69	-1.71552238179
70	-1.30063510839
71	-1.73762983178
72	-1.37916824311
73	-1.65382443383
74	-14.9381568651
75	-6.9140513788
76	-1.65382443383
77	-10.7659276058
78	-1.76006797057
79	-1.60610062913
80	-1.69241587589
81	-1.37916824311
82	-1.26559378814
83	-1.32996916747
84	-1.76006797057
85	-1.65382443383
86	-7.35167338018
87	-7.17169777496
88	-1.26559378814
89	-5.68204774872
90	-5.77169018238
91	-1.65382443383
92	-9.34547906741
93	-1.71552238179
94	-1.65382443383
95	-13.4844815288
96	-11.0438959171
97	-1.60610062913
98	-12.5969757754
99	-1.37916824311
100	-1.26559378814
101	-7.9107452645
102	-5.79321919942
103	-1.30063510839
104	-18.4967792938
105	-1.37916824311
106	-1.26559378814
107	-1.32996916747
108	-7.0463605061
109	-1.60610062913
110	-16.4743254907
111	-1.37916824311
112	-1.60610062913
113	-11.7875530934
114	-1.3471860841
115	-1.30063510839
116	-1.32996916747
117	-1.71552238179
118	-1.30063510839
119	-12.8011611662
120	-1.37916824311
121	-1.30063510839
122	-8.24038383049
123	-1.3471860841
124	-1.26559378814
125	-10.0179214451
126	-1.71552238179
127	-1.30063510839
128	-9.82131018198
129	-1.37916824311
130	-1.60610062913
131	-5.68204774872
132	-1.71552238179
133	-1.30063510839
134	-1.73762983178
135	-10.3388888036
136	-1.60610062913
137	-14.0968794897
138	-1.71552238179
139	-1.65382443383
140	-1.32996916747
141	-1.71552238179
142	-1.26559378814
143	-5.68204774872
144	-1.71552238179
145	-1.26559378814
146	-1.69241587589
147	-1.37916824311
148	-1.60610062913
149	-10.8200144891
150	-1.3471860841
151	-1.26559378814
152	-1.32996916747
153	-1.37916824311
154	-1.60610062913
155	-1.32996916747
156	-1.37916824311
157	-1.60610062913
158	-1.36259453025
159	-1.3471860841
160	-1.26559378814
161	-1.32996916747
162	-1.71552238179
163	-1.65382443383
164	-8.9344189176
165	-5.68998089477
166	-1.65382443383
167	-1.36259453025
168	-8.47996773269
169	-1.65382443383
170	-12.839103465
171	-1.3471860841
172	-1.30063510839
173	-9.66701925139
174	-1.37916824311
175	-1.60610062913
176	-1.32996916747
177	-1.37916824311
178	-1.30063510839
179	-1.36259453025
180	-1.37916824311
181	-1.60610062913
182	-1.36259453025
183	-1.71552238179
184	-1.30063510839
185	-11.6555968984
186	-1.71552238179
187	-1.60610062913
188	-9.06225248906
189	-1.71552238179
190	-1.30063510839
191	-8.61054975148
192	-1.3471860841
193	-1.60610062913
194	-9.78331287641
195	-1.71552238179
196	-1.65382443383
197	-11.5228858907
198	-5.87470163234
199	-1.30063510839
200	-1.32996916747
201	-1.76006797057
202	-1.60610062913
203	-11.3114850297
204	-5.55717551342
205	-8.36447336593
206	-5.71642713933
207	-1.76006797057
208	-1.30063510839
209	-5.8348590197
210	-5.79573243221
211	-1.26559378814
212	-17.3983807025
213	-1.37916824311
214	-1.65382443383
215	-1.73762983178
216	-1.3471860841
217	-1.26559378814
218	-5.68204774872
219	-1.3471860841
220	-1.30063510839
221	-16.8885449425
222	-1.37916824311
223	-1.30063510839
224	-20.2871334495
225	-6.74542097706
226	-1.65382443383
227	-1.32996916747
228	-1.3471860841
229	-10.8517947253
230	-5.76439562486
231	-1.3471860841
232	-1.26559378814
233	-7.43411447711
234	-1.76006797057
235	-1.60610062913
236	-17.3432297653
237	-1.37916824311
238	-6.67177973424
239	-16.0323133876
240	-1.71552238179
241	-1.26559378814
242	-1.73762983178
243	-1.3471860841
244	-6.65385290573
245	-9.94408730416
246	-1.71552238179
247	-1.30063510839
248	-5.68204774872
249	-1.71552238179
250	-1.65382443383
251	-14.8810768291
252	-1.71552238179
253	-1.60610062913
254	-5.71642713933
255	-5.59680349096
256	-1.26559378814
257	-7.43411447711
258	-1.3471860841
259	-1.30063510839
260	-12.5464216674
261	-1.76006797057
262	-1.60610062913
263	-5.76439562486
264	-1.76006797057
265	-1.30063510839
266	-11.5231773519
267	-1.37916824311
268	-7.81618135488
269	-1.32996916747
270	-1.37916824311
271	-1.26559378814
272	-1.36259453025
273	-1.3471860841
274	-1.30063510839
275	-10.888620427
276	-1.37916824311
277	-1.60610062913
278	-1.36259453025
279	-1.3471860841
280	-1.60610062913
281	-5.76439562486
282	-1.37916824311
283	-1.26559378814
284	-1.32996916747
285	-1.3471860841
286	-1.60610062913
287	-7.54633132275
288	-1.71552238179
289	-1.30063510839
290	-9.86088723081
291	-1.37916824311
292	-1.30063510839
293	-9.97156944034
294	-8.45355456848
295	-1.26559378814
296	-15.2877391315
297	-1.76006797057
298	-1.26559378814
299	-21.2846210109
300	-1.37916824311
301	-1.26559378814
302	-7.2916455371
303	-1.37916824311
304	-1.65382443383
305	-5.99475825591
306	-1.76006797057
307	-8.44263472199
308	-18.916364491
309	-1.76006797057
310	-1.65382443383
311	-15.9158685657
312	-1.71552238179
313	-1.26559378814
314	-1.36259453025
315	-1.71552238179
316	-1.30063510839
317	-7.52920656225
318	-1.37916824311
319	-1.60610062913
320	-7.83753624142
321	-5.71412637188
322	-1.30063510839
323	-15.8848150445
324	-5.63889092473
325	-1.26559378814
326	-1.36259453025
327	-1.71552238179
328	-1.65382443383
329	-6.82738774598
330	-1.37916824311
331	-1.26559378814
332	-9.45007277774
333	-1.76006797057
334	-1.65382443383
335	-12.3029388474
336	-1.3471860841
337	-1.30063510839
338	-5.81391122156
339	-1.37916824311
340	-6.68077623174
341	-1.36259453025
342	-1.3471860841
343	-1.60610062913
344	-7.77403675623
345	-1.76006797057
346	-1.60610062913
347	-20.2882813323
348	-1.37916824311
349	-1.26559378814
350	-11.4198888661
351	-1.37916824311
352	-1.60610062913
353	-1.32996916747
354	-1.37916824311
355	-1.26559378814
356	-12.3892322892
357	-1.3471860841
358	-1.30063510839
359	-5.87782279401
360	-1.3471860841
361	-1.60610062913
362	-19.7085892058
363	-1.76006797057
364	-1.60610062913
365	-8.73142448505
366	-1.37916824311
367	-1.65382443383
368	-1.69241587589
369	-1.76006797057
370	-1.30063510839
371	-7.2916455371
372	-1.3471860841
373	-1.65382443383
374	-1.36259453025
375	-1.76006797057
376	-1.26559378814
377	-1.36259453025
378	-1.37916824311
379	-1.65382443383
380	-7.52920656225
381	-1.76006797057
382	-1.65382443383
383	-7.12137626095
384	-7.47755566866
385	-1.65382443383
386	-9.45007277774
387	-1.37916824311
388	-1.65382443383
389	-1.69241587589
390	-1.76006797057
391	-1.65382443383
392	-12.262810323
393	-1.3471860841
394	-1.26559378814
395	-10.9568732933
396	-1.3471860841
397	-1.30063510839
398	-1.36259453025
399	-1.37916824311
400	-1.26559378814
401	-5.99475825591
402	-1.37916824311
403	-1.26559378814
404	-6.90968393507
405	-1.3471860841
406	-1.60610062913
407	-7.43411447711
408	-1.37916824311
409	-1.65382443383
410	-5.71642713933
411	-1.3471860841
412	-1.30063510839
413	-7.63261916987
414	-1.37916824311
415	-1.65382443383
416	-5.68204774872
417	-1.71552238179
418	-1.26559378814
419	-5.91261350295
420	-5.59680349096
421	-1.65382443383
422	-5.76439562486
423	-1.76006797057
424	-1.30063510839
425	-16.5107408077
426	-1.76006797057
427	-1.30063510839
428	-8.44107338367
429	-1.3471860841
430	-1.26559378814
431	-5.89625357449
432	-1.71552238179
433	-1.26559378814
434	-6.82738774598
435	-5.55717551342
436	-1.60610062913
437	-5.76439562486
438	-1.37916824311
439	-1.65382443383
440	-11.6690218982
441	-1.37916824311
442	-1.65382443383
443	-5.81391122156
444	-1.37916824311
445	-1.60610062913
446	-12.7924540564
447	-1.76006797057
448	-1.26559378814
449	-15.5719065548
450	-1.76006797057
451	-1.60610062913
452	-5.91711179207
453	-1.37916824311
454	-1.26559378814
455	-7.03905349521
456	-1.37916824311
457	-1.26559378814
458	-12.1731819767
459	-1.3471860841
460	-1.30063510839
461	-1.32996916747
462	-1.71552238179
463	-1.30063510839
464	-11.0077439061
465	-1.71552238179
466	-1.26559378814
467	-7.88273654121
468	-1.3471860841
469	-1.26559378814
470	-5.76439562486
471	-1.37916824311
472	-1.30063510839
473	-1.36259453025
474	-1.71552238179
475	-1.65382443383
476	-5.71642713933
477	-1.76006797057
478	-1.65382443383
479	-7.9107452645
480	-1.71552238179
481	-1.60610062913
482	-11.0848067903
483	-1.76006797057
484	-1.65382443383
485	-7.15892693427
486	-1.71552238179
487	-1.26559378814
488	-1.36259453025
