-7.605569992411336244e-01
-4.649882681703877974e-01
-9.044856094592961249e-01
2.539645283205409498e+00
-4.908746235350751608e-01
2.646299895701406335e+00
-1.505394046464706292e+01
-6.214608088422191479e+00
-4.812020304408856752e+00
-5.809012710091027820e+00
-4.381127187413091484e+00
-5.121312465562726679e+00
-6.452538044956874330e+00
-6.174049906527717013e+00
-6.167343437810629325e+00
-5.039001265967788967e+00
-6.676378504523587942e+00
-5.967106162505436906e+00
-5.885078283178091674e+00
-6.262816630017336017e+00
