#Site	lnL	
0	-1.4182152293
1	-1.45975602902
2	-10.7115894029
3	-1.4182152293
4	-1.80413261985
5	-8.0004627288
6	-5.33701668891
7	-1.56211312327
8	-6.52874638887
9	-1.91018877739
10	-1.45975602902
11	-8.12471161002
12	-1.54036716889
13	-1.45975602902
14	-23.3057236915
15	-1.67986245298
16	-1.80413261985
17	-6.51932823468
18	-6.36701793544
19	-1.56211312327
20	-18.2819865035
21	-1.67986245298
22	-1.32184943439
23	-1.45907227709
24	-1.67986245298
25	-1.45975602902
26	-7.99059852363
27	-1.4182152293
28	-1.56211312327
29	-7.6348413871
30	-1.54036716889
31	-1.45975602902
32	-6.52874638887
33	-1.67986245298
34	-1.56211312327
35	-1.5611143035
36	-1.67986245298
37	-1.56211312327
38	-1.5611143035
39	-6.93786388473
40	-1.32184943439
41	-6.12995290914
42	-1.4182152293
43	-1.80413261985
44	-8.49896046047
45	-1.4182152293
46	-1.45975602902
47	-1.32103138249
48	-1.4182152293
49	-1.56211312327
50	-8.83278750428
51	-5.35634425621
52	-1.45975602902
53	-1.32103138249
54	-1.4182152293
55	-1.32184943439
56	-12.3774456096
57	-1.91018877739
58	-1.45975602902
59	-7.17886270228
60	-1.4182152293
61	-6.18216059392
62	-16.6002552817
63	-1.91018877739
64	-1.32184943439
65	-14.491027571
66	-1.91018877739
67	-1.32184943439
68	-1.80323377331
69	-1.54036716889
70	-1.32184943439
71	-12.9694948307
72	-9.91095891309
73	-1.45975602902
74	-11.622820058
75	-1.54036716889
76	-1.45975602902
77	-6.56879191024
78	-1.91018877739
79	-1.32184943439
80	-1.80323377331
81	-1.67986245298
82	-1.56211312327
83	-1.80323377331
84	-7.70242599738
85	-1.32184943439
86	-1.45907227709
87	-1.91018877739
88	-1.56211312327
89	-1.45907227709
90	-1.91018877739
91	-6.51755625172
92	-13.2602682499
93	-1.4182152293
94	-1.32184943439
95	-1.45907227709
96	-1.54036716889
97	-1.32184943439
98	-1.45907227709
99	-1.67986245298
100	-1.56211312327
101	-8.01065751314
102	-1.91018877739
103	-1.32184943439
104	-12.9593200847
105	-6.4498998384
106	-1.32184943439
107	-1.80323377331
108	-1.4182152293
109	-1.56211312327
110	-8.56224526863
111	-1.67986245298
112	-1.56211312327
113	-6.12995290914
114	-1.54036716889
115	-1.56211312327
116	-6.51932823468
117	-1.54036716889
118	-6.118772542
119	-17.5542466605
120	-1.91018877739
121	-1.45975602902
122	-11.8926477704
123	-1.67986245298
124	-1.45975602902
125	-16.3890547084
126	-1.91018877739
127	-1.32184943439
128	-1.32103138249
129	-1.54036716889
130	-1.56211312327
131	-12.9694948307
132	-6.48499840854
133	-1.80413261985
134	-1.5611143035
135	-1.4182152293
136	-1.80413261985
137	-10.7115894029
138	-1.91018877739
139	-1.32184943439
140	-14.7873050117
141	-1.4182152293
142	-1.45975602902
143	-1.5611143035
144	-1.4182152293
145	-1.80413261985
146	-12.7444834724
147	-1.54036716889
148	-1.32184943439
149	-14.3115484766
150	-1.54036716889
151	-1.56211312327
152	-6.12995290914
153	-1.54036716889
154	-1.32184943439
155	-19.9014368338
156	-1.67986245298
157	-1.32184943439
158	-8.83278750428
159	-8.39346298511
160	-1.32184943439
161	-12.0551473402
162	-1.54036716889
163	-1.56211312327
164	-1.32103138249
165	-1.4182152293
166	-1.56211312327
167	-6.12995290914
168	-6.93786388473
169	-1.56211312327
170	-7.69842370929
171	-1.67986245298
172	-1.32184943439
173	-7.19549820332
174	-1.4182152293
175	-1.45975602902
176	-29.3596665851
177	-1.54036716889
178	-1.80413261985
179	-8.40219608247
180	-1.67986245298
181	-1.45975602902
182	-1.45907227709
183	-1.54036716889
184	-1.56211312327
185	-13.1967024743
186	-1.4182152293
187	-1.45975602902
188	-26.5843843979
189	-1.91018877739
190	-1.45975602902
191	-6.56879191024
192	-1.54036716889
193	-1.45975602902
194	-1.80323377331
195	-1.4182152293
196	-1.56211312327
197	-1.5611143035
198	-1.54036716889
199	-1.56211312327
200	-1.32103138249
201	-1.4182152293
202	-1.45975602902
203	-11.2118728754
204	-1.54036716889
205	-1.80413261985
206	-1.32103138249
207	-1.4182152293
208	-1.80413261985
209	-1.32103138249
210	-1.91018877739
211	-1.45975602902
212	-8.94371419032
213	-1.67986245298
214	-1.45975602902
215	-6.51932823468
216	-1.67986245298
217	-1.45975602902
218	-1.45907227709
219	-1.91018877739
220	-1.56211312327
221	-1.45907227709
222	-1.91018877739
223	-1.80413261985
224	-16.9562770081
225	-1.54036716889
226	-1.32184943439
227	-8.5164616248
228	-1.4182152293
229	-1.32184943439
230	-10.3917971472
231	-1.54036716889
232	-1.32184943439
233	-6.17991397622
234	-1.91018877739
235	-1.56211312327
236	-6.79020599288
237	-1.91018877739
238	-1.56211312327
239	-12.7441453636
240	-1.91018877739
241	-1.56211312327
242	-6.79020599288
243	-1.91018877739
244	-1.56211312327
245	-13.7403925316
246	-1.91018877739
247	-1.32184943439
248	-13.7525845189
249	-1.54036716889
250	-1.45975602902
251	-35.5573425364
252	-1.91018877739
253	-1.56211312327
254	-7.63666943485
255	-1.67986245298
256	-1.56211312327
257	-1.45907227709
258	-1.4182152293
259	-1.56211312327
260	-6.12995290914
261	-1.91018877739
262	-1.45975602902
263	-1.80323377331
264	-1.4182152293
265	-1.45975602902
266	-10.8215706725
267	-1.54036716889
268	-1.56211312327
269	-6.80419051508
270	-1.54036716889
271	-1.45975602902
272	-13.3468601959
273	-1.54036716889
274	-1.32184943439
275	-13.5981999265
276	-1.4182152293
277	-1.80413261985
278	-6.19321357054
279	-1.67986245298
280	-1.45975602902
281	-30.2122760549
282	-1.67986245298
283	-1.32184943439
284	-12.3450822439
285	-1.4182152293
286	-1.32184943439
287	-1.80323377331
288	-7.18583018593
289	-1.56211312327
290	-10.2460935337
291	-8.15089408516
292	-8.01699124887
293	-7.6219868442
294	-1.4182152293
295	-1.45975602902
296	-12.7441453636
297	-1.4182152293
298	-1.45975602902
299	-7.69842370929
300	-7.73795997214
301	-1.32184943439
302	-8.08698284116
303	-1.54036716889
304	-1.80413261985
305	-11.7365952366
306	-9.92986637248
307	-8.01699124887
308	-16.5632834556
309	-5.35634425621
310	-8.88044976368
311	-1.32103138249
312	-7.11491698208
313	-1.56211312327
314	-6.51932823468
315	-1.54036716889
316	-1.56211312327
317	-1.45907227709
318	-1.67986245298
319	-1.80413261985
320	-6.19321357054
321	-1.54036716889
322	-1.80413261985
323	-10.6168910525
324	-8.9952145135
325	-1.80413261985
326	-1.32103138249
327	-8.05497230359
328	-1.56211312327
329	-6.19321357054
330	-1.54036716889
331	-1.45975602902
332	-7.65193299763
333	-1.4182152293
334	-1.56211312327
335	-1.5611143035
336	-1.4182152293
337	-1.32184943439
338	-12.3450822439
339	-1.4182152293
340	-1.56211312327
341	-24.3756361068
342	-1.54036716889
343	-1.45975602902
344	-14.5745155918
345	-1.4182152293
346	-1.45975602902
347	-1.45907227709
348	-1.4182152293
349	-1.56211312327
350	-14.5205394642
351	-1.91018877739
352	-1.80413261985
353	-1.32103138249
354	-1.4182152293
355	-8.54516289569
356	-17.4423659088
357	-1.54036716889
358	-1.32184943439
359	-11.0492600839
360	-5.33701668891
361	-1.56211312327
362	-6.56879191024
363	-1.54036716889
364	-1.56211312327
365	-1.5611143035
366	-1.67986245298
367	-1.80413261985
368	-20.7579376515
369	-1.54036716889
370	-1.32184943439
371	-8.39023982355
372	-1.91018877739
373	-1.56211312327
374	-14.8771106004
375	-7.18583018593
376	-1.45975602902
377	-13.5281232196
378	-1.91018877739
379	-1.80413261985
380	-8.39023982355
381	-8.08567492008
382	-7.94416238327
383	-12.8797456443
384	-1.54036716889
385	-1.32184943439
386	-6.17991397622
387	-1.67986245298
388	-1.80413261985
389	-11.252122013
390	-1.54036716889
391	-1.45975602902
392	-11.9270976067
393	-1.4182152293
394	-1.56211312327
395	-8.40219608247
396	-1.4182152293
397	-1.56211312327
398	-11.3147165303
399	-1.4182152293
400	-1.56211312327
401	-8.49968584429
402	-1.4182152293
403	-1.32184943439
404	-1.80323377331
405	-1.54036716889
406	-1.45975602902
407	-1.5611143035
408	-1.54036716889
409	-1.32184943439
410	-8.0004627288
411	-1.4182152293
412	-1.56211312327
413	-15.793329269
414	-1.67986245298
415	-1.32184943439
416	-1.80323377331
417	-1.4182152293
418	-1.45975602902
419	-1.45907227709
420	-1.91018877739
421	-1.32184943439
422	-12.5073452359
423	-1.54036716889
424	-1.32184943439
425	-1.32103138249
426	-1.4182152293
427	-1.45975602902
428	-1.45907227709
429	-5.35634425621
430	-1.32184943439
431	-7.63666943485
432	-1.91018877739
433	-6.57346533248
434	-12.2687687019
435	-1.91018877739
436	-1.32184943439
437	-1.5611143035
438	-1.4182152293
439	-11.2288169639
440	-10.5456873466
441	-1.54036716889
442	-1.32184943439
443	-7.69842370929
444	-1.54036716889
445	-1.56211312327
446	-16.3209211686
447	-1.67986245298
448	-1.80413261985
449	-15.896000824
450	-1.4182152293
451	-1.45975602902
452	-17.4962981522
453	-1.54036716889
454	-1.80413261985
455	-6.17991397622
456	-5.75650833549
457	-8.34801518812
458	-13.7867690965
459	-1.4182152293
460	-1.32184943439
461	-6.56879191024
462	-1.4182152293
463	-1.45975602902
464	-8.12471161002
465	-1.67986245298
466	-1.45975602902
467	-6.52874638887
468	-5.33701668891
469	-1.45975602902
470	-1.32103138249
471	-9.5244760386
472	-1.45975602902
473	-1.5611143035
474	-1.67986245298
475	-1.80413261985
476	-8.35919650275
477	-1.4182152293
478	-1.32184943439
479	-1.32103138249
480	-6.02820132378
481	-1.32184943439
482	-11.7365952366
483	-1.4182152293
484	-1.80413261985
485	-12.9560591885
486	-1.54036716889
487	-1.80413261985
488	-1.32103138249
