-7.383801332252193372e-01
-6.115496135667443101e-01
-8.554702198943248126e-01
2.552925703892194864e+00
1.142914982282826515e-02
2.604255658070883328e+00
4.999036138099948179e-01
-7.676281677580598650e-01
-4.700442157673392352e+00
-5.214869466049256275e+00
-4.617240987557327259e+00
-4.875767731403095162e+00
-6.164862627950762786e+00
-7.073276473432687617e+00
-7.083709106881862283e+00
-5.475107802650139632e+00
-7.519697293860617471e+00
-5.949865722752631036e+00
-5.740129867187402368e+00
-6.484909154243856833e+00
