-7.352027077232866636e-01
-5.498475960226939518e-01
-8.308401534176375058e-01
2.485852501613155852e+00
-1.547593425254119581e-01
3.863837101567566545e+00
3.863837101567566545e+00
-6.658782217953998384e+00
-4.635654795626058977e+00
-4.237456740077029771e+00
-4.632067936123828389e+00
-6.259553617521518731e+00
-7.030551364067973097e+00
-6.883360522301535944e+00
-5.413038292040295296e+00
-7.294143103184270949e+00
-6.209827776142057942e+00
-5.909354228088989913e+00
-6.204718760016254109e+00
1.000000000000000021e-08
