#Site	lnL	
0	-5.29239278114
1	-12.8302103102
2	-12.9020284679
3	-7.89382049085
4	-9.58259748989
5	-6.21205488698
6	-7.90275856765
7	-8.27041165447
8	-14.66581407
9	-18.7977168569
10	-7.89378066958
11	-13.9164114556
12	-19.778066238
13	-4.77143558757
14	-19.6347922519
15	-4.04811817412
16	-13.6722791644
17	-13.5827891476
18	-5.19503027938
19	-4.77143558757
20	-25.0015110459
21	-11.3228771276
22	-10.9148494417
23	-13.2671303107
24	-13.080188076
25	-10.3230532245
26	-5.19503027938
27	-4.88499876076
28	-12.827137613
29	-8.11858454047
30	-11.8771581483
31	-8.28904582832
32	-5.31901627379
33	-12.373134769
34	-5.93758066797
35	-5.41638863535
36	-9.46444592352
37	-6.23762695929
38	-4.04811817412
39	-6.12213923109
40	-11.4837929066
41	-13.2547252325
42	-5.78315373643
43	-9.89811393764
44	-5.19503027938
45	-11.3572136363
46	-4.88499876076
47	-7.0718196393
48	-15.6272799181
49	-15.5753325707
50	-12.5335690989
51	-10.350912277
52	-4.77143558757
53	-15.8652409115
54	-9.14655137154
55	-13.8473381958
56	-10.7381872272
57	-9.62746628835
58	-10.3557384505
59	-5.31901627379
60	-12.7098742605
61	-8.20264070222
62	-9.69896614498
63	-5.68825541336
64	-10.0604230462
65	-4.04811817412
66	-17.8710218685
67	-10.1228014287
68	-5.93758066797
69	-16.5959248844
70	-22.2243357453
71	-10.8698196449
72	-17.2415018515
73	-5.29239278114
74	-12.2424502693
75	-4.77143558757
76	-6.12213922203
77	-13.2724202082
78	-10.3226557266
79	-7.51426383249
80	-16.4397659332
81	-12.400013664
82	-7.74969964497
83	-11.8266659534
84	-9.07986066774
85	-6.15191092141
86	-9.68446190244
87	-10.6141639025
88	-7.37696080283
89	-12.4933949768
90	-7.99005379587
91	-8.87367471986
92	-12.7538541393
93	-8.66128669314
94	-15.3281551621
95	-14.5672925254
96	-12.8469292306
97	-27.5581985149
98	-6.58573720439
99	-9.37465820863
100	-6.21205488698
101	-15.2582869574
102	-20.0812598893
103	-10.9408841965
104	-11.2777643234
105	-11.7400967604
106	-4.04811817412
107	-10.4094539586
108	-11.8246581795
109	-4.04811817412
110	-10.5232729761
111	-11.9488990143
112	-12.3996067603
113	-8.91913785256
114	-7.88960485749
115	-4.88499876076
116	-13.6462616456
117	-5.2558077143
118	-8.64516685247
119	-7.71306697272
120	-10.2120634513
121	-5.70286485448
122	-10.0437828882
123	-14.7063271088
124	-4.5455233028
125	-11.6397577636
126	-30.5160514225
127	-14.1557506684
128	-5.6591587149
129	-9.3448442878
130	-15.1247541499
131	-11.873425028
132	-4.5455233028
133	-9.28971682363
134	-33.7844943294
135	-7.61354566384
136	-10.0602716713
137	-16.9817741093
138	-5.78314983882
139	-9.57452247619
140	-11.8754768757
141	-8.73082402604
142	-9.88954642712
143	-21.6394403321
144	-10.4152716063
145	-15.290629905
146	-13.9916861728
147	-17.8226655569
148	-9.28971682363
149	-9.80473208888
150	-5.72359915853
151	-9.14179138266
152	-5.02920527165
153	-17.6040648297
154	-16.9729792275
155	-18.3276226242
156	-5.29239278114
157	-14.6545848752
158	-12.1494216323
159	-4.5455233028
160	-9.4612610096
161	-12.2510853143
162	-12.6112575828
