# log_p 	 lnL 	 
0.0	-1755.86655588	
-0.287682072452	-1755.8300696	
-0.510825623766	-1755.82654278	
-0.69314718056	-1755.84202995	
-0.847297860387	-1755.86656162	
-0.980829253012	-1755.89556861	
-1.09861228867	-1755.92702686	
-1.20397280433	-1755.95989884	
-1.29928298413	-1755.99350592	
-1.38629436112	-1756.0273188	
-1.46633706879	-1756.06090145	
-1.54044504095	-1756.09390012	
-1.60943791243	-1756.12604002	
-1.67397643357	-1756.15711964	
-1.73460105539	-1756.18700184	
-1.79175946923	-1756.21560337	
-1.8458266905	-1756.24288421	
-1.89711998489	-1756.26883768	
-1.94591014906	-1756.29348198	
-1.99243016469	-1756.31685311	
-2.03688192726	-1756.33899921	
-2.07944154168	-1756.35997613	
-2.1202635362	-1756.3798441	
-2.15948424935	-1756.39866519	
-2.19722457734	-1756.41650153	
-2.23359222151	-1756.43341396	
-2.26868354132	-1756.44946123	
-2.30258509299	-1756.46469935	
-2.33537491582	-1756.47918134	
-2.36712361413	-1756.49295699	
-2.3978952728	-1756.50607288	
-2.42774823595	-1756.51857237	
-2.45673577282	-1756.53049572	
-2.48490664979	-1756.54188026	
-2.51230562398	-1756.5527605	
-2.53897387106	-1756.56316833	
-2.56494935746	-1756.5731332	
-2.59026716545	-1756.58268229	
-2.61495977804	-1756.59184068	
-2.63905732962	-1756.6006315	
-2.66258782703	-1756.60907613	
-2.68557734525	-1756.6171943	
-2.7080502011	-1756.62500422	
-2.73002910782	-1756.63252276	
-2.75153531304	-1756.63976551	
-2.77258872224	-1756.64674691	
-2.79320800944	-1756.65348034	
-2.81341071676	-1756.65997822	
-2.83321334406	-1756.66625208	
-2.85263142991	-1756.67231264	
-2.87167962488	-1756.67816988	
-2.8903717579	-1756.68383309	
-2.90872089656	-1756.68931094	
-2.92673940207	-1756.69461155	
-2.94443897917	-1756.69974249	
-2.96183072188	-1756.70471084	
-2.97892515524	-1756.70952327	
-2.99573227355	-1756.71418601	
-3.01226157551	-1756.71870494	
-3.02852209638	-1756.72308559	
-3.04452243772	-1756.72733316	
-3.06027079469	-1756.73145258	
-3.07577498123	-1756.73544848	
-3.09104245336	-1756.73932527	
-3.10608033072	-1756.74308711	
-3.12089541651	-1756.74673795	
-3.13549421593	-1756.75028156	
-3.14988295338	-1756.7537215	
-3.16406758837	-1756.75706118	
-3.17805383035	-1756.76030385	
-3.19184715248	-1756.76345259	
-3.20545280454	-1756.76651038	
-3.21887582487	-1756.76948005	
-3.23212105162	-1756.7723643	
-3.24519313319	-1756.77516575	
-3.25809653802	-1756.77788689	
-3.2708355638	-1756.78053012	
-3.28341434601	-1756.78309775	
-3.295836866	-1756.78559201	
-3.3081069586	-1756.78801502	
-3.32022831913	-1756.79036886	
-3.33220451018	-1756.79265552	
-3.34403896782	-1756.79487691	
-3.35573500759	-1756.7970349	
-3.36729582999	-1756.79913128	
-3.37872452581	-1756.8011678	
-3.39002408106	-1756.80314612	
-3.40119738166	-1756.80506788	
-3.41224721785	-1756.80693466	
-3.42317628838	-1756.808748	
-3.43398720449	-1756.81050936	
-3.4446824936	-1756.8122202	
-3.45526460293	-1756.8138819	
-3.4657359028	-1756.81549584	
-3.47609868984	-1756.81706333	
-3.48635519	-1756.81858564	
-3.49650756147	-1756.82006403	
-3.50655789732	-1756.82149971	
-3.51650822817	-1756.82289385	
-3.52636052462	-1756.8242476	
-3.53611669956	-1756.82556207	
-3.54577861047	-1756.82683835	
-3.55534806149	-1756.82807749	
-3.56482680544	-1756.82928053	
-3.57421654579	-1756.83044846	
-3.58351893846	-1756.83158226	
-3.59273559356	-1756.83268287	
-3.60186807712	-1756.83375123	
-3.61091791264	-1756.83478822	
-3.61988658263	-1756.83579474	
-3.62877553004	-1756.83677162	
-3.63758615973	-1756.83771972	
-3.6463198397	-1756.83863983	
-3.65497790244	-1756.83953275	
-3.66356164613	-1756.84039925	
-3.6720723358	-1756.84124008	
-3.68051120444	-1756.84205598	
-3.68887945411	-1756.84284765	
-3.69717825693	-1756.8436158	
-3.70540875607	-1756.84436109	
-3.7135720667	-1756.84508421	
-3.72166927694	-1756.84578578	
-3.72970144863	-1756.84646643	
-3.73766961828	-1756.84712679	
-3.74557479779	-1756.84776744	
-3.75341797525	-1756.84838898	
-3.76120011569	-1756.84899196	
-3.76892216179	-1756.84957694	
-3.77658503453	-1756.85014446	
-3.78418963392	-1756.85069505	
-3.79173683955	-1756.85122923	
-3.79922751128	-1756.85174748	
-3.80666248977	-1756.8522503	
-3.81404259707	-1756.85273817	
-3.82136863716	-1756.85321154	
-3.82864139649	-1756.85367088	
-3.83586164446	-1756.85411662	
-3.84303013394	-1756.85454919	
-3.85014760171	-1756.85496901	
-3.85721476893	-1756.85537649	
-3.86423234159	-1756.85577202	
-3.87120101091	-1756.85615601	
-3.87812145375	-1756.85652881	
-3.88499433304	-1756.85689081	
-3.89182029811	-1756.85724236	
-3.8985999851	-1756.85758381	
-3.90533401728	-1756.85791551	
-3.91202300543	-1756.85823779	
-3.91866754815	-1756.85855097	
-3.92526823218	-1756.85885537	
-3.93182563272	-1756.85915129	
-3.93834031375	-1756.85943905	
-3.94481282825	-1756.85971893	
-3.95124371858	-1756.85999121	
-3.95763351668	-1756.86025618	
-3.96398274436	-1756.8605141	
-3.97029191355	-1756.86076525	
-3.97656152657	-1756.86100987	
-3.98279207632	-1756.86124823	
-3.98898404656	-1756.86148055	
-3.99513791214	-1756.86170709	
-4.00125413916	-1756.86192808	
-4.00733318523	-1756.86214373	
-4.01337549969	-1756.86235427	
-4.01938152375	-1756.86255992	
-4.02535169074	-1756.86276089	
-4.03128642625	-1756.86295737	
-4.03718614838	-1756.86314957	
-4.04305126783	-1756.86333768	
-4.04888218815	-1756.86352188	
-4.05467930583	-1756.86370237	
-4.06044301055	-1756.86387932	
-4.06617368526	-1756.8640529	
-4.07187170637	-1756.86422328	
-4.07753744391	-1756.86439063	
-4.08317126162	-1756.86455511	
-4.08877351717	-1756.86471687	
-4.09434456222	-1756.86487607	
-4.0998847426	-1756.86503285	
-4.10539439841	-1756.86518736	
-4.11087386417	-1756.86533973	
-4.11632346894	-1756.86549011	
-4.12174353641	-1756.86563863	
-4.12713438505	-1756.86578542	
-4.13249632819	-1756.86593059	
-4.13782967416	-1756.86607428	
-4.14313472639	-1756.86621661	
-4.14841178349	-1756.86635768	
-4.15366113938	-1756.86649761	
-4.15888308336	-1756.86663652	
-4.16407790024	-1756.8667745	
-4.1692458704	-1756.86691166	
-4.1743872699	-1756.8670481	
-4.17950237056	-1756.86718393	
-4.18459144007	-1756.86731922	
-4.18965474203	-1756.86745409	
-4.19469253606	-1756.86758861	
-4.19970507788	-1756.86772287	
-4.20469261939	-1756.86785696	
-4.20965540873	-1756.86799096	
-4.21459369037	-1756.86812496	
-4.21950770518	-1756.86825902	
-4.22439769047	-1756.86839322	
-4.22926388012	-1756.86852765	
-4.2341065046	-1756.86866236	
-4.23892579103	-1756.86879742	
-4.2437219633	-1756.86893292	
-4.24849524205	-1756.8690689	
-4.25324584481	-1756.86920543	
-4.257973986	-1756.86934258	
-4.26267987704	-1756.86948039	
-4.26736372635	-1756.86961894	
-4.27202573946	-1756.86975828	
-4.27666611902	-1756.86989845	
-4.28128506487	-1756.87003952	
-4.28588277412	-1756.87018153	
-4.29045944115	-1756.87032453	
-4.29501525768	-1756.87046858	
-4.29955041285	-1756.8706137	
-4.3040650932	-1756.87075996	
-4.30855948279	-1756.8709074	
-4.31303376319	-1756.87105604	
-4.31748811354	-1756.87120595	
-4.3219227106	-1756.87135714	
-4.32633772881	-1756.87150967	
-4.33073334029	-1756.87166357	
-4.33510971489	-1756.87181888	
-4.33946702026	-1756.87197562	
-4.34380542185	-1756.87213383	
-4.348125083	-1756.87229354	
-4.3524261649	-1756.87245479	
-4.35670882669	-1756.8726176	
-4.36097322548	-1756.872782	
-4.36521951636	-1756.87294802	
-4.36944785247	-1756.87311569	
-4.373658385	-1756.87328502	
-4.37785126326	-1756.87345605	
-4.38202663467	-1756.87362879	
-4.38618464482	-1756.87380328	
-4.39032543749	-1756.87397953	
-4.39444915467	-1756.87415756	
-4.39855593663	-1756.87433739	
-4.40264592188	-1756.87451904	
-4.40671924726	-1756.87470253	
-4.41077604796	-1756.87488788	
-4.4148164575	-1756.8750751	
-4.4188406078	-1756.87526422	
-4.42284862919	-1756.87545523	
-4.42684065046	-1756.87564817	
-4.43081679884	-1756.87584304	
-4.43477720006	-1756.87603985	
-4.43872197835	-1756.87623863	
-4.44265125649	-1756.87643937	
-4.44656515581	-1756.8766421	
-4.45046379623	-1756.87684682	
-4.45434729625	-1756.87705354	
-4.45821577303	-1756.87726227	
-4.46206934235	-1756.87747302	
-4.46590811865	-1756.8776858	
-4.46973221509	-1756.87790061	
-4.47354174351	-1756.87811747	
-4.47733681448	-1756.87833638	
-4.48111753732	-1756.87855735	
-4.48488402011	-1756.87878038	
-4.48863636973	-1756.87900547	
-4.49237469184	-1756.87923264	
-4.49609909093	-1756.87946189	
-4.49980967033	-1756.87969321	
-4.50350653221	-1756.87992662	
-4.50718977763	-1756.88016212	
-4.51085950652	-1756.88039971	
-4.51451581772	-1756.88063939	
-4.518158809	-1756.88088116	
-4.52178857705	-1756.88112503	
-4.52540521752	-1756.88137099	
-4.52900882502	-1756.88161906	
-4.53259949315	-1756.88186922	
-4.5361773145	-1756.88212148	
-4.53974238067	-1756.88237584	
-4.54329478227	-1756.8826323	
-4.54683460898	-1756.88289086	
-4.55036194949	-1756.88315151	
-4.5538768916	-1756.88341426	
-4.55737952215	-1756.8836791	
-4.56086992709	-1756.88394603	
-4.56434819147	-1756.88421505	
-4.56781439944	-1756.88448616	
-4.57126863431	-1756.88475936	
-4.5747109785	-1756.88503463	
-4.5781415136	-1756.88531199	
-4.58156032035	-1756.88559142	
-4.58496747867	-1756.88587292	
-4.58836306767	-1756.88615649	
-4.59174716566	-1756.88644213	
-4.59511985013	-1756.88672982	
-4.59848119784	-1756.88701958	
-4.60183128472	-1756.88731138	
-4.60517018599	-1756.88760523	
-4.60849797608	-1756.88790112	
-4.61181472871	-1756.88819905	
-4.61512051684	-1756.88849901	
-4.61841541274	-1756.88880099	
-4.62169948794	-1756.889105	
-4.62497281328	-1756.88941102	
-4.62823545892	-1756.88971906	
-4.63148749431	-1756.89002909	
-4.63472898823	-1756.89034112	
-4.63796000881	-1756.89065515	
-4.64118062351	-1756.89097115	
-4.64439089914	-1756.89128914	
-4.64759090187	-1756.8916091	
-4.65078069724	-1756.89193102	
-4.65396035016	-1756.8922549	
-4.65712992492	-1756.89258073	
-4.66028948521	-1756.89290851	
-4.66343909411	-1756.89323822	
-4.66657881412	-1756.89356986	
-4.66970870713	-1756.89390343	
-4.67282883446	-1756.89423891	
-4.67593925688	-1756.8945763	
-4.67904003455	-1756.89491559	
-4.68213122712	-1756.89525677	
-4.68521289366	-1756.89559983	
-4.6882850927	-1756.89594477	
-4.69134788223	-1756.89629159	
-4.69440131972	-1756.89664026	
-4.6974454621	-1756.89699078	
-4.70048036579	-1756.89734316	
-4.70350608671	-1756.89769736	
-4.70652268025	-1756.8980534	
-4.70953020131	-1756.89841126	
-4.71252870431	-1756.89877093	
-4.71551824316	-1756.89913241	
-4.7184988713	-1756.89949568	
-4.72147064168	-1756.89986073	
-4.72443360681	-1756.90022757	
-4.72738781871	-1756.90059618	
-4.73033332894	-1756.90096655	
-4.73327018862	-1756.90133867	
-4.73619844839	-1756.90171254	
-4.7391181585	-1756.90208815	
-4.74202936871	-1756.90246548	
-4.74493212836	-1756.90284453	
-4.74782648639	-1756.90322529	
-4.75071249128	-1756.90360775	
-4.75359019111	-1756.90399191	
-4.75645963353	-1756.90437775	
-4.75932086582	-1756.90476527	
-4.7621739348	-1756.90515445	
-4.76501888693	-1756.90554529	
-4.76785576827	-1756.90593778	
-4.77068462447	-1756.90633191	
-4.77350550081	-1756.90672767	
-4.77631844218	-1756.90712506	
-4.77912349311	-1756.90752406	
-4.78192069773	-1756.90792466	
-4.78471009982	-1756.90832686	
-4.78749174278	-1756.90873065	
-4.79026566966	-1756.90913601	
-4.79303192316	-1756.90954295	
-4.7957905456	-1756.90995144	
-4.79854157897	-1756.91036149	
-4.80128506491	-1756.91077308	
-4.80402104473	-1756.9111862	
-4.80674955939	-1756.91160085	
-4.8094706495	-1756.91201702	
-4.81218435537	-1756.91243469	
-4.81489071697	-1756.91285387	
-4.81758977394	-1756.91327453	
-4.82028156561	-1756.91369667	
-4.82296613098	-1756.91412029	
-4.82564350875	-1756.91454537	
-4.8283137373	-1756.91497191	
-4.83097685472	-1756.91539989	
-4.83363289878	-1756.91582931	
-4.83628190695	-1756.91626016	
-4.83892391641	-1756.91669242	
-4.84155896405	-1756.9171261	
-4.84418708646	-1756.91756118	
-4.84680831994	-1756.91799766	
-4.84942270051	-1756.91843552	
-4.85203026392	-1756.91887476	
-4.85463104562	-1756.91931537	
-4.8572250808	-1756.91975733	
-4.85981240436	-1756.92020065	
-4.86239305096	-1756.92064531	
-4.86496705495	-1756.9210913	
-4.86753445046	-1756.92153862	
-4.87009527132	-1756.92198726	
-4.87264955112	-1756.9224372	
-4.8751973232	-1756.92288844	
-4.87773862063	-1756.92334098	
-4.88027347623	-1756.9237948	
-4.88280192259	-1756.92424989	
-4.88532399202	-1756.92470626	
-4.88783971662	-1756.92516388	
-4.89034912822	-1756.92562275	
-4.89285225844	-1756.92608286	
-4.89534913864	-1756.9265442	
-4.89783979995	-1756.92700677	
-4.90032427328	-1756.92747056	
-4.90280258929	-1756.92793556	
-4.90527477844	-1756.92840176	
-4.90774087093	-1756.92886915	
-4.91020089677	-1756.92933772	
-4.91265488574	-1756.92980748	
-4.91510286737	-1756.9302784	
-4.91754487103	-1756.93075048	
-4.91998092583	-1756.93122372	
-4.92241106068	-1756.9316981	
-4.92483530429	-1756.93217361	
-4.92725368516	-1756.93265026	
-4.92966623156	-1756.93312803	
-4.93207297159	-1756.93360691	
-4.93447393313	-1756.9340869	
-4.93686914386	-1756.93456799	
-4.93925863125	-1756.93505017	
-4.94164242261	-1756.93553343	
-4.94402054501	-1756.93601776	
-4.94639302537	-1756.93650317	
-4.94875989038	-1756.93698963	
-4.95112116656	-1756.93747715	
-4.95347688026	-1756.93796571	
-4.9558270576	-1756.93845531	
-4.95817172456	-1756.93894594	
-4.96051090691	-1756.93943759	
-4.96284463026	-1756.93993026	
-4.96517292002	-1756.94042393	
-4.96749580144	-1756.94091861	
-4.96981329958	-1756.94141428	
-4.97212543933	-1756.94191094	
-4.97443224543	-1756.94240857	
-4.97673374242	-1756.94290718	
-4.97902995468	-1756.94340675	
-4.98132090643	-1756.94390728	
-4.98360662171	-1756.94440876	
-4.98588712441	-1756.94491119	
-4.98816243824	-1756.94541455	
-4.99043258678	-1756.94591884	
-4.99269759341	-1756.94642405	
-4.99495748138	-1756.94693018	
-4.99721227376	-1756.94743722	
-4.9994619935	-1756.94794516	
-5.00170666335	-1756.948454	
-5.00394630595	-1756.94896372	
-5.00618094375	-1756.94947433	
-5.00841059907	-1756.94998581	
-5.0106352941	-1756.95049816	
-5.01285505083	-1756.95101137	
-5.01506989116	-1756.95152543	
-5.01727983681	-1756.95204035	
-5.01948490937	-1756.9525561	
-5.02168513028	-1756.9530727	
-5.02388052085	-1756.95359012	
-5.02607110223	-1756.95410836	
-5.02825689545	-1756.95462742	
-5.03043792139	-1756.95514729	
-5.03261420082	-1756.95566796	
-5.03478575433	-1756.95618943	
-5.03695260241	-1756.95671169	
-5.03911476542	-1756.95723474	
-5.04127226356	-1756.95775856	
-5.04342511692	-1756.95828316	
-5.04557334546	-1756.95880852	
-5.047716969	-1756.95933464	
-5.04985600725	-1756.95986152	
-5.05199047978	-1756.96038914	
-5.05412040604	-1756.96091751	
-5.05624580535	-1756.96144661	
-5.05836669692	-1756.96197644	
-5.06048309982	-1756.96250699	
-5.06259503303	-1756.96303827	
-5.06470251537	-1756.96357025	
-5.06680556556	-1756.96410294	
-5.06890420222	-1756.96463633	
-5.07099844382	-1756.96517042	
-5.07308830874	-1756.9657052	
-5.07517381523	-1756.96624065	
-5.07725498144	-1756.96677679	
-5.07933182538	-1756.9673136	
-5.08140436498	-1756.96785107	
-5.08347261805	-1756.96838921	
-5.08553660227	-1756.968928	
-5.08759633523	-1756.96946744	
-5.08965183441	-1756.97000752	
-5.09170311719	-1756.97054825	
-5.09375020081	-1756.9710896	
-5.09579310244	-1756.97163159	
-5.09783183913	-1756.9721742	
-5.09986642782	-1756.97271742	
-5.10189688537	-1756.97326126	
-5.10392322852	-1756.9738057	
-5.1059454739	-1756.97435074	
-5.10796363806	-1756.97489638	
-5.10997773743	-1756.97544261	
-5.11198778836	-1756.97598943	
-5.11399380708	-1756.97653683	
-5.11599580975	-1756.9770848	
-5.11799381242	-1756.97763335	
-5.11998783102	-1756.97818246	
-5.12197788143	-1756.97873213	
-5.1239639794	-1756.97928235	
-5.12594614061	-1756.97983313	
-5.12792438062	-1756.98038445	
-5.12989871492	-1756.98093631	
-5.13186915891	-1756.98148871	
-5.13383572788	-1756.98204163	
-5.13579843705	-1756.98259509	
-5.13775730154	-1756.98314906	
-5.13971233637	-1756.98370356	
-5.1416635565	-1756.98425856	
-5.14361097679	-1756.98481407	
-5.145554612	-1756.98537009	
-5.14749447681	-1756.9859266	
-5.14943058584	-1756.9864836	
-5.15136295359	-1756.98704109	
-5.1532915945	-1756.98759907	
-5.15521652291	-1756.98815753	
-5.15713775309	-1756.98871646	
-5.15905529921	-1756.98927586	
-5.1609691754	-1756.98983573	
-5.16287939565	-1756.99039606	
-5.16478597392	-1756.99095684	
-5.16668892407	-1756.99151808	
-5.16858825987	-1756.99207977	
-5.17048399504	-1756.9926419	
-5.17237614319	-1756.99320447	
-5.17426471788	-1756.99376748	
-5.17614973257	-1756.99433091	
-5.17803120067	-1756.99489478	
-5.1799091355	-1756.99545906	
-5.18178355029	-1756.99602377	
-5.18365445823	-1756.99658889	
-5.1855218724	-1756.99715442	
-5.18738580584	-1756.99772035	
-5.18924627149	-1756.99828669	
-5.19110328224	-1756.99885343	
-5.19295685089	-1756.99942056	
-5.19480699018	-1756.99998808	
-5.19665371277	-1757.00055598	
-5.19849703127	-1757.00112427	
-5.20033695819	-1757.00169293	
-5.202173506	-1757.00226197	
-5.20400668708	-1757.00283138	
-5.20583651375	-1757.00340115	
-5.20766299828	-1757.00397129	
-5.20948615284	-1757.00454179	
-5.21130598956	-1757.00511264	
-5.21312252048	-1757.00568384	
-5.21493575761	-1757.00625539	
-5.21674571285	-1757.00682728	
-5.21855239808	-1757.00739951	
-5.22035582508	-1757.00797208	
-5.22215600558	-1757.00854498	
-5.22395295126	-1757.00911821	
-5.22574667371	-1757.00969177	
-5.22753718449	-1757.01026564	
-5.22932449506	-1757.01083984	
-5.23110861685	-1757.01141435	
-5.23288956123	-1757.01198916	
-5.23466733947	-1757.01256429	
-5.23644196283	-1757.01313972	
-5.23821344248	-1757.01371545	
-5.23998178954	-1757.01429148	
-5.24174701506	-1757.0148678	
-5.24350913005	-1757.01544441	
-5.24526814546	-1757.01602131	
-5.24702407216	-1757.01659849	
-5.24877692099	-1757.01717595	
-5.25052670271	-1757.01775369	
-5.25227342805	-1757.0183317	
-5.25401710765	-1757.01890998	
-5.25575775213	-1757.01948853	
-5.25749537203	-1757.02006734	
-5.25922997784	-1757.02064641	
-5.26096158	-1757.02122574	
-5.2626901889	-1757.02180532	
-5.26441581487	-1757.02238515	
-5.26613846818	-1757.02296524	
-5.26785815906	-1757.02354556	
-5.26957489768	-1757.02412613	
-5.27128869416	-1757.02470693	
-5.27299955856	-1757.02528797	
-5.27470750091	-1757.02586924	
-5.27641253116	-1757.02645074	
-5.27811465923	-1757.02703247	
-5.27981389498	-1757.02761442	
-5.28151024823	-1757.02819659	
-5.28320372874	-1757.02877898	
-5.28489434622	-1757.02936158	
-5.28658211033	-1757.02994439	
-5.28826703069	-1757.03052741	
-5.28994911688	-1757.03111064	
-5.2916283784	-1757.03169407	
-5.29330482472	-1757.03227769	
-5.29497846528	-1757.03286152	
-5.29664930945	-1757.03344554	
-5.29831736655	-1757.03402975	
-5.29998264587	-1757.03461415	
-5.30164515664	-1757.03519873	
-5.30330490806	-1757.0357835	
-5.30496190927	-1757.03636845	
-5.30661616936	-1757.03695357	
-5.3082676974	-1757.03753887	
-5.30991650239	-1757.03812435	
-5.3115625933	-1757.03870999	
-5.31320597904	-1757.0392958	
-5.3148466685	-1757.03988177	
-5.3164846705	-1757.0404679	
-5.31811999384	-1757.0410542	
-5.31975264727	-1757.04164064	
-5.32138263948	-1757.04222725	
-5.32300997914	-1757.042814	
-5.32463467487	-1757.04340091	
-5.32625673524	-1757.04398795	
-5.32787616879	-1757.04457515	
-5.32949298402	-1757.04516248	
-5.33110718937	-1757.04574996	
-5.33271879327	-1757.04633756	
-5.33432780407	-1757.04692531	
-5.33593423012	-1757.04751318	
-5.3375380797	-1757.04810119	
-5.33913936107	-1757.04868932	
-5.34073808243	-1757.04927757	
-5.34233425196	-1757.04986595	
-5.3439278778	-1757.05045444	
-5.34551896803	-1757.05104306	
-5.34710753072	-1757.05163178	
-5.34869357387	-1757.05222062	
-5.35027710548	-1757.05280957	
-5.35185813348	-1757.05339863	
-5.35343666577	-1757.0539878	
-5.35501271022	-1757.05457706	
-5.35658627467	-1757.05516643	
-5.3581573669	-1757.0557559	
-5.35972599468	-1757.05634546	
-5.36129216571	-1757.05693512	
-5.36285588769	-1757.05752488	
-5.36441716825	-1757.05811472	
-5.36597601502	-1757.05870465	
-5.36753243557	-1757.05929466	
-5.36908643744	-1757.05988476	
-5.37063802813	-1757.06047494	
-5.37218721511	-1757.0610652	
-5.37373400583	-1757.06165554	
-5.37527840768	-1757.06224596	
-5.37682042804	-1757.06283644	
-5.37836007422	-1757.063427	
-5.37989735354	-1757.06401763	
-5.38143227326	-1757.06460833	
-5.38296484061	-1757.06519909	
-5.38449506279	-1757.06578991	
-5.38602294697	-1757.0663808	
-5.38754850028	-1757.06697174	
-5.38907172982	-1757.06756274	
-5.39059264266	-1757.0681538	
-5.39211124583	-1757.06874491	
-5.39362754635	-1757.06933607	
-5.39514155118	-1757.06992729	
-5.39665326727	-1757.07051855	
-5.39816270152	-1757.07110985	
-5.39966986081	-1757.0717012	
-5.40117475199	-1757.07229259	
-5.40267738187	-1757.07288403	
-5.40417775725	-1757.0734755	
-5.40567588487	-1757.074067	
-5.40717177146	-1757.07465855	
-5.40866542372	-1757.07525012	
-5.4101568483	-1757.07584173	
-5.41164605186	-1757.07643336	
-5.41313304098	-1757.07702503	
-5.41461782224	-1757.07761672	
-5.4161004022	-1757.07820843	
-5.41758078737	-1757.07880017	
-5.41905898424	-1757.07939193	
-5.42053499927	-1757.0799837	
-5.42200883889	-1757.0805755	
-5.4234805095	-1757.0811673	
-5.42495001748	-1757.08175913	
-5.42641736918	-1757.08235096	
-5.4278825709	-1757.08294281	
-5.42934562895	-1757.08353466	
-5.43080654959	-1757.08412653	
-5.43226533906	-1757.0847184	
-5.43372200355	-1757.08531027	
-5.43517654927	-1757.08590214	
-5.43662898235	-1757.08649402	
-5.43807930892	-1757.08708589	
-5.4395275351	-1757.08767777	
-5.44097366695	-1757.08826964	
-5.44241771052	-1757.0888615	
-5.44385967184	-1757.08945336	
-5.4452995569	-1757.0900452	
-5.44673737167	-1757.09063704	
-5.44817312209	-1757.09122887	
-5.44960681409	-1757.09182068	
-5.45103845357	-1757.09241248	
-5.45246804638	-1757.09300427	
-5.45389559837	-1757.09359603	
-5.45532111536	-1757.09418778	
-5.45674460314	-1757.09477951	
-5.45816606749	-1757.09537121	
-5.45958551414	-1757.0959629	
-5.46100294883	-1757.09655455	
-5.46241837723	-1757.09714618	
-5.46383180503	-1757.09773779	
-5.46524323786	-1757.09832936	
-5.46665268137	-1757.09892091	
-5.46806014114	-1757.09951242	
-5.46946562274	-1757.1001039	
-5.47086913175	-1757.10069534	
-5.47227067367	-1757.10128675	
-5.47367025403	-1757.10187813	
-5.47506787829	-1757.10246946	
-5.47646355193	-1757.10306076	
-5.47785728038	-1757.10365201	
-5.47924906905	-1757.10424322	
-5.48063892334	-1757.10483439	
-5.48202684862	-1757.10542551	
-5.48341285022	-1757.10601658	
-5.48479693349	-1757.10660761	
-5.48617910372	-1757.10719859	
-5.48755936619	-1757.10778952	
-5.48893772616	-1757.1083804	
-5.49031418887	-1757.10897122	
-5.49168875953	-1757.109562	
-5.49306144334	-1757.11015271	
-5.49443224547	-1757.11074337	
-5.49580117108	-1757.11133398	
-5.49716822529	-1757.11192452	
-5.49853341322	-1757.112515	
-5.49989673995	-1757.11310543	
-5.50125821054	-1757.11369579	
-5.50261783006	-1757.11428608	
-5.50397560352	-1757.11487632	
-5.50533153593	-1757.11546648	
-5.50668563228	-1757.11605658	
-5.50803789753	-1757.11664662	
-5.50938833663	-1757.11723658	
-5.5107369545	-1757.11782647	
-5.51208375605	-1757.11841629	
-5.51342874616	-1757.11900604	
-5.51477192971	-1757.11959572	
-5.51611331154	-1757.12018532	
-5.51745289646	-1757.12077484	
-5.51879068931	-1757.12136429	
-5.52012669485	-1757.12195366	
-5.52146091786	-1757.12254295	
-5.5227933631	-1757.12313216	
-5.52412403528	-1757.12372128	
-5.52545293913	-1757.12431033	
-5.52678007934	-1757.12489929	
-5.52810546058	-1757.12548817	
-5.52942908751	-1757.12607697	
-5.53075096477	-1757.12666567	
-5.53207109697	-1757.12725429	
-5.53338948873	-1757.12784283	
-5.53470614461	-1757.12843127	
-5.53602106919	-1757.12901962	
-5.53733426702	-1757.12960788	
-5.53864574262	-1757.13019605	
-5.5399555005	-1757.13078412	
-5.54126354516	-1757.1313721	
-5.54256988107	-1757.13195999	
-5.5438745127	-1757.13254778	
-5.54517744448	-1757.13313547	
-5.54647868084	-1757.13372306	
-5.54777822618	-1757.13431056	
-5.5490760849	-1757.13489795	
-5.55037226136	-1757.13548525	
-5.55166675992	-1757.13607244	
-5.55295958492	-1757.13665953	
-5.55425074069	-1757.13724651	
-5.55554023152	-1757.13783339	
-5.5568280617	-1757.13842017	
-5.55811423551	-1757.13900684	
-5.5593987572	-1757.1395934	
-5.56068163102	-1757.14017986	
-5.56196286117	-1757.1407662	
-5.56324245188	-1757.14135244	
-5.56452040732	-1757.14193856	
-5.56579673168	-1757.14252458	
-5.56707142911	-1757.14311048	
-5.56834450376	-1757.14369627	
-5.56961595975	-1757.14428194	
-5.57088580119	-1757.1448675	
-5.57215403218	-1757.14545294	
-5.57342065679	-1757.14603827	
-5.5746856791	-1757.14662348	
-5.57594910315	-1757.14720857	
-5.57721093297	-1757.14779355	
-5.57847117258	-1757.1483784	
-5.57972982599	-1757.14896313	
-5.58098689718	-1757.14954774	
-5.58224239012	-1757.15013223	
-5.58349630878	-1757.1507166	
-5.5847486571	-1757.15130084	
-5.585999439	-1757.15188496	
-5.5872486584	-1757.15246896	
-5.5884963192	-1757.15305283	
-5.58974242528	-1757.15363657	
-5.59098698051	-1757.15422018	
-5.59222998875	-1757.15480367	
-5.59347145384	-1757.15538703	
-5.5947113796	-1757.15597025	
-5.59594976985	-1757.15655335	
-5.59718662839	-1757.15713632	
-5.598421959	-1757.15771915	
-5.59965576545	-1757.15830186	
-5.60088805149	-1757.15888443	
-5.60211882088	-1757.15946686	
-5.60334807733	-1757.16004917	
-5.60457582457	-1757.16063133	
-5.6058020663	-1757.16121336	
-5.60702680619	-1757.16179526	
-5.60825004793	-1757.16237701	
-5.60947179518	-1757.16295863	
-5.61069205159	-1757.16354012	
-5.61191082078	-1757.16412146	
-5.61312810639	-1757.16470266	
-5.61434391201	-1757.16528372	
-5.61555824124	-1757.16586464	
-5.61677109767	-1757.16644542	
-5.61798248485	-1757.16702606	
-5.61919240636	-1757.16760655	
-5.62040086572	-1757.1681869	
-5.62160786647	-1757.16876711	
-5.62281341212	-1757.16934717	
-5.62401750619	-1757.16992708	
-5.62522015215	-1757.17050685	
-5.6264213535	-1757.17108648	
-5.62762111369	-1757.17166595	
-5.62881943618	-1757.17224528	
-5.63001632442	-1757.17282446	
-5.63121178182	-1757.17340349	
-5.63240581181	-1757.17398237	
-5.6335984178	-1757.1745611	
-5.63478960317	-1757.17513968	
-5.6359793713	-1757.17571811	
-5.63716772557	-1757.17629639	
-5.63835466933	-1757.17687451	
-5.63954020593	-1757.17745248	
-5.64072433869	-1757.1780303	
-5.64190707094	-1757.17860796	
-5.64308840598	-1757.17918547	
-5.64426834712	-1757.17976282	
-5.64544689764	-1757.18034002	
-5.64662406082	-1757.18091706	
-5.64779983991	-1757.18149395	
-5.64897423816	-1757.18207068	
-5.65014725882	-1757.18264725	
-5.65131890512	-1757.18322366	
-5.65248918027	-1757.18379991	
-5.65365808747	-1757.184376	
-5.65482562993	-1757.18495194	
-5.65599181082	-1757.18552771	
-5.65715663332	-1757.18610332	
-5.65832010058	-1757.18667877	
-5.65948221576	-1757.18725406	
-5.660642982	-1757.18782919	
-5.66180240242	-1757.18840415	
-5.66296048014	-1757.18897895	
-5.66411721826	-1757.18955359	
-5.66527261989	-1757.19012806	
-5.66642668811	-1757.19070237	
-5.66757942599	-1757.19127651	
-5.6687308366	-1757.19185048	
-5.66988092298	-1757.19242429	
-5.67102968818	-1757.19299794	
-5.67217713524	-1757.19357141	
-5.67332326717	-1757.19414472	
-5.67446808699	-1757.19471786	
-5.67561159769	-1757.19529084	
-5.67675380227	-1757.19586364	
-5.6778947037	-1757.19643628	
-5.67903430497	-1757.19700874	
-5.68017260902	-1757.19758104	
-5.6813096188	-1757.19815316	
-5.68244533727	-1757.19872511	
-5.68357976734	-1757.1992969	
-5.68471291194	-1757.19986851	
-5.68584477397	-1757.20043995	
-5.68697535634	-1757.20101121	
-5.68810466194	-1757.2015823	
-5.68923269364	-1757.20215322	
-5.69035945432	-1757.20272397	
-5.69148494685	-1757.20329454	
-5.69260917406	-1757.20386493	
-5.6937321388	-1757.20443516	
-5.69485384391	-1757.2050052	
-5.69597429221	-1757.20557507	
-5.69709348651	-1757.20614477	
-5.69821142961	-1757.20671428	
-5.69932812431	-1757.20728362	
-5.70044357339	-1757.20785279	
-5.70155777963	-1757.20842177	
-5.7026707458	-1757.20899058	
-5.70378247466	-1757.20955921	
-5.70489296894	-1757.21012766	
-5.70600223139	-1757.21069593	
-5.70711026475	-1757.21126402	
-5.70821707172	-1757.21183194	
-5.70932265503	-1757.21239967	
-5.71042701737	-1757.21296722	
-5.71153016145	-1757.21353459	
-5.71263208993	-1757.21410178	
-5.71373280551	-1757.21466879	
-5.71483231084	-1757.21523561	
-5.71593060859	-1757.21580226	
-5.71702770141	-1757.21636872	
-5.71812359193	-1757.216935	
-5.71921828279	-1757.21750109	
-5.72031177661	-1757.21806701	
-5.72140407601	-1757.21863273	
-5.72249518359	-1757.21919828	
-5.72358510195	-1757.21976364	
-5.72467383369	-1757.22032881	
-5.72576138137	-1757.2208938	
-5.72684774759	-1757.22145861	
-5.72793293489	-1757.22202323	
-5.72901694583	-1757.22258766	
-5.73009978297	-1757.22315191	
-5.73118144884	-1757.22371597	
-5.73226194598	-1757.22427984	
-5.7333412769	-1757.22484352	
-5.73441944412	-1757.22540702	
-5.73549645015	-1757.22597033	
-5.73657229748	-1757.22653346	
-5.73764698861	-1757.22709639	
-5.73872052602	-1757.22765914	
-5.73979291218	-1757.22822169	
-5.74086414956	-1757.22878406	
-5.74193424062	-1757.22934624	
-5.74300318781	-1757.22990823	
-5.74407099357	-1757.23047003	
-5.74513766034	-1757.23103164	
-5.74620319054	-1757.23159306	
-5.7472675866	-1757.23215428	
-5.74833085092	-1757.23271532	
-5.74939298591	-1757.23327617	
-5.75045399397	-1757.23383682	
-5.75151387748	-1757.23439728	
-5.75257263883	-1757.23495755	
-5.75363028038	-1757.23551763	
-5.75468680452	-1757.23607752	
-5.75574221359	-1757.23663721	
-5.75679650994	-1757.23719671	
-5.75784969593	-1757.23775602	
-5.75890177388	-1757.23831513	
-5.75995274612	-1757.23887405	
-5.76100261499	-1757.23943278	
-5.76205138278	-1757.23999131	
-5.76309905181	-1757.24054965	
-5.76414562438	-1757.24110779	
-5.76519110278	-1757.24166574	
-5.7662354893	-1757.24222349	
-5.76727878622	-1757.24278105	
-5.76832099579	-1757.24333841	
-5.7693621203	-1757.24389558	
-5.770402162	-1757.24445255	
-5.77144112313	-1757.24500932	
-5.77247900594	-1757.2455659	
-5.77351581267	-1757.24612229	
-5.77455154554	-1757.24667847	
-5.77558620679	-1757.24723446	
-5.77661979861	-1757.24779025	
-5.77765232322	-1757.24834585	
-5.77868378283	-1757.24890124	
-5.77971417962	-1757.24945644	
-5.78074351579	-1757.25001144	
-5.78177179352	-1757.25056625	
-5.78279901497	-1757.25112085	
-5.78382518233	-1757.25167526	
-5.78485029774	-1757.25222947	
-5.78587436337	-1757.25278348	
-5.78689738137	-1757.25333729	
-5.78791935386	-1757.2538909	
-5.788940283	-1757.25444431	
-5.7899601709	-1757.25499752	
-5.79097901969	-1757.25555053	
-5.79199683148	-1757.25610335	
-5.79301360838	-1757.25665596	
-5.7940293525	-1757.25720837	
-5.79504406593	-1757.25776058	
-5.79605775077	-1757.2583126	
-5.79707040908	-1757.25886441	
-5.79808204295	-1757.25941602	
-5.79909265446	-1757.25996743	
-5.80010224566	-1757.26051863	
-5.80111081862	-1757.26106964	
-5.80211837538	-1757.26162045	
-5.80312491799	-1757.26217105	
-5.80413044849	-1757.26272145	
-5.80513496892	-1757.26327165	
-5.80613848129	-1757.26382165	
-5.80714098764	-1757.26437144	
-5.80814248998	-1757.26492104	
-5.80914299031	-1757.26547043	
