# log_p 	 lnL 	 
0.0	-1743.60064388	
-0.287682072452	-1743.52359714	
-0.510825623766	-1743.43185165	
-0.69314718056	-1743.33469329	
-0.847297860387	-1743.23724027	
-0.980829253012	-1743.14181656	
-1.09861228867	-1743.04915835	
-1.20397280433	-1742.95923591	
-1.29928298413	-1742.8717152	
-1.38629436112	-1742.78617711	
-1.46633706879	-1742.70220478	
-1.54044504095	-1742.61941027	
-1.60943791243	-1742.53743854	
-1.67397643357	-1742.45596557	
-1.73460105539	-1742.37469711	
-1.79175946923	-1742.29336975	
-1.8458266905	-1742.21175397	
-1.89711998489	-1742.12965853	
-1.94591014906	-1742.04693516	
-1.99243016469	-1741.9634825	
-2.03688192726	-1741.87924876	
-2.07944154168	-1741.79423229	
-2.1202635362	-1741.7084799	
-2.15948424935	-1741.62208296	
-2.19722457734	-1741.53517159	
-2.23359222151	-1741.44790737	
-2.26868354132	-1741.36047528	
-2.30258509299	-1741.27307539	
-2.33537491582	-1741.18591489	
-2.36712361413	-1741.09920095	
-2.3978952728	-1741.01313459	
-2.42774823595	-1740.92790582	
-2.45673577282	-1740.84368997	
-2.48490664979	-1740.76064526	
-2.51230562398	-1740.67891139	
-2.53897387106	-1740.59860895	
-2.56494935746	-1740.51983967	
-2.59026716545	-1740.44268703	
-2.61495977804	-1740.36721741	
-2.63905732962	-1740.29348137	
-2.66258782703	-1740.22151511	
-2.68557734525	-1740.15134201	
-2.7080502011	-1740.08297408	
-2.73002910782	-1740.01641347	
-2.75153531304	-1739.95165378	
-2.77258872224	-1739.88868136	
-2.79320800944	-1739.82747641	
-2.81341071676	-1739.76801406	
-2.83321334406	-1739.71026526	
-2.85263142991	-1739.65419758	
-2.87167962488	-1739.59977595	
-2.8903717579	-1739.54696325	
-2.90872089656	-1739.49572086	
-2.92673940207	-1739.44600909	
-2.94443897917	-1739.39778759	
-2.96183072188	-1739.35101569	
-2.97892515524	-1739.30565261	
-2.99573227355	-1739.26165778	
-3.01226157551	-1739.21899096	
-3.02852209638	-1739.17761245	
-3.04452243772	-1739.13748315	
-3.06027079469	-1739.09856473	
-3.07577498123	-1739.06081967	
-3.09104245336	-1739.02421133	
-3.10608033072	-1738.988704	
-3.12089541651	-1738.95426293	
-3.13549421593	-1738.92085432	
-3.14988295338	-1738.8884454	
-3.16406758837	-1738.85700437	
-3.17805383035	-1738.82650042	
-3.19184715248	-1738.79690373	
-3.20545280454	-1738.76818545	
-3.21887582487	-1738.74031768	
-3.23212105162	-1738.71327346	
-3.24519313319	-1738.68702674	
-3.25809653802	-1738.66155236	
-3.2708355638	-1738.63682605	
-3.28341434601	-1738.61282434	
-3.295836866	-1738.58952463	
-3.3081069586	-1738.56690507	
-3.32022831913	-1738.54494461	
-3.33220451018	-1738.52362293	
-3.34403896782	-1738.50292042	
-3.35573500759	-1738.48281817	
-3.36729582999	-1738.46329794	
-3.37872452581	-1738.44434213	
-3.39002408106	-1738.42593375	
-3.40119738166	-1738.40805644	
-3.41224721785	-1738.39069437	
-3.42317628838	-1738.3738323	
-3.43398720449	-1738.35745551	
-3.4446824936	-1738.34154979	
-3.45526460293	-1738.32610142	
-3.4657359028	-1738.31109717	
-3.47609868984	-1738.29652426	
-3.48635519	-1738.28237034	
-3.49650756147	-1738.26862348	
-3.50655789732	-1738.25527218	
-3.51650822817	-1738.2423053	
-3.52636052462	-1738.2297121	
-3.53611669956	-1738.21748218	
-3.54577861047	-1738.2056055	
-3.55534806149	-1738.19407235	
-3.56482680544	-1738.18287335	
-3.57421654579	-1738.17199941	
-3.58351893846	-1738.16144175	
-3.59273559356	-1738.15119188	
-3.60186807712	-1738.14124158	
-3.61091791264	-1738.13158289	
-3.61988658263	-1738.1222081	
-3.62877553004	-1738.11310977	
-3.63758615973	-1738.10428068	
-3.6463198397	-1738.09571382	
-3.65497790244	-1738.08740243	
-3.66356164613	-1738.07933995	
-3.6720723358	-1738.07152002	
-3.68051120444	-1738.06393648	
-3.68887945411	-1738.05658334	
-3.69717825693	-1738.04945483	
-3.70540875607	-1738.04254532	
-3.7135720667	-1738.03584937	
-3.72166927694	-1738.02936169	
-3.72970144863	-1738.02307716	
-3.73766961828	-1738.0169908	
-3.74557479779	-1738.01109779	
-3.75341797525	-1738.00539343	
-3.76120011569	-1737.99987319	
-3.76892216179	-1737.99453263	
-3.77658503453	-1737.98936746	
-3.78418963392	-1737.98437353	
-3.79173683955	-1737.97954678	
-3.79922751128	-1737.97488327	
-3.80666248977	-1737.97037918	
-3.81404259707	-1737.9660308	
-3.82136863716	-1737.96183451	
-3.82864139649	-1737.95778679	
-3.83586164446	-1737.95388424	
-3.84303013394	-1737.95012352	
-3.85014760171	-1737.9465014	
-3.85721476893	-1737.94301475	
-3.86423234159	-1737.9396605	
-3.87120101091	-1737.93643567	
-3.87812145375	-1737.93333736	
-3.88499433304	-1737.93036275	
-3.89182029811	-1737.9275091	
-3.8985999851	-1737.92477373	
-3.90533401728	-1737.92215403	
-3.91202300543	-1737.91964747	
-3.91866754815	-1737.91725158	
-3.92526823218	-1737.91496394	
-3.93182563272	-1737.91278221	
-3.93834031375	-1737.9107041	
-3.94481282825	-1737.90872738	
-3.95124371858	-1737.90684989	
-3.95763351668	-1737.90506949	
-3.96398274436	-1737.90338414	
-3.97029191355	-1737.9017918	
-3.97656152657	-1737.90029052	
-3.98279207632	-1737.89887838	
-3.98898404656	-1737.89755351	
-3.99513791214	-1737.89631408	
-4.00125413916	-1737.89515833	
-4.00733318523	-1737.8940845	
-4.01337549969	-1737.8930909	
-4.01938152375	-1737.89217589	
-4.02535169074	-1737.89133783	
-4.03128642625	-1737.89057517	
-4.03718614838	-1737.88988635	
-4.04305126783	-1737.88926987	
-4.04888218815	-1737.88872426	
-4.05467930583	-1737.88824809	
-4.06044301055	-1737.88783996	
-4.06617368526	-1737.88749849	
-4.07187170637	-1737.88722235	
-4.07753744391	-1737.88701023	
-4.08317126162	-1737.88686086	
-4.08877351717	-1737.88677297	
-4.09434456222	-1737.88674536	
-4.0998847426	-1737.88677683	
-4.10539439841	-1737.88686621	
-4.11087386417	-1737.88701236	
-4.11632346894	-1737.88721416	
-4.12174353641	-1737.88747053	
-4.12713438505	-1737.88778039	
-4.13249632819	-1737.8881427	
-4.13782967416	-1737.88855645	
-4.14313472639	-1737.88902062	
-4.14841178349	-1737.88953425	
-4.15366113938	-1737.89009638	
-4.15888308336	-1737.89070606	
-4.16407790024	-1737.89136239	
-4.1692458704	-1737.89206447	
-4.1743872699	-1737.89281142	
-4.17950237056	-1737.89360238	
-4.18459144007	-1737.89443651	
-4.18965474203	-1737.89531298	
-4.19469253606	-1737.89623099	
-4.19970507788	-1737.89718975	
-4.20469261939	-1737.89818848	
-4.20965540873	-1737.89922644	
-4.21459369037	-1737.90030286	
-4.21950770518	-1737.90141704	
-4.22439769047	-1737.90256825	
-4.22926388012	-1737.9037558	
-4.2341065046	-1737.90497901	
-4.23892579103	-1737.9062372	
-4.2437219633	-1737.90752972	
-4.24849524205	-1737.90885592	
-4.25324584481	-1737.91021518	
-4.257973986	-1737.91160687	
-4.26267987704	-1737.9130304	
-4.26736372635	-1737.91448516	
-4.27202573946	-1737.91597058	
-4.27666611902	-1737.91748608	
-4.28128506487	-1737.9190311	
-4.28588277412	-1737.9206051	
-4.29045944115	-1737.92220754	
-4.29501525768	-1737.92383789	
-4.29955041285	-1737.92549562	
-4.3040650932	-1737.92718025	
-4.30855948279	-1737.92889125	
-4.31303376319	-1737.93062816	
-4.31748811354	-1737.93239048	
-4.3219227106	-1737.93417775	
-4.32633772881	-1737.93598951	
-4.33073334029	-1737.9378253	
-4.33510971489	-1737.93968469	
-4.33946702026	-1737.94156722	
-4.34380542185	-1737.94347248	
-4.348125083	-1737.94540005	
-4.3524261649	-1737.94734952	
-4.35670882669	-1737.94932047	
-4.36097322548	-1737.95131251	
-4.36521951636	-1737.95332526	
-4.36944785247	-1737.95535834	
-4.373658385	-1737.95741135	
-4.37785126326	-1737.95948394	
-4.38202663467	-1737.96157575	
-4.38618464482	-1737.96368642	
-4.39032543749	-1737.9658156	
-4.39444915467	-1737.96796294	
-4.39855593663	-1737.97012812	
-4.40264592188	-1737.97231079	
-4.40671924726	-1737.97451064	
-4.41077604796	-1737.97672735	
-4.4148164575	-1737.9789606	
-4.4188406078	-1737.98121009	
-4.42284862919	-1737.98347551	
-4.42684065046	-1737.98575656	
-4.43081679884	-1737.98805296	
-4.43477720006	-1737.99036442	
-4.43872197835	-1737.99269065	
-4.44265125649	-1737.99503138	
-4.44656515581	-1737.99738635	
-4.45046379623	-1737.99975527	
-4.45434729625	-1738.00213788	
-4.45821577303	-1738.00453394	
-4.46206934235	-1738.00694319	
-4.46590811865	-1738.00936537	
-4.46973221509	-1738.01180024	
-4.47354174351	-1738.01424756	
-4.47733681448	-1738.0167071	
-4.48111753732	-1738.01917861	
-4.48488402011	-1738.02166188	
-4.48863636973	-1738.02415668	
-4.49237469184	-1738.02666279	
-4.49609909093	-1738.02917998	
-4.49980967033	-1738.03170805	
-4.50350653221	-1738.03424678	
-4.50718977763	-1738.03679598	
-4.51085950652	-1738.03935542	
-4.51451581772	-1738.04192493	
-4.518158809	-1738.04450429	
-4.52178857705	-1738.04709332	
-4.52540521752	-1738.04969183	
-4.52900882502	-1738.05229962	
-4.53259949315	-1738.05491652	
-4.5361773145	-1738.05754235	
-4.53974238067	-1738.06017692	
-4.54329478227	-1738.06282006	
-4.54683460898	-1738.06547161	
-4.55036194949	-1738.06813138	
-4.5538768916	-1738.07079922	
-4.55737952215	-1738.07347496	
-4.56086992709	-1738.07615844	
-4.56434819147	-1738.07884949	
-4.56781439944	-1738.08154798	
-4.57126863431	-1738.08425373	
-4.5747109785	-1738.08696661	
-4.5781415136	-1738.08968646	
-4.58156032035	-1738.09241313	
-4.58496747867	-1738.09514648	
-4.58836306767	-1738.09788638	
-4.59174716566	-1738.10063268	
-4.59511985013	-1738.10338524	
-4.59848119784	-1738.10614393	
-4.60183128472	-1738.10890862	
-4.60517018599	-1738.11167917	
-4.60849797608	-1738.11445546	
-4.61181472871	-1738.11723736	
-4.61512051684	-1738.12002475	
-4.61841541274	-1738.1228175	
-4.62169948794	-1738.1256155	
-4.62497281328	-1738.12841862	
-4.62823545892	-1738.13122674	
-4.63148749431	-1738.13403976	
-4.63472898823	-1738.13685756	
-4.63796000881	-1738.13968003	
-4.64118062351	-1738.14250705	
-4.64439089914	-1738.14533853	
-4.64759090187	-1738.14817434	
-4.65078069724	-1738.1510144	
-4.65396035016	-1738.15385859	
-4.65712992492	-1738.15670682	
-4.66028948521	-1738.15955898	
-4.66343909411	-1738.16241498	
-4.66657881412	-1738.16527472	
-4.66970870713	-1738.1681381	
-4.67282883446	-1738.17100503	
-4.67593925688	-1738.17387541	
-4.67904003455	-1738.17674917	
-4.68213122712	-1738.1796262	
-4.68521289366	-1738.18250642	
-4.6882850927	-1738.18538973	
-4.69134788223	-1738.18827607	
-4.69440131972	-1738.19116534	
-4.6974454621	-1738.19405745	
-4.70048036579	-1738.19695233	
-4.70350608671	-1738.1998499	
-4.70652268025	-1738.20275008	
-4.70953020131	-1738.20565278	
-4.71252870431	-1738.20855793	
-4.71551824316	-1738.21146546	
-4.7184988713	-1738.2143753	
-4.72147064168	-1738.21728736	
-4.72443360681	-1738.22020157	
-4.72738781871	-1738.22311787	
-4.73033332894	-1738.22603618	
-4.73327018862	-1738.22895644	
-4.73619844839	-1738.23187858	
-4.7391181585	-1738.23480252	
-4.74202936871	-1738.23772821	
-4.74493212836	-1738.24065558	
-4.74782648639	-1738.24358456	
-4.75071249128	-1738.24651509	
-4.75359019111	-1738.24944711	
-4.75645963353	-1738.25238056	
-4.75932086582	-1738.25531537	
-4.7621739348	-1738.2582515	
-4.76501888693	-1738.26118887	
-4.76785576827	-1738.26412743	
-4.77068462447	-1738.26706713	
-4.77350550081	-1738.27000791	
-4.77631844218	-1738.27294971	
-4.77912349311	-1738.27589248	
-4.78192069773	-1738.27883616	
-4.78471009982	-1738.28178071	
-4.78749174278	-1738.28472607	
-4.79026566966	-1738.28767219	
-4.79303192316	-1738.29061901	
-4.7957905456	-1738.2935665	
-4.79854157897	-1738.2965146	
-4.80128506491	-1738.29946326	
-4.80402104473	-1738.30241243	
-4.80674955939	-1738.30536208	
-4.8094706495	-1738.30831214	
-4.81218435537	-1738.31126258	
-4.81489071697	-1738.31421336	
-4.81758977394	-1738.31716442	
-4.82028156561	-1738.32011572	
-4.82296613098	-1738.32306723	
-4.82564350875	-1738.32601889	
-4.8283137373	-1738.32897068	
-4.83097685472	-1738.33192254	
-4.83363289878	-1738.33487444	
-4.83628190695	-1738.33782633	
-4.83892391641	-1738.34077818	
-4.84155896405	-1738.34372995	
-4.84418708646	-1738.3466816	
-4.84680831994	-1738.3496331	
-4.84942270051	-1738.3525844	
-4.85203026392	-1738.35553547	
-4.85463104562	-1738.35848628	
-4.8572250808	-1738.36143679	
-4.85981240436	-1738.36438696	
-4.86239305096	-1738.36733676	
-4.86496705495	-1738.37028616	
-4.86753445046	-1738.37323512	
-4.87009527132	-1738.37618362	
-4.87264955112	-1738.37913161	
-4.8751973232	-1738.38207907	
-4.87773862063	-1738.38502596	
-4.88027347623	-1738.38797226	
-4.88280192259	-1738.39091794	
-4.88532399202	-1738.39386296	
-4.88783971662	-1738.39680729	
-4.89034912822	-1738.39975091	
-4.89285225844	-1738.40269379	
-4.89534913864	-1738.40563589	
-4.89783979995	-1738.4085772	
-4.90032427328	-1738.41151768	
-4.90280258929	-1738.41445731	
-4.90527477844	-1738.41739606	
-4.90774087093	-1738.4203339	
-4.91020089677	-1738.42327082	
-4.91265488574	-1738.42620677	
-4.91510286737	-1738.42914175	
-4.91754487103	-1738.43207572	
-4.91998092583	-1738.43500866	
-4.92241106068	-1738.43794054	
-4.92483530429	-1738.44087135	
-4.92725368516	-1738.44380105	
-4.92966623156	-1738.44672963	
-4.93207297159	-1738.44965707	
-4.93447393313	-1738.45258334	
-4.93686914386	-1738.45550841	
-4.93925863125	-1738.45843228	
-4.94164242261	-1738.46135491	
-4.94402054501	-1738.46427629	
-4.94639302537	-1738.4671964	
-4.94875989038	-1738.47011521	
-4.95112116656	-1738.47303271	
-4.95347688026	-1738.47594887	
-4.9558270576	-1738.47886368	
-4.95817172456	-1738.48177712	
-4.96051090691	-1738.48468917	
-4.96284463026	-1738.48759981	
-4.96517292002	-1738.49050902	
-4.96749580144	-1738.49341678	
-4.96981329958	-1738.49632309	
-4.97212543933	-1738.49922791	
-4.97443224543	-1738.50213124	
-4.97673374242	-1738.50503306	
-4.97902995468	-1738.50793334	
-4.98132090643	-1738.51083208	
-4.98360662171	-1738.51372925	
-4.98588712441	-1738.51662485	
-4.98816243824	-1738.51951885	
-4.99043258678	-1738.52241125	
-4.99269759341	-1738.52530202	
-4.99495748138	-1738.52819115	
-4.99721227376	-1738.53107863	
-4.9994619935	-1738.53396444	
-5.00170666335	-1738.53684857	
-5.00394630595	-1738.53973101	
-5.00618094375	-1738.54261173	
-5.00841059907	-1738.54549073	
-5.0106352941	-1738.548368	
-5.01285505083	-1738.55124352	
-5.01506989116	-1738.55411728	
-5.01727983681	-1738.55698926	
-5.01948490937	-1738.55985945	
-5.02168513028	-1738.56272785	
-5.02388052085	-1738.56559444	
-5.02607110223	-1738.5684592	
-5.02825689545	-1738.57132213	
-5.03043792139	-1738.57418322	
-5.03261420082	-1738.57704245	
-5.03478575433	-1738.57989981	
-5.03695260241	-1738.58275529	
-5.03911476542	-1738.58560888	
-5.04127226356	-1738.58846058	
-5.04342511692	-1738.59131036	
-5.04557334546	-1738.59415822	
-5.047716969	-1738.59700416	
-5.04985600725	-1738.59984815	
-5.05199047978	-1738.60269019	
-5.05412040604	-1738.60553028	
-5.05624580535	-1738.60836839	
-5.05836669692	-1738.61120453	
-5.06048309982	-1738.61403869	
-5.06259503303	-1738.61687085	
-5.06470251537	-1738.619701	
-5.06680556556	-1738.62252914	
-5.06890420222	-1738.62535526	
-5.07099844382	-1738.62817935	
-5.07308830874	-1738.63100141	
-5.07517381523	-1738.63382142	
-5.07725498144	-1738.63663938	
-5.07933182538	-1738.63945527	
-5.08140436498	-1738.6422691	
-5.08347261805	-1738.64508085	
-5.08553660227	-1738.64789053	
-5.08759633523	-1738.65069811	
-5.08965183441	-1738.65350359	
-5.09170311719	-1738.65630697	
-5.09375020081	-1738.65910824	
-5.09579310244	-1738.6619074	
-5.09783183913	-1738.66470443	
-5.09986642782	-1738.66749933	
-5.10189688537	-1738.67029209	
-5.10392322852	-1738.67308272	
-5.1059454739	-1738.67587119	
-5.10796363806	-1738.67865752	
-5.10997773743	-1738.68144168	
-5.11198778836	-1738.68422368	
-5.11399380708	-1738.6870035	
-5.11599580975	-1738.68978115	
-5.11799381242	-1738.69255662	
-5.11998783102	-1738.6953299	
-5.12197788143	-1738.69810099	
-5.1239639794	-1738.70086989	
-5.12594614061	-1738.70363658	
-5.12792438062	-1738.70640107	
-5.12989871492	-1738.70916334	
-5.13186915891	-1738.7119234	
-5.13383572788	-1738.71468124	
-5.13579843705	-1738.71743685	
-5.13775730154	-1738.72019024	
-5.13971233637	-1738.72294139	
-5.1416635565	-1738.72569031	
-5.14361097679	-1738.72843698	
-5.145554612	-1738.73118141	
-5.14749447681	-1738.73392359	
-5.14943058584	-1738.73666352	
-5.15136295359	-1738.73940119	
-5.1532915945	-1738.7421366	
-5.15521652291	-1738.74486975	
-5.15713775309	-1738.74760063	
-5.15905529921	-1738.75032925	
-5.1609691754	-1738.75305558	
-5.16287939565	-1738.75577965	
-5.16478597392	-1738.75850143	
-5.16668892407	-1738.76122093	
-5.16858825987	-1738.76393815	
-5.17048399504	-1738.76665307	
-5.17237614319	-1738.76936571	
-5.17426471788	-1738.77207605	
-5.17614973257	-1738.7747841	
-5.17803120067	-1738.77748984	
-5.1799091355	-1738.78019329	
-5.18178355029	-1738.78289443	
-5.18365445823	-1738.78559327	
-5.1855218724	-1738.7882898	
-5.18738580584	-1738.79098402	
-5.18924627149	-1738.79367592	
-5.19110328224	-1738.79636551	
-5.19295685089	-1738.79905279	
-5.19480699018	-1738.80173774	
-5.19665371277	-1738.80442038	
-5.19849703127	-1738.80710069	
-5.20033695819	-1738.80977868	
-5.202173506	-1738.81245434	
-5.20400668708	-1738.81512768	
-5.20583651375	-1738.81779869	
-5.20766299828	-1738.82046737	
-5.20948615284	-1738.82313371	
-5.21130598956	-1738.82579773	
-5.21312252048	-1738.8284594	
-5.21493575761	-1738.83111875	
-5.21674571285	-1738.83377575	
-5.21855239808	-1738.83643042	
-5.22035582508	-1738.83908275	
-5.22215600558	-1738.84173274	
-5.22395295126	-1738.84438039	
-5.22574667371	-1738.8470257	
-5.22753718449	-1738.84966866	
-5.22932449506	-1738.85230928	
-5.23110861685	-1738.85494755	
-5.23288956123	-1738.85758348	
-5.23466733947	-1738.86021707	
-5.23644196283	-1738.86284831	
-5.23821344248	-1738.8654772	
-5.23998178954	-1738.86810374	
-5.24174701506	-1738.87072793	
-5.24350913005	-1738.87334978	
-5.24526814546	-1738.87596927	
-5.24702407216	-1738.87858642	
-5.24877692099	-1738.88120122	
-5.25052670271	-1738.88381367	
-5.25227342805	-1738.88642376	
-5.25401710765	-1738.88903151	
-5.25575775213	-1738.89163691	
-5.25749537203	-1738.89423995	
-5.25922997784	-1738.89684065	
-5.26096158	-1738.89943899	
-5.2626901889	-1738.90203498	
-5.26441581487	-1738.90462862	
-5.26613846818	-1738.90721992	
-5.26785815906	-1738.90980886	
-5.26957489768	-1738.91239545	
-5.27128869416	-1738.91497969	
-5.27299955856	-1738.91756158	
-5.27470750091	-1738.92014112	
-5.27641253116	-1738.92271831	
-5.27811465923	-1738.92529315	
-5.27981389498	-1738.92786565	
-5.28151024823	-1738.93043579	
-5.28320372874	-1738.93300359	
-5.28489434622	-1738.93556904	
-5.28658211033	-1738.93813214	
-5.28826703069	-1738.9406929	
-5.28994911688	-1738.94325131	
-5.2916283784	-1738.94580738	
-5.29330482472	-1738.9483611	
-5.29497846528	-1738.95091248	
-5.29664930945	-1738.95346152	
-5.29831736655	-1738.95600821	
-5.29998264587	-1738.95855256	
-5.30164515664	-1738.96109457	
-5.30330490806	-1738.96363424	
-5.30496190927	-1738.96617158	
-5.30661616936	-1738.96870657	
-5.3082676974	-1738.97123923	
-5.30991650239	-1738.97376955	
-5.3115625933	-1738.97629753	
-5.31320597904	-1738.97882318	
-5.3148466685	-1738.9813465	
-5.3164846705	-1738.98386748	
-5.31811999384	-1738.98638613	
-5.31975264727	-1738.98890246	
-5.32138263948	-1738.99141645	
-5.32300997914	-1738.99392811	
-5.32463467487	-1738.99643745	
-5.32625673524	-1738.99894446	
-5.32787616879	-1739.00144915	
-5.32949298402	-1739.00395152	
-5.33110718937	-1739.00645156	
-5.33271879327	-1739.00894928	
-5.33432780407	-1739.01144468	
-5.33593423012	-1739.01393777	
-5.3375380797	-1739.01642854	
-5.33913936107	-1739.01891699	
-5.34073808243	-1739.02140313	
-5.34233425196	-1739.02388695	
-5.3439278778	-1739.02636846	
-5.34551896803	-1739.02884767	
-5.34710753072	-1739.03132456	
-5.34869357387	-1739.03379915	
-5.35027710548	-1739.03627144	
-5.35185813348	-1739.03874141	
-5.35343666577	-1739.04120909	
-5.35501271022	-1739.04367447	
-5.35658627467	-1739.04613754	
-5.3581573669	-1739.04859832	
-5.35972599468	-1739.05105681	
-5.36129216571	-1739.053513	
-5.36285588769	-1739.05596689	
-5.36441716825	-1739.0584185	
-5.36597601502	-1739.06086781	
-5.36753243557	-1739.06331484	
-5.36908643744	-1739.06575958	
-5.37063802813	-1739.06820204	
-5.37218721511	-1739.07064221	
-5.37373400583	-1739.07308011	
-5.37527840768	-1739.07551572	
-5.37682042804	-1739.07794906	
-5.37836007422	-1739.08038012	
-5.37989735354	-1739.08280891	
-5.38143227326	-1739.08523542	
-5.38296484061	-1739.08765967	
-5.38449506279	-1739.09008165	
-5.38602294697	-1739.09250136	
-5.38754850028	-1739.09491881	
-5.38907172982	-1739.09733399	
-5.39059264266	-1739.09974692	
-5.39211124583	-1739.10215758	
-5.39362754635	-1739.10456599	
-5.39514155118	-1739.10697214	
-5.39665326727	-1739.10937604	
-5.39816270152	-1739.11177769	
-5.39966986081	-1739.11417709	
-5.40117475199	-1739.11657425	
-5.40267738187	-1739.11896916	
-5.40417775725	-1739.12136182	
-5.40567588487	-1739.12375225	
-5.40717177146	-1739.12614043	
-5.40866542372	-1739.12852638	
-5.4101568483	-1739.1309101	
-5.41164605186	-1739.13329158	
-5.41313304098	-1739.13567083	
-5.41461782224	-1739.13804785	
-5.4161004022	-1739.14042265	
-5.41758078737	-1739.14279522	
-5.41905898424	-1739.14516557	
-5.42053499927	-1739.1475337	
-5.42200883889	-1739.14989961	
-5.4234805095	-1739.15226331	
-5.42495001748	-1739.15462479	
-5.42641736918	-1739.15698406	
-5.4278825709	-1739.15934112	
-5.42934562895	-1739.16169598	
-5.43080654959	-1739.16404862	
-5.43226533906	-1739.16639907	
-5.43372200355	-1739.16874732	
-5.43517654927	-1739.17109336	
-5.43662898235	-1739.17343721	
-5.43807930892	-1739.17577887	
-5.4395275351	-1739.17811834	
-5.44097366695	-1739.18045561	
-5.44241771052	-1739.1827907	
-5.44385967184	-1739.18512361	
-5.4452995569	-1739.18745433	
-5.44673737167	-1739.18978287	
-5.44817312209	-1739.19210923	
-5.44960681409	-1739.19443342	
-5.45103845357	-1739.19675543	
-5.45246804638	-1739.19907527	
-5.45389559837	-1739.20139295	
-5.45532111536	-1739.20370845	
-5.45674460314	-1739.2060218	
-5.45816606749	-1739.20833298	
-5.45958551414	-1739.210642	
-5.46100294883	-1739.21294886	
-5.46241837723	-1739.21525357	
-5.46383180503	-1739.21755612	
-5.46524323786	-1739.21985653	
-5.46665268137	-1739.22215478	
-5.46806014114	-1739.2244509	
-5.46946562274	-1739.22674486	
-5.47086913175	-1739.22903669	
-5.47227067367	-1739.23132638	
-5.47367025403	-1739.23361393	
-5.47506787829	-1739.23589935	
-5.47646355193	-1739.23818264	
-5.47785728038	-1739.2404638	
-5.47924906905	-1739.24274283	
-5.48063892334	-1739.24501974	
-5.48202684862	-1739.24729452	
-5.48341285022	-1739.24956719	
-5.48479693349	-1739.25183774	
-5.48617910372	-1739.25410617	
-5.48755936619	-1739.25637249	
-5.48893772616	-1739.25863671	
-5.49031418887	-1739.26089881	
-5.49168875953	-1739.26315881	
-5.49306144334	-1739.26541671	
-5.49443224547	-1739.26767251	
-5.49580117108	-1739.26992621	
-5.49716822529	-1739.27217781	
-5.49853341322	-1739.27442733	
-5.49989673995	-1739.27667475	
-5.50125821054	-1739.27892008	
-5.50261783006	-1739.28116333	
-5.50397560352	-1739.2834045	
-5.50533153593	-1739.28564358	
-5.50668563228	-1739.28788059	
-5.50803789753	-1739.29011552	
-5.50938833663	-1739.29234838	
-5.5107369545	-1739.29457917	
-5.51208375605	-1739.29680789	
-5.51342874616	-1739.29903455	
-5.51477192971	-1739.30125914	
-5.51611331154	-1739.30348167	
-5.51745289646	-1739.30570214	
-5.51879068931	-1739.30792056	
-5.52012669485	-1739.31013692	
-5.52146091786	-1739.31235124	
-5.5227933631	-1739.3145635	
-5.52412403528	-1739.31677372	
-5.52545293913	-1739.31898189	
-5.52678007934	-1739.32118803	
-5.52810546058	-1739.32339212	
-5.52942908751	-1739.32559418	
-5.53075096477	-1739.32779421	
-5.53207109697	-1739.32999221	
-5.53338948873	-1739.33218817	
-5.53470614461	-1739.33438211	
-5.53602106919	-1739.33657403	
-5.53733426702	-1739.33876393	
-5.53864574262	-1739.34095181	
-5.5399555005	-1739.34313767	
-5.54126354516	-1739.34532152	
-5.54256988107	-1739.34750336	
-5.5438745127	-1739.34968319	
-5.54517744448	-1739.35186101	
-5.54647868084	-1739.35403683	
-5.54777822618	-1739.35621065	
-5.5490760849	-1739.35838247	
-5.55037226136	-1739.3605523	
-5.55166675992	-1739.36272013	
-5.55295958492	-1739.36488597	
-5.55425074069	-1739.36704982	
-5.55554023152	-1739.36921169	
-5.5568280617	-1739.37137157	
-5.55811423551	-1739.37352947	
-5.5593987572	-1739.3756854	
-5.56068163102	-1739.37783934	
-5.56196286117	-1739.37999132	
-5.56324245188	-1739.38214132	
-5.56452040732	-1739.38428936	
-5.56579673168	-1739.38643543	
-5.56707142911	-1739.38857953	
-5.56834450376	-1739.39072168	
-5.56961595975	-1739.39286186	
-5.57088580119	-1739.39500009	
-5.57215403218	-1739.39713637	
-5.57342065679	-1739.3992707	
-5.5746856791	-1739.40140308	
-5.57594910315	-1739.40353351	
-5.57721093297	-1739.405662	
-5.57847117258	-1739.40778854	
-5.57972982599	-1739.40991315	
-5.58098689718	-1739.41203583	
-5.58224239012	-1739.41415657	
-5.58349630878	-1739.41627538	
-5.5847486571	-1739.41839226	
-5.585999439	-1739.42050721	
-5.5872486584	-1739.42262024	
-5.5884963192	-1739.42473135	
-5.58974242528	-1739.42684054	
-5.59098698051	-1739.42894782	
-5.59222998875	-1739.43105318	
-5.59347145384	-1739.43315663	
-5.5947113796	-1739.43525818	
-5.59594976985	-1739.43735782	
-5.59718662839	-1739.43945555	
-5.598421959	-1739.44155138	
-5.59965576545	-1739.44364532	
-5.60088805149	-1739.44573735	
-5.60211882088	-1739.4478275	
-5.60334807733	-1739.44991575	
-5.60457582457	-1739.45200212	
-5.6058020663	-1739.45408659	
-5.60702680619	-1739.45616919	
-5.60825004793	-1739.4582499	
-5.60947179518	-1739.46032874	
-5.61069205159	-1739.4624057	
-5.61191082078	-1739.46448078	
-5.61312810639	-1739.46655399	
-5.61434391201	-1739.46862534	
-5.61555824124	-1739.47069482	
-5.61677109767	-1739.47276243	
-5.61798248485	-1739.47482818	
-5.61919240636	-1739.47689208	
-5.62040086572	-1739.47895411	
-5.62160786647	-1739.4810143	
-5.62281341212	-1739.48307263	
-5.62401750619	-1739.48512911	
-5.62522015215	-1739.48718375	
-5.6264213535	-1739.48923654	
-5.62762111369	-1739.49128749	
-5.62881943618	-1739.4933366	
-5.63001632442	-1739.49538387	
-5.63121178182	-1739.49742931	
-5.63240581181	-1739.49947291	
-5.6335984178	-1739.50151469	
-5.63478960317	-1739.50355464	
-5.6359793713	-1739.50559276	
-5.63716772557	-1739.50762907	
-5.63835466933	-1739.50966355	
-5.63954020593	-1739.51169621	
-5.64072433869	-1739.51372706	
-5.64190707094	-1739.5157561	
-5.64308840598	-1739.51778333	
-5.64426834712	-1739.51980874	
-5.64544689764	-1739.52183236	
-5.64662406082	-1739.52385417	
-5.64779983991	-1739.52587418	
-5.64897423816	-1739.52789239	
-5.65014725882	-1739.52990881	
-5.65131890512	-1739.53192343	
-5.65248918027	-1739.53393626	
-5.65365808747	-1739.5359473	
-5.65482562993	-1739.53795656	
-5.65599181082	-1739.53996403	
-5.65715663332	-1739.54196972	
-5.65832010058	-1739.54397364	
-5.65948221576	-1739.54597577	
-5.660642982	-1739.54797613	
-5.66180240242	-1739.54997472	
-5.66296048014	-1739.55197155	
-5.66411721826	-1739.5539666	
-5.66527261989	-1739.55595989	
-5.66642668811	-1739.55795141	
-5.66757942599	-1739.55994118	
-5.6687308366	-1739.56192919	
-5.66988092298	-1739.56391544	
-5.67102968818	-1739.56589994	
-5.67217713524	-1739.56788269	
-5.67332326717	-1739.5698637	
-5.67446808699	-1739.57184295	
-5.67561159769	-1739.57382047	
-5.67675380227	-1739.57579624	
-5.6778947037	-1739.57777027	
-5.67903430497	-1739.57974257	
-5.68017260902	-1739.58171313	
-5.6813096188	-1739.58368196	
-5.68244533727	-1739.58564907	
-5.68357976734	-1739.58761444	
-5.68471291194	-1739.58957809	
-5.68584477397	-1739.59154002	
-5.68697535634	-1739.59350023	
-5.68810466194	-1739.59545872	
-5.68923269364	-1739.59741549	
-5.69035945432	-1739.59937055	
-5.69148494685	-1739.6013239	
-5.69260917406	-1739.60327555	
-5.6937321388	-1739.60522548	
-5.69485384391	-1739.60717372	
-5.69597429221	-1739.60912025	
-5.69709348651	-1739.61106508	
-5.69821142961	-1739.61300821	
-5.69932812431	-1739.61494965	
-5.70044357339	-1739.6168894	
-5.70155777963	-1739.61882746	
-5.7026707458	-1739.62076383	
-5.70378247466	-1739.62269852	
-5.70489296894	-1739.62463152	
-5.70600223139	-1739.62656284	
-5.70711026475	-1739.62849248	
-5.70821707172	-1739.63042045	
-5.70932265503	-1739.63234674	
-5.71042701737	-1739.63427136	
-5.71153016145	-1739.63619431	
-5.71263208993	-1739.63811559	
-5.71373280551	-1739.64003521	
-5.71483231084	-1739.64195317	
-5.71593060859	-1739.64386946	
-5.71702770141	-1739.6457841	
-5.71812359193	-1739.64769708	
-5.71921828279	-1739.64960841	
-5.72031177661	-1739.65151808	
-5.72140407601	-1739.65342611	
-5.72249518359	-1739.65533249	
-5.72358510195	-1739.65723722	
-5.72467383369	-1739.65914031	
-5.72576138137	-1739.66104177	
-5.72684774759	-1739.66294158	
-5.72793293489	-1739.66483976	
-5.72901694583	-1739.6667363	
-5.73009978297	-1739.66863121	
-5.73118144884	-1739.6705245	
-5.73226194598	-1739.67241615	
-5.7333412769	-1739.67430619	
-5.73441944412	-1739.67619459	
-5.73549645015	-1739.67808138	
-5.73657229748	-1739.67996655	
-5.73764698861	-1739.68185011	
-5.73872052602	-1739.68373205	
-5.73979291218	-1739.68561238	
-5.74086414956	-1739.6874911	
-5.74193424062	-1739.68936821	
-5.74300318781	-1739.69124372	
-5.74407099357	-1739.69311762	
-5.74513766034	-1739.69498992	
-5.74620319054	-1739.69686063	
-5.7472675866	-1739.69872974	
-5.74833085092	-1739.70059725	
-5.74939298591	-1739.70246317	
-5.75045399397	-1739.70432751	
-5.75151387748	-1739.70619025	
-5.75257263883	-1739.70805141	
-5.75363028038	-1739.70991098	
-5.75468680452	-1739.71176898	
-5.75574221359	-1739.71362539	
-5.75679650994	-1739.71548023	
-5.75784969593	-1739.71733349	
-5.75890177388	-1739.71918518	
-5.75995274612	-1739.7210353	
-5.76100261499	-1739.72288385	
-5.76205138278	-1739.72473084	
-5.76309905181	-1739.72657626	
-5.76414562438	-1739.72842012	
-5.76519110278	-1739.73026242	
-5.7662354893	-1739.73210316	
-5.76727878622	-1739.73394234	
-5.76832099579	-1739.73577997	
-5.7693621203	-1739.73761605	
-5.770402162	-1739.73945058	
-5.77144112313	-1739.74128356	
-5.77247900594	-1739.743115	
-5.77351581267	-1739.7449449	
-5.77455154554	-1739.74677325	
-5.77558620679	-1739.74860006	
-5.77661979861	-1739.75042534	
-5.77765232322	-1739.75224908	
-5.77868378283	-1739.75407129	
-5.77971417962	-1739.75589197	
-5.78074351579	-1739.75771112	
-5.78177179352	-1739.75952874	
-5.78279901497	-1739.76134484	
-5.78382518233	-1739.76315942	
-5.78485029774	-1739.76497247	
-5.78587436337	-1739.76678401	
-5.78689738137	-1739.76859403	
-5.78791935386	-1739.77040254	
-5.788940283	-1739.77220953	
-5.7899601709	-1739.77401502	
-5.79097901969	-1739.77581899	
-5.79199683148	-1739.77762146	
-5.79301360838	-1739.77942243	
-5.7940293525	-1739.78122189	
-5.79504406593	-1739.78301986	
-5.79605775077	-1739.78481633	
-5.79707040908	-1739.7866113	
-5.79808204295	-1739.78840477	
-5.79909265446	-1739.79019676	
-5.80010224566	-1739.79198725	
-5.80111081862	-1739.79377626	
-5.80211837538	-1739.79556378	
-5.80312491799	-1739.79734981	
-5.80413044849	-1739.79913437	
-5.80513496892	-1739.80091744	
-5.80613848129	-1739.80269904	
-5.80714098764	-1739.80447916	
-5.80814248998	-1739.80625781	
-5.80914299031	-1739.80803498	
