# log_p 	 lnL 	 
0.0	-1734.97750813	
-0.287682072452	-1734.53120363	
-0.510825623766	-1734.12947898	
-0.69314718056	-1733.76488788	
-0.847297860387	-1733.43192756	
-0.980829253012	-1733.12862368	
-1.09861228867	-1732.85398761	
-1.20397280433	-1732.60675465	
-1.29928298413	-1732.38512562	
-1.38629436112	-1732.18691125	
-1.46633706879	-1732.00976114	
-1.54044504095	-1731.85135418	
-1.60943791243	-1731.70952094	
-1.67397643357	-1731.58230571	
-1.73460105539	-1731.46798558	
-1.79175946923	-1731.36506334	
-1.8458266905	-1731.2722468	
-1.89711998489	-1731.18842276	
-1.94591014906	-1731.11263066	
-1.99243016469	-1731.04403832	
-2.03688192726	-1730.98192091	
-2.07944154168	-1730.92564333	
-2.1202635362	-1730.8746457	
-2.15948424935	-1730.82843166	
-2.19722457734	-1730.78655882	
-2.23359222151	-1730.7486311	
-2.26868354132	-1730.71429251	
-2.30258509299	-1730.68322202	
-2.33537491582	-1730.65512935	
-2.36712361413	-1730.62975144	
-2.3978952728	-1730.60684944	
-2.42774823595	-1730.58620619	
-2.45673577282	-1730.56762402	
-2.48490664979	-1730.55092279	
-2.51230562398	-1730.53593825	
-2.53897387106	-1730.5225205	
-2.56494935746	-1730.5105327	
-2.59026716545	-1730.49984986	
-2.61495977804	-1730.49035778	
-2.63905732962	-1730.48195209	
-2.66258782703	-1730.47453738	
-2.68557734525	-1730.4680264	
-2.7080502011	-1730.46233937	
-2.73002910782	-1730.45740332	
-2.75153531304	-1730.45315151	
-2.77258872224	-1730.44952288	
-2.79320800944	-1730.44646159	
-2.81341071676	-1730.44391654	
-2.83321334406	-1730.44184099	
-2.85263142991	-1730.44019219	
-2.87167962488	-1730.43893103	
-2.8903717579	-1730.43802174	
-2.90872089656	-1730.4374316	
-2.92673940207	-1730.43713069	
-2.94443897917	-1730.43709167	
-2.96183072188	-1730.43728952	
-2.97892515524	-1730.43770139	
-2.99573227355	-1730.4383064	
-3.01226157551	-1730.43908547	
-3.02852209638	-1730.44002118	
-3.04452243772	-1730.44109761	
-3.06027079469	-1730.44230025	
-3.07577498123	-1730.44361584	
-3.09104245336	-1730.44503232	
-3.10608033072	-1730.44653866	
-3.12089541651	-1730.44812483	
-3.13549421593	-1730.4497817	
-3.14988295338	-1730.45150095	
-3.16406758837	-1730.45327502	
-3.17805383035	-1730.45509703	
-3.19184715248	-1730.45696075	
-3.20545280454	-1730.45886051	
-3.21887582487	-1730.46079118	
-3.23212105162	-1730.4627481	
-3.24519313319	-1730.46472707	
-3.25809653802	-1730.46672429	
-3.2708355638	-1730.46873633	
-3.28341434601	-1730.47076009	
-3.295836866	-1730.47279281	
-3.3081069586	-1730.47483197	
-3.32022831913	-1730.47687533	
-3.33220451018	-1730.47892091	
-3.34403896782	-1730.4809669	
-3.35573500759	-1730.48301172	
-3.36729582999	-1730.48505396	
-3.37872452581	-1730.48709237	
-3.39002408106	-1730.48912585	
-3.40119738166	-1730.49115344	
-3.41224721785	-1730.49317429	
-3.42317628838	-1730.49518768	
-3.43398720449	-1730.49719298	
-3.4446824936	-1730.49918965	
-3.45526460293	-1730.50117725	
-3.4657359028	-1730.5031554	
-3.47609868984	-1730.50512378	
-3.48635519	-1730.50708216	
-3.49650756147	-1730.50903034	
-3.50655789732	-1730.51096819	
-3.51650822817	-1730.5128956	
-3.52636052462	-1730.51481252	
-3.53611669956	-1730.51671893	
-3.54577861047	-1730.51861485	
-3.55534806149	-1730.52050031	
-3.56482680544	-1730.52237538	
-3.57421654579	-1730.52424015	
-3.58351893846	-1730.52609474	
-3.59273559356	-1730.52793925	
-3.60186807712	-1730.52977384	
-3.61091791264	-1730.53159866	
-3.61988658263	-1730.53341387	
-3.62877553004	-1730.53521965	
-3.63758615973	-1730.53701618	
-3.6463198397	-1730.53880365	
-3.65497790244	-1730.54058225	
-3.66356164613	-1730.54235218	
-3.6720723358	-1730.54411364	
-3.68051120444	-1730.54586685	
-3.68887945411	-1730.54761199	
-3.69717825693	-1730.54934929	
-3.70540875607	-1730.55107894	
-3.7135720667	-1730.55280115	
-3.72166927694	-1730.55451612	
-3.72970144863	-1730.55622407	
-3.73766961828	-1730.55792518	
-3.74557479779	-1730.55961967	
-3.75341797525	-1730.56130772	
-3.76120011569	-1730.56298953	
-3.76892216179	-1730.56466529	
-3.77658503453	-1730.5663352	
-3.78418963392	-1730.56799942	
-3.79173683955	-1730.56965815	
-3.79922751128	-1730.57131155	
-3.80666248977	-1730.57295981	
-3.81404259707	-1730.57460309	
-3.82136863716	-1730.57624155	
-3.82864139649	-1730.57787536	
-3.83586164446	-1730.57950467	
-3.84303013394	-1730.58112964	
-3.85014760171	-1730.58275041	
-3.85721476893	-1730.58436714	
-3.86423234159	-1730.58597995	
-3.87120101091	-1730.58758899	
-3.87812145375	-1730.58919438	
-3.88499433304	-1730.59079627	
-3.89182029811	-1730.59239476	
-3.8985999851	-1730.59398999	
-3.90533401728	-1730.59558207	
-3.91202300543	-1730.5971711	
-3.91866754815	-1730.59875722	
-3.92526823218	-1730.60034051	
-3.93182563272	-1730.60192108	
-3.93834031375	-1730.60349903	
-3.94481282825	-1730.60507445	
-3.95124371858	-1730.60664744	
-3.95763351668	-1730.60821809	
-3.96398274436	-1730.60978648	
-3.97029191355	-1730.6113527	
-3.97656152657	-1730.61291682	
-3.98279207632	-1730.61447892	
-3.98898404656	-1730.61603908	
-3.99513791214	-1730.61759736	
-4.00125413916	-1730.61915384	
-4.00733318523	-1730.62070857	
-4.01337549969	-1730.62226163	
-4.01938152375	-1730.62381308	
-4.02535169074	-1730.62536296	
-4.03128642625	-1730.62691135	
-4.03718614838	-1730.62845828	
-4.04305126783	-1730.63000382	
-4.04888218815	-1730.63154801	
-4.05467930583	-1730.6330909	
-4.06044301055	-1730.63463253	
-4.06617368526	-1730.63617295	
-4.07187170637	-1730.63771219	
-4.07753744391	-1730.63925031	
-4.08317126162	-1730.64078732	
-4.08877351717	-1730.64232328	
-4.09434456222	-1730.64385821	
-4.0998847426	-1730.64539215	
-4.10539439841	-1730.64692513	
-4.11087386417	-1730.64845717	
-4.11632346894	-1730.6499883	
-4.12174353641	-1730.65151856	
-4.12713438505	-1730.65304796	
-4.13249632819	-1730.65457654	
-4.13782967416	-1730.6561043	
-4.14313472639	-1730.65763128	
-4.14841178349	-1730.65915749	
-4.15366113938	-1730.66068295	
-4.15888308336	-1730.66220769	
-4.16407790024	-1730.66373171	
-4.1692458704	-1730.66525503	
-4.1743872699	-1730.66677767	
-4.17950237056	-1730.66829964	
-4.18459144007	-1730.66982095	
-4.18965474203	-1730.67134162	
-4.19469253606	-1730.67286166	
-4.19970507788	-1730.67438107	
-4.20469261939	-1730.67589987	
-4.20965540873	-1730.67741806	
-4.21459369037	-1730.67893565	
-4.21950770518	-1730.68045266	
-4.22439769047	-1730.68196908	
-4.22926388012	-1730.68348492	
-4.2341065046	-1730.6850002	
-4.23892579103	-1730.6865149	
-4.2437219633	-1730.68802904	
-4.24849524205	-1730.68954262	
-4.25324584481	-1730.69105564	
-4.257973986	-1730.69256811	
-4.26267987704	-1730.69408003	
-4.26736372635	-1730.69559139	
-4.27202573946	-1730.69710221	
-4.27666611902	-1730.69861247	
-4.28128506487	-1730.70012219	
-4.28588277412	-1730.70163135	
-4.29045944115	-1730.70313997	
-4.29501525768	-1730.70464804	
-4.29955041285	-1730.70615555	
-4.3040650932	-1730.70766252	
-4.30855948279	-1730.70916892	
-4.31303376319	-1730.71067477	
-4.31748811354	-1730.71218006	
-4.3219227106	-1730.71368479	
-4.32633772881	-1730.71518895	
-4.33073334029	-1730.71669254	
-4.33510971489	-1730.71819557	
-4.33946702026	-1730.71969801	
-4.34380542185	-1730.72119988	
-4.348125083	-1730.72270116	
-4.3524261649	-1730.72420185	
-4.35670882669	-1730.72570196	
-4.36097322548	-1730.72720146	
-4.36521951636	-1730.72870037	
-4.36944785247	-1730.73019866	
-4.373658385	-1730.73169635	
-4.37785126326	-1730.73319342	
-4.38202663467	-1730.73468986	
-4.38618464482	-1730.73618568	
-4.39032543749	-1730.73768087	
-4.39444915467	-1730.73917542	
-4.39855593663	-1730.74066932	
-4.40264592188	-1730.74216257	
-4.40671924726	-1730.74365517	
-4.41077604796	-1730.7451471	
-4.4148164575	-1730.74663837	
-4.4188406078	-1730.74812896	
-4.42284862919	-1730.74961888	
-4.42684065046	-1730.7511081	
-4.43081679884	-1730.75259664	
-4.43477720006	-1730.75408447	
-4.43872197835	-1730.7555716	
-4.44265125649	-1730.75705802	
-4.44656515581	-1730.75854372	
-4.45046379623	-1730.7600287	
-4.45434729625	-1730.76151294	
-4.45821577303	-1730.76299645	
-4.46206934235	-1730.76447921	
-4.46590811865	-1730.76596123	
-4.46973221509	-1730.76744249	
-4.47354174351	-1730.76892298	
-4.47733681448	-1730.77040271	
-4.48111753732	-1730.77188166	
-4.48488402011	-1730.77335982	
-4.48863636973	-1730.7748372	
-4.49237469184	-1730.77631378	
-4.49609909093	-1730.77778957	
-4.49980967033	-1730.77926454	
-4.50350653221	-1730.7807387	
-4.50718977763	-1730.78221204	
-4.51085950652	-1730.78368455	
-4.51451581772	-1730.78515623	
-4.518158809	-1730.78662707	
-4.52178857705	-1730.78809706	
-4.52540521752	-1730.7895662	
-4.52900882502	-1730.79103449	
-4.53259949315	-1730.79250191	
-4.5361773145	-1730.79396845	
-4.53974238067	-1730.79543413	
-4.54329478227	-1730.79689892	
-4.54683460898	-1730.79836282	
-4.55036194949	-1730.79982583	
-4.5538768916	-1730.80128793	
-4.55737952215	-1730.80274914	
-4.56086992709	-1730.80420943	
-4.56434819147	-1730.8056688	
-4.56781439944	-1730.80712725	
-4.57126863431	-1730.80858477	
-4.5747109785	-1730.81004136	
-4.5781415136	-1730.811497	
-4.58156032035	-1730.8129517	
-4.58496747867	-1730.81440545	
-4.58836306767	-1730.81585825	
-4.59174716566	-1730.81731008	
-4.59511985013	-1730.81876094	
-4.59848119784	-1730.82021084	
-4.60183128472	-1730.82165975	
-4.60517018599	-1730.82310768	
-4.60849797608	-1730.82455463	
-4.61181472871	-1730.82600058	
-4.61512051684	-1730.82744554	
-4.61841541274	-1730.82888949	
-4.62169948794	-1730.83033244	
-4.62497281328	-1730.83177437	
-4.62823545892	-1730.83321528	
-4.63148749431	-1730.83465518	
-4.63472898823	-1730.83609405	
-4.63796000881	-1730.83753189	
-4.64118062351	-1730.83896869	
-4.64439089914	-1730.84040445	
-4.64759090187	-1730.84183917	
-4.65078069724	-1730.84327284	
-4.65396035016	-1730.84470546	
-4.65712992492	-1730.84613702	
-4.66028948521	-1730.84756752	
-4.66343909411	-1730.84899695	
-4.66657881412	-1730.85042532	
-4.66970870713	-1730.85185261	
-4.67282883446	-1730.85327882	
-4.67593925688	-1730.85470395	
-4.67904003455	-1730.856128	
-4.68213122712	-1730.85755096	
-4.68521289366	-1730.85897283	
-4.6882850927	-1730.86039359	
-4.69134788223	-1730.86181326	
-4.69440131972	-1730.86323183	
-4.6974454621	-1730.86464929	
-4.70048036579	-1730.86606564	
-4.70350608671	-1730.86748087	
-4.70652268025	-1730.86889499	
-4.70953020131	-1730.87030798	
-4.71252870431	-1730.87171986	
-4.71551824316	-1730.8731306	
-4.7184988713	-1730.87454022	
-4.72147064168	-1730.8759487	
-4.72443360681	-1730.87735604	
-4.72738781871	-1730.87876225	
-4.73033332894	-1730.88016731	
-4.73327018862	-1730.88157123	
-4.73619844839	-1730.882974	
-4.7391181585	-1730.88437562	
-4.74202936871	-1730.88577609	
-4.74493212836	-1730.8871754	
-4.74782648639	-1730.88857355	
-4.75071249128	-1730.88997054	
-4.75359019111	-1730.89136637	
-4.75645963353	-1730.89276103	
-4.75932086582	-1730.89415452	
-4.7621739348	-1730.89554683	
-4.76501888693	-1730.89693798	
-4.76785576827	-1730.89832795	
-4.77068462447	-1730.89971674	
-4.77350550081	-1730.90110435	
-4.77631844218	-1730.90249078	
-4.77912349311	-1730.90387602	
-4.78192069773	-1730.90526008	
-4.78471009982	-1730.90664294	
-4.78749174278	-1730.90802462	
-4.79026566966	-1730.9094051	
-4.79303192316	-1730.91078439	
-4.7957905456	-1730.91216248	
-4.79854157897	-1730.91353938	
-4.80128506491	-1730.91491507	
-4.80402104473	-1730.91628956	
-4.80674955939	-1730.91766285	
-4.8094706495	-1730.91903493	
-4.81218435537	-1730.92040581	
-4.81489071697	-1730.92177547	
-4.81758977394	-1730.92314393	
-4.82028156561	-1730.92451117	
-4.82296613098	-1730.92587721	
-4.82564350875	-1730.92724202	
-4.8283137373	-1730.92860563	
-4.83097685472	-1730.92996801	
-4.83363289878	-1730.93132918	
-4.83628190695	-1730.93268912	
-4.83892391641	-1730.93404785	
-4.84155896405	-1730.93540535	
-4.84418708646	-1730.93676163	
-4.84680831994	-1730.93811669	
-4.84942270051	-1730.93947052	
-4.85203026392	-1730.94082312	
-4.85463104562	-1730.9421745	
-4.8572250808	-1730.94352465	
-4.85981240436	-1730.94487356	
-4.86239305096	-1730.94622125	
-4.86496705495	-1730.94756771	
-4.86753445046	-1730.94891293	
-4.87009527132	-1730.95025692	
-4.87264955112	-1730.95159968	
-4.8751973232	-1730.9529412	
-4.87773862063	-1730.95428149	
-4.88027347623	-1730.95562054	
-4.88280192259	-1730.95695836	
-4.88532399202	-1730.95829494	
-4.88783971662	-1730.95963028	
-4.89034912822	-1730.96096438	
-4.89285225844	-1730.96229724	
-4.89534913864	-1730.96362886	
-4.89783979995	-1730.96495925	
-4.90032427328	-1730.96628839	
-4.90280258929	-1730.96761629	
-4.90527477844	-1730.96894295	
-4.90774087093	-1730.97026837	
-4.91020089677	-1730.97159255	
-4.91265488574	-1730.97291548	
-4.91510286737	-1730.97423718	
-4.91754487103	-1730.97555763	
-4.91998092583	-1730.97687683	
-4.92241106068	-1730.9781948	
-4.92483530429	-1730.97951152	
-4.92725368516	-1730.98082699	
-4.92966623156	-1730.98214122	
-4.93207297159	-1730.98345421	
-4.93447393313	-1730.98476596	
-4.93686914386	-1730.98607646	
-4.93925863125	-1730.98738572	
-4.94164242261	-1730.98869373	
-4.94402054501	-1730.9900005	
-4.94639302537	-1730.99130602	
-4.94875989038	-1730.9926103	
-4.95112116656	-1730.99391334	
-4.95347688026	-1730.99521513	
-4.9558270576	-1730.99651568	
-4.95817172456	-1730.99781499	
-4.96051090691	-1730.99911305	
-4.96284463026	-1731.00040987	
-4.96517292002	-1731.00170544	
-4.96749580144	-1731.00299978	
-4.96981329958	-1731.00429287	
-4.97212543933	-1731.00558472	
-4.97443224543	-1731.00687532	
-4.97673374242	-1731.00816469	
-4.97902995468	-1731.00945281	
-4.98132090643	-1731.01073969	
-4.98360662171	-1731.01202533	
-4.98588712441	-1731.01330973	
-4.98816243824	-1731.0145929	
-4.99043258678	-1731.01587482	
-4.99269759341	-1731.0171555	
-4.99495748138	-1731.01843494	
-4.99721227376	-1731.01971315	
-4.9994619935	-1731.02099012	
-5.00170666335	-1731.02226585	
-5.00394630595	-1731.02354034	
-5.00618094375	-1731.0248136	
-5.00841059907	-1731.02608562	
-5.0106352941	-1731.02735641	
-5.01285505083	-1731.02862596	
-5.01506989116	-1731.02989428	
-5.01727983681	-1731.03116137	
-5.01948490937	-1731.03242722	
-5.02168513028	-1731.03369184	
-5.02388052085	-1731.03495523	
-5.02607110223	-1731.03621739	
-5.02825689545	-1731.03747832	
-5.03043792139	-1731.03873802	
-5.03261420082	-1731.03999649	
-5.03478575433	-1731.04125373	
-5.03695260241	-1731.04250975	
-5.03911476542	-1731.04376454	
-5.04127226356	-1731.0450181	
-5.04342511692	-1731.04627044	
-5.04557334546	-1731.04752156	
-5.047716969	-1731.04877145	
-5.04985600725	-1731.05002012	
-5.05199047978	-1731.05126757	
-5.05412040604	-1731.05251379	
-5.05624580535	-1731.0537588	
-5.05836669692	-1731.05500259	
-5.06048309982	-1731.05624516	
-5.06259503303	-1731.05748651	
-5.06470251537	-1731.05872665	
-5.06680556556	-1731.05996557	
-5.06890420222	-1731.06120328	
-5.07099844382	-1731.06243977	
-5.07308830874	-1731.06367505	
-5.07517381523	-1731.06490912	
-5.07725498144	-1731.06614197	
-5.07933182538	-1731.06737362	
-5.08140436498	-1731.06860406	
-5.08347261805	-1731.06983329	
-5.08553660227	-1731.07106132	
-5.08759633523	-1731.07228814	
-5.08965183441	-1731.07351375	
-5.09170311719	-1731.07473816	
-5.09375020081	-1731.07596137	
-5.09579310244	-1731.07718338	
-5.09783183913	-1731.07840418	
-5.09986642782	-1731.07962379	
-5.10189688537	-1731.08084219	
-5.10392322852	-1731.0820594	
-5.1059454739	-1731.08327542	
-5.10796363806	-1731.08449024	
-5.10997773743	-1731.08570386	
-5.11198778836	-1731.08691629	
-5.11399380708	-1731.08812753	
-5.11599580975	-1731.08933758	
-5.11799381242	-1731.09054644	
-5.11998783102	-1731.09175412	
-5.12197788143	-1731.0929606	
-5.1239639794	-1731.0941659	
-5.12594614061	-1731.09537001	
-5.12792438062	-1731.09657294	
-5.12989871492	-1731.09777469	
-5.13186915891	-1731.09897526	
-5.13383572788	-1731.10017464	
-5.13579843705	-1731.10137285	
-5.13775730154	-1731.10256988	
-5.13971233637	-1731.10376573	
-5.1416635565	-1731.10496041	
-5.14361097679	-1731.10615391	
-5.145554612	-1731.10734624	
-5.14749447681	-1731.1085374	
-5.14943058584	-1731.10972739	
-5.15136295359	-1731.11091621	
-5.1532915945	-1731.11210386	
-5.15521652291	-1731.11329035	
-5.15713775309	-1731.11447567	
-5.15905529921	-1731.11565982	
-5.1609691754	-1731.11684281	
-5.16287939565	-1731.11802465	
-5.16478597392	-1731.11920532	
-5.16668892407	-1731.12038483	
-5.16858825987	-1731.12156319	
-5.17048399504	-1731.12274039	
-5.17237614319	-1731.12391643	
-5.17426471788	-1731.12509132	
-5.17614973257	-1731.12626506	
-5.17803120067	-1731.12743765	
-5.1799091355	-1731.12860908	
-5.18178355029	-1731.12977937	
-5.18365445823	-1731.13094852	
-5.1855218724	-1731.13211651	
-5.18738580584	-1731.13328336	
-5.18924627149	-1731.13444907	
-5.19110328224	-1731.13561364	
-5.19295685089	-1731.13677707	
-5.19480699018	-1731.13793936	
-5.19665371277	-1731.13910051	
-5.19849703127	-1731.14026052	
-5.20033695819	-1731.1414194	
-5.202173506	-1731.14257715	
-5.20400668708	-1731.14373377	
-5.20583651375	-1731.14488925	
-5.20766299828	-1731.1460436	
-5.20948615284	-1731.14719683	
-5.21130598956	-1731.14834893	
-5.21312252048	-1731.14949991	
-5.21493575761	-1731.15064976	
-5.21674571285	-1731.15179849	
-5.21855239808	-1731.15294609	
-5.22035582508	-1731.15409258	
-5.22215600558	-1731.15523795	
-5.22395295126	-1731.15638221	
-5.22574667371	-1731.15752535	
-5.22753718449	-1731.15866737	
-5.22932449506	-1731.15980828	
-5.23110861685	-1731.16094808	
-5.23288956123	-1731.16208678	
-5.23466733947	-1731.16322436	
-5.23644196283	-1731.16436084	
-5.23821344248	-1731.16549621	
-5.23998178954	-1731.16663047	
-5.24174701506	-1731.16776364	
-5.24350913005	-1731.1688957	
-5.24526814546	-1731.17002666	
-5.24702407216	-1731.17115653	
-5.24877692099	-1731.1722853	
-5.25052670271	-1731.17341297	
-5.25227342805	-1731.17453955	
-5.25401710765	-1731.17566504	
-5.25575775213	-1731.17678944	
-5.25749537203	-1731.17791274	
-5.25922997784	-1731.17903496	
-5.26096158	-1731.18015609	
-5.2626901889	-1731.18127614	
-5.26441581487	-1731.1823951	
-5.26613846818	-1731.18351298	
-5.26785815906	-1731.18462978	
-5.26957489768	-1731.1857455	
-5.27128869416	-1731.18686014	
-5.27299955856	-1731.18797371	
-5.27470750091	-1731.1890862	
-5.27641253116	-1731.19019761	
-5.27811465923	-1731.19130796	
-5.27981389498	-1731.19241723	
-5.28151024823	-1731.19352544	
-5.28320372874	-1731.19463257	
-5.28489434622	-1731.19573864	
-5.28658211033	-1731.19684365	
-5.28826703069	-1731.19794759	
-5.28994911688	-1731.19905047	
-5.2916283784	-1731.20015229	
-5.29330482472	-1731.20125305	
-5.29497846528	-1731.20235276	
-5.29664930945	-1731.2034514	
-5.29831736655	-1731.204549	
-5.29998264587	-1731.20564553	
-5.30164515664	-1731.20674102	
-5.30330490806	-1731.20783546	
-5.30496190927	-1731.20892885	
-5.30661616936	-1731.21002119	
-5.3082676974	-1731.21111249	
-5.30991650239	-1731.21220274	
-5.3115625933	-1731.21329194	
-5.31320597904	-1731.21438011	
-5.3148466685	-1731.21546724	
-5.3164846705	-1731.21655333	
-5.31811999384	-1731.21763838	
-5.31975264727	-1731.21872239	
-5.32138263948	-1731.21980538	
-5.32300997914	-1731.22088732	
-5.32463467487	-1731.22196824	
-5.32625673524	-1731.22304813	
-5.32787616879	-1731.22412699	
-5.32949298402	-1731.22520482	
-5.33110718937	-1731.22628163	
-5.33271879327	-1731.22735742	
-5.33432780407	-1731.22843218	
-5.33593423012	-1731.22950592	
-5.3375380797	-1731.23057864	
-5.33913936107	-1731.23165034	
-5.34073808243	-1731.23272103	
-5.34233425196	-1731.2337907	
-5.3439278778	-1731.23485936	
-5.34551896803	-1731.23592701	
-5.34710753072	-1731.23699364	
-5.34869357387	-1731.23805927	
-5.35027710548	-1731.23912389	
-5.35185813348	-1731.2401875	
-5.35343666577	-1731.2412501	
-5.35501271022	-1731.24231171	
-5.35658627467	-1731.24337231	
-5.3581573669	-1731.24443191	
-5.35972599468	-1731.24549051	
-5.36129216571	-1731.24654812	
-5.36285588769	-1731.24760473	
-5.36441716825	-1731.24866034	
-5.36597601502	-1731.24971496	
-5.36753243557	-1731.25076859	
-5.36908643744	-1731.25182123	
-5.37063802813	-1731.25287288	
-5.37218721511	-1731.25392354	
-5.37373400583	-1731.25497322	
-5.37527840768	-1731.25602191	
-5.37682042804	-1731.25706962	
-5.37836007422	-1731.25811635	
-5.37989735354	-1731.2591621	
-5.38143227326	-1731.26020686	
-5.38296484061	-1731.26125066	
-5.38449506279	-1731.26229347	
-5.38602294697	-1731.26333531	
-5.38754850028	-1731.26437618	
-5.38907172982	-1731.26541608	
-5.39059264266	-1731.266455	
-5.39211124583	-1731.26749296	
-5.39362754635	-1731.26852995	
-5.39514155118	-1731.26956598	
-5.39665326727	-1731.27060104	
-5.39816270152	-1731.27163513	
-5.39966986081	-1731.27266827	
-5.40117475199	-1731.27370045	
-5.40267738187	-1731.27473166	
-5.40417775725	-1731.27576192	
-5.40567588487	-1731.27679123	
-5.40717177146	-1731.27781958	
-5.40866542372	-1731.27884697	
-5.4101568483	-1731.27987342	
-5.41164605186	-1731.28089891	
-5.41313304098	-1731.28192346	
-5.41461782224	-1731.28294706	
-5.4161004022	-1731.28396971	
-5.41758078737	-1731.28499142	
-5.41905898424	-1731.28601219	
-5.42053499927	-1731.28703201	
-5.42200883889	-1731.28805089	
-5.4234805095	-1731.28906884	
-5.42495001748	-1731.29008585	
-5.42641736918	-1731.29110192	
-5.4278825709	-1731.29211706	
-5.42934562895	-1731.29313126	
-5.43080654959	-1731.29414453	
-5.43226533906	-1731.29515687	
-5.43372200355	-1731.29616829	
-5.43517654927	-1731.29717877	
-5.43662898235	-1731.29818833	
-5.43807930892	-1731.29919696	
-5.4395275351	-1731.30020467	
-5.44097366695	-1731.30121146	
-5.44241771052	-1731.30221733	
-5.44385967184	-1731.30322228	
-5.4452995569	-1731.30422631	
-5.44673737167	-1731.30522942	
-5.44817312209	-1731.30623162	
-5.44960681409	-1731.30723291	
-5.45103845357	-1731.30823328	
-5.45246804638	-1731.30923274	
-5.45389559837	-1731.31023129	
-5.45532111536	-1731.31122894	
-5.45674460314	-1731.31222567	
-5.45816606749	-1731.3132215	
-5.45958551414	-1731.31421643	
-5.46100294883	-1731.31521045	
-5.46241837723	-1731.31620358	
-5.46383180503	-1731.3171958	
-5.46524323786	-1731.31818712	
-5.46665268137	-1731.31917755	
-5.46806014114	-1731.32016708	
-5.46946562274	-1731.32115572	
-5.47086913175	-1731.32214346	
-5.47227067367	-1731.32313031	
-5.47367025403	-1731.32411627	
-5.47506787829	-1731.32510134	
-5.47646355193	-1731.32608553	
-5.47785728038	-1731.32706882	
-5.47924906905	-1731.32805123	
-5.48063892334	-1731.32903276	
-5.48202684862	-1731.33001341	
-5.48341285022	-1731.33099317	
-5.48479693349	-1731.33197205	
-5.48617910372	-1731.33295006	
-5.48755936619	-1731.33392719	
-5.48893772616	-1731.33490344	
-5.49031418887	-1731.33587882	
-5.49168875953	-1731.33685332	
-5.49306144334	-1731.33782695	
-5.49443224547	-1731.33879972	
-5.49580117108	-1731.33977161	
-5.49716822529	-1731.34074263	
-5.49853341322	-1731.34171279	
-5.49989673995	-1731.34268208	
-5.50125821054	-1731.34365051	
-5.50261783006	-1731.34461808	
-5.50397560352	-1731.34558478	
-5.50533153593	-1731.34655063	
-5.50668563228	-1731.34751561	
-5.50803789753	-1731.34847974	
-5.50938833663	-1731.34944302	
-5.5107369545	-1731.35040543	
-5.51208375605	-1731.351367	
-5.51342874616	-1731.35232771	
-5.51477192971	-1731.35328757	
-5.51611331154	-1731.35424658	
-5.51745289646	-1731.35520474	
-5.51879068931	-1731.35616206	
-5.52012669485	-1731.35711853	
-5.52146091786	-1731.35807415	
-5.5227933631	-1731.35902894	
-5.52412403528	-1731.35998288	
-5.52545293913	-1731.36093598	
-5.52678007934	-1731.36188824	
-5.52810546058	-1731.36283966	
-5.52942908751	-1731.36379024	
-5.53075096477	-1731.36473999	
-5.53207109697	-1731.36568891	
-5.53338948873	-1731.36663699	
-5.53470614461	-1731.36758424	
-5.53602106919	-1731.36853066	
-5.53733426702	-1731.36947625	
-5.53864574262	-1731.37042101	
-5.5399555005	-1731.37136494	
-5.54126354516	-1731.37230805	
-5.54256988107	-1731.37325034	
-5.5438745127	-1731.3741918	
-5.54517744448	-1731.37513244	
-5.54647868084	-1731.37607226	
-5.54777822618	-1731.37701126	
-5.5490760849	-1731.37794945	
-5.55037226136	-1731.37888681	
-5.55166675992	-1731.37982336	
-5.55295958492	-1731.3807591	
-5.55425074069	-1731.38169402	
-5.55554023152	-1731.38262813	
-5.5568280617	-1731.38356143	
-5.55811423551	-1731.38449392	
-5.5593987572	-1731.38542561	
-5.56068163102	-1731.38635648	
-5.56196286117	-1731.38728655	
-5.56324245188	-1731.38821582	
-5.56452040732	-1731.38914428	
-5.56579673168	-1731.39007194	
-5.56707142911	-1731.3909988	
-5.56834450376	-1731.39192486	
-5.56961595975	-1731.39285012	
-5.57088580119	-1731.39377459	
-5.57215403218	-1731.39469825	
-5.57342065679	-1731.39562113	
-5.5746856791	-1731.39654321	
-5.57594910315	-1731.39746449	
-5.57721093297	-1731.39838499	
-5.57847117258	-1731.3993047	
-5.57972982599	-1731.40022361	
-5.58098689718	-1731.40114174	
-5.58224239012	-1731.40205908	
-5.58349630878	-1731.40297564	
-5.5847486571	-1731.40389142	
-5.585999439	-1731.40480641	
-5.5872486584	-1731.40572061	
-5.5884963192	-1731.40663404	
-5.58974242528	-1731.40754669	
-5.59098698051	-1731.40845856	
-5.59222998875	-1731.40936966	
-5.59347145384	-1731.41027997	
-5.5947113796	-1731.41118952	
-5.59594976985	-1731.41209829	
-5.59718662839	-1731.41300628	
-5.598421959	-1731.41391351	
-5.59965576545	-1731.41481997	
-5.60088805149	-1731.41572565	
-5.60211882088	-1731.41663057	
-5.60334807733	-1731.41753472	
-5.60457582457	-1731.41843811	
-5.6058020663	-1731.41934074	
-5.60702680619	-1731.4202426	
-5.60825004793	-1731.42114369	
-5.60947179518	-1731.42204403	
-5.61069205159	-1731.42294361	
-5.61191082078	-1731.42384243	
-5.61312810639	-1731.42474049	
-5.61434391201	-1731.4256378	
-5.61555824124	-1731.42653435	
-5.61677109767	-1731.42743014	
-5.61798248485	-1731.42832519	
-5.61919240636	-1731.42921948	
-5.62040086572	-1731.43011302	
-5.62160786647	-1731.43100581	
-5.62281341212	-1731.43189785	
-5.62401750619	-1731.43278915	
-5.62522015215	-1731.4336797	
-5.6264213535	-1731.43456951	
-5.62762111369	-1731.43545857	
-5.62881943618	-1731.43634689	
-5.63001632442	-1731.43723446	
-5.63121178182	-1731.4381213	
-5.63240581181	-1731.4390074	
-5.6335984178	-1731.43989275	
-5.63478960317	-1731.44077738	
-5.6359793713	-1731.44166126	
-5.63716772557	-1731.44254441	
-5.63835466933	-1731.44342683	
-5.63954020593	-1731.44430851	
-5.64072433869	-1731.44518946	
-5.64190707094	-1731.44606968	
-5.64308840598	-1731.44694918	
-5.64426834712	-1731.44782794	
-5.64544689764	-1731.44870597	
-5.64662406082	-1731.44958328	
-5.64779983991	-1731.45045987	
-5.64897423816	-1731.45133573	
-5.65014725882	-1731.45221087	
-5.65131890512	-1731.45308528	
-5.65248918027	-1731.45395897	
-5.65365808747	-1731.45483195	
-5.65482562993	-1731.4557042	
-5.65599181082	-1731.45657574	
-5.65715663332	-1731.45744656	
-5.65832010058	-1731.45831667	
-5.65948221576	-1731.45918606	
-5.660642982	-1731.46005474	
-5.66180240242	-1731.4609227	
-5.66296048014	-1731.46178996	
-5.66411721826	-1731.4626565	
-5.66527261989	-1731.46352234	
-5.66642668811	-1731.46438746	
-5.66757942599	-1731.46525188	
-5.6687308366	-1731.4661156	
-5.66988092298	-1731.4669786	
-5.67102968818	-1731.46784091	
-5.67217713524	-1731.46870251	
-5.67332326717	-1731.46956341	
-5.67446808699	-1731.47042361	
-5.67561159769	-1731.47128311	
-5.67675380227	-1731.47214191	
-5.6778947037	-1731.47300001	
-5.67903430497	-1731.47385741	
-5.68017260902	-1731.47471412	
-5.6813096188	-1731.47557014	
-5.68244533727	-1731.47642546	
-5.68357976734	-1731.47728009	
-5.68471291194	-1731.47813403	
-5.68584477397	-1731.47898727	
-5.68697535634	-1731.47983983	
-5.68810466194	-1731.4806917	
-5.68923269364	-1731.48154288	
-5.69035945432	-1731.48239337	
-5.69148494685	-1731.48324318	
-5.69260917406	-1731.48409231	
-5.6937321388	-1731.48494075	
-5.69485384391	-1731.48578851	
-5.69597429221	-1731.48663558	
-5.69709348651	-1731.48748198	
-5.69821142961	-1731.4883277	
-5.69932812431	-1731.48917273	
-5.70044357339	-1731.4900171	
-5.70155777963	-1731.49086078	
-5.7026707458	-1731.49170379	
-5.70378247466	-1731.49254612	
-5.70489296894	-1731.49338778	
-5.70600223139	-1731.49422877	
-5.70711026475	-1731.49506909	
-5.70821707172	-1731.49590873	
-5.70932265503	-1731.49674771	
-5.71042701737	-1731.49758602	
-5.71153016145	-1731.49842366	
-5.71263208993	-1731.49926063	
-5.71373280551	-1731.50009694	
-5.71483231084	-1731.50093258	
-5.71593060859	-1731.50176756	
-5.71702770141	-1731.50260188	
-5.71812359193	-1731.50343553	
-5.71921828279	-1731.50426853	
-5.72031177661	-1731.50510086	
-5.72140407601	-1731.50593253	
-5.72249518359	-1731.50676355	
-5.72358510195	-1731.50759391	
-5.72467383369	-1731.50842361	
-5.72576138137	-1731.50925266	
-5.72684774759	-1731.51008106	
-5.72793293489	-1731.5109088	
-5.72901694583	-1731.51173589	
-5.73009978297	-1731.51256232	
-5.73118144884	-1731.51338811	
-5.73226194598	-1731.51421325	
-5.7333412769	-1731.51503774	
-5.73441944412	-1731.51586158	
-5.73549645015	-1731.51668477	
-5.73657229748	-1731.51750732	
-5.73764698861	-1731.51832923	
-5.73872052602	-1731.51915049	
-5.73979291218	-1731.5199711	
-5.74086414956	-1731.52079108	
-5.74193424062	-1731.52161041	
-5.74300318781	-1731.52242911	
-5.74407099357	-1731.52324716	
-5.74513766034	-1731.52406458	
-5.74620319054	-1731.52488136	
-5.7472675866	-1731.5256975	
-5.74833085092	-1731.52651301	
-5.74939298591	-1731.52732788	
-5.75045399397	-1731.52814212	
-5.75151387748	-1731.52895573	
-5.75257263883	-1731.5297687	
-5.75363028038	-1731.53058105	
-5.75468680452	-1731.53139276	
-5.75574221359	-1731.53220385	
-5.75679650994	-1731.5330143	
-5.75784969593	-1731.53382413	
-5.75890177388	-1731.53463333	
-5.75995274612	-1731.53544191	
-5.76100261499	-1731.53624986	
-5.76205138278	-1731.53705719	
-5.76309905181	-1731.53786389	
-5.76414562438	-1731.53866998	
-5.76519110278	-1731.53947544	
-5.7662354893	-1731.54028028	
-5.76727878622	-1731.5410845	
-5.76832099579	-1731.54188811	
-5.7693621203	-1731.54269109	
-5.770402162	-1731.54349346	
-5.77144112313	-1731.54429522	
-5.77247900594	-1731.54509636	
-5.77351581267	-1731.54589688	
-5.77455154554	-1731.5466968	
-5.77558620679	-1731.54749609	
-5.77661979861	-1731.54829478	
-5.77765232322	-1731.54909286	
-5.77868378283	-1731.54989033	
-5.77971417962	-1731.55068719	
-5.78074351579	-1731.55148344	
-5.78177179352	-1731.55227908	
-5.78279901497	-1731.55307412	
-5.78382518233	-1731.55386855	
-5.78485029774	-1731.55466238	
-5.78587436337	-1731.55545561	
-5.78689738137	-1731.55624823	
-5.78791935386	-1731.55704025	
-5.788940283	-1731.55783166	
-5.7899601709	-1731.55862248	
-5.79097901969	-1731.5594127	
-5.79199683148	-1731.56020232	
-5.79301360838	-1731.56099134	
-5.7940293525	-1731.56177977	
-5.79504406593	-1731.5625676	
-5.79605775077	-1731.56335483	
-5.79707040908	-1731.56414147	
-5.79808204295	-1731.56492752	
-5.79909265446	-1731.56571297	
-5.80010224566	-1731.56649783	
-5.80111081862	-1731.56728211	
-5.80211837538	-1731.56806579	
-5.80312491799	-1731.56884888	
-5.80413044849	-1731.56963138	
-5.80513496892	-1731.5704133	
-5.80613848129	-1731.57119462	
-5.80714098764	-1731.57197537	
-5.80814248998	-1731.57275552	
-5.80914299031	-1731.5735351	
