#Site	lnL	
0	-1.32917736844
1	-1.56460852976
2	-3.25210804356
3	-1.32917736844
4	-1.30294414027
5	-4.44828094733
6	-1.80819340088
7	-1.27603031816
8	-6.67183550128
9	-1.63233682344
10	-1.27603031816
11	-4.99061718174
12	-9.42129533009
13	-1.56460852976
14	-13.3349210886
15	-1.32917736844
16	-1.74181820164
17	-4.44828094733
18	-1.34919260971
19	-1.30294414027
20	-8.20309797759
21	-1.32917736844
22	-7.55572009403
23	-13.3910330591
24	-1.34919260971
25	-1.27603031816
26	-8.57241823304
27	-1.34919260971
28	-9.70252261168
29	-9.13804249704
30	-1.63233682344
31	-1.27603031816
32	-3.25210804356
33	-1.34919260971
34	-1.56460852976
35	-3.25210804356
36	-1.32917736844
37	-1.30294414027
38	-4.80077544337
39	-1.80819340088
40	-1.74181820164
41	-11.1922444899
42	-1.32917736844
43	-1.30294414027
44	-4.80077544337
45	-1.34919260971
46	-1.27603031816
47	-3.48866766592
48	-1.34919260971
49	-1.27603031816
50	-3.25210804356
51	-1.63233682344
52	-1.27603031816
53	-8.26839013059
54	-7.19721054238
55	-1.30294414027
56	-8.49031770444
57	-1.32917736844
58	-1.74181820164
59	-8.47241557239
60	-1.63233682344
61	-1.56460852976
62	-7.35074142669
63	-1.34919260971
64	-6.9950931832
65	-6.26272378064
66	-6.79302057265
67	-1.74181820164
68	-10.222671358
69	-1.32917736844
70	-1.30294414027
71	-9.12492735256
72	-1.80819340088
73	-1.74181820164
74	-7.28834129715
75	-1.32917736844
76	-1.56460852976
77	-3.25210804356
78	-1.34919260971
79	-1.30294414027
80	-6.67183550128
81	-1.32917736844
82	-1.74181820164
83	-7.0936481663
84	-1.34919260971
85	-1.56460852976
86	-4.62238671366
87	-1.63233682344
88	-1.74181820164
89	-10.3972155797
90	-1.32917736844
91	-1.74181820164
92	-9.27728845072
93	-1.80819340088
94	-1.74181820164
95	-10.882699884
96	-1.80819340088
97	-1.56460852976
98	-7.74238530423
99	-1.32917736844
100	-10.6427449656
101	-6.08556994709
102	-1.32917736844
103	-1.30294414027
104	-4.80077544337
105	-1.63233682344
106	-1.27603031816
107	-7.42786681339
108	-11.5323642256
109	-1.74181820164
110	-7.76266292804
111	-1.32917736844
112	-1.74181820164
113	-5.6332901417
114	-1.32917736844
115	-1.74181820164
116	-7.83207832957
117	-1.32917736844
118	-7.55821946153
119	-10.4098921485
120	-6.20877500182
121	-1.56460852976
122	-6.78719120711
123	-7.19721054238
124	-1.30294414027
125	-3.25210804356
126	-1.80819340088
127	-1.74181820164
128	-4.44828094733
129	-1.34919260971
130	-7.49977230578
131	-5.79740280565
132	-1.80819340088
133	-1.30294414027
134	-3.25210804356
135	-1.32917736844
136	-1.74181820164
137	-5.25688296844
138	-1.63233682344
139	-1.74181820164
140	-10.2429113289
141	-1.32917736844
142	-1.27603031816
143	-6.14983470698
144	-1.63233682344
145	-1.56460852976
146	-5.20959011304
147	-1.80819340088
148	-1.74181820164
149	-7.09761189472
150	-1.80819340088
151	-1.27603031816
152	-7.75786027876
153	-1.32917736844
154	-6.79750827455
155	-4.44828094733
156	-1.32917736844
157	-1.74181820164
158	-8.51689838017
159	-1.34919260971
160	-1.74181820164
161	-12.8438827207
162	-1.34919260971
163	-1.30294414027
164	-3.48866766592
165	-1.80819340088
166	-1.56460852976
167	-8.01103946892
168	-1.32917736844
169	-1.27603031816
170	-8.20544889991
171	-1.34919260971
172	-1.27603031816
173	-7.44400157682
174	-1.80819340088
175	-1.27603031816
176	-5.43484685793
177	-1.34919260971
178	-1.30294414027
179	-3.25210804356
180	-1.32917736844
181	-1.27603031816
182	-4.44828094733
183	-1.34919260971
184	-1.56460852976
185	-6.30547576364
186	-1.63233682344
187	-1.56460852976
188	-3.48866766592
189	-1.32917736844
190	-7.49977230578
191	-4.94623022235
192	-1.32917736844
193	-1.56460852976
194	-14.1284118651
195	-1.32917736844
196	-1.74181820164
197	-9.72899036647
198	-1.34919260971
199	-1.27603031816
200	-4.94623022235
201	-1.32917736844
202	-1.56460852976
203	-4.62238671366
204	-1.63233682344
205	-1.27603031816
206	-10.0632009275
207	-1.32917736844
208	-1.30294414027
209	-10.5128931753
210	-1.32917736844
211	-1.56460852976
212	-4.44828094733
213	-1.80819340088
214	-1.27603031816
215	-4.62238671366
216	-1.32917736844
217	-1.30294414027
218	-6.26272378064
219	-1.34919260971
220	-1.30294414027
221	-3.25210804356
222	-1.63233682344
223	-1.30294414027
224	-10.72593801
225	-1.34919260971
226	-1.27603031816
227	-4.99061718174
228	-1.34919260971
229	-11.8160057158
230	-7.78926064394
231	-1.34919260971
232	-1.27603031816
233	-4.62238671366
234	-1.32917736844
235	-1.56460852976
236	-8.05030052467
237	-1.32917736844
238	-1.56460852976
239	-7.30503156015
240	-1.32917736844
241	-1.56460852976
242	-6.77623554335
243	-1.80819340088
244	-1.30294414027
245	-3.48866766592
246	-1.63233682344
247	-1.56460852976
248	-4.99061718174
249	-1.34919260971
250	-1.27603031816
251	-10.6412360008
252	-1.63233682344
253	-10.0348038102
254	-6.05117315627
255	-1.80819340088
256	-1.27603031816
257	-14.4655926271
258	-1.32917736844
259	-1.30294414027
260	-12.1031081197
261	-1.32917736844
262	-1.74181820164
263	-3.25210804356
264	-1.32917736844
265	-1.56460852976
266	-3.48866766592
267	-1.32917736844
268	-1.74181820164
269	-7.41730496072
270	-1.80819340088
271	-1.56460852976
272	-5.74958998191
273	-7.01350059507
274	-1.30294414027
275	-5.31258705791
276	-7.49129588635
277	-1.56460852976
278	-14.3531855121
279	-1.34919260971
280	-1.30294414027
281	-7.23946350992
282	-1.32917736844
283	-7.53295304007
284	-13.4453949259
285	-1.34919260971
286	-1.74181820164
287	-3.25210804356
288	-1.32917736844
289	-1.74181820164
290	-3.25210804356
291	-1.34919260971
292	-7.5680014229
293	-5.6332901417
294	-1.63233682344
295	-1.30294414027
296	-6.46564091422
297	-1.80819340088
298	-1.30294414027
299	-3.25210804356
300	-1.63233682344
301	-1.74181820164
302	-5.80124128525
303	-13.2450818853
304	-1.74181820164
305	-5.20959011304
306	-1.32917736844
307	-1.27603031816
308	-5.84117793869
309	-1.63233682344
310	-6.78808682683
311	-4.62238671366
312	-1.34919260971
313	-1.74181820164
314	-3.25210804356
315	-9.17894151142
316	-1.74181820164
317	-3.48866766592
318	-1.34919260971
319	-1.30294414027
320	-3.25210804356
321	-1.63233682344
322	-1.27603031816
323	-3.25210804356
324	-7.27494276664
325	-1.56460852976
326	-7.09761189472
327	-1.80819340088
328	-1.56460852976
329	-12.014885996
330	-6.96158572961
331	-1.27603031816
332	-9.22231934319
333	-1.80819340088
334	-1.30294414027
335	-6.98960806132
336	-1.80819340088
337	-1.74181820164
338	-5.20959011304
339	-1.63233682344
340	-1.74181820164
341	-7.00474951543
342	-1.32917736844
343	-1.30294414027
344	-4.62238671366
345	-1.80819340088
346	-1.56460852976
347	-3.48866766592
348	-1.32917736844
349	-1.56460852976
350	-3.48866766592
351	-1.80819340088
352	-1.30294414027
353	-6.99792857802
354	-1.34919260971
355	-1.27603031816
356	-3.48866766592
357	-1.32917736844
358	-1.27603031816
359	-11.5351777599
360	-1.34919260971
361	-1.30294414027
362	-6.97124596649
363	-1.34919260971
364	-1.56460852976
365	-4.44828094733
366	-1.32917736844
367	-1.56460852976
368	-11.4060861364
369	-1.80819340088
370	-1.74181820164
371	-10.0521460901
372	-1.32917736844
373	-1.30294414027
374	-6.14983470698
375	-7.13337738854
376	-1.74181820164
377	-10.1188046654
378	-1.63233682344
379	-1.56460852976
380	-11.1080690414
381	-7.07586931358
382	-1.27603031816
383	-11.3581028762
384	-1.63233682344
385	-6.78808682683
386	-6.77623554335
387	-1.63233682344
388	-1.30294414027
389	-6.11719782087
390	-1.80819340088
391	-1.74181820164
392	-7.12858014058
393	-1.80819340088
394	-1.56460852976
395	-10.6132162369
396	-1.34919260971
397	-1.30294414027
398	-4.99061718174
399	-1.80819340088
400	-1.27603031816
401	-4.94623022235
402	-1.32917736844
403	-1.30294414027
404	-7.4755609935
405	-1.32917736844
406	-1.74181820164
407	-3.25210804356
408	-1.63233682344
409	-1.74181820164
410	-4.77716127787
411	-1.63233682344
412	-1.30294414027
413	-6.06382570318
414	-1.34919260971
415	-1.30294414027
416	-11.4293461355
417	-1.32917736844
418	-1.74181820164
419	-8.37930692649
420	-1.32917736844
421	-1.30294414027
422	-8.87706085098
423	-1.63233682344
424	-1.56460852976
425	-3.25210804356
426	-1.63233682344
427	-1.74181820164
428	-9.98840964523
429	-6.63893127573
430	-1.30294414027
431	-3.48866766592
432	-6.84972621583
433	-1.30294414027
434	-4.44828094733
435	-1.63233682344
436	-1.27603031816
437	-6.14350021704
438	-1.34919260971
439	-1.27603031816
440	-4.44828094733
441	-1.63233682344
442	-1.56460852976
443	-7.5410158563
444	-1.34919260971
445	-1.56460852976
446	-6.67183550128
447	-1.34919260971
448	-1.27603031816
449	-6.1037814248
450	-1.80819340088
451	-1.30294414027
452	-11.8068066501
453	-7.19721054238
454	-1.56460852976
455	-5.25688296844
456	-7.10671850214
457	-1.56460852976
458	-4.62238671366
459	-1.80819340088
460	-1.27603031816
461	-7.64005268652
462	-1.34919260971
463	-1.74181820164
464	-3.25210804356
465	-1.34919260971
466	-1.74181820164
467	-7.20897079947
468	-1.63233682344
469	-1.56460852976
470	-4.94623022235
471	-6.79302057265
472	-1.27603031816
473	-7.00790805624
474	-1.63233682344
475	-1.27603031816
476	-8.33107848522
477	-1.32917736844
478	-7.65591073703
479	-4.99061718174
480	-1.63233682344
481	-1.56460852976
482	-11.1713279296
483	-1.34919260971
484	-1.27603031816
485	-3.25210804356
486	-1.80819340088
487	-1.56460852976
488	-3.25210804356
