# log_p 	 lnL 	 
0.0	-1749.45709835	
-0.287682072452	-1749.45703635	
-0.510825623766	-1749.45689103	
-0.69314718056	-1749.45665497	
-0.847297860387	-1749.45633726	
-0.980829253012	-1749.45595243	
-1.09861228867	-1749.45551506	
-1.20397280433	-1749.45503784	
-1.29928298413	-1749.45453124	
-1.38629436112	-1749.45400371	
-1.46633706879	-1749.45346197	
-1.54044504095	-1749.45291135	
-1.60943791243	-1749.4523561	
-1.67397643357	-1749.45179953	
-1.73460105539	-1749.45124429	
-1.79175946923	-1749.45069244	
-1.8458266905	-1749.45014559	
-1.89711998489	-1749.449605	
-1.94591014906	-1749.44907164	
-1.99243016469	-1749.44854624	
-2.03688192726	-1749.44802934	
-2.07944154168	-1749.44752135	
-2.1202635362	-1749.44702252	
-2.15948424935	-1749.44653304	
-2.19722457734	-1749.44605301	
-2.23359222151	-1749.44558244	
-2.26868354132	-1749.44512133	
-2.30258509299	-1749.4446696	
-2.33537491582	-1749.44422717	
-2.36712361413	-1749.44379391	
-2.3978952728	-1749.44336969	
-2.42774823595	-1749.44295435	
-2.45673577282	-1749.44254771	
-2.48490664979	-1749.44214961	
-2.51230562398	-1749.44175987	
-2.53897387106	-1749.44137828	
-2.56494935746	-1749.44100468	
-2.59026716545	-1749.44063886	
-2.61495977804	-1749.44028063	
-2.63905732962	-1749.43992982	
-2.66258782703	-1749.43958623	
-2.68557734525	-1749.43924967	
-2.7080502011	-1749.43891998	
-2.73002910782	-1749.43859696	
-2.75153531304	-1749.43828044	
-2.77258872224	-1749.43797027	
-2.79320800944	-1749.43766626	
-2.81341071676	-1749.43736825	
-2.83321334406	-1749.43707609	
-2.85263142991	-1749.43678963	
-2.87167962488	-1749.43650871	
-2.8903717579	-1749.43623319	
-2.90872089656	-1749.43596293	
-2.92673940207	-1749.43569778	
-2.94443897917	-1749.43543762	
-2.96183072188	-1749.43518232	
-2.97892515524	-1749.43493175	
-2.99573227355	-1749.43468578	
-3.01226157551	-1749.4344443	
-3.02852209638	-1749.4342072	
-3.04452243772	-1749.43397436	
-3.06027079469	-1749.43374568	
-3.07577498123	-1749.43352105	
-3.09104245336	-1749.43330037	
-3.10608033072	-1749.43308354	
-3.12089541651	-1749.43287046	
-3.13549421593	-1749.43266105	
-3.14988295338	-1749.4324552	
-3.16406758837	-1749.43225285	
-3.17805383035	-1749.43205389	
-3.19184715248	-1749.43185826	
-3.20545280454	-1749.43166586	
-3.21887582487	-1749.43147663	
-3.23212105162	-1749.43129049	
-3.24519313319	-1749.43110736	
-3.25809653802	-1749.43092717	
-3.2708355638	-1749.43074986	
-3.28341434601	-1749.43057536	
-3.295836866	-1749.43040361	
-3.3081069586	-1749.43023454	
-3.32022831913	-1749.4300681	
-3.33220451018	-1749.42990421	
-3.34403896782	-1749.42974283	
-3.35573500759	-1749.42958391	
-3.36729582999	-1749.42942738	
-3.37872452581	-1749.42927319	
-3.39002408106	-1749.4291213	
-3.40119738166	-1749.42897164	
-3.41224721785	-1749.42882419	
-3.42317628838	-1749.42867888	
-3.43398720449	-1749.42853567	
-3.4446824936	-1749.42839452	
-3.45526460293	-1749.42825539	
-3.4657359028	-1749.42811822	
-3.47609868984	-1749.42798299	
-3.48635519	-1749.42784965	
-3.49650756147	-1749.42771816	
-3.50655789732	-1749.42758849	
-3.51650822817	-1749.4274606	
-3.52636052462	-1749.42733445	
-3.53611669956	-1749.42721001	
-3.54577861047	-1749.42708724	
-3.55534806149	-1749.42696611	
-3.56482680544	-1749.42684659	
-3.57421654579	-1749.42672865	
-3.58351893846	-1749.42661225	
-3.59273559356	-1749.42649737	
-3.60186807712	-1749.42638398	
-3.61091791264	-1749.42627205	
-3.61988658263	-1749.42616155	
-3.62877553004	-1749.42605246	
-3.63758615973	-1749.42594474	
-3.6463198397	-1749.42583838	
-3.65497790244	-1749.42573334	
-3.66356164613	-1749.42562961	
-3.6720723358	-1749.42552716	
-3.68051120444	-1749.42542596	
-3.68887945411	-1749.425326	
-3.69717825693	-1749.42522725	
-3.70540875607	-1749.42512969	
-3.7135720667	-1749.42503329	
-3.72166927694	-1749.42493805	
-3.72970144863	-1749.42484393	
-3.73766961828	-1749.42475092	
-3.74557479779	-1749.424659	
-3.75341797525	-1749.42456815	
-3.76120011569	-1749.42447835	
-3.76892216179	-1749.42438959	
-3.77658503453	-1749.42430184	
-3.78418963392	-1749.42421509	
-3.79173683955	-1749.42412932	
-3.79922751128	-1749.42404451	
-3.80666248977	-1749.42396066	
-3.81404259707	-1749.42387774	
-3.82136863716	-1749.42379574	
-3.82864139649	-1749.42371464	
-3.83586164446	-1749.42363443	
-3.84303013394	-1749.42355509	
-3.85014760171	-1749.42347662	
-3.85721476893	-1749.42339899	
-3.86423234159	-1749.42332219	
-3.87120101091	-1749.42324621	
-3.87812145375	-1749.42317104	
-3.88499433304	-1749.42309666	
-3.89182029811	-1749.42302307	
-3.8985999851	-1749.42295024	
-3.90533401728	-1749.42287817	
-3.91202300543	-1749.42280685	
-3.91866754815	-1749.42273626	
-3.92526823218	-1749.42266639	
-3.93182563272	-1749.42259723	
-3.93834031375	-1749.42252878	
-3.94481282825	-1749.42246102	
-3.95124371858	-1749.42239394	
-3.95763351668	-1749.42232752	
-3.96398274436	-1749.42226177	
-3.97029191355	-1749.42219667	
-3.97656152657	-1749.42213221	
-3.98279207632	-1749.42206838	
-3.98898404656	-1749.42200517	
-3.99513791214	-1749.42194258	
-4.00125413916	-1749.42188059	
-4.00733318523	-1749.4218192	
-4.01337549969	-1749.42175839	
-4.01938152375	-1749.42169817	
-4.02535169074	-1749.42163851	
-4.03128642625	-1749.42157942	
-4.03718614838	-1749.42152088	
-4.04305126783	-1749.42146289	
-4.04888218815	-1749.42140544	
-4.05467930583	-1749.42134852	
-4.06044301055	-1749.42129213	
-4.06617368526	-1749.42123625	
-4.07187170637	-1749.42118089	
-4.07753744391	-1749.42112602	
-4.08317126162	-1749.42107166	
-4.08877351717	-1749.42101778	
-4.09434456222	-1749.42096439	
-4.0998847426	-1749.42091148	
-4.10539439841	-1749.42085903	
-4.11087386417	-1749.42080705	
-4.11632346894	-1749.42075553	
-4.12174353641	-1749.42070446	
-4.12713438505	-1749.42065384	
-4.13249632819	-1749.42060366	
-4.13782967416	-1749.42055391	
-4.14313472639	-1749.4205046	
-4.14841178349	-1749.4204557	
-4.15366113938	-1749.42040723	
-4.15888308336	-1749.42035917	
-4.16407790024	-1749.42031151	
-4.1692458704	-1749.42026426	
-4.1743872699	-1749.42021741	
-4.17950237056	-1749.42017095	
-4.18459144007	-1749.42012487	
-4.18965474203	-1749.42007918	
-4.19469253606	-1749.42003387	
-4.19970507788	-1749.41998893	
-4.20469261939	-1749.41994436	
-4.20965540873	-1749.41990016	
-4.21459369037	-1749.41985632	
-4.21950770518	-1749.41981283	
-4.22439769047	-1749.41976969	
-4.22926388012	-1749.4197269	
-4.2341065046	-1749.41968445	
-4.23892579103	-1749.41964234	
-4.2437219633	-1749.41960057	
-4.24849524205	-1749.41955912	
-4.25324584481	-1749.41951801	
-4.257973986	-1749.41947721	
-4.26267987704	-1749.41943674	
-4.26736372635	-1749.41939658	
-4.27202573946	-1749.41935674	
-4.27666611902	-1749.4193172	
-4.28128506487	-1749.41927796	
-4.28588277412	-1749.41923903	
-4.29045944115	-1749.4192004	
-4.29501525768	-1749.41916206	
-4.29955041285	-1749.41912401	
-4.3040650932	-1749.41908625	
-4.30855948279	-1749.41904877	
-4.31303376319	-1749.41901158	
-4.31748811354	-1749.41897466	
-4.3219227106	-1749.41893802	
-4.32633772881	-1749.41890165	
-4.33073334029	-1749.41886555	
-4.33510971489	-1749.41882972	
-4.33946702026	-1749.41879415	
-4.34380542185	-1749.41875884	
-4.348125083	-1749.41872378	
-4.3524261649	-1749.41868899	
-4.35670882669	-1749.41865444	
-4.36097322548	-1749.41862014	
-4.36521951636	-1749.41858609	
-4.36944785247	-1749.41855228	
-4.373658385	-1749.41851872	
-4.37785126326	-1749.41848539	
-4.38202663467	-1749.4184523	
-4.38618464482	-1749.41841944	
-4.39032543749	-1749.41838682	
-4.39444915467	-1749.41835442	
-4.39855593663	-1749.41832225	
-4.40264592188	-1749.4182903	
-4.40671924726	-1749.41825858	
-4.41077604796	-1749.41822707	
-4.4148164575	-1749.41819578	
-4.4188406078	-1749.41816471	
-4.42284862919	-1749.41813384	
-4.42684065046	-1749.41810319	
-4.43081679884	-1749.41807275	
-4.43477720006	-1749.41804252	
-4.43872197835	-1749.41801248	
-4.44265125649	-1749.41798265	
-4.44656515581	-1749.41795302	
-4.45046379623	-1749.41792359	
-4.45434729625	-1749.41789436	
-4.45821577303	-1749.41786532	
-4.46206934235	-1749.41783647	
-4.46590811865	-1749.41780781	
-4.46973221509	-1749.41777934	
-4.47354174351	-1749.41775105	
-4.47733681448	-1749.41772295	
-4.48111753732	-1749.41769504	
-4.48488402011	-1749.4176673	
-4.48863636973	-1749.41763975	
-4.49237469184	-1749.41761237	
-4.49609909093	-1749.41758517	
-4.49980967033	-1749.41755814	
-4.50350653221	-1749.41753129	
-4.50718977763	-1749.41750461	
-4.51085950652	-1749.41747809	
-4.51451581772	-1749.41745174	
-4.518158809	-1749.41742556	
-4.52178857705	-1749.41739955	
-4.52540521752	-1749.4173737	
-4.52900882502	-1749.41734801	
-4.53259949315	-1749.41732248	
-4.5361773145	-1749.4172971	
-4.53974238067	-1749.41727189	
-4.54329478227	-1749.41724683	
-4.54683460898	-1749.41722192	
-4.55036194949	-1749.41719717	
-4.5538768916	-1749.41717257	
-4.55737952215	-1749.41714812	
-4.56086992709	-1749.41712382	
-4.56434819147	-1749.41709966	
-4.56781439944	-1749.41707565	
-4.57126863431	-1749.41705179	
-4.5747109785	-1749.41702807	
-4.5781415136	-1749.41700449	
-4.58156032035	-1749.41698105	
-4.58496747867	-1749.41695775	
-4.58836306767	-1749.41693459	
-4.59174716566	-1749.41691157	
-4.59511985013	-1749.41688868	
-4.59848119784	-1749.41686593	
-4.60183128472	-1749.41684331	
-4.60517018599	-1749.41682082	
-4.60849797608	-1749.41679846	
-4.61181472871	-1749.41677624	
-4.61512051684	-1749.41675414	
-4.61841541274	-1749.41673217	
-4.62169948794	-1749.41671033	
-4.62497281328	-1749.41668861	
-4.62823545892	-1749.41666702	
-4.63148749431	-1749.41664555	
-4.63472898823	-1749.4166242	
-4.63796000881	-1749.41660298	
-4.64118062351	-1749.41658187	
-4.64439089914	-1749.41656088	
-4.64759090187	-1749.41654002	
-4.65078069724	-1749.41651927	
-4.65396035016	-1749.41649863	
-4.65712992492	-1749.41647811	
-4.66028948521	-1749.41645771	
-4.66343909411	-1749.41643742	
-4.66657881412	-1749.41641724	
-4.66970870713	-1749.41639717	
-4.67282883446	-1749.41637722	
-4.67593925688	-1749.41635737	
-4.67904003455	-1749.41633763	
-4.68213122712	-1749.416318	
-4.68521289366	-1749.41629848	
-4.6882850927	-1749.41627906	
-4.69134788223	-1749.41625975	
-4.69440131972	-1749.41624054	
-4.6974454621	-1749.41622144	
-4.70048036579	-1749.41620244	
-4.70350608671	-1749.41618354	
-4.70652268025	-1749.41616474	
-4.70953020131	-1749.41614605	
-4.71252870431	-1749.41612745	
-4.71551824316	-1749.41610895	
-4.7184988713	-1749.41609055	
-4.72147064168	-1749.41607224	
-4.72443360681	-1749.41605404	
-4.72738781871	-1749.41603592	
-4.73033332894	-1749.41601791	
-4.73327018862	-1749.41599998	
-4.73619844839	-1749.41598215	
-4.7391181585	-1749.41596442	
-4.74202936871	-1749.41594677	
-4.74493212836	-1749.41592922	
-4.74782648639	-1749.41591175	
-4.75071249128	-1749.41589438	
-4.75359019111	-1749.4158771	
-4.75645963353	-1749.4158599	
-4.75932086582	-1749.41584279	
-4.7621739348	-1749.41582577	
-4.76501888693	-1749.41580884	
-4.76785576827	-1749.41579199	
-4.77068462447	-1749.41577523	
-4.77350550081	-1749.41575855	
-4.77631844218	-1749.41574195	
-4.77912349311	-1749.41572544	
-4.78192069773	-1749.41570901	
-4.78471009982	-1749.41569266	
-4.78749174278	-1749.4156764	
-4.79026566966	-1749.41566021	
-4.79303192316	-1749.41564411	
-4.7957905456	-1749.41562808	
-4.79854157897	-1749.41561214	
-4.80128506491	-1749.41559627	
-4.80402104473	-1749.41558048	
-4.80674955939	-1749.41556477	
-4.8094706495	-1749.41554913	
-4.81218435537	-1749.41553357	
-4.81489071697	-1749.41551809	
-4.81758977394	-1749.41550268	
-4.82028156561	-1749.41548734	
-4.82296613098	-1749.41547208	
-4.82564350875	-1749.41545689	
-4.8283137373	-1749.41544178	
-4.83097685472	-1749.41542674	
-4.83363289878	-1749.41541177	
-4.83628190695	-1749.41539687	
-4.83892391641	-1749.41538204	
-4.84155896405	-1749.41536728	
-4.84418708646	-1749.41535259	
-4.84680831994	-1749.41533798	
-4.84942270051	-1749.41532343	
-4.85203026392	-1749.41530895	
-4.85463104562	-1749.41529453	
-4.8572250808	-1749.41528019	
-4.85981240436	-1749.41526591	
-4.86239305096	-1749.41525169	
-4.86496705495	-1749.41523755	
-4.86753445046	-1749.41522347	
-4.87009527132	-1749.41520945	
-4.87264955112	-1749.4151955	
-4.8751973232	-1749.41518161	
-4.87773862063	-1749.41516779	
-4.88027347623	-1749.41515403	
-4.88280192259	-1749.41514033	
-4.88532399202	-1749.4151267	
-4.88783971662	-1749.41511312	
-4.89034912822	-1749.41509961	
-4.89285225844	-1749.41508616	
-4.89534913864	-1749.41507277	
-4.89783979995	-1749.41505945	
-4.90032427328	-1749.41504618	
-4.90280258929	-1749.41503297	
-4.90527477844	-1749.41501982	
-4.90774087093	-1749.41500673	
-4.91020089677	-1749.41499369	
-4.91265488574	-1749.41498072	
-4.91510286737	-1749.4149678	
-4.91754487103	-1749.41495494	
-4.91998092583	-1749.41494214	
-4.92241106068	-1749.41492939	
-4.92483530429	-1749.4149167	
-4.92725368516	-1749.41490406	
-4.92966623156	-1749.41489149	
-4.93207297159	-1749.41487896	
-4.93447393313	-1749.41486649	
-4.93686914386	-1749.41485407	
-4.93925863125	-1749.41484171	
-4.94164242261	-1749.4148294	
-4.94402054501	-1749.41481715	
-4.94639302537	-1749.41480495	
-4.94875989038	-1749.4147928	
-4.95112116656	-1749.4147807	
-4.95347688026	-1749.41476865	
-4.9558270576	-1749.41475666	
-4.95817172456	-1749.41474472	
-4.96051090691	-1749.41473282	
-4.96284463026	-1749.41472098	
-4.96517292002	-1749.41470919	
-4.96749580144	-1749.41469745	
-4.96981329958	-1749.41468576	
-4.97212543933	-1749.41467412	
-4.97443224543	-1749.41466252	
-4.97673374242	-1749.41465098	
-4.97902995468	-1749.41463948	
-4.98132090643	-1749.41462803	
-4.98360662171	-1749.41461663	
-4.98588712441	-1749.41460528	
-4.98816243824	-1749.41459397	
-4.99043258678	-1749.41458271	
-4.99269759341	-1749.4145715	
-4.99495748138	-1749.41456033	
-4.99721227376	-1749.41454921	
-4.9994619935	-1749.41453814	
-5.00170666335	-1749.41452711	
-5.00394630595	-1749.41451613	
-5.00618094375	-1749.41450519	
-5.00841059907	-1749.41449429	
-5.0106352941	-1749.41448344	
-5.01285505083	-1749.41447263	
-5.01506989116	-1749.41446187	
-5.01727983681	-1749.41445115	
-5.01948490937	-1749.41444048	
-5.02168513028	-1749.41442985	
-5.02388052085	-1749.41441926	
-5.02607110223	-1749.41440871	
-5.02825689545	-1749.4143982	
-5.03043792139	-1749.41438774	
-5.03261420082	-1749.41437732	
-5.03478575433	-1749.41436694	
-5.03695260241	-1749.4143566	
-5.03911476542	-1749.4143463	
-5.04127226356	-1749.41433604	
-5.04342511692	-1749.41432583	
-5.04557334546	-1749.41431565	
-5.047716969	-1749.41430552	
-5.04985600725	-1749.41429542	
-5.05199047978	-1749.41428536	
-5.05412040604	-1749.41427534	
-5.05624580535	-1749.41426537	
-5.05836669692	-1749.41425543	
-5.06048309982	-1749.41424553	
-5.06259503303	-1749.41423566	
-5.06470251537	-1749.41422584	
-5.06680556556	-1749.41421605	
-5.06890420222	-1749.4142063	
-5.07099844382	-1749.41419659	
-5.07308830874	-1749.41418692	
-5.07517381523	-1749.41417728	
-5.07725498144	-1749.41416768	
-5.07933182538	-1749.41415812	
-5.08140436498	-1749.41414859	
-5.08347261805	-1749.4141391	
-5.08553660227	-1749.41412965	
-5.08759633523	-1749.41412023	
-5.08965183441	-1749.41411085	
-5.09170311719	-1749.4141015	
-5.09375020081	-1749.41409219	
-5.09579310244	-1749.41408291	
-5.09783183913	-1749.41407367	
-5.09986642782	-1749.41406446	
-5.10189688537	-1749.41405529	
-5.10392322852	-1749.41404615	
-5.1059454739	-1749.41403704	
-5.10796363806	-1749.41402797	
-5.10997773743	-1749.41401894	
-5.11198778836	-1749.41400993	
-5.11399380708	-1749.41400096	
-5.11599580975	-1749.41399202	
-5.11799381242	-1749.41398312	
-5.11998783102	-1749.41397425	
-5.12197788143	-1749.41396541	
-5.1239639794	-1749.4139566	
-5.12594614061	-1749.41394783	
-5.12792438062	-1749.41393909	
-5.12989871492	-1749.41393038	
-5.13186915891	-1749.4139217	
-5.13383572788	-1749.41391305	
-5.13579843705	-1749.41390443	
-5.13775730154	-1749.41389585	
-5.13971233637	-1749.4138873	
-5.1416635565	-1749.41387877	
-5.14361097679	-1749.41387028	
-5.145554612	-1749.41386182	
-5.14749447681	-1749.41385339	
-5.14943058584	-1749.41384499	
-5.15136295359	-1749.41383662	
-5.1532915945	-1749.41382828	
-5.15521652291	-1749.41381997	
-5.15713775309	-1749.41381168	
-5.15905529921	-1749.41380343	
-5.1609691754	-1749.41379521	
-5.16287939565	-1749.41378701	
-5.16478597392	-1749.41377885	
-5.16668892407	-1749.41377071	
-5.16858825987	-1749.41376261	
-5.17048399504	-1749.41375453	
-5.17237614319	-1749.41374648	
-5.17426471788	-1749.41373845	
-5.17614973257	-1749.41373046	
-5.17803120067	-1749.41372249	
-5.1799091355	-1749.41371455	
-5.18178355029	-1749.41370664	
-5.18365445823	-1749.41369876	
-5.1855218724	-1749.4136909	
-5.18738580584	-1749.41368307	
-5.18924627149	-1749.41367527	
-5.19110328224	-1749.41366749	
-5.19295685089	-1749.41365974	
-5.19480699018	-1749.41365202	
-5.19665371277	-1749.41364433	
-5.19849703127	-1749.41363666	
-5.20033695819	-1749.41362901	
-5.202173506	-1749.4136214	
-5.20400668708	-1749.41361381	
-5.20583651375	-1749.41360624	
-5.20766299828	-1749.4135987	
-5.20948615284	-1749.41359119	
-5.21130598956	-1749.4135837	
-5.21312252048	-1749.41357624	
-5.21493575761	-1749.4135688	
-5.21674571285	-1749.41356138	
-5.21855239808	-1749.413554	
-5.22035582508	-1749.41354663	
-5.22215600558	-1749.41353929	
-5.22395295126	-1749.41353198	
-5.22574667371	-1749.41352469	
-5.22753718449	-1749.41351742	
-5.22932449506	-1749.41351018	
-5.23110861685	-1749.41350296	
-5.23288956123	-1749.41349577	
-5.23466733947	-1749.4134886	
-5.23644196283	-1749.41348145	
-5.23821344248	-1749.41347433	
-5.23998178954	-1749.41346723	
-5.24174701506	-1749.41346016	
-5.24350913005	-1749.41345311	
-5.24526814546	-1749.41344608	
-5.24702407216	-1749.41343907	
-5.24877692099	-1749.41343209	
-5.25052670271	-1749.41342513	
-5.25227342805	-1749.41341819	
-5.25401710765	-1749.41341127	
-5.25575775213	-1749.41340438	
-5.25749537203	-1749.41339751	
-5.25922997784	-1749.41339066	
-5.26096158	-1749.41338383	
-5.2626901889	-1749.41337703	
-5.26441581487	-1749.41337025	
-5.26613846818	-1749.41336349	
-5.26785815906	-1749.41335675	
-5.26957489768	-1749.41335003	
-5.27128869416	-1749.41334333	
-5.27299955856	-1749.41333666	
-5.27470750091	-1749.41333001	
-5.27641253116	-1749.41332337	
-5.27811465923	-1749.41331676	
-5.27981389498	-1749.41331017	
-5.28151024823	-1749.4133036	
-5.28320372874	-1749.41329706	
-5.28489434622	-1749.41329053	
-5.28658211033	-1749.41328402	
-5.28826703069	-1749.41327753	
-5.28994911688	-1749.41327107	
-5.2916283784	-1749.41326462	
-5.29330482472	-1749.4132582	
-5.29497846528	-1749.41325179	
-5.29664930945	-1749.41324541	
-5.29831736655	-1749.41323904	
-5.29998264587	-1749.41323269	
-5.30164515664	-1749.41322637	
-5.30330490806	-1749.41322006	
-5.30496190927	-1749.41321377	
-5.30661616936	-1749.41320751	
-5.3082676974	-1749.41320126	
-5.30991650239	-1749.41319503	
-5.3115625933	-1749.41318882	
-5.31320597904	-1749.41318263	
-5.3148466685	-1749.41317646	
-5.3164846705	-1749.41317031	
-5.31811999384	-1749.41316417	
-5.31975264727	-1749.41315806	
-5.32138263948	-1749.41315196	
-5.32300997914	-1749.41314588	
-5.32463467487	-1749.41313982	
-5.32625673524	-1749.41313378	
-5.32787616879	-1749.41312776	
-5.32949298402	-1749.41312176	
-5.33110718937	-1749.41311577	
-5.33271879327	-1749.4131098	
-5.33432780407	-1749.41310385	
-5.33593423012	-1749.41309792	
-5.3375380797	-1749.413092	
-5.33913936107	-1749.41308611	
-5.34073808243	-1749.41308023	
-5.34233425196	-1749.41307437	
-5.3439278778	-1749.41306852	
-5.34551896803	-1749.4130627	
-5.34710753072	-1749.41305689	
-5.34869357387	-1749.4130511	
-5.35027710548	-1749.41304532	
-5.35185813348	-1749.41303956	
-5.35343666577	-1749.41303382	
-5.35501271022	-1749.4130281	
-5.35658627467	-1749.41302239	
-5.3581573669	-1749.4130167	
-5.35972599468	-1749.41301103	
-5.36129216571	-1749.41300538	
-5.36285588769	-1749.41299974	
-5.36441716825	-1749.41299411	
-5.36597601502	-1749.41298851	
-5.36753243557	-1749.41298292	
-5.36908643744	-1749.41297734	
-5.37063802813	-1749.41297178	
-5.37218721511	-1749.41296624	
-5.37373400583	-1749.41296072	
-5.37527840768	-1749.41295521	
-5.37682042804	-1749.41294972	
-5.37836007422	-1749.41294424	
-5.37989735354	-1749.41293878	
-5.38143227326	-1749.41293333	
-5.38296484061	-1749.4129279	
-5.38449506279	-1749.41292249	
-5.38602294697	-1749.41291709	
-5.38754850028	-1749.4129117	
-5.38907172982	-1749.41290633	
-5.39059264266	-1749.41290098	
-5.39211124583	-1749.41289564	
-5.39362754635	-1749.41289032	
-5.39514155118	-1749.41288501	
-5.39665326727	-1749.41287972	
-5.39816270152	-1749.41287445	
-5.39966986081	-1749.41286918	
-5.40117475199	-1749.41286394	
-5.40267738187	-1749.4128587	
-5.40417775725	-1749.41285349	
-5.40567588487	-1749.41284828	
-5.40717177146	-1749.4128431	
-5.40866542372	-1749.41283792	
-5.4101568483	-1749.41283276	
-5.41164605186	-1749.41282762	
-5.41313304098	-1749.41282249	
-5.41461782224	-1749.41281737	
-5.4161004022	-1749.41281227	
-5.41758078737	-1749.41280718	
-5.41905898424	-1749.41280211	
-5.42053499927	-1749.41279705	
-5.42200883889	-1749.41279201	
-5.4234805095	-1749.41278698	
-5.42495001748	-1749.41278196	
-5.42641736918	-1749.41277696	
-5.4278825709	-1749.41277197	
-5.42934562895	-1749.41276699	
-5.43080654959	-1749.41276203	
-5.43226533906	-1749.41275708	
-5.43372200355	-1749.41275215	
-5.43517654927	-1749.41274722	
-5.43662898235	-1749.41274232	
-5.43807930892	-1749.41273742	
-5.4395275351	-1749.41273254	
-5.44097366695	-1749.41272767	
-5.44241771052	-1749.41272282	
-5.44385967184	-1749.41271798	
-5.4452995569	-1749.41271315	
-5.44673737167	-1749.41270834	
-5.44817312209	-1749.41270353	
-5.44960681409	-1749.41269875	
-5.45103845357	-1749.41269397	
-5.45246804638	-1749.41268921	
-5.45389559837	-1749.41268446	
-5.45532111536	-1749.41267972	
-5.45674460314	-1749.41267499	
-5.45816606749	-1749.41267028	
-5.45958551414	-1749.41266558	
-5.46100294883	-1749.4126609	
-5.46241837723	-1749.41265622	
-5.46383180503	-1749.41265156	
-5.46524323786	-1749.41264691	
-5.46665268137	-1749.41264227	
-5.46806014114	-1749.41263765	
-5.46946562274	-1749.41263304	
-5.47086913175	-1749.41262844	
-5.47227067367	-1749.41262385	
-5.47367025403	-1749.41261927	
-5.47506787829	-1749.41261471	
-5.47646355193	-1749.41261016	
-5.47785728038	-1749.41260562	
-5.47924906905	-1749.41260109	
-5.48063892334	-1749.41259658	
-5.48202684862	-1749.41259207	
-5.48341285022	-1749.41258758	
-5.48479693349	-1749.4125831	
-5.48617910372	-1749.41257863	
-5.48755936619	-1749.41257417	
-5.48893772616	-1749.41256973	
-5.49031418887	-1749.41256529	
-5.49168875953	-1749.41256087	
-5.49306144334	-1749.41255646	
-5.49443224547	-1749.41255206	
-5.49580117108	-1749.41254767	
-5.49716822529	-1749.4125433	
-5.49853341322	-1749.41253893	
-5.49989673995	-1749.41253458	
-5.50125821054	-1749.41253023	
-5.50261783006	-1749.4125259	
-5.50397560352	-1749.41252158	
-5.50533153593	-1749.41251727	
-5.50668563228	-1749.41251297	
-5.50803789753	-1749.41250869	
-5.50938833663	-1749.41250441	
-5.5107369545	-1749.41250015	
-5.51208375605	-1749.41249589	
-5.51342874616	-1749.41249165	
-5.51477192971	-1749.41248741	
-5.51611331154	-1749.41248319	
-5.51745289646	-1749.41247898	
-5.51879068931	-1749.41247478	
-5.52012669485	-1749.41247059	
-5.52146091786	-1749.41246641	
-5.5227933631	-1749.41246224	
-5.52412403528	-1749.41245808	
-5.52545293913	-1749.41245393	
-5.52678007934	-1749.4124498	
-5.52810546058	-1749.41244567	
-5.52942908751	-1749.41244155	
-5.53075096477	-1749.41243745	
-5.53207109697	-1749.41243335	
-5.53338948873	-1749.41242926	
-5.53470614461	-1749.41242519	
-5.53602106919	-1749.41242112	
-5.53733426702	-1749.41241707	
-5.53864574262	-1749.41241302	
-5.5399555005	-1749.41240899	
-5.54126354516	-1749.41240496	
-5.54256988107	-1749.41240094	
-5.5438745127	-1749.41239694	
-5.54517744448	-1749.41239294	
-5.54647868084	-1749.41238896	
-5.54777822618	-1749.41238498	
-5.5490760849	-1749.41238102	
-5.55037226136	-1749.41237706	
-5.55166675992	-1749.41237311	
-5.55295958492	-1749.41236918	
-5.55425074069	-1749.41236525	
-5.55554023152	-1749.41236133	
-5.5568280617	-1749.41235742	
-5.55811423551	-1749.41235352	
-5.5593987572	-1749.41234963	
-5.56068163102	-1749.41234575	
-5.56196286117	-1749.41234188	
-5.56324245188	-1749.41233802	
-5.56452040732	-1749.41233417	
-5.56579673168	-1749.41233033	
-5.56707142911	-1749.4123265	
-5.56834450376	-1749.41232267	
-5.56961595975	-1749.41231886	
-5.57088580119	-1749.41231505	
-5.57215403218	-1749.41231126	
-5.57342065679	-1749.41230747	
-5.5746856791	-1749.41230369	
-5.57594910315	-1749.41229993	
-5.57721093297	-1749.41229617	
-5.57847117258	-1749.41229242	
-5.57972982599	-1749.41228867	
-5.58098689718	-1749.41228494	
-5.58224239012	-1749.41228122	
-5.58349630878	-1749.4122775	
-5.5847486571	-1749.4122738	
-5.585999439	-1749.4122701	
-5.5872486584	-1749.41226641	
-5.5884963192	-1749.41226273	
-5.58974242528	-1749.41225906	
-5.59098698051	-1749.4122554	
-5.59222998875	-1749.41225174	
-5.59347145384	-1749.4122481	
-5.5947113796	-1749.41224446	
-5.59594976985	-1749.41224083	
-5.59718662839	-1749.41223722	
-5.598421959	-1749.4122336	
-5.59965576545	-1749.41223	
-5.60088805149	-1749.41222641	
-5.60211882088	-1749.41222282	
-5.60334807733	-1749.41221925	
-5.60457582457	-1749.41221568	
-5.6058020663	-1749.41221212	
-5.60702680619	-1749.41220856	
-5.60825004793	-1749.41220502	
-5.60947179518	-1749.41220149	
-5.61069205159	-1749.41219796	
-5.61191082078	-1749.41219444	
-5.61312810639	-1749.41219093	
-5.61434391201	-1749.41218742	
-5.61555824124	-1749.41218393	
-5.61677109767	-1749.41218044	
-5.61798248485	-1749.41217696	
-5.61919240636	-1749.41217349	
-5.62040086572	-1749.41217003	
-5.62160786647	-1749.41216658	
-5.62281341212	-1749.41216313	
-5.62401750619	-1749.41215969	
-5.62522015215	-1749.41215626	
-5.6264213535	-1749.41215284	
-5.62762111369	-1749.41214942	
-5.62881943618	-1749.41214601	
-5.63001632442	-1749.41214261	
-5.63121178182	-1749.41213922	
-5.63240581181	-1749.41213584	
-5.6335984178	-1749.41213246	
-5.63478960317	-1749.41212909	
-5.6359793713	-1749.41212573	
-5.63716772557	-1749.41212238	
-5.63835466933	-1749.41211903	
-5.63954020593	-1749.41211569	
-5.64072433869	-1749.41211236	
-5.64190707094	-1749.41210904	
-5.64308840598	-1749.41210572	
-5.64426834712	-1749.41210241	
-5.64544689764	-1749.41209911	
-5.64662406082	-1749.41209582	
-5.64779983991	-1749.41209253	
-5.64897423816	-1749.41208925	
-5.65014725882	-1749.41208598	
-5.65131890512	-1749.41208272	
-5.65248918027	-1749.41207946	
-5.65365808747	-1749.41207621	
-5.65482562993	-1749.41207297	
-5.65599181082	-1749.41206973	
-5.65715663332	-1749.4120665	
-5.65832010058	-1749.41206328	
-5.65948221576	-1749.41206007	
-5.660642982	-1749.41205686	
-5.66180240242	-1749.41205366	
-5.66296048014	-1749.41205047	
-5.66411721826	-1749.41204728	
-5.66527261989	-1749.41204411	
-5.66642668811	-1749.41204093	
-5.66757942599	-1749.41203777	
-5.6687308366	-1749.41203461	
-5.66988092298	-1749.41203146	
-5.67102968818	-1749.41202832	
-5.67217713524	-1749.41202518	
-5.67332326717	-1749.41202205	
-5.67446808699	-1749.41201893	
-5.67561159769	-1749.41201581	
-5.67675380227	-1749.4120127	
-5.6778947037	-1749.4120096	
-5.67903430497	-1749.4120065	
-5.68017260902	-1749.41200341	
-5.6813096188	-1749.41200033	
-5.68244533727	-1749.41199726	
-5.68357976734	-1749.41199419	
-5.68471291194	-1749.41199112	
-5.68584477397	-1749.41198807	
-5.68697535634	-1749.41198502	
-5.68810466194	-1749.41198198	
-5.68923269364	-1749.41197894	
-5.69035945432	-1749.41197591	
-5.69148494685	-1749.41197289	
-5.69260917406	-1749.41196987	
-5.6937321388	-1749.41196686	
-5.69485384391	-1749.41196386	
-5.69597429221	-1749.41196086	
-5.69709348651	-1749.41195787	
-5.69821142961	-1749.41195488	
-5.69932812431	-1749.4119519	
-5.70044357339	-1749.41194893	
-5.70155777963	-1749.41194597	
-5.7026707458	-1749.41194301	
-5.70378247466	-1749.41194006	
-5.70489296894	-1749.41193711	
-5.70600223139	-1749.41193417	
-5.70711026475	-1749.41193123	
-5.70821707172	-1749.41192831	
-5.70932265503	-1749.41192538	
-5.71042701737	-1749.41192247	
-5.71153016145	-1749.41191956	
-5.71263208993	-1749.41191666	
-5.71373280551	-1749.41191376	
-5.71483231084	-1749.41191087	
-5.71593060859	-1749.41190798	
-5.71702770141	-1749.4119051	
-5.71812359193	-1749.41190223	
-5.71921828279	-1749.41189936	
-5.72031177661	-1749.4118965	
-5.72140407601	-1749.41189365	
-5.72249518359	-1749.4118908	
-5.72358510195	-1749.41188796	
-5.72467383369	-1749.41188512	
-5.72576138137	-1749.41188229	
-5.72684774759	-1749.41187946	
-5.72793293489	-1749.41187664	
-5.72901694583	-1749.41187383	
-5.73009978297	-1749.41187102	
-5.73118144884	-1749.41186822	
-5.73226194598	-1749.41186542	
-5.7333412769	-1749.41186263	
-5.73441944412	-1749.41185985	
-5.73549645015	-1749.41185707	
-5.73657229748	-1749.4118543	
-5.73764698861	-1749.41185153	
-5.73872052602	-1749.41184877	
-5.73979291218	-1749.41184601	
-5.74086414956	-1749.41184326	
-5.74193424062	-1749.41184052	
-5.74300318781	-1749.41183778	
-5.74407099357	-1749.41183504	
-5.74513766034	-1749.41183232	
-5.74620319054	-1749.41182959	
-5.7472675866	-1749.41182688	
-5.74833085092	-1749.41182416	
-5.74939298591	-1749.41182146	
-5.75045399397	-1749.41181876	
-5.75151387748	-1749.41181606	
-5.75257263883	-1749.41181337	
-5.75363028038	-1749.41181069	
-5.75468680452	-1749.41180801	
-5.75574221359	-1749.41180534	
-5.75679650994	-1749.41180267	
-5.75784969593	-1749.41180001	
-5.75890177388	-1749.41179735	
-5.75995274612	-1749.4117947	
-5.76100261499	-1749.41179205	
-5.76205138278	-1749.41178941	
-5.76309905181	-1749.41178678	
-5.76414562438	-1749.41178415	
-5.76519110278	-1749.41178152	
-5.7662354893	-1749.4117789	
-5.76727878622	-1749.41177629	
-5.76832099579	-1749.41177368	
-5.7693621203	-1749.41177107	
-5.770402162	-1749.41176848	
-5.77144112313	-1749.41176588	
-5.77247900594	-1749.41176329	
-5.77351581267	-1749.41176071	
-5.77455154554	-1749.41175813	
-5.77558620679	-1749.41175556	
-5.77661979861	-1749.41175299	
-5.77765232322	-1749.41175043	
-5.77868378283	-1749.41174787	
-5.77971417962	-1749.41174532	
-5.78074351579	-1749.41174277	
-5.78177179352	-1749.41174023	
-5.78279901497	-1749.41173769	
-5.78382518233	-1749.41173515	
-5.78485029774	-1749.41173263	
-5.78587436337	-1749.4117301	
-5.78689738137	-1749.41172759	
-5.78791935386	-1749.41172507	
-5.788940283	-1749.41172256	
-5.7899601709	-1749.41172006	
-5.79097901969	-1749.41171756	
-5.79199683148	-1749.41171507	
-5.79301360838	-1749.41171258	
-5.7940293525	-1749.4117101	
-5.79504406593	-1749.41170762	
-5.79605775077	-1749.41170514	
-5.79707040908	-1749.41170268	
-5.79808204295	-1749.41170021	
-5.79909265446	-1749.41169775	
-5.80010224566	-1749.4116953	
-5.80111081862	-1749.41169285	
-5.80211837538	-1749.4116904	
-5.80312491799	-1749.41168796	
-5.80413044849	-1749.41168552	
-5.80513496892	-1749.41168309	
-5.80613848129	-1749.41168067	
-5.80714098764	-1749.41167824	
-5.80814248998	-1749.41167583	
-5.80914299031	-1749.41167341	
