#Site	lnL	
0	-10.425980206
1	-9.11621846683
2	-12.735223888
3	-13.866437488
4	-12.2711514646
5	-4.88654474133
6	-5.43018887707
7	-7.96166121199
8	-11.0626441208
9	-8.59298821186
10	-11.9983213164
11	-10.9492242134
12	-6.16442114867
13	-6.82468820611
14	-8.55560672646
15	-10.5433833929
16	-12.0969488286
17	-12.8111074392
18	-8.0301741815
19	-8.13536489254
20	-11.5794760625
21	-7.38733858284
22	-14.7621416895
23	-14.1310656519
24	-8.79363833304
25	-10.7247734644
26	-10.5458720988
27	-4.30613714836
28	-7.52280693922
29	-4.33287483382
30	-10.3831390558
31	-5.91617601417
32	-11.6496810314
33	-12.9721642241
34	-6.64785853655
35	-7.15926561848
36	-6.50759232726
37	-8.9247217446
38	-10.4395455654
39	-11.5352435989
40	-21.773102592
41	-7.38005487313
42	-9.24215885317
43	-4.82015667684
44	-11.9008633288
45	-6.51714609851
46	-9.39478316359
47	-12.2469395498
48	-10.4246057728
49	-10.0151355614
50	-11.2795419248
51	-19.973976452
52	-5.10808975736
53	-4.62441115155
54	-5.65823043151
55	-8.92344712685
56	-9.67766904272
57	-10.838589238
58	-21.2923962275
59	-5.23675467053
60	-23.4404310613
61	-8.25119724731
62	-8.3503113019
63	-10.5975654833
64	-7.68647495058
65	-4.30613714836
66	-7.28347071038
67	-12.3923357339
68	-9.78722644228
69	-11.4626028188
70	-8.56714159066
71	-8.20484834228
72	-11.9716538243
73	-15.3559650464
74	-17.2015047746
75	-8.28042285524
76	-4.62441115155
77	-8.46099170523
78	-10.4969399788
79	-12.0717209292
80	-8.4034040864
81	-7.89467897057
82	-4.88654474133
83	-13.827579739
84	-4.62441115155
85	-7.34557646487
86	-10.1463568183
87	-12.3341890578
88	-15.6562656741
89	-8.31432288052
90	-13.1291222655
91	-4.30613714836
92	-4.09674146036
93	-12.0931948823
94	-12.6275555306
95	-5.43018887707
96	-7.7307349259
97	-8.91118312503
98	-16.3994090973
99	-5.35417082412
100	-17.5142942759
101	-11.4375687606
102	-12.6418568329
103	-8.81978369022
104	-4.82015667684
105	-8.27161653072
106	-10.9505587737
107	-12.8548352803
108	-5.7750483921
109	-11.0148685389
110	-16.1668125845
111	-16.5275362211
112	-11.1502126057
113	-10.6833225453
114	-18.8219975662
115	-14.8869429436
116	-7.90635223464
117	-16.0401674661
118	-4.33287483382
119	-4.4636763088
120	-10.8181884898
121	-15.0941631915
122	-10.982211948
123	-14.5957274721
124	-7.62610315937
125	-17.583497849
126	-14.9401605976
127	-4.82015667684
128	-5.64160048724
129	-5.23675467053
130	-13.8722673614
131	-16.3463101387
132	-13.1922757276
133	-20.5742766657
134	-8.8530848644
135	-8.44188716423
136	-5.14565135875
137	-16.2053710035
138	-9.04335670814
139	-13.5609547308
140	-19.5800264148
141	-12.3201841225
142	-9.46723361993
143	-10.7409851425
144	-12.324861241
145	-8.66032501499
146	-14.6107047019
147	-4.09674146036
148	-20.4939332055
149	-9.98080478448
150	-12.7059576602
151	-10.9720395009
152	-10.4458494206
153	-7.38733858284
154	-10.6720889818
155	-5.64160048724
156	-9.13821713894
157	-4.30613714836
158	-7.25660612482
159	-6.80882483119
160	-4.09674146036
161	-12.1729944594
162	-5.27934041965
