#Site	lnL	
0	-1.1897152782
1	-1.59794498693
2	-2.90223243224
3	-1.1897152782
4	-9.4186975022
5	-2.90223243224
6	-1.6506365242
7	-1.59794498693
8	-7.31300305745
9	-1.80294868861
10	-1.15084224118
11	-4.82393800878
12	-1.4217651877
13	-1.37783016284
14	-4.27133327895
15	-1.6506365242
16	-1.59794498693
17	-4.72302363729
18	-1.4217651877
19	-1.37783016284
20	-2.48105489365
21	-1.1897152782
22	-1.15084224118
23	-7.39978963942
24	-1.1897152782
25	-1.73934917578
26	-10.3572827042
27	-1.1897152782
28	-1.73934917578
29	-14.1010491198
30	-1.4217651877
31	-1.15084224118
32	-3.44282645161
33	-1.6506365242
34	-1.73934917578
35	-10.7261684414
36	-1.1897152782
37	-1.15084224118
38	-2.90223243224
39	-1.1897152782
40	-1.37783016284
41	-2.90223243224
42	-1.80294868861
43	-1.37783016284
44	-6.90857414361
45	-9.01362314032
46	-1.59794498693
47	-4.27133327895
48	-1.6506365242
49	-1.59794498693
50	-2.48105489365
51	-1.6506365242
52	-1.37783016284
53	-7.58872124708
54	-1.4217651877
55	-7.53233957396
56	-5.0069998213
57	-1.6506365242
58	-1.73934917578
59	-8.64440484021
60	-1.80294868861
61	-1.37783016284
62	-13.4163529368
63	-1.80294868861
64	-1.59794498693
65	-3.97376091775
66	-1.6506365242
67	-1.59794498693
68	-8.69187416183
69	-1.80294868861
70	-1.37783016284
71	-9.28216171281
72	-1.4217651877
73	-1.15084224118
74	-2.90223243224
75	-1.4217651877
76	-1.37783016284
77	-5.53345344843
78	-1.1897152782
79	-1.37783016284
80	-6.14009392634
81	-1.1897152782
82	-1.59794498693
83	-4.53167762992
84	-1.1897152782
85	-1.59794498693
86	-5.85837027945
87	-1.4217651877
88	-1.15084224118
89	-3.97376091775
90	-1.6506365242
91	-1.59794498693
92	-3.97376091775
93	-1.1897152782
94	-1.15084224118
95	-9.69106703972
96	-1.6506365242
97	-1.59794498693
98	-2.48105489365
99	-1.1897152782
100	-1.15084224118
101	-5.32291774892
102	-1.6506365242
103	-1.73934917578
104	-8.64440484021
105	-1.1897152782
106	-1.15084224118
107	-6.14889073602
108	-1.4217651877
109	-1.59794498693
110	-4.27133327895
111	-1.4217651877
112	-1.59794498693
113	-6.37287597345
114	-11.4515315002
115	-1.59794498693
116	-2.48105489365
117	-1.1897152782
118	-1.59794498693
119	-7.64496220762
120	-1.4217651877
121	-1.59794498693
122	-5.53345344843
123	-6.39230995018
124	-1.37783016284
125	-8.94423889835
126	-1.1897152782
127	-1.59794498693
128	-5.61418469461
129	-1.1897152782
130	-1.37783016284
131	-5.46531449424
132	-1.6506365242
133	-1.37783016284
134	-10.8395922842
135	-1.4217651877
136	-1.73934917578
137	-4.72302363729
138	-1.1897152782
139	-9.48072590434
140	-3.44282645161
141	-1.4217651877
142	-1.15084224118
143	-5.66968881053
144	-6.83683277666
145	-1.37783016284
146	-3.44282645161
147	-1.6506365242
148	-1.59794498693
149	-7.54734756228
150	-1.4217651877
151	-1.59794498693
152	-6.19936424872
153	-1.6506365242
154	-1.37783016284
155	-4.82393800878
156	-1.1897152782
157	-1.59794498693
158	-2.90223243224
159	-1.1897152782
160	-1.15084224118
161	-2.90223243224
162	-1.4217651877
163	-8.29203415187
164	-11.5648764333
165	-1.80294868861
166	-1.73934917578
167	-4.53167762992
168	-1.1897152782
169	-1.37783016284
170	-8.43247185166
171	-1.6506365242
172	-1.59794498693
173	-3.97376091775
174	-1.6506365242
175	-1.15084224118
176	-5.61418469461
177	-1.6506365242
178	-1.37783016284
179	-6.19936424872
180	-1.1897152782
181	-1.15084224118
182	-6.14889073602
183	-1.80294868861
184	-1.73934917578
185	-2.48105489365
186	-1.1897152782
187	-1.59794498693
188	-8.29253594447
189	-1.1897152782
190	-1.59794498693
191	-2.90223243224
192	-10.8077426588
193	-1.73934917578
194	-2.90223243224
195	-1.6506365242
196	-1.15084224118
197	-5.72457409717
198	-1.4217651877
199	-1.15084224118
200	-4.72302363729
201	-1.6506365242
202	-1.15084224118
203	-5.85837027945
204	-1.4217651877
205	-1.15084224118
206	-9.63775896756
207	-1.1897152782
208	-1.37783016284
209	-4.72302363729
210	-1.4217651877
211	-1.59794498693
212	-2.90223243224
213	-1.4217651877
214	-1.15084224118
215	-9.43413567356
216	-1.1897152782
217	-1.59794498693
218	-2.90223243224
219	-1.1897152782
220	-9.19940816216
221	-3.97376091775
222	-1.4217651877
223	-1.15084224118
224	-3.44282645161
225	-1.1897152782
226	-1.37783016284
227	-9.24604850691
228	-1.4217651877
229	-1.37783016284
230	-5.0956422808
231	-8.52979785166
232	-1.37783016284
233	-8.32445126465
234	-1.1897152782
235	-1.37783016284
236	-6.19936424872
237	-1.1897152782
238	-1.37783016284
239	-5.0069998213
240	-1.1897152782
241	-7.61024079795
242	-4.82393800878
243	-6.83683277666
244	-1.73934917578
245	-6.01557085632
246	-1.1897152782
247	-1.15084224118
248	-6.51943524254
249	-1.1897152782
250	-1.15084224118
251	-2.48105489365
252	-1.4217651877
253	-1.37783016284
254	-4.72302363729
255	-1.4217651877
256	-1.73934917578
257	-7.6904901556
258	-1.80294868861
259	-1.15084224118
260	-8.55017515682
261	-1.6506365242
262	-1.37783016284
263	-8.37843102467
264	-1.80294868861
265	-1.15084224118
266	-6.20878723918
267	-1.6506365242
268	-1.15084224118
269	-5.58577199986
270	-1.4217651877
271	-1.15084224118
272	-9.64870282471
273	-1.1897152782
274	-1.59794498693
275	-7.24003232027
276	-1.1897152782
277	-1.37783016284
278	-9.16821926986
279	-1.6506365242
280	-1.59794498693
281	-7.37295683126
282	-1.4217651877
283	-1.73934917578
284	-4.72302363729
285	-1.4217651877
286	-1.37783016284
287	-7.24003232027
288	-14.2245128308
289	-1.15084224118
290	-5.0069998213
291	-6.44438107978
292	-1.73934917578
293	-5.25081769784
294	-1.1897152782
295	-1.59794498693
296	-2.90223243224
297	-1.4217651877
298	-1.73934917578
299	-5.0069998213
300	-1.4217651877
301	-1.73934917578
302	-11.5404006851
303	-1.6506365242
304	-1.59794498693
305	-5.85179150601
306	-1.4217651877
307	-1.15084224118
308	-2.48105489365
309	-1.1897152782
310	-1.15084224118
311	-8.54582051165
312	-1.4217651877
313	-1.37783016284
314	-9.06234999558
315	-1.4217651877
316	-1.15084224118
317	-6.8189546644
318	-1.1897152782
319	-1.59794498693
320	-11.6403601531
321	-1.6506365242
322	-1.15084224118
323	-7.46232123328
324	-9.33802427715
325	-1.37783016284
326	-14.5063541617
327	-1.1897152782
328	-1.37783016284
329	-3.97376091775
330	-1.6506365242
331	-10.5250462514
332	-2.48105489365
333	-1.1897152782
334	-1.15084224118
335	-9.42180710975
336	-1.6506365242
337	-1.59794498693
338	-2.48105489365
339	-1.4217651877
340	-1.15084224118
341	-2.90223243224
342	-1.1897152782
343	-1.15084224118
344	-5.95158012369
345	-1.80294868861
346	-7.46366026402
347	-8.4774492467
348	-1.4217651877
349	-1.15084224118
350	-2.48105489365
351	-7.5607313893
352	-1.37783016284
353	-9.17067091534
354	-1.1897152782
355	-1.73934917578
356	-5.32291774892
357	-1.80294868861
358	-1.73934917578
359	-2.48105489365
360	-1.1897152782
361	-1.15084224118
362	-11.4802936809
363	-1.1897152782
364	-1.73934917578
365	-3.97376091775
366	-1.80294868861
367	-9.84706540203
368	-2.90223243224
369	-1.4217651877
370	-1.37783016284
371	-3.44282645161
372	-1.1897152782
373	-1.59794498693
374	-4.72302363729
375	-1.4217651877
376	-1.37783016284
377	-5.61418469461
378	-1.4217651877
379	-1.59794498693
380	-10.9699919664
381	-1.80294868861
382	-1.73934917578
383	-9.64004266011
384	-9.10471241834
385	-1.73934917578
386	-2.90223243224
387	-1.1897152782
388	-1.73934917578
389	-6.5705300613
390	-1.80294868861
391	-1.15084224118
392	-9.99988769535
393	-1.1897152782
394	-1.15084224118
395	-2.48105489365
396	-1.1897152782
397	-1.73934917578
398	-2.48105489365
399	-1.1897152782
400	-1.59794498693
401	-3.44282645161
402	-1.1897152782
403	-1.73934917578
404	-2.48105489365
405	-1.6506365242
406	-1.59794498693
407	-2.90223243224
408	-1.1897152782
409	-1.37783016284
410	-6.08279109279
411	-1.6506365242
412	-1.15084224118
413	-3.44282645161
414	-1.80294868861
415	-1.59794498693
416	-2.48105489365
417	-1.4217651877
418	-1.59794498693
419	-5.95158012369
420	-1.6506365242
421	-1.37783016284
422	-14.8347684343
423	-1.1897152782
424	-1.37783016284
425	-9.81519903463
426	-1.1897152782
427	-1.37783016284
428	-9.79684182495
429	-1.6506365242
430	-1.37783016284
431	-7.3634268316
432	-1.4217651877
433	-1.73934917578
434	-2.90223243224
435	-1.6506365242
436	-1.15084224118
437	-4.27133327895
438	-1.80294868861
439	-1.15084224118
440	-3.97376091775
441	-1.80294868861
442	-1.15084224118
443	-5.57620976718
444	-1.1897152782
445	-1.15084224118
446	-14.6949116064
447	-1.6506365242
448	-1.37783016284
449	-7.75403883383
450	-1.1897152782
451	-1.37783016284
452	-2.90223243224
453	-1.1897152782
454	-1.59794498693
455	-9.71205394547
456	-5.83800505918
457	-1.73934917578
458	-2.48105489365
459	-1.1897152782
460	-1.59794498693
461	-7.46232123328
462	-1.80294868861
463	-1.37783016284
464	-5.54599525125
465	-1.1897152782
466	-1.59794498693
467	-6.14889073602
468	-1.1897152782
469	-1.37783016284
470	-9.17067091534
471	-1.4217651877
472	-1.15084224118
473	-6.01557085632
474	-7.03860037702
475	-1.15084224118
476	-3.97376091775
477	-1.4217651877
478	-1.37783016284
479	-2.48105489365
480	-1.80294868861
481	-1.15084224118
482	-9.14362324054
483	-1.4217651877
484	-1.59794498693
485	-8.12592737803
486	-1.1897152782
487	-1.59794498693
488	-7.2556975111
