#Site	lnL	
0	-10.3654212774
1	-17.9110600693
2	-8.51345463596
3	-16.2373737805
4	-14.609590375
5	-6.96142571382
6	-6.25333835415
7	-16.3950747767
8	-14.0959867116
9	-13.5208143792
10	-11.069952383
11	-9.08292682142
12	-9.60892729892
13	-10.1445160504
14	-9.26731682736
15	-12.3204719574
16	-8.65763643715
17	-8.81823938746
18	-11.2647572389
19	-6.65083557783
20	-7.25836709728
21	-9.59085358388
22	-13.2080920758
23	-8.04960578108
24	-13.325265832
25	-11.4190824012
26	-17.3826846576
27	-13.5365201236
28	-7.62652354754
29	-7.27456314506
30	-10.491465292
31	-15.4965582315
32	-16.2065606035
33	-15.6483814813
34	-9.80758441748
35	-12.5841557648
36	-10.997267676
37	-6.25333835415
38	-19.3412432515
39	-7.25769299875
40	-10.591138999
41	-15.8922361598
42	-11.2448753178
43	-18.5258453923
44	-8.32372268415
45	-7.25836709728
46	-10.900303074
47	-18.9990882435
48	-11.3761251998
49	-6.96142571382
50	-14.3770556394
51	-14.7113410821
52	-12.0338078016
53	-11.5146310281
54	-6.77437388398
55	-12.461655095
56	-6.96142571382
57	-8.94393654786
58	-7.51315389438
59	-23.2931604311
60	-18.6484181052
61	-30.7532704105
62	-7.74694135005
63	-9.76750103372
64	-6.01452650919
65	-13.8117935273
66	-7.35929839645
67	-10.0460872219
68	-13.0798377668
69	-21.6349883164
70	-15.7236938502
71	-13.6589288145
72	-12.4777890611
73	-7.53256905324
74	-8.15104381133
75	-14.6659825257
76	-17.5890677767
77	-11.3761251998
78	-7.35929839645
79	-11.9747316515
80	-6.65083557783
81	-11.7817764807
82	-11.1865312119
83	-13.2366459207
84	-23.1619740369
85	-10.9070382606
86	-10.1356682046
87	-11.8826102123
88	-17.9211071275
89	-7.53256905324
90	-11.7995091244
91	-15.4006748587
92	-27.5390419256
93	-15.9547536877
94	-11.8331582946
95	-7.25769299875
96	-6.65083557783
97	-12.461655095
98	-7.25769299875
99	-8.56998760072
100	-14.8626375349
101	-17.3170202854
102	-7.27456314506
103	-25.5694514275
104	-17.7368947744
105	-7.40276775823
106	-9.90355763489
107	-9.93005702394
108	-10.7090834661
109	-17.1852818134
110	-9.09366254235
111	-12.8894146931
112	-12.1289703687
113	-9.75785636549
114	-16.4497990769
115	-15.422250695
116	-7.62652354754
117	-7.48208973745
118	-10.4627581765
119	-10.900303074
120	-11.6445081699
121	-22.5974356066
122	-12.5383451086
123	-15.3931587804
124	-15.1636629705
125	-10.8217335128
126	-7.25836709728
127	-20.415474313
128	-7.25769299875
129	-14.9320043331
130	-6.77437388398
131	-7.48208973745
132	-7.64295695007
133	-13.7668853315
134	-10.7357711579
135	-15.0249412711
136	-8.51345463596
137	-6.25333835415
138	-8.51128310622
139	-14.6092723481
140	-7.03675462459
141	-9.56042435072
142	-10.900303074
143	-13.1484568428
144	-15.8999627563
145	-17.1246945966
146	-9.00223890376
147	-11.6795975759
148	-15.7987517258
149	-9.24566188127
150	-10.2535386816
151	-9.93826549891
152	-7.40276775823
153	-13.1252136266
154	-6.25333835415
155	-8.64921086178
156	-16.1803558267
157	-21.7230496306
158	-15.9485967888
159	-7.48208973745
160	-7.05596167095
161	-6.77437388398
162	-6.01452650919
