#Site	lnL	
0	-3.32604644552
1	-3.21296701169
2	-5.74542299072
3	-3.26802617422
4	-3.64685559975
5	-5.59411065584
6	-3.32604644552
7	-3.2808513742
8	-9.49812840917
9	-3.70794417201
10	-3.2808513742
11	-11.4502626111
12	-3.47088595914
13	-3.2808513742
14	-8.97551236404
15	-3.47088595914
16	-8.37390660955
17	-5.59411065584
18	-3.47088595914
19	-3.40608652161
20	-5.05077848633
21	-3.47088595914
22	-3.40608652161
23	-4.80651505614
24	-3.32604644552
25	-3.2808513742
26	-10.0869797739
27	-3.47088595914
28	-3.2808513742
29	-5.05077848633
30	-3.26802617422
31	-3.2808513742
32	-4.80651505614
33	-3.47088595914
34	-3.2808513742
35	-11.6509547606
36	-3.70794417201
37	-3.21296701169
38	-5.74542299072
39	-3.47088595914
40	-3.40608652161
41	-5.05077848633
42	-3.47088595914
43	-3.64685559975
44	-11.2453830541
45	-3.32604644552
46	-3.2808513742
47	-6.87704452437
48	-3.32604644552
49	-3.21296701169
50	-14.284545346
51	-3.32604644552
52	-8.37390660955
53	-9.60819410169
54	-3.70794417201
55	-3.2808513742
56	-7.18698632561
57	-3.32604644552
58	-3.21296701169
59	-8.70331056241
60	-3.47088595914
61	-3.21296701169
62	-8.11292422656
63	-3.32604644552
64	-3.21296701169
65	-5.05077848633
66	-3.47088595914
67	-3.40608652161
68	-5.05077848633
69	-17.1255385829
70	-3.2808513742
71	-7.43229413985
72	-3.70794417201
73	-3.64685559975
74	-9.29066752153
75	-3.47088595914
76	-3.2808513742
77	-5.74542299072
78	-3.26802617422
79	-7.99269285969
80	-4.80651505614
81	-3.70794417201
82	-3.21296701169
83	-9.17913285555
84	-3.26802617422
85	-3.64685559975
86	-5.05077848633
87	-3.47088595914
88	-3.64685559975
89	-10.9088091681
90	-3.32604644552
91	-3.40608652161
92	-5.59411065584
93	-3.70794417201
94	-3.2808513742
95	-9.00466077656
96	-13.3510754087
97	-3.21296701169
98	-4.80651505614
99	-3.32604644552
100	-3.21296701169
101	-5.05077848633
102	-3.32604644552
103	-3.21296701169
104	-4.80651505614
105	-3.32604644552
106	-3.64685559975
107	-10.8069520476
108	-3.47088595914
109	-3.40608652161
110	-5.05077848633
111	-3.26802617422
112	-3.40608652161
113	-10.3442773772
114	-3.26802617422
115	-3.64685559975
116	-6.62263393092
117	-3.70794417201
118	-3.21296701169
119	-4.80651505614
120	-3.32604644552
121	-3.2808513742
122	-13.7834415827
123	-3.70794417201
124	-3.40608652161
125	-10.1657306173
126	-9.33454304784
127	-3.21296701169
128	-5.05077848633
129	-8.25950747483
130	-8.22162360511
131	-6.9571400381
132	-3.70794417201
133	-3.2808513742
134	-10.6295342535
135	-3.47088595914
136	-3.2808513742
137	-11.4964022939
138	-11.4778997556
139	-3.2808513742
140	-10.8714602464
141	-11.4171254774
142	-3.2808513742
143	-8.11898316208
144	-3.70794417201
145	-3.2808513742
146	-8.1199284579
147	-3.32604644552
148	-3.2808513742
149	-8.29729360587
150	-3.32604644552
151	-3.2808513742
152	-9.52523011687
153	-3.47088595914
154	-3.2808513742
155	-5.59411065584
156	-3.70794417201
157	-3.21296701169
158	-4.80651505614
159	-3.26802617422
160	-3.64685559975
161	-5.59411065584
162	-3.47088595914
163	-3.21296701169
164	-5.05077848633
165	-3.32604644552
166	-8.00632089995
167	-7.43229413985
168	-3.47088595914
169	-3.2808513742
170	-4.80651505614
171	-3.26802617422
172	-3.40608652161
173	-5.05077848633
174	-3.26802617422
175	-3.2808513742
176	-12.9255335989
177	-3.26802617422
178	-3.64685559975
179	-8.11898316208
180	-3.32604644552
181	-3.64685559975
182	-6.91043018532
183	-3.26802617422
184	-3.64685559975
185	-12.5832794229
186	-3.32604644552
187	-3.21296701169
188	-5.59411065584
189	-3.47088595914
190	-3.40608652161
191	-5.05077848633
192	-3.32604644552
193	-3.2808513742
194	-5.05077848633
195	-7.76590340888
196	-3.21296701169
197	-9.69721490075
198	-3.47088595914
199	-14.8658770743
200	-8.28158793568
201	-3.47088595914
202	-3.64685559975
203	-9.0244276302
204	-3.26802617422
205	-3.64685559975
206	-7.49226183432
207	-7.89251096166
208	-3.2808513742
209	-6.87704452437
210	-3.47088595914
211	-3.21296701169
212	-7.18698632561
213	-10.0877707413
214	-3.21296701169
215	-5.05077848633
216	-3.32604644552
217	-3.64685559975
218	-5.74542299072
219	-3.32604644552
220	-3.40608652161
221	-11.8232774737
222	-3.70794417201
223	-3.40608652161
224	-15.5809285136
225	-11.6939064905
226	-3.21296701169
227	-4.80651505614
228	-3.26802617422
229	-3.21296701169
230	-10.5504638437
231	-3.47088595914
232	-3.2808513742
233	-8.11898316208
234	-3.32604644552
235	-3.40608652161
236	-19.444651357
237	-3.26802617422
238	-3.64685559975
239	-8.71094299432
240	-3.26802617422
241	-3.64685559975
242	-14.0263115195
243	-3.32604644552
244	-3.40608652161
245	-8.14504034246
246	-11.6794818748
247	-3.21296701169
248	-16.4378487329
249	-3.32604644552
250	-3.2808513742
251	-8.31473282758
252	-3.32604644552
253	-3.64685559975
254	-5.59411065584
255	-3.32604644552
256	-13.1617785713
257	-4.80651505614
258	-3.32604644552
259	-3.40608652161
260	-5.05077848633
261	-3.26802617422
262	-3.2808513742
263	-13.544595034
264	-3.26802617422
265	-3.21296701169
266	-7.49226183432
267	-3.26802617422
268	-3.64685559975
269	-18.4880807599
270	-3.26802617422
271	-3.21296701169
272	-11.7645058178
273	-3.26802617422
274	-3.21296701169
275	-7.43229413985
276	-3.32604644552
277	-3.2808513742
278	-11.772718909
279	-3.70794417201
280	-3.2808513742
281	-5.05077848633
282	-3.70794417201
283	-3.21296701169
284	-9.07500085618
285	-11.8740700638
286	-3.21296701169
287	-8.35472452971
288	-3.47088595914
289	-3.40608652161
290	-8.67474457873
291	-3.70794417201
292	-3.2808513742
293	-4.80651505614
294	-3.32604644552
295	-3.40608652161
296	-5.59411065584
297	-3.26802617422
298	-3.40608652161
299	-8.67474457873
300	-3.47088595914
301	-3.2808513742
302	-8.96653041704
303	-3.47088595914
304	-3.2808513742
305	-11.3360228498
306	-3.26802617422
307	-3.2808513742
308	-5.05077848633
309	-3.32604644552
310	-3.64685559975
311	-6.87704452437
312	-3.26802617422
313	-3.2808513742
314	-7.49226183432
315	-3.26802617422
316	-3.40608652161
317	-10.1608949056
318	-7.70431902039
319	-3.21296701169
320	-4.80651505614
321	-3.32604644552
322	-3.64685559975
323	-6.88467795386
324	-3.26802617422
325	-3.64685559975
326	-5.05077848633
327	-8.10828907122
328	-3.2808513742
329	-6.9571400381
330	-3.32604644552
331	-3.21296701169
332	-9.92788617004
333	-3.26802617422
334	-3.64685559975
335	-7.23957708937
336	-3.47088595914
337	-3.64685559975
338	-5.05077848633
339	-3.70794417201
340	-3.21296701169
341	-8.60123906441
342	-9.93341925336
343	-12.7329024182
344	-11.5180214979
345	-3.26802617422
346	-3.64685559975
347	-6.87254783593
348	-3.47088595914
349	-3.2808513742
350	-10.5843755176
351	-3.47088595914
352	-3.64685559975
353	-7.21072862592
354	-3.47088595914
355	-3.2808513742
356	-5.05077848633
357	-3.32604644552
358	-3.21296701169
359	-11.6149277526
360	-3.70794417201
361	-3.21296701169
362	-7.94150720783
363	-7.93819259707
364	-3.40608652161
365	-13.8572308279
366	-3.47088595914
367	-3.64685559975
368	-6.9571400381
369	-3.26802617422
370	-3.40608652161
371	-8.29729360587
372	-11.9632453157
373	-3.21296701169
374	-9.57950247535
375	-3.32604644552
376	-3.40608652161
377	-5.74542299072
378	-3.47088595914
379	-3.21296701169
380	-4.80651505614
381	-3.26802617422
382	-11.0581784253
383	-14.6384799388
384	-3.47088595914
385	-10.8865480449
386	-8.11849653559
387	-3.32604644552
388	-3.64685559975
389	-6.62263393092
390	-3.32604644552
391	-3.21296701169
392	-7.88151339486
393	-3.32604644552
394	-3.2808513742
395	-9.65414465169
396	-3.47088595914
397	-3.64685559975
398	-11.0063283477
399	-3.32604644552
400	-3.21296701169
401	-4.80651505614
402	-9.74970743891
403	-3.40608652161
404	-6.52845884779
405	-7.85593078266
406	-3.40608652161
407	-8.35274358739
408	-3.26802617422
409	-9.14388711144
410	-7.49226183432
411	-3.70794417201
412	-3.64685559975
413	-8.85619463651
414	-3.32604644552
415	-3.2808513742
416	-9.69721490075
417	-3.47088595914
418	-3.2808513742
419	-5.59411065584
420	-3.70794417201
421	-3.64685559975
422	-5.05077848633
423	-3.32604644552
424	-3.21296701169
425	-4.80651505614
426	-3.70794417201
427	-8.67441229426
428	-5.05077848633
429	-3.26802617422
430	-3.21296701169
431	-6.52845884779
432	-3.47088595914
433	-3.2808513742
434	-5.59411065584
435	-3.47088595914
436	-3.64685559975
437	-4.80651505614
438	-3.32604644552
439	-3.40608652161
440	-8.7044937876
441	-3.70794417201
442	-3.64685559975
443	-11.1129836079
444	-3.32604644552
445	-3.21296701169
446	-4.80651505614
447	-3.32604644552
448	-3.64685559975
449	-5.74542299072
450	-3.32604644552
451	-3.40608652161
452	-9.55988378238
453	-7.78859979901
454	-3.21296701169
455	-9.29066752153
456	-3.47088595914
457	-3.2808513742
458	-8.71093477676
459	-7.68545493778
460	-3.21296701169
461	-5.05077848633
462	-3.47088595914
463	-9.46792286837
464	-14.0224486502
465	-3.47088595914
466	-3.40608652161
467	-6.52845884779
468	-3.32604644552
469	-3.40608652161
470	-6.91043018532
471	-3.26802617422
472	-3.40608652161
473	-8.47097672624
474	-3.47088595914
475	-3.21296701169
476	-6.91043018532
477	-3.70794417201
478	-3.40608652161
479	-5.59411065584
480	-3.26802617422
481	-3.40608652161
482	-4.80651505614
483	-3.47088595914
484	-3.2808513742
485	-6.69811500685
486	-3.47088595914
487	-3.64685559975
488	-16.412947065
