#Site	lnL	
0	-3.94741061316
1	-3.88057170056
2	-13.9203566449
3	-3.91308715726
4	-4.31001634207
5	-9.73765012937
6	-3.91308715726
7	-3.85035594146
8	-6.1377710582
9	-3.91308715726
10	-4.31001634207
11	-7.29393481016
12	-3.91308715726
13	-3.88057170056
14	-14.1862337523
15	-19.706770018
16	-4.31001634207
17	-11.6841719546
18	-4.31535031178
19	-3.88057170056
20	-10.1002419792
21	-3.94741061316
22	-3.88057170056
23	-10.7682819725
24	-21.1923737313
25	-4.22681649799
26	-5.9681798065
27	-3.91308715726
28	-4.31001634207
29	-14.8714848774
30	-4.31535031178
31	-4.31001634207
32	-10.3483442169
33	-4.40090545077
34	-3.85035594146
35	-6.1377710582
36	-4.40090545077
37	-4.22681649799
38	-7.48026874228
39	-3.91308715726
40	-3.85035594146
41	-7.49151421572
42	-3.94741061316
43	-4.31001634207
44	-5.9681798065
45	-3.94741061316
46	-4.22681649799
47	-7.49151421572
48	-3.94741061316
49	-3.85035594146
50	-11.5036692012
51	-3.94741061316
52	-3.88057170056
53	-9.43769604585
54	-4.40090545077
55	-3.85035594146
56	-10.6830787063
57	-8.40468441081
58	-3.88057170056
59	-13.1393535728
60	-3.91308715726
61	-3.85035594146
62	-8.20314024234
63	-3.91308715726
64	-4.31001634207
65	-9.88617658807
66	-4.40090545077
67	-3.85035594146
68	-8.34544322562
69	-4.40090545077
70	-3.85035594146
71	-7.47936757703
72	-4.31535031178
73	-3.85035594146
74	-11.0654740854
75	-4.40090545077
76	-3.88057170056
77	-9.22074541807
78	-18.0382559089
79	-3.85035594146
80	-17.9626010672
81	-4.31535031178
82	-3.85035594146
83	-10.7297278213
84	-4.31535031178
85	-4.31001634207
86	-12.4018992013
87	-4.31535031178
88	-3.88057170056
89	-10.8974753939
90	-3.94741061316
91	-4.31001634207
92	-12.949029594
93	-3.91308715726
94	-4.31001634207
95	-14.5901477592
96	-3.91308715726
97	-4.31001634207
98	-15.2183897832
99	-3.94741061316
100	-3.88057170056
101	-5.9681798065
102	-3.94741061316
103	-4.22681649799
104	-6.1377710582
105	-3.94741061316
106	-3.85035594146
107	-20.9303375687
108	-3.94741061316
109	-3.88057170056
110	-6.1377710582
111	-4.31535031178
112	-4.31001634207
113	-5.9681798065
114	-3.94741061316
115	-3.85035594146
116	-6.1377710582
117	-3.91308715726
118	-3.88057170056
119	-7.29393481016
120	-3.91308715726
121	-4.22681649799
122	-6.1377710582
123	-4.40090545077
124	-3.85035594146
125	-5.9681798065
126	-4.40090545077
127	-3.88057170056
128	-5.9681798065
129	-3.94741061316
130	-4.22681649799
131	-7.40419562595
132	-4.31535031178
133	-3.88057170056
134	-15.3850482299
135	-4.31535031178
136	-9.28741508804
137	-19.3868312411
138	-4.40090545077
139	-3.85035594146
140	-5.9681798065
141	-4.40090545077
142	-4.22681649799
143	-10.3724743025
144	-4.31535031178
145	-3.88057170056
146	-5.9681798065
147	-3.94741061316
148	-3.85035594146
149	-10.8223194486
150	-3.91308715726
151	-3.88057170056
152	-14.0155696723
153	-3.94741061316
154	-4.31001634207
155	-10.8974086632
156	-3.94741061316
157	-3.85035594146
158	-12.4718373944
159	-3.94741061316
160	-4.22681649799
161	-11.5753392541
162	-4.40090545077
163	-3.85035594146
164	-8.91097165365
165	-3.91308715726
166	-3.88057170056
167	-9.06200796559
168	-3.94741061316
169	-4.31001634207
170	-5.9681798065
171	-12.8668623378
172	-3.88057170056
173	-6.1377710582
174	-3.91308715726
175	-3.88057170056
176	-5.9681798065
177	-4.31535031178
178	-12.6715882278
179	-11.8803498635
180	-4.40090545077
181	-4.22681649799
182	-11.8135498537
183	-3.91308715726
184	-4.31001634207
185	-14.9067493852
186	-4.31535031178
187	-3.88057170056
188	-7.47936757703
189	-9.22365314865
190	-3.85035594146
191	-9.44303206957
192	-8.35681885559
193	-11.9600971067
194	-8.49383095756
195	-3.91308715726
196	-3.85035594146
197	-6.1377710582
198	-3.94741061316
199	-3.88057170056
200	-12.5276836037
201	-3.91308715726
202	-3.88057170056
203	-7.47936757703
204	-4.31535031178
205	-4.22681649799
206	-8.50344798104
207	-3.94741061316
208	-4.22681649799
209	-12.730840462
210	-8.5432506074
211	-3.85035594146
212	-13.3498773578
213	-4.40090545077
214	-3.88057170056
215	-8.20314024234
216	-4.31535031178
217	-3.88057170056
218	-12.277323263
219	-3.91308715726
220	-3.85035594146
221	-7.48026874228
222	-3.94741061316
223	-3.88057170056
224	-10.6730628538
225	-4.40090545077
226	-4.22681649799
227	-6.1377710582
228	-3.94741061316
229	-3.88057170056
230	-10.983195497
231	-4.40090545077
232	-3.85035594146
233	-12.1658986781
234	-4.31535031178
235	-3.88057170056
236	-12.707355259
237	-3.94741061316
238	-4.22681649799
239	-11.0959011117
240	-3.94741061316
241	-4.22681649799
242	-7.51552286406
243	-3.94741061316
244	-4.31001634207
245	-14.67461653
246	-4.40090545077
247	-3.88057170056
248	-8.83926875207
249	-12.8668623378
250	-3.85035594146
251	-5.9681798065
252	-3.94741061316
253	-3.85035594146
254	-9.23725675415
255	-3.94741061316
256	-4.31001634207
257	-7.48026874228
258	-3.91308715726
259	-4.31001634207
260	-8.49383095756
261	-4.40090545077
262	-4.22681649799
263	-13.475790629
264	-3.91308715726
265	-4.22681649799
266	-10.1901756678
267	-4.40090545077
268	-9.30157433712
269	-11.4957397215
270	-4.40090545077
271	-4.31001634207
272	-8.68809840226
273	-4.31535031178
274	-4.31001634207
275	-7.49151421572
276	-3.91308715726
277	-3.85035594146
278	-6.1377710582
279	-3.91308715726
280	-3.88057170056
281	-5.9681798065
282	-4.31535031178
283	-4.31001634207
284	-7.94838506221
285	-8.40468441081
286	-9.30157433712
287	-13.0502929906
288	-3.91308715726
289	-3.88057170056
290	-10.3483442169
291	-3.91308715726
292	-4.22681649799
293	-9.4777498842
294	-4.31535031178
295	-3.88057170056
296	-6.1377710582
297	-3.91308715726
298	-3.85035594146
299	-8.36023261339
300	-4.31535031178
301	-4.31001634207
302	-7.49151421572
303	-4.31535031178
304	-4.22681649799
305	-5.9681798065
306	-3.94741061316
307	-3.85035594146
308	-8.63795784039
309	-3.94741061316
310	-3.85035594146
311	-10.4351847608
312	-9.84892905419
313	-3.88057170056
314	-16.2943187824
315	-9.22365314865
316	-4.22681649799
317	-13.7078731519
318	-4.31535031178
319	-4.22681649799
320	-8.91097165365
321	-3.91308715726
322	-3.85035594146
323	-6.1377710582
324	-3.94741061316
325	-3.85035594146
326	-11.82232582
327	-3.94741061316
328	-3.88057170056
329	-13.3506432602
330	-3.94741061316
331	-3.85035594146
332	-14.262333995
333	-4.31535031178
334	-4.31001634207
335	-11.7400592013
336	-8.28634562113
337	-4.31001634207
338	-9.14292812046
339	-13.4507897745
340	-3.88057170056
341	-8.57033005447
342	-4.40090545077
343	-4.22681649799
344	-10.8725178233
345	-3.94741061316
346	-4.22681649799
347	-7.29393481016
348	-11.5807446505
349	-3.85035594146
350	-8.04630976843
351	-4.31535031178
352	-3.88057170056
353	-7.47936757703
354	-4.31535031178
355	-3.88057170056
356	-8.82536736234
357	-3.91308715726
358	-3.85035594146
359	-9.63751388456
360	-3.94741061316
361	-3.85035594146
362	-11.3551571719
363	-3.94741061316
364	-9.30157433712
365	-7.48026874228
366	-4.40090545077
367	-3.88057170056
368	-12.5276860541
369	-3.94741061316
370	-3.88057170056
371	-8.20314024234
372	-3.91308715726
373	-3.85035594146
374	-10.9597286477
375	-4.40090545077
376	-3.85035594146
377	-7.51552286406
378	-4.31535031178
379	-4.31001634207
380	-14.8517879576
381	-4.40090545077
382	-3.88057170056
383	-7.29393481016
384	-10.9990441254
385	-3.85035594146
386	-6.1377710582
387	-3.94741061316
388	-9.14859281819
389	-11.1500755409
390	-3.91308715726
391	-3.88057170056
392	-7.29393481016
393	-4.40090545077
394	-4.31001634207
395	-8.20314024234
396	-4.31535031178
397	-3.88057170056
398	-6.1377710582
399	-4.31535031178
400	-3.85035594146
401	-15.3019253199
402	-3.91308715726
403	-3.88057170056
404	-8.50344798104
405	-4.40090545077
406	-3.88057170056
407	-13.3303133306
408	-4.31535031178
409	-3.88057170056
410	-5.9681798065
411	-4.40090545077
412	-4.22681649799
413	-17.4934992817
414	-3.94741061316
415	-3.85035594146
416	-10.4428419246
417	-4.31535031178
418	-3.88057170056
419	-7.29393481016
420	-3.94741061316
421	-3.88057170056
422	-7.59230448826
423	-3.94741061316
424	-4.31001634207
425	-16.319759184
426	-3.94741061316
427	-3.85035594146
428	-13.4544070861
429	-4.31535031178
430	-4.22681649799
431	-13.6346266502
432	-4.40090545077
433	-4.22681649799
434	-5.9681798065
435	-9.23550527269
436	-3.88057170056
437	-6.1377710582
438	-3.91308715726
439	-3.88057170056
440	-9.21014077036
441	-8.44732306196
442	-4.22681649799
443	-7.29393481016
444	-4.31535031178
445	-3.85035594146
446	-9.66762004699
447	-3.94741061316
448	-3.85035594146
449	-9.01714627877
450	-4.31535031178
451	-4.31001634207
452	-5.9681798065
453	-3.94741061316
454	-3.85035594146
455	-7.29393481016
456	-4.40090545077
457	-3.88057170056
458	-7.29393481016
459	-3.94741061316
460	-3.85035594146
461	-7.40419562595
462	-4.31535031178
463	-3.88057170056
464	-8.36023261339
465	-4.31535031178
466	-3.88057170056
467	-12.6689205723
468	-4.40090545077
469	-4.22681649799
470	-12.1279491866
471	-3.94741061316
472	-3.88057170056
473	-18.1051145942
474	-3.91308715726
475	-3.88057170056
476	-7.40419562595
477	-4.31535031178
478	-4.22681649799
479	-10.5188360681
480	-4.40090545077
481	-3.85035594146
482	-6.1377710582
483	-16.8865966866
484	-11.0384424365
485	-15.4657403119
486	-3.91308715726
487	-4.31001634207
488	-10.1002419792
