#Site	lnL	
0	-4.73218991215
1	-4.65606306928
2	-18.3755330138
3	-4.90767032298
4	-4.83306789418
5	-13.8405773411
6	-4.44325626315
7	-4.39128520739
8	-17.4200530897
9	-4.44325626315
10	-4.65606306928
11	-18.9325053316
12	-4.44325626315
13	-4.36537675626
14	-11.3452241535
15	-4.44325626315
16	-20.4391838899
17	-10.3978268474
18	-4.42510598128
19	-4.39128520739
20	-12.6667161729
21	-4.73218991215
22	-4.39128520739
23	-6.84933448232
24	-4.90767032298
25	-4.39128520739
26	-10.201034251
27	-4.44325626315
28	-9.754778137
29	-10.3978268474
30	-4.44325626315
31	-4.83306789418
32	-10.3776804417
33	-4.42510598128
34	-4.65606306928
35	-6.84933448232
36	-4.44325626315
37	-4.39128520739
38	-6.58029171069
39	-4.44325626315
40	-4.65606306928
41	-12.0091364691
42	-4.42510598128
43	-4.36537675626
44	-12.0148345212
45	-4.44325626315
46	-4.83306789418
47	-14.9796697485
48	-4.44325626315
49	-4.65606306928
50	-6.84933448232
51	-4.44325626315
52	-4.65606306928
53	-12.4183368912
54	-4.44325626315
55	-4.65606306928
56	-9.8153585223
57	-4.44325626315
58	-4.83306789418
59	-11.7994347331
60	-14.8190388577
61	-4.83306789418
62	-8.09161432195
63	-4.73218991215
64	-4.83306789418
65	-11.1542636893
66	-4.73218991215
67	-4.39128520739
68	-10.6771587484
69	-4.44325626315
70	-4.39128520739
71	-6.58029171069
72	-10.4296667935
73	-4.83306789418
74	-10.1643001797
75	-4.42510598128
76	-4.83306789418
77	-6.84933448232
78	-4.44325626315
79	-4.83306789418
80	-6.58029171069
81	-4.44325626315
82	-4.36537675626
83	-8.46493149529
84	-4.73218991215
85	-4.83306789418
86	-13.9403769668
87	-4.90767032298
88	-4.83306789418
89	-9.93219039663
90	-4.42510598128
91	-4.65606306928
92	-10.5877135039
93	-4.44325626315
94	-4.39128520739
95	-6.84933448232
96	-4.90767032298
97	-4.36537675626
98	-11.6199481982
99	-4.90767032298
100	-4.39128520739
101	-8.74451720562
102	-4.73218991215
103	-4.65606306928
104	-9.63617021455
105	-4.42510598128
106	-4.65606306928
107	-8.06870959324
108	-4.42510598128
109	-4.39128520739
110	-8.06870959324
111	-4.42510598128
112	-4.83306789418
113	-6.84933448232
114	-10.1317900183
115	-4.83306789418
116	-8.46493149529
117	-4.44325626315
118	-4.83306789418
119	-6.84933448232
120	-4.42510598128
121	-4.39128520739
122	-10.1654410677
123	-4.44325626315
124	-4.36537675626
125	-7.95296956708
126	-4.42510598128
127	-4.36537675626
128	-8.50115866946
129	-4.44325626315
130	-4.83306789418
131	-12.4191033201
132	-4.90767032298
133	-14.1725601861
134	-10.3784820549
135	-4.73218991215
136	-4.36537675626
137	-11.522982024
138	-9.98593742481
139	-4.36537675626
140	-13.0071012329
141	-4.44325626315
142	-4.39128520739
143	-10.3181196445
144	-4.44325626315
145	-4.39128520739
146	-9.63617021455
147	-4.42510598128
148	-4.39128520739
149	-12.8860041542
150	-4.44325626315
151	-4.39128520739
152	-9.26920881099
153	-4.44325626315
154	-4.39128520739
155	-8.96933421718
156	-4.90767032298
157	-4.39128520739
158	-13.1276313046
159	-4.42510598128
160	-4.83306789418
161	-6.58029171069
162	-4.73218991215
163	-4.83306789418
164	-12.5835011711
165	-4.90767032298
166	-4.65606306928
167	-6.58029171069
168	-10.2298785771
169	-4.83306789418
170	-15.4124229758
171	-4.90767032298
172	-4.36537675626
173	-10.786509195
174	-4.73218991215
175	-12.1744025999
176	-7.95296956708
177	-4.44325626315
178	-4.36537675626
179	-8.96275875655
180	-4.90767032298
181	-4.39128520739
182	-16.3147719726
183	-4.90767032298
184	-4.39128520739
185	-10.5611444737
186	-4.73218991215
187	-4.36537675626
188	-6.84933448232
189	-4.42510598128
190	-4.36537675626
191	-9.18364854583
192	-4.44325626315
193	-13.3443635857
194	-13.9670589445
195	-13.9373589335
196	-4.39128520739
197	-10.1059422062
198	-4.42510598128
199	-4.39128520739
200	-6.58029171069
201	-4.73218991215
202	-4.36537675626
203	-8.09161432195
204	-4.42510598128
205	-4.39128520739
206	-6.84933448232
207	-4.42510598128
208	-4.36537675626
209	-10.786509195
210	-4.73218991215
211	-4.65606306928
212	-9.80781068717
213	-4.73218991215
214	-4.65606306928
215	-8.96933421718
216	-4.44325626315
217	-20.7366040552
218	-9.39185735402
219	-4.73218991215
220	-4.39128520739
221	-8.09161432195
222	-4.44325626315
223	-4.36537675626
224	-8.96275875655
225	-4.73218991215
226	-4.36537675626
227	-7.91102989574
228	-4.73218991215
229	-4.83306789418
230	-9.50215551892
231	-4.90767032298
232	-4.36537675626
233	-10.1654410677
234	-4.42510598128
235	-4.65606306928
236	-16.2720291604
237	-4.42510598128
238	-4.39128520739
239	-6.58029171069
240	-4.90767032298
241	-4.65606306928
242	-6.58029171069
243	-4.90767032298
244	-4.36537675626
245	-8.09161432195
246	-4.90767032298
247	-4.39128520739
248	-9.3518145439
249	-4.42510598128
250	-4.39128520739
251	-10.9984600521
252	-8.78740643101
253	-4.39128520739
254	-11.5346178598
255	-4.44325626315
256	-4.36537675626
257	-8.09161432195
258	-4.73218991215
259	-4.36537675626
260	-9.07444295232
261	-4.90767032298
262	-4.65606306928
263	-8.09161432195
264	-4.42510598128
265	-4.83306789418
266	-10.893722927
267	-4.42510598128
268	-4.65606306928
269	-6.84933448232
270	-4.44325626315
271	-4.83306789418
272	-11.4673335365
273	-4.44325626315
274	-17.1040952886
275	-6.84933448232
276	-4.73218991215
277	-4.39128520739
278	-6.58029171069
279	-9.20467064239
280	-4.36537675626
281	-6.84933448232
282	-4.90767032298
283	-4.39128520739
284	-10.0195355355
285	-4.44325626315
286	-4.83306789418
287	-8.6598695494
288	-4.44325626315
289	-4.39128520739
290	-10.786509195
291	-4.73218991215
292	-4.39128520739
293	-6.84933448232
294	-4.90767032298
295	-4.36537675626
296	-10.4975753066
297	-4.44325626315
298	-4.83306789418
299	-12.8642281146
300	-13.084323533
301	-9.33753970676
302	-9.31010793721
303	-4.73218991215
304	-4.65606306928
305	-13.0256824688
306	-4.42510598128
307	-11.9522224529
308	-8.42868329759
309	-4.42510598128
310	-4.36537675626
311	-6.58029171069
312	-4.90767032298
313	-9.54883767056
314	-8.6598695494
315	-4.90767032298
316	-4.83306789418
317	-6.84933448232
318	-4.44325626315
319	-9.7272663778
320	-9.39525732679
321	-4.42510598128
322	-4.65606306928
323	-8.40482638792
324	-4.90767032298
325	-4.39128520739
326	-8.74451720562
327	-10.2875580554
328	-4.36537675626
329	-11.9244465821
330	-4.42510598128
331	-4.36537675626
332	-10.7551944851
333	-4.42510598128
334	-4.39128520739
335	-12.4206832798
336	-4.42510598128
337	-4.39128520739
338	-9.86471877159
339	-4.73218991215
340	-4.65606306928
341	-8.50115866946
342	-4.44325626315
343	-4.36537675626
344	-8.05172495307
345	-4.42510598128
346	-4.36537675626
347	-13.9670589445
348	-4.44325626315
349	-4.83306789418
350	-10.3784820549
351	-4.73218991215
352	-4.39128520739
353	-14.1336244719
354	-10.9085290939
355	-4.36537675626
356	-12.1720998514
357	-4.90767032298
358	-4.36537675626
359	-6.84933448232
360	-4.90767032298
361	-4.83306789418
362	-12.9976074205
363	-4.44325626315
364	-4.83306789418
365	-28.0617004284
366	-4.90767032298
367	-4.36537675626
368	-15.3222513132
369	-4.44325626315
370	-4.65606306928
371	-7.95296956708
372	-4.42510598128
373	-4.36537675626
374	-6.84933448232
375	-4.42510598128
376	-4.39128520739
377	-8.01865878483
378	-4.44325626315
379	-4.83306789418
380	-10.0195355355
381	-4.90767032298
382	-4.39128520739
383	-9.70674730402
384	-4.44325626315
385	-4.65606306928
386	-8.74451720562
387	-4.42510598128
388	-4.36537675626
389	-22.6389707708
390	-4.42510598128
391	-4.39128520739
392	-11.6313200391
393	-4.90767032298
394	-14.0182523599
395	-6.84933448232
396	-4.42510598128
397	-13.9129387381
398	-18.1430040804
399	-4.90767032298
400	-4.36537675626
401	-10.5611444737
402	-4.42510598128
403	-4.39128520739
404	-8.74451720562
405	-4.44325626315
406	-4.65606306928
407	-6.84933448232
408	-4.73218991215
409	-4.65606306928
410	-15.4349266574
411	-4.90767032298
412	-4.83306789418
413	-12.1010490493
414	-4.73218991215
415	-4.83306789418
416	-8.42868329759
417	-4.44325626315
418	-4.39128520739
419	-9.80781068717
420	-14.9973719212
421	-4.83306789418
422	-18.3132316513
423	-4.42510598128
424	-9.754778137
425	-17.1249112173
426	-4.42510598128
427	-4.36537675626
428	-11.1134456636
429	-4.73218991215
430	-4.65606306928
431	-9.29559713543
432	-4.42510598128
433	-4.39128520739
434	-6.84933448232
435	-17.270650528
436	-4.39128520739
437	-11.8975818013
438	-4.90767032298
439	-10.3177596864
440	-6.58029171069
441	-4.42510598128
442	-4.83306789418
443	-10.201034251
444	-4.42510598128
445	-4.65606306928
446	-11.899183055
447	-4.90767032298
448	-4.65606306928
449	-12.1456356935
450	-4.42510598128
451	-4.39128520739
452	-6.58029171069
453	-4.44325626315
454	-4.83306789418
455	-9.07444295232
456	-4.44325626315
457	-4.83306789418
458	-6.84933448232
459	-4.42510598128
460	-4.65606306928
461	-11.1842417564
462	-4.73218991215
463	-4.36537675626
464	-13.998223119
465	-4.90767032298
466	-4.36537675626
467	-9.31010793721
468	-4.44325626315
469	-4.65606306928
470	-14.001321085
471	-4.42510598128
472	-4.65606306928
473	-11.4638883995
474	-4.90767032298
475	-4.36537675626
476	-7.95296956708
477	-4.73218991215
478	-4.39128520739
479	-6.58029171069
480	-4.44325626315
481	-4.83306789418
482	-11.7416985175
483	-4.90767032298
484	-4.83306789418
485	-11.4349736674
486	-4.90767032298
487	-4.36537675626
488	-10.8691826587
