# log_p 	 lnL 	 
0.0	-1707.98152485	
-0.287682072452	-1707.97139417	
-0.510825623766	-1707.99158928	
-0.69314718056	-1708.0295878	
-0.847297860387	-1708.07677059	
-0.980829253012	-1708.12820255	
-1.09861228867	-1708.18105952	
-1.20397280433	-1708.23371153	
-1.29928298413	-1708.28522476	
-1.38629436112	-1708.33508028	
-1.46633706879	-1708.38300911	
-1.54044504095	-1708.42889327	
-1.60943791243	-1708.47270577	
-1.67397643357	-1708.51447392	
-1.73460105539	-1708.55425682	
-1.79175946923	-1708.59213145	
-1.8458266905	-1708.62818414	
-1.89711998489	-1708.66250528	
-1.94591014906	-1708.69518596	
-1.99243016469	-1708.72631606	
-2.03688192726	-1708.75598295	
-2.07944154168	-1708.78427082	
-2.1202635362	-1708.81126024	
-2.15948424935	-1708.83702802	
-2.19722457734	-1708.86164708	
-2.23359222151	-1708.88518655	
-2.26868354132	-1708.90771178	
-2.30258509299	-1708.92928449	
-2.33537491582	-1708.94996289	
-2.36712361413	-1708.96980181	
-2.3978952728	-1708.98885289	
-2.42774823595	-1709.00716467	
-2.45673577282	-1709.0247828	
-2.48490664979	-1709.04175014	
-2.51230562398	-1709.05810696	
-2.53897387106	-1709.07389102	
-2.56494935746	-1709.08913775	
-2.59026716545	-1709.10388034	
-2.61495977804	-1709.11814991	
-2.63905732962	-1709.13197561	
-2.66258782703	-1709.14538472	
-2.68557734525	-1709.15840278	
-2.7080502011	-1709.17105368	
-2.73002910782	-1709.18335976	
-2.75153531304	-1709.19534191	
-2.77258872224	-1709.20701965	
-2.79320800944	-1709.21841124	
-2.81341071676	-1709.22953371	
-2.83321334406	-1709.24040299	
-2.85263142991	-1709.25103392	
-2.87167962488	-1709.26144038	
-2.8903717579	-1709.27163532	
-2.90872089656	-1709.2816308	
-2.92673940207	-1709.29143811	
-2.94443897917	-1709.30106774	
-2.96183072188	-1709.31052949	
-2.97892515524	-1709.31983249	
-2.99573227355	-1709.32898527	
-3.01226157551	-1709.33799575	
-3.02852209638	-1709.34687134	
-3.04452243772	-1709.35561893	
-3.06027079469	-1709.36424493	
-3.07577498123	-1709.37275532	
-3.09104245336	-1709.38115569	
-3.10608033072	-1709.38945122	
-3.12089541651	-1709.39764674	
-3.13549421593	-1709.40574675	
-3.14988295338	-1709.41375544	
-3.16406758837	-1709.42167672	
-3.17805383035	-1709.42951422	
-3.19184715248	-1709.43727131	
-3.20545280454	-1709.44495116	
-3.21887582487	-1709.45255668	
-3.23212105162	-1709.46009062	
-3.24519313319	-1709.4675555	
-3.25809653802	-1709.47495371	
-3.2708355638	-1709.48228743	
-3.28341434601	-1709.48955872	
-3.295836866	-1709.49676949	
-3.3081069586	-1709.50392152	
-3.32022831913	-1709.51101647	
-3.33220451018	-1709.51805587	
-3.34403896782	-1709.52504116	
-3.35573500759	-1709.53197369	
-3.36729582999	-1709.5388547	
-3.37872452581	-1709.54568535	
-3.39002408106	-1709.55246673	
-3.40119738166	-1709.55919986	
-3.41224721785	-1709.56588567	
-3.42317628838	-1709.57252504	
-3.43398720449	-1709.57911881	
-3.4446824936	-1709.58566773	
-3.45526460293	-1709.59217254	
-3.4657359028	-1709.5986339	
-3.47609868984	-1709.60505244	
-3.48635519	-1709.61142875	
-3.49650756147	-1709.61776338	
-3.50655789732	-1709.62405686	
-3.51650822817	-1709.63030967	
-3.52636052462	-1709.63652227	
-3.53611669956	-1709.6426951	
-3.54577861047	-1709.64882855	
-3.55534806149	-1709.65492302	
-3.56482680544	-1709.66097886	
-3.57421654579	-1709.66699643	
-3.58351893846	-1709.67297603	
-3.59273559356	-1709.678918	
-3.60186807712	-1709.68482261	
-3.61091791264	-1709.69069015	
-3.61988658263	-1709.69652088	
-3.62877553004	-1709.70231507	
-3.63758615973	-1709.70807295	
-3.6463198397	-1709.71379477	
-3.65497790244	-1709.71948074	
-3.66356164613	-1709.72513109	
-3.6720723358	-1709.73074603	
-3.68051120444	-1709.73632576	
-3.68887945411	-1709.74187047	
-3.69717825693	-1709.74738037	
-3.70540875607	-1709.75285563	
-3.7135720667	-1709.75829645	
-3.72166927694	-1709.76370299	
-3.72970144863	-1709.76907544	
-3.73766961828	-1709.77441397	
-3.74557479779	-1709.77971874	
-3.75341797525	-1709.78498992	
-3.76120011569	-1709.79022768	
-3.76892216179	-1709.79543218	
-3.77658503453	-1709.80060357	
-3.78418963392	-1709.80574202	
-3.79173683955	-1709.81084769	
-3.79922751128	-1709.81592073	
-3.80666248977	-1709.8209613	
-3.81404259707	-1709.82596955	
-3.82136863716	-1709.83094563	
-3.82864139649	-1709.8358897	
-3.83586164446	-1709.84080192	
-3.84303013394	-1709.84568244	
-3.85014760171	-1709.8505314	
-3.85721476893	-1709.85534897	
-3.86423234159	-1709.86013529	
-3.87120101091	-1709.86489052	
-3.87812145375	-1709.86961482	
-3.88499433304	-1709.87430832	
-3.89182029811	-1709.8789712	
-3.8985999851	-1709.8836036	
-3.90533401728	-1709.88820568	
-3.91202300543	-1709.89277759	
-3.91866754815	-1709.89731948	
-3.92526823218	-1709.90183152	
-3.93182563272	-1709.90631385	
-3.93834031375	-1709.91076664	
-3.94481282825	-1709.91519003	
-3.95124371858	-1709.9195842	
-3.95763351668	-1709.92394929	
-3.96398274436	-1709.92828546	
-3.97029191355	-1709.93259287	
-3.97656152657	-1709.93687167	
-3.98279207632	-1709.94112204	
-3.98898404656	-1709.94534412	
-3.99513791214	-1709.94953808	
-4.00125413916	-1709.95370408	
-4.00733318523	-1709.95784227	
-4.01337549969	-1709.96195282	
-4.01938152375	-1709.96603589	
-4.02535169074	-1709.97009163	
-4.03128642625	-1709.97412022	
-4.03718614838	-1709.97812181	
-4.04305126783	-1709.98209657	
-4.04888218815	-1709.98604465	
-4.05467930583	-1709.98996622	
-4.06044301055	-1709.99386144	
-4.06617368526	-1709.99773048	
-4.07187170637	-1710.00157349	
-4.07753744391	-1710.00539064	
-4.08317126162	-1710.00918209	
-4.08877351717	-1710.01294801	
-4.09434456222	-1710.01668855	
-4.0998847426	-1710.02040389	
-4.10539439841	-1710.02409418	
-4.11087386417	-1710.02775958	
-4.11632346894	-1710.03140027	
-4.12174353641	-1710.03501639	
-4.12713438505	-1710.03860812	
-4.13249632819	-1710.04217561	
-4.13782967416	-1710.04571903	
-4.14313472639	-1710.04923854	
-4.14841178349	-1710.0527343	
-4.15366113938	-1710.05620647	
-4.15888308336	-1710.05965521	
-4.16407790024	-1710.06308069	
-4.1692458704	-1710.06648307	
-4.1743872699	-1710.06986249	
-4.17950237056	-1710.07321914	
-4.18459144007	-1710.07655315	
-4.18965474203	-1710.0798647	
-4.19469253606	-1710.08315395	
-4.19970507788	-1710.08642104	
-4.20469261939	-1710.08966614	
-4.20965540873	-1710.0928894	
-4.21459369037	-1710.09609099	
-4.21950770518	-1710.09927106	
-4.22439769047	-1710.10242976	
-4.22926388012	-1710.10556725	
-4.2341065046	-1710.10868368	
-4.23892579103	-1710.11177922	
-4.2437219633	-1710.114854	
-4.24849524205	-1710.1179082	
-4.25324584481	-1710.12094195	
-4.257973986	-1710.12395542	
-4.26267987704	-1710.12694874	
-4.26736372635	-1710.12992208	
-4.27202573946	-1710.13287559	
-4.27666611902	-1710.1358094	
-4.28128506487	-1710.13872368	
-4.28588277412	-1710.14161857	
-4.29045944115	-1710.14449421	
-4.29501525768	-1710.14735077	
-4.29955041285	-1710.15018837	
-4.3040650932	-1710.15300716	
-4.30855948279	-1710.1558073	
-4.31303376319	-1710.15858893	
-4.31748811354	-1710.16135218	
-4.3219227106	-1710.1640972	
-4.32633772881	-1710.16682414	
-4.33073334029	-1710.16953313	
-4.33510971489	-1710.17222432	
-4.33946702026	-1710.17489783	
-4.34380542185	-1710.17755383	
-4.348125083	-1710.18019243	
-4.3524261649	-1710.18281378	
-4.35670882669	-1710.18541802	
-4.36097322548	-1710.18800527	
-4.36521951636	-1710.19057569	
-4.36944785247	-1710.19312939	
-4.373658385	-1710.19566651	
-4.37785126326	-1710.19818719	
-4.38202663467	-1710.20069156	
-4.38618464482	-1710.20317975	
-4.39032543749	-1710.20565189	
-4.39444915467	-1710.2081081	
-4.39855593663	-1710.21054852	
-4.40264592188	-1710.21297328	
-4.40671924726	-1710.21538249	
-4.41077604796	-1710.2177763	
-4.4148164575	-1710.22015482	
-4.4188406078	-1710.22251817	
-4.42284862919	-1710.22486649	
-4.42684065046	-1710.22719988	
-4.43081679884	-1710.22951849	
-4.43477720006	-1710.23182242	
-4.43872197835	-1710.2341118	
-4.44265125649	-1710.23638675	
-4.44656515581	-1710.23864738	
-4.45046379623	-1710.24089382	
-4.45434729625	-1710.24312617	
-4.45821577303	-1710.24534457	
-4.46206934235	-1710.24754912	
-4.46590811865	-1710.24973993	
-4.46973221509	-1710.25191713	
-4.47354174351	-1710.25408082	
-4.47733681448	-1710.25623111	
-4.48111753732	-1710.25836812	
-4.48488402011	-1710.26049197	
-4.48863636973	-1710.26260275	
-4.49237469184	-1710.26470058	
-4.49609909093	-1710.26678556	
-4.49980967033	-1710.2688578	
-4.50350653221	-1710.27091742	
-4.50718977763	-1710.27296451	
-4.51085950652	-1710.27499918	
-4.51451581772	-1710.27702154	
-4.518158809	-1710.27903168	
-4.52178857705	-1710.28102971	
-4.52540521752	-1710.28301574	
-4.52900882502	-1710.28498986	
-4.53259949315	-1710.28695217	
-4.5361773145	-1710.28890277	
-4.53974238067	-1710.29084177	
-4.54329478227	-1710.29276926	
-4.54683460898	-1710.29468533	
-4.55036194949	-1710.29659009	
-4.5538768916	-1710.29848363	
-4.55737952215	-1710.30036604	
-4.56086992709	-1710.30223742	
-4.56434819147	-1710.30409786	
-4.56781439944	-1710.30594745	
-4.57126863431	-1710.3077863	
-4.5747109785	-1710.30961448	
-4.5781415136	-1710.31143208	
-4.58156032035	-1710.31323921	
-4.58496747867	-1710.31503594	
-4.58836306767	-1710.31682237	
-4.59174716566	-1710.31859858	
-4.59511985013	-1710.32036466	
-4.59848119784	-1710.3221207	
-4.60183128472	-1710.32386677	
-4.60517018599	-1710.32560298	
-4.60849797608	-1710.32732939	
-4.61181472871	-1710.3290461	
-4.61512051684	-1710.33075318	
-4.61841541274	-1710.33245072	
-4.62169948794	-1710.3341388	
-4.62497281328	-1710.33581751	
-4.62823545892	-1710.33748691	
-4.63148749431	-1710.33914709	
-4.63472898823	-1710.34079813	
-4.63796000881	-1710.3424401	
-4.64118062351	-1710.34407309	
-4.64439089914	-1710.34569717	
-4.64759090187	-1710.34731241	
-4.65078069724	-1710.3489189	
-4.65396035016	-1710.3505167	
-4.65712992492	-1710.35210589	
-4.66028948521	-1710.35368655	
-4.66343909411	-1710.35525874	
-4.66657881412	-1710.35682254	
-4.66970870713	-1710.35837802	
-4.67282883446	-1710.35992525	
-4.67593925688	-1710.36146431	
-4.67904003455	-1710.36299525	
-4.68213122712	-1710.36451816	
-4.68521289366	-1710.3660331	
-4.6882850927	-1710.36754013	
-4.69134788223	-1710.36903933	
-4.69440131972	-1710.37053076	
-4.6974454621	-1710.37201449	
-4.70048036579	-1710.37349058	
-4.70350608671	-1710.3749591	
-4.70652268025	-1710.37642012	
-4.70953020131	-1710.37787369	
-4.71252870431	-1710.37931988	
-4.71551824316	-1710.38075875	
-4.7184988713	-1710.38219037	
-4.72147064168	-1710.3836148	
-4.72443360681	-1710.3850321	
-4.72738781871	-1710.38644233	
-4.73033332894	-1710.38784555	
-4.73327018862	-1710.38924181	
-4.73619844839	-1710.39063119	
-4.7391181585	-1710.39201373	
-4.74202936871	-1710.3933895	
-4.74493212836	-1710.39475855	
-4.74782648639	-1710.39612094	
-4.75071249128	-1710.39747672	
-4.75359019111	-1710.39882596	
-4.75645963353	-1710.40016871	
-4.75932086582	-1710.40150502	
-4.7621739348	-1710.40283495	
-4.76501888693	-1710.40415855	
-4.76785576827	-1710.40547587	
-4.77068462447	-1710.40678698	
-4.77350550081	-1710.40809191	
-4.77631844218	-1710.40939073	
-4.77912349311	-1710.41068349	
-4.78192069773	-1710.41197023	
-4.78471009982	-1710.41325101	
-4.78749174278	-1710.41452587	
-4.79026566966	-1710.41579488	
-4.79303192316	-1710.41705807	
-4.7957905456	-1710.4183155	
-4.79854157897	-1710.41956721	
-4.80128506491	-1710.42081326	
-4.80402104473	-1710.42205368	
-4.80674955939	-1710.42328854	
-4.8094706495	-1710.42451787	
-4.81218435537	-1710.42574172	
-4.81489071697	-1710.42696014	
-4.81758977394	-1710.42817317	
-4.82028156561	-1710.42938086	
-4.82296613098	-1710.43058325	
-4.82564350875	-1710.4317804	
-4.8283137373	-1710.43297233	
-4.83097685472	-1710.4341591	
-4.83363289878	-1710.43534075	
-4.83628190695	-1710.43651732	
-4.83892391641	-1710.43768885	
-4.84155896405	-1710.43885539	
-4.84418708646	-1710.44001697	
-4.84680831994	-1710.44117365	
-4.84942270051	-1710.44232546	
-4.85203026392	-1710.44347243	
-4.85463104562	-1710.44461462	
-4.8572250808	-1710.44575206	
-4.85981240436	-1710.44688479	
-4.86239305096	-1710.44801285	
-4.86496705495	-1710.44913628	
-4.86753445046	-1710.45025511	
-4.87009527132	-1710.45136939	
-4.87264955112	-1710.45247915	
-4.8751973232	-1710.45358443	
-4.87773862063	-1710.45468527	
-4.88027347623	-1710.45578171	
-4.88280192259	-1710.45687377	
-4.88532399202	-1710.4579615	
-4.88783971662	-1710.45904493	
-4.89034912822	-1710.4601241	
-4.89285225844	-1710.46119905	
-4.89534913864	-1710.4622698	
-4.89783979995	-1710.46333639	
-4.90032427328	-1710.46439886	
-4.90280258929	-1710.46545724	
-4.90527477844	-1710.46651156	
-4.90774087093	-1710.46756186	
-4.91020089677	-1710.46860817	
-4.91265488574	-1710.46965052	
-4.91510286737	-1710.47068895	
-4.91754487103	-1710.47172349	
-4.91998092583	-1710.47275416	
-4.92241106068	-1710.47378101	
-4.92483530429	-1710.47480406	
-4.92725368516	-1710.47582334	
-4.92966623156	-1710.47683888	
-4.93207297159	-1710.47785072	
-4.93447393313	-1710.47885888	
-4.93686914386	-1710.47986339	
-4.93925863125	-1710.48086429	
-4.94164242261	-1710.4818616	
-4.94402054501	-1710.48285535	
-4.94639302537	-1710.48384558	
-4.94875989038	-1710.4848323	
-4.95112116656	-1710.48581555	
-4.95347688026	-1710.48679535	
-4.9558270576	-1710.48777174	
-4.95817172456	-1710.48874474	
-4.96051090691	-1710.48971438	
-4.96284463026	-1710.49068068	
-4.96517292002	-1710.49164367	
-4.96749580144	-1710.49260338	
-4.96981329958	-1710.49355984	
-4.97212543933	-1710.49451307	
-4.97443224543	-1710.49546309	
-4.97673374242	-1710.49640994	
-4.97902995468	-1710.49735363	
-4.98132090643	-1710.49829419	
-4.98360662171	-1710.49923166	
-4.98588712441	-1710.50016604	
-4.98816243824	-1710.50109737	
-4.99043258678	-1710.50202568	
-4.99269759341	-1710.50295097	
-4.99495748138	-1710.50387329	
-4.99721227376	-1710.50479265	
-4.9994619935	-1710.50570907	
-5.00170666335	-1710.50662259	
-5.00394630595	-1710.50753321	
-5.00618094375	-1710.50844097	
-5.00841059907	-1710.50934589	
-5.0106352941	-1710.51024799	
-5.01285505083	-1710.51114729	
-5.01506989116	-1710.51204381	
-5.01727983681	-1710.51293758	
-5.01948490937	-1710.51382861	
-5.02168513028	-1710.51471694	
-5.02388052085	-1710.51560257	
-5.02607110223	-1710.51648553	
-5.02825689545	-1710.51736585	
-5.03043792139	-1710.51824354	
-5.03261420082	-1710.51911862	
-5.03478575433	-1710.51999111	
-5.03695260241	-1710.52086103	
-5.03911476542	-1710.52172841	
-5.04127226356	-1710.52259326	
-5.04342511692	-1710.52345561	
-5.04557334546	-1710.52431546	
-5.047716969	-1710.52517285	
-5.04985600725	-1710.52602778	
-5.05199047978	-1710.52688029	
-5.05412040604	-1710.52773038	
-5.05624580535	-1710.52857808	
-5.05836669692	-1710.5294234	
-5.06048309982	-1710.53026636	
-5.06259503303	-1710.53110698	
-5.06470251537	-1710.53194529	
-5.06680556556	-1710.53278128	
-5.06890420222	-1710.53361499	
-5.07099844382	-1710.53444644	
-5.07308830874	-1710.53527563	
-5.07517381523	-1710.53610258	
-5.07725498144	-1710.53692732	
-5.07933182538	-1710.53774986	
-5.08140436498	-1710.53857021	
-5.08347261805	-1710.5393884	
-5.08553660227	-1710.54020443	
-5.08759633523	-1710.54101833	
-5.08965183441	-1710.54183011	
-5.09170311719	-1710.54263979	
-5.09375020081	-1710.54344738	
-5.09579310244	-1710.54425289	
-5.09783183913	-1710.54505635	
-5.09986642782	-1710.54585777	
-5.10189688537	-1710.54665717	
-5.10392322852	-1710.54745455	
-5.1059454739	-1710.54824994	
-5.10796363806	-1710.54904335	
-5.10997773743	-1710.54983479	
-5.11198778836	-1710.55062428	
-5.11399380708	-1710.55141183	
-5.11599580975	-1710.55219746	
-5.11799381242	-1710.55298118	
-5.11998783102	-1710.55376301	
-5.12197788143	-1710.55454296	
-5.1239639794	-1710.55532104	
-5.12594614061	-1710.55609727	
-5.12792438062	-1710.55687166	
-5.12989871492	-1710.55764422	
-5.13186915891	-1710.55841497	
-5.13383572788	-1710.55918392	
-5.13579843705	-1710.55995109	
-5.13775730154	-1710.56071648	
-5.13971233637	-1710.56148011	
-5.1416635565	-1710.56224199	
-5.14361097679	-1710.56300214	
-5.145554612	-1710.56376057	
-5.14749447681	-1710.56451729	
-5.14943058584	-1710.56527231	
-5.15136295359	-1710.56602564	
-5.1532915945	-1710.5667773	
-5.15521652291	-1710.5675273	
-5.15713775309	-1710.56827565	
-5.15905529921	-1710.56902237	
-5.1609691754	-1710.56976746	
-5.16287939565	-1710.57051093	
-5.16478597392	-1710.5712528	
-5.16668892407	-1710.57199309	
-5.16858825987	-1710.57273179	
-5.17048399504	-1710.57346892	
-5.17237614319	-1710.5742045	
-5.17426471788	-1710.57493852	
-5.17614973257	-1710.57567102	
-5.17803120067	-1710.57640199	
-5.1799091355	-1710.57713144	
-5.18178355029	-1710.57785939	
-5.18365445823	-1710.57858585	
-5.1855218724	-1710.57931083	
-5.18738580584	-1710.58003433	
-5.18924627149	-1710.58075638	
-5.19110328224	-1710.58147697	
-5.19295685089	-1710.58219612	
-5.19480699018	-1710.58291384	
-5.19665371277	-1710.58363014	
-5.19849703127	-1710.58434502	
-5.20033695819	-1710.58505851	
-5.202173506	-1710.5857706	
-5.20400668708	-1710.58648131	
-5.20583651375	-1710.58719065	
-5.20766299828	-1710.58789862	
-5.20948615284	-1710.58860524	
-5.21130598956	-1710.58931052	
-5.21312252048	-1710.59001446	
-5.21493575761	-1710.59071707	
-5.21674571285	-1710.59141836	
-5.21855239808	-1710.59211835	
-5.22035582508	-1710.59281704	
-5.22215600558	-1710.59351443	
-5.22395295126	-1710.59421055	
-5.22574667371	-1710.59490539	
-5.22753718449	-1710.59559896	
-5.22932449506	-1710.59629128	
-5.23110861685	-1710.59698236	
-5.23288956123	-1710.59767219	
-5.23466733947	-1710.59836079	
-5.23644196283	-1710.59904817	
-5.23821344248	-1710.59973433	
-5.23998178954	-1710.60041928	
-5.24174701506	-1710.60110304	
-5.24350913005	-1710.60178561	
-5.24526814546	-1710.60246699	
-5.24702407216	-1710.6031472	
-5.24877692099	-1710.60382624	
-5.25052670271	-1710.60450412	
-5.25227342805	-1710.60518085	
-5.25401710765	-1710.60585644	
-5.25575775213	-1710.60653088	
-5.25749537203	-1710.6072042	
-5.25922997784	-1710.6078764	
-5.26096158	-1710.60854748	
-5.2626901889	-1710.60921745	
-5.26441581487	-1710.60988633	
-5.26613846818	-1710.61055411	
-5.26785815906	-1710.6112208	
-5.26957489768	-1710.61188642	
-5.27128869416	-1710.61255096	
-5.27299955856	-1710.61321444	
-5.27470750091	-1710.61387685	
-5.27641253116	-1710.61453822	
-5.27811465923	-1710.61519854	
-5.27981389498	-1710.61585783	
-5.28151024823	-1710.61651608	
-5.28320372874	-1710.6171733	
-5.28489434622	-1710.61782951	
-5.28658211033	-1710.61848471	
-5.28826703069	-1710.6191389	
-5.28994911688	-1710.61979209	
-5.2916283784	-1710.62044428	
-5.29330482472	-1710.62109549	
-5.29497846528	-1710.62174572	
-5.29664930945	-1710.62239498	
-5.29831736655	-1710.62304326	
-5.29998264587	-1710.62369059	
-5.30164515664	-1710.62433695	
-5.30330490806	-1710.62498237	
-5.30496190927	-1710.62562684	
-5.30661616936	-1710.62627037	
-5.3082676974	-1710.62691297	
-5.30991650239	-1710.62755464	
-5.3115625933	-1710.62819539	
-5.31320597904	-1710.62883522	
-5.3148466685	-1710.62947415	
-5.3164846705	-1710.63011217	
-5.31811999384	-1710.63074928	
-5.31975264727	-1710.63138551	
-5.32138263948	-1710.63202084	
-5.32300997914	-1710.6326553	
-5.32463467487	-1710.63328887	
-5.32625673524	-1710.63392158	
-5.32787616879	-1710.63455341	
-5.32949298402	-1710.63518438	
-5.33110718937	-1710.6358145	
-5.33271879327	-1710.63644376	
-5.33432780407	-1710.63707218	
-5.33593423012	-1710.63769976	
-5.3375380797	-1710.63832649	
-5.33913936107	-1710.6389524	
-5.34073808243	-1710.63957748	
-5.34233425196	-1710.64020174	
-5.3439278778	-1710.64082518	
-5.34551896803	-1710.64144781	
-5.34710753072	-1710.64206963	
-5.34869357387	-1710.64269065	
-5.35027710548	-1710.64331086	
-5.35185813348	-1710.64393029	
-5.35343666577	-1710.64454893	
-5.35501271022	-1710.64516678	
-5.35658627467	-1710.64578385	
-5.3581573669	-1710.64640015	
-5.35972599468	-1710.64701567	
-5.36129216571	-1710.64763043	
-5.36285588769	-1710.64824443	
-5.36441716825	-1710.64885767	
-5.36597601502	-1710.64947015	
-5.36753243557	-1710.65008189	
-5.36908643744	-1710.65069288	
-5.37063802813	-1710.65130313	
-5.37218721511	-1710.65191264	
-5.37373400583	-1710.65252142	
-5.37527840768	-1710.65312947	
-5.37682042804	-1710.6537368	
-5.37836007422	-1710.65434341	
-5.37989735354	-1710.6549493	
-5.38143227326	-1710.65555448	
-5.38296484061	-1710.65615895	
-5.38449506279	-1710.65676271	
-5.38602294697	-1710.65736578	
-5.38754850028	-1710.65796815	
-5.38907172982	-1710.65856982	
-5.39059264266	-1710.65917081	
-5.39211124583	-1710.65977111	
-5.39362754635	-1710.66037073	
-5.39514155118	-1710.66096967	
-5.39665326727	-1710.66156794	
-5.39816270152	-1710.66216554	
-5.39966986081	-1710.66276247	
-5.40117475199	-1710.66335873	
-5.40267738187	-1710.66395434	
-5.40417775725	-1710.66454929	
-5.40567588487	-1710.66514359	
-5.40717177146	-1710.66573723	
-5.40866542372	-1710.66633024	
-5.4101568483	-1710.6669226	
-5.41164605186	-1710.66751432	
-5.41313304098	-1710.6681054	
-5.41461782224	-1710.66869585	
-5.4161004022	-1710.66928568	
-5.41758078737	-1710.66987488	
-5.41905898424	-1710.67046345	
-5.42053499927	-1710.67105141	
-5.42200883889	-1710.67163875	
-5.4234805095	-1710.67222547	
-5.42495001748	-1710.67281159	
-5.42641736918	-1710.6733971	
-5.4278825709	-1710.67398201	
-5.42934562895	-1710.67456632	
-5.43080654959	-1710.67515003	
-5.43226533906	-1710.67573314	
-5.43372200355	-1710.67631567	
-5.43517654927	-1710.6768976	
-5.43662898235	-1710.67747895	
-5.43807930892	-1710.67805972	
-5.4395275351	-1710.67863991	
-5.44097366695	-1710.67921952	
-5.44241771052	-1710.67979856	
-5.44385967184	-1710.68037703	
-5.4452995569	-1710.68095493	
-5.44673737167	-1710.68153226	
-5.44817312209	-1710.68210903	
-5.44960681409	-1710.68268525	
-5.45103845357	-1710.6832609	
-5.45246804638	-1710.68383601	
-5.45389559837	-1710.68441056	
-5.45532111536	-1710.68498456	
-5.45674460314	-1710.68555801	
-5.45816606749	-1710.68613093	
-5.45958551414	-1710.6867033	
-5.46100294883	-1710.68727513	
-5.46241837723	-1710.68784643	
-5.46383180503	-1710.6884172	
-5.46524323786	-1710.68898743	
-5.46665268137	-1710.68955714	
-5.46806014114	-1710.69012632	
-5.46946562274	-1710.69069498	
-5.47086913175	-1710.69126311	
-5.47227067367	-1710.69183073	
-5.47367025403	-1710.69239784	
-5.47506787829	-1710.69296443	
-5.47646355193	-1710.69353051	
-5.47785728038	-1710.69409608	
-5.47924906905	-1710.69466115	
-5.48063892334	-1710.69522571	
-5.48202684862	-1710.69578977	
-5.48341285022	-1710.69635333	
-5.48479693349	-1710.69691639	
-5.48617910372	-1710.69747896	
-5.48755936619	-1710.69804104	
-5.48893772616	-1710.69860263	
-5.49031418887	-1710.69916373	
-5.49168875953	-1710.69972434	
-5.49306144334	-1710.70028448	
-5.49443224547	-1710.70084413	
-5.49580117108	-1710.7014033	
-5.49716822529	-1710.70196199	
-5.49853341322	-1710.70252021	
-5.49989673995	-1710.70307795	
-5.50125821054	-1710.70363523	
-5.50261783006	-1710.70419204	
-5.50397560352	-1710.70474838	
-5.50533153593	-1710.70530425	
-5.50668563228	-1710.70585967	
-5.50803789753	-1710.70641462	
-5.50938833663	-1710.70696911	
-5.5107369545	-1710.70752315	
-5.51208375605	-1710.70807674	
-5.51342874616	-1710.70862987	
-5.51477192971	-1710.70918255	
-5.51611331154	-1710.70973478	
-5.51745289646	-1710.71028656	
-5.51879068931	-1710.7108379	
-5.52012669485	-1710.7113888	
-5.52146091786	-1710.71193926	
-5.5227933631	-1710.71248928	
-5.52412403528	-1710.71303885	
-5.52545293913	-1710.713588	
-5.52678007934	-1710.71413671	
-5.52810546058	-1710.71468499	
-5.52942908751	-1710.71523284	
-5.53075096477	-1710.71578025	
-5.53207109697	-1710.71632725	
-5.53338948873	-1710.71687382	
-5.53470614461	-1710.71741996	
-5.53602106919	-1710.71796568	
-5.53733426702	-1710.71851099	
-5.53864574262	-1710.71905587	
-5.5399555005	-1710.71960034	
-5.54126354516	-1710.7201444	
-5.54256988107	-1710.72068804	
-5.5438745127	-1710.72123127	
-5.54517744448	-1710.72177409	
-5.54647868084	-1710.7223165	
-5.54777822618	-1710.72285851	
-5.5490760849	-1710.72340011	
-5.55037226136	-1710.72394131	
-5.55166675992	-1710.72448211	
-5.55295958492	-1710.7250225	
-5.55425074069	-1710.7255625	
-5.55554023152	-1710.7261021	
-5.5568280617	-1710.72664131	
-5.55811423551	-1710.72718012	
-5.5593987572	-1710.72771854	
-5.56068163102	-1710.72825657	
-5.56196286117	-1710.7287942	
-5.56324245188	-1710.72933145	
-5.56452040732	-1710.72986832	
-5.56579673168	-1710.7304048	
-5.56707142911	-1710.73094089	
-5.56834450376	-1710.73147661	
-5.56961595975	-1710.73201194	
-5.57088580119	-1710.73254689	
-5.57215403218	-1710.73308147	
-5.57342065679	-1710.73361567	
-5.5746856791	-1710.73414949	
-5.57594910315	-1710.73468294	
-5.57721093297	-1710.73521602	
-5.57847117258	-1710.73574872	
-5.57972982599	-1710.73628106	
-5.58098689718	-1710.73681303	
-5.58224239012	-1710.73734463	
-5.58349630878	-1710.73787587	
-5.5847486571	-1710.73840674	
-5.585999439	-1710.73893725	
-5.5872486584	-1710.73946739	
-5.5884963192	-1710.73999718	
-5.58974242528	-1710.74052661	
-5.59098698051	-1710.74105568	
-5.59222998875	-1710.74158439	
-5.59347145384	-1710.74211275	
-5.5947113796	-1710.74264075	
-5.59594976985	-1710.7431684	
-5.59718662839	-1710.7436957	
-5.598421959	-1710.74422264	
-5.59965576545	-1710.74474924	
-5.60088805149	-1710.74527549	
-5.60211882088	-1710.7458014	
-5.60334807733	-1710.74632695	
-5.60457582457	-1710.74685217	
-5.6058020663	-1710.74737704	
-5.60702680619	-1710.74790156	
-5.60825004793	-1710.74842575	
-5.60947179518	-1710.74894959	
-5.61069205159	-1710.7494731	
-5.61191082078	-1710.74999627	
-5.61312810639	-1710.7505191	
-5.61434391201	-1710.7510416	
-5.61555824124	-1710.75156377	
-5.61677109767	-1710.7520856	
-5.61798248485	-1710.75260709	
-5.61919240636	-1710.75312826	
-5.62040086572	-1710.7536491	
-5.62160786647	-1710.7541696	
-5.62281341212	-1710.75468978	
-5.62401750619	-1710.75520964	
-5.62522015215	-1710.75572916	
-5.6264213535	-1710.75624837	
-5.62762111369	-1710.75676724	
-5.62881943618	-1710.7572858	
-5.63001632442	-1710.75780403	
-5.63121178182	-1710.75832195	
-5.63240581181	-1710.75883954	
-5.6335984178	-1710.75935682	
-5.63478960317	-1710.75987377	
-5.6359793713	-1710.76039041	
-5.63716772557	-1710.76090674	
-5.63835466933	-1710.76142275	
-5.63954020593	-1710.76193844	
-5.64072433869	-1710.76245383	
-5.64190707094	-1710.7629689	
-5.64308840598	-1710.76348366	
-5.64426834712	-1710.76399811	
-5.64544689764	-1710.76451225	
-5.64662406082	-1710.76502608	
-5.64779983991	-1710.76553961	
-5.64897423816	-1710.76605282	
-5.65014725882	-1710.76656574	
-5.65131890512	-1710.76707835	
-5.65248918027	-1710.76759065	
-5.65365808747	-1710.76810265	
-5.65482562993	-1710.76861436	
-5.65599181082	-1710.76912575	
-5.65715663332	-1710.76963685	
-5.65832010058	-1710.77014765	
-5.65948221576	-1710.77065816	
-5.660642982	-1710.77116836	
-5.66180240242	-1710.77167827	
-5.66296048014	-1710.77218788	
-5.66411721826	-1710.77269719	
-5.66527261989	-1710.77320622	
-5.66642668811	-1710.77371495	
-5.66757942599	-1710.77422338	
-5.6687308366	-1710.77473153	
-5.66988092298	-1710.77523938	
-5.67102968818	-1710.77574694	
-5.67217713524	-1710.77625422	
-5.67332326717	-1710.7767612	
-5.67446808699	-1710.7772679	
-5.67561159769	-1710.77777431	
-5.67675380227	-1710.77828043	
-5.6778947037	-1710.77878627	
-5.67903430497	-1710.77929183	
-5.68017260902	-1710.7797971	
-5.6813096188	-1710.78030209	
-5.68244533727	-1710.78080679	
-5.68357976734	-1710.78131121	
-5.68471291194	-1710.78181536	
-5.68584477397	-1710.78231922	
-5.68697535634	-1710.7828228	
-5.68810466194	-1710.7833261	
-5.68923269364	-1710.78382913	
-5.69035945432	-1710.78433188	
-5.69148494685	-1710.78483435	
-5.69260917406	-1710.78533655	
-5.6937321388	-1710.78583847	
-5.69485384391	-1710.78634012	
-5.69597429221	-1710.78684149	
-5.69709348651	-1710.78734259	
-5.69821142961	-1710.78784342	
-5.69932812431	-1710.78834398	
-5.70044357339	-1710.78884426	
-5.70155777963	-1710.78934428	
-5.7026707458	-1710.78984402	
-5.70378247466	-1710.7903435	
-5.70489296894	-1710.79084271	
-5.70600223139	-1710.79134165	
-5.70711026475	-1710.79184032	
-5.70821707172	-1710.79233873	
-5.70932265503	-1710.79283687	
-5.71042701737	-1710.79333475	
-5.71153016145	-1710.79383236	
-5.71263208993	-1710.79432971	
-5.71373280551	-1710.79482679	
-5.71483231084	-1710.79532362	
-5.71593060859	-1710.79582018	
-5.71702770141	-1710.79631648	
-5.71812359193	-1710.79681252	
-5.71921828279	-1710.7973083	
-5.72031177661	-1710.79780382	
-5.72140407601	-1710.79829908	
-5.72249518359	-1710.79879408	
-5.72358510195	-1710.79928883	
-5.72467383369	-1710.79978332	
-5.72576138137	-1710.80027755	
-5.72684774759	-1710.80077152	
-5.72793293489	-1710.80126525	
-5.72901694583	-1710.80175871	
-5.73009978297	-1710.80225192	
-5.73118144884	-1710.80274488	
-5.73226194598	-1710.80323759	
-5.7333412769	-1710.80373004	
-5.73441944412	-1710.80422224	
-5.73549645015	-1710.8047142	
-5.73657229748	-1710.8052059	
-5.73764698861	-1710.80569735	
-5.73872052602	-1710.80618855	
-5.73979291218	-1710.8066795	
-5.74086414956	-1710.8071702	
-5.74193424062	-1710.80766065	
-5.74300318781	-1710.80815086	
-5.74407099357	-1710.80864082	
-5.74513766034	-1710.80913054	
-5.74620319054	-1710.80962	
-5.7472675866	-1710.81010923	
-5.74833085092	-1710.8105982	
-5.74939298591	-1710.81108694	
-5.75045399397	-1710.81157543	
-5.75151387748	-1710.81206368	
-5.75257263883	-1710.81255168	
-5.75363028038	-1710.81303944	
-5.75468680452	-1710.81352696	
-5.75574221359	-1710.81401424	
-5.75679650994	-1710.81450128	
-5.75784969593	-1710.81498808	
-5.75890177388	-1710.81547464	
-5.75995274612	-1710.81596096	
-5.76100261499	-1710.81644704	
-5.76205138278	-1710.81693288	
-5.76309905181	-1710.81741848	
-5.76414562438	-1710.81790385	
-5.76519110278	-1710.81838898	
-5.7662354893	-1710.81887387	
-5.76727878622	-1710.81935853	
-5.76832099579	-1710.81984295	
-5.7693621203	-1710.82032714	
-5.770402162	-1710.82081109	
-5.77144112313	-1710.82129481	
-5.77247900594	-1710.8217783	
-5.77351581267	-1710.82226155	
-5.77455154554	-1710.82274457	
-5.77558620679	-1710.82322736	
-5.77661979861	-1710.82370991	
-5.77765232322	-1710.82419224	
-5.77868378283	-1710.82467433	
-5.77971417962	-1710.82515619	
-5.78074351579	-1710.82563782	
-5.78177179352	-1710.82611923	
-5.78279901497	-1710.8266004	
-5.78382518233	-1710.82708135	
-5.78485029774	-1710.82756206	
-5.78587436337	-1710.82804255	
-5.78689738137	-1710.82852281	
-5.78791935386	-1710.82900285	
-5.788940283	-1710.82948266	
-5.7899601709	-1710.82996224	
-5.79097901969	-1710.83044159	
-5.79199683148	-1710.83092072	
-5.79301360838	-1710.83139963	
-5.7940293525	-1710.83187831	
-5.79504406593	-1710.83235677	
-5.79605775077	-1710.832835	
-5.79707040908	-1710.83331301	
-5.79808204295	-1710.83379079	
-5.79909265446	-1710.83426836	
-5.80010224566	-1710.8347457	
-5.80111081862	-1710.83522282	
-5.80211837538	-1710.83569972	
-5.80312491799	-1710.83617639	
-5.80413044849	-1710.83665285	
-5.80513496892	-1710.83712909	
-5.80613848129	-1710.8376051	
-5.80714098764	-1710.8380809	
-5.80814248998	-1710.83855648	
-5.80914299031	-1710.83903184	
