-7.752898424198368943e-01
-5.289438625041669173e-01
-7.360595345821976387e-01
2.747218533120431960e+00
-5.666338839210759426e-01
2.442760541546910691e+00
-3.192733359176914920e+00
-6.085690153553525050e+00
-5.138231482552963136e+00
-4.288938078528375719e+00
-4.490366675688639120e+00
-4.589871853380861566e+00
-1.702555516489345777e+01
-6.750289932012835337e+00
-5.863499458195717828e+00
-4.043421656853859680e+00
-6.330347941731861994e+00
-6.343259973844068256e+00
-5.781447896505087947e+00
-7.898253443450753863e+00
