-7.633687711217926886e-01
-5.060959168391077068e-01
-8.683064225295635818e-01
2.970121910372734764e+00
-2.541660850207776989e-01
2.746062736219099687e+00
-2.507672530337138106e+00
-6.194143906251603049e+00
-4.966364696929808531e+00
-4.350516107372777164e+00
-4.584712284427356010e+00
-5.255519456318578975e+00
-7.548167886191172293e+00
-6.564485854865949932e+00
-6.517479865904978631e+00
-6.401591189097678658e+00
-7.222679038415111386e+00
-6.325456633004291618e+00
-4.479776778791509706e+00
-7.634469887321809978e+00
