#Site	lnL	
0	-5.33548167792
1	-5.17115659778
2	-9.53847989401
3	-5.33548167792
4	-5.27892856507
5	-18.8396163803
6	-5.9439893929
7	-5.85469358372
8	-10.4825647837
9	-5.33548167792
10	-5.27892856507
11	-15.4218656857
12	-10.2939351101
13	-5.17115659778
14	-12.6513547052
15	-5.60044410677
16	-5.17115659778
17	-14.065412081
18	-5.60044410677
19	-5.50396173749
20	-8.56019355263
21	-13.7892021739
22	-5.17115659778
23	-11.4393972205
24	-5.33548167792
25	-5.17115659778
26	-8.56019355263
27	-5.33548167792
28	-5.17115659778
29	-8.05078787744
30	-5.60044410677
31	-5.85469358372
32	-11.7153103406
33	-5.60044410677
34	-5.50396173749
35	-10.4183633036
36	-5.33548167792
37	-5.27892856507
38	-10.1943375692
39	-5.60044410677
40	-5.17115659778
41	-12.2843134283
42	-5.33548167792
43	-5.27892856507
44	-13.1010510336
45	-5.33548167792
46	-5.50396173749
47	-12.4233986515
48	-5.33548167792
49	-5.27892856507
50	-10.1943375692
51	-5.33548167792
52	-5.27892856507
53	-18.8717713736
54	-5.9439893929
55	-5.27892856507
56	-14.3649180382
57	-5.2440849393
58	-5.50396173749
59	-13.8056639351
60	-5.2440849393
61	-5.27892856507
62	-10.512180518
63	-5.33548167792
64	-5.17115659778
65	-8.05078787744
66	-5.33548167792
67	-5.85469358372
68	-9.53847989401
69	-5.2440849393
70	-15.1441308919
71	-10.8223730088
72	-5.33548167792
73	-5.17115659778
74	-10.8066447857
75	-5.33548167792
76	-5.50396173749
77	-8.05078787744
78	-14.3346550539
79	-5.17115659778
80	-10.0359406486
81	-5.33548167792
82	-5.27892856507
83	-13.7856006955
84	-5.33548167792
85	-5.50396173749
86	-11.3154124243
87	-5.2440849393
88	-5.50396173749
89	-11.4171342364
90	-5.60044410677
91	-5.27892856507
92	-12.1403580077
93	-14.1953797592
94	-10.6347301877
95	-11.9706215848
96	-11.6537773687
97	-5.50396173749
98	-17.4936068858
99	-5.60044410677
100	-5.17115659778
101	-9.73141437436
102	-5.9439893929
103	-5.85469358372
104	-10.512180518
105	-5.2440849393
106	-5.50396173749
107	-8.05078787744
108	-5.60044410677
109	-5.27892856507
110	-17.8165083874
111	-5.60044410677
112	-5.50396173749
113	-9.43220422877
114	-11.4469259137
115	-5.27892856507
116	-8.56019355263
117	-5.9439893929
118	-5.17115659778
119	-9.21430823123
120	-5.60044410677
121	-5.27892856507
122	-8.05078787744
123	-5.2440849393
124	-5.85469358372
125	-8.05078787744
126	-5.2440849393
127	-5.50396173749
128	-11.1860586539
129	-5.33548167792
130	-5.50396173749
131	-11.0456597336
132	-5.60044410677
133	-5.27892856507
134	-11.0871330941
135	-5.33548167792
136	-5.17115659778
137	-11.0249996143
138	-5.33548167792
139	-5.17115659778
140	-8.56019355263
141	-5.2440849393
142	-5.27892856507
143	-12.5016447086
144	-5.33548167792
145	-5.27892856507
146	-13.6318007581
147	-13.4974238415
148	-5.17115659778
149	-13.7404762754
150	-5.9439893929
151	-5.27892856507
152	-13.0687523441
153	-9.97356552838
154	-5.50396173749
155	-11.0871330941
156	-5.2440849393
157	-5.50396173749
158	-8.05078787744
159	-5.2440849393
160	-5.85469358372
161	-16.9326944031
162	-5.33548167792
163	-5.17115659778
164	-10.4825647837
165	-5.60044410677
166	-5.85469358372
167	-15.8608988619
168	-5.9439893929
169	-5.27892856507
170	-8.05078787744
171	-5.2440849393
172	-5.17115659778
173	-13.1890087447
174	-11.4190687794
175	-5.85469358372
176	-10.4825647837
177	-5.9439893929
178	-5.27892856507
179	-16.0334161493
180	-5.2440849393
181	-5.50396173749
182	-11.6169236709
183	-17.9556431637
184	-5.27892856507
185	-9.53847989401
186	-5.2440849393
187	-5.50396173749
188	-12.4124126325
189	-5.2440849393
190	-5.17115659778
191	-10.0498277873
192	-5.33548167792
193	-5.17115659778
194	-8.56019355263
195	-5.2440849393
196	-5.17115659778
197	-11.9529174209
198	-5.60044410677
199	-5.50396173749
200	-10.1943375692
201	-5.33548167792
202	-5.17115659778
203	-10.4825647837
204	-5.33548167792
205	-5.50396173749
206	-9.53847989401
207	-5.60044410677
208	-5.50396173749
209	-17.5960576887
210	-5.9439893929
211	-5.27892856507
212	-10.512180518
213	-5.9439893929
214	-5.85469358372
215	-12.7432211729
216	-5.33548167792
217	-5.50396173749
218	-8.56019355263
219	-5.9439893929
220	-5.27892856507
221	-12.9735268264
222	-5.60044410677
223	-5.17115659778
224	-12.2791977235
225	-5.2440849393
226	-5.27892856507
227	-12.5070639585
228	-5.2440849393
229	-5.17115659778
230	-8.05078787744
231	-5.60044410677
232	-5.50396173749
233	-16.0162083275
234	-5.2440849393
235	-5.85469358372
236	-11.0871330941
237	-11.6537773687
238	-5.50396173749
239	-10.1434836595
240	-19.587657882
241	-5.17115659778
242	-8.05078787744
243	-5.60044410677
244	-5.50396173749
245	-12.3543275824
246	-5.60044410677
247	-14.4474436576
248	-12.4417768721
249	-13.6435394657
250	-5.27892856507
251	-10.1943375692
252	-5.33548167792
253	-5.27892856507
254	-8.56019355263
255	-5.2440849393
256	-5.50396173749
257	-8.56019355263
258	-5.2440849393
259	-5.17115659778
260	-10.1943375692
261	-5.2440849393
262	-5.27892856507
263	-10.0359406486
264	-5.9439893929
265	-5.50396173749
266	-8.56019355263
267	-5.2440849393
268	-5.50396173749
269	-11.6169236709
270	-5.33548167792
271	-5.50396173749
272	-20.57230243
273	-5.9439893929
274	-5.17115659778
275	-15.6681288916
276	-5.9439893929
277	-5.17115659778
278	-12.0032299909
279	-5.60044410677
280	-5.85469358372
281	-13.7115097141
282	-5.9439893929
283	-5.17115659778
284	-8.56019355263
285	-5.2440849393
286	-5.50396173749
287	-8.56019355263
288	-5.2440849393
289	-5.17115659778
290	-11.0871330941
291	-5.60044410677
292	-5.50396173749
293	-12.4218333622
294	-5.2440849393
295	-5.17115659778
296	-11.0561995889
297	-5.9439893929
298	-5.85469358372
299	-12.663356089
300	-5.33548167792
301	-5.17115659778
302	-10.1943375692
303	-5.2440849393
304	-5.27892856507
305	-11.2339794117
306	-5.9439893929
307	-5.50396173749
308	-11.2339794117
309	-5.2440849393
310	-5.50396173749
311	-17.4311889138
312	-5.33548167792
313	-5.85469358372
314	-8.05078787744
315	-5.60044410677
316	-5.50396173749
317	-9.21430823123
318	-12.0751772831
319	-5.85469358372
320	-12.4938267668
321	-5.33548167792
322	-5.27892856507
323	-11.0147558795
324	-5.33548167792
325	-5.17115659778
326	-14.6021249361
327	-5.33548167792
328	-5.17115659778
329	-10.1434836595
330	-5.2440849393
331	-5.50396173749
332	-8.05078787744
333	-5.33548167792
334	-5.50396173749
335	-12.8359402461
336	-5.60044410677
337	-5.50396173749
338	-10.1497416378
339	-5.33548167792
340	-5.17115659778
341	-8.56019355263
342	-5.33548167792
343	-5.17115659778
344	-10.1943375692
345	-5.2440849393
346	-5.27892856507
347	-8.56019355263
348	-14.668151773
349	-5.27892856507
350	-13.199646562
351	-5.33548167792
352	-5.85469358372
353	-11.9529174209
354	-5.2440849393
355	-5.85469358372
356	-12.3485550301
357	-5.60044410677
358	-5.50396173749
359	-10.8760138654
360	-5.2440849393
361	-5.17115659778
362	-15.854275099
363	-5.33548167792
364	-5.17115659778
365	-12.3485550301
366	-5.2440849393
367	-12.7038395029
368	-8.05078787744
369	-5.2440849393
370	-5.85469358372
371	-12.7981142866
372	-5.2440849393
373	-5.17115659778
374	-16.3608171939
375	-5.2440849393
376	-5.50396173749
377	-15.2648207456
378	-5.2440849393
379	-5.85469358372
380	-13.8827873919
381	-15.1767098482
382	-5.85469358372
383	-16.2962899913
384	-5.9439893929
385	-5.85469358372
386	-8.05078787744
387	-5.60044410677
388	-5.50396173749
389	-13.4140490218
390	-5.2440849393
391	-5.17115659778
392	-10.661676779
393	-5.2440849393
394	-16.3219776201
395	-12.4689230414
396	-5.60044410677
397	-5.27892856507
398	-12.5016447086
399	-13.1857590497
400	-5.50396173749
401	-10.2306171703
402	-9.51125260891
403	-5.27892856507
404	-10.1943375692
405	-5.2440849393
406	-5.27892856507
407	-8.56019355263
408	-5.60044410677
409	-5.85469358372
410	-17.5181980948
411	-5.9439893929
412	-5.85469358372
413	-10.5421038348
414	-5.2440849393
415	-13.9352113786
416	-14.8599670312
417	-5.33548167792
418	-5.27892856507
419	-10.8223730088
420	-5.2440849393
421	-5.50396173749
422	-10.4825647837
423	-5.33548167792
424	-5.17115659778
425	-16.3062029421
426	-5.60044410677
427	-10.7279846338
428	-11.182316437
429	-5.2440849393
430	-5.27892856507
431	-8.05078787744
432	-5.33548167792
433	-5.50396173749
434	-14.2150098561
435	-5.33548167792
436	-5.85469358372
437	-10.1943375692
438	-5.2440849393
439	-5.17115659778
440	-8.05078787744
441	-5.33548167792
442	-5.17115659778
443	-10.5421038348
444	-5.2440849393
445	-5.27892856507
446	-10.1497416378
447	-5.2440849393
448	-5.17115659778
449	-12.2791977235
450	-5.2440849393
451	-5.27892856507
452	-11.1622383185
453	-5.33548167792
454	-5.50396173749
455	-9.35094167047
456	-5.2440849393
457	-5.27892856507
458	-15.2578821917
459	-5.60044410677
460	-5.27892856507
461	-10.8760138654
462	-5.2440849393
463	-5.17115659778
464	-8.56019355263
465	-5.33548167792
466	-5.50396173749
467	-13.5166761907
468	-5.9439893929
469	-5.50396173749
470	-10.4825647837
471	-5.33548167792
472	-11.7887148572
473	-8.05078787744
474	-5.33548167792
475	-5.27892856507
476	-8.56019355263
477	-5.2440849393
478	-5.17115659778
479	-10.2306171703
480	-5.33548167792
481	-5.17115659778
482	-17.4267278021
483	-5.2440849393
484	-5.27892856507
485	-8.56019355263
486	-5.9439893929
487	-5.85469358372
488	-8.05078787744
