#Site	lnL	
0	-1.99695662086
1	-1.51488622695
2	-13.4959626293
3	-1.60161915176
4	-1.72865090598
5	-14.1061923361
6	-6.32283442357
7	-1.56993699974
8	-9.87429181733
9	-8.21916413399
10	-1.56993699974
11	-5.20148686152
12	-1.55244591348
13	-1.51488622695
14	-7.85646918993
15	-1.60161915176
16	-9.16444947074
17	-17.2339916225
18	-1.60161915176
19	-1.56993699974
20	-13.633503717
21	-1.55244591348
22	-1.56993699974
23	-11.2701984121
24	-1.55244591348
25	-1.56993699974
26	-16.5766131752
27	-1.77344335172
28	-1.72865090598
29	-1.71254438463
30	-1.99695662086
31	-1.51488622695
32	-1.9303162621
33	-1.55244591348
34	-1.51488622695
35	-10.3428206496
36	-1.55244591348
37	-1.95392294518
38	-7.63724477781
39	-1.77344335172
40	-1.95392294518
41	-8.69085830239
42	-1.60161915176
43	-1.51488622695
44	-11.2982540308
45	-1.55244591348
46	-1.95392294518
47	-7.99137759141
48	-1.60161915176
49	-1.51488622695
50	-14.1445540757
51	-6.16470732893
52	-1.51488622695
53	-8.69085830239
54	-11.8814732337
55	-1.56993699974
56	-10.6930201919
57	-1.55244591348
58	-1.51488622695
59	-1.71254438463
60	-1.77344335172
61	-1.72865090598
62	-1.71254438463
63	-1.60161915176
64	-1.56993699974
65	-1.68385185861
66	-1.60161915176
67	-1.56993699974
68	-6.59173695837
69	-1.55244591348
70	-1.51488622695
71	-24.0657310925
72	-1.55244591348
73	-1.56993699974
74	-1.71254438463
75	-1.77344335172
76	-1.51488622695
77	-8.34607353849
78	-1.77344335172
79	-1.56993699974
80	-1.71254438463
81	-1.77344335172
82	-1.56993699974
83	-16.9132720806
84	-1.55244591348
85	-1.72865090598
86	-8.48508290542
87	-1.99695662086
88	-1.56993699974
89	-2.14785300206
90	-1.55244591348
91	-1.72865090598
92	-5.64486668219
93	-1.55244591348
94	-1.72865090598
95	-2.14785300206
96	-1.60161915176
97	-1.95392294518
98	-8.69085830239
99	-1.99695662086
100	-1.95392294518
101	-5.24199827412
102	-1.60161915176
103	-1.51488622695
104	-5.82751102447
105	-1.77344335172
106	-1.56993699974
107	-7.85646918993
108	-1.60161915176
109	-1.72865090598
110	-12.5052718888
111	-1.99695662086
112	-1.95392294518
113	-18.9296011178
114	-1.77344335172
115	-1.56993699974
116	-10.5797870702
117	-6.35313973144
118	-8.63224443957
119	-5.42795236978
120	-1.55244591348
121	-1.95392294518
122	-1.9303162621
123	-6.06333451253
124	-1.95392294518
125	-2.14785300206
126	-1.55244591348
127	-1.95392294518
128	-1.68385185861
129	-1.60161915176
130	-1.56993699974
131	-13.4959626293
132	-1.77344335172
133	-1.51488622695
134	-11.0056143705
135	-1.55244591348
136	-1.95392294518
137	-12.158499105
138	-1.55244591348
139	-1.51488622695
140	-5.64486668219
141	-1.99695662086
142	-1.72865090598
143	-10.9895852858
144	-1.55244591348
145	-1.72865090598
146	-5.78612973202
147	-1.60161915176
148	-1.51488622695
149	-15.5913623201
150	-1.77344335172
151	-1.51488622695
152	-11.9592984534
153	-1.77344335172
154	-1.72865090598
155	-11.0317008157
156	-1.99695662086
157	-7.83594309675
158	-12.730156799
159	-1.77344335172
160	-1.95392294518
161	-5.71150559522
162	-1.55244591348
163	-1.51488622695
164	-2.14785300206
165	-7.69337685421
166	-1.56993699974
167	-1.71254438463
168	-1.77344335172
169	-1.56993699974
170	-13.1306749955
171	-1.55244591348
172	-1.95392294518
173	-5.64486668219
174	-1.60161915176
175	-1.72865090598
176	-1.68385185861
177	-1.60161915176
178	-1.56993699974
179	-6.30810781359
180	-1.60161915176
181	-1.56993699974
182	-14.6939136068
183	-1.99695662086
184	-1.51488622695
185	-13.7717224547
186	-1.60161915176
187	-1.56993699974
188	-9.48576254733
189	-1.60161915176
190	-1.95392294518
191	-1.71254438463
192	-7.23017909053
193	-1.51488622695
194	-21.9030940261
195	-6.06333451253
196	-1.56993699974
197	-6.79924392375
198	-1.60161915176
199	-7.60369763266
200	-8.69085830239
201	-8.70586434236
202	-1.56993699974
203	-21.1047318213
204	-6.94034132447
205	-1.51488622695
206	-5.52439154172
207	-1.99695662086
208	-1.51488622695
209	-2.14785300206
210	-1.55244591348
211	-6.55544683173
212	-5.38549151161
213	-1.99695662086
214	-1.72865090598
215	-9.96503989895
216	-1.60161915176
217	-1.72865090598
218	-1.68385185861
219	-1.77344335172
220	-1.56993699974
221	-5.42795236978
222	-1.60161915176
223	-1.72865090598
224	-7.84736434649
225	-1.60161915176
226	-1.95392294518
227	-1.9303162621
228	-1.60161915176
229	-1.51488622695
230	-6.26340118959
231	-1.55244591348
232	-1.72865090598
233	-1.71254438463
234	-1.60161915176
235	-1.56993699974
236	-1.71254438463
237	-1.77344335172
238	-1.51488622695
239	-22.5328703605
240	-1.55244591348
241	-1.72865090598
242	-6.79924392375
243	-1.77344335172
244	-1.95392294518
245	-7.12936882846
246	-1.55244591348
247	-1.51488622695
248	-7.31936311706
249	-1.55244591348
250	-6.23534185327
251	-2.14785300206
252	-1.55244591348
253	-1.95392294518
254	-5.38549151161
255	-1.99695662086
256	-1.72865090598
257	-19.444990849
258	-1.99695662086
259	-1.95392294518
260	-7.27757416955
261	-1.55244591348
262	-1.56993699974
263	-5.78612973202
264	-1.99695662086
265	-1.95392294518
266	-1.68385185861
267	-1.99695662086
268	-1.72865090598
269	-1.9303162621
270	-1.55244591348
271	-1.51488622695
272	-1.9303162621
273	-1.60161915176
274	-1.56993699974
275	-8.06475085619
276	-11.3056401418
277	-1.95392294518
278	-5.38549151161
279	-1.60161915176
280	-1.72865090598
281	-13.0616007912
282	-1.60161915176
283	-1.72865090598
284	-12.0886178169
285	-1.99695662086
286	-1.72865090598
287	-11.9184184108
288	-6.47704103486
289	-1.51488622695
290	-1.68385185861
291	-1.99695662086
292	-1.51488622695
293	-11.688898904
294	-1.77344335172
295	-1.72865090598
296	-11.3305981914
297	-1.99695662086
298	-6.51972711803
299	-10.2713947771
300	-1.55244591348
301	-1.56993699974
302	-6.68915503848
303	-1.60161915176
304	-1.51488622695
305	-8.69085830239
306	-1.77344335172
307	-1.51488622695
308	-16.2097020348
309	-1.77344335172
310	-6.24747541931
311	-1.68385185861
312	-6.06333451253
313	-1.72865090598
314	-5.20148686152
315	-1.99695662086
316	-1.56993699974
317	-9.18154600056
318	-1.99695662086
319	-1.51488622695
320	-12.250497974
321	-1.77344335172
322	-1.72865090598
323	-5.52188455803
324	-1.55244591348
325	-1.95392294518
326	-17.1578595097
327	-1.60161915176
328	-1.56993699974
329	-9.15023750105
330	-1.60161915176
331	-1.56993699974
332	-9.37460526402
333	-1.77344335172
334	-1.51488622695
335	-2.14785300206
336	-1.55244591348
337	-1.56993699974
338	-1.71254438463
339	-1.60161915176
340	-1.72865090598
341	-1.9303162621
342	-1.55244591348
343	-1.51488622695
344	-1.71254438463
345	-1.99695662086
346	-1.56993699974
347	-18.6867157755
348	-1.99695662086
349	-1.95392294518
350	-5.20148686152
351	-1.77344335172
352	-1.56993699974
353	-1.68385185861
354	-1.60161915176
355	-1.56993699974
356	-5.38549151161
357	-1.60161915176
358	-8.32005649231
359	-13.759275447
360	-1.60161915176
361	-1.56993699974
362	-7.9166320952
363	-1.99695662086
364	-8.08898650513
365	-9.15023750105
366	-1.77344335172
367	-1.51488622695
368	-6.68915503848
369	-1.77344335172
370	-1.56993699974
371	-1.9303162621
372	-1.99695662086
373	-1.51488622695
374	-1.68385185861
375	-1.60161915176
376	-1.95392294518
377	-11.9745685852
378	-1.55244591348
379	-1.72865090598
380	-7.85646918993
381	-1.99695662086
382	-1.51488622695
383	-9.80083991725
384	-1.60161915176
385	-1.56993699974
386	-5.38549151161
387	-1.77344335172
388	-1.51488622695
389	-5.38549151161
390	-1.55244591348
391	-1.72865090598
392	-11.3817902633
393	-1.55244591348
394	-1.95392294518
395	-13.3892532557
396	-1.77344335172
397	-1.51488622695
398	-10.6372765993
399	-1.55244591348
400	-8.08711601524
401	-5.20148686152
402	-1.99695662086
403	-1.51488622695
404	-6.521571288
405	-1.99695662086
406	-1.95392294518
407	-9.13508898508
408	-1.60161915176
409	-1.72865090598
410	-2.14785300206
411	-1.99695662086
412	-1.95392294518
413	-1.68385185861
414	-1.60161915176
415	-1.72865090598
416	-1.71254438463
417	-1.55244591348
418	-1.95392294518
419	-16.5557397184
420	-1.77344335172
421	-1.51488622695
422	-15.0451316001
423	-1.55244591348
424	-1.56993699974
425	-11.4597488573
426	-1.60161915176
427	-1.95392294518
428	-19.4722433301
429	-1.99695662086
430	-1.56993699974
431	-2.14785300206
432	-1.77344335172
433	-1.72865090598
434	-1.9303162621
435	-1.77344335172
436	-1.72865090598
437	-12.8256695853
438	-1.60161915176
439	-1.72865090598
440	-5.20148686152
441	-6.06333451253
442	-1.51488622695
443	-5.78612973202
444	-1.77344335172
445	-1.56993699974
446	-6.97780061379
447	-5.85702779345
448	-1.51488622695
449	-5.42795236978
450	-1.77344335172
451	-1.72865090598
452	-5.52188455803
453	-1.77344335172
454	-1.51488622695
455	-15.348293518
456	-7.54360355046
457	-1.56993699974
458	-19.4551556486
459	-1.55244591348
460	-1.51488622695
461	-1.71254438463
462	-1.55244591348
463	-1.72865090598
464	-5.82751102447
465	-1.60161915176
466	-6.70757874268
467	-5.20148686152
468	-1.77344335172
469	-1.95392294518
470	-5.20148686152
471	-1.60161915176
472	-1.56993699974
473	-1.71254438463
474	-1.55244591348
475	-1.72865090598
476	-1.71254438463
477	-1.99695662086
478	-1.95392294518
479	-9.7810294521
480	-1.55244591348
481	-1.56993699974
482	-7.45124239401
483	-1.99695662086
484	-1.56993699974
485	-7.27757416955
486	-7.54360355046
487	-1.51488622695
488	-6.65390926418
