#Site	lnL	
0	-15.7138399262
1	-11.5426981787
2	-7.77262877663
3	-10.6699858809
4	-8.28303865664
5	-24.552610445
6	-16.4714086467
7	-6.12841457028
8	-11.0587199342
9	-7.38586244947
10	-7.92224524351
11	-9.61692668738
12	-23.0052826699
13	-21.5280789189
14	-21.0782921355
15	-20.4724688481
16	-7.08316767653
17	-12.5982810481
18	-11.0714133209
19	-7.50289201456
20	-14.0123326202
21	-13.4332068071
22	-10.8236980362
23	-7.30286751076
24	-11.1639996905
25	-9.04287917794
26	-9.4451224179
27	-6.24356656416
28	-12.3086499304
29	-9.04287917794
30	-18.667396638
31	-12.6563640186
32	-7.94358603255
33	-7.54070499411
34	-9.71654957285
35	-19.1474010427
36	-16.4150001766
37	-12.4459379755
38	-9.94640729964
39	-7.06136842818
40	-7.08316767653
41	-8.44260876737
42	-7.3439166882
43	-13.1543296994
44	-16.0949713416
45	-12.9287944811
46	-11.137439298
47	-9.8811053341
48	-6.24356656416
49	-18.3902639448
50	-7.98724479027
51	-7.3439166882
52	-17.8756888951
53	-12.2341881132
54	-14.6728729008
55	-7.71255310106
56	-9.76604710556
57	-20.3741030697
58	-14.6682421103
59	-15.032892632
60	-19.3189407778
61	-12.2446564807
62	-12.0661863265
63	-16.9069747761
64	-13.2146142164
65	-9.34960831928
66	-22.9746914816
67	-11.7285901659
68	-11.7992274055
69	-10.1081892554
70	-10.8154887972
71	-6.76342384716
72	-13.647675869
73	-20.8456959307
74	-17.081320136
75	-8.12387009942
76	-18.9747954427
77	-22.1580665617
78	-24.6675047007
79	-27.3095751683
80	-9.9432713182
81	-12.673591973
82	-12.0938209876
83	-9.68555216102
84	-12.3673947781
85	-15.6553584535
86	-23.5970526213
87	-7.94639262268
88	-7.03718753517
89	-10.4434169317
90	-13.1839303727
91	-27.7275961685
92	-6.18344922523
93	-10.0550847339
94	-10.3644954051
95	-7.77262877663
96	-17.475536906
97	-6.24356656416
98	-7.71255310106
99	-16.6283947952
100	-7.75049077772
101	-12.3592410166
102	-14.6983214889
103	-16.4810916178
104	-10.1122132698
105	-10.8846446001
106	-21.950643747
107	-11.2663797546
108	-20.5938413133
109	-15.0274783958
110	-12.9387497453
111	-13.243861679
112	-11.7474042194
113	-12.9921269697
114	-6.88754674839
115	-7.06136842818
116	-14.9528056777
117	-13.3035972498
118	-8.6964103042
119	-9.02660151913
120	-14.648633717
121	-15.7175419274
122	-13.1957375151
123	-16.005088094
124	-10.3135549714
125	-11.782220821
126	-6.12841457028
127	-14.3363603908
128	-13.7181122248
129	-16.7121530551
130	-18.7519121376
131	-10.7788911404
132	-6.18344922523
133	-10.8408236835
134	-6.12841457028
135	-14.8452593737
136	-13.1474103597
137	-8.11637086489
138	-20.2656487885
139	-20.848919587
140	-9.87609873556
141	-17.2241166908
142	-10.6355775768
143	-13.577774315
144	-11.5513505298
145	-12.6694127512
146	-8.76911556942
147	-14.6838046747
148	-12.7069795653
149	-17.6917241129
150	-8.09322798924
151	-22.0130137381
152	-11.4066214803
153	-14.3212406302
154	-17.0504688966
155	-10.3312419199
156	-6.88754674839
157	-12.7077239447
158	-27.3965152961
159	-13.8837521625
160	-11.0366650484
161	-7.98832853374
162	-13.8721002721
