#Site	lnL	
0	-3.77694470688
1	-4.23177759307
2	-6.02701468745
3	-4.17691133242
4	-3.95131781343
5	-9.58731726341
6	-4.02388512874
7	-3.95131781343
8	-6.0916955505
9	-4.02388512874
10	-4.23177759307
11	-8.64153249942
12	-4.32437537895
13	-4.23177759307
14	-8.57159393519
15	-4.02388512874
16	-3.69420451962
17	-10.8980704462
18	-4.17691133242
19	-4.06161993891
20	-7.44610837363
21	-4.17691133242
22	-3.95131781343
23	-14.0325924123
24	-4.17691133242
25	-4.06161993891
26	-9.53695998454
27	-3.77694470688
28	-4.06161993891
29	-10.5557815781
30	-3.77694470688
31	-3.69420451962
32	-12.6739760186
33	-4.02388512874
34	-3.95131781343
35	-6.0916955505
36	-3.77694470688
37	-3.69420451962
38	-7.82313102084
39	-3.77694470688
40	-4.23177759307
41	-8.50296353986
42	-4.02388512874
43	-3.69420451962
44	-11.8112734483
45	-4.17691133242
46	-3.69420451962
47	-6.02701468745
48	-3.77694470688
49	-4.06161993891
50	-6.02701468745
51	-4.17691133242
52	-3.95131781343
53	-7.26172099736
54	-3.77694470688
55	-3.95131781343
56	-15.4843913699
57	-4.02388512874
58	-4.23177759307
59	-10.8508088314
60	-4.17691133242
61	-4.06161993891
62	-6.02701468745
63	-4.02388512874
64	-3.69420451962
65	-9.73765265722
66	-4.17691133242
67	-4.23177759307
68	-7.75722983476
69	-3.77694470688
70	-3.95131781343
71	-16.6458112957
72	-3.77694470688
73	-4.06161993891
74	-12.5633925046
75	-4.02388512874
76	-3.69420451962
77	-10.9286066792
78	-8.46315797239
79	-4.06161993891
80	-7.80747624491
81	-4.02388512874
82	-3.69420451962
83	-13.0884378111
84	-4.02388512874
85	-3.69420451962
86	-9.97311706375
87	-4.17691133242
88	-4.23177759307
89	-8.32509955605
90	-4.17691133242
91	-3.69420451962
92	-6.0916955505
93	-4.32437537895
94	-4.23177759307
95	-10.674096306
96	-4.02388512874
97	-3.69420451962
98	-18.3455156695
99	-4.17691133242
100	-3.95131781343
101	-10.7891720996
102	-3.77694470688
103	-4.06161993891
104	-14.3122399262
105	-3.77694470688
106	-4.06161993891
107	-13.9469945613
108	-4.32437537895
109	-4.23177759307
110	-7.02603592639
111	-3.77694470688
112	-3.95131781343
113	-7.23326437093
114	-3.77694470688
115	-4.23177759307
116	-11.2107652197
117	-3.77694470688
118	-3.69420451962
119	-8.37832125149
120	-9.4398451366
121	-3.95131781343
122	-10.4722549391
123	-4.32437537895
124	-4.23177759307
125	-9.47875239642
126	-3.77694470688
127	-4.06161993891
128	-8.32509955605
129	-4.32437537895
130	-3.69420451962
131	-7.44610837363
132	-4.02388512874
133	-4.23177759307
134	-9.84258730759
135	-4.02388512874
136	-3.95131781343
137	-11.5647216383
138	-10.9768389315
139	-3.95131781343
140	-7.82291724764
141	-4.02388512874
142	-4.06161993891
143	-10.601356506
144	-4.02388512874
145	-3.69420451962
146	-6.02701468745
147	-4.17691133242
148	-4.23177759307
149	-9.29424378886
150	-3.77694470688
151	-3.69420451962
152	-8.49269362207
153	-3.77694470688
154	-15.1383092295
155	-6.02701468745
156	-4.32437537895
157	-4.06161993891
158	-15.0099724868
159	-4.02388512874
160	-3.69420451962
161	-26.7651427082
162	-4.02388512874
163	-3.69420451962
164	-15.3592936963
165	-4.02388512874
166	-3.95131781343
167	-10.0981119371
168	-4.02388512874
169	-3.95131781343
170	-8.45645571989
171	-4.02388512874
172	-4.06161993891
173	-8.55442824579
174	-3.77694470688
175	-3.95131781343
176	-8.16771056635
177	-4.17691133242
178	-3.69420451962
179	-12.6086970242
180	-4.02388512874
181	-4.06161993891
182	-9.37082390767
183	-4.32437537895
184	-4.06161993891
185	-7.40386941597
186	-4.02388512874
187	-4.23177759307
188	-12.8950858423
189	-3.77694470688
190	-4.23177759307
191	-9.53535745654
192	-12.3181851511
193	-4.06161993891
194	-8.37832125149
195	-9.31002978491
196	-3.95131781343
197	-14.5041676451
198	-4.17691133242
199	-3.69420451962
200	-12.3872355453
201	-4.17691133242
202	-3.95131781343
203	-9.53695998454
204	-4.02388512874
205	-3.69420451962
206	-10.2148147497
207	-3.77694470688
208	-10.7822329344
209	-7.23326437093
210	-4.17691133242
211	-3.95131781343
212	-8.50296353986
213	-3.77694470688
214	-3.69420451962
215	-10.7655187622
216	-3.77694470688
217	-3.69420451962
218	-10.2148147497
219	-4.32437537895
220	-4.23177759307
221	-11.4979772777
222	-3.77694470688
223	-3.95131781343
224	-10.9760715117
225	-4.02388512874
226	-3.69420451962
227	-7.02603592639
228	-3.77694470688
229	-4.23177759307
230	-9.97876034945
231	-4.32437537895
232	-3.95131781343
233	-15.0905845405
234	-9.35087906556
235	-3.95131781343
236	-6.02701468745
237	-3.77694470688
238	-4.23177759307
239	-8.16771056635
240	-4.17691133242
241	-4.06161993891
242	-7.44610837363
243	-4.32437537895
244	-3.95131781343
245	-8.55442824579
246	-4.02388512874
247	-3.95131781343
248	-8.13762446085
249	-4.02388512874
250	-3.69420451962
251	-11.0633798771
252	-9.4398451366
253	-11.8985478675
254	-6.0916955505
255	-11.9522871555
256	-4.23177759307
257	-12.4300518338
258	-3.77694470688
259	-3.69420451962
260	-6.02701468745
261	-3.77694470688
262	-3.69420451962
263	-7.02603592639
264	-4.02388512874
265	-3.95131781343
266	-8.03997945374
267	-3.77694470688
268	-3.95131781343
269	-15.3414349106
270	-4.32437537895
271	-4.06161993891
272	-9.47875239642
273	-4.17691133242
274	-3.95131781343
275	-9.6095514838
276	-3.77694470688
277	-3.95131781343
278	-23.5561344554
279	-3.77694470688
280	-4.23177759307
281	-8.6877163326
282	-4.02388512874
283	-3.95131781343
284	-20.6403074281
285	-4.17691133242
286	-4.23177759307
287	-10.0586020953
288	-9.94779781485
289	-4.06161993891
290	-19.302049014
291	-4.02388512874
292	-3.95131781343
293	-10.877923761
294	-3.77694470688
295	-3.95131781343
296	-7.02603592639
297	-3.77694470688
298	-4.06161993891
299	-7.44610837363
300	-4.17691133242
301	-4.06161993891
302	-8.32509955605
303	-4.02388512874
304	-3.69420451962
305	-6.0916955505
306	-4.17691133242
307	-4.23177759307
308	-10.198436457
309	-4.02388512874
310	-3.69420451962
311	-14.5000210472
312	-4.17691133242
313	-4.06161993891
314	-15.642590468
315	-3.77694470688
316	-3.69420451962
317	-10.5870676495
318	-4.17691133242
319	-3.69420451962
320	-9.68460473477
321	-4.32437537895
322	-4.23177759307
323	-8.56140950388
324	-4.32437537895
325	-4.23177759307
326	-6.0916955505
327	-4.32437537895
328	-4.06161993891
329	-7.82291724764
330	-8.40320475497
331	-4.23177759307
332	-6.02701468745
333	-3.77694470688
334	-3.69420451962
335	-7.44610837363
336	-12.8166156972
337	-3.95131781343
338	-9.88409452849
339	-3.77694470688
340	-4.06161993891
341	-6.02701468745
342	-4.02388512874
343	-9.41791266989
344	-9.47875239642
345	-3.77694470688
346	-3.69420451962
347	-7.02603592639
348	-4.17691133242
349	-3.69420451962
350	-8.55442824579
351	-4.17691133242
352	-3.69420451962
353	-8.56140950388
354	-4.02388512874
355	-4.06161993891
356	-11.9179712725
357	-3.77694470688
358	-3.69420451962
359	-8.16771056635
360	-4.17691133242
361	-3.95131781343
362	-13.524100199
363	-4.17691133242
364	-4.06161993891
365	-10.4190681748
366	-4.32437537895
367	-3.69420451962
368	-12.0450885018
369	-4.02388512874
370	-3.69420451962
371	-10.2148147497
372	-4.02388512874
373	-3.95131781343
374	-8.45645571989
375	-3.77694470688
376	-3.69420451962
377	-10.7891720996
378	-4.32437537895
379	-3.95131781343
380	-13.3225793535
381	-8.40320475497
382	-3.69420451962
383	-10.8262304941
384	-4.02388512874
385	-3.95131781343
386	-6.02701468745
387	-4.02388512874
388	-3.95131781343
389	-12.5397433704
390	-3.77694470688
391	-4.23177759307
392	-6.0916955505
393	-10.081420731
394	-3.69420451962
395	-17.3719036825
396	-4.02388512874
397	-4.06161993891
398	-7.44610837363
399	-4.02388512874
400	-3.95131781343
401	-8.45645571989
402	-8.40320475497
403	-4.23177759307
404	-8.44990201458
405	-4.02388512874
406	-3.95131781343
407	-14.9748544083
408	-3.77694470688
409	-3.69420451962
410	-8.98085886376
411	-4.02388512874
412	-3.69420451962
413	-7.23326437093
414	-4.17691133242
415	-3.69420451962
416	-9.6573201884
417	-4.32437537895
418	-3.95131781343
419	-6.02701468745
420	-4.17691133242
421	-3.69420451962
422	-10.4560964227
423	-4.17691133242
424	-4.23177759307
425	-6.0916955505
426	-8.99603449796
427	-4.23177759307
428	-18.9414715172
429	-3.77694470688
430	-4.06161993891
431	-7.94075970363
432	-3.77694470688
433	-4.23177759307
434	-7.02158962475
435	-4.02388512874
436	-3.69420451962
437	-7.44610837363
438	-3.77694470688
439	-3.69420451962
440	-10.8980704462
441	-4.17691133242
442	-4.23177759307
443	-9.73765265722
444	-4.17691133242
445	-4.06161993891
446	-6.02701468745
447	-3.77694470688
448	-4.23177759307
449	-7.94075970363
450	-3.77694470688
451	-3.95131781343
452	-8.49269362207
453	-4.17691133242
454	-3.69420451962
455	-6.02701468745
456	-4.17691133242
457	-3.95131781343
458	-8.43173171744
459	-3.77694470688
460	-4.06161993891
461	-18.6560920701
462	-3.77694470688
463	-4.06161993891
464	-8.98085886376
465	-4.02388512874
466	-4.06161993891
467	-7.02158962475
468	-3.77694470688
469	-4.23177759307
470	-12.4886902179
471	-16.1588282011
472	-3.69420451962
473	-8.80791577715
474	-3.77694470688
475	-4.23177759307
476	-6.02701468745
477	-4.17691133242
478	-3.95131781343
479	-6.02701468745
480	-4.17691133242
481	-3.69420451962
482	-7.02603592639
483	-3.77694470688
484	-3.69420451962
485	-7.82313102084
486	-4.17691133242
487	-3.95131781343
488	-6.02701468745
