#Site	lnL	
0	-8.50688068124
1	-8.39945342217
2	-21.0225424411
3	-19.8003971267
4	-8.02961383218
5	-14.1415537051
6	-8.50688068124
7	-8.06958865336
8	-13.8829459823
9	-14.2254751398
10	-8.39945342217
11	-14.8750871425
12	-8.55160983889
13	-8.02961383218
14	-12.0079356177
15	-8.50688068124
16	-8.02961383218
17	-16.2963325317
18	-8.15099059413
19	-8.39945342217
20	-12.0079356177
21	-8.15099059413
22	-8.02961383218
23	-16.4171000909
24	-8.10826131908
25	-8.02961383218
26	-13.5792310507
27	-8.15099059413
28	-8.44048383576
29	-17.904390324
30	-8.10826131908
31	-8.06958865336
32	-13.8829459823
33	-8.50688068124
34	-8.02961383218
35	-12.9137158665
36	-8.55160983889
37	-8.06958865336
38	-12.3904738976
39	-8.10826131908
40	-8.02961383218
41	-12.0079356177
42	-8.10826131908
43	-17.6670786263
44	-18.3880187801
45	-8.15099059413
46	-8.06958865336
47	-16.0465804928
48	-8.15099059413
49	-8.02961383218
50	-13.5503954071
51	-8.15099059413
52	-8.44048383576
53	-13.7082662777
54	-8.55160983889
55	-8.06958865336
56	-12.9137158665
57	-8.55160983889
58	-8.02961383218
59	-14.0473632649
60	-8.55160983889
61	-8.02961383218
62	-16.6011552674
63	-8.10826131908
64	-8.06958865336
65	-14.8428677581
66	-8.15099059413
67	-8.39945342217
68	-12.9137158665
69	-8.15099059413
70	-8.39945342217
71	-14.1128459602
72	-8.50688068124
73	-8.06958865336
74	-11.805869487
75	-15.8931052396
76	-8.06958865336
77	-11.805869487
78	-8.50688068124
79	-8.02961383218
80	-13.2552673588
81	-8.10826131908
82	-8.44048383576
83	-15.8136695581
84	-8.50688068124
85	-8.06958865336
86	-17.6699773219
87	-8.15099059413
88	-13.4713791978
89	-19.8573088477
90	-12.6261645013
91	-8.02961383218
92	-18.5634058046
93	-8.50688068124
94	-8.06958865336
95	-14.4514547604
96	-8.15099059413
97	-8.02961383218
98	-14.1415537051
99	-8.10826131908
100	-8.06958865336
101	-20.0734757764
102	-8.10826131908
103	-8.44048383576
104	-12.0079356177
105	-8.55160983889
106	-8.02961383218
107	-14.7063747173
108	-8.15099059413
109	-8.06958865336
110	-12.0079356177
111	-8.15099059413
112	-8.02961383218
113	-12.0079356177
114	-8.55160983889
115	-8.39945342217
116	-17.9717546165
117	-8.10826131908
118	-8.06958865336
119	-14.1442244188
120	-8.15099059413
121	-15.1904365501
122	-12.0079356177
123	-8.15099059413
124	-8.06958865336
125	-12.5718189474
126	-8.15099059413
127	-8.06958865336
128	-14.7671597677
129	-8.15099059413
130	-8.44048383576
131	-15.8164991567
132	-8.10826131908
133	-8.06958865336
134	-13.4930154516
135	-8.50688068124
136	-8.39945342217
137	-11.805869487
138	-8.55160983889
139	-8.06958865336
140	-21.3257979942
141	-8.15099059413
142	-8.39945342217
143	-12.0079356177
144	-8.50688068124
145	-8.06958865336
146	-11.805869487
147	-15.2244019282
148	-8.02961383218
149	-12.3904738976
150	-8.55160983889
151	-8.02961383218
152	-16.9826741029
153	-8.55160983889
154	-8.02961383218
155	-11.805869487
156	-8.50688068124
157	-8.44048383576
158	-15.3224331219
159	-8.50688068124
160	-13.4713791978
161	-16.5605858874
162	-8.10826131908
163	-8.06958865336
164	-15.5351267168
165	-8.10826131908
166	-8.02961383218
167	-12.0079356177
168	-8.10826131908
169	-8.39945342217
170	-12.4330584793
171	-8.15099059413
172	-8.44048383576
173	-13.2552673588
174	-8.50688068124
175	-8.02961383218
176	-16.0651615748
177	-8.50688068124
178	-8.39945342217
179	-14.1442244188
180	-8.15099059413
181	-8.02961383218
182	-13.8829459823
183	-8.15099059413
184	-8.02961383218
185	-12.5718189474
186	-8.15099059413
187	-8.44048383576
188	-16.1155675217
189	-8.15099059413
190	-8.02961383218
191	-14.2878657684
192	-8.55160983889
193	-8.06958865336
194	-11.805869487
195	-8.50688068124
196	-8.39945342217
197	-18.9875782204
198	-12.6801089948
199	-8.39945342217
200	-14.152218545
201	-8.15099059413
202	-8.39945342217
203	-18.461909697
204	-8.15099059413
205	-8.06958865336
206	-15.8615800975
207	-8.10826131908
208	-8.02961383218
209	-11.805869487
210	-8.55160983889
211	-8.44048383576
212	-12.0079356177
213	-8.55160983889
214	-8.39945342217
215	-13.9232069469
216	-8.15099059413
217	-8.44048383576
218	-12.0079356177
219	-8.55160983889
220	-8.06958865336
221	-13.9232069469
222	-8.10826131908
223	-8.06958865336
224	-18.728240271
225	-8.55160983889
226	-8.06958865336
227	-13.4930154516
228	-8.55160983889
229	-8.02961383218
230	-15.9807989538
231	-8.50688068124
232	-8.06958865336
233	-20.5834620854
234	-8.50688068124
235	-8.44048383576
236	-14.3028995814
237	-8.15099059413
238	-17.9995336332
239	-11.805869487
240	-8.15099059413
241	-8.39945342217
242	-15.9648343503
243	-8.50688068124
244	-8.02961383218
245	-14.1128459602
246	-8.10826131908
247	-8.06958865336
248	-13.9501886479
249	-8.15099059413
250	-17.0127355931
251	-13.2536431953
252	-8.15099059413
253	-8.02961383218
254	-12.5718189474
255	-14.8291723162
256	-8.44048383576
257	-12.4330584793
258	-17.0630412622
259	-8.02961383218
260	-14.1415537051
261	-8.15099059413
262	-8.44048383576
263	-14.0898963525
264	-8.55160983889
265	-8.44048383576
266	-13.8829459823
267	-8.15099059413
268	-8.39945342217
269	-11.805869487
270	-8.15099059413
271	-8.44048383576
272	-13.9232069469
273	-8.15099059413
274	-8.06958865336
275	-13.8257675888
276	-8.55160983889
277	-8.02961383218
278	-14.1181658655
279	-8.10826131908
280	-8.06958865336
281	-11.805869487
282	-8.55160983889
283	-8.02961383218
284	-12.0079356177
285	-8.10826131908
286	-8.02961383218
287	-13.5503954071
288	-8.55160983889
289	-8.02961383218
290	-14.1442244188
291	-8.15099059413
292	-8.02961383218
293	-16.102760763
294	-8.50688068124
295	-8.06958865336
296	-15.8924371143
297	-8.55160983889
298	-8.44048383576
299	-11.805869487
300	-8.15099059413
301	-8.02961383218
302	-21.232795775
303	-8.10826131908
304	-8.39945342217
305	-11.805869487
306	-8.55160983889
307	-8.39945342217
308	-11.805869487
309	-8.50688068124
310	-8.44048383576
311	-12.4330584793
312	-8.55160983889
313	-8.44048383576
314	-18.7965656445
315	-8.15099059413
316	-8.02961383218
317	-11.805869487
318	-8.50688068124
319	-8.44048383576
320	-20.1472376474
321	-16.3203372451
322	-8.02961383218
323	-14.7325924636
324	-8.10826131908
325	-8.44048383576
326	-13.8829459823
327	-8.55160983889
328	-8.39945342217
329	-20.6239830291
330	-8.55160983889
331	-8.44048383576
332	-13.8829459823
333	-8.55160983889
334	-8.02961383218
335	-13.2536431953
336	-8.10826131908
337	-8.06958865336
338	-15.8027894923
339	-8.15099059413
340	-8.44048383576
341	-13.9232069469
342	-21.3258118299
343	-8.06958865336
344	-13.8829459823
345	-15.1754481986
346	-8.39945342217
347	-21.7286242059
348	-8.10826131908
349	-8.06958865336
350	-16.4692971003
351	-8.10826131908
352	-8.02961383218
353	-18.8614115745
354	-14.4375433107
355	-8.39945342217
356	-16.0651615748
357	-8.15099059413
358	-8.02961383218
359	-12.0079356177
360	-8.50688068124
361	-8.02961383218
362	-19.4130248169
363	-8.10826131908
364	-8.44048383576
365	-14.1442244188
366	-8.10826131908
367	-8.44048383576
368	-17.8303715869
369	-8.55160983889
370	-8.06958865336
371	-14.3670748068
372	-8.15099059413
373	-8.06958865336
374	-11.805869487
375	-8.50688068124
376	-8.39945342217
377	-16.289922575
378	-8.10826131908
379	-8.06958865336
380	-15.2247736025
381	-8.15099059413
382	-8.02961383218
383	-16.7698353506
384	-8.10826131908
385	-8.02961383218
386	-12.0079356177
387	-8.10826131908
388	-8.44048383576
389	-14.152218545
390	-8.55160983889
391	-8.44048383576
392	-14.1442244188
393	-8.15099059413
394	-8.44048383576
395	-12.9748713325
396	-8.15099059413
397	-8.39945342217
398	-13.0440180604
399	-8.10826131908
400	-8.39945342217
401	-18.0357708307
402	-8.15099059413
403	-8.06958865336
404	-14.7240130285
405	-8.55160983889
406	-8.44048383576
407	-12.4330584793
408	-14.2297271097
409	-8.02961383218
410	-16.1994711442
411	-8.10826131908
412	-8.02961383218
413	-16.6509948549
414	-8.15099059413
415	-8.02961383218
416	-17.6354437921
417	-8.10826131908
418	-17.6297103304
419	-14.1442244188
420	-16.6114554865
421	-8.02961383218
422	-15.0791425055
423	-14.5346318692
424	-8.02961383218
425	-14.4514547604
426	-8.50688068124
427	-8.02961383218
428	-14.1415537051
429	-8.15099059413
430	-8.44048383576
431	-14.0473632649
432	-8.50688068124
433	-8.06958865336
434	-12.5718189474
435	-8.10826131908
436	-15.3346951459
437	-12.9748713325
438	-8.50688068124
439	-8.02961383218
440	-13.2175938865
441	-14.3937059197
442	-8.02961383218
443	-14.6934247366
444	-8.10826131908
445	-8.06958865336
446	-12.0079356177
447	-8.15099059413
448	-8.44048383576
449	-15.5522501721
450	-14.8780030737
451	-8.02961383218
452	-12.5260857523
453	-8.10826131908
454	-8.06958865336
455	-15.4981566635
456	-8.50688068124
457	-8.02961383218
458	-12.0079356177
459	-14.5346318692
460	-8.06958865336
461	-13.4930154516
462	-8.15099059413
463	-8.06958865336
464	-13.8829459823
465	-8.55160983889
466	-8.02961383218
467	-14.1442244188
468	-8.50688068124
469	-8.44048383576
470	-16.4692971003
471	-16.2491117183
472	-8.06958865336
473	-13.8829459823
474	-8.10826131908
475	-8.02961383218
476	-14.0898963525
477	-8.50688068124
478	-8.02961383218
479	-13.8829459823
480	-8.55160983889
481	-8.39945342217
482	-13.2552673588
483	-8.15099059413
484	-8.06958865336
485	-13.2175938865
486	-8.15099059413
487	-8.06958865336
488	-15.1979075787
