#Site	lnL	
0	-2.97936494805
1	-2.91674169285
2	-6.18816334084
3	-11.1031037323
4	-3.32756333793
5	-8.35605782921
6	-2.75303107513
7	-7.45757529661
8	-16.6493893834
9	-2.75303107513
10	-2.91674169285
11	-8.042830486
12	-3.15032913339
13	-2.67471351794
14	-4.94472588989
15	-2.75303107513
16	-2.67471351794
17	-8.62773728607
18	-3.15032913339
19	-2.67471351794
20	-6.25827943112
21	-3.15032913339
22	-3.04329336273
23	-4.07705460035
24	-8.73081686399
25	-3.04329336273
26	-4.07705460035
27	-3.15032913339
28	-3.04329336273
29	-15.6932150252
30	-2.75303107513
31	-3.32756333793
32	-6.25827943112
33	-3.41485760412
34	-2.67471351794
35	-7.66871423869
36	-3.15032913339
37	-2.67471351794
38	-4.99377100877
39	-2.75303107513
40	-2.67471351794
41	-6.14093372917
42	-2.75303107513
43	-7.44415097409
44	-12.4853876318
45	-2.97936494805
46	-2.91674169285
47	-13.7718348931
48	-3.41485760412
49	-2.91674169285
50	-6.58123189506
51	-2.75303107513
52	-2.67471351794
53	-4.99377100877
54	-2.75303107513
55	-3.32756333793
56	-11.7087227777
57	-2.75303107513
58	-2.67471351794
59	-12.2869617479
60	-2.97936494805
61	-7.97621930519
62	-4.07705460035
63	-2.75303107513
64	-3.32756333793
65	-7.54532263731
66	-2.97936494805
67	-2.67471351794
68	-7.71273850385
69	-7.37841396085
70	-2.67471351794
71	-9.1315467355
72	-2.97936494805
73	-3.04329336273
74	-8.17523414261
75	-2.97936494805
76	-3.04329336273
77	-9.18790767264
78	-3.41485760412
79	-2.67471351794
80	-4.06148830972
81	-2.75303107513
82	-2.67471351794
83	-5.98580811477
84	-2.75303107513
85	-3.04329336273
86	-4.94472588989
87	-3.15032913339
88	-8.4135496621
89	-6.14093372917
90	-6.87248602962
91	-2.67471351794
92	-8.13460240353
93	-2.75303107513
94	-2.67471351794
95	-6.37025308944
96	-10.996206176
97	-2.91674169285
98	-4.07705460035
99	-2.75303107513
100	-3.04329336273
101	-7.41884939359
102	-2.75303107513
103	-3.04329336273
104	-6.93121966052
105	-3.15032913339
106	-3.04329336273
107	-4.07705460035
108	-2.97936494805
109	-2.67471351794
110	-4.99377100877
111	-2.97936494805
112	-2.67471351794
113	-7.81273617476
114	-3.41485760412
115	-3.32756333793
116	-13.0921581272
117	-2.97936494805
118	-3.32756333793
119	-7.71273850385
120	-12.6999262646
121	-3.04329336273
122	-16.5611558844
123	-2.97936494805
124	-3.04329336273
125	-5.85727038645
126	-2.97936494805
127	-2.91674169285
128	-6.41998482179
129	-2.75303107513
130	-2.67471351794
131	-7.38638603824
132	-2.97936494805
133	-2.91674169285
134	-6.41998482179
135	-6.90528346699
136	-2.67471351794
137	-4.94472588989
138	-3.41485760412
139	-3.32756333793
140	-8.11384910342
141	-2.97936494805
142	-2.67471351794
143	-10.4311534235
144	-2.97936494805
145	-3.04329336273
146	-11.7604840939
147	-2.97936494805
148	-3.04329336273
149	-12.0203431328
150	-2.75303107513
151	-2.67471351794
152	-12.8280471422
153	-3.15032913339
154	-3.32756333793
155	-4.07705460035
156	-2.97936494805
157	-3.04329336273
158	-15.9080817655
159	-2.75303107513
160	-3.04329336273
161	-11.0401328574
162	-3.15032913339
163	-2.67471351794
164	-4.06148830972
165	-3.41485760412
166	-2.91674169285
167	-9.30505674128
168	-3.41485760412
169	-2.91674169285
170	-8.53957177549
171	-2.75303107513
172	-2.67471351794
173	-10.4169982789
174	-2.75303107513
175	-3.32756333793
176	-6.37025308944
177	-2.97936494805
178	-3.04329336273
179	-8.11384910342
180	-2.97936494805
181	-2.67471351794
182	-11.514012932
183	-2.75303107513
184	-3.04329336273
185	-9.68514008444
186	-2.97936494805
187	-3.32756333793
188	-5.85727038645
189	-2.97936494805
190	-2.91674169285
191	-4.99377100877
192	-2.75303107513
193	-2.67471351794
194	-6.58123189506
195	-3.15032913339
196	-2.91674169285
197	-11.6272792158
198	-2.97936494805
199	-3.32756333793
200	-12.3460702484
201	-2.97936494805
202	-2.67471351794
203	-4.07705460035
204	-2.75303107513
205	-16.2348775331
206	-7.94494782562
207	-6.85518125488
208	-2.67471351794
209	-4.06148830972
210	-3.15032913339
211	-2.91674169285
212	-4.07705460035
213	-3.41485760412
214	-2.67471351794
215	-7.41884939359
216	-2.97936494805
217	-2.91674169285
218	-8.0595103079
219	-3.15032913339
220	-2.67471351794
221	-4.06148830972
222	-3.15032913339
223	-2.91674169285
224	-7.98931559537
225	-2.97936494805
226	-3.04329336273
227	-8.41725833439
228	-2.75303107513
229	-2.67471351794
230	-15.0159996149
231	-3.41485760412
232	-7.48346428817
233	-9.97452679816
234	-2.75303107513
235	-3.04329336273
236	-7.94494782562
237	-2.75303107513
238	-9.33865165101
239	-4.94472588989
240	-3.15032913339
241	-3.32756333793
242	-7.38638603824
243	-3.41485760412
244	-3.04329336273
245	-4.94472588989
246	-8.38670107591
247	-3.04329336273
248	-4.07705460035
249	-2.75303107513
250	-2.67471351794
251	-4.06148830972
252	-3.15032913339
253	-2.67471351794
254	-4.06148830972
255	-2.75303107513
256	-3.04329336273
257	-6.14093372917
258	-2.97936494805
259	-2.67471351794
260	-7.38638603824
261	-3.15032913339
262	-2.67471351794
263	-4.06148830972
264	-3.15032913339
265	-2.91674169285
266	-4.94472588989
267	-2.75303107513
268	-3.04329336273
269	-4.94472588989
270	-2.75303107513
271	-2.91674169285
272	-9.70351127895
273	-3.41485760412
274	-2.91674169285
275	-9.25088694303
276	-2.97936494805
277	-2.67471351794
278	-14.7495286417
279	-8.47395065061
280	-2.91674169285
281	-11.5349650898
282	-6.80423351203
283	-2.91674169285
284	-12.2290948117
285	-2.97936494805
286	-3.04329336273
287	-7.38638603824
288	-3.15032913339
289	-2.91674169285
290	-8.29225120532
291	-2.75303107513
292	-2.91674169285
293	-7.67014118236
294	-3.15032913339
295	-3.04329336273
296	-7.62635687489
297	-2.75303107513
298	-2.67471351794
299	-5.85727038645
300	-2.75303107513
301	-2.91674169285
302	-7.71273850385
303	-2.97936494805
304	-2.91674169285
305	-10.090544641
306	-8.09676720641
307	-2.67471351794
308	-12.6752997226
309	-3.15032913339
310	-2.67471351794
311	-8.49999762651
312	-2.97936494805
313	-2.67471351794
314	-10.7474015316
315	-2.75303107513
316	-2.67471351794
317	-7.32191256698
318	-3.41485760412
319	-8.94429653013
320	-13.2884951412
321	-6.80423351203
322	-2.67471351794
323	-8.2543970173
324	-2.75303107513
325	-2.91674169285
326	-9.80970126829
327	-3.41485760412
328	-3.32756333793
329	-7.66649390731
330	-2.97936494805
331	-7.4077229665
332	-8.49999762651
333	-12.6999262646
334	-2.91674169285
335	-7.66649390731
336	-3.41485760412
337	-3.32756333793
338	-4.06148830972
339	-8.73081686399
340	-2.91674169285
341	-4.07705460035
342	-3.41485760412
343	-2.67471351794
344	-7.40603118836
345	-2.97936494805
346	-3.04329336273
347	-7.63056325371
348	-3.15032913339
349	-2.91674169285
350	-4.99377100877
351	-2.75303107513
352	-3.32756333793
353	-7.38638603824
354	-3.41485760412
355	-2.91674169285
356	-7.6671784014
357	-2.75303107513
358	-2.67471351794
359	-4.06148830972
360	-3.41485760412
361	-3.32756333793
362	-4.07705460035
363	-2.75303107513
364	-2.67471351794
365	-4.99377100877
366	-3.41485760412
367	-3.04329336273
368	-4.06148830972
369	-3.15032913339
370	-2.67471351794
371	-7.70402475242
372	-12.3394798249
373	-11.8658352216
374	-8.29225120532
375	-3.41485760412
376	-2.91674169285
377	-8.53957177549
378	-2.75303107513
379	-3.04329336273
380	-6.14093372917
381	-3.15032913339
382	-2.91674169285
383	-6.18816334084
384	-3.41485760412
385	-3.32756333793
386	-4.94472588989
387	-15.4630492964
388	-2.67471351794
389	-8.41231420084
390	-2.75303107513
391	-2.67471351794
392	-4.07705460035
393	-2.75303107513
394	-3.04329336273
395	-9.3657968148
396	-2.97936494805
397	-2.91674169285
398	-4.06148830972
399	-3.41485760412
400	-2.67471351794
401	-8.51164204092
402	-8.99464532191
403	-9.90868884563
404	-10.1484993962
405	-3.41485760412
406	-2.67471351794
407	-6.37025308944
408	-2.97936494805
409	-3.04329336273
410	-11.7572411143
411	-2.97936494805
412	-2.67471351794
413	-7.66649390731
414	-11.8081448918
415	-2.67471351794
416	-14.1796660566
417	-3.15032913339
418	-3.04329336273
419	-11.4415410485
420	-8.78289564315
421	-3.32756333793
422	-4.06148830972
423	-3.41485760412
424	-2.67471351794
425	-11.9909419262
426	-2.97936494805
427	-3.32756333793
428	-11.3782932343
429	-7.38444018918
430	-3.32756333793
431	-11.7106982262
432	-3.41485760412
433	-9.28713979566
434	-7.71273850385
435	-3.41485760412
436	-3.32756333793
437	-13.2186805782
438	-3.41485760412
439	-3.32756333793
440	-4.99377100877
441	-2.97936494805
442	-2.91674169285
443	-7.67014118236
444	-3.15032913339
445	-2.67471351794
446	-18.4244121836
447	-7.33465068933
448	-2.67471351794
449	-5.90312827853
450	-3.41485760412
451	-2.91674169285
452	-5.85727038645
453	-2.75303107513
454	-3.32756333793
455	-6.58123189506
456	-2.75303107513
457	-3.04329336273
458	-4.94472588989
459	-3.41485760412
460	-3.04329336273
461	-7.38638603824
462	-7.33465068933
463	-3.04329336273
464	-4.99377100877
465	-2.97936494805
466	-3.04329336273
467	-10.1560659641
468	-2.75303107513
469	-7.45757529661
470	-4.07705460035
471	-9.92465575969
472	-2.91674169285
473	-7.38638603824
474	-2.75303107513
475	-2.91674169285
476	-7.32191256698
477	-2.97936494805
478	-3.04329336273
479	-11.6908800528
480	-2.75303107513
481	-3.04329336273
482	-4.99377100877
483	-2.75303107513
484	-2.91674169285
485	-8.13460240353
486	-3.41485760412
487	-2.67471351794
488	-11.0848865196
