-7.643256462132157480e-01
-4.755679009540756952e-01
-8.189774901265046703e-01
2.714259982429357176e+00
-8.651313939172008416e-01
2.150623208174796464e+00
-4.346661246261509959e+00
-2.744276890440946470e+00
-3.570522574071298916e+00
-5.623847506775630833e+00
-3.791372271654334103e+00
-4.006222577894652304e+00
-6.122951086493796602e+00
-5.371939466185431833e+00
-5.401782675252863264e+00
-4.759808555815647324e+00
-6.159250598210502581e+00
-5.061507540935391347e+00
-5.080564849135911665e+00
-5.980347694505544709e+00
