#Site	lnL	
0	-1.34919260971
1	-1.74181820164
2	-5.71312658688
3	-1.80819340088
4	-1.27603031816
5	-8.59293189377
6	-6.63893127573
7	-1.74181820164
8	-3.25210804356
9	-7.1053831247
10	-1.30294414027
11	-8.21254544389
12	-1.63233682344
13	-1.30294414027
14	-6.46564091422
15	-1.80819340088
16	-1.30294414027
17	-8.33377869749
18	-1.32917736844
19	-1.27603031816
20	-3.48866766592
21	-1.80819340088
22	-1.27603031816
23	-5.21647326258
24	-1.34919260971
25	-1.27603031816
26	-8.37930692649
27	-1.80819340088
28	-1.74181820164
29	-4.94623022235
30	-1.32917736844
31	-1.74181820164
32	-3.48866766592
33	-1.34919260971
34	-1.30294414027
35	-4.62238671366
36	-1.80819340088
37	-1.30294414027
38	-7.851143274
39	-1.34919260971
40	-1.74181820164
41	-3.25210804356
42	-1.34919260971
43	-1.27603031816
44	-7.81961748255
45	-1.63233682344
46	-1.56460852976
47	-8.14364476853
48	-1.32917736844
49	-1.74181820164
50	-4.44828094733
51	-1.63233682344
52	-1.30294414027
53	-9.79495606042
54	-1.34919260971
55	-1.27603031816
56	-9.49611342911
57	-1.63233682344
58	-1.30294414027
59	-5.25688296844
60	-1.63233682344
61	-1.74181820164
62	-5.66657304716
63	-6.03259553468
64	-1.74181820164
65	-4.62238671366
66	-1.63233682344
67	-1.30294414027
68	-3.25210804356
69	-1.34919260971
70	-8.83370745504
71	-4.62238671366
72	-1.34919260971
73	-1.27603031816
74	-7.63198182992
75	-1.34919260971
76	-1.27603031816
77	-6.1037814248
78	-1.34919260971
79	-1.74181820164
80	-4.44828094733
81	-1.63233682344
82	-1.30294414027
83	-9.03860263068
84	-1.34919260971
85	-1.56460852976
86	-3.25210804356
87	-1.34919260971
88	-1.27603031816
89	-6.11719782087
90	-1.32917736844
91	-1.27603031816
92	-10.6538742325
93	-1.34919260971
94	-1.27603031816
95	-5.48279474247
96	-1.34919260971
97	-1.30294414027
98	-4.44828094733
99	-1.80819340088
100	-1.56460852976
101	-3.25210804356
102	-1.63233682344
103	-1.27603031816
104	-3.48866766592
105	-1.32917736844
106	-1.74181820164
107	-5.71312658688
108	-8.67689907155
109	-1.56460852976
110	-9.29283590349
111	-1.80819340088
112	-1.56460852976
113	-8.32629563524
114	-1.32917736844
115	-1.30294414027
116	-7.10252573913
117	-1.32917736844
118	-1.56460852976
119	-7.12858014058
120	-1.80819340088
121	-1.74181820164
122	-6.05117315627
123	-1.34919260971
124	-1.30294414027
125	-8.75827208398
126	-1.32917736844
127	-1.56460852976
128	-3.48866766592
129	-1.32917736844
130	-1.56460852976
131	-6.1037814248
132	-1.32917736844
133	-1.56460852976
134	-7.851143274
135	-1.32917736844
136	-1.30294414027
137	-5.25688296844
138	-1.32917736844
139	-1.30294414027
140	-4.77716127787
141	-1.34919260971
142	-1.56460852976
143	-3.48866766592
144	-8.17486754444
145	-1.27603031816
146	-10.2773020956
147	-6.0022897188
148	-1.56460852976
149	-4.44828094733
150	-1.32917736844
151	-6.56876246273
152	-8.25336889026
153	-6.84972621583
154	-1.30294414027
155	-5.71312658688
156	-1.34919260971
157	-1.30294414027
158	-5.21647326258
159	-1.34919260971
160	-7.21814587096
161	-7.5410158563
162	-1.34919260971
163	-1.30294414027
164	-8.17485799474
165	-1.80819340088
166	-1.56460852976
167	-4.62238671366
168	-1.80819340088
169	-1.30294414027
170	-9.33008045601
171	-1.32917736844
172	-1.27603031816
173	-11.1823603424
174	-1.34919260971
175	-1.27603031816
176	-11.769726827
177	-1.34919260971
178	-1.74181820164
179	-5.8464788518
180	-1.34919260971
181	-1.74181820164
182	-4.62238671366
183	-1.63233682344
184	-1.30294414027
185	-5.84117793869
186	-1.63233682344
187	-1.30294414027
188	-13.8561122536
189	-1.34919260971
190	-1.27603031816
191	-9.98596474439
192	-1.63233682344
193	-1.56460852976
194	-3.48866766592
195	-1.63233682344
196	-8.8527576468
197	-8.80275933819
198	-14.6083567705
199	-1.30294414027
200	-7.57686565521
201	-1.34919260971
202	-1.74181820164
203	-5.31258705791
204	-1.32917736844
205	-1.27603031816
206	-4.77716127787
207	-1.34919260971
208	-1.30294414027
209	-4.44828094733
210	-1.34919260971
211	-1.56460852976
212	-3.48866766592
213	-1.63233682344
214	-7.42469126214
215	-5.21647326258
216	-1.32917736844
217	-1.27603031816
218	-4.62238671366
219	-1.63233682344
220	-1.27603031816
221	-3.25210804356
222	-1.34919260971
223	-1.27603031816
224	-5.3409235321
225	-1.34919260971
226	-7.55572009403
227	-9.71431941391
228	-1.34919260971
229	-1.74181820164
230	-4.99061718174
231	-1.34919260971
232	-1.30294414027
233	-5.43484685793
234	-1.80819340088
235	-1.27603031816
236	-3.48866766592
237	-1.63233682344
238	-7.02028340912
239	-3.48866766592
240	-1.63233682344
241	-1.56460852976
242	-9.16923378919
243	-1.32917736844
244	-1.27603031816
245	-8.20309797759
246	-1.32917736844
247	-6.56876246273
248	-3.25210804356
249	-1.32917736844
250	-1.30294414027
251	-5.43484685793
252	-1.34919260971
253	-1.74181820164
254	-6.30547576364
255	-1.32917736844
256	-1.30294414027
257	-7.75786027876
258	-1.32917736844
259	-1.30294414027
260	-4.44828094733
261	-1.34919260971
262	-1.74181820164
263	-3.25210804356
264	-1.63233682344
265	-1.27603031816
266	-7.57349338431
267	-1.34919260971
268	-1.27603031816
269	-3.48866766592
270	-1.80819340088
271	-1.74181820164
272	-7.64926188826
273	-1.63233682344
274	-1.74181820164
275	-11.0913660403
276	-1.32917736844
277	-8.51520934065
278	-3.25210804356
279	-6.24373685215
280	-1.56460852976
281	-6.99377578684
282	-1.34919260971
283	-1.27603031816
284	-3.25210804356
285	-1.80819340088
286	-1.74181820164
287	-10.4797671405
288	-1.32917736844
289	-1.27603031816
290	-8.95765071391
291	-1.80819340088
292	-1.30294414027
293	-3.48866766592
294	-1.63233682344
295	-1.27603031816
296	-8.46109004205
297	-1.34919260971
298	-1.30294414027
299	-3.48866766592
300	-1.34919260971
301	-1.27603031816
302	-8.31854099956
303	-1.32917736844
304	-1.56460852976
305	-5.84117793869
306	-8.31322953343
307	-1.30294414027
308	-4.80077544337
309	-1.34919260971
310	-1.27603031816
311	-5.3409235321
312	-1.34919260971
313	-1.27603031816
314	-14.2240104661
315	-1.32917736844
316	-6.58511677384
317	-9.83550496509
318	-1.34919260971
319	-1.30294414027
320	-4.44828094733
321	-1.34919260971
322	-1.27603031816
323	-4.62238671366
324	-1.34919260971
325	-1.74181820164
326	-4.94623022235
327	-1.63233682344
328	-1.74181820164
329	-9.03652768678
330	-12.9591091484
331	-1.27603031816
332	-6.31532669642
333	-1.32917736844
334	-1.30294414027
335	-7.76105533786
336	-1.34919260971
337	-1.30294414027
338	-4.44828094733
339	-1.80819340088
340	-1.27603031816
341	-10.9144720401
342	-1.63233682344
343	-1.27603031816
344	-3.25210804356
345	-1.32917736844
346	-1.30294414027
347	-3.48866766592
348	-1.32917736844
349	-1.56460852976
350	-8.55894781561
351	-1.32917736844
352	-1.56460852976
353	-3.25210804356
354	-1.34919260971
355	-1.30294414027
356	-6.1037814248
357	-1.34919260971
358	-1.30294414027
359	-9.28645174771
360	-1.32917736844
361	-1.74181820164
362	-12.0384479668
363	-1.34919260971
364	-1.56460852976
365	-7.12858014058
366	-1.63233682344
367	-1.30294414027
368	-7.76266292804
369	-1.34919260971
370	-1.56460852976
371	-9.45061710578
372	-1.32917736844
373	-1.74181820164
374	-6.11719782087
375	-8.82160368682
376	-1.27603031816
377	-6.14350021704
378	-1.32917736844
379	-6.80633092933
380	-3.25210804356
381	-1.32917736844
382	-1.27603031816
383	-3.48866766592
384	-6.0022897188
385	-1.27603031816
386	-4.62238671366
387	-1.32917736844
388	-1.30294414027
389	-3.25210804356
390	-1.34919260971
391	-1.30294414027
392	-5.48279474247
393	-1.80819340088
394	-1.56460852976
395	-8.43857036054
396	-6.0022897188
397	-1.27603031816
398	-12.6810054707
399	-1.80819340088
400	-1.27603031816
401	-7.7316070236
402	-1.34919260971
403	-1.27603031816
404	-12.3674270321
405	-1.34919260971
406	-1.74181820164
407	-8.21852701439
408	-1.34919260971
409	-1.74181820164
410	-3.25210804356
411	-11.2278303105
412	-1.27603031816
413	-4.80077544337
414	-1.63233682344
415	-1.30294414027
416	-5.63269900234
417	-1.80819340088
418	-1.74181820164
419	-9.22408933364
420	-1.80819340088
421	-1.27603031816
422	-8.84873217012
423	-1.63233682344
424	-1.74181820164
425	-4.62238671366
426	-1.63233682344
427	-8.90869335933
428	-7.57349338431
429	-1.32917736844
430	-1.27603031816
431	-6.11719782087
432	-1.34919260971
433	-1.74181820164
434	-8.69802357171
435	-1.32917736844
436	-1.74181820164
437	-6.05117315627
438	-14.2729155605
439	-1.56460852976
440	-3.25210804356
441	-1.34919260971
442	-1.27603031816
443	-8.84873217012
444	-1.63233682344
445	-11.8475462845
446	-9.24510323051
447	-1.34919260971
448	-1.30294414027
449	-10.5001265007
450	-1.63233682344
451	-1.27603031816
452	-8.55968673169
453	-11.0397214769
454	-1.27603031816
455	-15.7879693019
456	-1.34919260971
457	-1.27603031816
458	-5.79740280565
459	-1.32917736844
460	-1.27603031816
461	-6.06382570318
462	-1.34919260971
463	-1.27603031816
464	-3.48866766592
465	-1.63233682344
466	-1.56460852976
467	-3.25210804356
468	-1.32917736844
469	-1.56460852976
470	-8.88506117825
471	-1.32917736844
472	-1.56460852976
473	-3.25210804356
474	-1.32917736844
475	-11.6303504335
476	-16.8974282959
477	-1.32917736844
478	-1.27603031816
479	-4.99061718174
480	-1.34919260971
481	-1.30294414027
482	-4.80077544337
483	-1.32917736844
484	-11.8324771777
485	-16.9312401118
486	-1.80819340088
487	-1.74181820164
488	-6.30547576364
