#Site	lnL	
0	-4.39038918709
1	-3.80313112187
2	-12.7550628651
3	-4.47792006747
4	-3.94570419485
5	-11.4985346356
6	-3.88043222037
7	-3.94570419485
8	-11.3697854854
9	-3.88043222037
10	-4.280473624
11	-7.20875543
12	-3.88043222037
13	-4.35346280788
14	-10.3210653758
15	-4.02812713791
16	-4.280473624
17	-10.7358815262
18	-4.02812713791
19	-4.35346280788
20	-7.20875543
21	-3.88043222037
22	-3.80313112187
23	-10.9304907383
24	-4.47792006747
25	-3.80313112187
26	-9.39140715331
27	-13.5901026319
28	-3.94570419485
29	-9.12775728822
30	-4.47792006747
31	-4.35346280788
32	-8.72531608754
33	-4.02812713791
34	-4.35346280788
35	-8.59030390236
36	-3.88043222037
37	-3.94570419485
38	-10.0294066344
39	-4.02812713791
40	-4.35346280788
41	-11.9969998782
42	-4.47792006747
43	-4.35346280788
44	-5.76976247657
45	-4.39038918709
46	-3.94570419485
47	-6.08086466327
48	-4.47792006747
49	-3.80313112187
50	-8.06071585472
51	-3.88043222037
52	-4.280473624
53	-15.6784770323
54	-4.39038918709
55	-4.35346280788
56	-7.18725436123
57	-4.39038918709
58	-3.94570419485
59	-17.783732486
60	-4.39038918709
61	-3.94570419485
62	-8.29727203325
63	-4.02812713791
64	-3.94570419485
65	-9.07421428813
66	-10.7297041648
67	-4.35346280788
68	-5.76976247657
69	-10.3402561001
70	-3.94570419485
71	-12.8143068228
72	-4.39038918709
73	-4.35346280788
74	-7.92086444185
75	-4.02812713791
76	-4.35346280788
77	-14.0172907905
78	-4.39038918709
79	-3.80313112187
80	-9.83512067376
81	-3.88043222037
82	-3.80313112187
83	-6.08086466327
84	-4.02812713791
85	-4.280473624
86	-5.76976247657
87	-3.88043222037
88	-3.80313112187
89	-8.88380694465
90	-4.02812713791
91	-4.35346280788
92	-9.633473287
93	-4.39038918709
94	-3.94570419485
95	-10.7358815262
96	-4.39038918709
97	-3.94570419485
98	-5.76976247657
99	-8.42397541146
100	-3.80313112187
101	-11.2747834583
102	-3.88043222037
103	-4.280473624
104	-5.76976247657
105	-3.88043222037
106	-3.94570419485
107	-12.579121979
108	-3.88043222037
109	-3.80313112187
110	-8.9067567137
111	-3.88043222037
112	-3.80313112187
113	-5.76976247657
114	-4.47792006747
115	-4.35346280788
116	-7.6785278404
117	-3.88043222037
118	-3.80313112187
119	-8.46786805493
120	-4.02812713791
121	-4.280473624
122	-7.20875543
123	-3.88043222037
124	-4.280473624
125	-8.83188549701
126	-20.0006067018
127	-3.94570419485
128	-8.59030390236
129	-14.1492830702
130	-3.80313112187
131	-8.9067567137
132	-3.88043222037
133	-3.94570419485
134	-7.18725436123
135	-3.88043222037
136	-3.80313112187
137	-13.6061684907
138	-3.88043222037
139	-4.280473624
140	-10.8856918638
141	-4.39038918709
142	-3.94570419485
143	-12.963631691
144	-4.47792006747
145	-3.94570419485
146	-9.12775728822
147	-4.39038918709
148	-4.35346280788
149	-10.8990277477
150	-4.47792006747
151	-4.35346280788
152	-11.4481917855
153	-10.6720577556
154	-4.280473624
155	-10.7542138554
156	-4.47792006747
157	-4.280473624
158	-14.8089209214
159	-4.39038918709
160	-3.80313112187
161	-9.41435875443
162	-4.39038918709
163	-3.80313112187
164	-9.25279118115
165	-4.02812713791
166	-3.94570419485
167	-7.20875543
168	-4.47792006747
169	-3.80313112187
170	-7.20875543
171	-4.47792006747
172	-3.94570419485
173	-8.59030390236
174	-3.88043222037
175	-4.35346280788
176	-6.08086466327
177	-4.47792006747
178	-4.280473624
179	-9.62818589657
180	-3.88043222037
181	-3.80313112187
182	-13.442547703
183	-3.88043222037
184	-9.99760822342
185	-6.08086466327
186	-11.655339794
187	-3.80313112187
188	-13.006521154
189	-4.39038918709
190	-3.80313112187
191	-7.20875543
192	-3.88043222037
193	-3.94570419485
194	-7.28915393462
195	-4.47792006747
196	-3.94570419485
197	-9.47127650707
198	-4.39038918709
199	-3.80313112187
200	-23.8134959168
201	-15.1088528866
202	-4.280473624
203	-11.4053852132
204	-4.47792006747
205	-3.80313112187
206	-17.8720492568
207	-8.10819277398
208	-3.80313112187
209	-6.08086466327
210	-4.39038918709
211	-3.94570419485
212	-12.6831979891
213	-4.47792006747
214	-3.80313112187
215	-7.41374836366
216	-17.920766694
217	-3.80313112187
218	-7.41765900309
219	-4.02812713791
220	-3.94570419485
221	-7.41765900309
222	-4.02812713791
223	-3.80313112187
224	-21.2210860877
225	-4.02812713791
226	-4.280473624
227	-8.4573179756
228	-4.47792006747
229	-4.35346280788
230	-15.7694998371
231	-3.88043222037
232	-3.80313112187
233	-8.34308647151
234	-4.02812713791
235	-4.280473624
236	-8.34308647151
237	-9.17967094255
238	-4.35346280788
239	-17.1281765968
240	-4.02812713791
241	-4.35346280788
242	-6.08086466327
243	-4.02812713791
244	-4.35346280788
245	-5.76976247657
246	-4.39038918709
247	-4.35346280788
248	-8.1672895231
249	-4.02812713791
250	-3.94570419485
251	-10.6252258027
252	-4.47792006747
253	-4.280473624
254	-12.1124779907
255	-3.88043222037
256	-4.280473624
257	-10.5567896729
258	-3.88043222037
259	-4.35346280788
260	-10.2967650647
261	-3.88043222037
262	-4.35346280788
263	-8.62316698171
264	-4.47792006747
265	-4.35346280788
266	-7.41765900309
267	-3.88043222037
268	-3.80313112187
269	-5.76976247657
270	-4.02812713791
271	-9.931056409
272	-10.9189850817
273	-3.88043222037
274	-3.80313112187
275	-10.4697270286
276	-3.88043222037
277	-3.94570419485
278	-8.29727203325
279	-4.02812713791
280	-4.280473624
281	-8.65241333761
282	-4.02812713791
283	-4.280473624
284	-7.41374836366
285	-3.88043222037
286	-3.80313112187
287	-9.67960678736
288	-3.88043222037
289	-4.35346280788
290	-9.633473287
291	-3.88043222037
292	-3.94570419485
293	-6.08086466327
294	-4.02812713791
295	-3.94570419485
296	-10.743446268
297	-3.88043222037
298	-18.6203074597
299	-8.1672895231
300	-4.02812713791
301	-4.280473624
302	-7.6785278404
303	-3.88043222037
304	-3.80313112187
305	-6.08086466327
306	-4.02812713791
307	-10.5367634208
308	-7.20875543
309	-9.13610795538
310	-4.280473624
311	-14.7913203232
312	-4.47792006747
313	-3.80313112187
314	-7.66491620195
315	-4.39038918709
316	-4.280473624
317	-7.6785278404
318	-3.88043222037
319	-9.18038544555
320	-9.62373453259
321	-4.39038918709
322	-3.94570419485
323	-5.76976247657
324	-4.02812713791
325	-4.35346280788
326	-8.72531608754
327	-3.88043222037
328	-3.94570419485
329	-11.7910668811
330	-4.02812713791
331	-3.94570419485
332	-6.08086466327
333	-4.47792006747
334	-4.280473624
335	-5.76976247657
336	-8.16738216527
337	-3.94570419485
338	-10.5822530569
339	-4.47792006747
340	-3.94570419485
341	-8.71773425704
342	-4.47792006747
343	-3.80313112187
344	-9.18377100827
345	-4.02812713791
346	-3.94570419485
347	-8.76698917222
348	-4.02812713791
349	-3.94570419485
350	-6.08086466327
351	-4.02812713791
352	-4.280473624
353	-10.8739005938
354	-3.88043222037
355	-3.94570419485
356	-6.08086466327
357	-12.233839347
358	-17.3571910239
359	-5.76976247657
360	-3.88043222037
361	-17.1853045081
362	-6.08086466327
363	-3.88043222037
364	-4.280473624
365	-9.07421428813
366	-4.39038918709
367	-3.94570419485
368	-6.08086466327
369	-4.02812713791
370	-3.94570419485
371	-13.9019324036
372	-4.02812713791
373	-3.80313112187
374	-10.8467906677
375	-3.88043222037
376	-9.90147830783
377	-7.41374836366
378	-4.02812713791
379	-4.35346280788
380	-8.46786805493
381	-4.39038918709
382	-3.94570419485
383	-7.20875543
384	-4.39038918709
385	-3.80313112187
386	-7.20875543
387	-3.88043222037
388	-4.280473624
389	-5.76976247657
390	-3.88043222037
391	-3.80313112187
392	-9.62373453259
393	-4.02812713791
394	-3.94570419485
395	-11.0434652974
396	-4.39038918709
397	-3.80313112187
398	-14.0754297952
399	-8.16738216527
400	-3.80313112187
401	-7.6785278404
402	-4.39038918709
403	-3.94570419485
404	-8.4573179756
405	-8.37104027735
406	-3.94570419485
407	-7.6785278404
408	-4.02812713791
409	-4.35346280788
410	-12.8840524961
411	-3.88043222037
412	-3.80313112187
413	-8.34308647151
414	-4.39038918709
415	-3.94570419485
416	-11.4210915473
417	-4.47792006747
418	-3.80313112187
419	-9.13308854599
420	-4.39038918709
421	-3.94570419485
422	-6.08086466327
423	-4.47792006747
424	-3.94570419485
425	-6.08086466327
426	-3.88043222037
427	-3.80313112187
428	-10.4563477519
429	-8.16738216527
430	-4.280473624
431	-12.2305624665
432	-4.39038918709
433	-4.280473624
434	-6.08086466327
435	-3.88043222037
436	-4.35346280788
437	-5.76976247657
438	-18.3343263181
439	-3.94570419485
440	-9.01369132564
441	-4.02812713791
442	-4.280473624
443	-7.18725436123
444	-4.39038918709
445	-3.80313112187
446	-10.6110436727
447	-8.67769126141
448	-3.94570419485
449	-6.08086466327
450	-3.88043222037
451	-14.0053044727
452	-5.76976247657
453	-3.88043222037
454	-3.80313112187
455	-7.18725436123
456	-4.02812713791
457	-3.80313112187
458	-6.08086466327
459	-4.39038918709
460	-3.94570419485
461	-6.08086466327
462	-3.88043222037
463	-3.80313112187
464	-6.08086466327
465	-4.47792006747
466	-3.80313112187
467	-6.08086466327
468	-4.02812713791
469	-3.94570419485
470	-9.13308854599
471	-3.88043222037
472	-3.80313112187
473	-7.28915393462
474	-4.39038918709
475	-3.80313112187
476	-8.59030390236
477	-3.88043222037
478	-3.80313112187
479	-11.305540075
480	-14.2245371859
481	-3.80313112187
482	-6.08086466327
483	-4.02812713791
484	-3.80313112187
485	-6.08086466327
486	-4.02812713791
487	-3.80313112187
488	-22.3009726161
