#Site	lnL	
0	-1.66679274053
1	-1.22940083124
2	-7.74037831548
3	-1.26538747274
4	-1.57828265001
5	-5.37892626983
6	-9.04093449463
7	-1.57828265001
8	-7.26726193339
9	-1.26538747274
10	-1.41005976443
11	-11.631132175
12	-7.55173974598
13	-1.41005976443
14	-8.05771267795
15	-1.44519551244
16	-1.62509860063
17	-3.53557880779
18	-1.62621645002
19	-1.41005976443
20	-6.98191345903
21	-8.81401543495
22	-1.62509860063
23	-4.48098194298
24	-1.26538747274
25	-1.22940083124
26	-5.03071713352
27	-1.44519551244
28	-1.41005976443
29	-9.91949192011
30	-1.26538747274
31	-1.22940083124
32	-9.1573394326
33	-1.44519551244
34	-1.41005976443
35	-4.48098194298
36	-1.26538747274
37	-1.41005976443
38	-4.48098194298
39	-1.66679274053
40	-7.88688124186
41	-3.35059306253
42	-1.66679274053
43	-1.57828265001
44	-6.18929820777
45	-1.26538747274
46	-1.22940083124
47	-5.33495113432
48	-1.26538747274
49	-1.57828265001
50	-3.53557880779
51	-1.62621645002
52	-1.57828265001
53	-6.81328618048
54	-1.66679274053
55	-1.22940083124
56	-10.7701168411
57	-8.11531155846
58	-1.22940083124
59	-8.68731483727
60	-1.66679274053
61	-1.62509860063
62	-10.0442439454
63	-1.44519551244
64	-1.41005976443
65	-3.35059306253
66	-1.66679274053
67	-1.62509860063
68	-4.48098194298
69	-1.62621645002
70	-1.62509860063
71	-3.35059306253
72	-1.26538747274
73	-1.22940083124
74	-3.35059306253
75	-1.66679274053
76	-1.22940083124
77	-10.1284289514
78	-8.71262874248
79	-1.57828265001
80	-8.71397950451
81	-1.44519551244
82	-1.22940083124
83	-4.66002142944
84	-1.26538747274
85	-1.57828265001
86	-5.76252718921
87	-1.44519551244
88	-1.41005976443
89	-8.95018161996
90	-1.26538747274
91	-1.41005976443
92	-5.7358972701
93	-1.66679274053
94	-8.37531476325
95	-13.7849988881
96	-8.14154055775
97	-1.22940083124
98	-8.4495571488
99	-1.62621645002
100	-9.17336234978
101	-8.64777788831
102	-1.26538747274
103	-1.57828265001
104	-6.04114953868
105	-1.66679274053
106	-1.22940083124
107	-8.64817754786
108	-1.44519551244
109	-1.22940083124
110	-6.43922389107
111	-1.26538747274
112	-1.62509860063
113	-5.08359313503
114	-1.26538747274
115	-1.41005976443
116	-10.3098679477
117	-1.26538747274
118	-1.22940083124
119	-6.98191345903
120	-1.62621645002
121	-1.41005976443
122	-7.18671356332
123	-1.26538747274
124	-1.57828265001
125	-10.1122651856
126	-1.62621645002
127	-1.22940083124
128	-6.54311199703
129	-1.26538747274
130	-1.62509860063
131	-10.2237114273
132	-1.66679274053
133	-1.41005976443
134	-5.08359313503
135	-1.26538747274
136	-1.22940083124
137	-9.28060300008
138	-1.26538747274
139	-1.41005976443
140	-10.1182519421
141	-1.44519551244
142	-1.41005976443
143	-3.35059306253
144	-1.44519551244
145	-1.57828265001
146	-5.7358972701
147	-1.62621645002
148	-1.22940083124
149	-7.80875438821
150	-1.62621645002
151	-1.62509860063
152	-10.1019008459
153	-9.62961629128
154	-1.57828265001
155	-3.53557880779
156	-6.46836424529
157	-1.41005976443
158	-3.53557880779
159	-1.44519551244
160	-1.22940083124
161	-6.7662566407
162	-1.44519551244
163	-1.22940083124
164	-4.48098194298
165	-1.26538747274
166	-8.37531476325
167	-5.7358972701
168	-1.44519551244
169	-1.41005976443
170	-4.18224507105
171	-1.44519551244
172	-1.22940083124
173	-12.2768651187
174	-1.66679274053
175	-8.20971655237
176	-3.53557880779
177	-1.44519551244
178	-1.41005976443
179	-6.39276327075
180	-1.66679274053
181	-1.22940083124
182	-6.81328618048
183	-1.26538747274
184	-1.41005976443
185	-10.3240816292
186	-1.26538747274
187	-1.41005976443
188	-4.18224507105
189	-1.26538747274
190	-1.41005976443
191	-7.10573240784
192	-1.44519551244
193	-1.57828265001
194	-8.86998673487
195	-1.66679274053
196	-1.62509860063
197	-9.50341614699
198	-1.26538747274
199	-1.57828265001
200	-5.29782824437
201	-1.26538747274
202	-1.22940083124
203	-4.18224507105
204	-1.26538747274
205	-1.57828265001
206	-3.35059306253
207	-1.66679274053
208	-1.57828265001
209	-3.53557880779
210	-1.62621645002
211	-1.22940083124
212	-4.18224507105
213	-1.26538747274
214	-1.62509860063
215	-6.62386422107
216	-1.44519551244
217	-1.41005976443
218	-9.95846932934
219	-1.66679274053
220	-1.22940083124
221	-8.07893476307
222	-1.44519551244
223	-11.1550587042
224	-5.08359313503
225	-1.62621645002
226	-1.57828265001
227	-3.53557880779
228	-1.66679274053
229	-1.22940083124
230	-6.1730151633
231	-1.66679274053
232	-1.57828265001
233	-3.53557880779
234	-9.5234098527
235	-1.62509860063
236	-9.78733078385
237	-1.62621645002
238	-1.41005976443
239	-11.461991946
240	-1.62621645002
241	-1.57828265001
242	-3.53557880779
243	-1.44519551244
244	-1.41005976443
245	-4.89801531106
246	-1.44519551244
247	-1.22940083124
248	-15.8167127516
249	-1.26538747274
250	-1.41005976443
251	-3.53557880779
252	-1.44519551244
253	-1.22940083124
254	-6.39753670708
255	-6.69181493756
256	-1.22940083124
257	-12.4515851825
258	-1.62621645002
259	-1.41005976443
260	-6.98191345903
261	-1.66679274053
262	-1.22940083124
263	-5.76252718921
264	-6.05608666787
265	-1.62509860063
266	-4.48098194298
267	-1.66679274053
268	-1.57828265001
269	-5.76252718921
270	-1.44519551244
271	-1.22940083124
272	-6.39276327075
273	-1.66679274053
274	-8.76214862416
275	-12.8624548073
276	-1.26538747274
277	-1.41005976443
278	-10.3543082825
279	-1.66679274053
280	-1.22940083124
281	-4.48098194298
282	-1.66679274053
283	-1.22940083124
284	-11.8714283834
285	-6.43813434691
286	-1.41005976443
287	-3.53557880779
288	-1.44519551244
289	-1.62509860063
290	-8.87802376847
291	-1.66679274053
292	-1.22940083124
293	-5.29782824437
294	-1.44519551244
295	-1.41005976443
296	-8.46681939186
297	-1.62621645002
298	-8.60647892685
299	-8.35377629174
300	-1.26538747274
301	-1.62509860063
302	-7.68860469082
303	-1.26538747274
304	-1.57828265001
305	-3.35059306253
306	-1.44519551244
307	-1.62509860063
308	-7.45878941294
309	-1.26538747274
310	-1.62509860063
311	-3.53557880779
312	-1.44519551244
313	-1.22940083124
314	-6.98191345903
315	-8.12416670965
316	-1.22940083124
317	-9.95470936887
318	-1.66679274053
319	-1.57828265001
320	-11.3106807823
321	-1.26538747274
322	-1.62509860063
323	-7.30565916293
324	-1.66679274053
325	-1.62509860063
326	-4.18224507105
327	-1.26538747274
328	-1.57828265001
329	-6.7662566407
330	-1.26538747274
331	-1.62509860063
332	-3.53557880779
333	-1.44519551244
334	-1.22940083124
335	-8.63371015007
336	-1.26538747274
337	-1.57828265001
338	-5.37892626983
339	-1.44519551244
340	-1.22940083124
341	-3.53557880779
342	-1.66679274053
343	-1.57828265001
344	-4.48098194298
345	-1.26538747274
346	-1.41005976443
347	-3.35059306253
348	-1.66679274053
349	-1.41005976443
350	-7.3757371446
351	-1.62621645002
352	-8.44696797504
353	-8.64640720015
354	-1.26538747274
355	-1.57828265001
356	-3.53557880779
357	-1.62621645002
358	-1.57828265001
359	-7.3757371446
360	-1.26538747274
361	-1.57828265001
362	-7.00797496716
363	-1.44519551244
364	-1.62509860063
365	-6.81328618048
366	-1.26538747274
367	-1.57828265001
368	-8.54973381245
369	-1.44519551244
370	-1.62509860063
371	-5.40261425747
372	-1.26538747274
373	-1.62509860063
374	-4.18224507105
375	-1.26538747274
376	-1.41005976443
377	-7.548471863
378	-1.66679274053
379	-1.41005976443
380	-4.48098194298
381	-1.44519551244
382	-1.62509860063
383	-5.76252718921
384	-1.26538747274
385	-1.41005976443
386	-10.8978861672
387	-1.26538747274
388	-1.22940083124
389	-5.76252718921
390	-1.44519551244
391	-1.41005976443
392	-4.18224507105
393	-1.66679274053
394	-1.22940083124
395	-4.18224507105
396	-1.44519551244
397	-1.22940083124
398	-6.39753670708
399	-1.62621645002
400	-1.22940083124
401	-4.18224507105
402	-1.66679274053
403	-1.41005976443
404	-14.1354178642
405	-1.26538747274
406	-1.57828265001
407	-7.99023413432
408	-1.44519551244
409	-1.22940083124
410	-9.09887549576
411	-1.26538747274
412	-1.62509860063
413	-4.48098194298
414	-1.44519551244
415	-1.57828265001
416	-7.94879240438
417	-1.66679274053
418	-1.22940083124
419	-3.35059306253
420	-1.26538747274
421	-1.41005976443
422	-6.20127293972
423	-1.66679274053
424	-1.62509860063
425	-3.35059306253
426	-1.26538747274
427	-1.62509860063
428	-3.53557880779
429	-1.66679274053
430	-1.22940083124
431	-9.6780161379
432	-1.26538747274
433	-1.62509860063
434	-4.48098194298
435	-1.62621645002
436	-1.62509860063
437	-3.53557880779
438	-1.26538747274
439	-1.22940083124
440	-4.48098194298
441	-1.26538747274
442	-7.88688124186
443	-6.81328618048
444	-1.66679274053
445	-1.62509860063
446	-8.07893476307
447	-1.26538747274
448	-1.41005976443
449	-3.53557880779
450	-1.62621645002
451	-1.22940083124
452	-5.45768659528
453	-1.66679274053
454	-1.41005976443
455	-3.53557880779
456	-1.62621645002
457	-1.57828265001
458	-5.08359313503
459	-1.66679274053
460	-1.62509860063
461	-9.5786888804
462	-1.44519551244
463	-1.57828265001
464	-13.4610237812
465	-7.8998648075
466	-1.41005976443
467	-3.35059306253
468	-6.67522044339
469	-1.62509860063
470	-5.72677659472
471	-1.66679274053
472	-1.62509860063
473	-6.81328618048
474	-8.14154055775
475	-1.22940083124
476	-4.66002142944
477	-1.66679274053
478	-1.57828265001
479	-3.53557880779
480	-1.66679274053
481	-1.62509860063
482	-5.29782824437
483	-1.62621645002
484	-1.22940083124
485	-3.35059306253
486	-1.26538747274
487	-1.41005976443
488	-15.1627426529
