#Site	lnL	
0	-2.6470279363
1	-8.52921913437
2	-13.8704669387
3	-2.28844296496
4	-2.24238299245
5	-5.09524280999
6	-2.68587987857
7	-2.24238299245
8	-3.11810077165
9	-2.68587987857
10	-2.60138516401
11	-3.80748675666
12	-2.27582899863
13	-2.60138516401
14	-3.80748675666
15	-2.6470279363
16	-2.24238299245
17	-3.15626436043
18	-6.92423977194
19	-2.63979065305
20	-9.501830851
21	-2.27582899863
22	-2.25398366563
23	-7.17755748999
24	-2.27582899863
25	-2.25398366563
26	-7.73668210074
27	-2.68587987857
28	-2.25398366563
29	-11.2537342532
30	-2.27582899863
31	-2.24238299245
32	-12.1190480168
33	-2.27582899863
34	-2.60138516401
35	-3.11810077165
36	-6.47221661499
37	-2.63979065305
38	-11.861347607
39	-2.6470279363
40	-2.24238299245
41	-6.90129789563
42	-2.68587987857
43	-2.60138516401
44	-5.85149111409
45	-2.6470279363
46	-2.25398366563
47	-8.93776695412
48	-8.32074755976
49	-2.25398366563
50	-5.54176458536
51	-2.28844296496
52	-2.25398366563
53	-7.09260602302
54	-2.27582899863
55	-2.24238299245
56	-3.85901465478
57	-2.6470279363
58	-2.24238299245
59	-3.15626436043
60	-2.6470279363
61	-11.502826037
62	-7.12488720944
63	-7.02418321288
64	-2.24238299245
65	-3.85901465478
66	-2.27582899863
67	-2.60138516401
68	-7.32634722492
69	-2.68587987857
70	-2.25398366563
71	-6.81227164597
72	-7.02418321288
73	-2.60138516401
74	-5.64118254533
75	-2.27582899863
76	-2.63979065305
77	-7.02777471627
78	-2.27582899863
79	-2.24238299245
80	-7.28381633249
81	-2.28844296496
82	-2.25398366563
83	-5.64118254533
84	-2.28844296496
85	-2.63979065305
86	-6.96513114104
87	-2.27582899863
88	-2.24238299245
89	-3.85901465478
90	-2.6470279363
91	-2.63979065305
92	-3.80748675666
93	-2.28844296496
94	-2.24238299245
95	-10.1413869303
96	-2.27582899863
97	-9.51167427065
98	-7.33325543079
99	-2.27582899863
100	-2.25398366563
101	-7.2628836947
102	-2.27582899863
103	-2.25398366563
104	-3.15626436043
105	-6.46872928708
106	-2.63979065305
107	-3.11810077165
108	-2.6470279363
109	-2.25398366563
110	-7.69762137978
111	-2.28844296496
112	-2.63979065305
113	-5.85149111409
114	-7.02418321288
115	-2.25398366563
116	-7.62786983849
117	-2.27582899863
118	-2.60138516401
119	-5.54176458536
120	-2.27582899863
121	-2.60138516401
122	-3.85901465478
123	-2.68587987857
124	-2.25398366563
125	-15.6133502496
126	-2.68587987857
127	-2.25398366563
128	-11.4611297239
129	-2.27582899863
130	-9.51789152471
131	-5.36564558809
132	-2.68587987857
133	-2.63979065305
134	-6.90129789563
135	-2.27582899863
136	-2.60138516401
137	-7.29239945727
138	-2.27582899863
139	-2.63979065305
140	-5.64118254533
141	-2.28844296496
142	-2.60138516401
143	-11.1729137158
144	-2.28844296496
145	-2.63979065305
146	-15.0086063383
147	-2.68587987857
148	-2.24238299245
149	-5.6505048584
150	-2.28844296496
151	-2.63979065305
152	-5.36564558809
153	-2.27582899863
154	-2.25398366563
155	-6.90129789563
156	-2.27582899863
157	-9.51167427065
158	-5.83984456505
159	-2.28844296496
160	-2.24238299245
161	-5.36564558809
162	-2.6470279363
163	-2.24238299245
164	-10.2464967481
165	-2.68587987857
166	-2.60138516401
167	-7.11802418024
168	-2.27582899863
169	-2.25398366563
170	-7.291085343
171	-2.27582899863
172	-2.24238299245
173	-10.6664457312
174	-2.27582899863
175	-2.63979065305
176	-9.36398470022
177	-2.6470279363
178	-2.24238299245
179	-7.45753184809
180	-2.27582899863
181	-2.24238299245
182	-10.2351717765
183	-2.6470279363
184	-2.60138516401
185	-3.11810077165
186	-11.3509688278
187	-2.24238299245
188	-14.0857352812
189	-2.27582899863
190	-2.24238299245
191	-14.3959368023
192	-2.28844296496
193	-2.25398366563
194	-9.38848016333
195	-6.47221661499
196	-2.60138516401
197	-6.81227164597
198	-2.28844296496
199	-2.25398366563
200	-3.80748675666
201	-2.27582899863
202	-2.24238299245
203	-5.81896267569
204	-2.27582899863
205	-2.25398366563
206	-8.78857300258
207	-2.27582899863
208	-7.27929649724
209	-3.11810077165
210	-2.68587987857
211	-2.25398366563
212	-3.15626436043
213	-2.28844296496
214	-2.25398366563
215	-9.32343709417
216	-2.28844296496
217	-2.60138516401
218	-13.4950627515
219	-2.27582899863
220	-2.63979065305
221	-9.23349557779
222	-2.68587987857
223	-2.60138516401
224	-7.12488720944
225	-2.68587987857
226	-2.25398366563
227	-3.85901465478
228	-2.28844296496
229	-2.25398366563
230	-5.88022191731
231	-2.68587987857
232	-2.60138516401
233	-20.1470396123
234	-2.27582899863
235	-8.79807645142
236	-6.90129789563
237	-2.28844296496
238	-2.25398366563
239	-7.11802418024
240	-2.68587987857
241	-2.24238299245
242	-9.18721318753
243	-2.28844296496
244	-2.60138516401
245	-7.45753184809
246	-2.27582899863
247	-12.0948937188
248	-3.15626436043
249	-8.97577764306
250	-2.60138516401
251	-12.2455378165
252	-2.68587987857
253	-2.60138516401
254	-3.15626436043
255	-2.6470279363
256	-2.63979065305
257	-9.18721318753
258	-2.6470279363
259	-2.63979065305
260	-3.80748675666
261	-2.68587987857
262	-2.25398366563
263	-12.127776785
264	-2.27582899863
265	-2.24238299245
266	-3.15626436043
267	-2.6470279363
268	-2.24238299245
269	-5.09524280999
270	-2.68587987857
271	-2.60138516401
272	-3.11810077165
273	-2.68587987857
274	-2.25398366563
275	-10.1356568564
276	-2.68587987857
277	-2.24238299245
278	-7.62786983849
279	-11.1272470321
280	-2.24238299245
281	-7.69969970199
282	-2.6470279363
283	-2.60138516401
284	-5.09524280999
285	-2.6470279363
286	-2.25398366563
287	-10.6493067072
288	-2.28844296496
289	-2.24238299245
290	-3.85901465478
291	-2.27582899863
292	-2.24238299245
293	-7.02777471627
294	-2.28844296496
295	-2.25398366563
296	-11.0823412864
297	-2.6470279363
298	-6.84566978651
299	-3.15626436043
300	-2.27582899863
301	-2.60138516401
302	-5.64118254533
303	-2.27582899863
304	-2.63979065305
305	-16.1465394625
306	-2.27582899863
307	-2.63979065305
308	-7.29312942506
309	-2.68587987857
310	-2.63979065305
311	-3.85901465478
312	-2.68587987857
313	-2.63979065305
314	-3.85901465478
315	-2.28844296496
316	-2.24238299245
317	-7.29239945727
318	-2.27582899863
319	-2.25398366563
320	-8.80945193368
321	-2.28844296496
322	-2.24238299245
323	-10.4687508253
324	-2.6470279363
325	-2.24238299245
326	-12.8995266824
327	-2.6470279363
328	-15.7701912984
329	-10.8330671246
330	-6.94932256082
331	-2.63979065305
332	-3.15626436043
333	-2.28844296496
334	-2.63979065305
335	-7.42486780212
336	-2.27582899863
337	-2.24238299245
338	-10.3913176056
339	-8.18183472224
340	-2.25398366563
341	-9.76615284463
342	-2.68587987857
343	-2.24238299245
344	-5.40389525655
345	-2.68587987857
346	-2.63979065305
347	-11.5835012494
348	-2.68587987857
349	-2.60138516401
350	-8.9100070781
351	-2.28844296496
352	-13.9801688594
353	-3.11810077165
354	-2.27582899863
355	-2.25398366563
356	-9.25516457033
357	-2.27582899863
358	-2.25398366563
359	-3.11810077165
360	-6.94932256082
361	-2.25398366563
362	-8.64104518484
363	-2.28844296496
364	-2.24238299245
365	-9.56175823236
366	-2.6470279363
367	-2.60138516401
368	-6.96513114104
369	-2.28844296496
370	-2.25398366563
371	-12.6829521271
372	-6.98500285319
373	-2.25398366563
374	-11.8908390182
375	-2.28844296496
376	-2.63979065305
377	-5.09262192941
378	-2.6470279363
379	-2.24238299245
380	-5.09524280999
381	-2.28844296496
382	-2.25398366563
383	-8.27019290853
384	-2.27582899863
385	-2.25398366563
386	-14.2673703876
387	-2.28844296496
388	-2.25398366563
389	-3.15626436043
390	-2.27582899863
391	-2.63979065305
392	-10.1891038238
393	-2.68587987857
394	-2.60138516401
395	-3.80748675666
396	-8.52364458972
397	-2.24238299245
398	-11.4743247428
399	-2.68587987857
400	-2.60138516401
401	-10.5597253448
402	-2.27582899863
403	-2.25398366563
404	-5.09262192941
405	-2.27582899863
406	-2.24238299245
407	-3.11810077165
408	-2.6470279363
409	-2.63979065305
410	-5.5404662495
411	-2.68587987857
412	-2.63979065305
413	-7.33325543079
414	-6.50121506958
415	-2.25398366563
416	-5.83984456505
417	-2.28844296496
418	-2.25398366563
419	-6.81250927597
420	-2.68587987857
421	-2.25398366563
422	-5.81896267569
423	-2.28844296496
424	-2.60138516401
425	-3.80748675666
426	-2.28844296496
427	-2.25398366563
428	-3.85901465478
429	-2.68587987857
430	-2.24238299245
431	-7.77356289433
432	-2.27582899863
433	-2.60138516401
434	-3.11810077165
435	-2.27582899863
436	-2.60138516401
437	-3.11810077165
438	-2.27582899863
439	-2.25398366563
440	-3.15626436043
441	-2.28844296496
442	-2.24238299245
443	-3.85901465478
444	-6.99581343601
445	-2.24238299245
446	-3.15626436043
447	-2.28844296496
448	-2.25398366563
449	-5.5404662495
450	-2.27582899863
451	-2.24238299245
452	-6.81250927597
453	-2.6470279363
454	-2.60138516401
455	-3.85901465478
456	-2.28844296496
457	-2.25398366563
458	-9.18849616773
459	-2.28844296496
460	-2.25398366563
461	-3.11810077165
462	-2.6470279363
463	-2.24238299245
464	-7.13560925962
465	-2.6470279363
466	-7.27929649724
467	-3.11810077165
468	-7.02418321288
469	-2.63979065305
470	-3.85901465478
471	-2.6470279363
472	-2.60138516401
473	-15.4004089802
474	-2.68587987857
475	-2.25398366563
476	-5.64118254533
477	-2.6470279363
478	-2.24238299245
479	-3.15626436043
480	-2.28844296496
481	-2.25398366563
482	-3.15626436043
483	-2.6470279363
484	-2.60138516401
485	-3.11810077165
486	-2.27582899863
487	-2.24238299245
488	-3.11810077165
