#Site	lnL	
0	-1.32917736844
1	-1.27603031816
2	-7.51853668065
3	-1.80819340088
4	-1.30294414027
5	-4.62238671366
6	-1.80819340088
7	-1.27603031816
8	-6.1037814248
9	-1.32917736844
10	-1.30294414027
11	-9.94309350323
12	-1.63233682344
13	-1.56460852976
14	-5.43484685793
15	-1.63233682344
16	-1.30294414027
17	-4.77716127787
18	-1.32917736844
19	-1.56460852976
20	-3.48866766592
21	-1.80819340088
22	-1.74181820164
23	-11.6886287734
24	-1.34919260971
25	-1.56460852976
26	-3.25210804356
27	-1.34919260971
28	-1.30294414027
29	-13.2539089327
30	-1.63233682344
31	-1.56460852976
32	-3.48866766592
33	-1.34919260971
34	-1.30294414027
35	-6.26272378064
36	-1.63233682344
37	-1.30294414027
38	-14.9256765601
39	-1.34919260971
40	-8.83370745504
41	-6.77623554335
42	-1.34919260971
43	-1.27603031816
44	-7.39820884781
45	-7.19721054238
46	-1.27603031816
47	-3.25210804356
48	-1.63233682344
49	-1.30294414027
50	-4.62238671366
51	-1.80819340088
52	-1.74181820164
53	-5.20959011304
54	-1.32917736844
55	-1.30294414027
56	-4.44828094733
57	-1.80819340088
58	-1.30294414027
59	-3.25210804356
60	-1.34919260971
61	-1.30294414027
62	-9.52141396865
63	-1.32917736844
64	-1.27603031816
65	-3.48866766592
66	-1.32917736844
67	-1.30294414027
68	-3.25210804356
69	-1.80819340088
70	-1.74181820164
71	-13.9105168852
72	-1.32917736844
73	-1.27603031816
74	-7.09761189472
75	-1.32917736844
76	-1.30294414027
77	-7.6787281846
78	-1.63233682344
79	-1.56460852976
80	-6.06382570318
81	-1.34919260971
82	-1.56460852976
83	-8.41821520872
84	-1.32917736844
85	-1.56460852976
86	-9.11128766807
87	-1.80819340088
88	-7.71344812119
89	-6.46564091422
90	-1.63233682344
91	-1.27603031816
92	-7.39652685947
93	-6.0022897188
94	-1.56460852976
95	-7.15953789045
96	-1.34919260971
97	-1.74181820164
98	-7.48531862061
99	-1.34919260971
100	-1.56460852976
101	-5.8464788518
102	-1.63233682344
103	-1.30294414027
104	-11.3997383998
105	-1.34919260971
106	-1.30294414027
107	-3.25210804356
108	-1.63233682344
109	-1.74181820164
110	-8.01103946892
111	-1.63233682344
112	-1.56460852976
113	-6.51639729066
114	-1.34919260971
115	-1.30294414027
116	-9.34470843564
117	-1.34919260971
118	-1.30294414027
119	-7.51853668065
120	-1.32917736844
121	-1.27603031816
122	-11.6631741369
123	-1.63233682344
124	-1.56460852976
125	-4.44828094733
126	-1.80819340088
127	-1.56460852976
128	-4.94623022235
129	-1.80819340088
130	-1.56460852976
131	-4.44828094733
132	-1.34919260971
133	-1.27603031816
134	-6.99792857802
135	-1.32917736844
136	-1.30294414027
137	-7.3004744972
138	-1.32917736844
139	-1.74181820164
140	-5.79740280565
141	-1.32917736844
142	-1.74181820164
143	-4.99061718174
144	-1.34919260971
145	-1.27603031816
146	-8.65085495645
147	-1.63233682344
148	-1.27603031816
149	-17.671436936
150	-1.63233682344
151	-1.56460852976
152	-4.62238671366
153	-1.63233682344
154	-1.30294414027
155	-5.8464788518
156	-1.32917736844
157	-1.30294414027
158	-3.25210804356
159	-1.63233682344
160	-1.30294414027
161	-3.48866766592
162	-1.63233682344
163	-1.56460852976
164	-6.30547576364
165	-1.80819340088
166	-1.27603031816
167	-8.16148845165
168	-1.80819340088
169	-1.30294414027
170	-7.10252573913
171	-1.32917736844
172	-1.74181820164
173	-6.67168052559
174	-1.34919260971
175	-9.00037158137
176	-6.30547576364
177	-1.34919260971
178	-1.56460852976
179	-6.06382570318
180	-1.32917736844
181	-1.56460852976
182	-3.25210804356
183	-1.80819340088
184	-1.27603031816
185	-4.62238671366
186	-1.63233682344
187	-1.56460852976
188	-8.66247978375
189	-1.32917736844
190	-8.51520934065
191	-3.48866766592
192	-1.63233682344
193	-1.74181820164
194	-4.44828094733
195	-1.34919260971
196	-1.74181820164
197	-4.44828094733
198	-1.80819340088
199	-1.56460852976
200	-5.43484685793
201	-1.63233682344
202	-1.30294414027
203	-8.47241557239
204	-1.80819340088
205	-1.30294414027
206	-3.48866766592
207	-1.32917736844
208	-1.27603031816
209	-6.05117315627
210	-6.24373685215
211	-1.74181820164
212	-5.80124128525
213	-1.63233682344
214	-1.74181820164
215	-7.10627730932
216	-1.34919260971
217	-1.56460852976
218	-12.3741505207
219	-7.31624090989
220	-1.74181820164
221	-9.72355061701
222	-1.34919260971
223	-1.30294414027
224	-8.01103946892
225	-7.01350059507
226	-10.0127861549
227	-16.0177581794
228	-1.32917736844
229	-1.56460852976
230	-4.44828094733
231	-7.31624090989
232	-1.56460852976
233	-5.20959011304
234	-1.34919260971
235	-1.27603031816
236	-4.44828094733
237	-7.45852957904
238	-1.27603031816
239	-9.11540884867
240	-1.63233682344
241	-1.74181820164
242	-10.0259838381
243	-1.63233682344
244	-6.78808682683
245	-7.63780400818
246	-7.07444152614
247	-1.27603031816
248	-8.89683105022
249	-1.63233682344
250	-1.74181820164
251	-11.8181357411
252	-7.1053831247
253	-1.74181820164
254	-12.4808915715
255	-1.80819340088
256	-1.74181820164
257	-10.9870779557
258	-1.63233682344
259	-1.30294414027
260	-15.8300032426
261	-1.63233682344
262	-1.30294414027
263	-3.48866766592
264	-1.34919260971
265	-1.30294414027
266	-3.25210804356
267	-1.32917736844
268	-1.56460852976
269	-6.26272378064
270	-1.34919260971
271	-1.74181820164
272	-7.3171911525
273	-1.32917736844
274	-1.27603031816
275	-7.57349338431
276	-1.32917736844
277	-1.30294414027
278	-6.99792857802
279	-1.63233682344
280	-1.56460852976
281	-3.48866766592
282	-1.32917736844
283	-1.30294414027
284	-11.0162838503
285	-1.63233682344
286	-1.30294414027
287	-5.48279474247
288	-1.63233682344
289	-1.30294414027
290	-5.79740280565
291	-6.03259553468
292	-1.27603031816
293	-7.3690893192
294	-1.34919260971
295	-1.27603031816
296	-4.77716127787
297	-1.32917736844
298	-7.64044174331
299	-9.09319869172
300	-1.34919260971
301	-1.30294414027
302	-4.62238671366
303	-1.32917736844
304	-1.27603031816
305	-6.06382570318
306	-1.32917736844
307	-8.02725779907
308	-7.58851211722
309	-1.34919260971
310	-1.56460852976
311	-4.80077544337
312	-1.34919260971
313	-1.56460852976
314	-4.62238671366
315	-1.63233682344
316	-1.27603031816
317	-9.17142359063
318	-6.45646717379
319	-1.56460852976
320	-8.38477545188
321	-1.34919260971
322	-1.27603031816
323	-11.0621921178
324	-1.32917736844
325	-1.30294414027
326	-3.48866766592
327	-7.31752265247
328	-1.56460852976
329	-5.31258705791
330	-1.34919260971
331	-1.74181820164
332	-3.25210804356
333	-1.63233682344
334	-1.74181820164
335	-5.6332901417
336	-1.34919260971
337	-1.30294414027
338	-6.31532669642
339	-1.34919260971
340	-1.27603031816
341	-9.18504319832
342	-1.32917736844
343	-1.56460852976
344	-3.48866766592
345	-1.80819340088
346	-1.74181820164
347	-3.25210804356
348	-1.80819340088
349	-1.27603031816
350	-9.93917717642
351	-1.34919260971
352	-1.27603031816
353	-8.13648953989
354	-1.32917736844
355	-1.27603031816
356	-4.44828094733
357	-1.32917736844
358	-1.56460852976
359	-3.25210804356
360	-1.80819340088
361	-1.30294414027
362	-3.48866766592
363	-1.80819340088
364	-1.30294414027
365	-7.25582191788
366	-6.20190368333
367	-1.74181820164
368	-4.80077544337
369	-1.32917736844
370	-1.74181820164
371	-10.2441446575
372	-1.32917736844
373	-1.27603031816
374	-4.62238671366
375	-1.63233682344
376	-1.56460852976
377	-8.3460736879
378	-1.63233682344
379	-1.74181820164
380	-5.84117793869
381	-1.32917736844
382	-1.74181820164
383	-3.25210804356
384	-1.32917736844
385	-1.74181820164
386	-14.2495719202
387	-1.32917736844
388	-1.30294414027
389	-7.26242730948
390	-1.32917736844
391	-1.27603031816
392	-4.77716127787
393	-1.80819340088
394	-1.27603031816
395	-3.25210804356
396	-1.80819340088
397	-1.56460852976
398	-8.81575812399
399	-1.34919260971
400	-1.74181820164
401	-6.46564091422
402	-1.63233682344
403	-1.30294414027
404	-7.83207832957
405	-1.80819340088
406	-1.27603031816
407	-5.79740280565
408	-1.34919260971
409	-1.74181820164
410	-5.25688296844
411	-1.34919260971
412	-1.30294414027
413	-3.25210804356
414	-1.32917736844
415	-1.30294414027
416	-8.16715336148
417	-1.32917736844
418	-1.30294414027
419	-3.48866766592
420	-1.32917736844
421	-1.30294414027
422	-4.80077544337
423	-1.32917736844
424	-1.74181820164
425	-6.14983470698
426	-1.63233682344
427	-1.74181820164
428	-9.93989431812
429	-1.63233682344
430	-1.74181820164
431	-5.63269900234
432	-1.32917736844
433	-1.27603031816
434	-9.41640157691
435	-8.658600137
436	-1.30294414027
437	-4.80077544337
438	-1.34919260971
439	-1.56460852976
440	-3.25210804356
441	-1.32917736844
442	-1.27603031816
443	-7.63780400818
444	-1.34919260971
445	-1.27603031816
446	-6.98449188715
447	-1.34919260971
448	-1.30294414027
449	-9.5251089794
450	-1.80819340088
451	-1.56460852976
452	-7.95898494147
453	-1.34919260971
454	-1.56460852976
455	-3.25210804356
456	-1.32917736844
457	-1.27603031816
458	-3.48866766592
459	-1.80819340088
460	-1.30294414027
461	-3.25210804356
462	-1.34919260971
463	-1.27603031816
464	-9.32592073028
465	-1.80819340088
466	-1.27603031816
467	-11.068931945
468	-1.34919260971
469	-1.56460852976
470	-8.96719965562
471	-6.24373685215
472	-1.27603031816
473	-7.44074934392
474	-1.32917736844
475	-1.74181820164
476	-4.77716127787
477	-1.32917736844
478	-1.56460852976
479	-10.3035315048
480	-1.34919260971
481	-1.56460852976
482	-7.62051619892
483	-1.32917736844
484	-1.74181820164
485	-9.546398025
486	-1.32917736844
487	-1.30294414027
488	-7.65878578005
