# log_p 	 lnL 	 
0.0	-1758.48014602	
-0.287682072452	-1758.47909547	
-0.510825623766	-1758.47737402	
-0.69314718056	-1758.47509849	
-0.847297860387	-1758.47236052	
-0.980829253012	-1758.46921557	
-1.09861228867	-1758.46570258	
-1.20397280433	-1758.46185833	
-1.29928298413	-1758.45772297	
-1.38629436112	-1758.45334041	
-1.46633706879	-1758.44875666	
-1.54044504095	-1758.44401771	
-1.60943791243	-1758.43916779	
-1.67397643357	-1758.43424802	
-1.73460105539	-1758.42929568	
-1.79175946923	-1758.42434373	
-1.8458266905	-1758.41942076	
-1.89711998489	-1758.41455111	
-1.94591014906	-1758.40975511	
-1.99243016469	-1758.40504942	
-2.03688192726	-1758.40044741	
-2.07944154168	-1758.39595951	
-2.1202635362	-1758.39159365	
-2.15948424935	-1758.38735552	
-2.19722457734	-1758.38324895	
-2.23359222151	-1758.3792762	
-2.26868354132	-1758.37543818	
-2.30258509299	-1758.3717347	
-2.33537491582	-1758.36816464	
-2.36712361413	-1758.36472618	
-2.3978952728	-1758.36141688	
-2.42774823595	-1758.35823384	
-2.45673577282	-1758.35517379	
-2.48490664979	-1758.35223319	
-2.51230562398	-1758.34940832	
-2.53897387106	-1758.34669529	
-2.56494935746	-1758.34409016	
-2.59026716545	-1758.34158894	
-2.61495977804	-1758.33918764	
-2.63905732962	-1758.33688229	
-2.66258782703	-1758.33466899	
-2.68557734525	-1758.3325439	
-2.7080502011	-1758.33050325	
-2.73002910782	-1758.32854338	
-2.75153531304	-1758.32666075	
-2.77258872224	-1758.32485191	
-2.79320800944	-1758.32311352	
-2.81341071676	-1758.3214424	
-2.83321334406	-1758.31983543	
-2.85263142991	-1758.31828967	
-2.87167962488	-1758.31680226	
-2.8903717579	-1758.31537046	
-2.90872089656	-1758.31399167	
-2.92673940207	-1758.31266339	
-2.94443897917	-1758.31138322	
-2.96183072188	-1758.31014889	
-2.97892515524	-1758.30895821	
-2.99573227355	-1758.30780911	
-3.01226157551	-1758.3066996	
-3.02852209638	-1758.3056278	
-3.04452243772	-1758.30459191	
-3.06027079469	-1758.30359022	
-3.07577498123	-1758.3026211	
-3.09104245336	-1758.30168299	
-3.10608033072	-1758.30077443	
-3.12089541651	-1758.29989401	
-3.13549421593	-1758.29904039	
-3.14988295338	-1758.29821232	
-3.16406758837	-1758.29740857	
-3.17805383035	-1758.296628	
-3.19184715248	-1758.29586954	
-3.20545280454	-1758.29513213	
-3.21887582487	-1758.29441479	
-3.23212105162	-1758.2937166	
-3.24519313319	-1758.29303665	
-3.25809653802	-1758.29237412	
-3.2708355638	-1758.29172818	
-3.28341434601	-1758.29109809	
-3.295836866	-1758.29048311	
-3.3081069586	-1758.28988256	
-3.32022831913	-1758.28929579	
-3.33220451018	-1758.28872216	
-3.34403896782	-1758.28816109	
-3.35573500759	-1758.28761203	
-3.36729582999	-1758.28707442	
-3.37872452581	-1758.28654777	
-3.39002408106	-1758.2860316	
-3.40119738166	-1758.28552544	
-3.41224721785	-1758.28502885	
-3.42317628838	-1758.28454144	
-3.43398720449	-1758.28406279	
-3.4446824936	-1758.28359253	
-3.45526460293	-1758.28313031	
-3.4657359028	-1758.28267579	
-3.47609868984	-1758.28222865	
-3.48635519	-1758.28178857	
-3.49650756147	-1758.28135527	
-3.50655789732	-1758.28092847	
-3.51650822817	-1758.2805079	
-3.52636052462	-1758.28009332	
-3.53611669956	-1758.27968447	
-3.54577861047	-1758.27928114	
-3.55534806149	-1758.27888311	
-3.56482680544	-1758.27849017	
-3.57421654579	-1758.27810212	
-3.58351893846	-1758.27771877	
-3.59273559356	-1758.27733995	
-3.60186807712	-1758.27696549	
-3.61091791264	-1758.27659523	
-3.61988658263	-1758.27622901	
-3.62877553004	-1758.27586668	
-3.63758615973	-1758.2755081	
-3.6463198397	-1758.27515314	
-3.65497790244	-1758.27480168	
-3.66356164613	-1758.27445358	
-3.6720723358	-1758.27410875	
-3.68051120444	-1758.27376705	
-3.68887945411	-1758.2734284	
-3.69717825693	-1758.27309268	
-3.70540875607	-1758.27275981	
-3.7135720667	-1758.2724297	
-3.72166927694	-1758.27210224	
-3.72970144863	-1758.27177737	
-3.73766961828	-1758.271455	
-3.74557479779	-1758.27113506	
-3.75341797525	-1758.27081747	
-3.76120011569	-1758.27050217	
-3.76892216179	-1758.27018909	
-3.77658503453	-1758.26987816	
-3.78418963392	-1758.26956933	
-3.79173683955	-1758.26926254	
-3.79922751128	-1758.26895773	
-3.80666248977	-1758.26865486	
-3.81404259707	-1758.26835386	
-3.82136863716	-1758.2680547	
-3.82864139649	-1758.26775733	
-3.83586164446	-1758.2674617	
-3.84303013394	-1758.26716777	
-3.85014760171	-1758.26687551	
-3.85721476893	-1758.26658487	
-3.86423234159	-1758.26629582	
-3.87120101091	-1758.26600832	
-3.87812145375	-1758.26572233	
-3.88499433304	-1758.26543784	
-3.89182029811	-1758.2651548	
-3.8985999851	-1758.26487318	
-3.90533401728	-1758.26459297	
-3.91202300543	-1758.26431412	
-3.91866754815	-1758.26403662	
-3.92526823218	-1758.26376044	
-3.93182563272	-1758.26348556	
-3.93834031375	-1758.26321195	
-3.94481282825	-1758.2629396	
-3.95124371858	-1758.26266847	
-3.95763351668	-1758.26239856	
-3.96398274436	-1758.26212983	
-3.97029191355	-1758.26186228	
-3.97656152657	-1758.26159589	
-3.98279207632	-1758.26133063	
-3.98898404656	-1758.26106649	
-3.99513791214	-1758.26080346	
-4.00125413916	-1758.26054152	
-4.00733318523	-1758.26028066	
-4.01337549969	-1758.26002086	
-4.01938152375	-1758.25976211	
-4.02535169074	-1758.25950439	
-4.03128642625	-1758.2592477	
-4.03718614838	-1758.25899201	
-4.04305126783	-1758.25873733	
-4.04888218815	-1758.25848364	
-4.05467930583	-1758.25823092	
-4.06044301055	-1758.25797917	
-4.06617368526	-1758.25772838	
-4.07187170637	-1758.25747853	
-4.07753744391	-1758.25722962	
-4.08317126162	-1758.25698165	
-4.08877351717	-1758.25673459	
-4.09434456222	-1758.25648844	
-4.0998847426	-1758.2562432	
-4.10539439841	-1758.25599886	
-4.11087386417	-1758.2557554	
-4.11632346894	-1758.25551282	
-4.12174353641	-1758.25527112	
-4.12713438505	-1758.25503029	
-4.13249632819	-1758.25479031	
-4.13782967416	-1758.25455119	
-4.14313472639	-1758.25431292	
-4.14841178349	-1758.25407548	
-4.15366113938	-1758.25383889	
-4.15888308336	-1758.25360312	
-4.16407790024	-1758.25336817	
-4.1692458704	-1758.25313405	
-4.1743872699	-1758.25290074	
-4.17950237056	-1758.25266823	
-4.18459144007	-1758.25243653	
-4.18965474203	-1758.25220563	
-4.19469253606	-1758.25197551	
-4.19970507788	-1758.25174619	
-4.20469261939	-1758.25151765	
-4.20965540873	-1758.25128989	
-4.21459369037	-1758.25106291	
-4.21950770518	-1758.25083669	
-4.22439769047	-1758.25061125	
-4.22926388012	-1758.25038656	
-4.2341065046	-1758.25016263	
-4.23892579103	-1758.24993946	
-4.2437219633	-1758.24971704	
-4.24849524205	-1758.24949536	
-4.25324584481	-1758.24927443	
-4.257973986	-1758.24905424	
-4.26267987704	-1758.24883478	
-4.26736372635	-1758.24861606	
-4.27202573946	-1758.24839806	
-4.27666611902	-1758.24818079	
-4.28128506487	-1758.24796424	
-4.28588277412	-1758.24774841	
-4.29045944115	-1758.24753329	
-4.29501525768	-1758.24731889	
-4.29955041285	-1758.2471052	
-4.3040650932	-1758.24689221	
-4.30855948279	-1758.24667993	
-4.31303376319	-1758.24646834	
-4.31748811354	-1758.24625746	
-4.3219227106	-1758.24604726	
-4.32633772881	-1758.24583776	
-4.33073334029	-1758.24562895	
-4.33510971489	-1758.24542082	
-4.33946702026	-1758.24521337	
-4.34380542185	-1758.2450066	
-4.348125083	-1758.24480051	
-4.3524261649	-1758.2445951	
-4.35670882669	-1758.24439036	
-4.36097322548	-1758.24418628	
-4.36521951636	-1758.24398287	
-4.36944785247	-1758.24378013	
-4.373658385	-1758.24357804	
-4.37785126326	-1758.24337661	
-4.38202663467	-1758.24317584	
-4.38618464482	-1758.24297573	
-4.39032543749	-1758.24277626	
-4.39444915467	-1758.24257744	
-4.39855593663	-1758.24237927	
-4.40264592188	-1758.24218174	
-4.40671924726	-1758.24198485	
-4.41077604796	-1758.24178859	
-4.4148164575	-1758.24159298	
-4.4188406078	-1758.241398	
-4.42284862919	-1758.24120365	
-4.42684065046	-1758.24100992	
-4.43081679884	-1758.24081683	
-4.43477720006	-1758.24062435	
-4.43872197835	-1758.2404325	
-4.44265125649	-1758.24024127	
-4.44656515581	-1758.24005065	
-4.45046379623	-1758.23986065	
-4.45434729625	-1758.23967126	
-4.45821577303	-1758.23948248	
-4.46206934235	-1758.23929431	
-4.46590811865	-1758.23910674	
-4.46973221509	-1758.23891978	
-4.47354174351	-1758.23873342	
-4.47733681448	-1758.23854765	
-4.48111753732	-1758.23836249	
-4.48488402011	-1758.23817791	
-4.48863636973	-1758.23799393	
-4.49237469184	-1758.23781054	
-4.49609909093	-1758.23762773	
-4.49980967033	-1758.23744551	
-4.50350653221	-1758.23726388	
-4.50718977763	-1758.23708282	
-4.51085950652	-1758.23690234	
-4.51451581772	-1758.23672244	
-4.518158809	-1758.23654312	
-4.52178857705	-1758.23636436	
-4.52540521752	-1758.23618618	
-4.52900882502	-1758.23600856	
-4.53259949315	-1758.23583151	
-4.5361773145	-1758.23565502	
-4.53974238067	-1758.2354791	
-4.54329478227	-1758.23530373	
-4.54683460898	-1758.23512893	
-4.55036194949	-1758.23495467	
-4.5538768916	-1758.23478097	
-4.55737952215	-1758.23460783	
-4.56086992709	-1758.23443523	
-4.56434819147	-1758.23426318	
-4.56781439944	-1758.23409167	
-4.57126863431	-1758.2339207	
-4.5747109785	-1758.23375028	
-4.5781415136	-1758.2335804	
-4.58156032035	-1758.23341105	
-4.58496747867	-1758.23324224	
-4.58836306767	-1758.23307396	
-4.59174716566	-1758.23290621	
-4.59511985013	-1758.23273899	
-4.59848119784	-1758.23257229	
-4.60183128472	-1758.23240613	
-4.60517018599	-1758.23224048	
-4.60849797608	-1758.23207536	
-4.61181472871	-1758.23191075	
-4.61512051684	-1758.23174666	
-4.61841541274	-1758.23158309	
-4.62169948794	-1758.23142002	
-4.62497281328	-1758.23125747	
-4.62823545892	-1758.23109543	
-4.63148749431	-1758.2309339	
-4.63472898823	-1758.23077287	
-4.63796000881	-1758.23061235	
-4.64118062351	-1758.23045232	
-4.64439089914	-1758.2302928	
-4.64759090187	-1758.23013377	
-4.65078069724	-1758.22997524	
-4.65396035016	-1758.2298172	
-4.65712992492	-1758.22965966	
-4.66028948521	-1758.2295026	
-4.66343909411	-1758.22934603	
-4.66657881412	-1758.22918995	
-4.66970870713	-1758.22903436	
-4.67282883446	-1758.22887924	
-4.67593925688	-1758.22872461	
-4.67904003455	-1758.22857046	
-4.68213122712	-1758.22841678	
-4.68521289366	-1758.22826358	
-4.6882850927	-1758.22811085	
-4.69134788223	-1758.22795859	
-4.69440131972	-1758.2278068	
-4.6974454621	-1758.22765548	
-4.70048036579	-1758.22750463	
-4.70350608671	-1758.22735424	
-4.70652268025	-1758.22720432	
-4.70953020131	-1758.22705485	
-4.71252870431	-1758.22690584	
-4.71551824316	-1758.2267573	
-4.7184988713	-1758.2266092	
-4.72147064168	-1758.22646156	
-4.72443360681	-1758.22631437	
-4.72738781871	-1758.22616764	
-4.73033332894	-1758.22602135	
-4.73327018862	-1758.22587551	
-4.73619844839	-1758.22573011	
-4.7391181585	-1758.22558515	
-4.74202936871	-1758.22544064	
-4.74493212836	-1758.22529657	
-4.74782648639	-1758.22515293	
-4.75071249128	-1758.22500974	
-4.75359019111	-1758.22486697	
-4.75645963353	-1758.22472464	
-4.75932086582	-1758.22458274	
-4.7621739348	-1758.22444128	
-4.76501888693	-1758.22430024	
-4.76785576827	-1758.22415962	
-4.77068462447	-1758.22401943	
-4.77350550081	-1758.22387967	
-4.77631844218	-1758.22374032	
-4.77912349311	-1758.2236014	
-4.78192069773	-1758.22346289	
-4.78471009982	-1758.2233248	
-4.78749174278	-1758.22318712	
-4.79026566966	-1758.22304986	
-4.79303192316	-1758.22291301	
-4.7957905456	-1758.22277657	
-4.79854157897	-1758.22264054	
-4.80128506491	-1758.22250492	
-4.80402104473	-1758.2223697	
-4.80674955939	-1758.22223488	
-4.8094706495	-1758.22210047	
-4.81218435537	-1758.22196646	
-4.81489071697	-1758.22183285	
-4.81758977394	-1758.22169963	
-4.82028156561	-1758.22156681	
-4.82296613098	-1758.22143439	
-4.82564350875	-1758.22130236	
-4.8283137373	-1758.22117072	
-4.83097685472	-1758.22103947	
-4.83363289878	-1758.22090861	
-4.83628190695	-1758.22077813	
-4.83892391641	-1758.22064804	
-4.84155896405	-1758.22051834	
-4.84418708646	-1758.22038902	
-4.84680831994	-1758.22026007	
-4.84942270051	-1758.22013151	
-4.85203026392	-1758.22000333	
-4.85463104562	-1758.21987552	
-4.8572250808	-1758.21974809	
-4.85981240436	-1758.21962103	
-4.86239305096	-1758.21949434	
-4.86496705495	-1758.21936802	
-4.86753445046	-1758.21924208	
-4.87009527132	-1758.2191165	
-4.87264955112	-1758.21899129	
-4.8751973232	-1758.21886644	
-4.87773862063	-1758.21874196	
-4.88027347623	-1758.21861783	
-4.88280192259	-1758.21849407	
-4.88532399202	-1758.21837067	
-4.88783971662	-1758.21824763	
-4.89034912822	-1758.21812494	
-4.89285225844	-1758.21800261	
-4.89534913864	-1758.21788063	
-4.89783979995	-1758.21775901	
-4.90032427328	-1758.21763773	
-4.90280258929	-1758.21751681	
-4.90527477844	-1758.21739623	
-4.90774087093	-1758.217276	
-4.91020089677	-1758.21715612	
-4.91265488574	-1758.21703658	
-4.91510286737	-1758.21691739	
-4.91754487103	-1758.21679853	
-4.91998092583	-1758.21668002	
-4.92241106068	-1758.21656184	
-4.92483530429	-1758.21644401	
-4.92725368516	-1758.21632651	
-4.92966623156	-1758.21620934	
-4.93207297159	-1758.21609251	
-4.93447393313	-1758.21597601	
-4.93686914386	-1758.21585985	
-4.93925863125	-1758.21574401	
-4.94164242261	-1758.2156285	
-4.94402054501	-1758.21551332	
-4.94639302537	-1758.21539847	
-4.94875989038	-1758.21528394	
-4.95112116656	-1758.21516973	
-4.95347688026	-1758.21505585	
-4.9558270576	-1758.21494229	
-4.95817172456	-1758.21482905	
-4.96051090691	-1758.21471613	
-4.96284463026	-1758.21460352	
-4.96517292002	-1758.21449123	
-4.96749580144	-1758.21437926	
-4.96981329958	-1758.2142676	
-4.97212543933	-1758.21415625	
-4.97443224543	-1758.21404522	
-4.97673374242	-1758.2139345	
-4.97902995468	-1758.21382408	
-4.98132090643	-1758.21371397	
-4.98360662171	-1758.21360417	
-4.98588712441	-1758.21349468	
-4.98816243824	-1758.21338549	
-4.99043258678	-1758.2132766	
-4.99269759341	-1758.21316802	
-4.99495748138	-1758.21305974	
-4.99721227376	-1758.21295175	
-4.9994619935	-1758.21284407	
-5.00170666335	-1758.21273668	
-5.00394630595	-1758.21262959	
-5.00618094375	-1758.2125228	
-5.00841059907	-1758.2124163	
-5.0106352941	-1758.21231009	
-5.01285505083	-1758.21220417	
-5.01506989116	-1758.21209855	
-5.01727983681	-1758.21199321	
-5.01948490937	-1758.21188817	
-5.02168513028	-1758.21178341	
-5.02388052085	-1758.21167894	
-5.02607110223	-1758.21157475	
-5.02825689545	-1758.21147085	
-5.03043792139	-1758.21136723	
-5.03261420082	-1758.2112639	
-5.03478575433	-1758.21116084	
-5.03695260241	-1758.21105807	
-5.03911476542	-1758.21095557	
-5.04127226356	-1758.21085336	
-5.04342511692	-1758.21075142	
-5.04557334546	-1758.21064975	
-5.047716969	-1758.21054836	
-5.04985600725	-1758.21044725	
-5.05199047978	-1758.2103464	
-5.05412040604	-1758.21024583	
-5.05624580535	-1758.21014553	
-5.05836669692	-1758.2100455	
-5.06048309982	-1758.20994574	
-5.06259503303	-1758.20984625	
-5.06470251537	-1758.20974702	
-5.06680556556	-1758.20964806	
-5.06890420222	-1758.20954937	
-5.07099844382	-1758.20945093	
-5.07308830874	-1758.20935276	
-5.07517381523	-1758.20925486	
-5.07725498144	-1758.20915721	
-5.07933182538	-1758.20905982	
-5.08140436498	-1758.2089627	
-5.08347261805	-1758.20886583	
-5.08553660227	-1758.20876921	
-5.08759633523	-1758.20867286	
-5.08965183441	-1758.20857676	
-5.09170311719	-1758.20848091	
-5.09375020081	-1758.20838532	
-5.09579310244	-1758.20828998	
-5.09783183913	-1758.20819489	
-5.09986642782	-1758.20810005	
-5.10189688537	-1758.20800546	
-5.10392322852	-1758.20791111	
-5.1059454739	-1758.20781702	
-5.10796363806	-1758.20772317	
-5.10997773743	-1758.20762957	
-5.11198778836	-1758.20753622	
-5.11399380708	-1758.20744311	
-5.11599580975	-1758.20735024	
-5.11799381242	-1758.20725761	
-5.11998783102	-1758.20716523	
-5.12197788143	-1758.20707308	
-5.1239639794	-1758.20698118	
-5.12594614061	-1758.20688951	
-5.12792438062	-1758.20679809	
-5.12989871492	-1758.20670689	
-5.13186915891	-1758.20661594	
-5.13383572788	-1758.20652522	
-5.13579843705	-1758.20643474	
-5.13775730154	-1758.20634449	
-5.13971233637	-1758.20625447	
-5.1416635565	-1758.20616468	
-5.14361097679	-1758.20607512	
-5.145554612	-1758.2059858	
-5.14749447681	-1758.2058967	
-5.14943058584	-1758.20580784	
-5.15136295359	-1758.2057192	
-5.1532915945	-1758.20563078	
-5.15521652291	-1758.2055426	
-5.15713775309	-1758.20545464	
-5.15905529921	-1758.2053669	
-5.1609691754	-1758.20527939	
-5.16287939565	-1758.2051921	
-5.16478597392	-1758.20510503	
-5.16668892407	-1758.20501818	
-5.16858825987	-1758.20493156	
-5.17048399504	-1758.20484515	
-5.17237614319	-1758.20475896	
-5.17426471788	-1758.20467299	
-5.17614973257	-1758.20458724	
-5.17803120067	-1758.2045017	
-5.1799091355	-1758.20441638	
-5.18178355029	-1758.20433128	
-5.18365445823	-1758.20424639	
-5.1855218724	-1758.20416171	
-5.18738580584	-1758.20407725	
-5.18924627149	-1758.20399299	
-5.19110328224	-1758.20390895	
-5.19295685089	-1758.20382512	
-5.19480699018	-1758.2037415	
-5.19665371277	-1758.20365809	
-5.19849703127	-1758.20357488	
-5.20033695819	-1758.20349189	
-5.202173506	-1758.20340909	
-5.20400668708	-1758.20332651	
-5.20583651375	-1758.20324413	
-5.20766299828	-1758.20316196	
-5.20948615284	-1758.20307999	
-5.21130598956	-1758.20299822	
-5.21312252048	-1758.20291665	
-5.21493575761	-1758.20283529	
-5.21674571285	-1758.20275413	
-5.21855239808	-1758.20267317	
-5.22035582508	-1758.2025924	
-5.22215600558	-1758.20251184	
-5.22395295126	-1758.20243147	
-5.22574667371	-1758.20235131	
-5.22753718449	-1758.20227133	
-5.22932449506	-1758.20219156	
-5.23110861685	-1758.20211198	
-5.23288956123	-1758.20203259	
-5.23466733947	-1758.2019534	
-5.23644196283	-1758.20187441	
-5.23821344248	-1758.2017956	
-5.23998178954	-1758.20171699	
-5.24174701506	-1758.20163856	
-5.24350913005	-1758.20156033	
-5.24526814546	-1758.20148229	
-5.24702407216	-1758.20140444	
-5.24877692099	-1758.20132678	
-5.25052670271	-1758.2012493	
-5.25227342805	-1758.20117201	
-5.25401710765	-1758.20109491	
-5.25575775213	-1758.201018	
-5.25749537203	-1758.20094127	
-5.25922997784	-1758.20086473	
-5.26096158	-1758.20078836	
-5.2626901889	-1758.20071219	
-5.26441581487	-1758.20063619	
-5.26613846818	-1758.20056038	
-5.26785815906	-1758.20048475	
-5.26957489768	-1758.2004093	
-5.27128869416	-1758.20033403	
-5.27299955856	-1758.20025895	
-5.27470750091	-1758.20018404	
-5.27641253116	-1758.20010931	
-5.27811465923	-1758.20003475	
-5.27981389498	-1758.19996038	
-5.28151024823	-1758.19988618	
-5.28320372874	-1758.19981215	
-5.28489434622	-1758.19973831	
-5.28658211033	-1758.19966463	
-5.28826703069	-1758.19959114	
-5.28994911688	-1758.19951781	
-5.2916283784	-1758.19944466	
-5.29330482472	-1758.19937168	
-5.29497846528	-1758.19929888	
-5.29664930945	-1758.19922624	
-5.29831736655	-1758.19915378	
-5.29998264587	-1758.19908148	
-5.30164515664	-1758.19900936	
-5.30330490806	-1758.1989374	
-5.30496190927	-1758.19886562	
-5.30661616936	-1758.198794	
-5.3082676974	-1758.19872255	
-5.30991650239	-1758.19865126	
-5.3115625933	-1758.19858014	
-5.31320597904	-1758.19850919	
-5.3148466685	-1758.1984384	
-5.3164846705	-1758.19836778	
-5.31811999384	-1758.19829732	
-5.31975264727	-1758.19822703	
-5.32138263948	-1758.19815689	
-5.32300997914	-1758.19808692	
-5.32463467487	-1758.19801712	
-5.32625673524	-1758.19794747	
-5.32787616879	-1758.19787798	
-5.32949298402	-1758.19780866	
-5.33110718937	-1758.19773949	
-5.33271879327	-1758.19767048	
-5.33432780407	-1758.19760164	
-5.33593423012	-1758.19753295	
-5.3375380797	-1758.19746441	
-5.33913936107	-1758.19739604	
-5.34073808243	-1758.19732782	
-5.34233425196	-1758.19725976	
-5.3439278778	-1758.19719185	
-5.34551896803	-1758.1971241	
-5.34710753072	-1758.1970565	
-5.34869357387	-1758.19698906	
-5.35027710548	-1758.19692177	
-5.35185813348	-1758.19685463	
-5.35343666577	-1758.19678765	
-5.35501271022	-1758.19672082	
-5.35658627467	-1758.19665413	
-5.3581573669	-1758.1965876	
-5.35972599468	-1758.19652123	
-5.36129216571	-1758.196455	
-5.36285588769	-1758.19638892	
-5.36441716825	-1758.19632299	
-5.36597601502	-1758.1962572	
-5.36753243557	-1758.19619157	
-5.36908643744	-1758.19612608	
-5.37063802813	-1758.19606074	
-5.37218721511	-1758.19599555	
-5.37373400583	-1758.1959305	
-5.37527840768	-1758.1958656	
-5.37682042804	-1758.19580085	
-5.37836007422	-1758.19573624	
-5.37989735354	-1758.19567177	
-5.38143227326	-1758.19560745	
-5.38296484061	-1758.19554327	
-5.38449506279	-1758.19547923	
-5.38602294697	-1758.19541534	
-5.38754850028	-1758.19535158	
-5.38907172982	-1758.19528797	
-5.39059264266	-1758.1952245	
-5.39211124583	-1758.19516117	
-5.39362754635	-1758.19509798	
-5.39514155118	-1758.19503493	
-5.39665326727	-1758.19497202	
-5.39816270152	-1758.19490925	
-5.39966986081	-1758.19484662	
-5.40117475199	-1758.19478412	
-5.40267738187	-1758.19472177	
-5.40417775725	-1758.19465955	
-5.40567588487	-1758.19459746	
-5.40717177146	-1758.19453551	
-5.40866542372	-1758.1944737	
-5.4101568483	-1758.19441203	
-5.41164605186	-1758.19435048	
-5.41313304098	-1758.19428908	
-5.41461782224	-1758.1942278	
-5.4161004022	-1758.19416666	
-5.41758078737	-1758.19410566	
-5.41905898424	-1758.19404478	
-5.42053499927	-1758.19398404	
-5.42200883889	-1758.19392343	
-5.4234805095	-1758.19386295	
-5.42495001748	-1758.1938026	
-5.42641736918	-1758.19374239	
-5.4278825709	-1758.1936823	
-5.42934562895	-1758.19362234	
-5.43080654959	-1758.19356252	
-5.43226533906	-1758.19350282	
-5.43372200355	-1758.19344325	
-5.43517654927	-1758.19338381	
-5.43662898235	-1758.19332449	
-5.43807930892	-1758.19326531	
-5.4395275351	-1758.19320625	
-5.44097366695	-1758.19314732	
-5.44241771052	-1758.19308851	
-5.44385967184	-1758.19302983	
-5.4452995569	-1758.19297127	
-5.44673737167	-1758.19291284	
-5.44817312209	-1758.19285454	
-5.44960681409	-1758.19279636	
-5.45103845357	-1758.1927383	
-5.45246804638	-1758.19268037	
-5.45389559837	-1758.19262256	
-5.45532111536	-1758.19256487	
-5.45674460314	-1758.1925073	
-5.45816606749	-1758.19244986	
-5.45958551414	-1758.19239254	
-5.46100294883	-1758.19233534	
-5.46241837723	-1758.19227826	
-5.46383180503	-1758.1922213	
-5.46524323786	-1758.19216446	
-5.46665268137	-1758.19210774	
-5.46806014114	-1758.19205114	
-5.46946562274	-1758.19199466	
-5.47086913175	-1758.1919383	
-5.47227067367	-1758.19188205	
-5.47367025403	-1758.19182593	
-5.47506787829	-1758.19176992	
-5.47646355193	-1758.19171403	
-5.47785728038	-1758.19165825	
-5.47924906905	-1758.1916026	
-5.48063892334	-1758.19154705	
-5.48202684862	-1758.19149163	
-5.48341285022	-1758.19143632	
-5.48479693349	-1758.19138112	
-5.48617910372	-1758.19132604	
-5.48755936619	-1758.19127107	
-5.48893772616	-1758.19121622	
-5.49031418887	-1758.19116148	
-5.49168875953	-1758.19110686	
-5.49306144334	-1758.19105234	
-5.49443224547	-1758.19099794	
-5.49580117108	-1758.19094366	
-5.49716822529	-1758.19088948	
-5.49853341322	-1758.19083542	
-5.49989673995	-1758.19078146	
-5.50125821054	-1758.19072762	
-5.50261783006	-1758.19067389	
-5.50397560352	-1758.19062027	
-5.50533153593	-1758.19056676	
-5.50668563228	-1758.19051336	
-5.50803789753	-1758.19046007	
-5.50938833663	-1758.19040689	
-5.5107369545	-1758.19035381	
-5.51208375605	-1758.19030085	
-5.51342874616	-1758.19024799	
-5.51477192971	-1758.19019524	
-5.51611331154	-1758.1901426	
-5.51745289646	-1758.19009006	
-5.51879068931	-1758.19003763	
-5.52012669485	-1758.18998531	
-5.52146091786	-1758.18993309	
-5.5227933631	-1758.18988098	
-5.52412403528	-1758.18982898	
-5.52545293913	-1758.18977708	
-5.52678007934	-1758.18972528	
-5.52810546058	-1758.18967359	
-5.52942908751	-1758.18962201	
-5.53075096477	-1758.18957052	
-5.53207109697	-1758.18951914	
-5.53338948873	-1758.18946787	
-5.53470614461	-1758.1894167	
-5.53602106919	-1758.18936563	
-5.53733426702	-1758.18931466	
-5.53864574262	-1758.18926379	
-5.5399555005	-1758.18921303	
-5.54126354516	-1758.18916237	
-5.54256988107	-1758.18911181	
-5.5438745127	-1758.18906135	
-5.54517744448	-1758.18901099	
-5.54647868084	-1758.18896073	
-5.54777822618	-1758.18891057	
-5.5490760849	-1758.18886051	
-5.55037226136	-1758.18881055	
-5.55166675992	-1758.18876069	
-5.55295958492	-1758.18871093	
-5.55425074069	-1758.18866127	
-5.55554023152	-1758.1886117	
-5.5568280617	-1758.18856224	
-5.55811423551	-1758.18851287	
-5.5593987572	-1758.1884636	
-5.56068163102	-1758.18841442	
-5.56196286117	-1758.18836534	
-5.56324245188	-1758.18831636	
-5.56452040732	-1758.18826748	
-5.56579673168	-1758.18821869	
-5.56707142911	-1758.18817	
-5.56834450376	-1758.1881214	
-5.56961595975	-1758.1880729	
-5.57088580119	-1758.18802449	
-5.57215403218	-1758.18797618	
-5.57342065679	-1758.18792796	
-5.5746856791	-1758.18787984	
-5.57594910315	-1758.18783181	
-5.57721093297	-1758.18778387	
-5.57847117258	-1758.18773603	
-5.57972982599	-1758.18768828	
-5.58098689718	-1758.18764062	
-5.58224239012	-1758.18759306	
-5.58349630878	-1758.18754558	
-5.5847486571	-1758.1874982	
-5.585999439	-1758.18745092	
-5.5872486584	-1758.18740372	
-5.5884963192	-1758.18735661	
-5.58974242528	-1758.1873096	
-5.59098698051	-1758.18726267	
-5.59222998875	-1758.18721584	
-5.59347145384	-1758.1871691	
-5.5947113796	-1758.18712244	
-5.59594976985	-1758.18707588	
-5.59718662839	-1758.1870294	
-5.598421959	-1758.18698302	
-5.59965576545	-1758.18693672	
-5.60088805149	-1758.18689051	
-5.60211882088	-1758.18684439	
-5.60334807733	-1758.18679836	
-5.60457582457	-1758.18675242	
-5.6058020663	-1758.18670656	
-5.60702680619	-1758.1866608	
-5.60825004793	-1758.18661512	
-5.60947179518	-1758.18656952	
-5.61069205159	-1758.18652401	
-5.61191082078	-1758.18647859	
-5.61312810639	-1758.18643326	
-5.61434391201	-1758.18638801	
-5.61555824124	-1758.18634285	
-5.61677109767	-1758.18629777	
-5.61798248485	-1758.18625278	
-5.61919240636	-1758.18620787	
-5.62040086572	-1758.18616305	
-5.62160786647	-1758.18611831	
-5.62281341212	-1758.18607366	
-5.62401750619	-1758.18602909	
-5.62522015215	-1758.1859846	
-5.6264213535	-1758.1859402	
-5.62762111369	-1758.18589588	
-5.62881943618	-1758.18585165	
-5.63001632442	-1758.18580749	
-5.63121178182	-1758.18576343	
-5.63240581181	-1758.18571944	
-5.6335984178	-1758.18567553	
-5.63478960317	-1758.18563171	
-5.6359793713	-1758.18558797	
-5.63716772557	-1758.18554431	
-5.63835466933	-1758.18550073	
-5.63954020593	-1758.18545723	
-5.64072433869	-1758.18541382	
-5.64190707094	-1758.18537048	
-5.64308840598	-1758.18532723	
-5.64426834712	-1758.18528405	
-5.64544689764	-1758.18524096	
-5.64662406082	-1758.18519794	
-5.64779983991	-1758.18515501	
-5.64897423816	-1758.18511215	
-5.65014725882	-1758.18506938	
-5.65131890512	-1758.18502668	
-5.65248918027	-1758.18498406	
-5.65365808747	-1758.18494152	
-5.65482562993	-1758.18489905	
-5.65599181082	-1758.18485667	
-5.65715663332	-1758.18481436	
-5.65832010058	-1758.18477214	
-5.65948221576	-1758.18472998	
-5.660642982	-1758.18468791	
-5.66180240242	-1758.18464591	
-5.66296048014	-1758.18460399	
-5.66411721826	-1758.18456215	
-5.66527261989	-1758.18452038	
-5.66642668811	-1758.18447869	
-5.66757942599	-1758.18443708	
-5.6687308366	-1758.18439554	
-5.66988092298	-1758.18435407	
-5.67102968818	-1758.18431269	
-5.67217713524	-1758.18427137	
-5.67332326717	-1758.18423013	
-5.67446808699	-1758.18418897	
-5.67561159769	-1758.18414788	
-5.67675380227	-1758.18410687	
-5.6778947037	-1758.18406593	
-5.67903430497	-1758.18402506	
-5.68017260902	-1758.18398427	
-5.6813096188	-1758.18394355	
-5.68244533727	-1758.18390291	
-5.68357976734	-1758.18386234	
-5.68471291194	-1758.18382184	
-5.68584477397	-1758.18378141	
-5.68697535634	-1758.18374106	
-5.68810466194	-1758.18370078	
-5.68923269364	-1758.18366057	
-5.69035945432	-1758.18362043	
-5.69148494685	-1758.18358037	
-5.69260917406	-1758.18354037	
-5.6937321388	-1758.18350045	
-5.69485384391	-1758.1834606	
-5.69597429221	-1758.18342082	
-5.69709348651	-1758.18338111	
-5.69821142961	-1758.18334147	
-5.69932812431	-1758.18330191	
-5.70044357339	-1758.18326241	
-5.70155777963	-1758.18322298	
-5.7026707458	-1758.18318363	
-5.70378247466	-1758.18314434	
-5.70489296894	-1758.18310512	
-5.70600223139	-1758.18306598	
-5.70711026475	-1758.1830269	
-5.70821707172	-1758.18298789	
-5.70932265503	-1758.18294895	
-5.71042701737	-1758.18291008	
-5.71153016145	-1758.18287127	
-5.71263208993	-1758.18283254	
-5.71373280551	-1758.18279387	
-5.71483231084	-1758.18275527	
-5.71593060859	-1758.18271674	
-5.71702770141	-1758.18267828	
-5.71812359193	-1758.18263988	
-5.71921828279	-1758.18260156	
-5.72031177661	-1758.18256329	
-5.72140407601	-1758.1825251	
-5.72249518359	-1758.18248697	
-5.72358510195	-1758.18244891	
-5.72467383369	-1758.18241092	
-5.72576138137	-1758.18237299	
-5.72684774759	-1758.18233513	
-5.72793293489	-1758.18229733	
-5.72901694583	-1758.1822596	
-5.73009978297	-1758.18222194	
-5.73118144884	-1758.18218434	
-5.73226194598	-1758.1821468	
-5.7333412769	-1758.18210933	
-5.73441944412	-1758.18207193	
-5.73549645015	-1758.18203459	
-5.73657229748	-1758.18199732	
-5.73764698861	-1758.18196011	
-5.73872052602	-1758.18192296	
-5.73979291218	-1758.18188588	
-5.74086414956	-1758.18184886	
-5.74193424062	-1758.18181191	
-5.74300318781	-1758.18177502	
-5.74407099357	-1758.18173819	
-5.74513766034	-1758.18170143	
-5.74620319054	-1758.18166473	
-5.7472675866	-1758.18162809	
-5.74833085092	-1758.18159151	
-5.74939298591	-1758.181555	
-5.75045399397	-1758.18151855	
-5.75151387748	-1758.18148216	
-5.75257263883	-1758.18144584	
-5.75363028038	-1758.18140958	
-5.75468680452	-1758.18137337	
-5.75574221359	-1758.18133724	
-5.75679650994	-1758.18130116	
-5.75784969593	-1758.18126514	
-5.75890177388	-1758.18122919	
-5.75995274612	-1758.18119329	
-5.76100261499	-1758.18115746	
-5.76205138278	-1758.18112169	
-5.76309905181	-1758.18108597	
-5.76414562438	-1758.18105032	
-5.76519110278	-1758.18101473	
-5.7662354893	-1758.1809792	
-5.76727878622	-1758.18094373	
-5.76832099579	-1758.18090832	
-5.7693621203	-1758.18087297	
-5.770402162	-1758.18083767	
-5.77144112313	-1758.18080244	
-5.77247900594	-1758.18076727	
-5.77351581267	-1758.18073216	
-5.77455154554	-1758.1806971	
-5.77558620679	-1758.1806621	
-5.77661979861	-1758.18062717	
-5.77765232322	-1758.18059229	
-5.77868378283	-1758.18055747	
-5.77971417962	-1758.18052271	
-5.78074351579	-1758.180488	
-5.78177179352	-1758.18045336	
-5.78279901497	-1758.18041877	
-5.78382518233	-1758.18038424	
-5.78485029774	-1758.18034976	
-5.78587436337	-1758.18031535	
-5.78689738137	-1758.18028099	
-5.78791935386	-1758.18024669	
-5.788940283	-1758.18021244	
-5.7899601709	-1758.18017826	
-5.79097901969	-1758.18014413	
-5.79199683148	-1758.18011005	
-5.79301360838	-1758.18007603	
-5.7940293525	-1758.18004207	
-5.79504406593	-1758.18000817	
-5.79605775077	-1758.17997432	
-5.79707040908	-1758.17994052	
-5.79808204295	-1758.17990679	
-5.79909265446	-1758.1798731	
-5.80010224566	-1758.17983948	
-5.80111081862	-1758.17980591	
-5.80211837538	-1758.17977239	
-5.80312491799	-1758.17973893	
-5.80413044849	-1758.17970552	
-5.80513496892	-1758.17967217	
-5.80613848129	-1758.17963887	
-5.80714098764	-1758.17960563	
-5.80814248998	-1758.17957244	
-5.80914299031	-1758.17953931	
