-8.445971704132015923e-01
-4.884799447279919438e-01
-8.963240682007227456e-01
2.441398140915719495e+00
-1.081730220593336123e+00
2.274527957486511820e+00
-1.307509669691327758e+01
-6.191325024056804516e+00
-3.876131964378491723e+00
-5.870253320327061708e+00
-4.224028718434229113e+00
-4.048345425722752466e+00
-6.887895796762367517e+00
-5.647515355479429289e+00
-5.705356735054503581e+00
-5.102787195016031063e+00
-5.693782511422178949e+00
-5.428165045400138666e+00
-5.268147583424383384e+00
-7.341856345976609077e+00
