# log_p 	 lnL 	 
0.0	-1467.23196736	
-0.287682072452	-1467.32900804	
-0.510825623766	-1467.38995847	
-0.69314718056	-1467.42991947	
-0.847297860387	-1467.45775492	
-0.980829253012	-1467.47858545	
-1.09861228867	-1467.49532578	
-1.20397280433	-1467.50960631	
-1.29928298413	-1467.52233687	
-1.38629436112	-1467.53403682	
-1.46633706879	-1467.54501807	
-1.54044504095	-1467.55548184	
-1.60943791243	-1467.56556793	
-1.67397643357	-1467.57537911	
-1.73460105539	-1467.58499321	
-1.79175946923	-1467.59446932	
-1.8458266905	-1467.60385149	
-1.89711998489	-1467.61317117	
-1.94591014906	-1467.62244936	
-1.99243016469	-1467.63169835	
-2.03688192726	-1467.64092345	
-2.07944154168	-1467.65012445	
-2.1202635362	-1467.65929694	
-2.15948424935	-1467.66843347	
-2.19722457734	-1467.67752447	
-2.23359222151	-1467.68655907	
-2.26868354132	-1467.69552568	
-2.30258509299	-1467.70441249	
-2.33537491582	-1467.71320784	
-2.36712361413	-1467.72190051	
-2.3978952728	-1467.73047988	
-2.42774823595	-1467.73893604	
-2.45673577282	-1467.74725994	
-2.48490664979	-1467.75544336	
-2.51230562398	-1467.76347892	
-2.53897387106	-1467.77136013	
-2.56494935746	-1467.7790813	
-2.59026716545	-1467.78663751	
-2.61495977804	-1467.79402463	
-2.63905732962	-1467.80123917	
-2.66258782703	-1467.80827834	
-2.68557734525	-1467.81513989	
-2.7080502011	-1467.82182217	
-2.73002910782	-1467.82832402	
-2.75153531304	-1467.83464472	
-2.77258872224	-1467.84078399	
-2.79320800944	-1467.84674193	
-2.81341071676	-1467.85251897	
-2.83321334406	-1467.85811586	
-2.85263142991	-1467.86353364	
-2.87167962488	-1467.86877358	
-2.8903717579	-1467.87383719	
-2.90872089656	-1467.87872618	
-2.92673940207	-1467.88344244	
-2.94443897917	-1467.88798803	
-2.96183072188	-1467.89236512	
-2.97892515524	-1467.89657603	
-2.99573227355	-1467.90062318	
-3.01226157551	-1467.9045091	
-3.02852209638	-1467.90823638	
-3.04452243772	-1467.91180769	
-3.06027079469	-1467.91522576	
-3.07577498123	-1467.91849336	
-3.09104245336	-1467.92161332	
-3.10608033072	-1467.92458848	
-3.12089541651	-1467.9274217	
-3.13549421593	-1467.93011589	
-3.14988295338	-1467.93267394	
-3.16406758837	-1467.93509875	
-3.17805383035	-1467.93739323	
-3.19184715248	-1467.93956027	
-3.20545280454	-1467.94160276	
-3.21887582487	-1467.94352358	
-3.23212105162	-1467.94532558	
-3.24519313319	-1467.9470116	
-3.25809653802	-1467.94858445	
-3.2708355638	-1467.95004691	
-3.28341434601	-1467.95140174	
-3.295836866	-1467.95265166	
-3.3081069586	-1467.95379936	
-3.32022831913	-1467.95484751	
-3.33220451018	-1467.95579872	
-3.34403896782	-1467.95665557	
-3.35573500759	-1467.95742061	
-3.36729582999	-1467.95809634	
-3.37872452581	-1467.95868522	
-3.39002408106	-1467.95918969	
-3.40119738166	-1467.95961211	
-3.41224721785	-1467.95995483	
-3.42317628838	-1467.96022014	
-3.43398720449	-1467.96041029	
-3.4446824936	-1467.96052749	
-3.45526460293	-1467.96057392	
-3.4657359028	-1467.96055169	
-3.47609868984	-1467.96046288	
-3.48635519	-1467.96030953	
-3.49650756147	-1467.96009363	
-3.50655789732	-1467.95981714	
-3.51650822817	-1467.95948196	
-3.52636052462	-1467.95908996	
-3.53611669956	-1467.95864298	
-3.54577861047	-1467.95814279	
-3.55534806149	-1467.95759113	
-3.56482680544	-1467.95698973	
-3.57421654579	-1467.95634023	
-3.58351893846	-1467.95564426	
-3.59273559356	-1467.95490341	
-3.60186807712	-1467.95411924	
-3.61091791264	-1467.95329325	
-3.61988658263	-1467.95242691	
-3.62877553004	-1467.95152168	
-3.63758615973	-1467.95057894	
-3.6463198397	-1467.94960008	
-3.65497790244	-1467.94858641	
-3.66356164613	-1467.94753925	
-3.6720723358	-1467.94645986	
-3.68051120444	-1467.94534948	
-3.68887945411	-1467.9442093	
-3.69717825693	-1467.94304051	
-3.70540875607	-1467.94184424	
-3.7135720667	-1467.9406216	
-3.72166927694	-1467.93937368	
-3.72970144863	-1467.93810153	
-3.73766961828	-1467.93680617	
-3.74557479779	-1467.93548861	
-3.75341797525	-1467.93414981	
-3.76120011569	-1467.93279072	
-3.76892216179	-1467.93141226	
-3.77658503453	-1467.93001532	
-3.78418963392	-1467.92860078	
-3.79173683955	-1467.92716947	
-3.79922751128	-1467.92572222	
-3.80666248977	-1467.92425983	
-3.81404259707	-1467.92278308	
-3.82136863716	-1467.92129272	
-3.82864139649	-1467.91978948	
-3.83586164446	-1467.91827408	
-3.84303013394	-1467.91674722	
-3.85014760171	-1467.91520956	
-3.85721476893	-1467.91366176	
-3.86423234159	-1467.91210445	
-3.87120101091	-1467.91053825	
-3.87812145375	-1467.90896377	
-3.88499433304	-1467.90738157	
-3.89182029811	-1467.90579223	
-3.8985999851	-1467.90419629	
-3.90533401728	-1467.90259429	
-3.91202300543	-1467.90098673	
-3.91866754815	-1467.89937413	
-3.92526823218	-1467.89775697	
-3.93182563272	-1467.89613571	
-3.93834031375	-1467.89451081	
-3.94481282825	-1467.89288273	
-3.95124371858	-1467.89125188	
-3.95763351668	-1467.88961868	
-3.96398274436	-1467.88798354	
-3.97029191355	-1467.88634685	
-3.97656152657	-1467.88470898	
-3.98279207632	-1467.88307031	
-3.98898404656	-1467.88143119	
-3.99513791214	-1467.87979196	
-4.00125413916	-1467.87815296	
-4.00733318523	-1467.87651452	
-4.01337549969	-1467.87487693	
-4.01938152375	-1467.87324051	
-4.02535169074	-1467.87160555	
-4.03128642625	-1467.86997233	
-4.03718614838	-1467.86834113	
-4.04305126783	-1467.86671221	
-4.04888218815	-1467.86508582	
-4.05467930583	-1467.86346222	
-4.06044301055	-1467.86184165	
-4.06617368526	-1467.86022433	
-4.07187170637	-1467.85861049	
-4.07753744391	-1467.85700035	
-4.08317126162	-1467.8553941	
-4.08877351717	-1467.85379197	
-4.09434456222	-1467.85219413	
-4.0998847426	-1467.85060078	
-4.10539439841	-1467.84901209	
-4.11087386417	-1467.84742825	
-4.11632346894	-1467.84584941	
-4.12174353641	-1467.84427575	
-4.12713438505	-1467.84270741	
-4.13249632819	-1467.84114454	
-4.13782967416	-1467.8395873	
-4.14313472639	-1467.83803581	
-4.14841178349	-1467.83649022	
-4.15366113938	-1467.83495065	
-4.15888308336	-1467.83341722	
-4.16407790024	-1467.83189005	
-4.1692458704	-1467.83036926	
-4.1743872699	-1467.82885495	
-4.17950237056	-1467.82734724	
-4.18459144007	-1467.82584621	
-4.18965474203	-1467.82435197	
-4.19469253606	-1467.82286461	
-4.19970507788	-1467.82138421	
-4.20469261939	-1467.81991086	
-4.20965540873	-1467.81844465	
-4.21459369037	-1467.81698563	
-4.21950770518	-1467.8155339	
-4.22439769047	-1467.81408951	
-4.22926388012	-1467.81265254	
-4.2341065046	-1467.81122305	
-4.23892579103	-1467.80980109	
-4.2437219633	-1467.80838672	
-4.24849524205	-1467.80698001	
-4.25324584481	-1467.80558099	
-4.257973986	-1467.80418971	
-4.26267987704	-1467.80280623	
-4.26736372635	-1467.80143058	
-4.27202573946	-1467.8000628	
-4.27666611902	-1467.79870293	
-4.28128506487	-1467.79735101	
-4.28588277412	-1467.79600706	
-4.29045944115	-1467.79467112	
-4.29501525768	-1467.79334322	
-4.29955041285	-1467.79202337	
-4.3040650932	-1467.79071162	
-4.30855948279	-1467.78940797	
-4.31303376319	-1467.78811245	
-4.31748811354	-1467.78682507	
-4.3219227106	-1467.78554585	
-4.32633772881	-1467.78427481	
-4.33073334029	-1467.78301195	
-4.33510971489	-1467.7817573	
-4.33946702026	-1467.78051085	
-4.34380542185	-1467.77927261	
-4.348125083	-1467.7780426	
-4.3524261649	-1467.77682081	
-4.35670882669	-1467.77560725	
-4.36097322548	-1467.77440192	
-4.36521951636	-1467.77320482	
-4.36944785247	-1467.77201595	
-4.373658385	-1467.77083531	
-4.37785126326	-1467.76966289	
-4.38202663467	-1467.76849869	
-4.38618464482	-1467.76734271	
-4.39032543749	-1467.76619493	
-4.39444915467	-1467.76505535	
-4.39855593663	-1467.76392396	
-4.40264592188	-1467.76280075	
-4.40671924726	-1467.7616857	
-4.41077604796	-1467.76057882	
-4.4148164575	-1467.75948007	
-4.4188406078	-1467.75838946	
-4.42284862919	-1467.75730696	
-4.42684065046	-1467.75623257	
-4.43081679884	-1467.75516625	
-4.43477720006	-1467.75410801	
-4.43872197835	-1467.75305781	
-4.44265125649	-1467.75201564	
-4.44656515581	-1467.75098149	
-4.45046379623	-1467.74995532	
-4.45434729625	-1467.74893713	
-4.45821577303	-1467.74792689	
-4.46206934235	-1467.74692458	
-4.46590811865	-1467.74593017	
-4.46973221509	-1467.74494365	
-4.47354174351	-1467.74396499	
-4.47733681448	-1467.74299417	
-4.48111753732	-1467.74203115	
-4.48488402011	-1467.74107593	
-4.48863636973	-1467.74012847	
-4.49237469184	-1467.73918875	
-4.49609909093	-1467.73825674	
-4.49980967033	-1467.73733241	
-4.50350653221	-1467.73641574	
-4.50718977763	-1467.73550671	
-4.51085950652	-1467.73460527	
-4.51451581772	-1467.73371142	
-4.518158809	-1467.73282511	
-4.52178857705	-1467.73194632	
-4.52540521752	-1467.73107502	
-4.52900882502	-1467.73021118	
-4.53259949315	-1467.72935477	
-4.5361773145	-1467.72850577	
-4.53974238067	-1467.72766414	
-4.54329478227	-1467.72682985	
-4.54683460898	-1467.72600288	
-4.55036194949	-1467.72518319	
-4.5538768916	-1467.72437075	
-4.55737952215	-1467.72356553	
-4.56086992709	-1467.72276751	
-4.56434819147	-1467.72197664	
-4.56781439944	-1467.7211929	
-4.57126863431	-1467.72041626	
-4.5747109785	-1467.71964668	
-4.5781415136	-1467.71888414	
-4.58156032035	-1467.71812859	
-4.58496747867	-1467.71738002	
-4.58836306767	-1467.71663839	
-4.59174716566	-1467.71590366	
-4.59511985013	-1467.71517581	
-4.59848119784	-1467.7144548	
-4.60183128472	-1467.7137406	
-4.60517018599	-1467.71303317	
-4.60849797608	-1467.7123325	
-4.61181472871	-1467.71163853	
-4.61512051684	-1467.71095124	
-4.61841541274	-1467.71027061	
-4.62169948794	-1467.70959659	
-4.62497281328	-1467.70892915	
-4.62823545892	-1467.70826826	
-4.63148749431	-1467.70761389	
-4.63472898823	-1467.70696601	
-4.63796000881	-1467.70632458	
-4.64118062351	-1467.70568956	
-4.64439089914	-1467.70506094	
-4.64759090187	-1467.70443868	
-4.65078069724	-1467.70382273	
-4.65396035016	-1467.70321308	
-4.65712992492	-1467.70260969	
-4.66028948521	-1467.70201252	
-4.66343909411	-1467.70142154	
-4.66657881412	-1467.70083673	
-4.66970870713	-1467.70025805	
-4.67282883446	-1467.69968546	
-4.67593925688	-1467.69911894	
-4.67904003455	-1467.69855846	
-4.68213122712	-1467.69800397	
-4.68521289366	-1467.69745545	
-4.6882850927	-1467.69691287	
-4.69134788223	-1467.6963762	
-4.69440131972	-1467.6958454	
-4.6974454621	-1467.69532044	
-4.70048036579	-1467.69480129	
-4.70350608671	-1467.69428792	
-4.70652268025	-1467.6937803	
-4.70953020131	-1467.6932784	
-4.71252870431	-1467.69278218	
-4.71551824316	-1467.69229162	
-4.7184988713	-1467.69180668	
-4.72147064168	-1467.69132733	
-4.72443360681	-1467.69085354	
-4.72738781871	-1467.69038528	
-4.73033332894	-1467.68992252	
-4.73327018862	-1467.68946524	
-4.73619844839	-1467.68901339	
-4.7391181585	-1467.68856695	
-4.74202936871	-1467.68812589	
-4.74493212836	-1467.68769017	
-4.74782648639	-1467.68725978	
-4.75071249128	-1467.68683467	
-4.75359019111	-1467.68641483	
-4.75645963353	-1467.68600021	
-4.75932086582	-1467.68559079	
-4.7621739348	-1467.68518654	
-4.76501888693	-1467.68478743	
-4.76785576827	-1467.68439343	
-4.77068462447	-1467.68400452	
-4.77350550081	-1467.68362066	
-4.77631844218	-1467.68324182	
-4.77912349311	-1467.68286798	
-4.78192069773	-1467.68249911	
-4.78471009982	-1467.68213517	
-4.78749174278	-1467.68177615	
-4.79026566966	-1467.681422	
-4.79303192316	-1467.68107272	
-4.7957905456	-1467.68072825	
-4.79854157897	-1467.68038859	
-4.80128506491	-1467.6800537	
-4.80402104473	-1467.67972355	
-4.80674955939	-1467.67939811	
-4.8094706495	-1467.67907736	
-4.81218435537	-1467.67876128	
-4.81489071697	-1467.67844983	
-4.81758977394	-1467.67814298	
-4.82028156561	-1467.67784072	
-4.82296613098	-1467.677543	
-4.82564350875	-1467.67724982	
-4.8283137373	-1467.67696113	
-4.83097685472	-1467.67667692	
-4.83363289878	-1467.67639716	
-4.83628190695	-1467.67612182	
-4.83892391641	-1467.67585087	
-4.84155896405	-1467.6755843	
-4.84418708646	-1467.67532207	
-4.84680831994	-1467.67506415	
-4.84942270051	-1467.67481053	
-4.85203026392	-1467.67456118	
-4.85463104562	-1467.67431607	
-4.8572250808	-1467.67407518	
-4.85981240436	-1467.67383849	
-4.86239305096	-1467.67360596	
-4.86496705495	-1467.67337757	
-4.86753445046	-1467.67315331	
-4.87009527132	-1467.67293313	
-4.87264955112	-1467.67271703	
-4.8751973232	-1467.67250498	
-4.87773862063	-1467.67229695	
-4.88027347623	-1467.67209291	
-4.88280192259	-1467.67189286	
-4.88532399202	-1467.67169675	
-4.88783971662	-1467.67150457	
-4.89034912822	-1467.67131629	
-4.89285225844	-1467.6711319	
-4.89534913864	-1467.67095136	
-4.89783979995	-1467.67077466	
-4.90032427328	-1467.67060178	
-4.90280258929	-1467.67043268	
-4.90527477844	-1467.67026735	
-4.90774087093	-1467.67010576	
-4.91020089677	-1467.66994789	
-4.91265488574	-1467.66979373	
-4.91510286737	-1467.66964324	
-4.91754487103	-1467.66949641	
-4.91998092583	-1467.66935322	
-4.92241106068	-1467.66921363	
-4.92483530429	-1467.66907764	
-4.92725368516	-1467.66894521	
-4.92966623156	-1467.66881634	
-4.93207297159	-1467.66869099	
-4.93447393313	-1467.66856914	
-4.93686914386	-1467.66845079	
-4.93925863125	-1467.66833589	
-4.94164242261	-1467.66822444	
-4.94402054501	-1467.66811641	
-4.94639302537	-1467.66801178	
-4.94875989038	-1467.66791053	
-4.95112116656	-1467.66781265	
-4.95347688026	-1467.6677181	
-4.9558270576	-1467.66762688	
-4.95817172456	-1467.66753896	
-4.96051090691	-1467.66745432	
-4.96284463026	-1467.66737294	
-4.96517292002	-1467.6672948	
-4.96749580144	-1467.66721988	
-4.96981329958	-1467.66714817	
-4.97212543933	-1467.66707964	
-4.97443224543	-1467.66701428	
-4.97673374242	-1467.66695206	
-4.97902995468	-1467.66689297	
-4.98132090643	-1467.66683698	
-4.98360662171	-1467.66678409	
-4.98588712441	-1467.66673426	
-4.98816243824	-1467.66668749	
-4.99043258678	-1467.66664376	
-4.99269759341	-1467.66660303	
-4.99495748138	-1467.66656531	
-4.99721227376	-1467.66653056	
-4.9994619935	-1467.66649878	
-5.00170666335	-1467.66646994	
-5.00394630595	-1467.66644403	
-5.00618094375	-1467.66642102	
-5.00841059907	-1467.66640091	
-5.0106352941	-1467.66638366	
-5.01285505083	-1467.66636928	
-5.01506989116	-1467.66635773	
-5.01727983681	-1467.66634901	
-5.01948490937	-1467.66634309	
-5.02168513028	-1467.66633995	
-5.02388052085	-1467.66633959	
-5.02607110223	-1467.66634199	
-5.02825689545	-1467.66634712	
-5.03043792139	-1467.66635497	
-5.03261420082	-1467.66636553	
-5.03478575433	-1467.66637877	
-5.03695260241	-1467.66639469	
-5.03911476542	-1467.66641326	
-5.04127226356	-1467.66643448	
-5.04342511692	-1467.66645832	
-5.04557334546	-1467.66648477	
-5.047716969	-1467.66651381	
-5.04985600725	-1467.66654542	
-5.05199047978	-1467.6665796	
-5.05412040604	-1467.66661633	
-5.05624580535	-1467.66665558	
-5.05836669692	-1467.66669736	
-5.06048309982	-1467.66674163	
-5.06259503303	-1467.66678839	
-5.06470251537	-1467.66683762	
-5.06680556556	-1467.6668893	
-5.06890420222	-1467.66694342	
-5.07099844382	-1467.66699997	
-5.07308830874	-1467.66705894	
-5.07517381523	-1467.6671203	
-5.07725498144	-1467.66718404	
-5.07933182538	-1467.66725015	
-5.08140436498	-1467.66731861	
-5.08347261805	-1467.66738941	
-5.08553660227	-1467.66746254	
-5.08759633523	-1467.66753798	
-5.08965183441	-1467.66761572	
-5.09170311719	-1467.66769574	
-5.09375020081	-1467.66777803	
-5.09579310244	-1467.66786257	
-5.09783183913	-1467.66794936	
-5.09986642782	-1467.66803838	
-5.10189688537	-1467.66812962	
-5.10392322852	-1467.66822305	
-5.1059454739	-1467.66831868	
-5.10796363806	-1467.66841648	
-5.10997773743	-1467.66851644	
-5.11198778836	-1467.66861856	
-5.11399380708	-1467.66872281	
-5.11599580975	-1467.66882918	
-5.11799381242	-1467.66893767	
-5.11998783102	-1467.66904825	
-5.12197788143	-1467.66916092	
-5.1239639794	-1467.66927566	
-5.12594614061	-1467.66939247	
-5.12792438062	-1467.66951132	
-5.12989871492	-1467.6696322	
-5.13186915891	-1467.66975512	
-5.13383572788	-1467.66988004	
-5.13579843705	-1467.67000696	
-5.13775730154	-1467.67013587	
-5.13971233637	-1467.67026675	
-5.1416635565	-1467.6703996	
-5.14361097679	-1467.6705344	
-5.145554612	-1467.67067114	
-5.14749447681	-1467.67080981	
-5.14943058584	-1467.67095039	
-5.15136295359	-1467.67109288	
-5.1532915945	-1467.67123726	
-5.15521652291	-1467.67138352	
-5.15713775309	-1467.67153166	
-5.15905529921	-1467.67168165	
-5.1609691754	-1467.67183349	
-5.16287939565	-1467.67198717	
-5.16478597392	-1467.67214268	
-5.16668892407	-1467.6723	
-5.16858825987	-1467.67245913	
-5.17048399504	-1467.67262004	
-5.17237614319	-1467.67278274	
-5.17426471788	-1467.67294722	
-5.17614973257	-1467.67311345	
-5.17803120067	-1467.67328143	
-5.1799091355	-1467.67345116	
-5.18178355029	-1467.67362261	
-5.18365445823	-1467.67379578	
-5.1855218724	-1467.67397066	
-5.18738580584	-1467.67414724	
-5.18924627149	-1467.6743255	
-5.19110328224	-1467.67450545	
-5.19295685089	-1467.67468706	
-5.19480699018	-1467.67487033	
-5.19665371277	-1467.67505525	
-5.19849703127	-1467.67524181	
-5.20033695819	-1467.67542999	
-5.202173506	-1467.67561979	
-5.20400668708	-1467.6758112	
-5.20583651375	-1467.67600421	
-5.20766299828	-1467.67619881	
-5.20948615284	-1467.67639499	
-5.21130598956	-1467.67659273	
-5.21312252048	-1467.67679204	
-5.21493575761	-1467.6769929	
-5.21674571285	-1467.6771953	
-5.21855239808	-1467.67739923	
-5.22035582508	-1467.67760469	
-5.22215600558	-1467.67781166	
-5.22395295126	-1467.67802014	
-5.22574667371	-1467.67823011	
-5.22753718449	-1467.67844157	
-5.22932449506	-1467.6786545	
-5.23110861685	-1467.67886891	
-5.23288956123	-1467.67908477	
-5.23466733947	-1467.67930209	
-5.23644196283	-1467.67952085	
-5.23821344248	-1467.67974104	
-5.23998178954	-1467.67996266	
-5.24174701506	-1467.68018569	
-5.24350913005	-1467.68041014	
-5.24526814546	-1467.68063598	
-5.24702407216	-1467.68086321	
-5.24877692099	-1467.68109183	
-5.25052670271	-1467.68132182	
-5.25227342805	-1467.68155317	
-5.25401710765	-1467.68178589	
-5.25575775213	-1467.68201995	
-5.25749537203	-1467.68225536	
-5.25922997784	-1467.6824921	
-5.26096158	-1467.68273016	
-5.2626901889	-1467.68296954	
-5.26441581487	-1467.68321023	
-5.26613846818	-1467.68345222	
-5.26785815906	-1467.68369551	
-5.26957489768	-1467.68394008	
-5.27128869416	-1467.68418593	
-5.27299955856	-1467.68443305	
-5.27470750091	-1467.68468143	
-5.27641253116	-1467.68493107	
-5.27811465923	-1467.68518195	
-5.27981389498	-1467.68543408	
-5.28151024823	-1467.68568743	
-5.28320372874	-1467.68594202	
-5.28489434622	-1467.68619782	
-5.28658211033	-1467.68645482	
-5.28826703069	-1467.68671304	
-5.28994911688	-1467.68697244	
-5.2916283784	-1467.68723304	
-5.29330482472	-1467.68749482	
-5.29497846528	-1467.68775777	
-5.29664930945	-1467.68802188	
-5.29831736655	-1467.68828716	
-5.29998264587	-1467.68855359	
-5.30164515664	-1467.68882116	
-5.30330490806	-1467.68908988	
-5.30496190927	-1467.68935972	
-5.30661616936	-1467.6896307	
-5.3082676974	-1467.68990278	
-5.30991650239	-1467.69017598	
-5.3115625933	-1467.69045029	
-5.31320597904	-1467.69072569	
-5.3148466685	-1467.69100219	
-5.3164846705	-1467.69127977	
-5.31811999384	-1467.69155842	
-5.31975264727	-1467.69183815	
-5.32138263948	-1467.69211894	
-5.32300997914	-1467.6924008	
-5.32463467487	-1467.6926837	
-5.32625673524	-1467.69296765	
-5.32787616879	-1467.69325264	
-5.32949298402	-1467.69353866	
-5.33110718937	-1467.69382571	
-5.33271879327	-1467.69411378	
-5.33432780407	-1467.69440286	
-5.33593423012	-1467.69469295	
-5.3375380797	-1467.69498404	
-5.33913936107	-1467.69527613	
-5.34073808243	-1467.69556921	
-5.34233425196	-1467.69586327	
-5.3439278778	-1467.69615831	
-5.34551896803	-1467.69645432	
-5.34710753072	-1467.6967513	
-5.34869357387	-1467.69704924	
-5.35027710548	-1467.69734813	
-5.35185813348	-1467.69764797	
-5.35343666577	-1467.69794875	
-5.35501271022	-1467.69825047	
-5.35658627467	-1467.69855312	
-5.3581573669	-1467.69885669	
-5.35972599468	-1467.69916118	
-5.36129216571	-1467.69946659	
-5.36285588769	-1467.69977291	
-5.36441716825	-1467.70008013	
-5.36597601502	-1467.70038824	
-5.36753243557	-1467.70069725	
-5.36908643744	-1467.70100714	
-5.37063802813	-1467.70131792	
-5.37218721511	-1467.70162957	
-5.37373400583	-1467.70194209	
-5.37527840768	-1467.70225547	
-5.37682042804	-1467.70256972	
-5.37836007422	-1467.70288481	
-5.37989735354	-1467.70320076	
-5.38143227326	-1467.70351755	
-5.38296484061	-1467.70383518	
-5.38449506279	-1467.70415364	
-5.38602294697	-1467.70447293	
-5.38754850028	-1467.70479304	
-5.38907172982	-1467.70511397	
-5.39059264266	-1467.70543572	
-5.39211124583	-1467.70575827	
-5.39362754635	-1467.70608162	
-5.39514155118	-1467.70640577	
-5.39665326727	-1467.70673072	
-5.39816270152	-1467.70705645	
-5.39966986081	-1467.70738296	
-5.40117475199	-1467.70771026	
-5.40267738187	-1467.70803833	
-5.40417775725	-1467.70836716	
-5.40567588487	-1467.70869676	
-5.40717177146	-1467.70902712	
-5.40866542372	-1467.70935823	
-5.4101568483	-1467.7096901	
-5.41164605186	-1467.7100227	
-5.41313304098	-1467.71035605	
-5.41461782224	-1467.71069014	
-5.4161004022	-1467.71102495	
-5.41758078737	-1467.7113605	
-5.41905898424	-1467.71169676	
-5.42053499927	-1467.71203374	
-5.42200883889	-1467.71237144	
-5.4234805095	-1467.71270984	
-5.42495001748	-1467.71304895	
-5.42641736918	-1467.71338876	
-5.4278825709	-1467.71372926	
-5.42934562895	-1467.71407046	
-5.43080654959	-1467.71441234	
-5.43226533906	-1467.7147549	
-5.43372200355	-1467.71509814	
-5.43517654927	-1467.71544206	
-5.43662898235	-1467.71578664	
-5.43807930892	-1467.7161319	
-5.4395275351	-1467.71647781	
-5.44097366695	-1467.71682438	
-5.44241771052	-1467.7171716	
-5.44385967184	-1467.71751947	
-5.4452995569	-1467.71786799	
-5.44673737167	-1467.71821714	
-5.44817312209	-1467.71856694	
-5.44960681409	-1467.71891736	
-5.45103845357	-1467.71926842	
-5.45246804638	-1467.7196201	
-5.45389559837	-1467.7199724	
-5.45532111536	-1467.72032532	
-5.45674460314	-1467.72067885	
-5.45816606749	-1467.72103299	
-5.45958551414	-1467.72138773	
-5.46100294883	-1467.72174307	
-5.46241837723	-1467.72209902	
-5.46383180503	-1467.72245555	
-5.46524323786	-1467.72281268	
-5.46665268137	-1467.72317039	
-5.46806014114	-1467.72352869	
-5.46946562274	-1467.72388756	
-5.47086913175	-1467.72424701	
-5.47227067367	-1467.72460702	
-5.47367025403	-1467.72496761	
-5.47506787829	-1467.72532876	
-5.47646355193	-1467.72569047	
-5.47785728038	-1467.72605274	
-5.47924906905	-1467.72641556	
-5.48063892334	-1467.72677893	
-5.48202684862	-1467.72714284	
-5.48341285022	-1467.7275073	
-5.48479693349	-1467.7278723	
-5.48617910372	-1467.72823783	
-5.48755936619	-1467.7286039	
-5.48893772616	-1467.72897049	
-5.49031418887	-1467.72933761	
-5.49168875953	-1467.72970525	
-5.49306144334	-1467.73007341	
-5.49443224547	-1467.73044208	
-5.49580117108	-1467.73081127	
-5.49716822529	-1467.73118096	
-5.49853341322	-1467.73155116	
-5.49989673995	-1467.73192186	
-5.50125821054	-1467.73229305	
-5.50261783006	-1467.73266475	
-5.50397560352	-1467.73303693	
-5.50533153593	-1467.73340961	
-5.50668563228	-1467.73378277	
-5.50803789753	-1467.73415641	
-5.50938833663	-1467.73453053	
-5.5107369545	-1467.73490512	
-5.51208375605	-1467.73528019	
-5.51342874616	-1467.73565573	
-5.51477192971	-1467.73603174	
-5.51611331154	-1467.73640821	
-5.51745289646	-1467.73678514	
-5.51879068931	-1467.73716252	
-5.52012669485	-1467.73754036	
-5.52146091786	-1467.73791866	
-5.5227933631	-1467.7382974	
-5.52412403528	-1467.73867658	
-5.52545293913	-1467.73905621	
-5.52678007934	-1467.73943628	
-5.52810546058	-1467.73981678	
-5.52942908751	-1467.74019772	
-5.53075096477	-1467.74057909	
-5.53207109697	-1467.74096088	
-5.53338948873	-1467.74134311	
-5.53470614461	-1467.74172575	
-5.53602106919	-1467.74210881	
-5.53733426702	-1467.74249229	
-5.53864574262	-1467.74287618	
-5.5399555005	-1467.74326048	
-5.54126354516	-1467.74364519	
-5.54256988107	-1467.74403031	
-5.5438745127	-1467.74441583	
-5.54517744448	-1467.74480174	
-5.54647868084	-1467.74518806	
-5.54777822618	-1467.74557477	
-5.5490760849	-1467.74596187	
-5.55037226136	-1467.74634936	
-5.55166675992	-1467.74673723	
-5.55295958492	-1467.74712549	
-5.55425074069	-1467.74751413	
-5.55554023152	-1467.74790315	
-5.5568280617	-1467.74829254	
-5.55811423551	-1467.74868231	
-5.5593987572	-1467.74907245	
-5.56068163102	-1467.74946295	
-5.56196286117	-1467.74985382	
-5.56324245188	-1467.75024506	
-5.56452040732	-1467.75063665	
-5.56579673168	-1467.7510286	
-5.56707142911	-1467.75142091	
-5.56834450376	-1467.75181357	
-5.56961595975	-1467.75220658	
-5.57088580119	-1467.75259993	
-5.57215403218	-1467.75299364	
-5.57342065679	-1467.75338768	
-5.5746856791	-1467.75378207	
-5.57594910315	-1467.7541768	
-5.57721093297	-1467.75457186	
-5.57847117258	-1467.75496725	
-5.57972982599	-1467.75536298	
-5.58098689718	-1467.75575903	
-5.58224239012	-1467.75615541	
-5.58349630878	-1467.75655212	
-5.5847486571	-1467.75694914	
-5.585999439	-1467.75734649	
-5.5872486584	-1467.75774415	
-5.5884963192	-1467.75814213	
-5.58974242528	-1467.75854042	
-5.59098698051	-1467.75893902	
-5.59222998875	-1467.75933792	
-5.59347145384	-1467.75973714	
-5.5947113796	-1467.76013666	
-5.59594976985	-1467.76053648	
-5.59718662839	-1467.76093659	
-5.598421959	-1467.76133701	
-5.59965576545	-1467.76173772	
-5.60088805149	-1467.76213872	
-5.60211882088	-1467.76254001	
-5.60334807733	-1467.7629416	
-5.60457582457	-1467.76334346	
-5.6058020663	-1467.76374562	
-5.60702680619	-1467.76414805	
-5.60825004793	-1467.76455076	
-5.60947179518	-1467.76495376	
-5.61069205159	-1467.76535702	
-5.61191082078	-1467.76576056	
-5.61312810639	-1467.76616438	
-5.61434391201	-1467.76656846	
-5.61555824124	-1467.76697281	
-5.61677109767	-1467.76737743	
-5.61798248485	-1467.7677823	
-5.61919240636	-1467.76818745	
-5.62040086572	-1467.76859285	
-5.62160786647	-1467.7689985	
-5.62281341212	-1467.76940442	
-5.62401750619	-1467.76981058	
-5.62522015215	-1467.770217	
-5.6264213535	-1467.77062367	
-5.62762111369	-1467.77103059	
-5.62881943618	-1467.77143775	
-5.63001632442	-1467.77184516	
-5.63121178182	-1467.77225281	
-5.63240581181	-1467.7726607	
-5.6335984178	-1467.77306882	
-5.63478960317	-1467.77347719	
-5.6359793713	-1467.77388579	
-5.63716772557	-1467.77429462	
-5.63835466933	-1467.77470368	
-5.63954020593	-1467.77511297	
-5.64072433869	-1467.77552249	
-5.64190707094	-1467.77593224	
-5.64308840598	-1467.7763422	
-5.64426834712	-1467.77675239	
-5.64544689764	-1467.77716281	
-5.64662406082	-1467.77757343	
-5.64779983991	-1467.77798428	
-5.64897423816	-1467.77839534	
-5.65014725882	-1467.77880661	
-5.65131890512	-1467.7792181	
-5.65248918027	-1467.77962979	
-5.65365808747	-1467.7800417	
-5.65482562993	-1467.78045381	
-5.65599181082	-1467.78086612	
-5.65715663332	-1467.78127864	
-5.65832010058	-1467.78169135	
-5.65948221576	-1467.78210427	
-5.660642982	-1467.78251739	
-5.66180240242	-1467.7829307	
-5.66296048014	-1467.7833442	
-5.66411721826	-1467.7837579	
-5.66527261989	-1467.78417179	
-5.66642668811	-1467.78458587	
-5.66757942599	-1467.78500014	
-5.6687308366	-1467.7854146	
-5.66988092298	-1467.78582924	
-5.67102968818	-1467.78624406	
-5.67217713524	-1467.78665906	
-5.67332326717	-1467.78707425	
-5.67446808699	-1467.78748961	
-5.67561159769	-1467.78790515	
-5.67675380227	-1467.78832087	
-5.6778947037	-1467.78873676	
-5.67903430497	-1467.78915282	
-5.68017260902	-1467.78956905	
-5.6813096188	-1467.78998546	
-5.68244533727	-1467.79040203	
-5.68357976734	-1467.79081877	
-5.68471291194	-1467.79123567	
-5.68584477397	-1467.79165273	
-5.68697535634	-1467.79206996	
-5.68810466194	-1467.79248735	
-5.68923269364	-1467.79290489	
-5.69035945432	-1467.7933226	
-5.69148494685	-1467.79374046	
-5.69260917406	-1467.79415848	
-5.6937321388	-1467.79457664	
-5.69485384391	-1467.79499496	
-5.69597429221	-1467.79541344	
-5.69709348651	-1467.79583206	
-5.69821142961	-1467.79625082	
-5.69932812431	-1467.79666974	
-5.70044357339	-1467.7970888	
-5.70155777963	-1467.797508	
-5.7026707458	-1467.79792734	
-5.70378247466	-1467.79834683	
-5.70489296894	-1467.79876645	
-5.70600223139	-1467.79918621	
-5.70711026475	-1467.79960611	
-5.70821707172	-1467.80002615	
-5.70932265503	-1467.80044631	
-5.71042701737	-1467.80086662	
-5.71153016145	-1467.80128705	
-5.71263208993	-1467.80170761	
-5.71373280551	-1467.8021283	
-5.71483231084	-1467.80254912	
-5.71593060859	-1467.80297007	
-5.71702770141	-1467.80339114	
-5.71812359193	-1467.80381233	
-5.71921828279	-1467.80423365	
-5.72031177661	-1467.80465508	
-5.72140407601	-1467.80507664	
-5.72249518359	-1467.80549831	
-5.72358510195	-1467.80592011	
-5.72467383369	-1467.80634202	
-5.72576138137	-1467.80676404	
-5.72684774759	-1467.80718618	
-5.72793293489	-1467.80760843	
-5.72901694583	-1467.80803079	
-5.73009978297	-1467.80845326	
-5.73118144884	-1467.80887584	
-5.73226194598	-1467.80929853	
-5.7333412769	-1467.80972132	
-5.73441944412	-1467.81014422	
-5.73549645015	-1467.81056722	
-5.73657229748	-1467.81099033	
-5.73764698861	-1467.81141354	
-5.73872052602	-1467.81183684	
-5.73979291218	-1467.81226025	
-5.74086414956	-1467.81268376	
-5.74193424062	-1467.81310736	
-5.74300318781	-1467.81353106	
-5.74407099357	-1467.81395485	
-5.74513766034	-1467.81437874	
-5.74620319054	-1467.81480272	
-5.7472675866	-1467.81522679	
-5.74833085092	-1467.81565096	
-5.74939298591	-1467.81607521	
-5.75045399397	-1467.81649955	
-5.75151387748	-1467.81692398	
-5.75257263883	-1467.81734849	
-5.75363028038	-1467.81777309	
-5.75468680452	-1467.81819777	
-5.75574221359	-1467.81862254	
-5.75679650994	-1467.81904738	
-5.75784969593	-1467.81947231	
-5.75890177388	-1467.81989732	
-5.75995274612	-1467.8203224	
-5.76100261499	-1467.82074757	
-5.76205138278	-1467.82117281	
-5.76309905181	-1467.82159812	
-5.76414562438	-1467.82202351	
-5.76519110278	-1467.82244898	
-5.7662354893	-1467.82287451	
-5.76727878622	-1467.82330012	
-5.76832099579	-1467.8237258	
-5.7693621203	-1467.82415154	
-5.770402162	-1467.82457736	
-5.77144112313	-1467.82500324	
-5.77247900594	-1467.82542919	
-5.77351581267	-1467.82585521	
-5.77455154554	-1467.82628129	
-5.77558620679	-1467.82670743	
-5.77661979861	-1467.82713364	
-5.77765232322	-1467.82755991	
-5.77868378283	-1467.82798624	
-5.77971417962	-1467.82841262	
-5.78074351579	-1467.82883907	
-5.78177179352	-1467.82926558	
-5.78279901497	-1467.82969214	
-5.78382518233	-1467.83011876	
-5.78485029774	-1467.83054543	
-5.78587436337	-1467.83097216	
-5.78689738137	-1467.83139894	
-5.78791935386	-1467.83182577	
-5.788940283	-1467.83225266	
-5.7899601709	-1467.83267959	
-5.79097901969	-1467.83310657	
-5.79199683148	-1467.83353361	
-5.79301360838	-1467.83396069	
-5.7940293525	-1467.83438782	
-5.79504406593	-1467.83481499	
-5.79605775077	-1467.83524221	
-5.79707040908	-1467.83566947	
-5.79808204295	-1467.83609678	
-5.79909265446	-1467.83652413	
-5.80010224566	-1467.83695152	
-5.80111081862	-1467.83737896	
-5.80211837538	-1467.83780643	
-5.80312491799	-1467.83823394	
-5.80413044849	-1467.83866149	
-5.80513496892	-1467.83908908	
-5.80613848129	-1467.8395167	
-5.80714098764	-1467.83994436	
-5.80814248998	-1467.84037206	
-5.80914299031	-1467.84079979	
