#Site	lnL	
0	-1.31142757694
1	-1.66962361021
2	-11.968376577
3	-1.75771541776
4	-1.28899331097
5	-8.65052709546
6	-1.35459968343
7	-1.66962361021
8	-6.91220658498
9	-1.68918075655
10	-1.24918707382
11	-6.20548003878
12	-1.68918075655
13	-1.24918707382
14	-7.18974491602
15	-1.75771541776
16	-1.24918707382
17	-15.5550373337
18	-1.35459968343
19	-1.28899331097
20	-7.54408166909
21	-1.75771541776
22	-1.28899331097
23	-5.95596412045
24	-1.31142757694
25	-1.28899331097
26	-8.38659684704
27	-1.75771541776
28	-1.66962361021
29	-6.99273216247
30	-8.92170914037
31	-1.66962361021
32	-8.17786008235
33	-1.31142757694
34	-1.24918707382
35	-8.11890151684
36	-1.75771541776
37	-1.24918707382
38	-7.37528691399
39	-1.31142757694
40	-1.66962361021
41	-8.25104369914
42	-1.31142757694
43	-1.28899331097
44	-7.14254671915
45	-1.68918075655
46	-1.60401655855
47	-5.95596412045
48	-1.35459968343
49	-1.66962361021
50	-5.95596412045
51	-1.68918075655
52	-1.24918707382
53	-6.48118144655
54	-1.31142757694
55	-1.28899331097
56	-11.9763782531
57	-1.68918075655
58	-1.24918707382
59	-4.31830985411
60	-1.68918075655
61	-1.66962361021
62	-8.76167643477
63	-1.68918075655
64	-1.66962361021
65	-8.54121508764
66	-1.68918075655
67	-1.24918707382
68	-10.0024917501
69	-1.31142757694
70	-1.24918707382
71	-13.3392414601
72	-1.31142757694
73	-8.45775664282
74	-8.26325163885
75	-1.31142757694
76	-1.28899331097
77	-4.53286920322
78	-1.31142757694
79	-1.66962361021
80	-5.95596412045
81	-1.68918075655
82	-1.24918707382
83	-5.26660464395
84	-1.31142757694
85	-1.60401655855
86	-8.46952620299
87	-1.31142757694
88	-1.28899331097
89	-6.1245056845
90	-1.35459968343
91	-1.28899331097
92	-6.20548003878
93	-1.31142757694
94	-1.28899331097
95	-9.19161291572
96	-1.31142757694
97	-1.24918707382
98	-5.95596412045
99	-1.75771541776
100	-1.60401655855
101	-7.5426450231
102	-1.68918075655
103	-1.28899331097
104	-7.51391211858
105	-1.35459968343
106	-1.66962361021
107	-5.95596412045
108	-1.68918075655
109	-1.60401655855
110	-8.60613520243
111	-1.75771541776
112	-1.60401655855
113	-12.0933394397
114	-1.35459968343
115	-1.24918707382
116	-9.13963307435
117	-1.35459968343
118	-1.60401655855
119	-7.54408166909
120	-8.96444856621
121	-1.66962361021
122	-10.0678922236
123	-1.31142757694
124	-1.24918707382
125	-7.1680937331
126	-1.35459968343
127	-1.60401655855
128	-4.53286920322
129	-1.35459968343
130	-1.60401655855
131	-4.53286920322
132	-1.35459968343
133	-1.60401655855
134	-6.41690052703
135	-1.35459968343
136	-1.24918707382
137	-4.31830985411
138	-7.7386382781
139	-1.24918707382
140	-8.20282281767
141	-6.75463137597
142	-1.60401655855
143	-4.53286920322
144	-1.75771541776
145	-1.28899331097
146	-10.8723714478
147	-8.92170914037
148	-1.60401655855
149	-5.95596412045
150	-1.35459968343
151	-1.28899331097
152	-6.48118144655
153	-1.31142757694
154	-1.24918707382
155	-7.89569007628
156	-1.31142757694
157	-1.24918707382
158	-5.95596412045
159	-1.31142757694
160	-1.28899331097
161	-5.95596412045
162	-1.31142757694
163	-1.24918707382
164	-7.64117114925
165	-1.75771541776
166	-1.60401655855
167	-6.20548003878
168	-1.75771541776
169	-1.24918707382
170	-9.94290783626
171	-1.35459968343
172	-1.28899331097
173	-6.18216426834
174	-9.90798420606
175	-1.28899331097
176	-8.79847509311
177	-1.31142757694
178	-1.66962361021
179	-9.45012806086
180	-1.31142757694
181	-1.66962361021
182	-11.5249459436
183	-1.68918075655
184	-1.24918707382
185	-8.28748087947
186	-1.68918075655
187	-1.24918707382
188	-13.2927779348
189	-1.31142757694
190	-1.28899331097
191	-8.11890151684
192	-1.68918075655
193	-1.60401655855
194	-4.53286920322
195	-1.68918075655
196	-1.66962361021
197	-4.53286920322
198	-8.45098233985
199	-1.24918707382
200	-4.31830985411
201	-1.31142757694
202	-1.66962361021
203	-8.38106300193
204	-1.35459968343
205	-1.28899331097
206	-6.41690052703
207	-1.31142757694
208	-1.24918707382
209	-8.88898112472
210	-1.31142757694
211	-1.60401655855
212	-4.53286920322
213	-1.68918075655
214	-1.66962361021
215	-5.95596412045
216	-1.35459968343
217	-1.28899331097
218	-8.28748087947
219	-1.68918075655
220	-11.974466584
221	-4.31830985411
222	-1.31142757694
223	-1.28899331097
224	-4.53286920322
225	-1.31142757694
226	-1.66962361021
227	-12.6936743414
228	-1.31142757694
229	-1.66962361021
230	-12.8655341247
231	-1.31142757694
232	-1.24918707382
233	-9.64014947579
234	-1.75771541776
235	-1.28899331097
236	-10.9890895729
237	-6.76742875012
238	-6.74326066537
239	-4.53286920322
240	-1.68918075655
241	-1.60401655855
242	-6.20548003878
243	-6.73420305918
244	-1.28899331097
245	-6.20548003878
246	-1.35459968343
247	-1.28899331097
248	-4.31830985411
249	-1.35459968343
250	-1.24918707382
251	-14.299803
252	-1.31142757694
253	-1.66962361021
254	-4.53286920322
255	-1.35459968343
256	-1.24918707382
257	-6.99273216247
258	-1.35459968343
259	-1.24918707382
260	-8.15091729222
261	-1.31142757694
262	-1.66962361021
263	-4.31830985411
264	-1.68918075655
265	-1.28899331097
266	-8.02245402338
267	-1.31142757694
268	-1.28899331097
269	-8.126199155
270	-1.75771541776
271	-1.66962361021
272	-8.41769987359
273	-1.68918075655
274	-1.66962361021
275	-8.90207835859
276	-8.92170914037
277	-1.60401655855
278	-7.48320304881
279	-1.75771541776
280	-1.60401655855
281	-8.3618313881
282	-1.31142757694
283	-1.28899331097
284	-7.48320304881
285	-1.75771541776
286	-1.66962361021
287	-9.23373098769
288	-9.31078814271
289	-1.28899331097
290	-5.95596412045
291	-1.75771541776
292	-1.24918707382
293	-4.53286920322
294	-1.68918075655
295	-1.28899331097
296	-12.0609838724
297	-1.31142757694
298	-1.24918707382
299	-4.53286920322
300	-17.6817524591
301	-1.28899331097
302	-8.02245402338
303	-1.35459968343
304	-1.60401655855
305	-8.28748087947
306	-1.31142757694
307	-1.24918707382
308	-9.21548107526
309	-1.31142757694
310	-1.28899331097
311	-8.38659684704
312	-1.31142757694
313	-1.28899331097
314	-5.14114668559
315	-1.35459968343
316	-1.60401655855
317	-8.28870069335
318	-1.31142757694
319	-1.24918707382
320	-8.60613520243
321	-1.31142757694
322	-1.28899331097
323	-6.20548003878
324	-1.31142757694
325	-1.66962361021
326	-12.4357607131
327	-1.68918075655
328	-1.66962361021
329	-13.0917278358
330	-5.86842866941
331	-1.28899331097
332	-8.25104369914
333	-1.35459968343
334	-1.24918707382
335	-8.54232945136
336	-1.31142757694
337	-1.24918707382
338	-10.3196504379
339	-1.75771541776
340	-1.28899331097
341	-13.6718229705
342	-1.68918075655
343	-1.28899331097
344	-5.98315335398
345	-1.35459968343
346	-1.24918707382
347	-4.53286920322
348	-1.35459968343
349	-1.60401655855
350	-9.79485942348
351	-8.92170914037
352	-1.60401655855
353	-4.31830985411
354	-1.31142757694
355	-1.24918707382
356	-4.53286920322
357	-1.31142757694
358	-1.24918707382
359	-12.0580736811
360	-1.35459968343
361	-1.66962361021
362	-11.0190431709
363	-1.31142757694
364	-1.60401655855
365	-4.53286920322
366	-8.93670010184
367	-1.24918707382
368	-8.90207835859
369	-1.31142757694
370	-16.9964961687
371	-5.94572241711
372	-1.35459968343
373	-1.66962361021
374	-14.2527162068
375	-1.68918075655
376	-1.28899331097
377	-8.57089169319
378	-1.35459968343
379	-6.71532529085
380	-4.31830985411
381	-1.35459968343
382	-1.28899331097
383	-7.70075936366
384	-1.35459968343
385	-1.28899331097
386	-6.20548003878
387	-1.35459968343
388	-1.24918707382
389	-4.31830985411
390	-1.31142757694
391	-1.24918707382
392	-9.31134385566
393	-1.75771541776
394	-1.60401655855
395	-5.95596412045
396	-1.35459968343
397	-1.28899331097
398	-12.3257512702
399	-1.75771541776
400	-1.28899331097
401	-5.95596412045
402	-1.31142757694
403	-1.28899331097
404	-10.69795008
405	-1.31142757694
406	-1.66962361021
407	-10.7506060016
408	-1.31142757694
409	-1.66962361021
410	-4.31830985411
411	-1.31142757694
412	-1.28899331097
413	-9.45268114716
414	-1.68918075655
415	-1.24918707382
416	-5.26660464395
417	-6.79854886329
418	-1.66962361021
419	-7.18451490165
420	-1.75771541776
421	-1.28899331097
422	-7.51391211858
423	-1.68918075655
424	-1.66962361021
425	-9.60051537449
426	-1.68918075655
427	-1.66962361021
428	-9.91148887251
429	-1.35459968343
430	-1.28899331097
431	-4.53286920322
432	-1.31142757694
433	-1.66962361021
434	-4.31830985411
435	-1.35459968343
436	-1.66962361021
437	-11.4450934115
438	-1.35459968343
439	-1.60401655855
440	-8.45289195229
441	-1.31142757694
442	-1.28899331097
443	-4.53286920322
444	-8.58308028009
445	-1.66962361021
446	-7.18451490165
447	-1.31142757694
448	-1.24918707382
449	-5.94572241711
450	-1.68918075655
451	-1.28899331097
452	-8.58710844848
453	-6.76742875012
454	-1.28899331097
455	-9.4821011871
456	-1.31142757694
457	-9.43395772986
458	-8.13108176486
459	-1.35459968343
460	-1.28899331097
461	-8.18026603121
462	-1.31142757694
463	-1.28899331097
464	-4.53286920322
465	-1.68918075655
466	-1.60401655855
467	-6.72677213472
468	-1.35459968343
469	-1.60401655855
470	-4.53286920322
471	-1.35459968343
472	-1.60401655855
473	-6.72677213472
474	-1.35459968343
475	-1.60401655855
476	-11.4232508294
477	-1.35459968343
478	-1.28899331097
479	-4.53286920322
480	-1.31142757694
481	-1.24918707382
482	-8.45504679395
483	-1.35459968343
484	-1.24918707382
485	-12.0251506233
486	-1.75771541776
487	-9.46804102947
488	-8.126199155
