-7.654078568286394324e-01
-4.672769451998116108e-01
-7.792027273101652662e-01
3.044989832800630847e+00
-1.032790213296200577e+00
2.032143863784365845e+00
2.065271436003451644e+00
-8.792305940264718567e-01
-4.562555444611136046e+00
-4.531083566518096184e+00
-4.297549410755846289e+00
-4.026691495986668201e+00
-1.853729744993684392e+01
-5.355104588607978222e+00
-8.136622528488492989e+00
-4.803522567034581137e+00
-6.723506162735385594e+00
-5.104943864447347934e+00
-5.258475800597357974e+00
-5.765793302554381938e+00
