#Site	lnL	
0	-13.7252795772
1	-5.26342396522
2	-8.88359049399
3	-4.95075839223
4	-15.2598311514
5	-7.27932403157
6	-7.28120772042
7	-15.7082895063
8	-14.8003805636
9	-6.48988958581
10	-9.56779274272
11	-5.07295341817
12	-9.18788651921
13	-4.32236371737
14	-10.7102625964
15	-13.3330491226
16	-8.59185076999
17	-7.26625643322
18	-14.6056729251
19	-9.02736632913
20	-5.82703411554
21	-5.6448831114
22	-13.5342273979
23	-8.62633117468
24	-31.1400812351
25	-11.6817440146
26	-22.5223161931
27	-12.3710850796
28	-11.7208962594
29	-6.47171319285
30	-13.2737284879
31	-5.44874706797
32	-10.8811019329
33	-13.4129984062
34	-13.5072510534
35	-6.90952302661
36	-10.3240470449
37	-5.80798582768
38	-9.03073828612
39	-8.36171357849
40	-4.77892574299
41	-19.8836265685
42	-11.7127838856
43	-10.9170021015
44	-24.3041817851
45	-9.65669154026
46	-9.1534646543
47	-15.5642641672
48	-4.23002072353
49	-16.9903640829
50	-11.8028324578
51	-11.3964189556
52	-24.8228928501
53	-19.3999296301
54	-15.7184495441
55	-13.8591067878
56	-13.8000526462
57	-12.0533630724
58	-8.4375001252
59	-12.2100366474
60	-8.4375001252
61	-5.73561509385
62	-14.7763541672
63	-6.20293042853
64	-14.9035128565
65	-7.7544553795
66	-12.1104126965
67	-12.2287147391
68	-18.0937782099
69	-14.6273263358
70	-5.0729534768
71	-4.77892574299
72	-5.35789491761
73	-5.90172602696
74	-10.8042945076
75	-19.6572115743
76	-8.02935349972
77	-8.53849494914
78	-6.89707527071
79	-12.7828027208
80	-5.50267822135
81	-8.60392696226
82	-6.89707527071
83	-4.79292921502
84	-4.22764183684
85	-14.8204712581
86	-16.6931288335
87	-20.1020861743
88	-24.3609322443
89	-5.26342396522
90	-4.95075839223
91	-10.0640141633
92	-12.3800562929
93	-14.1421628883
94	-13.8584178834
95	-7.00358610784
96	-5.0729534768
97	-10.8989341581
98	-11.7006705933
99	-17.8147020199
100	-5.44874706797
101	-5.51868959998
102	-10.987157214
103	-8.77473425973
104	-5.14699844128
105	-11.7108984869
106	-13.0240728687
107	-14.6838196457
108	-9.99904691177
109	-4.77892574299
110	-20.6600958244
111	-6.20293042853
112	-5.8839777392
113	-12.0128609905
114	-10.215116262
115	-4.79292921502
116	-8.00589184394
117	-10.1844908778
118	-11.9353425709
119	-9.86649927252
120	-5.44861636628
121	-7.16855984693
122	-4.23002072353
123	-11.4122738914
124	-16.8125159107
125	-10.6245653198
126	-4.95075839223
127	-4.23002072353
128	-5.54704282252
129	-18.2396046849
130	-18.6460741351
131	-19.2236374581
132	-22.0260927383
133	-5.26342396522
134	-5.91775826162
135	-18.3785401961
136	-11.8031315582
137	-5.53305590915
138	-8.15690102606
139	-23.6425089913
140	-5.51868959998
141	-4.23002072353
142	-14.131472684
143	-11.1936216269
144	-5.73562113436
145	-6.97525065833
146	-4.23002072353
147	-10.2423039831
148	-14.8481136646
149	-6.38097807798
150	-14.6220183811
151	-10.3302046904
152	-11.5501706336
153	-5.90172602696
154	-5.81098984274
155	-10.0582668489
156	-6.20293042853
157	-11.6321233209
158	-17.3416771556
159	-13.8974761438
160	-8.23694190534
161	-11.814757828
162	-7.7544553795
