-7.593587893795360477e-01
-4.993003141437722392e-01
-8.129679071412377889e-01
2.532852291512089682e+00
-4.162177505111913645e-01
2.580340037174804646e+00
-9.929088489355955005e-01
-2.972364638926487501e+00
-3.467917560735312765e+00
-1.791829262810985313e+01
-3.628394433322697843e+00
-6.692726944887243512e+00
-6.391764355881178972e+00
-6.044473307889819402e+00
-6.120328228570858897e+00
-5.182695730605574980e+00
-6.602078411906195043e+00
-5.408254561057495025e+00
-6.229963311386733871e+00
-7.290603166571123950e+00
