-6.984019815733035763e-01
-4.787174491892211559e-01
-9.053680383244842034e-01
3.038334494646564909e+00
-4.834854092451047469e-01
2.632150862304555528e+00
8.949669117238689964e-02
-2.919975394420233794e+00
-3.895071976658547541e+00
-1.238399936264571366e+01
-4.073216120264456563e+00
-4.997239113974772273e+00
-6.771499410900304383e+00
-7.475357543430561691e+00
-6.901051435436282411e+00
-5.325601580658050338e+00
-5.667957193930390325e+00
-5.654236381871061923e+00
-6.219258435679197561e+00
-5.782526948949813672e+00
