-7.087094728588387849e-01
-4.878248421017268854e-01
-7.968384619701155414e-01
2.503089456059031548e+00
-1.658791780108615166e+00
2.313969822646438246e+00
-9.596931580008716267e-01
-1.459531651082998760e+00
-3.640154281949914861e+00
-5.820458958896463031e+00
-4.314442994796960917e+00
-4.325846249799798926e+00
-6.222864944314670410e+00
-6.169191632925974389e+00
-6.083287712570466965e+00
-5.420068552665975758e+00
-6.801824928069155618e+00
-5.127924219666266659e+00
-5.712631742529935330e+00
-6.189286784765811511e+00
