-8.185798417517821113e-01
-5.821933302645579955e-01
-8.299762558255233680e-01
2.468103171107931537e+00
6.276667067772555286e-02
2.673084272496768499e+00
1.715222523819399214e+00
1.000000000000000021e-08
-4.590888005499849989e+00
-6.447663116681497719e+00
-4.485447987280021920e+00
-4.561310653982537211e+00
-6.509459996487930056e+00
-6.649866742497534844e+00
-6.054447451047022533e+00
-5.758086615050948431e+00
-5.989366959950222835e+00
-6.404803845452688549e+00
-5.743376197343528666e+00
-7.159542601764044889e+00
