# log_p 	 lnL 	 
0.0	-1735.44554588	
-0.287682072452	-1735.38174119	
-0.510825623766	-1735.30634911	
-0.69314718056	-1735.22368431	
-0.847297860387	-1735.13819098	
-0.980829253012	-1735.05371095	
-1.09861228867	-1734.97301925	
-1.20397280433	-1734.89781893	
-1.29928298413	-1734.82895808	
-1.38629436112	-1734.76668619	
-1.46633706879	-1734.71087077	
-1.54044504095	-1734.66115635	
-1.60943791243	-1734.61707219	
-1.67397643357	-1734.57810147	
-1.73460105539	-1734.54372363	
-1.79175946923	-1734.51343896	
-1.8458266905	-1734.48678168	
-1.89711998489	-1734.46332585	
-1.94591014906	-1734.44268699	
-1.99243016469	-1734.42452102	
-2.03688192726	-1734.40852189	
-2.07944154168	-1734.39441847	
-2.1202635362	-1734.38197122	
-2.15948424935	-1734.37096891	
-2.19722457734	-1734.36122543	
-2.23359222151	-1734.35257698	
-2.26868354132	-1734.34487936	
-2.30258509299	-1734.33800575	
-2.33537491582	-1734.33184455	
-2.36712361413	-1734.32629764	
-2.3978952728	-1734.32127874	
-2.42774823595	-1734.31671204	
-2.45673577282	-1734.31253099	
-2.48490664979	-1734.30867722	
-2.51230562398	-1734.30509961	
-2.53897387106	-1734.30175346	
-2.56494935746	-1734.29859977	
-2.59026716545	-1734.29560461	
-2.61495977804	-1734.29273857	
-2.63905732962	-1734.2899762	
-2.66258782703	-1734.28729564	
-2.68557734525	-1734.28467817	
-2.7080502011	-1734.28210786	
-2.73002910782	-1734.2795713	
-2.75153531304	-1734.27705725	
-2.77258872224	-1734.27455644	
-2.79320800944	-1734.2720613	
-2.81341071676	-1734.26956579	
-2.83321334406	-1734.26706519	
-2.85263142991	-1734.26455597	
-2.87167962488	-1734.26203559	
-2.8903717579	-1734.25950241	
-2.90872089656	-1734.25695556	
-2.92673940207	-1734.25439482	
-2.94443897917	-1734.25182055	
-2.96183072188	-1734.24923357	
-2.97892515524	-1734.24663513	
-2.99573227355	-1734.24402681	
-3.01226157551	-1734.24141045	
-3.02852209638	-1734.23878813	
-3.04452243772	-1734.23616213	
-3.06027079469	-1734.23353481	
-3.07577498123	-1734.23090869	
-3.09104245336	-1734.22828632	
-3.10608033072	-1734.22567031	
-3.12089541651	-1734.22306328	
-3.13549421593	-1734.22046785	
-3.14988295338	-1734.2178866	
-3.16406758837	-1734.21532211	
-3.17805383035	-1734.21277686	
-3.19184715248	-1734.21025332	
-3.20545280454	-1734.20775385	
-3.21887582487	-1734.20528075	
-3.23212105162	-1734.20283624	
-3.24519313319	-1734.20042244	
-3.25809653802	-1734.19804139	
-3.2708355638	-1734.19569502	
-3.28341434601	-1734.19338519	
-3.295836866	-1734.19111363	
-3.3081069586	-1734.18888199	
-3.32022831913	-1734.18669184	
-3.33220451018	-1734.18454462	
-3.34403896782	-1734.1824417	
-3.35573500759	-1734.18038434	
-3.36729582999	-1734.17837373	
-3.37872452581	-1734.17641095	
-3.39002408106	-1734.174497	
-3.40119738166	-1734.1726328	
-3.41224721785	-1734.17081917	
-3.42317628838	-1734.16905689	
-3.43398720449	-1734.16734662	
-3.4446824936	-1734.16568897	
-3.45526460293	-1734.16408448	
-3.4657359028	-1734.16253361	
-3.47609868984	-1734.16103677	
-3.48635519	-1734.15959428	
-3.49650756147	-1734.15820644	
-3.50655789732	-1734.15687346	
-3.51650822817	-1734.15559552	
-3.52636052462	-1734.15437273	
-3.53611669956	-1734.15320517	
-3.54577861047	-1734.15209284	
-3.55534806149	-1734.15103574	
-3.56482680544	-1734.15003379	
-3.57421654579	-1734.14908691	
-3.58351893846	-1734.14819494	
-3.59273559356	-1734.14735772	
-3.60186807712	-1734.14657503	
-3.61091791264	-1734.14584665	
-3.61988658263	-1734.1451723	
-3.62877553004	-1734.14455169	
-3.63758615973	-1734.1439845	
-3.6463198397	-1734.14347039	
-3.65497790244	-1734.14300901	
-3.66356164613	-1734.14259995	
-3.6720723358	-1734.14224282	
-3.68051120444	-1734.1419372	
-3.68887945411	-1734.14168265	
-3.69717825693	-1734.14147872	
-3.70540875607	-1734.14132494	
-3.7135720667	-1734.14122084	
-3.72166927694	-1734.14116592	
-3.72970144863	-1734.14115969	
-3.73766961828	-1734.14120163	
-3.74557479779	-1734.14129123	
-3.75341797525	-1734.14142797	
-3.76120011569	-1734.1416113	
-3.76892216179	-1734.14184069	
-3.77658503453	-1734.14211561	
-3.78418963392	-1734.1424355	
-3.79173683955	-1734.1427998	
-3.79922751128	-1734.14320798	
-3.80666248977	-1734.14365947	
-3.81404259707	-1734.14415371	
-3.82136863716	-1734.14469014	
-3.82864139649	-1734.1452682	
-3.83586164446	-1734.14588733	
-3.84303013394	-1734.14654698	
-3.85014760171	-1734.14724657	
-3.85721476893	-1734.14798556	
-3.86423234159	-1734.14876338	
-3.87120101091	-1734.14957947	
-3.87812145375	-1734.15043329	
-3.88499433304	-1734.15132427	
-3.89182029811	-1734.15225188	
-3.8985999851	-1734.15321556	
-3.90533401728	-1734.15421477	
-3.91202300543	-1734.15524897	
-3.91866754815	-1734.15631762	
-3.92526823218	-1734.15742019	
-3.93182563272	-1734.15855615	
-3.93834031375	-1734.15972498	
-3.94481282825	-1734.16092615	
-3.95124371858	-1734.16215914	
-3.95763351668	-1734.16342345	
-3.96398274436	-1734.16471857	
-3.97029191355	-1734.16604398	
-3.97656152657	-1734.16739921	
-3.98279207632	-1734.16878374	
-3.98898404656	-1734.1701971	
-3.99513791214	-1734.1716388	
-4.00125413916	-1734.17310836	
-4.00733318523	-1734.1746053	
-4.01337549969	-1734.17612917	
-4.01938152375	-1734.17767949	
-4.02535169074	-1734.17925581	
-4.03128642625	-1734.18085767	
-4.03718614838	-1734.18248463	
-4.04305126783	-1734.18413625	
-4.04888218815	-1734.18581209	
-4.05467930583	-1734.18751172	
-4.06044301055	-1734.18923471	
-4.06617368526	-1734.19098064	
-4.07187170637	-1734.1927491	
-4.07753744391	-1734.19453967	
-4.08317126162	-1734.19635195	
-4.08877351717	-1734.19818555	
-4.09434456222	-1734.20004006	
-4.0998847426	-1734.20191509	
-4.10539439841	-1734.20381027	
-4.11087386417	-1734.20572521	
-4.11632346894	-1734.20765955	
-4.12174353641	-1734.2096129	
-4.12713438505	-1734.21158491	
-4.13249632819	-1734.21357522	
-4.13782967416	-1734.21558347	
-4.14313472639	-1734.21760932	
-4.14841178349	-1734.21965242	
-4.15366113938	-1734.22171244	
-4.15888308336	-1734.22378903	
-4.16407790024	-1734.22588187	
-4.1692458704	-1734.22799064	
-4.1743872699	-1734.230115	
-4.17950237056	-1734.23225466	
-4.18459144007	-1734.2344093	
-4.18965474203	-1734.23657861	
-4.19469253606	-1734.23876228	
-4.19970507788	-1734.24096003	
-4.20469261939	-1734.24317156	
-4.20965540873	-1734.24539657	
-4.21459369037	-1734.2476348	
-4.21950770518	-1734.24988595	
-4.22439769047	-1734.25214974	
-4.22926388012	-1734.25442592	
-4.2341065046	-1734.25671421	
-4.23892579103	-1734.25901434	
-4.2437219633	-1734.26132606	
-4.24849524205	-1734.26364911	
-4.25324584481	-1734.26598324	
-4.257973986	-1734.2683282	
-4.26267987704	-1734.27068375	
-4.26736372635	-1734.27304964	
-4.27202573946	-1734.27542564	
-4.27666611902	-1734.27781152	
-4.28128506487	-1734.28020705	
-4.28588277412	-1734.282612	
-4.29045944115	-1734.28502615	
-4.29501525768	-1734.28744927	
-4.29955041285	-1734.28988117	
-4.3040650932	-1734.29232161	
-4.30855948279	-1734.2947704	
-4.31303376319	-1734.29722732	
-4.31748811354	-1734.29969218	
-4.3219227106	-1734.30216477	
-4.32633772881	-1734.30464491	
-4.33073334029	-1734.30713239	
-4.33510971489	-1734.30962703	
-4.33946702026	-1734.31212864	
-4.34380542185	-1734.31463703	
-4.348125083	-1734.31715203	
-4.3524261649	-1734.31967346	
-4.35670882669	-1734.32220114	
-4.36097322548	-1734.3247349	
-4.36521951636	-1734.32727457	
-4.36944785247	-1734.32981998	
-4.373658385	-1734.33237096	
-4.37785126326	-1734.33492737	
-4.38202663467	-1734.33748903	
-4.38618464482	-1734.3400558	
-4.39032543749	-1734.34262751	
-4.39444915467	-1734.34520401	
-4.39855593663	-1734.34778516	
-4.40264592188	-1734.35037081	
-4.40671924726	-1734.35296082	
-4.41077604796	-1734.35555504	
-4.4148164575	-1734.35815333	
-4.4188406078	-1734.36075556	
-4.42284862919	-1734.36336159	
-4.42684065046	-1734.36597129	
-4.43081679884	-1734.36858453	
-4.43477720006	-1734.37120117	
-4.43872197835	-1734.3738211	
-4.44265125649	-1734.37644418	
-4.44656515581	-1734.3790703	
-4.45046379623	-1734.38169934	
-4.45434729625	-1734.38433117	
-4.45821577303	-1734.38696568	
-4.46206934235	-1734.38960276	
-4.46590811865	-1734.39224229	
-4.46973221509	-1734.39488416	
-4.47354174351	-1734.39752826	
-4.47733681448	-1734.40017449	
-4.48111753732	-1734.40282274	
-4.48488402011	-1734.40547291	
-4.48863636973	-1734.40812489	
-4.49237469184	-1734.41077859	
-4.49609909093	-1734.4134339	
-4.49980967033	-1734.41609073	
-4.50350653221	-1734.41874899	
-4.50718977763	-1734.42140857	
-4.51085950652	-1734.4240694	
-4.51451581772	-1734.42673137	
-4.518158809	-1734.42939439	
-4.52178857705	-1734.43205839	
-4.52540521752	-1734.43472328	
-4.52900882502	-1734.43738896	
-4.53259949315	-1734.44005537	
-4.5361773145	-1734.4427224	
-4.53974238067	-1734.44538999	
-4.54329478227	-1734.44805806	
-4.54683460898	-1734.45072652	
-4.55036194949	-1734.45339531	
-4.5538768916	-1734.45606434	
-4.55737952215	-1734.45873355	
-4.56086992709	-1734.46140285	
-4.56434819147	-1734.46407219	
-4.56781439944	-1734.46674148	
-4.57126863431	-1734.46941066	
-4.5747109785	-1734.47207966	
-4.5781415136	-1734.47474842	
-4.58156032035	-1734.47741687	
-4.58496747867	-1734.48008495	
-4.58836306767	-1734.48275259	
-4.59174716566	-1734.48541973	
-4.59511985013	-1734.48808631	
-4.59848119784	-1734.49075227	
-4.60183128472	-1734.49341755	
-4.60517018599	-1734.49608209	
-4.60849797608	-1734.49874584	
-4.61181472871	-1734.50140875	
-4.61512051684	-1734.50407074	
-4.61841541274	-1734.50673178	
-4.62169948794	-1734.50939181	
-4.62497281328	-1734.51205078	
-4.62823545892	-1734.51470863	
-4.63148749431	-1734.51736531	
-4.63472898823	-1734.52002079	
-4.63796000881	-1734.522675	
-4.64118062351	-1734.5253279	
-4.64439089914	-1734.52797945	
-4.64759090187	-1734.5306296	
-4.65078069724	-1734.53327829	
-4.65396035016	-1734.5359255	
-4.65712992492	-1734.53857118	
-4.66028948521	-1734.54121527	
-4.66343909411	-1734.54385775	
-4.66657881412	-1734.54649857	
-4.66970870713	-1734.54913769	
-4.67282883446	-1734.55177507	
-4.67593925688	-1734.55441067	
-4.67904003455	-1734.55704445	
-4.68213122712	-1734.55967638	
-4.68521289366	-1734.56230642	
-4.6882850927	-1734.56493453	
-4.69134788223	-1734.56756069	
-4.69440131972	-1734.57018484	
-4.6974454621	-1734.57280696	
-4.70048036579	-1734.57542702	
-4.70350608671	-1734.57804499	
-4.70652268025	-1734.58066082	
-4.70953020131	-1734.58327449	
-4.71252870431	-1734.58588597	
-4.71551824316	-1734.58849523	
-4.7184988713	-1734.59110224	
-4.72147064168	-1734.59370697	
-4.72443360681	-1734.59630938	
-4.72738781871	-1734.59890946	
-4.73033332894	-1734.60150718	
-4.73327018862	-1734.6041025	
-4.73619844839	-1734.60669541	
-4.7391181585	-1734.60928587	
-4.74202936871	-1734.61187386	
-4.74493212836	-1734.61445935	
-4.74782648639	-1734.61704233	
-4.75071249128	-1734.61962277	
-4.75359019111	-1734.62220063	
-4.75645963353	-1734.62477591	
-4.75932086582	-1734.62734858	
-4.7621739348	-1734.62991861	
-4.76501888693	-1734.63248599	
-4.76785576827	-1734.63505069	
-4.77068462447	-1734.6376127	
-4.77350550081	-1734.64017198	
-4.77631844218	-1734.64272854	
-4.77912349311	-1734.64528233	
-4.78192069773	-1734.64783335	
-4.78471009982	-1734.65038157	
-4.78749174278	-1734.65292698	
-4.79026566966	-1734.65546957	
-4.79303192316	-1734.6580093	
-4.7957905456	-1734.66054617	
-4.79854157897	-1734.66308016	
-4.80128506491	-1734.66561125	
-4.80402104473	-1734.66813943	
-4.80674955939	-1734.67066468	
-4.8094706495	-1734.67318699	
-4.81218435537	-1734.67570633	
-4.81489071697	-1734.67822271	
-4.81758977394	-1734.68073609	
-4.82028156561	-1734.68324648	
-4.82296613098	-1734.68575385	
-4.82564350875	-1734.68825819	
-4.8283137373	-1734.69075949	
-4.83097685472	-1734.69325774	
-4.83363289878	-1734.69575292	
-4.83628190695	-1734.69824503	
-4.83892391641	-1734.70073404	
-4.84155896405	-1734.70321996	
-4.84418708646	-1734.70570276	
-4.84680831994	-1734.70818244	
-4.84942270051	-1734.71065899	
-4.85203026392	-1734.71313239	
-4.85463104562	-1734.71560264	
-4.8572250808	-1734.71806973	
-4.85981240436	-1734.72053365	
-4.86239305096	-1734.72299438	
-4.86496705495	-1734.72545193	
-4.86753445046	-1734.72790627	
-4.87009527132	-1734.73035741	
-4.87264955112	-1734.73280533	
-4.8751973232	-1734.73525002	
-4.87773862063	-1734.73769149	
-4.88027347623	-1734.74012971	
-4.88280192259	-1734.74256469	
-4.88532399202	-1734.74499642	
-4.88783971662	-1734.74742488	
-4.89034912822	-1734.74985008	
-4.89285225844	-1734.75227201	
-4.89534913864	-1734.75469065	
-4.89783979995	-1734.75710601	
-4.90032427328	-1734.75951808	
-4.90280258929	-1734.76192685	
-4.90527477844	-1734.76433232	
-4.90774087093	-1734.76673448	
-4.91020089677	-1734.76913333	
-4.91265488574	-1734.77152886	
-4.91510286737	-1734.77392107	
-4.91754487103	-1734.77630995	
-4.91998092583	-1734.77869551	
-4.92241106068	-1734.78107772	
-4.92483530429	-1734.7834566	
-4.92725368516	-1734.78583213	
-4.92966623156	-1734.78820432	
-4.93207297159	-1734.79057316	
-4.93447393313	-1734.79293864	
-4.93686914386	-1734.79530077	
-4.93925863125	-1734.79765954	
-4.94164242261	-1734.80001495	
-4.94402054501	-1734.80236699	
-4.94639302537	-1734.80471566	
-4.94875989038	-1734.80706097	
-4.95112116656	-1734.8094029	
-4.95347688026	-1734.81174146	
-4.9558270576	-1734.81407664	
-4.95817172456	-1734.81640844	
-4.96051090691	-1734.81873687	
-4.96284463026	-1734.82106191	
-4.96517292002	-1734.82338357	
-4.96749580144	-1734.82570185	
-4.96981329958	-1734.82801674	
-4.97212543933	-1734.83032825	
-4.97443224543	-1734.83263637	
-4.97673374242	-1734.8349411	
-4.97902995468	-1734.83724244	
-4.98132090643	-1734.83954039	
-4.98360662171	-1734.84183495	
-4.98588712441	-1734.84412613	
-4.98816243824	-1734.84641391	
-4.99043258678	-1734.8486983	
-4.99269759341	-1734.8509793	
-4.99495748138	-1734.85325691	
-4.99721227376	-1734.85553113	
-4.9994619935	-1734.85780196	
-5.00170666335	-1734.8600694	
-5.00394630595	-1734.86233346	
-5.00618094375	-1734.86459412	
-5.00841059907	-1734.86685139	
-5.0106352941	-1734.86910528	
-5.01285505083	-1734.87135578	
-5.01506989116	-1734.8736029	
-5.01727983681	-1734.87584663	
-5.01948490937	-1734.87808698	
-5.02168513028	-1734.88032394	
-5.02388052085	-1734.88255753	
-5.02607110223	-1734.88478773	
-5.02825689545	-1734.88701456	
-5.03043792139	-1734.88923801	
-5.03261420082	-1734.89145809	
-5.03478575433	-1734.89367479	
-5.03695260241	-1734.89588812	
-5.03911476542	-1734.89809808	
-5.04127226356	-1734.90030468	
-5.04342511692	-1734.9025079	
-5.04557334546	-1734.90470777	
-5.047716969	-1734.90690427	
-5.04985600725	-1734.90909741	
-5.05199047978	-1734.91128719	
-5.05412040604	-1734.91347362	
-5.05624580535	-1734.9156567	
-5.05836669692	-1734.91783642	
-5.06048309982	-1734.9200128	
-5.06259503303	-1734.92218583	
-5.06470251537	-1734.92435552	
-5.06680556556	-1734.92652187	
-5.06890420222	-1734.92868488	
-5.07099844382	-1734.93084456	
-5.07308830874	-1734.93300091	
-5.07517381523	-1734.93515392	
-5.07725498144	-1734.93730361	
-5.07933182538	-1734.93944998	
-5.08140436498	-1734.94159303	
-5.08347261805	-1734.94373276	
-5.08553660227	-1734.94586917	
-5.08759633523	-1734.94800228	
-5.08965183441	-1734.95013208	
-5.09170311719	-1734.95225857	
-5.09375020081	-1734.95438177	
-5.09579310244	-1734.95650166	
-5.09783183913	-1734.95861826	
-5.09986642782	-1734.96073158	
-5.10189688537	-1734.9628416	
-5.10392322852	-1734.96494834	
-5.1059454739	-1734.9670518	
-5.10796363806	-1734.96915199	
-5.10997773743	-1734.9712489	
-5.11198778836	-1734.97334254	
-5.11399380708	-1734.97543292	
-5.11599580975	-1734.97752004	
-5.11799381242	-1734.97960389	
-5.11998783102	-1734.9816845	
-5.12197788143	-1734.98376185	
-5.1239639794	-1734.98583596	
-5.12594614061	-1734.98790683	
-5.12792438062	-1734.98997445	
-5.12989871492	-1734.99203885	
-5.13186915891	-1734.99410001	
-5.13383572788	-1734.99615795	
-5.13579843705	-1734.99821266	
-5.13775730154	-1735.00026416	
-5.13971233637	-1735.00231244	
-5.1416635565	-1735.00435752	
-5.14361097679	-1735.00639939	
-5.145554612	-1735.00843805	
-5.14749447681	-1735.01047353	
-5.14943058584	-1735.0125058	
-5.15136295359	-1735.01453489	
-5.1532915945	-1735.0165608	
-5.15521652291	-1735.01858352	
-5.15713775309	-1735.02060307	
-5.15905529921	-1735.02261945	
-5.1609691754	-1735.02463267	
-5.16287939565	-1735.02664272	
-5.16478597392	-1735.02864961	
-5.16668892407	-1735.03065335	
-5.16858825987	-1735.03265395	
-5.17048399504	-1735.03465139	
-5.17237614319	-1735.0366457	
-5.17426471788	-1735.03863688	
-5.17614973257	-1735.04062492	
-5.17803120067	-1735.04260984	
-5.1799091355	-1735.04459163	
-5.18178355029	-1735.04657031	
-5.18365445823	-1735.04854588	
-5.1855218724	-1735.05051834	
-5.18738580584	-1735.0524877	
-5.18924627149	-1735.05445396	
-5.19110328224	-1735.05641713	
-5.19295685089	-1735.0583772	
-5.19480699018	-1735.0603342	
-5.19665371277	-1735.06228812	
-5.19849703127	-1735.06423896	
-5.20033695819	-1735.06618673	
-5.202173506	-1735.06813144	
-5.20400668708	-1735.07007308	
-5.20583651375	-1735.07201168	
-5.20766299828	-1735.07394722	
-5.20948615284	-1735.07587972	
-5.21130598956	-1735.07780917	
-5.21312252048	-1735.07973559	
-5.21493575761	-1735.08165898	
-5.21674571285	-1735.08357935	
-5.21855239808	-1735.08549669	
-5.22035582508	-1735.08741102	
-5.22215600558	-1735.08932233	
-5.22395295126	-1735.09123064	
-5.22574667371	-1735.09313595	
-5.22753718449	-1735.09503826	
-5.22932449506	-1735.09693758	
-5.23110861685	-1735.09883391	
-5.23288956123	-1735.10072726	
-5.23466733947	-1735.10261764	
-5.23644196283	-1735.10450504	
-5.23821344248	-1735.10638948	
-5.23998178954	-1735.10827095	
-5.24174701506	-1735.11014947	
-5.24350913005	-1735.11202503	
-5.24526814546	-1735.11389765	
-5.24702407216	-1735.11576732	
-5.24877692099	-1735.11763406	
-5.25052670271	-1735.11949786	
-5.25227342805	-1735.12135874	
-5.25401710765	-1735.1232167	
-5.25575775213	-1735.12507174	
-5.25749537203	-1735.12692387	
-5.25922997784	-1735.12877309	
-5.26096158	-1735.13061941	
-5.2626901889	-1735.13246283	
-5.26441581487	-1735.13430336	
-5.26613846818	-1735.136141	
-5.26785815906	-1735.13797576	
-5.26957489768	-1735.13980764	
-5.27128869416	-1735.14163665	
-5.27299955856	-1735.1434628	
-5.27470750091	-1735.14528608	
-5.27641253116	-1735.1471065	
-5.27811465923	-1735.14892408	
-5.27981389498	-1735.1507388	
-5.28151024823	-1735.15255069	
-5.28320372874	-1735.15435973	
-5.28489434622	-1735.15616595	
-5.28658211033	-1735.15796934	
-5.28826703069	-1735.15976991	
-5.28994911688	-1735.16156766	
-5.2916283784	-1735.16336259	
-5.29330482472	-1735.16515473	
-5.29497846528	-1735.16694406	
-5.29664930945	-1735.16873059	
-5.29831736655	-1735.17051433	
-5.29998264587	-1735.17229529	
-5.30164515664	-1735.17407346	
-5.30330490806	-1735.17584886	
-5.30496190927	-1735.17762148	
-5.30661616936	-1735.17939134	
-5.3082676974	-1735.18115844	
-5.30991650239	-1735.18292278	
-5.3115625933	-1735.18468437	
-5.31320597904	-1735.18644321	
-5.3148466685	-1735.18819931	
-5.3164846705	-1735.18995268	
-5.31811999384	-1735.19170331	
-5.31975264727	-1735.19345121	
-5.32138263948	-1735.1951964	
-5.32300997914	-1735.19693887	
-5.32463467487	-1735.19867862	
-5.32625673524	-1735.20041567	
-5.32787616879	-1735.20215002	
-5.32949298402	-1735.20388167	
-5.33110718937	-1735.20561063	
-5.33271879327	-1735.2073369	
-5.33432780407	-1735.20906049	
-5.33593423012	-1735.2107814	
-5.3375380797	-1735.21249964	
-5.33913936107	-1735.21421521	
-5.34073808243	-1735.21592812	
-5.34233425196	-1735.21763838	
-5.3439278778	-1735.21934598	
-5.34551896803	-1735.22105093	
-5.34710753072	-1735.22275324	
-5.34869357387	-1735.22445291	
-5.35027710548	-1735.22614995	
-5.35185813348	-1735.22784437	
-5.35343666577	-1735.22953616	
-5.35501271022	-1735.23122533	
-5.35658627467	-1735.23291189	
-5.3581573669	-1735.23459584	
-5.35972599468	-1735.23627718	
-5.36129216571	-1735.23795593	
-5.36285588769	-1735.23963209	
-5.36441716825	-1735.24130565	
-5.36597601502	-1735.24297663	
-5.36753243557	-1735.24464503	
-5.36908643744	-1735.24631086	
-5.37063802813	-1735.24797412	
-5.37218721511	-1735.24963481	
-5.37373400583	-1735.25129294	
-5.37527840768	-1735.25294852	
-5.37682042804	-1735.25460155	
-5.37836007422	-1735.25625203	
-5.37989735354	-1735.25789997	
-5.38143227326	-1735.25954538	
-5.38296484061	-1735.26118825	
-5.38449506279	-1735.2628286	
-5.38602294697	-1735.26446643	
-5.38754850028	-1735.26610173	
-5.38907172982	-1735.26773453	
-5.39059264266	-1735.26936482	
-5.39211124583	-1735.27099261	
-5.39362754635	-1735.2726179	
-5.39514155118	-1735.27424069	
-5.39665326727	-1735.275861	
-5.39816270152	-1735.27747882	
-5.39966986081	-1735.27909416	
-5.40117475199	-1735.28070703	
-5.40267738187	-1735.28231743	
-5.40417775725	-1735.28392537	
-5.40567588487	-1735.28553084	
-5.40717177146	-1735.28713386	
-5.40866542372	-1735.28873442	
-5.4101568483	-1735.29033254	
-5.41164605186	-1735.29192822	
-5.41313304098	-1735.29352146	
-5.41461782224	-1735.29511227	
-5.4161004022	-1735.29670065	
-5.41758078737	-1735.29828661	
-5.41905898424	-1735.29987015	
-5.42053499927	-1735.30145127	
-5.42200883889	-1735.30302998	
-5.4234805095	-1735.30460629	
-5.42495001748	-1735.3061802	
-5.42641736918	-1735.30775171	
-5.4278825709	-1735.30932083	
-5.42934562895	-1735.31088757	
-5.43080654959	-1735.31245192	
-5.43226533906	-1735.31401389	
-5.43372200355	-1735.31557349	
-5.43517654927	-1735.31713073	
-5.43662898235	-1735.31868559	
-5.43807930892	-1735.3202381	
-5.4395275351	-1735.32178825	
-5.44097366695	-1735.32333606	
-5.44241771052	-1735.32488151	
-5.44385967184	-1735.32642462	
-5.4452995569	-1735.3279654	
-5.44673737167	-1735.32950384	
-5.44817312209	-1735.33103996	
-5.44960681409	-1735.33257375	
-5.45103845357	-1735.33410522	
-5.45246804638	-1735.33563437	
-5.45389559837	-1735.33716122	
-5.45532111536	-1735.33868576	
-5.45674460314	-1735.34020799	
-5.45816606749	-1735.34172793	
-5.45958551414	-1735.34324557	
-5.46100294883	-1735.34476093	
-5.46241837723	-1735.346274	
-5.46383180503	-1735.34778479	
-5.46524323786	-1735.34929331	
-5.46665268137	-1735.35079955	
-5.46806014114	-1735.35230352	
-5.46946562274	-1735.35380524	
-5.47086913175	-1735.35530469	
-5.47227067367	-1735.35680189	
-5.47367025403	-1735.35829684	
-5.47506787829	-1735.35978954	
-5.47646355193	-1735.36128	
-5.47785728038	-1735.36276823	
-5.47924906905	-1735.36425422	
-5.48063892334	-1735.36573798	
-5.48202684862	-1735.36721952	
-5.48341285022	-1735.36869884	
-5.48479693349	-1735.37017594	
-5.48617910372	-1735.37165083	
-5.48755936619	-1735.37312351	
-5.48893772616	-1735.37459399	
-5.49031418887	-1735.37606227	
-5.49168875953	-1735.37752835	
-5.49306144334	-1735.37899225	
-5.49443224547	-1735.38045395	
-5.49580117108	-1735.38191347	
-5.49716822529	-1735.38337082	
-5.49853341322	-1735.38482599	
-5.49989673995	-1735.38627899	
-5.50125821054	-1735.38772982	
-5.50261783006	-1735.38917849	
-5.50397560352	-1735.39062501	
-5.50533153593	-1735.39206937	
-5.50668563228	-1735.39351158	
-5.50803789753	-1735.39495164	
-5.50938833663	-1735.39638956	
-5.5107369545	-1735.39782535	
-5.51208375605	-1735.399259	
-5.51342874616	-1735.40069052	
-5.51477192971	-1735.40211992	
-5.51611331154	-1735.40354719	
-5.51745289646	-1735.40497235	
-5.51879068931	-1735.40639539	
-5.52012669485	-1735.40781633	
-5.52146091786	-1735.40923515	
-5.5227933631	-1735.41065188	
-5.52412403528	-1735.41206651	
-5.52545293913	-1735.41347905	
-5.52678007934	-1735.41488949	
-5.52810546058	-1735.41629785	
-5.52942908751	-1735.41770413	
-5.53075096477	-1735.41910834	
-5.53207109697	-1735.42051046	
-5.53338948873	-1735.42191052	
-5.53470614461	-1735.42330851	
-5.53602106919	-1735.42470444	
-5.53733426702	-1735.42609831	
-5.53864574262	-1735.42749013	
-5.5399555005	-1735.42887989	
-5.54126354516	-1735.43026761	
-5.54256988107	-1735.43165329	
-5.5438745127	-1735.43303693	
-5.54517744448	-1735.43441853	
-5.54647868084	-1735.4357981	
-5.54777822618	-1735.43717564	
-5.5490760849	-1735.43855116	
-5.55037226136	-1735.43992466	
-5.55166675992	-1735.44129615	
-5.55295958492	-1735.44266562	
-5.55425074069	-1735.44403308	
-5.55554023152	-1735.44539854	
-5.5568280617	-1735.446762	
-5.55811423551	-1735.44812346	
-5.5593987572	-1735.44948293	
-5.56068163102	-1735.4508404	
-5.56196286117	-1735.45219589	
-5.56324245188	-1735.4535494	
-5.56452040732	-1735.45490093	
-5.56579673168	-1735.45625049	
-5.56707142911	-1735.45759807	
-5.56834450376	-1735.45894369	
-5.56961595975	-1735.46028734	
-5.57088580119	-1735.46162904	
-5.57215403218	-1735.46296877	
-5.57342065679	-1735.46430656	
-5.5746856791	-1735.46564239	
-5.57594910315	-1735.46697628	
-5.57721093297	-1735.46830823	
-5.57847117258	-1735.46963823	
-5.57972982599	-1735.47096631	
-5.58098689718	-1735.47229245	
-5.58224239012	-1735.47361667	
-5.58349630878	-1735.47493896	
-5.5847486571	-1735.47625933	
-5.585999439	-1735.47757778	
-5.5872486584	-1735.47889432	
-5.5884963192	-1735.48020896	
-5.58974242528	-1735.48152168	
-5.59098698051	-1735.48283251	
-5.59222998875	-1735.48414143	
-5.59347145384	-1735.48544846	
-5.5947113796	-1735.4867536	
-5.59594976985	-1735.48805685	
-5.59718662839	-1735.48935821	
-5.598421959	-1735.49065769	
-5.59965576545	-1735.4919553	
-5.60088805149	-1735.49325103	
-5.60211882088	-1735.49454489	
-5.60334807733	-1735.49583688	
-5.60457582457	-1735.49712701	
-5.6058020663	-1735.49841527	
-5.60702680619	-1735.49970168	
-5.60825004793	-1735.50098624	
-5.60947179518	-1735.50226895	
-5.61069205159	-1735.5035498	
-5.61191082078	-1735.50482882	
-5.61312810639	-1735.506106	
-5.61434391201	-1735.50738134	
-5.61555824124	-1735.50865484	
-5.61677109767	-1735.50992652	
-5.61798248485	-1735.51119637	
-5.61919240636	-1735.51246439	
-5.62040086572	-1735.5137306	
-5.62160786647	-1735.51499499	
-5.62281341212	-1735.51625757	
-5.62401750619	-1735.51751834	
-5.62522015215	-1735.5187773	
-5.6264213535	-1735.52003445	
-5.62762111369	-1735.52128981	
-5.62881943618	-1735.52254337	
-5.63001632442	-1735.52379514	
-5.63121178182	-1735.52504512	
-5.63240581181	-1735.52629331	
-5.6335984178	-1735.52753972	
-5.63478960317	-1735.52878435	
-5.6359793713	-1735.5300272	
-5.63716772557	-1735.53126828	
-5.63835466933	-1735.53250759	
-5.63954020593	-1735.53374513	
-5.64072433869	-1735.53498091	
-5.64190707094	-1735.53621492	
-5.64308840598	-1735.53744718	
-5.64426834712	-1735.53867768	
-5.64544689764	-1735.53990644	
-5.64662406082	-1735.54113344	
-5.64779983991	-1735.54235871	
-5.64897423816	-1735.54358223	
-5.65014725882	-1735.54480401	
-5.65131890512	-1735.54602405	
-5.65248918027	-1735.54724237	
-5.65365808747	-1735.54845895	
-5.65482562993	-1735.54967381	
-5.65599181082	-1735.55088695	
-5.65715663332	-1735.55209837	
-5.65832010058	-1735.55330807	
-5.65948221576	-1735.55451606	
-5.660642982	-1735.55572234	
-5.66180240242	-1735.55692691	
-5.66296048014	-1735.55812978	
-5.66411721826	-1735.55933095	
-5.66527261989	-1735.56053042	
-5.66642668811	-1735.56172819	
-5.66757942599	-1735.56292428	
-5.6687308366	-1735.56411867	
-5.66988092298	-1735.56531138	
-5.67102968818	-1735.56650241	
-5.67217713524	-1735.56769176	
-5.67332326717	-1735.56887943	
-5.67446808699	-1735.57006543	
-5.67561159769	-1735.57124976	
-5.67675380227	-1735.57243242	
-5.6778947037	-1735.57361341	
-5.67903430497	-1735.57479275	
-5.68017260902	-1735.57597043	
-5.6813096188	-1735.57714645	
-5.68244533727	-1735.57832082	
-5.68357976734	-1735.57949354	
-5.68471291194	-1735.58066461	
-5.68584477397	-1735.58183404	
-5.68697535634	-1735.58300183	
-5.68810466194	-1735.58416799	
-5.68923269364	-1735.58533251	
-5.69035945432	-1735.58649539	
-5.69148494685	-1735.58765665	
-5.69260917406	-1735.58881628	
-5.6937321388	-1735.58997429	
-5.69485384391	-1735.59113068	
-5.69597429221	-1735.59228545	
-5.69709348651	-1735.59343861	
-5.69821142961	-1735.59459016	
-5.69932812431	-1735.5957401	
-5.70044357339	-1735.59688843	
-5.70155777963	-1735.59803516	
-5.7026707458	-1735.59918029	
-5.70378247466	-1735.60032383	
-5.70489296894	-1735.60146577	
-5.70600223139	-1735.60260612	
-5.70711026475	-1735.60374488	
-5.70821707172	-1735.60488205	
-5.70932265503	-1735.60601764	
-5.71042701737	-1735.60715165	
-5.71153016145	-1735.60828409	
-5.71263208993	-1735.60941495	
-5.71373280551	-1735.61054424	
-5.71483231084	-1735.61167196	
-5.71593060859	-1735.61279811	
-5.71702770141	-1735.6139227	
-5.71812359193	-1735.61504573	
-5.71921828279	-1735.6161672	
-5.72031177661	-1735.61728712	
-5.72140407601	-1735.61840549	
-5.72249518359	-1735.6195223	
-5.72358510195	-1735.62063757	
-5.72467383369	-1735.6217513	
-5.72576138137	-1735.62286348	
-5.72684774759	-1735.62397413	
-5.72793293489	-1735.62508324	
-5.72901694583	-1735.62619082	
-5.73009978297	-1735.62729686	
-5.73118144884	-1735.62840138	
-5.73226194598	-1735.62950438	
-5.7333412769	-1735.63060585	
-5.73441944412	-1735.6317058	
-5.73549645015	-1735.63280423	
-5.73657229748	-1735.63390116	
-5.73764698861	-1735.63499656	
-5.73872052602	-1735.63609047	
-5.73979291218	-1735.63718286	
-5.74086414956	-1735.63827375	
-5.74193424062	-1735.63936314	
-5.74300318781	-1735.64045103	
-5.74407099357	-1735.64153743	
-5.74513766034	-1735.64262233	
-5.74620319054	-1735.64370574	
-5.7472675866	-1735.64478766	
-5.74833085092	-1735.6458681	
-5.74939298591	-1735.64694706	
-5.75045399397	-1735.64802453	
-5.75151387748	-1735.64910053	
-5.75257263883	-1735.65017505	
-5.75363028038	-1735.65124811	
-5.75468680452	-1735.65231969	
-5.75574221359	-1735.6533898	
-5.75679650994	-1735.65445845	
-5.75784969593	-1735.65552564	
-5.75890177388	-1735.65659136	
-5.75995274612	-1735.65765563	
-5.76100261499	-1735.65871845	
-5.76205138278	-1735.65977981	
-5.76309905181	-1735.66083973	
-5.76414562438	-1735.6618982	
-5.76519110278	-1735.66295522	
-5.7662354893	-1735.6640108	
-5.76727878622	-1735.66506494	
-5.76832099579	-1735.66611765	
-5.7693621203	-1735.66716892	
-5.770402162	-1735.66821875	
-5.77144112313	-1735.66926716	
-5.77247900594	-1735.67031414	
-5.77351581267	-1735.6713597	
-5.77455154554	-1735.67240384	
-5.77558620679	-1735.67344655	
-5.77661979861	-1735.67448785	
-5.77765232322	-1735.67552774	
-5.77868378283	-1735.67656621	
-5.77971417962	-1735.67760327	
-5.78074351579	-1735.67863892	
-5.78177179352	-1735.67967317	
-5.78279901497	-1735.68070602	
-5.78382518233	-1735.68173747	
-5.78485029774	-1735.68276751	
-5.78587436337	-1735.68379617	
-5.78689738137	-1735.68482343	
-5.78791935386	-1735.6858493	
-5.788940283	-1735.68687378	
-5.7899601709	-1735.68789688	
-5.79097901969	-1735.68891859	
-5.79199683148	-1735.68993892	
-5.79301360838	-1735.69095787	
-5.7940293525	-1735.69197545	
-5.79504406593	-1735.69299165	
-5.79605775077	-1735.69400648	
-5.79707040908	-1735.69501995	
-5.79808204295	-1735.69603204	
-5.79909265446	-1735.69704277	
-5.80010224566	-1735.69805214	
-5.80111081862	-1735.69906015	
-5.80211837538	-1735.7000668	
-5.80312491799	-1735.7010721	
-5.80413044849	-1735.70207604	
-5.80513496892	-1735.70307863	
-5.80613848129	-1735.70407987	
-5.80714098764	-1735.70507977	
-5.80814248998	-1735.70607833	
-5.80914299031	-1735.70707554	
