#Site	lnL	
0	-4.42510598128
1	-4.65606306928
2	-6.58029171069
3	-4.42510598128
4	-9.7272663778
5	-10.5877135039
6	-10.1249822754
7	-4.36537675626
8	-9.50215551892
9	-4.42510598128
10	-4.65606306928
11	-10.4900757862
12	-4.44325626315
13	-4.65606306928
14	-6.58029171069
15	-4.44325626315
16	-9.53213417008
17	-6.84933448232
18	-4.73218991215
19	-4.36537675626
20	-7.91102989574
21	-4.42510598128
22	-4.65606306928
23	-18.4030022553
24	-4.73218991215
25	-4.65606306928
26	-10.2650494103
27	-4.73218991215
28	-4.36537675626
29	-19.8952480834
30	-10.4296667935
31	-4.65606306928
32	-6.58029171069
33	-4.42510598128
34	-4.36537675626
35	-6.84933448232
36	-4.90767032298
37	-4.65606306928
38	-9.54550093023
39	-4.44325626315
40	-4.36537675626
41	-8.09161432195
42	-4.44325626315
43	-4.39128520739
44	-10.8484684382
45	-4.73218991215
46	-4.65606306928
47	-16.2498928456
48	-4.90767032298
49	-4.39128520739
50	-6.84933448232
51	-4.90767032298
52	-4.65606306928
53	-13.345004522
54	-4.44325626315
55	-4.39128520739
56	-9.39185735402
57	-4.42510598128
58	-4.39128520739
59	-6.84933448232
60	-4.44325626315
61	-4.39128520739
62	-13.6278686247
63	-4.73218991215
64	-4.36537675626
65	-6.58029171069
66	-4.42510598128
67	-4.65606306928
68	-10.4018355424
69	-4.44325626315
70	-4.65606306928
71	-13.8096433008
72	-4.90767032298
73	-4.65606306928
74	-14.2649161856
75	-4.42510598128
76	-10.6670234737
77	-9.61114293963
78	-9.93872431743
79	-4.39128520739
80	-8.09161432195
81	-4.90767032298
82	-4.65606306928
83	-6.84933448232
84	-11.0262203997
85	-10.8491176022
86	-11.1642859595
87	-4.73218991215
88	-4.39128520739
89	-23.8479468572
90	-4.42510598128
91	-4.39128520739
92	-14.4331095282
93	-4.44325626315
94	-4.65606306928
95	-6.58029171069
96	-4.90767032298
97	-4.83306789418
98	-8.09161432195
99	-4.44325626315
100	-4.83306789418
101	-11.1583945766
102	-4.90767032298
103	-4.39128520739
104	-7.91102989574
105	-4.73218991215
106	-4.39128520739
107	-9.05384593089
108	-4.42510598128
109	-4.36537675626
110	-6.84933448232
111	-12.9848826005
112	-4.65606306928
113	-9.21187080261
114	-4.44325626315
115	-4.83306789418
116	-6.58029171069
117	-4.42510598128
118	-4.36537675626
119	-10.1976527497
120	-4.73218991215
121	-4.36537675626
122	-9.26920881099
123	-8.9922870942
124	-4.83306789418
125	-6.58029171069
126	-4.44325626315
127	-4.36537675626
128	-7.91102989574
129	-4.44325626315
130	-4.83306789418
131	-12.7256439658
132	-4.90767032298
133	-4.83306789418
134	-9.28526528614
135	-4.44325626315
136	-4.65606306928
137	-9.15176383484
138	-4.42510598128
139	-4.39128520739
140	-6.58029171069
141	-4.42510598128
142	-4.36537675626
143	-7.95296956708
144	-4.44325626315
145	-4.65606306928
146	-10.2149256278
147	-4.90767032298
148	-4.36537675626
149	-11.0062229857
150	-4.90767032298
151	-4.83306789418
152	-14.427229483
153	-4.44325626315
154	-4.83306789418
155	-16.8984155783
156	-4.73218991215
157	-4.39128520739
158	-7.95296956708
159	-4.44325626315
160	-4.39128520739
161	-11.8975818013
162	-4.90767032298
163	-4.83306789418
164	-13.5303741241
165	-4.42510598128
166	-4.36537675626
167	-10.3784820549
168	-4.73218991215
169	-4.65606306928
170	-8.42868329759
171	-4.90767032298
172	-4.65606306928
173	-12.7635797039
174	-4.42510598128
175	-4.39128520739
176	-11.3890156848
177	-4.44325626315
178	-4.65606306928
179	-8.96933421718
180	-4.44325626315
181	-4.39128520739
182	-9.61114293963
183	-9.74140535167
184	-4.39128520739
185	-16.7972120426
186	-4.42510598128
187	-4.36537675626
188	-21.7105491871
189	-4.44325626315
190	-4.36537675626
191	-7.95296956708
192	-4.42510598128
193	-4.65606306928
194	-6.58029171069
195	-4.73218991215
196	-4.36537675626
197	-18.116249043
198	-4.44325626315
199	-4.36537675626
200	-13.9617614427
201	-28.0043967086
202	-4.65606306928
203	-10.957697579
204	-8.96562005964
205	-4.83306789418
206	-6.84933448232
207	-4.42510598128
208	-4.83306789418
209	-9.80781068717
210	-4.42510598128
211	-4.36537675626
212	-6.58029171069
213	-4.44325626315
214	-4.36537675626
215	-6.58029171069
216	-4.73218991215
217	-4.39128520739
218	-9.63617021455
219	-4.42510598128
220	-4.65606306928
221	-6.84933448232
222	-4.90767032298
223	-4.65606306928
224	-9.61114293963
225	-4.42510598128
226	-4.36537675626
227	-7.91102989574
228	-4.73218991215
229	-4.39128520739
230	-7.91102989574
231	-4.73218991215
232	-4.65606306928
233	-12.0399241635
234	-4.73218991215
235	-4.36537675626
236	-12.1727625535
237	-4.90767032298
238	-4.83306789418
239	-8.50115866946
240	-4.42510598128
241	-4.83306789418
242	-6.58029171069
243	-4.42510598128
244	-4.39128520739
245	-12.4191033201
246	-12.7296296033
247	-4.39128520739
248	-8.09161432195
249	-4.44325626315
250	-4.83306789418
251	-12.9956080872
252	-4.42510598128
253	-4.83306789418
254	-6.58029171069
255	-10.9316154907
256	-4.83306789418
257	-6.58029171069
258	-4.90767032298
259	-4.39128520739
260	-9.29559713543
261	-4.42510598128
262	-4.83306789418
263	-6.58029171069
264	-4.90767032298
265	-4.83306789418
266	-6.58029171069
267	-4.73218991215
268	-4.36537675626
269	-10.5738153859
270	-4.42510598128
271	-4.36537675626
272	-8.09161432195
273	-4.44325626315
274	-4.39128520739
275	-7.91102989574
276	-4.90767032298
277	-4.39128520739
278	-11.6661867851
279	-4.42510598128
280	-9.754778137
281	-18.0742038651
282	-4.44325626315
283	-4.36537675626
284	-8.09161432195
285	-4.73218991215
286	-4.39128520739
287	-15.2006669375
288	-4.90767032298
289	-4.83306789418
290	-8.09161432195
291	-4.73218991215
292	-4.39128520739
293	-9.39544524764
294	-4.44325626315
295	-4.65606306928
296	-8.6598695494
297	-10.5008679281
298	-4.83306789418
299	-9.29559713543
300	-4.44325626315
301	-4.36537675626
302	-11.6106559175
303	-4.42510598128
304	-4.39128520739
305	-12.5924743832
306	-4.42510598128
307	-4.39128520739
308	-11.0062229857
309	-4.44325626315
310	-4.36537675626
311	-10.5334416991
312	-4.42510598128
313	-4.39128520739
314	-9.07444295232
315	-4.42510598128
316	-4.39128520739
317	-8.96933421718
318	-4.44325626315
319	-4.39128520739
320	-9.61114293963
321	-4.42510598128
322	-4.36537675626
323	-6.84933448232
324	-4.90767032298
325	-4.83306789418
326	-13.8505480559
327	-4.44325626315
328	-4.36537675626
329	-10.9467298449
330	-4.42510598128
331	-4.39128520739
332	-6.84933448232
333	-4.44325626315
334	-4.65606306928
335	-8.09161432195
336	-4.42510598128
337	-4.65606306928
338	-14.0102487034
339	-10.5008679281
340	-4.65606306928
341	-9.26920881099
342	-10.2875580554
343	-4.83306789418
344	-13.2747564517
345	-4.44325626315
346	-4.83306789418
347	-14.667420426
348	-4.44325626315
349	-4.36537675626
350	-7.91102989574
351	-4.42510598128
352	-4.83306789418
353	-9.70674730402
354	-4.42510598128
355	-4.65606306928
356	-13.0431693211
357	-4.73218991215
358	-4.83306789418
359	-8.09161432195
360	-4.44325626315
361	-4.39128520739
362	-9.39185735402
363	-4.44325626315
364	-4.65606306928
365	-8.09161432195
366	-4.90767032298
367	-4.36537675626
368	-8.42868329759
369	-4.42510598128
370	-4.83306789418
371	-6.84933448232
372	-4.90767032298
373	-4.39128520739
374	-15.0426278959
375	-4.44325626315
376	-4.83306789418
377	-14.8319239127
378	-4.90767032298
379	-4.65606306928
380	-7.95296956708
381	-4.90767032298
382	-4.36537675626
383	-6.84933448232
384	-4.90767032298
385	-4.65606306928
386	-9.8153585223
387	-4.42510598128
388	-4.39128520739
389	-14.0683470374
390	-4.42510598128
391	-4.65606306928
392	-12.8250845165
393	-4.44325626315
394	-4.39128520739
395	-10.9964415379
396	-4.44325626315
397	-4.39128520739
398	-12.7247363255
399	-4.42510598128
400	-4.36537675626
401	-6.84933448232
402	-4.73218991215
403	-4.65606306928
404	-7.91102989574
405	-4.44325626315
406	-4.36537675626
407	-14.0473676968
408	-4.42510598128
409	-4.39128520739
410	-6.58029171069
411	-4.73218991215
412	-4.39128520739
413	-6.58029171069
414	-4.44325626315
415	-4.39128520739
416	-14.9081844905
417	-4.73218991215
418	-4.36537675626
419	-13.2373905936
420	-4.73218991215
421	-4.39128520739
422	-7.91102989574
423	-4.73218991215
424	-4.83306789418
425	-10.9984600521
426	-4.90767032298
427	-4.36537675626
428	-10.1650666079
429	-4.73218991215
430	-4.39128520739
431	-11.8971835922
432	-4.42510598128
433	-4.36537675626
434	-9.80781068717
435	-4.90767032298
436	-4.83306789418
437	-10.4019521911
438	-4.90767032298
439	-4.83306789418
440	-11.7271192288
441	-4.90767032298
442	-9.52178263854
443	-6.84933448232
444	-4.42510598128
445	-4.39128520739
446	-9.80781068717
447	-4.44325626315
448	-4.36537675626
449	-10.4139970193
450	-4.42510598128
451	-4.39128520739
452	-11.3890156848
453	-4.42510598128
454	-4.83306789418
455	-6.84933448232
456	-4.42510598128
457	-4.65606306928
458	-9.31010793721
459	-10.6821370084
460	-4.39128520739
461	-7.95296956708
462	-4.42510598128
463	-4.83306789418
464	-6.84933448232
465	-4.90767032298
466	-4.36537675626
467	-6.84933448232
468	-4.42510598128
469	-4.36537675626
470	-10.201034251
471	-4.90767032298
472	-4.83306789418
473	-8.09161432195
474	-4.90767032298
475	-4.83306789418
476	-12.3755429867
477	-4.44325626315
478	-4.83306789418
479	-21.9412895325
480	-4.42510598128
481	-4.65606306928
482	-8.42868329759
483	-4.42510598128
484	-4.83306789418
485	-10.1643001797
486	-8.76503629241
487	-4.36537675626
488	-6.58029171069
