-7.524450838557825705e-01
-4.260202748054208177e-01
-8.967071546351815803e-01
2.662518668947102984e+00
-5.157754512623072829e-01
2.504049285211544351e+00
1.479285542363851791e+00
-1.800312153749894284e+00
-4.143391298901599740e+00
-6.624883266830803308e+00
-4.109000311089770818e+00
-4.495288598658010670e+00
-6.579227120505618309e+00
-6.059175389168937720e+00
-5.673523907366768704e+00
-5.407170871876552098e+00
-8.971603844181800014e+00
-5.721574193497575678e+00
-6.052448057618613042e+00
-6.699792942448680400e+00
