#Site	lnL	
0	-3.23577227672
1	-2.66153143799
2	-7.43468054874
3	-2.69381316721
4	-2.66153143799
5	-5.51700568033
6	-8.71172438549
7	-2.66153143799
8	-4.05922378701
9	-3.06834135091
10	-3.16614861106
11	-6.38028556459
12	-2.71307774315
13	-10.0427985964
14	-5.10501857348
15	-3.23577227672
16	-2.66153143799
17	-8.79220797101
18	-2.69381316721
19	-2.99966150723
20	-3.87682106239
21	-2.71307774315
22	-2.64863610681
23	-4.89468505358
24	-2.71307774315
25	-2.64863610681
26	-11.9966567525
27	-3.06834135091
28	-2.64863610681
29	-12.4690974875
30	-7.41233021893
31	-2.66153143799
32	-8.20354389918
33	-2.71307774315
34	-3.16614861106
35	-13.0077200455
36	-7.05765759775
37	-2.99966150723
38	-4.05922378701
39	-3.23577227672
40	-2.66153143799
41	-7.26582678936
42	-3.06834135091
43	-3.16614861106
44	-7.712382648
45	-3.23577227672
46	-2.64863610681
47	-3.87682106239
48	-3.23577227672
49	-2.64863610681
50	-6.01027528882
51	-2.69381316721
52	-2.64863610681
53	-8.5761768228
54	-2.71307774315
55	-2.66153143799
56	-6.47585381522
57	-3.23577227672
58	-2.66153143799
59	-9.34487271652
60	-11.2554356921
61	-12.6902191424
62	-9.53356095355
63	-7.44149235256
64	-2.66153143799
65	-12.8079042273
66	-2.71307774315
67	-3.16614861106
68	-8.80352436357
69	-3.06834135091
70	-2.64863610681
71	-8.69900202562
72	-3.06834135091
73	-3.16614861106
74	-3.87682106239
75	-2.71307774315
76	-2.99966150723
77	-11.3611955769
78	-2.71307774315
79	-9.37430984992
80	-4.05922378701
81	-2.69381316721
82	-2.64863610681
83	-15.2946534276
84	-2.69381316721
85	-2.99966150723
86	-6.01027528882
87	-2.71307774315
88	-2.66153143799
89	-7.92018133516
90	-3.23577227672
91	-2.99966150723
92	-7.91239984742
93	-2.69381316721
94	-2.66153143799
95	-7.69440388745
96	-2.71307774315
97	-3.16614861106
98	-4.89468505358
99	-2.71307774315
100	-2.64863610681
101	-8.92702152039
102	-2.71307774315
103	-2.64863610681
104	-3.87682106239
105	-6.87201261672
106	-2.99966150723
107	-4.05922378701
108	-3.23577227672
109	-2.64863610681
110	-3.87682106239
111	-2.69381316721
112	-2.99966150723
113	-10.4088096674
114	-3.06834135091
115	-2.64863610681
116	-6.01027528882
117	-2.71307774315
118	-3.16614861106
119	-4.05922378701
120	-8.68007334066
121	-3.16614861106
122	-10.3313773347
123	-3.06834135091
124	-2.64863610681
125	-6.00425123848
126	-3.06834135091
127	-2.64863610681
128	-5.51592567603
129	-2.71307774315
130	-2.64863610681
131	-10.2000791516
132	-3.06834135091
133	-2.99966150723
134	-10.4945237357
135	-2.71307774315
136	-10.796555718
137	-7.85019474254
138	-2.71307774315
139	-9.33844324591
140	-3.87682106239
141	-2.69381316721
142	-3.16614861106
143	-12.4817083415
144	-2.69381316721
145	-2.99966150723
146	-4.05922378701
147	-3.06834135091
148	-2.66153143799
149	-4.05922378701
150	-8.77581917167
151	-2.99966150723
152	-8.97886575593
153	-2.71307774315
154	-2.64863610681
155	-7.21481365191
156	-7.41233021893
157	-3.16614861106
158	-7.96424541952
159	-2.69381316721
160	-2.66153143799
161	-10.8435896421
162	-3.23577227672
163	-2.66153143799
164	-6.00425123848
165	-3.06834135091
166	-3.16614861106
167	-6.00425123848
168	-2.71307774315
169	-2.64863610681
170	-6.38028556459
171	-2.71307774315
172	-2.66153143799
173	-10.2553619272
174	-2.71307774315
175	-2.99966150723
176	-4.89468505358
177	-3.23577227672
178	-2.66153143799
179	-7.63690789353
180	-2.71307774315
181	-2.66153143799
182	-8.77560642215
183	-3.23577227672
184	-3.16614861106
185	-6.01027528882
186	-3.06834135091
187	-2.66153143799
188	-6.00425123848
189	-2.71307774315
190	-2.66153143799
191	-11.1735617022
192	-2.69381316721
193	-2.64863610681
194	-11.8001398444
195	-7.05765759775
196	-3.16614861106
197	-10.3570331484
198	-2.69381316721
199	-2.64863610681
200	-5.10501857348
201	-2.71307774315
202	-2.66153143799
203	-8.93565247702
204	-2.71307774315
205	-2.64863610681
206	-5.51700568033
207	-2.71307774315
208	-2.64863610681
209	-4.05922378701
210	-3.06834135091
211	-2.64863610681
212	-7.34354034635
213	-2.69381316721
214	-2.64863610681
215	-5.10501857348
216	-2.69381316721
217	-3.16614861106
218	-6.2297112398
219	-2.71307774315
220	-2.99966150723
221	-8.43782743531
222	-3.06834135091
223	-3.16614861106
224	-7.44055859944
225	-3.06834135091
226	-2.64863610681
227	-4.89468505358
228	-2.69381316721
229	-2.64863610681
230	-5.51700568033
231	-3.06834135091
232	-3.16614861106
233	-11.7187476206
234	-2.71307774315
235	-2.66153143799
236	-4.05922378701
237	-2.69381316721
238	-2.64863610681
239	-8.80346820686
240	-3.06834135091
241	-2.66153143799
242	-3.87682106239
243	-2.69381316721
244	-3.16614861106
245	-9.9076992733
246	-2.71307774315
247	-2.99966150723
248	-3.87682106239
249	-9.72128422651
250	-3.16614861106
251	-7.76323154855
252	-3.06834135091
253	-3.16614861106
254	-13.6919237984
255	-3.23577227672
256	-2.99966150723
257	-7.25225901558
258	-3.23577227672
259	-2.99966150723
260	-5.10501857348
261	-3.06834135091
262	-2.64863610681
263	-8.21989570739
264	-2.71307774315
265	-2.66153143799
266	-3.87682106239
267	-3.23577227672
268	-2.66153143799
269	-8.6725914577
270	-3.06834135091
271	-3.16614861106
272	-4.05922378701
273	-3.06834135091
274	-2.64863610681
275	-8.5095657919
276	-3.06834135091
277	-2.66153143799
278	-7.21481365191
279	-3.06834135091
280	-2.66153143799
281	-3.87682106239
282	-3.23577227672
283	-3.16614861106
284	-12.6144157415
285	-3.23577227672
286	-2.64863610681
287	-4.89468505358
288	-2.69381316721
289	-2.66153143799
290	-7.712382648
291	-2.71307774315
292	-2.66153143799
293	-4.05922378701
294	-2.69381316721
295	-2.64863610681
296	-10.9459387866
297	-3.23577227672
298	-7.57745100911
299	-15.0731891941
300	-2.71307774315
301	-3.16614861106
302	-3.87682106239
303	-14.556165168
304	-2.99966150723
305	-10.8325655817
306	-2.71307774315
307	-2.99966150723
308	-7.37211958471
309	-3.06834135091
310	-2.99966150723
311	-11.7113064872
312	-3.06834135091
313	-2.99966150723
314	-6.47585381522
315	-2.69381316721
316	-2.66153143799
317	-6.11964054525
318	-8.09618854473
319	-2.64863610681
320	-11.985448041
321	-2.69381316721
322	-2.66153143799
323	-9.49948047303
324	-3.23577227672
325	-2.66153143799
326	-6.00425123848
327	-3.23577227672
328	-2.64863610681
329	-13.2501300522
330	-2.71307774315
331	-2.99966150723
332	-11.4225925507
333	-12.9625899098
334	-2.99966150723
335	-8.0819442171
336	-2.71307774315
337	-19.3442913765
338	-3.87682106239
339	-3.23577227672
340	-2.64863610681
341	-11.6444118416
342	-3.06834135091
343	-2.66153143799
344	-5.93994345455
345	-3.06834135091
346	-2.99966150723
347	-7.62608720812
348	-3.06834135091
349	-3.16614861106
350	-10.0959580425
351	-2.69381316721
352	-2.99966150723
353	-10.4724297875
354	-2.71307774315
355	-2.64863610681
356	-7.76088772879
357	-2.71307774315
358	-2.64863610681
359	-7.26582678936
360	-2.71307774315
361	-2.64863610681
362	-5.51592567603
363	-2.69381316721
364	-2.66153143799
365	-14.3444428338
366	-3.23577227672
367	-3.16614861106
368	-7.40924583065
369	-2.69381316721
370	-2.64863610681
371	-3.87682106239
372	-3.06834135091
373	-2.64863610681
374	-7.72852550242
375	-2.69381316721
376	-2.99966150723
377	-5.51592567603
378	-3.23577227672
379	-2.66153143799
380	-11.0372254428
381	-2.69381316721
382	-2.64863610681
383	-9.23950904732
384	-2.71307774315
385	-2.64863610681
386	-6.66869965431
387	-2.69381316721
388	-2.64863610681
389	-7.39548651338
390	-2.71307774315
391	-2.99966150723
392	-7.17472834941
393	-3.06834135091
394	-3.16614861106
395	-7.37211958471
396	-2.69381316721
397	-2.66153143799
398	-3.87682106239
399	-3.06834135091
400	-3.16614861106
401	-9.78305585718
402	-2.71307774315
403	-2.64863610681
404	-10.3066950159
405	-2.71307774315
406	-2.66153143799
407	-4.05922378701
408	-3.23577227672
409	-2.99966150723
410	-3.87682106239
411	-3.06834135091
412	-2.99966150723
413	-9.75882054433
414	-6.89863775705
415	-2.64863610681
416	-5.10501857348
417	-2.69381316721
418	-2.64863610681
419	-3.87682106239
420	-3.06834135091
421	-2.64863610681
422	-7.5526325052
423	-2.69381316721
424	-3.16614861106
425	-7.37211958471
426	-2.69381316721
427	-2.64863610681
428	-4.89468505358
429	-11.7991425411
430	-2.66153143799
431	-9.75882054433
432	-2.71307774315
433	-3.16614861106
434	-4.05922378701
435	-2.71307774315
436	-3.16614861106
437	-10.9129752648
438	-2.71307774315
439	-2.64863610681
440	-11.4353786691
441	-2.69381316721
442	-2.66153143799
443	-11.9125459818
444	-3.23577227672
445	-2.66153143799
446	-6.00425123848
447	-2.69381316721
448	-2.64863610681
449	-3.87682106239
450	-2.71307774315
451	-2.66153143799
452	-10.4351844674
453	-3.23577227672
454	-3.16614861106
455	-4.89468505358
456	-2.69381316721
457	-2.64863610681
458	-3.87682106239
459	-2.69381316721
460	-2.64863610681
461	-5.95816728568
462	-3.23577227672
463	-2.66153143799
464	-13.3838395207
465	-3.23577227672
466	-2.64863610681
467	-9.8597756706
468	-3.06834135091
469	-2.99966150723
470	-7.43468054874
471	-3.23577227672
472	-3.16614861106
473	-8.23139803328
474	-3.06834135091
475	-2.64863610681
476	-3.87682106239
477	-3.23577227672
478	-2.66153143799
479	-3.87682106239
480	-2.69381316721
481	-2.64863610681
482	-17.594901012
483	-3.23577227672
484	-3.16614861106
485	-4.05922378701
486	-2.71307774315
487	-2.66153143799
488	-10.897551514
