# log_p 	 lnL 	 
0.0	-1694.29130249	
-0.287682072452	-1694.28830577	
-0.510825623766	-1694.28463264	
-0.69314718056	-1694.2807562	
-0.847297860387	-1694.27696261	
-0.980829253012	-1694.27336611	
-1.09861228867	-1694.26997119	
-1.20397280433	-1694.26672927	
-1.29928298413	-1694.26357613	
-1.38629436112	-1694.26045209	
-1.46633706879	-1694.25731068	
-1.54044504095	-1694.25412072	
-1.60943791243	-1694.25086501	
-1.67397643357	-1694.2475377	
-1.73460105539	-1694.24414134	
-1.79175946923	-1694.24068417	
-1.8458266905	-1694.23717796	
-1.89711998489	-1694.23363618	
-1.94591014906	-1694.23007282	
-1.99243016469	-1694.22650145	
-2.03688192726	-1694.22293468	
-2.07944154168	-1694.2193838	
-2.1202635362	-1694.21585866	
-2.15948424935	-1694.21236759	
-2.19722457734	-1694.20891747	
-2.23359222151	-1694.20551381	
-2.26868354132	-1694.20216087	
-2.30258509299	-1694.19886181	
-2.33537491582	-1694.19561881	
-2.36712361413	-1694.19243324	
-2.3978952728	-1694.18930573	
-2.42774823595	-1694.18623637	
-2.45673577282	-1694.18322473	
-2.48490664979	-1694.18027	
-2.51230562398	-1694.17737107	
-2.53897387106	-1694.17452657	
-2.56494935746	-1694.17173498	
-2.59026716545	-1694.1689946	
-2.61495977804	-1694.16630369	
-2.63905732962	-1694.16366043	
-2.66258782703	-1694.16106296	
-2.68557734525	-1694.15850945	
-2.7080502011	-1694.15599806	
-2.73002910782	-1694.15352699	
-2.75153531304	-1694.15109447	
-2.77258872224	-1694.14869879	
-2.79320800944	-1694.1463383	
-2.81341071676	-1694.14401139	
-2.83321334406	-1694.14171654	
-2.85263142991	-1694.13945228	
-2.87167962488	-1694.1372172	
-2.8903717579	-1694.13500998	
-2.90872089656	-1694.13282934	
-2.92673940207	-1694.13067407	
-2.94443897917	-1694.12854304	
-2.96183072188	-1694.12643517	
-2.97892515524	-1694.12434942	
-2.99573227355	-1694.12228483	
-3.01226157551	-1694.12024048	
-3.02852209638	-1694.11821552	
-3.04452243772	-1694.11620912	
-3.06027079469	-1694.11422053	
-3.07577498123	-1694.11224902	
-3.09104245336	-1694.11029391	
-3.10608033072	-1694.10835455	
-3.12089541651	-1694.10643035	
-3.13549421593	-1694.10452073	
-3.14988295338	-1694.10262516	
-3.16406758837	-1694.10074314	
-3.17805383035	-1694.0988742	
-3.19184715248	-1694.09701788	
-3.20545280454	-1694.09517377	
-3.21887582487	-1694.09334148	
-3.23212105162	-1694.09152063	
-3.24519313319	-1694.08971087	
-3.25809653802	-1694.08791188	
-3.2708355638	-1694.08612334	
-3.28341434601	-1694.08434497	
-3.295836866	-1694.08257649	
-3.3081069586	-1694.08081764	
-3.32022831913	-1694.07906818	
-3.33220451018	-1694.07732787	
-3.34403896782	-1694.07559651	
-3.35573500759	-1694.07387389	
-3.36729582999	-1694.07215982	
-3.37872452581	-1694.07045411	
-3.39002408106	-1694.0687566	
-3.40119738166	-1694.06706712	
-3.41224721785	-1694.06538552	
-3.42317628838	-1694.06371167	
-3.43398720449	-1694.06204541	
-3.4446824936	-1694.06038663	
-3.45526460293	-1694.0587352	
-3.4657359028	-1694.05709101	
-3.47609868984	-1694.05545395	
-3.48635519	-1694.05382392	
-3.49650756147	-1694.05220081	
-3.50655789732	-1694.05058455	
-3.51650822817	-1694.04897503	
-3.52636052462	-1694.04737218	
-3.53611669956	-1694.04577591	
-3.54577861047	-1694.04418616	
-3.55534806149	-1694.04260285	
-3.56482680544	-1694.04102591	
-3.57421654579	-1694.03945528	
-3.58351893846	-1694.0378909	
-3.59273559356	-1694.0363327	
-3.60186807712	-1694.03478064	
-3.61091791264	-1694.03323466	
-3.61988658263	-1694.03169471	
-3.62877553004	-1694.03016073	
-3.63758615973	-1694.02863269	
-3.6463198397	-1694.02711054	
-3.65497790244	-1694.02559423	
-3.66356164613	-1694.02408373	
-3.6720723358	-1694.02257899	
-3.68051120444	-1694.02107997	
-3.68887945411	-1694.01958664	
-3.69717825693	-1694.01809897	
-3.70540875607	-1694.01661692	
-3.7135720667	-1694.01514045	
-3.72166927694	-1694.01366954	
-3.72970144863	-1694.01220415	
-3.73766961828	-1694.01074426	
-3.74557479779	-1694.00928983	
-3.75341797525	-1694.00784083	
-3.76120011569	-1694.00639725	
-3.76892216179	-1694.00495904	
-3.77658503453	-1694.00352619	
-3.78418963392	-1694.00209868	
-3.79173683955	-1694.00067647	
-3.79922751128	-1693.99925954	
-3.80666248977	-1693.99784787	
-3.81404259707	-1693.99644143	
-3.82136863716	-1693.99504021	
-3.82864139649	-1693.99364418	
-3.83586164446	-1693.99225331	
-3.84303013394	-1693.99086759	
-3.85014760171	-1693.989487	
-3.85721476893	-1693.98811151	
-3.86423234159	-1693.9867411	
-3.87120101091	-1693.98537576	
-3.87812145375	-1693.98401546	
-3.88499433304	-1693.98266018	
-3.89182029811	-1693.98130991	
-3.8985999851	-1693.97996462	
-3.90533401728	-1693.9786243	
-3.91202300543	-1693.97728893	
-3.91866754815	-1693.97595848	
-3.92526823218	-1693.97463294	
-3.93182563272	-1693.97331229	
-3.93834031375	-1693.97199652	
-3.94481282825	-1693.9706856	
-3.95124371858	-1693.96937951	
-3.95763351668	-1693.96807825	
-3.96398274436	-1693.96678178	
-3.97029191355	-1693.9654901	
-3.97656152657	-1693.96420318	
-3.98279207632	-1693.96292101	
-3.98898404656	-1693.96164356	
-3.99513791214	-1693.96037083	
-4.00125413916	-1693.9591028	
-4.00733318523	-1693.95783944	
-4.01337549969	-1693.95658074	
-4.01938152375	-1693.95532668	
-4.02535169074	-1693.95407725	
-4.03128642625	-1693.95283243	
-4.03718614838	-1693.9515922	
-4.04305126783	-1693.95035654	
-4.04888218815	-1693.94912545	
-4.05467930583	-1693.94789889	
-4.06044301055	-1693.94667685	
-4.06617368526	-1693.94545932	
-4.07187170637	-1693.94424628	
-4.07753744391	-1693.94303772	
-4.08317126162	-1693.9418336	
-4.08877351717	-1693.94063393	
-4.09434456222	-1693.93943868	
-4.0998847426	-1693.93824784	
-4.10539439841	-1693.93706138	
-4.11087386417	-1693.9358793	
-4.11632346894	-1693.93470157	
-4.12174353641	-1693.93352818	
-4.12713438505	-1693.93235911	
-4.13249632819	-1693.93119435	
-4.13782967416	-1693.93003387	
-4.14313472639	-1693.92887767	
-4.14841178349	-1693.92772573	
-4.15366113938	-1693.92657802	
-4.15888308336	-1693.92543453	
-4.16407790024	-1693.92429525	
-4.1692458704	-1693.92316017	
-4.1743872699	-1693.92202925	
-4.17950237056	-1693.92090249	
-4.18459144007	-1693.91977987	
-4.18965474203	-1693.91866137	
-4.19469253606	-1693.91754698	
-4.19970507788	-1693.91643669	
-4.20469261939	-1693.91533046	
-4.20965540873	-1693.9142283	
-4.21459369037	-1693.91313018	
-4.21950770518	-1693.91203608	
-4.22439769047	-1693.91094599	
-4.22926388012	-1693.9098599	
-4.2341065046	-1693.90877779	
-4.23892579103	-1693.90769963	
-4.2437219633	-1693.90662542	
-4.24849524205	-1693.90555514	
-4.25324584481	-1693.90448877	
-4.257973986	-1693.9034263	
-4.26267987704	-1693.90236771	
-4.26736372635	-1693.90131298	
-4.27202573946	-1693.90026211	
-4.27666611902	-1693.89921506	
-4.28128506487	-1693.89817184	
-4.28588277412	-1693.89713241	
-4.29045944115	-1693.89609677	
-4.29501525768	-1693.8950649	
-4.29955041285	-1693.89403678	
-4.3040650932	-1693.8930124	
-4.30855948279	-1693.89199175	
-4.31303376319	-1693.8909748	
-4.31748811354	-1693.88996154	
-4.3219227106	-1693.88895196	
-4.32633772881	-1693.88794604	
-4.33073334029	-1693.88694376	
-4.33510971489	-1693.88594511	
-4.33946702026	-1693.88495008	
-4.34380542185	-1693.88395864	
-4.348125083	-1693.88297079	
-4.3524261649	-1693.88198651	
-4.35670882669	-1693.88100578	
-4.36097322548	-1693.88002858	
-4.36521951636	-1693.87905491	
-4.36944785247	-1693.87808475	
-4.373658385	-1693.87711808	
-4.37785126326	-1693.87615488	
-4.38202663467	-1693.87519515	
-4.38618464482	-1693.87423887	
-4.39032543749	-1693.87328602	
-4.39444915467	-1693.87233658	
-4.39855593663	-1693.87139055	
-4.40264592188	-1693.87044791	
-4.40671924726	-1693.86950863	
-4.41077604796	-1693.86857272	
-4.4148164575	-1693.86764016	
-4.4188406078	-1693.86671092	
-4.42284862919	-1693.865785	
-4.42684065046	-1693.86486237	
-4.43081679884	-1693.86394304	
-4.43477720006	-1693.86302697	
-4.43872197835	-1693.86211417	
-4.44265125649	-1693.8612046	
-4.44656515581	-1693.86029827	
-4.45046379623	-1693.85939515	
-4.45434729625	-1693.85849523	
-4.45821577303	-1693.8575985	
-4.46206934235	-1693.85670494	
-4.46590811865	-1693.85581454	
-4.46973221509	-1693.85492729	
-4.47354174351	-1693.85404316	
-4.47733681448	-1693.85316216	
-4.48111753732	-1693.85228425	
-4.48488402011	-1693.85140944	
-4.48863636973	-1693.8505377	
-4.49237469184	-1693.84966903	
-4.49609909093	-1693.8488034	
-4.49980967033	-1693.84794081	
-4.50350653221	-1693.84708125	
-4.50718977763	-1693.84622469	
-4.51085950652	-1693.84537112	
-4.51451581772	-1693.84452054	
-4.518158809	-1693.84367293	
-4.52178857705	-1693.84282828	
-4.52540521752	-1693.84198656	
-4.52900882502	-1693.84114778	
-4.53259949315	-1693.84031191	
-4.5361773145	-1693.83947895	
-4.53974238067	-1693.83864887	
-4.54329478227	-1693.83782168	
-4.54683460898	-1693.83699735	
-4.55036194949	-1693.83617587	
-4.5538768916	-1693.83535724	
-4.55737952215	-1693.83454143	
-4.56086992709	-1693.83372843	
-4.56434819147	-1693.83291824	
-4.56781439944	-1693.83211083	
-4.57126863431	-1693.83130621	
-4.5747109785	-1693.83050434	
-4.5781415136	-1693.82970523	
-4.58156032035	-1693.82890886	
-4.58496747867	-1693.82811522	
-4.58836306767	-1693.8273243	
-4.59174716566	-1693.82653608	
-4.59511985013	-1693.82575055	
-4.59848119784	-1693.8249677	
-4.60183128472	-1693.82418751	
-4.60517018599	-1693.82340999	
-4.60849797608	-1693.82263511	
-4.61181472871	-1693.82186286	
-4.61512051684	-1693.82109323	
-4.61841541274	-1693.82032621	
-4.62169948794	-1693.81956178	
-4.62497281328	-1693.81879995	
-4.62823545892	-1693.81804068	
-4.63148749431	-1693.81728399	
-4.63472898823	-1693.81652984	
-4.63796000881	-1693.81577823	
-4.64118062351	-1693.81502915	
-4.64439089914	-1693.81428259	
-4.64759090187	-1693.81353853	
-4.65078069724	-1693.81279697	
-4.65396035016	-1693.8120579	
-4.65712992492	-1693.81132129	
-4.66028948521	-1693.81058715	
-4.66343909411	-1693.80985546	
-4.66657881412	-1693.80912622	
-4.66970870713	-1693.8083994	
-4.67282883446	-1693.807675	
-4.67593925688	-1693.806953	
-4.67904003455	-1693.80623341	
-4.68213122712	-1693.8055162	
-4.68521289366	-1693.80480137	
-4.6882850927	-1693.8040889	
-4.69134788223	-1693.80337879	
-4.69440131972	-1693.80267102	
-4.6974454621	-1693.80196559	
-4.70048036579	-1693.80126248	
-4.70350608671	-1693.80056168	
-4.70652268025	-1693.79986319	
-4.70953020131	-1693.79916699	
-4.71252870431	-1693.79847308	
-4.71551824316	-1693.79778143	
-4.7184988713	-1693.79709205	
-4.72147064168	-1693.79640493	
-4.72443360681	-1693.79572004	
-4.72738781871	-1693.7950374	
-4.73033332894	-1693.79435697	
-4.73327018862	-1693.79367876	
-4.73619844839	-1693.79300275	
-4.7391181585	-1693.79232893	
-4.74202936871	-1693.7916573	
-4.74493212836	-1693.79098785	
-4.74782648639	-1693.79032056	
-4.75071249128	-1693.78965542	
-4.75359019111	-1693.78899244	
-4.75645963353	-1693.78833159	
-4.75932086582	-1693.78767286	
-4.7621739348	-1693.78701626	
-4.76501888693	-1693.78636176	
-4.76785576827	-1693.78570937	
-4.77068462447	-1693.78505906	
-4.77350550081	-1693.78441084	
-4.77631844218	-1693.78376469	
-4.77912349311	-1693.7831206	
-4.78192069773	-1693.78247857	
-4.78471009982	-1693.78183858	
-4.78749174278	-1693.78120063	
-4.79026566966	-1693.78056471	
-4.79303192316	-1693.7799308	
-4.7957905456	-1693.77929891	
-4.79854157897	-1693.77866901	
-4.80128506491	-1693.77804111	
-4.80402104473	-1693.7774152	
-4.80674955939	-1693.77679126	
-4.8094706495	-1693.77616928	
-4.81218435537	-1693.77554927	
-4.81489071697	-1693.7749312	
-4.81758977394	-1693.77431507	
-4.82028156561	-1693.77370088	
-4.82296613098	-1693.77308861	
-4.82564350875	-1693.77247826	
-4.8283137373	-1693.77186982	
-4.83097685472	-1693.77126328	
-4.83363289878	-1693.77065863	
-4.83628190695	-1693.77005586	
-4.83892391641	-1693.76945496	
-4.84155896405	-1693.76885594	
-4.84418708646	-1693.76825877	
-4.84680831994	-1693.76766346	
-4.84942270051	-1693.76706999	
-4.85203026392	-1693.76647835	
-4.85463104562	-1693.76588854	
-4.8572250808	-1693.76530055	
-4.85981240436	-1693.76471438	
-4.86239305096	-1693.76413	
-4.86496705495	-1693.76354743	
-4.86753445046	-1693.76296664	
-4.87009527132	-1693.76238764	
-4.87264955112	-1693.7618104	
-4.8751973232	-1693.76123494	
-4.87773862063	-1693.76066123	
-4.88027347623	-1693.76008927	
-4.88280192259	-1693.75951906	
-4.88532399202	-1693.75895059	
-4.88783971662	-1693.75838384	
-4.89034912822	-1693.75781881	
-4.89285225844	-1693.7572555	
-4.89534913864	-1693.7566939	
-4.89783979995	-1693.75613399	
-4.90032427328	-1693.75557578	
-4.90280258929	-1693.75501925	
-4.90527477844	-1693.75446441	
-4.90774087093	-1693.75391123	
-4.91020089677	-1693.75335972	
-4.91265488574	-1693.75280986	
-4.91510286737	-1693.75226166	
-4.91754487103	-1693.7517151	
-4.91998092583	-1693.75117017	
-4.92241106068	-1693.75062688	
-4.92483530429	-1693.7500852	
-4.92725368516	-1693.74954515	
-4.92966623156	-1693.7490067	
-4.93207297159	-1693.74846986	
-4.93447393313	-1693.74793461	
-4.93686914386	-1693.74740095	
-4.93925863125	-1693.74686887	
-4.94164242261	-1693.74633837	
-4.94402054501	-1693.74580944	
-4.94639302537	-1693.74528207	
-4.94875989038	-1693.74475626	
-4.95112116656	-1693.744232	
-4.95347688026	-1693.74370928	
-4.9558270576	-1693.7431881	
-4.95817172456	-1693.74266845	
-4.96051090691	-1693.74215032	
-4.96284463026	-1693.74163371	
-4.96517292002	-1693.74111862	
-4.96749580144	-1693.74060503	
-4.96981329958	-1693.74009293	
-4.97212543933	-1693.73958234	
-4.97443224543	-1693.73907323	
-4.97673374242	-1693.7385656	
-4.97902995468	-1693.73805944	
-4.98132090643	-1693.73755475	
-4.98360662171	-1693.73705153	
-4.98588712441	-1693.73654977	
-4.98816243824	-1693.73604945	
-4.99043258678	-1693.73555058	
-4.99269759341	-1693.73505315	
-4.99495748138	-1693.73455715	
-4.99721227376	-1693.73406258	
-4.9994619935	-1693.73356943	
-5.00170666335	-1693.7330777	
-5.00394630595	-1693.73258737	
-5.00618094375	-1693.73209845	
-5.00841059907	-1693.73161093	
-5.0106352941	-1693.73112481	
-5.01285505083	-1693.73064007	
-5.01506989116	-1693.73015671	
-5.01727983681	-1693.72967473	
-5.01948490937	-1693.72919411	
-5.02168513028	-1693.72871487	
-5.02388052085	-1693.72823698	
-5.02607110223	-1693.72776045	
-5.02825689545	-1693.72728526	
-5.03043792139	-1693.72681142	
-5.03261420082	-1693.72633891	
-5.03478575433	-1693.72586774	
-5.03695260241	-1693.7253979	
-5.03911476542	-1693.72492938	
-5.04127226356	-1693.72446217	
-5.04342511692	-1693.72399627	
-5.04557334546	-1693.72353168	
-5.047716969	-1693.7230684	
-5.04985600725	-1693.7226064	
-5.05199047978	-1693.7221457	
-5.05412040604	-1693.72168628	
-5.05624580535	-1693.72122815	
-5.05836669692	-1693.72077128	
-5.06048309982	-1693.72031569	
-5.06259503303	-1693.71986137	
-5.06470251537	-1693.7194083	
-5.06680556556	-1693.71895649	
-5.06890420222	-1693.71850592	
-5.07099844382	-1693.71805661	
-5.07308830874	-1693.71760853	
-5.07517381523	-1693.71716169	
-5.07725498144	-1693.71671608	
-5.07933182538	-1693.71627169	
-5.08140436498	-1693.71582853	
-5.08347261805	-1693.71538658	
-5.08553660227	-1693.71494584	
-5.08759633523	-1693.71450631	
-5.08965183441	-1693.71406798	
-5.09170311719	-1693.71363085	
-5.09375020081	-1693.71319491	
-5.09579310244	-1693.71276016	
-5.09783183913	-1693.71232659	
-5.09986642782	-1693.7118942	
-5.10189688537	-1693.71146298	
-5.10392322852	-1693.71103293	
-5.1059454739	-1693.71060405	
-5.10796363806	-1693.71017633	
-5.10997773743	-1693.70974976	
-5.11198778836	-1693.70932435	
-5.11399380708	-1693.70890008	
-5.11599580975	-1693.70847695	
-5.11799381242	-1693.70805497	
-5.11998783102	-1693.70763411	
-5.12197788143	-1693.70721439	
-5.1239639794	-1693.70679579	
-5.12594614061	-1693.70637831	
-5.12792438062	-1693.70596195	
-5.12989871492	-1693.7055467	
-5.13186915891	-1693.70513255	
-5.13383572788	-1693.70471951	
-5.13579843705	-1693.70430757	
-5.13775730154	-1693.70389673	
-5.13971233637	-1693.70348697	
-5.1416635565	-1693.7030783	
-5.14361097679	-1693.70267072	
-5.145554612	-1693.70226421	
-5.14749447681	-1693.70185878	
-5.14943058584	-1693.70145442	
-5.15136295359	-1693.70105112	
-5.1532915945	-1693.70064889	
-5.15521652291	-1693.70024771	
-5.15713775309	-1693.69984759	
-5.15905529921	-1693.69944852	
-5.1609691754	-1693.69905049	
-5.16287939565	-1693.69865351	
-5.16478597392	-1693.69825757	
-5.16668892407	-1693.69786266	
-5.16858825987	-1693.69746878	
-5.17048399504	-1693.69707593	
-5.17237614319	-1693.69668409	
-5.17426471788	-1693.69629328	
-5.17614973257	-1693.69590349	
-5.17803120067	-1693.6955147	
-5.1799091355	-1693.69512693	
-5.18178355029	-1693.69474015	
-5.18365445823	-1693.69435438	
-5.1855218724	-1693.6939696	
-5.18738580584	-1693.69358582	
-5.18924627149	-1693.69320302	
-5.19110328224	-1693.69282121	
-5.19295685089	-1693.69244038	
-5.19480699018	-1693.69206053	
-5.19665371277	-1693.69168166	
-5.19849703127	-1693.69130375	
-5.20033695819	-1693.69092681	
-5.202173506	-1693.69055084	
-5.20400668708	-1693.69017582	
-5.20583651375	-1693.68980176	
-5.20766299828	-1693.68942865	
-5.20948615284	-1693.6890565	
-5.21130598956	-1693.68868529	
-5.21312252048	-1693.68831502	
-5.21493575761	-1693.68794569	
-5.21674571285	-1693.6875773	
-5.21855239808	-1693.68720983	
-5.22035582508	-1693.6868433	
-5.22215600558	-1693.68647769	
-5.22395295126	-1693.68611301	
-5.22574667371	-1693.68574924	
-5.22753718449	-1693.68538639	
-5.22932449506	-1693.68502445	
-5.23110861685	-1693.68466342	
-5.23288956123	-1693.68430329	
-5.23466733947	-1693.68394407	
-5.23644196283	-1693.68358574	
-5.23821344248	-1693.68322831	
-5.23998178954	-1693.68287177	
-5.24174701506	-1693.68251612	
-5.24350913005	-1693.68216136	
-5.24526814546	-1693.68180748	
-5.24702407216	-1693.68145448	
-5.24877692099	-1693.68110235	
-5.25052670271	-1693.6807511	
-5.25227342805	-1693.68040072	
-5.25401710765	-1693.6800512	
-5.25575775213	-1693.67970255	
-5.25749537203	-1693.67935476	
-5.25922997784	-1693.67900782	
-5.26096158	-1693.67866174	
-5.2626901889	-1693.67831652	
-5.26441581487	-1693.67797214	
-5.26613846818	-1693.6776286	
-5.26785815906	-1693.67728591	
-5.26957489768	-1693.67694406	
-5.27128869416	-1693.67660304	
-5.27299955856	-1693.67626286	
-5.27470750091	-1693.67592351	
-5.27641253116	-1693.67558498	
-5.27811465923	-1693.67524728	
-5.27981389498	-1693.6749104	
-5.28151024823	-1693.67457434	
-5.28320372874	-1693.6742391	
-5.28489434622	-1693.67390467	
-5.28658211033	-1693.67357104	
-5.28826703069	-1693.67323823	
-5.28994911688	-1693.67290622	
-5.2916283784	-1693.67257501	
-5.29330482472	-1693.6722446	
-5.29497846528	-1693.67191499	
-5.29664930945	-1693.67158617	
-5.29831736655	-1693.67125814	
-5.29998264587	-1693.6709309	
-5.30164515664	-1693.67060444	
-5.30330490806	-1693.67027876	
-5.30496190927	-1693.66995387	
-5.30661616936	-1693.66962975	
-5.3082676974	-1693.6693064	
-5.30991650239	-1693.66898383	
-5.3115625933	-1693.66866202	
-5.31320597904	-1693.66834099	
-5.3148466685	-1693.66802071	
-5.3164846705	-1693.66770119	
-5.31811999384	-1693.66738244	
-5.31975264727	-1693.66706443	
-5.32138263948	-1693.66674719	
-5.32300997914	-1693.66643069	
-5.32463467487	-1693.66611494	
-5.32625673524	-1693.66579993	
-5.32787616879	-1693.66548567	
-5.32949298402	-1693.66517214	
-5.33110718937	-1693.66485935	
-5.33271879327	-1693.6645473	
-5.33432780407	-1693.66423598	
-5.33593423012	-1693.66392539	
-5.3375380797	-1693.66361553	
-5.33913936107	-1693.6633064	
-5.34073808243	-1693.66299798	
-5.34233425196	-1693.66269029	
-5.3439278778	-1693.66238331	
-5.34551896803	-1693.66207705	
-5.34710753072	-1693.6617715	
-5.34869357387	-1693.66146666	
-5.35027710548	-1693.66116253	
-5.35185813348	-1693.6608591	
-5.35343666577	-1693.66055638	
-5.35501271022	-1693.66025435	
-5.35658627467	-1693.65995303	
-5.3581573669	-1693.6596524	
-5.35972599468	-1693.65935247	
-5.36129216571	-1693.65905322	
-5.36285588769	-1693.65875467	
-5.36441716825	-1693.6584568	
-5.36597601502	-1693.65815962	
-5.36753243557	-1693.65786311	
-5.36908643744	-1693.65756729	
-5.37063802813	-1693.65727215	
-5.37218721511	-1693.65697768	
-5.37373400583	-1693.65668388	
-5.37527840768	-1693.65639076	
-5.37682042804	-1693.6560983	
-5.37836007422	-1693.65580651	
-5.37989735354	-1693.65551538	
-5.38143227326	-1693.65522491	
-5.38296484061	-1693.65493511	
-5.38449506279	-1693.65464596	
-5.38602294697	-1693.65435747	
-5.38754850028	-1693.65406962	
-5.38907172982	-1693.65378243	
-5.39059264266	-1693.65349589	
-5.39211124583	-1693.65321	
-5.39362754635	-1693.65292475	
-5.39514155118	-1693.65264014	
-5.39665326727	-1693.65235617	
-5.39816270152	-1693.65207285	
-5.39966986081	-1693.65179015	
-5.40117475199	-1693.65150809	
-5.40267738187	-1693.65122667	
-5.40417775725	-1693.65094587	
-5.40567588487	-1693.6506657	
-5.40717177146	-1693.65038615	
-5.40866542372	-1693.65010723	
-5.4101568483	-1693.64982893	
-5.41164605186	-1693.64955125	
-5.41313304098	-1693.64927419	
-5.41461782224	-1693.64899774	
-5.4161004022	-1693.64872191	
-5.41758078737	-1693.64844669	
-5.41905898424	-1693.64817208	
-5.42053499927	-1693.64789807	
-5.42200883889	-1693.64762467	
-5.4234805095	-1693.64735188	
-5.42495001748	-1693.64707968	
-5.42641736918	-1693.64680809	
-5.4278825709	-1693.64653709	
-5.42934562895	-1693.64626669	
-5.43080654959	-1693.64599689	
-5.43226533906	-1693.64572767	
-5.43372200355	-1693.64545905	
-5.43517654927	-1693.64519101	
-5.43662898235	-1693.64492356	
-5.43807930892	-1693.6446567	
-5.4395275351	-1693.64439041	
-5.44097366695	-1693.64412471	
-5.44241771052	-1693.64385959	
-5.44385967184	-1693.64359504	
-5.4452995569	-1693.64333107	
-5.44673737167	-1693.64306767	
-5.44817312209	-1693.64280485	
-5.44960681409	-1693.64254259	
-5.45103845357	-1693.6422809	
-5.45246804638	-1693.64201978	
-5.45389559837	-1693.64175922	
-5.45532111536	-1693.64149923	
-5.45674460314	-1693.64123979	
-5.45816606749	-1693.64098092	
-5.45958551414	-1693.6407226	
-5.46100294883	-1693.64046484	
-5.46241837723	-1693.64020763	
-5.46383180503	-1693.63995097	
-5.46524323786	-1693.63969486	
-5.46665268137	-1693.6394393	
-5.46806014114	-1693.63918429	
-5.46946562274	-1693.63892982	
-5.47086913175	-1693.6386759	
-5.47227067367	-1693.63842252	
-5.47367025403	-1693.63816967	
-5.47506787829	-1693.63791737	
-5.47646355193	-1693.6376656	
-5.47785728038	-1693.63741437	
-5.47924906905	-1693.63716367	
-5.48063892334	-1693.6369135	
-5.48202684862	-1693.63666386	
-5.48341285022	-1693.63641475	
-5.48479693349	-1693.63616617	
-5.48617910372	-1693.63591811	
-5.48755936619	-1693.63567058	
-5.48893772616	-1693.63542356	
-5.49031418887	-1693.63517707	
-5.49168875953	-1693.63493109	
-5.49306144334	-1693.63468564	
-5.49443224547	-1693.63444069	
-5.49580117108	-1693.63419626	
-5.49716822529	-1693.63395235	
-5.49853341322	-1693.63370894	
-5.49989673995	-1693.63346604	
-5.50125821054	-1693.63322365	
-5.50261783006	-1693.63298177	
-5.50397560352	-1693.63274039	
-5.50533153593	-1693.63249951	
-5.50668563228	-1693.63225914	
-5.50803789753	-1693.63201926	
-5.50938833663	-1693.63177988	
-5.5107369545	-1693.631541	
-5.51208375605	-1693.63130261	
-5.51342874616	-1693.63106472	
-5.51477192971	-1693.63082732	
-5.51611331154	-1693.63059041	
-5.51745289646	-1693.63035399	
-5.51879068931	-1693.63011805	
-5.52012669485	-1693.62988261	
-5.52146091786	-1693.62964764	
-5.5227933631	-1693.62941316	
-5.52412403528	-1693.62917917	
-5.52545293913	-1693.62894565	
-5.52678007934	-1693.62871261	
-5.52810546058	-1693.62848005	
-5.52942908751	-1693.62824796	
-5.53075096477	-1693.62801635	
-5.53207109697	-1693.62778522	
-5.53338948873	-1693.62755455	
-5.53470614461	-1693.62732435	
-5.53602106919	-1693.62709463	
-5.53733426702	-1693.62686537	
-5.53864574262	-1693.62663657	
-5.5399555005	-1693.62640825	
-5.54126354516	-1693.62618038	
-5.54256988107	-1693.62595298	
-5.5438745127	-1693.62572603	
-5.54517744448	-1693.62549955	
-5.54647868084	-1693.62527352	
-5.54777822618	-1693.62504795	
-5.5490760849	-1693.62482284	
-5.55037226136	-1693.62459818	
-5.55166675992	-1693.62437397	
-5.55295958492	-1693.62415021	
-5.55425074069	-1693.6239269	
-5.55554023152	-1693.62370404	
-5.5568280617	-1693.62348163	
-5.55811423551	-1693.62325966	
-5.5593987572	-1693.62303814	
-5.56068163102	-1693.62281706	
-5.56196286117	-1693.62259642	
-5.56324245188	-1693.62237622	
-5.56452040732	-1693.62215646	
-5.56579673168	-1693.62193714	
-5.56707142911	-1693.62171826	
-5.56834450376	-1693.62149981	
-5.56961595975	-1693.6212818	
-5.57088580119	-1693.62106421	
-5.57215403218	-1693.62084706	
-5.57342065679	-1693.62063034	
-5.5746856791	-1693.62041405	
-5.57594910315	-1693.62019819	
-5.57721093297	-1693.61998275	
-5.57847117258	-1693.61976774	
-5.57972982599	-1693.61955315	
-5.58098689718	-1693.61933899	
-5.58224239012	-1693.61912524	
-5.58349630878	-1693.61891192	
-5.5847486571	-1693.61869901	
-5.585999439	-1693.61848653	
-5.5872486584	-1693.61827446	
-5.5884963192	-1693.6180628	
-5.58974242528	-1693.61785156	
-5.59098698051	-1693.61764074	
-5.59222998875	-1693.61743032	
-5.59347145384	-1693.61722032	
-5.5947113796	-1693.61701072	
-5.59594976985	-1693.61680153	
-5.59718662839	-1693.61659276	
-5.598421959	-1693.61638438	
-5.59965576545	-1693.61617641	
-5.60088805149	-1693.61596885	
-5.60211882088	-1693.61576169	
-5.60334807733	-1693.61555492	
-5.60457582457	-1693.61534856	
-5.6058020663	-1693.6151426	
-5.60702680619	-1693.61493704	
-5.60825004793	-1693.61473187	
-5.60947179518	-1693.6145271	
-5.61069205159	-1693.61432272	
-5.61191082078	-1693.61411874	
-5.61312810639	-1693.61391515	
-5.61434391201	-1693.61371195	
-5.61555824124	-1693.61350914	
-5.61677109767	-1693.61330671	
-5.61798248485	-1693.61310468	
-5.61919240636	-1693.61290303	
-5.62040086572	-1693.61270177	
-5.62160786647	-1693.6125009	
-5.62281341212	-1693.6123004	
-5.62401750619	-1693.61210029	
-5.62522015215	-1693.61190056	
-5.6264213535	-1693.61170122	
-5.62762111369	-1693.61150225	
-5.62881943618	-1693.61130365	
-5.63001632442	-1693.61110544	
-5.63121178182	-1693.6109076	
-5.63240581181	-1693.61071014	
-5.6335984178	-1693.61051305	
-5.63478960317	-1693.61031633	
-5.6359793713	-1693.61011999	
-5.63716772557	-1693.60992401	
-5.63835466933	-1693.60972841	
-5.63954020593	-1693.60953317	
-5.64072433869	-1693.60933831	
-5.64190707094	-1693.6091438	
-5.64308840598	-1693.60894967	
-5.64426834712	-1693.6087559	
-5.64544689764	-1693.60856249	
-5.64662406082	-1693.60836945	
-5.64779983991	-1693.60817676	
-5.64897423816	-1693.60798444	
-5.65014725882	-1693.60779248	
-5.65131890512	-1693.60760087	
-5.65248918027	-1693.60740963	
-5.65365808747	-1693.60721874	
-5.65482562993	-1693.6070282	
-5.65599181082	-1693.60683802	
-5.65715663332	-1693.6066482	
-5.65832010058	-1693.60645872	
-5.65948221576	-1693.6062696	
-5.660642982	-1693.60608083	
-5.66180240242	-1693.60589241	
-5.66296048014	-1693.60570434	
-5.66411721826	-1693.60551661	
-5.66527261989	-1693.60532924	
-5.66642668811	-1693.60514221	
-5.66757942599	-1693.60495552	
-5.6687308366	-1693.60476918	
-5.66988092298	-1693.60458318	
-5.67102968818	-1693.60439752	
-5.67217713524	-1693.60421221	
-5.67332326717	-1693.60402723	
-5.67446808699	-1693.6038426	
-5.67561159769	-1693.6036583	
-5.67675380227	-1693.60347434	
-5.6778947037	-1693.60329072	
-5.67903430497	-1693.60310743	
-5.68017260902	-1693.60292448	
-5.6813096188	-1693.60274187	
-5.68244533727	-1693.60255958	
-5.68357976734	-1693.60237763	
-5.68471291194	-1693.60219601	
-5.68584477397	-1693.60201472	
-5.68697535634	-1693.60183376	
-5.68810466194	-1693.60165313	
-5.68923269364	-1693.60147282	
-5.69035945432	-1693.60129284	
-5.69148494685	-1693.60111319	
-5.69260917406	-1693.60093387	
-5.6937321388	-1693.60075486	
-5.69485384391	-1693.60057618	
-5.69597429221	-1693.60039783	
-5.69709348651	-1693.60021979	
-5.69821142961	-1693.60004208	
-5.69932812431	-1693.59986469	
-5.70044357339	-1693.59968761	
-5.70155777963	-1693.59951085	
-5.7026707458	-1693.59933442	
-5.70378247466	-1693.59915829	
-5.70489296894	-1693.59898249	
-5.70600223139	-1693.59880699	
-5.70711026475	-1693.59863182	
-5.70821707172	-1693.59845695	
-5.70932265503	-1693.5982824	
-5.71042701737	-1693.59810816	
-5.71153016145	-1693.59793423	
-5.71263208993	-1693.59776061	
-5.71373280551	-1693.5975873	
-5.71483231084	-1693.59741429	
-5.71593060859	-1693.5972416	
-5.71702770141	-1693.59706921	
-5.71812359193	-1693.59689713	
-5.71921828279	-1693.59672535	
-5.72031177661	-1693.59655388	
-5.72140407601	-1693.59638271	
-5.72249518359	-1693.59621184	
-5.72358510195	-1693.59604127	
-5.72467383369	-1693.59587101	
-5.72576138137	-1693.59570105	
-5.72684774759	-1693.59553138	
-5.72793293489	-1693.59536202	
-5.72901694583	-1693.59519295	
-5.73009978297	-1693.59502418	
-5.73118144884	-1693.5948557	
-5.73226194598	-1693.59468752	
-5.7333412769	-1693.59451964	
-5.73441944412	-1693.59435205	
-5.73549645015	-1693.59418475	
-5.73657229748	-1693.59401775	
-5.73764698861	-1693.59385104	
-5.73872052602	-1693.59368462	
-5.73979291218	-1693.59351849	
-5.74086414956	-1693.59335264	
-5.74193424062	-1693.59318709	
-5.74300318781	-1693.59302183	
-5.74407099357	-1693.59285685	
-5.74513766034	-1693.59269216	
-5.74620319054	-1693.59252776	
-5.7472675866	-1693.59236364	
-5.74833085092	-1693.5921998	
-5.74939298591	-1693.59203625	
-5.75045399397	-1693.59187298	
-5.75151387748	-1693.59171	
-5.75257263883	-1693.59154729	
-5.75363028038	-1693.59138487	
-5.75468680452	-1693.59122272	
-5.75574221359	-1693.59106086	
-5.75679650994	-1693.59089927	
-5.75784969593	-1693.59073796	
-5.75890177388	-1693.59057693	
-5.75995274612	-1693.59041618	
-5.76100261499	-1693.5902557	
-5.76205138278	-1693.5900955	
-5.76309905181	-1693.58993557	
-5.76414562438	-1693.58977591	
-5.76519110278	-1693.58961653	
-5.7662354893	-1693.58945742	
-5.76727878622	-1693.58929858	
-5.76832099579	-1693.58914001	
-5.7693621203	-1693.58898171	
-5.770402162	-1693.58882369	
-5.77144112313	-1693.58866593	
-5.77247900594	-1693.58850844	
-5.77351581267	-1693.58835121	
-5.77455154554	-1693.58819426	
-5.77558620679	-1693.58803756	
-5.77661979861	-1693.58788114	
-5.77765232322	-1693.58772498	
-5.77868378283	-1693.58756908	
-5.77971417962	-1693.58741345	
-5.78074351579	-1693.58725808	
-5.78177179352	-1693.58710297	
-5.78279901497	-1693.58694813	
-5.78382518233	-1693.58679354	
-5.78485029774	-1693.58663922	
-5.78587436337	-1693.58648515	
-5.78689738137	-1693.58633135	
-5.78791935386	-1693.5861778	
-5.788940283	-1693.58602451	
-5.7899601709	-1693.58587147	
-5.79097901969	-1693.5857187	
-5.79199683148	-1693.58556618	
-5.79301360838	-1693.58541391	
-5.7940293525	-1693.5852619	
-5.79504406593	-1693.58511014	
-5.79605775077	-1693.58495864	
-5.79707040908	-1693.58480738	
-5.79808204295	-1693.58465638	
-5.79909265446	-1693.58450563	
-5.80010224566	-1693.58435514	
-5.80111081862	-1693.58420489	
-5.80211837538	-1693.58405489	
-5.80312491799	-1693.58390514	
-5.80413044849	-1693.58375564	
-5.80513496892	-1693.58360638	
-5.80613848129	-1693.58345738	
-5.80714098764	-1693.58330862	
-5.80814248998	-1693.5831601	
-5.80914299031	-1693.58301183	
