#Site	lnL	
0	-9.21508978955
1	-4.79948131099
2	-10.9855307023
3	-4.68080272319
4	-15.5560831748
5	-9.68779450985
6	-9.07584616445
7	-5.53524971608
8	-15.2794397258
9	-11.2054767497
10	-8.2329035612
11	-6.53392504266
12	-8.912544612
13	-17.1159062972
14	-4.79948131099
15	-12.1462281356
16	-6.03908034175
17	-4.03620695122
18	-11.3213895304
19	-9.46288353859
20	-8.67091391872
21	-14.9450468068
22	-5.18276626317
23	-12.6483746421
24	-11.7928938511
25	-16.1433697988
26	-5.11971770773
27	-4.79948131099
28	-4.44899930269
29	-18.8191371763
30	-7.78387021149
31	-8.69044591234
32	-8.47362303769
33	-10.5907636659
34	-5.01659763418
35	-13.1112137799
36	-6.1127573992
37	-9.27337768852
38	-5.61251572884
39	-10.9692299685
40	-8.68513603229
41	-8.26455216534
42	-7.830670507
43	-22.4751001755
44	-7.72811314964
45	-9.59432357273
46	-16.4938546796
47	-10.2742392787
48	-7.08208982201
49	-7.72603173515
50	-8.75713087121
51	-9.50390213754
52	-8.65450954456
53	-16.6362166359
54	-22.0188319326
55	-12.2987604448
56	-10.0107567828
57	-12.6471972819
58	-10.9625043409
59	-14.2358997786
60	-13.2966285007
61	-16.6269187143
62	-9.57000011432
63	-8.45478218023
64	-9.43850788775
65	-14.4905359081
66	-10.0610554928
67	-12.5863090878
68	-8.76399270472
69	-5.69638449016
70	-9.42010724064
71	-10.299705265
72	-8.51814359199
73	-8.38344542005
74	-6.09213233531
75	-13.4347344565
76	-7.72603173515
77	-11.6137717406
78	-12.9765716699
79	-5.1985883627
80	-11.1782330568
81	-7.7377281195
82	-14.8145146384
83	-7.16355897906
84	-10.4298302517
85	-14.7079555163
86	-10.3431648837
87	-10.8327044148
88	-4.88381097711
89	-10.059008028
90	-5.53524971608
91	-9.02441026132
92	-15.980232391
93	-11.0665838976
94	-9.67560159264
95	-7.78387021149
96	-4.03620695122
97	-5.51778429664
98	-13.049089713
99	-17.753270324
100	-5.84249705683
101	-16.7003540136
102	-6.13527311132
103	-11.4194468878
104	-10.9380879024
105	-7.45927339007
106	-10.120322209
107	-4.68080272319
108	-15.2805665076
109	-16.1383926211
110	-11.5226253351
111	-9.54231045986
112	-17.1264919528
113	-16.5078470626
114	-9.31651960532
115	-9.46288349463
116	-13.6928512404
117	-18.4429425328
118	-7.16030348889
119	-15.6755332864
120	-7.29192928185
121	-8.29436855618
122	-12.7324908799
123	-9.40066526401
124	-18.7863989814
125	-5.605405916
126	-5.18276624197
127	-7.91410275744
128	-9.97442528827
129	-5.66815921504
130	-15.4772229724
131	-8.56888742671
132	-7.29192928185
133	-12.115119696
134	-8.12388531058
135	-15.6107780751
136	-16.2499316936
137	-7.27963857673
138	-12.5248397766
139	-12.2206221007
140	-11.8287765632
141	-11.4284244291
142	-9.69514333013
143	-10.598422453
144	-6.54112136729
145	-11.4608431972
146	-13.6106647061
147	-11.2940777499
148	-15.1836802707
149	-16.8822558739
150	-9.07327792504
151	-8.24875933758
152	-13.351288274
153	-8.57247180852
154	-10.6396528913
155	-13.956947634
156	-8.64271646479
157	-25.2592302038
158	-13.5994641762
159	-8.13420003145
160	-7.60276925387
161	-11.9034620972
162	-7.16355897906
