-7.119058328052503271e-01
-5.125387947461340632e-01
-9.176148426270751557e-01
3.356016709484844096e+00
-1.303345381297439931e-01
2.638526100358306259e+00
-2.405270388703590889e-01
-3.473391659133946874e+00
-3.926551604866570511e+00
-1.381546092524194513e+01
-4.135084233137189536e+00
-4.486578845385772674e+00
-6.667984711161864197e+00
-6.905352444831382108e+00
-6.719975102905897835e+00
-5.196254836213689110e+00
-6.389652616731338775e+00
-5.457299540364747514e+00
-6.345540504479226129e+00
-7.235953362634932162e+00
