# log_p 	 lnL 	 
0.0	-1692.8310545	
-0.287682072452	-1692.79784587	
-0.510825623766	-1692.77233146	
-0.69314718056	-1692.7540053	
-0.847297860387	-1692.74121304	
-0.980829253012	-1692.73219105	
-1.09861228867	-1692.72566579	
-1.20397280433	-1692.72082612	
-1.29928298413	-1692.71717208	
-1.38629436112	-1692.71439238	
-1.46633706879	-1692.71228727	
-1.54044504095	-1692.71072388	
-1.60943791243	-1692.70961094	
-1.67397643357	-1692.70888427	
-1.73460105539	-1692.70849801	
-1.79175946923	-1692.70841895	
-1.8458266905	-1692.70862263	
-1.89711998489	-1692.70909051	
-1.94591014906	-1692.70980789	
-1.99243016469	-1692.71076243	
-2.03688192726	-1692.71194303	
-2.07944154168	-1692.71333912	
-2.1202635362	-1692.71494018	
-2.15948424935	-1692.71673549	
-2.19722457734	-1692.71871403	
-2.23359222151	-1692.72086446	
-2.26868354132	-1692.72317517	
-2.30258509299	-1692.72563442	
-2.33537491582	-1692.72823045	
-2.36712361413	-1692.73095159	
-2.3978952728	-1692.73378638	
-2.42774823595	-1692.73672368	
-2.45673577282	-1692.73975277	
-2.48490664979	-1692.74286342	
-2.51230562398	-1692.7460459	
-2.53897387106	-1692.74929108	
-2.56494935746	-1692.75259044	
-2.59026716545	-1692.75593602	
-2.61495977804	-1692.7593205	
-2.63905732962	-1692.76273715	
-2.66258782703	-1692.76617982	
-2.68557734525	-1692.76964292	
-2.7080502011	-1692.77312137	
-2.73002910782	-1692.77661061	
-2.75153531304	-1692.78010657	
-2.77258872224	-1692.78360557	
-2.79320800944	-1692.78710438	
-2.81341071676	-1692.79060014	
-2.83321334406	-1692.79409031	
-2.85263142991	-1692.7975727	
-2.87167962488	-1692.80104537	
-2.8903717579	-1692.80450668	
-2.90872089656	-1692.80795519	
-2.92673940207	-1692.81138969	
-2.94443897917	-1692.81480916	
-2.96183072188	-1692.81821273	
-2.97892515524	-1692.82159971	
-2.99573227355	-1692.82496951	
-3.01226157551	-1692.82832168	
-3.02852209638	-1692.83165587	
-3.04452243772	-1692.83497182	
-3.06027079469	-1692.83826935	
-3.07577498123	-1692.84154832	
-3.09104245336	-1692.8448087	
-3.10608033072	-1692.84805047	
-3.12089541651	-1692.85127367	
-3.13549421593	-1692.85447837	
-3.14988295338	-1692.85766468	
-3.16406758837	-1692.86083272	
-3.17805383035	-1692.86398264	
-3.19184715248	-1692.8671146	
-3.20545280454	-1692.87022878	
-3.21887582487	-1692.87332537	
-3.23212105162	-1692.87640456	
-3.24519313319	-1692.87946654	
-3.25809653802	-1692.88251152	
-3.2708355638	-1692.8855397	
-3.28341434601	-1692.88855128	
-3.295836866	-1692.89154645	
-3.3081069586	-1692.89452542	
-3.32022831913	-1692.89748836	
-3.33220451018	-1692.90043548	
-3.34403896782	-1692.90336695	
-3.35573500759	-1692.90628294	
-3.36729582999	-1692.90918363	
-3.37872452581	-1692.91206919	
-3.39002408106	-1692.91493977	
-3.40119738166	-1692.91779552	
-3.41224721785	-1692.92063659	
-3.42317628838	-1692.92346312	
-3.43398720449	-1692.92627524	
-3.4446824936	-1692.92907309	
-3.45526460293	-1692.93185677	
-3.4657359028	-1692.93462642	
-3.47609868984	-1692.93738214	
-3.48635519	-1692.94012402	
-3.49650756147	-1692.94285218	
-3.50655789732	-1692.94556671	
-3.51650822817	-1692.9482677	
-3.52636052462	-1692.95095523	
-3.53611669956	-1692.95362938	
-3.54577861047	-1692.95629024	
-3.55534806149	-1692.95893787	
-3.56482680544	-1692.96157234	
-3.57421654579	-1692.96419372	
-3.58351893846	-1692.96680207	
-3.59273559356	-1692.96939745	
-3.60186807712	-1692.97197992	
-3.61091791264	-1692.97454953	
-3.61988658263	-1692.97710634	
-3.62877553004	-1692.97965039	
-3.63758615973	-1692.98218173	
-3.6463198397	-1692.9847004	
-3.65497790244	-1692.98720645	
-3.66356164613	-1692.98969992	
-3.6720723358	-1692.99218085	
-3.68051120444	-1692.99464928	
-3.68887945411	-1692.99710525	
-3.69717825693	-1692.99954879	
-3.70540875607	-1693.00197994	
-3.7135720667	-1693.00439873	
-3.72166927694	-1693.0068052	
-3.72970144863	-1693.00919937	
-3.73766961828	-1693.01158129	
-3.74557479779	-1693.01395099	
-3.75341797525	-1693.01630849	
-3.76120011569	-1693.01865383	
-3.76892216179	-1693.02098703	
-3.77658503453	-1693.02330814	
-3.78418963392	-1693.02561717	
-3.79173683955	-1693.02791416	
-3.79922751128	-1693.03019914	
-3.80666248977	-1693.03247215	
-3.81404259707	-1693.0347332	
-3.82136863716	-1693.03698233	
-3.82864139649	-1693.03921958	
-3.83586164446	-1693.04144496	
-3.84303013394	-1693.04365852	
-3.85014760171	-1693.04586028	
-3.85721476893	-1693.04805028	
-3.86423234159	-1693.05022855	
-3.87120101091	-1693.05239511	
-3.87812145375	-1693.05455001	
-3.88499433304	-1693.05669327	
-3.89182029811	-1693.05882492	
-3.8985999851	-1693.06094501	
-3.90533401728	-1693.06305355	
-3.91202300543	-1693.0651506	
-3.91866754815	-1693.06723617	
-3.92526823218	-1693.06931032	
-3.93182563272	-1693.07137306	
-3.93834031375	-1693.07342444	
-3.94481282825	-1693.07546449	
-3.95124371858	-1693.07749325	
-3.95763351668	-1693.07951075	
-3.96398274436	-1693.08151703	
-3.97029191355	-1693.08351214	
-3.97656152657	-1693.0854961	
-3.98279207632	-1693.08746896	
-3.98898404656	-1693.08943075	
-3.99513791214	-1693.09138151	
-4.00125413916	-1693.09332129	
-4.00733318523	-1693.09525011	
-4.01337549969	-1693.09716803	
-4.01938152375	-1693.09907508	
-4.02535169074	-1693.1009713	
-4.03128642625	-1693.10285674	
-4.03718614838	-1693.10473143	
-4.04305126783	-1693.10659541	
-4.04888218815	-1693.10844874	
-4.05467930583	-1693.11029145	
-4.06044301055	-1693.11212358	
-4.06617368526	-1693.11394517	
-4.07187170637	-1693.11575628	
-4.07753744391	-1693.11755694	
-4.08317126162	-1693.11934719	
-4.08877351717	-1693.12112709	
-4.09434456222	-1693.12289667	
-4.0998847426	-1693.12465598	
-4.10539439841	-1693.12640507	
-4.11087386417	-1693.12814397	
-4.11632346894	-1693.12987274	
-4.12174353641	-1693.13159142	
-4.12713438505	-1693.13330005	
-4.13249632819	-1693.13499868	
-4.13782967416	-1693.13668736	
-4.14313472639	-1693.13836613	
-4.14841178349	-1693.14003504	
-4.15366113938	-1693.14169413	
-4.15888308336	-1693.14334345	
-4.16407790024	-1693.14498306	
-4.1692458704	-1693.14661298	
-4.1743872699	-1693.14823328	
-4.17950237056	-1693.14984399	
-4.18459144007	-1693.15144517	
-4.18965474203	-1693.15303686	
-4.19469253606	-1693.15461911	
-4.19970507788	-1693.15619196	
-4.20469261939	-1693.15775547	
-4.20965540873	-1693.15930967	
-4.21459369037	-1693.16085463	
-4.21950770518	-1693.16239038	
-4.22439769047	-1693.16391697	
-4.22926388012	-1693.16543445	
-4.2341065046	-1693.16694286	
-4.23892579103	-1693.16844226	
-4.2437219633	-1693.1699327	
-4.24849524205	-1693.17141421	
-4.25324584481	-1693.17288685	
-4.257973986	-1693.17435066	
-4.26267987704	-1693.17580569	
-4.26736372635	-1693.17725199	
-4.27202573946	-1693.17868961	
-4.27666611902	-1693.18011858	
-4.28128506487	-1693.18153897	
-4.28588277412	-1693.18295082	
-4.29045944115	-1693.18435416	
-4.29501525768	-1693.18574906	
-4.29955041285	-1693.18713556	
-4.3040650932	-1693.1885137	
-4.30855948279	-1693.18988353	
-4.31303376319	-1693.1912451	
-4.31748811354	-1693.19259846	
-4.3219227106	-1693.19394364	
-4.32633772881	-1693.1952807	
-4.33073334029	-1693.19660969	
-4.33510971489	-1693.19793064	
-4.33946702026	-1693.19924361	
-4.34380542185	-1693.20054864	
-4.348125083	-1693.20184577	
-4.3524261649	-1693.20313506	
-4.35670882669	-1693.20441655	
-4.36097322548	-1693.20569028	
-4.36521951636	-1693.2069563	
-4.36944785247	-1693.20821465	
-4.373658385	-1693.20946539	
-4.37785126326	-1693.21070854	
-4.38202663467	-1693.21194416	
-4.38618464482	-1693.2131723	
-4.39032543749	-1693.21439299	
-4.39444915467	-1693.21560629	
-4.39855593663	-1693.21681223	
-4.40264592188	-1693.21801086	
-4.40671924726	-1693.21920222	
-4.41077604796	-1693.22038636	
-4.4148164575	-1693.22156331	
-4.4188406078	-1693.22273313	
-4.42284862919	-1693.22389586	
-4.42684065046	-1693.22505154	
-4.43081679884	-1693.22620021	
-4.43477720006	-1693.22734191	
-4.43872197835	-1693.22847669	
-4.44265125649	-1693.22960458	
-4.44656515581	-1693.23072564	
-4.45046379623	-1693.2318399	
-4.45434729625	-1693.23294741	
-4.45821577303	-1693.2340482	
-4.46206934235	-1693.23514232	
-4.46590811865	-1693.2362298	
-4.46973221509	-1693.23731069	
-4.47354174351	-1693.23838504	
-4.47733681448	-1693.23945287	
-4.48111753732	-1693.24051423	
-4.48488402011	-1693.24156917	
-4.48863636973	-1693.24261771	
-4.49237469184	-1693.2436599	
-4.49609909093	-1693.24469579	
-4.49980967033	-1693.2457254	
-4.50350653221	-1693.24674878	
-4.50718977763	-1693.24776596	
-4.51085950652	-1693.24877699	
-4.51451581772	-1693.24978191	
-4.518158809	-1693.25078075	
-4.52178857705	-1693.25177354	
-4.52540521752	-1693.25276034	
-4.52900882502	-1693.25374117	
-4.53259949315	-1693.25471608	
-4.5361773145	-1693.25568509	
-4.53974238067	-1693.25664826	
-4.54329478227	-1693.25760561	
-4.54683460898	-1693.25855718	
-4.55036194949	-1693.25950301	
-4.5538768916	-1693.26044313	
-4.55737952215	-1693.26137758	
-4.56086992709	-1693.2623064	
-4.56434819147	-1693.26322963	
-4.56781439944	-1693.26414729	
-4.57126863431	-1693.26505942	
-4.5747109785	-1693.26596606	
-4.5781415136	-1693.26686725	
-4.58156032035	-1693.26776301	
-4.58496747867	-1693.26865338	
-4.58836306767	-1693.2695384	
-4.59174716566	-1693.2704181	
-4.59511985013	-1693.27129252	
-4.59848119784	-1693.27216168	
-4.60183128472	-1693.27302563	
-4.60517018599	-1693.27388439	
-4.60849797608	-1693.274738	
-4.61181472871	-1693.27558649	
-4.61512051684	-1693.2764299	
-4.61841541274	-1693.27726825	
-4.62169948794	-1693.27810158	
-4.62497281328	-1693.27892992	
-4.62823545892	-1693.2797533	
-4.63148749431	-1693.28057176	
-4.63472898823	-1693.28138532	
-4.63796000881	-1693.28219402	
-4.64118062351	-1693.28299789	
-4.64439089914	-1693.28379696	
-4.64759090187	-1693.28459126	
-4.65078069724	-1693.28538083	
-4.65396035016	-1693.28616568	
-4.65712992492	-1693.28694585	
-4.66028948521	-1693.28772138	
-4.66343909411	-1693.28849229	
-4.66657881412	-1693.28925861	
-4.66970870713	-1693.29002037	
-4.67282883446	-1693.2907776	
-4.67593925688	-1693.29153032	
-4.67904003455	-1693.29227858	
-4.68213122712	-1693.29302239	
-4.68521289366	-1693.29376179	
-4.6882850927	-1693.29449681	
-4.69134788223	-1693.29522746	
-4.69440131972	-1693.29595378	
-4.6974454621	-1693.29667581	
-4.70048036579	-1693.29739355	
-4.70350608671	-1693.29810705	
-4.70652268025	-1693.29881633	
-4.70953020131	-1693.29952142	
-4.71252870431	-1693.30022234	
-4.71551824316	-1693.30091913	
-4.7184988713	-1693.3016118	
-4.72147064168	-1693.30230038	
-4.72443360681	-1693.3029849	
-4.72738781871	-1693.3036654	
-4.73033332894	-1693.30434188	
-4.73327018862	-1693.30501438	
-4.73619844839	-1693.30568292	
-4.7391181585	-1693.30634754	
-4.74202936871	-1693.30700825	
-4.74493212836	-1693.30766507	
-4.74782648639	-1693.30831804	
-4.75071249128	-1693.30896718	
-4.75359019111	-1693.30961252	
-4.75645963353	-1693.31025407	
-4.75932086582	-1693.31089186	
-4.7621739348	-1693.31152592	
-4.76501888693	-1693.31215628	
-4.76785576827	-1693.31278294	
-4.77068462447	-1693.31340594	
-4.77350550081	-1693.31402531	
-4.77631844218	-1693.31464105	
-4.77912349311	-1693.31525321	
-4.78192069773	-1693.3158618	
-4.78471009982	-1693.31646684	
-4.78749174278	-1693.31706835	
-4.79026566966	-1693.31766637	
-4.79303192316	-1693.3182609	
-4.7957905456	-1693.31885198	
-4.79854157897	-1693.31943963	
-4.80128506491	-1693.32002386	
-4.80402104473	-1693.3206047	
-4.80674955939	-1693.32118217	
-4.8094706495	-1693.3217563	
-4.81218435537	-1693.3223271	
-4.81489071697	-1693.32289459	
-4.81758977394	-1693.3234588	
-4.82028156561	-1693.32401974	
-4.82296613098	-1693.32457745	
-4.82564350875	-1693.32513193	
-4.8283137373	-1693.32568321	
-4.83097685472	-1693.32623131	
-4.83363289878	-1693.32677625	
-4.83628190695	-1693.32731805	
-4.83892391641	-1693.32785673	
-4.84155896405	-1693.32839231	
-4.84418708646	-1693.32892481	
-4.84680831994	-1693.32945425	
-4.84942270051	-1693.32998064	
-4.85203026392	-1693.33050401	
-4.85463104562	-1693.33102438	
-4.8572250808	-1693.33154177	
-4.85981240436	-1693.33205619	
-4.86239305096	-1693.33256766	
-4.86496705495	-1693.3330762	
-4.86753445046	-1693.33358184	
-4.87009527132	-1693.33408458	
-4.87264955112	-1693.33458445	
-4.8751973232	-1693.33508147	
-4.87773862063	-1693.33557565	
-4.88027347623	-1693.33606701	
-4.88280192259	-1693.33655557	
-4.88532399202	-1693.33704135	
-4.88783971662	-1693.33752436	
-4.89034912822	-1693.33800462	
-4.89285225844	-1693.33848216	
-4.89534913864	-1693.33895697	
-4.89783979995	-1693.3394291	
-4.90032427328	-1693.33989854	
-4.90280258929	-1693.34036532	
-4.90527477844	-1693.34082945	
-4.90774087093	-1693.34129095	
-4.91020089677	-1693.34174984	
-4.91265488574	-1693.34220614	
-4.91510286737	-1693.34265985	
-4.91754487103	-1693.343111	
-4.91998092583	-1693.3435596	
-4.92241106068	-1693.34400567	
-4.92483530429	-1693.34444922	
-4.92725368516	-1693.34489027	
-4.92966623156	-1693.34532883	
-4.93207297159	-1693.34576493	
-4.93447393313	-1693.34619857	
-4.93686914386	-1693.34662978	
-4.93925863125	-1693.34705856	
-4.94164242261	-1693.34748493	
-4.94402054501	-1693.3479089	
-4.94639302537	-1693.3483305	
-4.94875989038	-1693.34874974	
-4.95112116656	-1693.34916662	
-4.95347688026	-1693.34958117	
-4.9558270576	-1693.34999341	
-4.95817172456	-1693.35040333	
-4.96051090691	-1693.35081097	
-4.96284463026	-1693.35121632	
-4.96517292002	-1693.35161942	
-4.96749580144	-1693.35202026	
-4.96981329958	-1693.35241887	
-4.97212543933	-1693.35281526	
-4.97443224543	-1693.35320944	
-4.97673374242	-1693.35360142	
-4.97902995468	-1693.35399123	
-4.98132090643	-1693.35437887	
-4.98360662171	-1693.35476435	
-4.98588712441	-1693.35514769	
-4.98816243824	-1693.35552891	
-4.99043258678	-1693.35590801	
-4.99269759341	-1693.35628502	
-4.99495748138	-1693.35665993	
-4.99721227376	-1693.35703277	
-4.9994619935	-1693.35740354	
-5.00170666335	-1693.35777227	
-5.00394630595	-1693.35813895	
-5.00618094375	-1693.35850361	
-5.00841059907	-1693.35886626	
-5.0106352941	-1693.35922691	
-5.01285505083	-1693.35958557	
-5.01506989116	-1693.35994226	
-5.01727983681	-1693.36029698	
-5.01948490937	-1693.36064975	
-5.02168513028	-1693.36100057	
-5.02388052085	-1693.36134947	
-5.02607110223	-1693.36169646	
-5.02825689545	-1693.36204154	
-5.03043792139	-1693.36238472	
-5.03261420082	-1693.36272603	
-5.03478575433	-1693.36306546	
-5.03695260241	-1693.36340303	
-5.03911476542	-1693.36373876	
-5.04127226356	-1693.36407265	
-5.04342511692	-1693.36440471	
-5.04557334546	-1693.36473496	
-5.047716969	-1693.36506341	
-5.04985600725	-1693.36539006	
-5.05199047978	-1693.36571493	
-5.05412040604	-1693.36603803	
-5.05624580535	-1693.36635937	
-5.05836669692	-1693.36667896	
-5.06048309982	-1693.36699681	
-5.06259503303	-1693.36731294	
-5.06470251537	-1693.36762734	
-5.06680556556	-1693.36794003	
-5.06890420222	-1693.36825103	
-5.07099844382	-1693.36856034	
-5.07308830874	-1693.36886798	
-5.07517381523	-1693.36917394	
-5.07725498144	-1693.36947825	
-5.07933182538	-1693.36978091	
-5.08140436498	-1693.37008193	
-5.08347261805	-1693.37038133	
-5.08553660227	-1693.3706791	
-5.08759633523	-1693.37097527	
-5.08965183441	-1693.37126984	
-5.09170311719	-1693.37156282	
-5.09375020081	-1693.37185422	
-5.09579310244	-1693.37214405	
-5.09783183913	-1693.37243232	
-5.09986642782	-1693.37271903	
-5.10189688537	-1693.3730042	
-5.10392322852	-1693.37328784	
-5.1059454739	-1693.37356996	
-5.10796363806	-1693.37385056	
-5.10997773743	-1693.37412965	
-5.11198778836	-1693.37440724	
-5.11399380708	-1693.37468335	
-5.11599580975	-1693.37495798	
-5.11799381242	-1693.37523113	
-5.11998783102	-1693.37550282	
-5.12197788143	-1693.37577306	
-5.1239639794	-1693.37604185	
-5.12594614061	-1693.37630921	
-5.12792438062	-1693.37657514	
-5.12989871492	-1693.37683964	
-5.13186915891	-1693.37710274	
-5.13383572788	-1693.37736443	
-5.13579843705	-1693.37762473	
-5.13775730154	-1693.37788364	
-5.13971233637	-1693.37814117	
-5.1416635565	-1693.37839733	
-5.14361097679	-1693.37865213	
-5.145554612	-1693.37890557	
-5.14749447681	-1693.37915766	
-5.14943058584	-1693.37940842	
-5.15136295359	-1693.37965784	
-5.1532915945	-1693.37990595	
-5.15521652291	-1693.38015273	
-5.15713775309	-1693.38039821	
-5.15905529921	-1693.38064238	
-5.1609691754	-1693.38088527	
-5.16287939565	-1693.38112687	
-5.16478597392	-1693.38136719	
-5.16668892407	-1693.38160623	
-5.16858825987	-1693.38184402	
-5.17048399504	-1693.38208055	
-5.17237614319	-1693.38231583	
-5.17426471788	-1693.38254987	
-5.17614973257	-1693.38278267	
-5.17803120067	-1693.38301425	
-5.1799091355	-1693.38324461	
-5.18178355029	-1693.38347375	
-5.18365445823	-1693.38370169	
-5.1855218724	-1693.38392843	
-5.18738580584	-1693.38415398	
-5.18924627149	-1693.38437834	
-5.19110328224	-1693.38460152	
-5.19295685089	-1693.38482353	
-5.19480699018	-1693.38504437	
-5.19665371277	-1693.38526406	
-5.19849703127	-1693.3854826	
-5.20033695819	-1693.38569998	
-5.202173506	-1693.38591624	
-5.20400668708	-1693.38613135	
-5.20583651375	-1693.38634535	
-5.20766299828	-1693.38655822	
-5.20948615284	-1693.38676998	
-5.21130598956	-1693.38698063	
-5.21312252048	-1693.38719018	
-5.21493575761	-1693.38739864	
-5.21674571285	-1693.38760601	
-5.21855239808	-1693.3878123	
-5.22035582508	-1693.38801751	
-5.22215600558	-1693.38822166	
-5.22395295126	-1693.38842474	
-5.22574667371	-1693.38862676	
-5.22753718449	-1693.38882773	
-5.22932449506	-1693.38902765	
-5.23110861685	-1693.38922654	
-5.23288956123	-1693.38942439	
-5.23466733947	-1693.38962122	
-5.23644196283	-1693.38981702	
-5.23821344248	-1693.3900118	
-5.23998178954	-1693.39020558	
-5.24174701506	-1693.39039835	
-5.24350913005	-1693.39059012	
-5.24526814546	-1693.39078089	
-5.24702407216	-1693.39097068	
-5.24877692099	-1693.39115949	
-5.25052670271	-1693.39134732	
-5.25227342805	-1693.39153417	
-5.25401710765	-1693.39172006	
-5.25575775213	-1693.39190499	
-5.25749537203	-1693.39208897	
-5.25922997784	-1693.39227199	
-5.26096158	-1693.39245407	
-5.2626901889	-1693.39263521	
-5.26441581487	-1693.39281542	
-5.26613846818	-1693.39299469	
-5.26785815906	-1693.39317304	
-5.26957489768	-1693.39335048	
-5.27128869416	-1693.393527	
-5.27299955856	-1693.39370261	
-5.27470750091	-1693.39387731	
-5.27641253116	-1693.39405112	
-5.27811465923	-1693.39422404	
-5.27981389498	-1693.39439606	
-5.28151024823	-1693.3945672	
-5.28320372874	-1693.39473747	
-5.28489434622	-1693.39490686	
-5.28658211033	-1693.39507538	
-5.28826703069	-1693.39524303	
-5.28994911688	-1693.39540983	
-5.2916283784	-1693.39557577	
-5.29330482472	-1693.39574086	
-5.29497846528	-1693.3959051	
-5.29664930945	-1693.39606851	
-5.29831736655	-1693.39623107	
-5.29998264587	-1693.39639281	
-5.30164515664	-1693.39655372	
-5.30330490806	-1693.3967138	
-5.30496190927	-1693.39687307	
-5.30661616936	-1693.39703152	
-5.3082676974	-1693.39718917	
-5.30991650239	-1693.39734601	
-5.3115625933	-1693.39750205	
-5.31320597904	-1693.39765729	
-5.3148466685	-1693.39781174	
-5.3164846705	-1693.3979654	
-5.31811999384	-1693.39811828	
-5.31975264727	-1693.39827038	
-5.32138263948	-1693.39842171	
-5.32300997914	-1693.39857227	
-5.32463467487	-1693.39872206	
-5.32625673524	-1693.39887108	
-5.32787616879	-1693.39901935	
-5.32949298402	-1693.39916687	
-5.33110718937	-1693.39931363	
-5.33271879327	-1693.39945965	
-5.33432780407	-1693.39960493	
-5.33593423012	-1693.39974947	
-5.3375380797	-1693.39989328	
-5.33913936107	-1693.40003635	
-5.34073808243	-1693.4001787	
-5.34233425196	-1693.40032033	
-5.3439278778	-1693.40046124	
-5.34551896803	-1693.40060144	
-5.34710753072	-1693.40074093	
-5.34869357387	-1693.4008797	
-5.35027710548	-1693.40101778	
-5.35185813348	-1693.40115516	
-5.35343666577	-1693.40129184	
-5.35501271022	-1693.40142783	
-5.35658627467	-1693.40156313	
-5.3581573669	-1693.40169775	
-5.35972599468	-1693.40183168	
-5.36129216571	-1693.40196494	
-5.36285588769	-1693.40209753	
-5.36441716825	-1693.40222945	
-5.36597601502	-1693.4023607	
-5.36753243557	-1693.40249129	
-5.36908643744	-1693.40262122	
-5.37063802813	-1693.40275049	
-5.37218721511	-1693.40287911	
-5.37373400583	-1693.40300708	
-5.37527840768	-1693.40313441	
-5.37682042804	-1693.40326109	
-5.37836007422	-1693.40338714	
-5.37989735354	-1693.40351255	
-5.38143227326	-1693.40363733	
-5.38296484061	-1693.40376148	
-5.38449506279	-1693.40388501	
-5.38602294697	-1693.40400791	
-5.38754850028	-1693.4041302	
-5.38907172982	-1693.40425187	
-5.39059264266	-1693.40437293	
-5.39211124583	-1693.40449338	
-5.39362754635	-1693.40461322	
-5.39514155118	-1693.40473246	
-5.39665326727	-1693.4048511	
-5.39816270152	-1693.40496915	
-5.39966986081	-1693.4050866	
-5.40117475199	-1693.40520347	
-5.40267738187	-1693.40531974	
-5.40417775725	-1693.40543543	
-5.40567588487	-1693.40555055	
-5.40717177146	-1693.40566508	
-5.40866542372	-1693.40577904	
-5.4101568483	-1693.40589243	
-5.41164605186	-1693.40600525	
-5.41313304098	-1693.4061175	
-5.41461782224	-1693.40622919	
-5.4161004022	-1693.40634032	
-5.41758078737	-1693.40645089	
-5.41905898424	-1693.40656091	
-5.42053499927	-1693.40667038	
-5.42200883889	-1693.4067793	
-5.4234805095	-1693.40688768	
-5.42495001748	-1693.40699551	
-5.42641736918	-1693.4071028	
-5.4278825709	-1693.40720956	
-5.42934562895	-1693.40731578	
-5.43080654959	-1693.40742147	
-5.43226533906	-1693.40752663	
-5.43372200355	-1693.40763126	
-5.43517654927	-1693.40773537	
-5.43662898235	-1693.40783896	
-5.43807930892	-1693.40794203	
-5.4395275351	-1693.40804459	
-5.44097366695	-1693.40814663	
-5.44241771052	-1693.40824817	
-5.44385967184	-1693.4083492	
-5.4452995569	-1693.40844972	
-5.44673737167	-1693.40854974	
-5.44817312209	-1693.40864926	
-5.44960681409	-1693.40874828	
-5.45103845357	-1693.40884681	
-5.45246804638	-1693.40894485	
-5.45389559837	-1693.40904239	
-5.45532111536	-1693.40913945	
-5.45674460314	-1693.40923603	
-5.45816606749	-1693.40933212	
-5.45958551414	-1693.40942773	
-5.46100294883	-1693.40952287	
-5.46241837723	-1693.40961753	
-5.46383180503	-1693.40971172	
-5.46524323786	-1693.40980544	
-5.46665268137	-1693.40989869	
-5.46806014114	-1693.40999148	
-5.46946562274	-1693.4100838	
-5.47086913175	-1693.41017567	
-5.47227067367	-1693.41026707	
-5.47367025403	-1693.41035802	
-5.47506787829	-1693.41044852	
-5.47646355193	-1693.41053856	
-5.47785728038	-1693.41062816	
-5.47924906905	-1693.4107173	
-5.48063892334	-1693.41080601	
-5.48202684862	-1693.41089427	
-5.48341285022	-1693.41098209	
-5.48479693349	-1693.41106948	
-5.48617910372	-1693.41115643	
-5.48755936619	-1693.41124294	
-5.48893772616	-1693.41132903	
-5.49031418887	-1693.41141468	
-5.49168875953	-1693.41149991	
-5.49306144334	-1693.41158471	
-5.49443224547	-1693.4116691	
-5.49580117108	-1693.41175306	
-5.49716822529	-1693.4118366	
-5.49853341322	-1693.41191972	
-5.49989673995	-1693.41200244	
-5.50125821054	-1693.41208474	
-5.50261783006	-1693.41216663	
-5.50397560352	-1693.41224811	
-5.50533153593	-1693.41232918	
-5.50668563228	-1693.41240985	
-5.50803789753	-1693.41249012	
-5.50938833663	-1693.41256999	
-5.5107369545	-1693.41264946	
-5.51208375605	-1693.41272854	
-5.51342874616	-1693.41280722	
-5.51477192971	-1693.41288551	
-5.51611331154	-1693.41296341	
-5.51745289646	-1693.41304092	
-5.51879068931	-1693.41311804	
-5.52012669485	-1693.41319478	
-5.52146091786	-1693.41327114	
-5.5227933631	-1693.41334712	
-5.52412403528	-1693.41342272	
-5.52545293913	-1693.41349794	
-5.52678007934	-1693.41357279	
-5.52810546058	-1693.41364726	
-5.52942908751	-1693.41372136	
-5.53075096477	-1693.41379509	
-5.53207109697	-1693.41386846	
-5.53338948873	-1693.41394146	
-5.53470614461	-1693.41401409	
-5.53602106919	-1693.41408637	
-5.53733426702	-1693.41415828	
-5.53864574262	-1693.41422983	
-5.5399555005	-1693.41430103	
-5.54126354516	-1693.41437187	
-5.54256988107	-1693.41444236	
-5.5438745127	-1693.41451249	
-5.54517744448	-1693.41458228	
-5.54647868084	-1693.41465172	
-5.54777822618	-1693.41472081	
-5.5490760849	-1693.41478956	
-5.55037226136	-1693.41485796	
-5.55166675992	-1693.41492602	
-5.55295958492	-1693.41499374	
-5.55425074069	-1693.41506113	
-5.55554023152	-1693.41512817	
-5.5568280617	-1693.41519488	
-5.55811423551	-1693.41526126	
-5.5593987572	-1693.41532731	
-5.56068163102	-1693.41539303	
-5.56196286117	-1693.41545841	
-5.56324245188	-1693.41552348	
-5.56452040732	-1693.41558821	
-5.56579673168	-1693.41565262	
-5.56707142911	-1693.41571671	
-5.56834450376	-1693.41578048	
-5.56961595975	-1693.41584393	
-5.57088580119	-1693.41590707	
-5.57215403218	-1693.41596988	
-5.57342065679	-1693.41603238	
-5.5746856791	-1693.41609457	
-5.57594910315	-1693.41615645	
-5.57721093297	-1693.41621802	
-5.57847117258	-1693.41627928	
-5.57972982599	-1693.41634023	
-5.58098689718	-1693.41640088	
-5.58224239012	-1693.41646122	
-5.58349630878	-1693.41652126	
-5.5847486571	-1693.416581	
-5.585999439	-1693.41664044	
-5.5872486584	-1693.41669958	
-5.5884963192	-1693.41675842	
-5.58974242528	-1693.41681697	
-5.59098698051	-1693.41687523	
-5.59222998875	-1693.41693319	
-5.59347145384	-1693.41699086	
-5.5947113796	-1693.41704824	
-5.59594976985	-1693.41710534	
-5.59718662839	-1693.41716214	
-5.598421959	-1693.41721866	
-5.59965576545	-1693.4172749	
-5.60088805149	-1693.41733085	
-5.60211882088	-1693.41738652	
-5.60334807733	-1693.41744191	
-5.60457582457	-1693.41749702	
-5.6058020663	-1693.41755186	
-5.60702680619	-1693.41760642	
-5.60825004793	-1693.4176607	
-5.60947179518	-1693.41771471	
-5.61069205159	-1693.41776845	
-5.61191082078	-1693.41782191	
-5.61312810639	-1693.41787511	
-5.61434391201	-1693.41792804	
-5.61555824124	-1693.4179807	
-5.61677109767	-1693.41803309	
-5.61798248485	-1693.41808522	
-5.61919240636	-1693.41813709	
-5.62040086572	-1693.41818869	
-5.62160786647	-1693.41824003	
-5.62281341212	-1693.41829112	
-5.62401750619	-1693.41834194	
-5.62522015215	-1693.41839251	
-5.6264213535	-1693.41844282	
-5.62762111369	-1693.41849288	
-5.62881943618	-1693.41854268	
-5.63001632442	-1693.41859223	
-5.63121178182	-1693.41864153	
-5.63240581181	-1693.41869058	
-5.6335984178	-1693.41873938	
-5.63478960317	-1693.41878793	
-5.6359793713	-1693.41883623	
-5.63716772557	-1693.41888429	
-5.63835466933	-1693.41893211	
-5.63954020593	-1693.41897968	
-5.64072433869	-1693.41902701	
-5.64190707094	-1693.4190741	
-5.64308840598	-1693.41912095	
-5.64426834712	-1693.41916756	
-5.64544689764	-1693.41921393	
-5.64662406082	-1693.41926006	
-5.64779983991	-1693.41930597	
-5.64897423816	-1693.41935163	
-5.65014725882	-1693.41939706	
-5.65131890512	-1693.41944227	
-5.65248918027	-1693.41948724	
-5.65365808747	-1693.41953198	
-5.65482562993	-1693.41957649	
-5.65599181082	-1693.41962077	
-5.65715663332	-1693.41966483	
-5.65832010058	-1693.41970866	
-5.65948221576	-1693.41975226	
-5.660642982	-1693.41979565	
-5.66180240242	-1693.41983881	
-5.66296048014	-1693.41988174	
-5.66411721826	-1693.41992446	
-5.66527261989	-1693.41996696	
-5.66642668811	-1693.42000924	
-5.66757942599	-1693.4200513	
-5.6687308366	-1693.42009315	
-5.66988092298	-1693.42013478	
-5.67102968818	-1693.42017619	
-5.67217713524	-1693.42021739	
-5.67332326717	-1693.42025838	
-5.67446808699	-1693.42029916	
-5.67561159769	-1693.42033973	
-5.67675380227	-1693.42038009	
-5.6778947037	-1693.42042024	
-5.67903430497	-1693.42046018	
-5.68017260902	-1693.42049991	
-5.6813096188	-1693.42053944	
-5.68244533727	-1693.42057876	
-5.68357976734	-1693.42061788	
-5.68471291194	-1693.4206568	
-5.68584477397	-1693.42069551	
-5.68697535634	-1693.42073403	
-5.68810466194	-1693.42077234	
-5.68923269364	-1693.42081046	
-5.69035945432	-1693.42084837	
-5.69148494685	-1693.42088609	
-5.69260917406	-1693.42092361	
-5.6937321388	-1693.42096094	
-5.69485384391	-1693.42099807	
-5.69597429221	-1693.42103501	
-5.69709348651	-1693.42107175	
-5.69821142961	-1693.4211083	
-5.69932812431	-1693.42114466	
-5.70044357339	-1693.42118083	
-5.70155777963	-1693.42121681	
-5.7026707458	-1693.42125261	
-5.70378247466	-1693.42128821	
-5.70489296894	-1693.42132363	
-5.70600223139	-1693.42135886	
-5.70711026475	-1693.4213939	
-5.70821707172	-1693.42142877	
-5.70932265503	-1693.42146344	
-5.71042701737	-1693.42149794	
-5.71153016145	-1693.42153225	
-5.71263208993	-1693.42156638	
-5.71373280551	-1693.42160034	
-5.71483231084	-1693.42163411	
-5.71593060859	-1693.4216677	
-5.71702770141	-1693.42170112	
-5.71812359193	-1693.42173436	
-5.71921828279	-1693.42176742	
-5.72031177661	-1693.42180031	
-5.72140407601	-1693.42183302	
-5.72249518359	-1693.42186556	
-5.72358510195	-1693.42189792	
-5.72467383369	-1693.42193011	
-5.72576138137	-1693.42196214	
-5.72684774759	-1693.42199399	
-5.72793293489	-1693.42202567	
-5.72901694583	-1693.42205718	
-5.73009978297	-1693.42208852	
-5.73118144884	-1693.4221197	
-5.73226194598	-1693.4221507	
-5.7333412769	-1693.42218154	
-5.73441944412	-1693.42221222	
-5.73549645015	-1693.42224273	
-5.73657229748	-1693.42227308	
-5.73764698861	-1693.42230326	
-5.73872052602	-1693.42233329	
-5.73979291218	-1693.42236315	
-5.74086414956	-1693.42239284	
-5.74193424062	-1693.42242238	
-5.74300318781	-1693.42245176	
-5.74407099357	-1693.42248098	
-5.74513766034	-1693.42251004	
-5.74620319054	-1693.42253895	
-5.7472675866	-1693.42256769	
-5.74833085092	-1693.42259628	
-5.74939298591	-1693.42262472	
-5.75045399397	-1693.422653	
-5.75151387748	-1693.42268113	
-5.75257263883	-1693.4227091	
-5.75363028038	-1693.42273692	
-5.75468680452	-1693.42276459	
-5.75574221359	-1693.4227921	
-5.75679650994	-1693.42281947	
-5.75784969593	-1693.42284669	
-5.75890177388	-1693.42287375	
-5.75995274612	-1693.42290067	
-5.76100261499	-1693.42292744	
-5.76205138278	-1693.42295406	
-5.76309905181	-1693.42298054	
-5.76414562438	-1693.42300687	
-5.76519110278	-1693.42303306	
-5.7662354893	-1693.4230591	
-5.76727878622	-1693.42308499	
-5.76832099579	-1693.42311074	
-5.7693621203	-1693.42313635	
-5.770402162	-1693.42316182	
-5.77144112313	-1693.42318715	
-5.77247900594	-1693.42321233	
-5.77351581267	-1693.42323737	
-5.77455154554	-1693.42326228	
-5.77558620679	-1693.42328704	
-5.77661979861	-1693.42331167	
-5.77765232322	-1693.42333616	
-5.77868378283	-1693.42336051	
-5.77971417962	-1693.42338473	
-5.78074351579	-1693.4234088	
-5.78177179352	-1693.42343275	
-5.78279901497	-1693.42345656	
-5.78382518233	-1693.42348023	
-5.78485029774	-1693.42350377	
-5.78587436337	-1693.42352718	
-5.78689738137	-1693.42355045	
-5.78791935386	-1693.42357359	
-5.788940283	-1693.4235966	
-5.7899601709	-1693.42361948	
-5.79097901969	-1693.42364223	
-5.79199683148	-1693.42366485	
-5.79301360838	-1693.42368735	
-5.7940293525	-1693.42370971	
-5.79504406593	-1693.42373194	
-5.79605775077	-1693.42375405	
-5.79707040908	-1693.42377603	
-5.79808204295	-1693.42379788	
-5.79909265446	-1693.42381961	
-5.80010224566	-1693.42384122	
-5.80111081862	-1693.42386269	
-5.80211837538	-1693.42388405	
-5.80312491799	-1693.42390528	
-5.80413044849	-1693.42392639	
-5.80513496892	-1693.42394737	
-5.80613848129	-1693.42396823	
-5.80714098764	-1693.42398898	
-5.80814248998	-1693.4240096	
-5.80914299031	-1693.4240301	
