-8.016731091377093943e-01
-4.607756917392072382e-01
-8.489138764203744136e-01
2.991946130914149293e+00
-1.568454636952893999e+00
2.544051121966161677e+00
1.974019727262907864e-01
-3.070183210075786207e+00
-4.660588134978874919e+00
-4.830745488377690577e+00
-4.316836945170362760e+00
-5.014120967485310665e+00
-9.889314253253315812e+00
-5.990154859092537976e+00
-6.539774585027190668e+00
-4.862371309803745767e+00
-6.251311773193606314e+00
-4.563519481905927044e+00
-5.266099557149386712e+00
-6.474471479961121823e+00
