# log_p 	 lnL 	 
0.0	-1751.83575396	
-0.287682072452	-1751.80311141	
-0.510825623766	-1751.76626735	
-0.69314718056	-1751.72833478	
-0.847297860387	-1751.6918763	
-0.980829253012	-1751.65878195	
-1.09861228867	-1751.63016777	
-1.20397280433	-1751.60647952	
-1.29928298413	-1751.58768515	
-1.38629436112	-1751.57346163	
-1.46633706879	-1751.56333858	
-1.54044504095	-1751.55679464	
-1.60943791243	-1751.5533157	
-1.67397643357	-1751.5524262	
-1.73460105539	-1751.55370321	
-1.79175946923	-1751.55678002	
-1.8458266905	-1751.56134403	
-1.89711998489	-1751.56713183	
-1.94591014906	-1751.57392312	
-1.99243016469	-1751.58153455	
-2.03688192726	-1751.58981396	
-2.07944154168	-1751.59863524	
-2.1202635362	-1751.6078939	
-2.15948424935	-1751.61750328	
-2.19722457734	-1751.62739143	
-2.23359222151	-1751.63749853	
-2.26868354132	-1751.64777467	
-2.30258509299	-1751.65817819	
-2.33537491582	-1751.66867415	
-2.36712361413	-1751.67923325	
-2.3978952728	-1751.6898308	
-2.42774823595	-1751.70044597	
-2.45673577282	-1751.71106114	
-2.48490664979	-1751.72166139	
-2.51230562398	-1751.73223403	
-2.53897387106	-1751.74276831	
-2.56494935746	-1751.75325506	
-2.59026716545	-1751.76368647	
-2.61495977804	-1751.77405591	
-2.63905732962	-1751.78435771	
-2.66258782703	-1751.79458709	
-2.68557734525	-1751.80473997	
-2.7080502011	-1751.8148129	
-2.73002910782	-1751.82480299	
-2.75153531304	-1751.83470781	
-2.77258872224	-1751.84452534	
-2.79320800944	-1751.85425392	
-2.81341071676	-1751.86389221	
-2.83321334406	-1751.87343912	
-2.85263142991	-1751.88289383	
-2.87167962488	-1751.89225571	
-2.8903717579	-1751.90152432	
-2.90872089656	-1751.91069937	
-2.92673940207	-1751.91978074	
-2.94443897917	-1751.92876841	
-2.96183072188	-1751.9376625	
-2.97892515524	-1751.9464632	
-2.99573227355	-1751.95517079	
-3.01226157551	-1751.96378565	
-3.02852209638	-1751.97230821	
-3.04452243772	-1751.98073895	
-3.06027079469	-1751.98907843	
-3.07577498123	-1751.99732724	
-3.09104245336	-1752.005486	
-3.10608033072	-1752.01355538	
-3.12089541651	-1752.02153609	
-3.13549421593	-1752.02942885	
-3.14988295338	-1752.0372344	
-3.16406758837	-1752.04495352	
-3.17805383035	-1752.05258698	
-3.19184715248	-1752.0601356	
-3.20545280454	-1752.06760018	
-3.21887582487	-1752.07498154	
-3.23212105162	-1752.08228053	
-3.24519313319	-1752.08949797	
-3.25809653802	-1752.0966347	
-3.2708355638	-1752.10369158	
-3.28341434601	-1752.11066945	
-3.295836866	-1752.11756917	
-3.3081069586	-1752.12439157	
-3.32022831913	-1752.13113752	
-3.33220451018	-1752.13780786	
-3.34403896782	-1752.14440343	
-3.35573500759	-1752.15092508	
-3.36729582999	-1752.15737365	
-3.37872452581	-1752.16374997	
-3.39002408106	-1752.17005488	
-3.40119738166	-1752.1762892	
-3.41224721785	-1752.18245374	
-3.42317628838	-1752.18854933	
-3.43398720449	-1752.19457677	
-3.4446824936	-1752.20053687	
-3.45526460293	-1752.20643042	
-3.4657359028	-1752.21225821	
-3.47609868984	-1752.21802103	
-3.48635519	-1752.22371965	
-3.49650756147	-1752.22935483	
-3.50655789732	-1752.23492734	
-3.51650822817	-1752.24043793	
-3.52636052462	-1752.24588735	
-3.53611669956	-1752.25127634	
-3.54577861047	-1752.25660562	
-3.55534806149	-1752.26187593	
-3.56482680544	-1752.26708796	
-3.57421654579	-1752.27224244	
-3.58351893846	-1752.27734007	
-3.59273559356	-1752.28238152	
-3.60186807712	-1752.2873675	
-3.61091791264	-1752.29229867	
-3.61988658263	-1752.2971757	
-3.62877553004	-1752.30199926	
-3.63758615973	-1752.30677	
-3.6463198397	-1752.31148856	
-3.65497790244	-1752.31615558	
-3.66356164613	-1752.3207717	
-3.6720723358	-1752.32533753	
-3.68051120444	-1752.32985368	
-3.68887945411	-1752.33432078	
-3.69717825693	-1752.33873942	
-3.70540875607	-1752.34311018	
-3.7135720667	-1752.34743367	
-3.72166927694	-1752.35171045	
-3.72970144863	-1752.3559411	
-3.73766961828	-1752.36012618	
-3.74557479779	-1752.36426625	
-3.75341797525	-1752.36836186	
-3.76120011569	-1752.37241356	
-3.76892216179	-1752.37642187	
-3.77658503453	-1752.38038734	
-3.78418963392	-1752.38431047	
-3.79173683955	-1752.3881918	
-3.79922751128	-1752.39203183	
-3.80666248977	-1752.39583105	
-3.81404259707	-1752.39958998	
-3.82136863716	-1752.4033091	
-3.82864139649	-1752.4069889	
-3.83586164446	-1752.41062984	
-3.84303013394	-1752.41423242	
-3.85014760171	-1752.41779708	
-3.85721476893	-1752.42132429	
-3.86423234159	-1752.42481451	
-3.87120101091	-1752.42826819	
-3.87812145375	-1752.43168575	
-3.88499433304	-1752.43506765	
-3.89182029811	-1752.43841432	
-3.8985999851	-1752.44172617	
-3.90533401728	-1752.44500363	
-3.91202300543	-1752.44824711	
-3.91866754815	-1752.45145703	
-3.92526823218	-1752.45463378	
-3.93182563272	-1752.45777777	
-3.93834031375	-1752.46088938	
-3.94481282825	-1752.46396901	
-3.95124371858	-1752.46701704	
-3.95763351668	-1752.47003385	
-3.96398274436	-1752.4730198	
-3.97029191355	-1752.47597528	
-3.97656152657	-1752.47890063	
-3.98279207632	-1752.48179623	
-3.98898404656	-1752.48466242	
-3.99513791214	-1752.48749956	
-4.00125413916	-1752.49030799	
-4.00733318523	-1752.49308805	
-4.01337549969	-1752.49584007	
-4.01938152375	-1752.49856439	
-4.02535169074	-1752.50126134	
-4.03128642625	-1752.50393124	
-4.03718614838	-1752.5065744	
-4.04305126783	-1752.50919115	
-4.04888218815	-1752.51178179	
-4.05467930583	-1752.51434663	
-4.06044301055	-1752.51688597	
-4.06617368526	-1752.51940011	
-4.07187170637	-1752.52188935	
-4.07753744391	-1752.52435398	
-4.08317126162	-1752.52679427	
-4.08877351717	-1752.52921053	
-4.09434456222	-1752.53160302	
-4.0998847426	-1752.53397203	
-4.10539439841	-1752.53631782	
-4.11087386417	-1752.53864067	
-4.11632346894	-1752.54094084	
-4.12174353641	-1752.54321859	
-4.12713438505	-1752.54547418	
-4.13249632819	-1752.54770787	
-4.13782967416	-1752.54991991	
-4.14313472639	-1752.55211055	
-4.14841178349	-1752.55428003	
-4.15366113938	-1752.5564286	
-4.15888308336	-1752.55855649	
-4.16407790024	-1752.56066395	
-4.1692458704	-1752.5627512	
-4.1743872699	-1752.56481847	
-4.17950237056	-1752.566866	
-4.18459144007	-1752.56889401	
-4.18965474203	-1752.57090271	
-4.19469253606	-1752.57289233	
-4.19970507788	-1752.57486309	
-4.20469261939	-1752.57681519	
-4.20965540873	-1752.57874885	
-4.21459369037	-1752.58066428	
-4.21950770518	-1752.58256167	
-4.22439769047	-1752.58444124	
-4.22926388012	-1752.58630317	
-4.2341065046	-1752.58814768	
-4.23892579103	-1752.58997495	
-4.2437219633	-1752.59178518	
-4.24849524205	-1752.59357856	
-4.25324584481	-1752.59535527	
-4.257973986	-1752.5971155	
-4.26267987704	-1752.59885943	
-4.26736372635	-1752.60058724	
-4.27202573946	-1752.60229912	
-4.27666611902	-1752.60399523	
-4.28128506487	-1752.60567575	
-4.28588277412	-1752.60734086	
-4.29045944115	-1752.60899072	
-4.29501525768	-1752.6106255	
-4.29955041285	-1752.61224536	
-4.3040650932	-1752.61385047	
-4.30855948279	-1752.61544098	
-4.31303376319	-1752.61701707	
-4.31748811354	-1752.61857888	
-4.3219227106	-1752.62012657	
-4.32633772881	-1752.6216603	
-4.33073334029	-1752.62318021	
-4.33510971489	-1752.62468645	
-4.33946702026	-1752.62617917	
-4.34380542185	-1752.62765853	
-4.348125083	-1752.62912465	
-4.3524261649	-1752.63057769	
-4.35670882669	-1752.63201778	
-4.36097322548	-1752.63344507	
-4.36521951636	-1752.63485969	
-4.36944785247	-1752.63626177	
-4.373658385	-1752.63765145	
-4.37785126326	-1752.63902886	
-4.38202663467	-1752.64039413	
-4.38618464482	-1752.64174739	
-4.39032543749	-1752.64308877	
-4.39444915467	-1752.64441839	
-4.39855593663	-1752.64573638	
-4.40264592188	-1752.64704286	
-4.40671924726	-1752.64833796	
-4.41077604796	-1752.64962178	
-4.4148164575	-1752.65089445	
-4.4188406078	-1752.65215608	
-4.42284862919	-1752.6534068	
-4.42684065046	-1752.65464671	
-4.43081679884	-1752.65587594	
-4.43477720006	-1752.65709457	
-4.43872197835	-1752.65830274	
-4.44265125649	-1752.65950055	
-4.44656515581	-1752.6606881	
-4.45046379623	-1752.6618655	
-4.45434729625	-1752.66303286	
-4.45821577303	-1752.66419027	
-4.46206934235	-1752.66533785	
-4.46590811865	-1752.66647569	
-4.46973221509	-1752.66760389	
-4.47354174351	-1752.66872255	
-4.47733681448	-1752.66983177	
-4.48111753732	-1752.67093165	
-4.48488402011	-1752.67202227	
-4.48863636973	-1752.67310374	
-4.49237469184	-1752.67417615	
-4.49609909093	-1752.67523958	
-4.49980967033	-1752.67629414	
-4.50350653221	-1752.6773399	
-4.50718977763	-1752.67837696	
-4.51085950652	-1752.6794054	
-4.51451581772	-1752.68042532	
-4.518158809	-1752.6814368	
-4.52178857705	-1752.68243992	
-4.52540521752	-1752.68343476	
-4.52900882502	-1752.68442141	
-4.53259949315	-1752.68539995	
-4.5361773145	-1752.68637046	
-4.53974238067	-1752.68733302	
-4.54329478227	-1752.68828772	
-4.54683460898	-1752.68923461	
-4.55036194949	-1752.6901738	
-4.5538768916	-1752.69110534	
-4.55737952215	-1752.69202932	
-4.56086992709	-1752.69294581	
-4.56434819147	-1752.69385488	
-4.56781439944	-1752.69475661	
-4.57126863431	-1752.69565107	
-4.5747109785	-1752.69653832	
-4.5781415136	-1752.69741845	
-4.58156032035	-1752.69829151	
-4.58496747867	-1752.69915759	
-4.58836306767	-1752.70001673	
-4.59174716566	-1752.70086902	
-4.59511985013	-1752.70171452	
-4.59848119784	-1752.7025533	
-4.60183128472	-1752.70338541	
-4.60517018599	-1752.70421093	
-4.60849797608	-1752.70502991	
-4.61181472871	-1752.70584242	
-4.61512051684	-1752.70664853	
-4.61841541274	-1752.70744828	
-4.62169948794	-1752.70824176	
-4.62497281328	-1752.709029	
-4.62823545892	-1752.70981008	
-4.63148749431	-1752.71058505	
-4.63472898823	-1752.71135396	
-4.63796000881	-1752.71211689	
-4.64118062351	-1752.71287387	
-4.64439089914	-1752.71362498	
-4.64759090187	-1752.71437026	
-4.65078069724	-1752.71510977	
-4.65396035016	-1752.71584356	
-4.65712992492	-1752.71657169	
-4.66028948521	-1752.71729422	
-4.66343909411	-1752.71801118	
-4.66657881412	-1752.71872264	
-4.66970870713	-1752.71942864	
-4.67282883446	-1752.72012924	
-4.67593925688	-1752.72082449	
-4.67904003455	-1752.72151443	
-4.68213122712	-1752.72219912	
-4.68521289366	-1752.7228786	
-4.6882850927	-1752.72355293	
-4.69134788223	-1752.72422214	
-4.69440131972	-1752.72488629	
-4.6974454621	-1752.72554542	
-4.70048036579	-1752.72619959	
-4.70350608671	-1752.72684882	
-4.70652268025	-1752.72749318	
-4.70953020131	-1752.7281327	
-4.71252870431	-1752.72876743	
-4.71551824316	-1752.72939741	
-4.7184988713	-1752.73002268	
-4.72147064168	-1752.73064329	
-4.72443360681	-1752.73125928	
-4.72738781871	-1752.73187069	
-4.73033332894	-1752.73247757	
-4.73327018862	-1752.73307994	
-4.73619844839	-1752.73367787	
-4.7391181585	-1752.73427137	
-4.74202936871	-1752.7348605	
-4.74493212836	-1752.73544529	
-4.74782648639	-1752.73602578	
-4.75071249128	-1752.73660201	
-4.75359019111	-1752.73717402	
-4.75645963353	-1752.73774184	
-4.75932086582	-1752.73830552	
-4.7621739348	-1752.73886508	
-4.76501888693	-1752.73942057	
-4.76785576827	-1752.73997202	
-4.77068462447	-1752.74051947	
-4.77350550081	-1752.74106295	
-4.77631844218	-1752.74160249	
-4.77912349311	-1752.74213814	
-4.78192069773	-1752.74266992	
-4.78471009982	-1752.74319788	
-4.78749174278	-1752.74372203	
-4.79026566966	-1752.74424242	
-4.79303192316	-1752.74475908	
-4.7957905456	-1752.74527204	
-4.79854157897	-1752.74578134	
-4.80128506491	-1752.746287	
-4.80402104473	-1752.74678905	
-4.80674955939	-1752.74728753	
-4.8094706495	-1752.74778248	
-4.81218435537	-1752.74827391	
-4.81489071697	-1752.74876186	
-4.81758977394	-1752.74924635	
-4.82028156561	-1752.74972743	
-4.82296613098	-1752.75020511	
-4.82564350875	-1752.75067944	
-4.8283137373	-1752.75115042	
-4.83097685472	-1752.7516181	
-4.83363289878	-1752.75208251	
-4.83628190695	-1752.75254366	
-4.83892391641	-1752.75300159	
-4.84155896405	-1752.75345632	
-4.84418708646	-1752.75390789	
-4.84680831994	-1752.75435631	
-4.84942270051	-1752.75480162	
-4.85203026392	-1752.75524384	
-4.85463104562	-1752.755683	
-4.8572250808	-1752.75611912	
-4.85981240436	-1752.75655222	
-4.86239305096	-1752.75698234	
-4.86496705495	-1752.7574095	
-4.86753445046	-1752.75783372	
-4.87009527132	-1752.75825503	
-4.87264955112	-1752.75867345	
-4.8751973232	-1752.75908901	
-4.87773862063	-1752.75950172	
-4.88027347623	-1752.75991162	
-4.88280192259	-1752.76031873	
-4.88532399202	-1752.76072306	
-4.88783971662	-1752.76112464	
-4.89034912822	-1752.7615235	
-4.89285225844	-1752.76191966	
-4.89534913864	-1752.76231313	
-4.89783979995	-1752.76270394	
-4.90032427328	-1752.76309212	
-4.90280258929	-1752.76347768	
-4.90527477844	-1752.76386065	
-4.90774087093	-1752.76424104	
-4.91020089677	-1752.76461888	
-4.91265488574	-1752.76499419	
-4.91510286737	-1752.76536699	
-4.91754487103	-1752.7657373	
-4.91998092583	-1752.76610513	
-4.92241106068	-1752.76647052	
-4.92483530429	-1752.76683347	
-4.92725368516	-1752.76719401	
-4.92966623156	-1752.76755216	
-4.93207297159	-1752.76790793	
-4.93447393313	-1752.76826135	
-4.93686914386	-1752.76861244	
-4.93925863125	-1752.7689612	
-4.94164242261	-1752.76930767	
-4.94402054501	-1752.76965186	
-4.94639302537	-1752.76999379	
-4.94875989038	-1752.77033347	
-4.95112116656	-1752.77067093	
-4.95347688026	-1752.77100618	
-4.9558270576	-1752.77133923	
-4.95817172456	-1752.77167012	
-4.96051090691	-1752.77199884	
-4.96284463026	-1752.77232543	
-4.96517292002	-1752.77264989	
-4.96749580144	-1752.77297225	
-4.96981329958	-1752.77329251	
-4.97212543933	-1752.7736107	
-4.97443224543	-1752.77392684	
-4.97673374242	-1752.77424093	
-4.97902995468	-1752.774553	
-4.98132090643	-1752.77486305	
-4.98360662171	-1752.77517112	
-4.98588712441	-1752.7754772	
-4.98816243824	-1752.77578132	
-4.99043258678	-1752.77608349	
-4.99269759341	-1752.77638373	
-4.99495748138	-1752.77668205	
-4.99721227376	-1752.77697846	
-4.9994619935	-1752.77727299	
-5.00170666335	-1752.77756564	
-5.00394630595	-1752.77785643	
-5.00618094375	-1752.77814538	
-5.00841059907	-1752.77843249	
-5.0106352941	-1752.77871779	
-5.01285505083	-1752.77900128	
-5.01506989116	-1752.77928298	
-5.01727983681	-1752.7795629	
-5.01948490937	-1752.77984106	
-5.02168513028	-1752.78011747	
-5.02388052085	-1752.78039215	
-5.02607110223	-1752.7806651	
-5.02825689545	-1752.78093634	
-5.03043792139	-1752.78120588	
-5.03261420082	-1752.78147373	
-5.03478575433	-1752.78173992	
-5.03695260241	-1752.78200444	
-5.03911476542	-1752.78226732	
-5.04127226356	-1752.78252856	
-5.04342511692	-1752.78278817	
-5.04557334546	-1752.78304618	
-5.047716969	-1752.78330259	
-5.04985600725	-1752.78355741	
-5.05199047978	-1752.78381066	
-5.05412040604	-1752.78406234	
-5.05624580535	-1752.78431247	
-5.05836669692	-1752.78456106	
-5.06048309982	-1752.78480812	
-5.06259503303	-1752.78505366	
-5.06470251537	-1752.7852977	
-5.06680556556	-1752.78554024	
-5.06890420222	-1752.78578129	
-5.07099844382	-1752.78602087	
-5.07308830874	-1752.78625899	
-5.07517381523	-1752.78649566	
-5.07725498144	-1752.78673088	
-5.07933182538	-1752.78696468	
-5.08140436498	-1752.78719705	
-5.08347261805	-1752.78742801	
-5.08553660227	-1752.78765757	
-5.08759633523	-1752.78788574	
-5.08965183441	-1752.78811254	
-5.09170311719	-1752.78833796	
-5.09375020081	-1752.78856202	
-5.09579310244	-1752.78878473	
-5.09783183913	-1752.7890061	
-5.09986642782	-1752.78922614	
-5.10189688537	-1752.78944486	
-5.10392322852	-1752.78966227	
-5.1059454739	-1752.78987837	
-5.10796363806	-1752.79009318	
-5.10997773743	-1752.79030671	
-5.11198778836	-1752.79051896	
-5.11399380708	-1752.79072995	
-5.11599580975	-1752.79093967	
-5.11799381242	-1752.79114816	
-5.11998783102	-1752.7913554	
-5.12197788143	-1752.79156141	
-5.1239639794	-1752.7917662	
-5.12594614061	-1752.79196978	
-5.12792438062	-1752.79217215	
-5.12989871492	-1752.79237333	
-5.13186915891	-1752.79257332	
-5.13383572788	-1752.79277213	
-5.13579843705	-1752.79296978	
-5.13775730154	-1752.79316625	
-5.13971233637	-1752.79336158	
-5.1416635565	-1752.79355576	
-5.14361097679	-1752.79374879	
-5.145554612	-1752.7939407	
-5.14749447681	-1752.79413149	
-5.14943058584	-1752.79432116	
-5.15136295359	-1752.79450973	
-5.1532915945	-1752.79469719	
-5.15521652291	-1752.79488357	
-5.15713775309	-1752.79506886	
-5.15905529921	-1752.79525307	
-5.1609691754	-1752.79543621	
-5.16287939565	-1752.79561829	
-5.16478597392	-1752.79579932	
-5.16668892407	-1752.7959793	
-5.16858825987	-1752.79615824	
-5.17048399504	-1752.79633615	
-5.17237614319	-1752.79651303	
-5.17426471788	-1752.79668889	
-5.17614973257	-1752.79686374	
-5.17803120067	-1752.79703759	
-5.1799091355	-1752.79721044	
-5.18178355029	-1752.79738229	
-5.18365445823	-1752.79755316	
-5.1855218724	-1752.79772306	
-5.18738580584	-1752.79789198	
-5.18924627149	-1752.79805994	
-5.19110328224	-1752.79822694	
-5.19295685089	-1752.79839298	
-5.19480699018	-1752.79855809	
-5.19665371277	-1752.79872225	
-5.19849703127	-1752.79888548	
-5.20033695819	-1752.79904778	
-5.202173506	-1752.79920917	
-5.20400668708	-1752.79936964	
-5.20583651375	-1752.7995292	
-5.20766299828	-1752.79968786	
-5.20948615284	-1752.79984563	
-5.21130598956	-1752.8000025	
-5.21312252048	-1752.80015849	
-5.21493575761	-1752.80031361	
-5.21674571285	-1752.80046785	
-5.21855239808	-1752.80062122	
-5.22035582508	-1752.80077374	
-5.22215600558	-1752.8009254	
-5.22395295126	-1752.80107621	
-5.22574667371	-1752.80122617	
-5.22753718449	-1752.8013753	
-5.22932449506	-1752.8015236	
-5.23110861685	-1752.80167106	
-5.23288956123	-1752.80181771	
-5.23466733947	-1752.80196354	
-5.23644196283	-1752.80210856	
-5.23821344248	-1752.80225277	
-5.23998178954	-1752.80239619	
-5.24174701506	-1752.80253881	
-5.24350913005	-1752.80268064	
-5.24526814546	-1752.80282168	
-5.24702407216	-1752.80296194	
-5.24877692099	-1752.80310143	
-5.25052670271	-1752.80324015	
-5.25227342805	-1752.80337811	
-5.25401710765	-1752.8035153	
-5.25575775213	-1752.80365174	
-5.25749537203	-1752.80378743	
-5.25922997784	-1752.80392238	
-5.26096158	-1752.80405659	
-5.2626901889	-1752.80419006	
-5.26441581487	-1752.8043228	
-5.26613846818	-1752.80445481	
-5.26785815906	-1752.8045861	
-5.26957489768	-1752.80471668	
-5.27128869416	-1752.80484654	
-5.27299955856	-1752.8049757	
-5.27470750091	-1752.80510415	
-5.27641253116	-1752.8052319	
-5.27811465923	-1752.80535896	
-5.27981389498	-1752.80548533	
-5.28151024823	-1752.80561102	
-5.28320372874	-1752.80573602	
-5.28489434622	-1752.80586035	
-5.28658211033	-1752.805984	
-5.28826703069	-1752.80610699	
-5.28994911688	-1752.80622931	
-5.2916283784	-1752.80635097	
-5.29330482472	-1752.80647198	
-5.29497846528	-1752.80659234	
-5.29664930945	-1752.80671204	
-5.29831736655	-1752.80683111	
-5.29998264587	-1752.80694953	
-5.30164515664	-1752.80706732	
-5.30330490806	-1752.80718448	
-5.30496190927	-1752.80730101	
-5.30661616936	-1752.80741692	
-5.3082676974	-1752.80753221	
-5.30991650239	-1752.80764688	
-5.3115625933	-1752.80776095	
-5.31320597904	-1752.8078744	
-5.3148466685	-1752.80798725	
-5.3164846705	-1752.8080995	
-5.31811999384	-1752.80821115	
-5.31975264727	-1752.8083222	
-5.32138263948	-1752.80843267	
-5.32300997914	-1752.80854256	
-5.32463467487	-1752.80865186	
-5.32625673524	-1752.80876058	
-5.32787616879	-1752.80886873	
-5.32949298402	-1752.8089763	
-5.33110718937	-1752.80908331	
-5.33271879327	-1752.80918975	
-5.33432780407	-1752.80929563	
-5.33593423012	-1752.80940096	
-5.3375380797	-1752.80950573	
-5.33913936107	-1752.80960995	
-5.34073808243	-1752.80971362	
-5.34233425196	-1752.80981674	
-5.3439278778	-1752.80991933	
-5.34551896803	-1752.81002138	
-5.34710753072	-1752.81012289	
-5.34869357387	-1752.81022388	
-5.35027710548	-1752.81032433	
-5.35185813348	-1752.81042426	
-5.35343666577	-1752.81052367	
-5.35501271022	-1752.81062257	
-5.35658627467	-1752.81072094	
-5.3581573669	-1752.8108188	
-5.35972599468	-1752.81091616	
-5.36129216571	-1752.81101301	
-5.36285588769	-1752.81110935	
-5.36441716825	-1752.8112052	
-5.36597601502	-1752.81130055	
-5.36753243557	-1752.8113954	
-5.36908643744	-1752.81148977	
-5.37063802813	-1752.81158364	
-5.37218721511	-1752.81167703	
-5.37373400583	-1752.81176994	
-5.37527840768	-1752.81186237	
-5.37682042804	-1752.81195432	
-5.37836007422	-1752.8120458	
-5.37989735354	-1752.81213681	
-5.38143227326	-1752.81222735	
-5.38296484061	-1752.81231742	
-5.38449506279	-1752.81240703	
-5.38602294697	-1752.81249619	
-5.38754850028	-1752.81258488	
-5.38907172982	-1752.81267312	
-5.39059264266	-1752.81276091	
-5.39211124583	-1752.81284825	
-5.39362754635	-1752.81293514	
-5.39514155118	-1752.81302159	
-5.39665326727	-1752.8131076	
-5.39816270152	-1752.81319317	
-5.39966986081	-1752.8132783	
-5.40117475199	-1752.813363	
-5.40267738187	-1752.81344727	
-5.40417775725	-1752.8135311	
-5.40567588487	-1752.81361452	
-5.40717177146	-1752.81369751	
-5.40866542372	-1752.81378008	
-5.4101568483	-1752.81386223	
-5.41164605186	-1752.81394396	
-5.41313304098	-1752.81402528	
-5.41461782224	-1752.81410619	
-5.4161004022	-1752.81418669	
-5.41758078737	-1752.81426678	
-5.41905898424	-1752.81434647	
-5.42053499927	-1752.81442576	
-5.42200883889	-1752.81450464	
-5.4234805095	-1752.81458313	
-5.42495001748	-1752.81466123	
-5.42641736918	-1752.81473893	
-5.4278825709	-1752.81481624	
-5.42934562895	-1752.81489316	
-5.43080654959	-1752.8149697	
-5.43226533906	-1752.81504585	
-5.43372200355	-1752.81512162	
-5.43517654927	-1752.81519701	
-5.43662898235	-1752.81527203	
-5.43807930892	-1752.81534666	
-5.4395275351	-1752.81542093	
-5.44097366695	-1752.81549482	
-5.44241771052	-1752.81556835	
-5.44385967184	-1752.81564151	
-5.4452995569	-1752.8157143	
-5.44673737167	-1752.81578673	
-5.44817312209	-1752.8158588	
-5.44960681409	-1752.81593052	
-5.45103845357	-1752.81600187	
-5.45246804638	-1752.81607287	
-5.45389559837	-1752.81614352	
-5.45532111536	-1752.81621382	
-5.45674460314	-1752.81628377	
-5.45816606749	-1752.81635337	
-5.45958551414	-1752.81642263	
-5.46100294883	-1752.81649154	
-5.46241837723	-1752.81656012	
-5.46383180503	-1752.81662835	
-5.46524323786	-1752.81669625	
-5.46665268137	-1752.81676382	
-5.46806014114	-1752.81683105	
-5.46946562274	-1752.81689794	
-5.47086913175	-1752.81696451	
-5.47227067367	-1752.81703075	
-5.47367025403	-1752.81709667	
-5.47506787829	-1752.81716226	
-5.47646355193	-1752.81722753	
-5.47785728038	-1752.81729248	
-5.47924906905	-1752.81735711	
-5.48063892334	-1752.81742142	
-5.48202684862	-1752.81748542	
-5.48341285022	-1752.8175491	
-5.48479693349	-1752.81761247	
-5.48617910372	-1752.81767553	
-5.48755936619	-1752.81773829	
-5.48893772616	-1752.81780074	
-5.49031418887	-1752.81786288	
-5.49168875953	-1752.81792472	
-5.49306144334	-1752.81798625	
-5.49443224547	-1752.81804749	
-5.49580117108	-1752.81810843	
-5.49716822529	-1752.81816907	
-5.49853341322	-1752.81822941	
-5.49989673995	-1752.81828947	
-5.50125821054	-1752.81834923	
-5.50261783006	-1752.8184087	
-5.50397560352	-1752.81846788	
-5.50533153593	-1752.81852678	
-5.50668563228	-1752.81858539	
-5.50803789753	-1752.81864371	
-5.50938833663	-1752.81870175	
-5.5107369545	-1752.81875951	
-5.51208375605	-1752.818817	
-5.51342874616	-1752.8188742	
-5.51477192971	-1752.81893113	
-5.51611331154	-1752.81898778	
-5.51745289646	-1752.81904416	
-5.51879068931	-1752.81910027	
-5.52012669485	-1752.8191561	
-5.52146091786	-1752.81921167	
-5.5227933631	-1752.81926697	
-5.52412403528	-1752.819322	
-5.52545293913	-1752.81937677	
-5.52678007934	-1752.81943127	
-5.52810546058	-1752.81948552	
-5.52942908751	-1752.8195395	
-5.53075096477	-1752.81959322	
-5.53207109697	-1752.81964669	
-5.53338948873	-1752.8196999	
-5.53470614461	-1752.81975285	
-5.53602106919	-1752.81980555	
-5.53733426702	-1752.819858	
-5.53864574262	-1752.81991019	
-5.5399555005	-1752.81996214	
-5.54126354516	-1752.82001384	
-5.54256988107	-1752.82006529	
-5.5438745127	-1752.8201165	
-5.54517744448	-1752.82016746	
-5.54647868084	-1752.82021818	
-5.54777822618	-1752.82026865	
-5.5490760849	-1752.82031889	
-5.55037226136	-1752.82036888	
-5.55166675992	-1752.82041864	
-5.55295958492	-1752.82046816	
-5.55425074069	-1752.82051745	
-5.55554023152	-1752.8205665	
-5.5568280617	-1752.82061531	
-5.55811423551	-1752.8206639	
-5.5593987572	-1752.82071225	
-5.56068163102	-1752.82076038	
-5.56196286117	-1752.82080828	
-5.56324245188	-1752.82085595	
-5.56452040732	-1752.82090339	
-5.56579673168	-1752.82095061	
-5.56707142911	-1752.82099761	
-5.56834450376	-1752.82104438	
-5.56961595975	-1752.82109093	
-5.57088580119	-1752.82113726	
-5.57215403218	-1752.82118338	
-5.57342065679	-1752.82122927	
-5.5746856791	-1752.82127495	
-5.57594910315	-1752.82132041	
-5.57721093297	-1752.82136566	
-5.57847117258	-1752.82141069	
-5.57972982599	-1752.82145552	
-5.58098689718	-1752.82150013	
-5.58224239012	-1752.82154453	
-5.58349630878	-1752.82158872	
-5.5847486571	-1752.8216327	
-5.585999439	-1752.82167648	
-5.5872486584	-1752.82172005	
-5.5884963192	-1752.82176342	
-5.58974242528	-1752.82180658	
-5.59098698051	-1752.82184954	
-5.59222998875	-1752.8218923	
-5.59347145384	-1752.82193486	
-5.5947113796	-1752.82197722	
-5.59594976985	-1752.82201938	
-5.59718662839	-1752.82206134	
-5.598421959	-1752.8221031	
-5.59965576545	-1752.82214467	
-5.60088805149	-1752.82218605	
-5.60211882088	-1752.82222723	
-5.60334807733	-1752.82226822	
-5.60457582457	-1752.82230902	
-5.6058020663	-1752.82234962	
-5.60702680619	-1752.82239004	
-5.60825004793	-1752.82243027	
-5.60947179518	-1752.82247031	
-5.61069205159	-1752.82251016	
-5.61191082078	-1752.82254983	
-5.61312810639	-1752.82258931	
-5.61434391201	-1752.82262861	
-5.61555824124	-1752.82266773	
-5.61677109767	-1752.82270666	
-5.61798248485	-1752.82274541	
-5.61919240636	-1752.82278398	
-5.62040086572	-1752.82282238	
-5.62160786647	-1752.82286059	
-5.62281341212	-1752.82289863	
-5.62401750619	-1752.82293649	
-5.62522015215	-1752.82297417	
-5.6264213535	-1752.82301168	
-5.62762111369	-1752.82304901	
-5.62881943618	-1752.82308617	
-5.63001632442	-1752.82312316	
-5.63121178182	-1752.82315998	
-5.63240581181	-1752.82319663	
-5.6335984178	-1752.8232331	
-5.63478960317	-1752.82326941	
-5.6359793713	-1752.82330555	
-5.63716772557	-1752.82334152	
-5.63835466933	-1752.82337733	
-5.63954020593	-1752.82341297	
-5.64072433869	-1752.82344844	
-5.64190707094	-1752.82348375	
-5.64308840598	-1752.8235189	
-5.64426834712	-1752.82355388	
-5.64544689764	-1752.82358871	
-5.64662406082	-1752.82362337	
-5.64779983991	-1752.82365787	
-5.64897423816	-1752.82369222	
-5.65014725882	-1752.8237264	
-5.65131890512	-1752.82376043	
-5.65248918027	-1752.8237943	
-5.65365808747	-1752.82382801	
-5.65482562993	-1752.82386157	
-5.65599181082	-1752.82389497	
-5.65715663332	-1752.82392822	
-5.65832010058	-1752.82396132	
-5.65948221576	-1752.82399427	
-5.660642982	-1752.82402706	
-5.66180240242	-1752.8240597	
-5.66296048014	-1752.82409219	
-5.66411721826	-1752.82412453	
-5.66527261989	-1752.82415673	
-5.66642668811	-1752.82418877	
-5.66757942599	-1752.82422067	
-5.6687308366	-1752.82425242	
-5.66988092298	-1752.82428403	
-5.67102968818	-1752.82431549	
-5.67217713524	-1752.82434681	
-5.67332326717	-1752.82437798	
-5.67446808699	-1752.82440901	
-5.67561159769	-1752.8244399	
-5.67675380227	-1752.82447064	
-5.6778947037	-1752.82450125	
-5.67903430497	-1752.82453171	
-5.68017260902	-1752.82456203	
-5.6813096188	-1752.82459222	
-5.68244533727	-1752.82462227	
-5.68357976734	-1752.82465218	
-5.68471291194	-1752.82468195	
-5.68584477397	-1752.82471159	
-5.68697535634	-1752.82474109	
-5.68810466194	-1752.82477045	
-5.68923269364	-1752.82479968	
-5.69035945432	-1752.82482878	
-5.69148494685	-1752.82485775	
-5.69260917406	-1752.82488658	
-5.6937321388	-1752.82491528	
-5.69485384391	-1752.82494385	
-5.69597429221	-1752.82497228	
-5.69709348651	-1752.82500059	
-5.69821142961	-1752.82502877	
-5.69932812431	-1752.82505682	
-5.70044357339	-1752.82508474	
-5.70155777963	-1752.82511254	
-5.7026707458	-1752.82514021	
-5.70378247466	-1752.82516775	
-5.70489296894	-1752.82519516	
-5.70600223139	-1752.82522246	
-5.70711026475	-1752.82524962	
-5.70821707172	-1752.82527666	
-5.70932265503	-1752.82530358	
-5.71042701737	-1752.82533038	
-5.71153016145	-1752.82535705	
-5.71263208993	-1752.82538361	
-5.71373280551	-1752.82541004	
-5.71483231084	-1752.82543635	
-5.71593060859	-1752.82546254	
-5.71702770141	-1752.82548861	
-5.71812359193	-1752.82551456	
-5.71921828279	-1752.8255404	
-5.72031177661	-1752.82556612	
-5.72140407601	-1752.82559171	
-5.72249518359	-1752.8256172	
-5.72358510195	-1752.82564257	
-5.72467383369	-1752.82566782	
-5.72576138137	-1752.82569295	
-5.72684774759	-1752.82571798	
-5.72793293489	-1752.82574289	
-5.72901694583	-1752.82576768	
-5.73009978297	-1752.82579236	
-5.73118144884	-1752.82581693	
-5.73226194598	-1752.82584139	
-5.7333412769	-1752.82586574	
-5.73441944412	-1752.82588997	
-5.73549645015	-1752.8259141	
-5.73657229748	-1752.82593812	
-5.73764698861	-1752.82596202	
-5.73872052602	-1752.82598582	
-5.73979291218	-1752.82600951	
-5.74086414956	-1752.8260331	
-5.74193424062	-1752.82605657	
-5.74300318781	-1752.82607994	
-5.74407099357	-1752.8261032	
-5.74513766034	-1752.82612636	
-5.74620319054	-1752.82614941	
-5.7472675866	-1752.82617236	
-5.74833085092	-1752.8261952	
-5.74939298591	-1752.82621794	
-5.75045399397	-1752.82624057	
-5.75151387748	-1752.82626311	
-5.75257263883	-1752.82628554	
-5.75363028038	-1752.82630787	
-5.75468680452	-1752.82633009	
-5.75574221359	-1752.82635222	
-5.75679650994	-1752.82637424	
-5.75784969593	-1752.82639617	
-5.75890177388	-1752.82641799	
-5.75995274612	-1752.82643972	
-5.76100261499	-1752.82646135	
-5.76205138278	-1752.82648288	
-5.76309905181	-1752.82650431	
-5.76414562438	-1752.82652564	
-5.76519110278	-1752.82654688	
-5.7662354893	-1752.82656802	
-5.76727878622	-1752.82658907	
-5.76832099579	-1752.82661002	
-5.7693621203	-1752.82663087	
-5.770402162	-1752.82665163	
-5.77144112313	-1752.8266723	
-5.77247900594	-1752.82669287	
-5.77351581267	-1752.82671335	
-5.77455154554	-1752.82673373	
-5.77558620679	-1752.82675402	
-5.77661979861	-1752.82677422	
-5.77765232322	-1752.82679433	
-5.77868378283	-1752.82681435	
-5.77971417962	-1752.82683428	
-5.78074351579	-1752.82685411	
-5.78177179352	-1752.82687386	
-5.78279901497	-1752.82689351	
-5.78382518233	-1752.82691308	
-5.78485029774	-1752.82693256	
-5.78587436337	-1752.82695195	
-5.78689738137	-1752.82697125	
-5.78791935386	-1752.82699046	
-5.788940283	-1752.82700959	
-5.7899601709	-1752.82702863	
-5.79097901969	-1752.82704758	
-5.79199683148	-1752.82706644	
-5.79301360838	-1752.82708522	
-5.7940293525	-1752.82710392	
-5.79504406593	-1752.82712253	
-5.79605775077	-1752.82714105	
-5.79707040908	-1752.8271595	
-5.79808204295	-1752.82717785	
-5.79909265446	-1752.82719613	
-5.80010224566	-1752.82721432	
-5.80111081862	-1752.82723242	
-5.80211837538	-1752.82725045	
-5.80312491799	-1752.82726839	
-5.80413044849	-1752.82728625	
-5.80513496892	-1752.82730404	
-5.80613848129	-1752.82732173	
-5.80714098764	-1752.82733935	
-5.80814248998	-1752.82735689	
-5.80914299031	-1752.82737435	
