-6.487785322261443444e-01
-5.618945592500265152e-01
-8.552547651546864582e-01
2.773047819503885680e+00
-4.381463364252281001e-01
2.220232997581542023e+00
2.220232997581542023e+00
-6.863197194253173983e+00
-4.431957129340194257e+00
-4.201538738810321583e+00
-4.902421706429741732e+00
-6.340686838262648450e+00
-6.123621397575464975e+00
-7.060665964624789126e+00
-5.554336954622515421e+00
-7.741689421685866712e+00
-5.022825065163214475e+00
-5.479681042659425572e+00
-6.401428826971080177e+00
-3.563979900219875763e+00
