#Site	lnL	
0	-14.258621524
1	-4.37942297297
2	-10.8318209662
3	-4.47704647903
4	-4.37942297297
5	-10.8318209662
6	-4.41101550247
7	-4.6586433863
8	-15.4886300546
9	-4.41101550247
10	-4.37942297297
11	-18.3197124491
12	-4.6982420873
13	-4.8248120361
14	-14.3441298015
15	-4.41101550247
16	-9.1917465268
17	-10.4179756071
18	-4.6982420873
19	-4.6586433863
20	-11.117335914
21	-4.86236646376
22	-4.8248120361
23	-11.4492053492
24	-4.47704647903
25	-4.37942297297
26	-6.89227334408
27	-14.5906889333
28	-4.37942297297
29	-10.3716135867
30	-4.47704647903
31	-4.6586433863
32	-13.3585661088
33	-4.6982420873
34	-4.44910101448
35	-13.2697528135
36	-4.41101550247
37	-4.44910101448
38	-10.3716135867
39	-4.41101550247
40	-4.6586433863
41	-7.08240129301
42	-4.47704647903
43	-14.8224775841
44	-17.2319259179
45	-4.41101550247
46	-4.37942297297
47	-18.5873506737
48	-4.6982420873
49	-4.8248120361
50	-12.8258234045
51	-4.47704647903
52	-4.6586433863
53	-11.3075846216
54	-4.47704647903
55	-4.6586433863
56	-8.21102621025
57	-4.6982420873
58	-4.37942297297
59	-6.89227334408
60	-4.41101550247
61	-4.8248120361
62	-19.7178403479
63	-4.86236646376
64	-4.8248120361
65	-12.971380823
66	-12.3006488612
67	-4.44910101448
68	-8.23533708482
69	-4.41101550247
70	-4.8248120361
71	-10.4440696855
72	-4.41101550247
73	-4.44910101448
74	-8.23533708482
75	-4.6982420873
76	-4.6586433863
77	-7.08240129301
78	-4.86236646376
79	-4.44910101448
80	-8.14118803625
81	-4.86236646376
82	-4.44910101448
83	-9.14999411546
84	-4.41101550247
85	-4.6586433863
86	-11.0023345351
87	-4.47704647903
88	-4.6586433863
89	-8.16821301126
90	-4.47704647903
91	-4.6586433863
92	-6.89227334408
93	-4.41101550247
94	-4.44910101448
95	-13.5772333636
96	-4.41101550247
97	-4.44910101448
98	-6.89227334408
99	-4.47704647903
100	-4.6586433863
101	-6.89227334408
102	-4.41101550247
103	-4.37942297297
104	-10.6973429649
105	-4.41101550247
106	-13.4022994709
107	-11.3831744572
108	-4.47704647903
109	-4.37942297297
110	-10.7008744636
111	-4.47704647903
112	-4.37942297297
113	-10.2571814884
114	-4.47704647903
115	-4.8248120361
116	-8.14118803625
117	-4.86236646376
118	-10.546020238
119	-8.16821301126
120	-4.41101550247
121	-4.37942297297
122	-10.7710769027
123	-4.41101550247
124	-4.8248120361
125	-6.89227334408
126	-12.7972942485
127	-4.6586433863
128	-10.5157874303
129	-4.86236646376
130	-4.37942297297
131	-7.08240129301
132	-12.703605102
133	-4.37942297297
134	-8.16821301126
135	-4.86236646376
136	-4.44910101448
137	-10.0293233867
138	-4.47704647903
139	-4.37942297297
140	-14.5761136398
141	-4.41101550247
142	-4.44910101448
143	-8.16821301126
144	-4.41101550247
145	-4.8248120361
146	-13.8528573725
147	-4.86236646376
148	-4.44910101448
149	-10.4179756071
150	-4.47704647903
151	-4.6586433863
152	-11.7238516158
153	-4.47704647903
154	-4.8248120361
155	-11.234444918
156	-4.6982420873
157	-10.325167335
158	-15.1745949905
159	-4.41101550247
160	-4.6586433863
161	-6.89227334408
162	-11.6521394637
163	-4.37942297297
164	-6.89227334408
165	-4.6982420873
166	-4.37942297297
167	-8.14118803625
168	-4.47704647903
169	-4.6586433863
170	-7.08240129301
171	-4.86236646376
172	-4.37942297297
173	-12.0307489759
174	-4.6982420873
175	-4.37942297297
176	-10.4765971139
177	-13.4200706627
178	-4.8248120361
179	-8.21102621025
180	-4.47704647903
181	-4.8248120361
182	-8.21102621025
183	-4.86236646376
184	-4.8248120361
185	-9.14999411546
186	-4.6982420873
187	-4.37942297297
188	-7.08240129301
189	-4.86236646376
190	-4.8248120361
191	-6.89227334408
192	-4.47704647903
193	-4.44910101448
194	-8.16821301126
195	-4.41101550247
196	-4.37942297297
197	-6.89227334408
198	-4.41101550247
199	-4.6586433863
200	-7.08240129301
201	-4.47704647903
202	-4.6586433863
203	-11.7202227928
204	-4.86236646376
205	-4.8248120361
206	-9.31523597318
207	-4.47704647903
208	-4.37942297297
209	-7.08240129301
210	-9.31071733124
211	-9.38085601236
212	-10.1361000789
213	-4.47704647903
214	-4.6586433863
215	-6.89227334408
216	-4.41101550247
217	-4.37942297297
218	-13.5740617027
219	-4.86236646376
220	-4.8248120361
221	-17.0193117249
222	-4.86236646376
223	-4.8248120361
224	-11.4155388765
225	-4.86236646376
226	-4.44910101448
227	-8.1686879316
228	-4.86236646376
229	-4.8248120361
230	-6.89227334408
231	-4.41101550247
232	-4.6586433863
233	-10.2209434366
234	-4.41101550247
235	-4.6586433863
236	-8.21102621025
237	-4.41101550247
238	-4.44910101448
239	-7.08240129301
240	-4.41101550247
241	-4.44910101448
242	-13.5824928634
243	-4.47704647903
244	-4.37942297297
245	-11.2768071316
246	-4.47704647903
247	-4.37942297297
248	-12.5476015336
249	-4.47704647903
250	-4.6586433863
251	-8.14118803625
252	-12.4756342209
253	-4.6586433863
254	-6.89227334408
255	-4.47704647903
256	-4.44910101448
257	-8.21102621025
258	-4.47704647903
259	-4.37942297297
260	-8.21102621025
261	-4.86236646376
262	-4.44910101448
263	-11.4839086967
264	-4.41101550247
265	-4.6586433863
266	-7.08240129301
267	-4.6982420873
268	-4.8248120361
269	-6.89227334408
270	-4.41101550247
271	-4.6586433863
272	-8.14118803625
273	-4.41101550247
274	-4.6586433863
275	-6.89227334408
276	-4.41101550247
277	-4.37942297297
278	-10.8073396529
279	-4.6982420873
280	-4.37942297297
281	-7.08240129301
282	-4.47704647903
283	-4.6586433863
284	-10.3716135867
285	-4.47704647903
286	-4.6586433863
287	-8.14118803625
288	-4.6982420873
289	-4.44910101448
290	-6.89227334408
291	-4.86236646376
292	-4.8248120361
293	-9.49458704645
294	-4.86236646376
295	-4.6586433863
296	-8.21102621025
297	-4.86236646376
298	-4.37942297297
299	-8.50632662671
300	-4.86236646376
301	-4.8248120361
302	-14.6200293289
303	-4.86236646376
304	-4.37942297297
305	-12.4545007782
306	-4.41101550247
307	-4.6586433863
308	-13.8583078099
309	-4.47704647903
310	-4.37942297297
311	-14.7661767546
312	-4.6982420873
313	-9.41428872747
314	-8.14118803625
315	-4.47704647903
316	-4.37942297297
317	-9.77159123684
318	-4.47704647903
319	-4.44910101448
320	-7.08240129301
321	-4.47704647903
322	-4.6586433863
323	-11.5460906996
324	-8.57253538517
325	-4.37942297297
326	-8.81448735011
327	-4.41101550247
328	-4.37942297297
329	-10.6009949341
330	-4.41101550247
331	-4.37942297297
332	-6.89227334408
333	-4.47704647903
334	-4.6586433863
335	-11.2607890407
336	-4.86236646376
337	-9.41428872747
338	-8.14118803625
339	-4.47704647903
340	-4.6586433863
341	-10.1361000789
342	-4.41101550247
343	-4.37942297297
344	-7.08240129301
345	-4.41101550247
346	-4.37942297297
347	-6.89227334408
348	-4.47704647903
349	-4.37942297297
350	-8.81448735011
351	-4.41101550247
352	-4.8248120361
353	-9.53164539414
354	-4.86236646376
355	-4.37942297297
356	-10.4365322921
357	-4.86236646376
358	-14.8859318401
359	-8.89760915871
360	-4.86236646376
361	-4.37942297297
362	-11.7700798182
363	-4.41101550247
364	-13.3315097749
365	-13.9351152855
366	-4.6982420873
367	-4.37942297297
368	-8.14118803625
369	-4.47704647903
370	-4.37942297297
371	-16.6920184371
372	-12.7972942485
373	-4.44910101448
374	-8.89760915871
375	-4.47704647903
376	-4.44910101448
377	-11.3904499588
378	-4.41101550247
379	-4.37942297297
380	-10.5804895005
381	-9.10036169417
382	-4.6586433863
383	-8.2421795396
384	-12.7972942485
385	-4.37942297297
386	-8.81448735011
387	-11.367542004
388	-24.6845839828
389	-9.21898944525
390	-4.41101550247
391	-4.8248120361
392	-18.2329491604
393	-4.47704647903
394	-4.44910101448
395	-8.81448735011
396	-10.2449028304
397	-4.8248120361
398	-12.2515441208
399	-4.47704647903
400	-4.44910101448
401	-8.21102621025
402	-4.6982420873
403	-4.37942297297
404	-6.89227334408
405	-4.86236646376
406	-9.3603250356
407	-16.348336424
408	-4.47704647903
409	-4.6586433863
410	-8.95812622921
411	-4.47704647903
412	-4.37942297297
413	-11.2075329202
414	-9.12422990581
415	-4.44910101448
416	-10.2650771392
417	-4.41101550247
418	-4.8248120361
419	-13.3549687358
420	-4.6982420873
421	-15.4096977742
422	-11.5969329935
423	-4.6982420873
424	-4.6586433863
425	-13.8862240108
426	-4.47704647903
427	-4.44910101448
428	-8.21102621025
429	-16.5212533934
430	-4.44910101448
431	-10.9762504833
432	-4.6982420873
433	-4.6586433863
434	-11.2607890407
435	-4.47704647903
436	-4.37942297297
437	-8.21102621025
438	-4.47704647903
439	-4.37942297297
440	-9.02414842755
441	-4.86236646376
442	-4.37942297297
443	-10.8773958392
444	-4.47704647903
445	-4.8248120361
446	-8.97981640627
447	-4.86236646376
448	-4.44910101448
449	-11.2748407744
450	-4.47704647903
451	-4.6586433863
452	-7.08240129301
453	-4.47704647903
454	-4.44910101448
455	-11.787751541
456	-4.6982420873
457	-4.6586433863
458	-8.23533708482
459	-4.41101550247
460	-4.8248120361
461	-9.07629440765
462	-4.41101550247
463	-4.8248120361
464	-11.1532375849
465	-4.47704647903
466	-4.6586433863
467	-9.26655896197
468	-4.47704647903
469	-4.6586433863
470	-7.08240129301
471	-4.47704647903
472	-4.44910101448
473	-7.08240129301
474	-4.6982420873
475	-4.44910101448
476	-10.5434125077
477	-4.86236646376
478	-4.8248120361
479	-14.3665230072
480	-4.41101550247
481	-4.44910101448
482	-14.0813901121
483	-4.41101550247
484	-4.37942297297
485	-7.08240129301
486	-4.6982420873
487	-4.6586433863
488	-19.2447916834
