-7.503463311474681818e-01
-4.316710701093347535e-01
-8.667816083107419134e-01
2.556065645615886339e+00
-2.750557048781532288e-01
2.279223165518686756e+00
2.279223165518683647e+00
-5.770219567148602735e+00
-4.530964646187953804e+00
-4.588533729184070431e+00
-4.323596391017571428e+00
-6.373224280227747229e+00
-5.989923308165202798e+00
-6.070389767420073746e+00
-5.494671829488939174e+00
-6.296375965760367066e+00
-5.592881939767695876e+00
-5.355756602449143422e+00
-6.418902013966325093e+00
-3.496769263155102170e+00
