# log_p 	 lnL 	 
0.0	-1629.87705327	
-0.287682072452	-1629.87134616	
-0.510825623766	-1629.86496239	
-0.69314718056	-1629.85877593	
-0.847297860387	-1629.85319676	
-0.980829253012	-1629.8483283	
-1.09861228867	-1629.84408049	
-1.20397280433	-1629.84024697	
-1.29928298413	-1629.83656741	
-1.38629436112	-1629.83277659	
-1.46633706879	-1629.82863791	
-1.54044504095	-1629.82396206	
-1.60943791243	-1629.81861388	
-1.67397643357	-1629.81251126	
-1.73460105539	-1629.8056193	
-1.79175946923	-1629.79794224	
-1.8458266905	-1629.7895148	
-1.89711998489	-1629.78039394	
-1.94591014906	-1629.77065159	
-1.99243016469	-1629.76036851	
-2.03688192726	-1629.74962943	
-2.07944154168	-1629.73851928	
-2.1202635362	-1629.72712044	
-2.15948424935	-1629.71551078	
-2.19722457734	-1629.70376247	
-2.23359222151	-1629.69194121	
-2.26868354132	-1629.680106	
-2.30258509299	-1629.66830903	
-2.33537491582	-1629.65659597	
-2.36712361413	-1629.64500629	
-2.3978952728	-1629.63357365	
-2.42774823595	-1629.62232647	
-2.45673577282	-1629.61128832	
-2.48490664979	-1629.60047851	
-2.51230562398	-1629.58991252	
-2.53897387106	-1629.57960246	
-2.56494935746	-1629.56955748	
-2.59026716545	-1629.55978419	
-2.61495977804	-1629.55028695	
-2.63905732962	-1629.54106822	
-2.66258782703	-1629.53212886	
-2.68557734525	-1629.52346832	
-2.7080502011	-1629.5150849	
-2.73002910782	-1629.50697591	
-2.75153531304	-1629.49913787	
-2.77258872224	-1629.49156665	
-2.79320800944	-1629.48425756	
-2.81341071676	-1629.47720549	
-2.83321334406	-1629.47040501	
-2.85263142991	-1629.46385042	
-2.87167962488	-1629.45753585	
-2.8903717579	-1629.4514553	
-2.90872089656	-1629.44560268	
-2.92673940207	-1629.43997189	
-2.94443897917	-1629.4345568	
-2.96183072188	-1629.42935135	
-2.97892515524	-1629.42434949	
-2.99573227355	-1629.41954527	
-3.01226157551	-1629.41493282	
-3.02852209638	-1629.41050639	
-3.04452243772	-1629.40626032	
-3.06027079469	-1629.40218909	
-3.07577498123	-1629.3982873	
-3.09104245336	-1629.39454969	
-3.10608033072	-1629.39097111	
-3.12089541651	-1629.38754659	
-3.13549421593	-1629.38427127	
-3.14988295338	-1629.38114043	
-3.16406758837	-1629.37814949	
-3.17805383035	-1629.37529402	
-3.19184715248	-1629.3725697	
-3.20545280454	-1629.36997236	
-3.21887582487	-1629.36749795	
-3.23212105162	-1629.36514257	
-3.24519313319	-1629.3629024	
-3.25809653802	-1629.36077379	
-3.2708355638	-1629.35875318	
-3.28341434601	-1629.35683713	
-3.295836866	-1629.35502231	
-3.3081069586	-1629.35330551	
-3.32022831913	-1629.3516836	
-3.33220451018	-1629.35015359	
-3.34403896782	-1629.34871256	
-3.35573500759	-1629.34735768	
-3.36729582999	-1629.34608624	
-3.37872452581	-1629.3448956	
-3.39002408106	-1629.34378321	
-3.40119738166	-1629.34274661	
-3.41224721785	-1629.34178341	
-3.42317628838	-1629.34089131	
-3.43398720449	-1629.34006808	
-3.4446824936	-1629.33931155	
-3.45526460293	-1629.33861964	
-3.4657359028	-1629.33799034	
-3.47609868984	-1629.33742168	
-3.48635519	-1629.33691177	
-3.49650756147	-1629.33645879	
-3.50655789732	-1629.33606096	
-3.51650822817	-1629.33571657	
-3.52636052462	-1629.33542396	
-3.53611669956	-1629.33518152	
-3.54577861047	-1629.33498769	
-3.55534806149	-1629.33484098	
-3.56482680544	-1629.33473992	
-3.57421654579	-1629.3346831	
-3.58351893846	-1629.33466915	
-3.59273559356	-1629.33469674	
-3.60186807712	-1629.3347646	
-3.61091791264	-1629.33487148	
-3.61988658263	-1629.33501617	
-3.62877553004	-1629.3351975	
-3.63758615973	-1629.33541435	
-3.6463198397	-1629.33566561	
-3.65497790244	-1629.33595023	
-3.66356164613	-1629.33626717	
-3.6720723358	-1629.33661543	
-3.68051120444	-1629.33699405	
-3.68887945411	-1629.33740207	
-3.69717825693	-1629.3378386	
-3.70540875607	-1629.33830275	
-3.7135720667	-1629.33879366	
-3.72166927694	-1629.3393105	
-3.72970144863	-1629.33985246	
-3.73766961828	-1629.34041876	
-3.74557479779	-1629.34100864	
-3.75341797525	-1629.34162137	
-3.76120011569	-1629.34225622	
-3.76892216179	-1629.3429125	
-3.77658503453	-1629.34358954	
-3.78418963392	-1629.34428669	
-3.79173683955	-1629.3450033	
-3.79922751128	-1629.34573877	
-3.80666248977	-1629.34649249	
-3.81404259707	-1629.34726388	
-3.82136863716	-1629.34805238	
-3.82864139649	-1629.34885744	
-3.83586164446	-1629.34967852	
-3.84303013394	-1629.35051511	
-3.85014760171	-1629.35136671	
-3.85721476893	-1629.35223282	
-3.86423234159	-1629.35311298	
-3.87120101091	-1629.35400672	
-3.87812145375	-1629.35491359	
-3.88499433304	-1629.35583316	
-3.89182029811	-1629.356765	
-3.8985999851	-1629.35770871	
-3.90533401728	-1629.35866389	
-3.91202300543	-1629.35963014	
-3.91866754815	-1629.36060709	
-3.92526823218	-1629.36159437	
-3.93182563272	-1629.36259162	
-3.93834031375	-1629.36359851	
-3.94481282825	-1629.36461468	
-3.95124371858	-1629.36563982	
-3.95763351668	-1629.3666736	
-3.96398274436	-1629.36771571	
-3.97029191355	-1629.36876585	
-3.97656152657	-1629.36982373	
-3.98279207632	-1629.37088907	
-3.98898404656	-1629.37196158	
-3.99513791214	-1629.373041	
-4.00125413916	-1629.37412706	
-4.00733318523	-1629.37521951	
-4.01337549969	-1629.3763181	
-4.01938152375	-1629.37742259	
-4.02535169074	-1629.37853274	
-4.03128642625	-1629.37964833	
-4.03718614838	-1629.38076913	
-4.04305126783	-1629.38189492	
-4.04888218815	-1629.3830255	
-4.05467930583	-1629.38416066	
-4.06044301055	-1629.3853002	
-4.06617368526	-1629.38644392	
-4.07187170637	-1629.38759165	
-4.07753744391	-1629.38874319	
-4.08317126162	-1629.38989836	
-4.08877351717	-1629.391057	
-4.09434456222	-1629.39221893	
-4.0998847426	-1629.39338399	
-4.10539439841	-1629.39455201	
-4.11087386417	-1629.39572284	
-4.11632346894	-1629.39689634	
-4.12174353641	-1629.39807235	
-4.12713438505	-1629.39925072	
-4.13249632819	-1629.40043132	
-4.13782967416	-1629.40161402	
-4.14313472639	-1629.40279867	
-4.14841178349	-1629.40398516	
-4.15366113938	-1629.40517334	
-4.15888308336	-1629.40636311	
-4.16407790024	-1629.40755435	
-4.1692458704	-1629.40874693	
-4.1743872699	-1629.40994075	
-4.17950237056	-1629.41113569	
-4.18459144007	-1629.41233165	
-4.18965474203	-1629.41352853	
-4.19469253606	-1629.41472622	
-4.19970507788	-1629.41592462	
-4.20469261939	-1629.41712365	
-4.20965540873	-1629.4183232	
-4.21459369037	-1629.41952319	
-4.21950770518	-1629.42072352	
-4.22439769047	-1629.42192412	
-4.22926388012	-1629.4231249	
-4.2341065046	-1629.42432577	
-4.23892579103	-1629.42552666	
-4.2437219633	-1629.42672749	
-4.24849524205	-1629.42792819	
-4.25324584481	-1629.42912868	
-4.257973986	-1629.4303289	
-4.26267987704	-1629.43152877	
-4.26736372635	-1629.43272823	
-4.27202573946	-1629.4339272	
-4.27666611902	-1629.43512564	
-4.28128506487	-1629.43632347	
-4.28588277412	-1629.43752064	
-4.29045944115	-1629.43871709	
-4.29501525768	-1629.43991276	
-4.29955041285	-1629.4411076	
-4.3040650932	-1629.44230155	
-4.30855948279	-1629.44349456	
-4.31303376319	-1629.44468658	
-4.31748811354	-1629.44587756	
-4.3219227106	-1629.44706746	
-4.32633772881	-1629.44825622	
-4.33073334029	-1629.44944381	
-4.33510971489	-1629.45063017	
-4.33946702026	-1629.45181526	
-4.34380542185	-1629.45299905	
-4.348125083	-1629.4541815	
-4.3524261649	-1629.45536255	
-4.35670882669	-1629.45654219	
-4.36097322548	-1629.45772036	
-4.36521951636	-1629.45889704	
-4.36944785247	-1629.46007218	
-4.373658385	-1629.46124576	
-4.37785126326	-1629.46241775	
-4.38202663467	-1629.4635881	
-4.38618464482	-1629.46475679	
-4.39032543749	-1629.4659238	
-4.39444915467	-1629.46708908	
-4.39855593663	-1629.46825262	
-4.40264592188	-1629.46941438	
-4.40671924726	-1629.47057435	
-4.41077604796	-1629.47173248	
-4.4148164575	-1629.47288877	
-4.4188406078	-1629.47404318	
-4.42284862919	-1629.47519569	
-4.42684065046	-1629.47634628	
-4.43081679884	-1629.47749493	
-4.43477720006	-1629.47864162	
-4.43872197835	-1629.47978632	
-4.44265125649	-1629.48092902	
-4.44656515581	-1629.4820697	
-4.45046379623	-1629.48320833	
-4.45434729625	-1629.48434491	
-4.45821577303	-1629.48547941	
-4.46206934235	-1629.48661182	
-4.46590811865	-1629.48774212	
-4.46973221509	-1629.48887029	
-4.47354174351	-1629.48999633	
-4.47733681448	-1629.49112021	
-4.48111753732	-1629.49224193	
-4.48488402011	-1629.49336147	
-4.48863636973	-1629.49447881	
-4.49237469184	-1629.49559395	
-4.49609909093	-1629.49670687	
-4.49980967033	-1629.49781756	
-4.50350653221	-1629.49892601	
-4.50718977763	-1629.50003221	
-4.51085950652	-1629.50113615	
-4.51451581772	-1629.50223782	
-4.518158809	-1629.50333722	
-4.52178857705	-1629.50443432	
-4.52540521752	-1629.50552913	
-4.52900882502	-1629.50662163	
-4.53259949315	-1629.50771183	
-4.5361773145	-1629.5087997	
-4.53974238067	-1629.50988525	
-4.54329478227	-1629.51096846	
-4.54683460898	-1629.51204934	
-4.55036194949	-1629.51312787	
-4.5538768916	-1629.51420405	
-4.55737952215	-1629.51527787	
-4.56086992709	-1629.51634933	
-4.56434819147	-1629.51741843	
-4.56781439944	-1629.51848516	
-4.57126863431	-1629.51954951	
-4.5747109785	-1629.52061149	
-4.5781415136	-1629.52167108	
-4.58156032035	-1629.52272829	
-4.58496747867	-1629.52378311	
-4.58836306767	-1629.52483554	
-4.59174716566	-1629.52588558	
-4.59511985013	-1629.52693322	
-4.59848119784	-1629.52797847	
-4.60183128472	-1629.52902131	
-4.60517018599	-1629.53006176	
-4.60849797608	-1629.5310998	
-4.61181472871	-1629.53213543	
-4.61512051684	-1629.53316867	
-4.61841541274	-1629.5341995	
-4.62169948794	-1629.53522792	
-4.62497281328	-1629.53625393	
-4.62823545892	-1629.53727754	
-4.63148749431	-1629.53829874	
-4.63472898823	-1629.53931754	
-4.63796000881	-1629.54033393	
-4.64118062351	-1629.54134791	
-4.64439089914	-1629.54235949	
-4.64759090187	-1629.54336866	
-4.65078069724	-1629.54437543	
-4.65396035016	-1629.5453798	
-4.65712992492	-1629.54638176	
-4.66028948521	-1629.54738133	
-4.66343909411	-1629.5483785	
-4.66657881412	-1629.54937327	
-4.66970870713	-1629.55036565	
-4.67282883446	-1629.55135563	
-4.67593925688	-1629.55234323	
-4.67904003455	-1629.55332844	
-4.68213122712	-1629.55431126	
-4.68521289366	-1629.55529169	
-4.6882850927	-1629.55626975	
-4.69134788223	-1629.55724542	
-4.69440131972	-1629.55821872	
-4.6974454621	-1629.55918965	
-4.70048036579	-1629.56015821	
-4.70350608671	-1629.5611244	
-4.70652268025	-1629.56208823	
-4.70953020131	-1629.5630497	
-4.71252870431	-1629.5640088	
-4.71551824316	-1629.56496556	
-4.7184988713	-1629.56591997	
-4.72147064168	-1629.56687203	
-4.72443360681	-1629.56782174	
-4.72738781871	-1629.56876912	
-4.73033332894	-1629.56971416	
-4.73327018862	-1629.57065687	
-4.73619844839	-1629.57159726	
-4.7391181585	-1629.57253531	
-4.74202936871	-1629.57347106	
-4.74493212836	-1629.57440448	
-4.74782648639	-1629.5753356	
-4.75071249128	-1629.5762644	
-4.75359019111	-1629.57719091	
-4.75645963353	-1629.57811512	
-4.75932086582	-1629.57903703	
-4.7621739348	-1629.57995666	
-4.76501888693	-1629.580874	
-4.76785576827	-1629.58178907	
-4.77068462447	-1629.58270186	
-4.77350550081	-1629.58361237	
-4.77631844218	-1629.58452063	
-4.77912349311	-1629.58542662	
-4.78192069773	-1629.58633036	
-4.78471009982	-1629.58723185	
-4.78749174278	-1629.58813109	
-4.79026566966	-1629.58902809	
-4.79303192316	-1629.58992286	
-4.7957905456	-1629.59081539	
-4.79854157897	-1629.5917057	
-4.80128506491	-1629.5925938	
-4.80402104473	-1629.59347967	
-4.80674955939	-1629.59436334	
-4.8094706495	-1629.5952448	
-4.81218435537	-1629.59612406	
-4.81489071697	-1629.59700113	
-4.81758977394	-1629.59787601	
-4.82028156561	-1629.59874871	
-4.82296613098	-1629.59961923	
-4.82564350875	-1629.60048758	
-4.8283137373	-1629.60135376	
-4.83097685472	-1629.60221778	
-4.83363289878	-1629.60307965	
-4.83628190695	-1629.60393936	
-4.83892391641	-1629.60479693	
-4.84155896405	-1629.60565236	
-4.84418708646	-1629.60650565	
-4.84680831994	-1629.60735682	
-4.84942270051	-1629.60820587	
-4.85203026392	-1629.6090528	
-4.85463104562	-1629.60989761	
-4.8572250808	-1629.61074032	
-4.85981240436	-1629.61158094	
-4.86239305096	-1629.61241945	
-4.86496705495	-1629.61325588	
-4.86753445046	-1629.61409023	
-4.87009527132	-1629.6149225	
-4.87264955112	-1629.61575269	
-4.8751973232	-1629.61658082	
-4.87773862063	-1629.61740689	
-4.88027347623	-1629.61823091	
-4.88280192259	-1629.61905288	
-4.88532399202	-1629.6198728	
-4.88783971662	-1629.62069069	
-4.89034912822	-1629.62150654	
-4.89285225844	-1629.62232037	
-4.89534913864	-1629.62313218	
-4.89783979995	-1629.62394198	
-4.90032427328	-1629.62474977	
-4.90280258929	-1629.62555555	
-4.90527477844	-1629.62635934	
-4.90774087093	-1629.62716114	
-4.91020089677	-1629.62796095	
-4.91265488574	-1629.62875878	
-4.91510286737	-1629.62955464	
-4.91754487103	-1629.63034853	
-4.91998092583	-1629.63114046	
-4.92241106068	-1629.63193043	
-4.92483530429	-1629.63271845	
-4.92725368516	-1629.63350452	
-4.92966623156	-1629.63428866	
-4.93207297159	-1629.63507086	
-4.93447393313	-1629.63585113	
-4.93686914386	-1629.63662949	
-4.93925863125	-1629.63740592	
-4.94164242261	-1629.63818045	
-4.94402054501	-1629.63895307	
-4.94639302537	-1629.63972379	
-4.94875989038	-1629.64049262	
-4.95112116656	-1629.64125956	
-4.95347688026	-1629.64202462	
-4.9558270576	-1629.6427878	
-4.95817172456	-1629.64354912	
-4.96051090691	-1629.64430856	
-4.96284463026	-1629.64506615	
-4.96517292002	-1629.64582189	
-4.96749580144	-1629.64657578	
-4.96981329958	-1629.64732782	
-4.97212543933	-1629.64807803	
-4.97443224543	-1629.64882641	
-4.97673374242	-1629.64957296	
-4.97902995468	-1629.65031769	
-4.98132090643	-1629.65106061	
-4.98360662171	-1629.65180172	
-4.98588712441	-1629.65254103	
-4.98816243824	-1629.65327854	
-4.99043258678	-1629.65401426	
-4.99269759341	-1629.65474819	
-4.99495748138	-1629.65548034	
-4.99721227376	-1629.65621072	
-4.9994619935	-1629.65693933	
-5.00170666335	-1629.65766617	
-5.00394630595	-1629.65839126	
-5.00618094375	-1629.65911459	
-5.00841059907	-1629.65983618	
-5.0106352941	-1629.66055602	
-5.01285505083	-1629.66127413	
-5.01506989116	-1629.6619905	
-5.01727983681	-1629.66270515	
-5.01948490937	-1629.66341808	
-5.02168513028	-1629.6641293	
-5.02388052085	-1629.6648388	
-5.02607110223	-1629.6655466	
-5.02825689545	-1629.66625271	
-5.03043792139	-1629.66695712	
-5.03261420082	-1629.66765984	
-5.03478575433	-1629.66836088	
-5.03695260241	-1629.66906024	
-5.03911476542	-1629.66975793	
-5.04127226356	-1629.67045396	
-5.04342511692	-1629.67114832	
-5.04557334546	-1629.67184102	
-5.047716969	-1629.67253208	
-5.04985600725	-1629.67322149	
-5.05199047978	-1629.67390926	
-5.05412040604	-1629.67459539	
-5.05624580535	-1629.6752799	
-5.05836669692	-1629.67596278	
-5.06048309982	-1629.67664404	
-5.06259503303	-1629.67732369	
-5.06470251537	-1629.67800172	
-5.06680556556	-1629.67867816	
-5.06890420222	-1629.67935299	
-5.07099844382	-1629.68002623	
-5.07308830874	-1629.68069788	
-5.07517381523	-1629.68136795	
-5.07725498144	-1629.68203643	
-5.07933182538	-1629.68270335	
-5.08140436498	-1629.6833687	
-5.08347261805	-1629.68403248	
-5.08553660227	-1629.6846947	
-5.08759633523	-1629.68535537	
-5.08965183441	-1629.68601449	
-5.09170311719	-1629.68667207	
-5.09375020081	-1629.68732811	
-5.09579310244	-1629.68798261	
-5.09783183913	-1629.68863559	
-5.09986642782	-1629.68928704	
-5.10189688537	-1629.68993697	
-5.10392322852	-1629.69058539	
-5.1059454739	-1629.6912323	
-5.10796363806	-1629.69187771	
-5.10997773743	-1629.69252161	
-5.11198778836	-1629.69316402	
-5.11399380708	-1629.69380494	
-5.11599580975	-1629.69444437	
-5.11799381242	-1629.69508233	
-5.11998783102	-1629.6957188	
-5.12197788143	-1629.69635381	
-5.1239639794	-1629.69698735	
-5.12594614061	-1629.69761942	
-5.12792438062	-1629.69825004	
-5.12989871492	-1629.69887921	
-5.13186915891	-1629.69950693	
-5.13383572788	-1629.70013321	
-5.13579843705	-1629.70075804	
-5.13775730154	-1629.70138145	
-5.13971233637	-1629.70200342	
-5.1416635565	-1629.70262397	
-5.14361097679	-1629.7032431	
-5.145554612	-1629.70386081	
-5.14749447681	-1629.70447712	
-5.14943058584	-1629.70509201	
-5.15136295359	-1629.70570551	
-5.1532915945	-1629.7063176	
-5.15521652291	-1629.7069283	
-5.15713775309	-1629.70753762	
-5.15905529921	-1629.70814554	
-5.1609691754	-1629.70875209	
-5.16287939565	-1629.70935727	
-5.16478597392	-1629.70996107	
-5.16668892407	-1629.7105635	
-5.16858825987	-1629.71116458	
-5.17048399504	-1629.71176429	
-5.17237614319	-1629.71236265	
-5.17426471788	-1629.71295967	
-5.17614973257	-1629.71355533	
-5.17803120067	-1629.71414966	
-5.1799091355	-1629.71474265	
-5.18178355029	-1629.7153343	
-5.18365445823	-1629.71592463	
-5.1855218724	-1629.71651364	
-5.18738580584	-1629.71710132	
-5.18924627149	-1629.71768769	
-5.19110328224	-1629.71827275	
-5.19295685089	-1629.7188565	
-5.19480699018	-1629.71943895	
-5.19665371277	-1629.7200201	
-5.19849703127	-1629.72059996	
-5.20033695819	-1629.72117852	
-5.202173506	-1629.7217558	
-5.20400668708	-1629.72233179	
-5.20583651375	-1629.72290651	
-5.20766299828	-1629.72347995	
-5.20948615284	-1629.72405213	
-5.21130598956	-1629.72462303	
-5.21312252048	-1629.72519268	
-5.21493575761	-1629.72576106	
-5.21674571285	-1629.72632819	
-5.21855239808	-1629.72689408	
-5.22035582508	-1629.72745871	
-5.22215600558	-1629.7280221	
-5.22395295126	-1629.72858426	
-5.22574667371	-1629.72914518	
-5.22753718449	-1629.72970487	
-5.22932449506	-1629.73026333	
-5.23110861685	-1629.73082057	
-5.23288956123	-1629.73137659	
-5.23466733947	-1629.73193139	
-5.23644196283	-1629.73248499	
-5.23821344248	-1629.73303737	
-5.23998178954	-1629.73358855	
-5.24174701506	-1629.73413854	
-5.24350913005	-1629.73468732	
-5.24526814546	-1629.73523491	
-5.24702407216	-1629.73578132	
-5.24877692099	-1629.73632654	
-5.25052670271	-1629.73687058	
-5.25227342805	-1629.73741344	
-5.25401710765	-1629.73795512	
-5.25575775213	-1629.73849564	
-5.25749537203	-1629.73903499	
-5.25922997784	-1629.73957317	
-5.26096158	-1629.7401102	
-5.2626901889	-1629.74064607	
-5.26441581487	-1629.74118079	
-5.26613846818	-1629.74171436	
-5.26785815906	-1629.74224679	
-5.26957489768	-1629.74277807	
-5.27128869416	-1629.74330822	
-5.27299955856	-1629.74383723	
-5.27470750091	-1629.74436511	
-5.27641253116	-1629.74489187	
-5.27811465923	-1629.7454175	
-5.27981389498	-1629.74594201	
-5.28151024823	-1629.7464654	
-5.28320372874	-1629.74698768	
-5.28489434622	-1629.74750885	
-5.28658211033	-1629.74802891	
-5.28826703069	-1629.74854787	
-5.28994911688	-1629.74906573	
-5.2916283784	-1629.7495825	
-5.29330482472	-1629.75009817	
-5.29497846528	-1629.75061275	
-5.29664930945	-1629.75112625	
-5.29831736655	-1629.75163866	
-5.29998264587	-1629.75215	
-5.30164515664	-1629.75266026	
-5.30330490806	-1629.75316944	
-5.30496190927	-1629.75367756	
-5.30661616936	-1629.75418461	
-5.3082676974	-1629.75469059	
-5.30991650239	-1629.75519552	
-5.3115625933	-1629.75569939	
-5.31320597904	-1629.75620221	
-5.3148466685	-1629.75670398	
-5.3164846705	-1629.7572047	
-5.31811999384	-1629.75770437	
-5.31975264727	-1629.75820301	
-5.32138263948	-1629.75870061	
-5.32300997914	-1629.75919718	
-5.32463467487	-1629.75969271	
-5.32625673524	-1629.76018722	
-5.32787616879	-1629.7606807	
-5.32949298402	-1629.76117316	
-5.33110718937	-1629.76166461	
-5.33271879327	-1629.76215503	
-5.33432780407	-1629.76264445	
-5.33593423012	-1629.76313285	
-5.3375380797	-1629.76362025	
-5.33913936107	-1629.76410665	
-5.34073808243	-1629.76459205	
-5.34233425196	-1629.76507645	
-5.3439278778	-1629.76555986	
-5.34551896803	-1629.76604227	
-5.34710753072	-1629.7665237	
-5.34869357387	-1629.76700414	
-5.35027710548	-1629.7674836	
-5.35185813348	-1629.76796208	
-5.35343666577	-1629.76843959	
-5.35501271022	-1629.76891612	
-5.35658627467	-1629.76939169	
-5.3581573669	-1629.76986628	
-5.35972599468	-1629.77033991	
-5.36129216571	-1629.77081258	
-5.36285588769	-1629.77128429	
-5.36441716825	-1629.77175505	
-5.36597601502	-1629.77222485	
-5.36753243557	-1629.7726937	
-5.36908643744	-1629.77316161	
-5.37063802813	-1629.77362857	
-5.37218721511	-1629.77409459	
-5.37373400583	-1629.77455967	
-5.37527840768	-1629.77502381	
-5.37682042804	-1629.77548703	
-5.37836007422	-1629.77594931	
-5.37989735354	-1629.77641066	
-5.38143227326	-1629.77687109	
-5.38296484061	-1629.7773306	
-5.38449506279	-1629.77778919	
-5.38602294697	-1629.77824686	
-5.38754850028	-1629.77870361	
-5.38907172982	-1629.77915946	
-5.39059264266	-1629.7796144	
-5.39211124583	-1629.78006843	
-5.39362754635	-1629.78052156	
-5.39514155118	-1629.78097379	
-5.39665326727	-1629.78142512	
-5.39816270152	-1629.78187555	
-5.39966986081	-1629.7823251	
-5.40117475199	-1629.78277375	
-5.40267738187	-1629.78322152	
-5.40417775725	-1629.7836684	
-5.40567588487	-1629.7841144	
-5.40717177146	-1629.78455952	
-5.40866542372	-1629.78500376	
-5.4101568483	-1629.78544713	
-5.41164605186	-1629.78588963	
-5.41313304098	-1629.78633126	
-5.41461782224	-1629.78677202	
-5.4161004022	-1629.78721191	
-5.41758078737	-1629.78765095	
-5.41905898424	-1629.78808913	
-5.42053499927	-1629.78852645	
-5.42200883889	-1629.78896291	
-5.4234805095	-1629.78939853	
-5.42495001748	-1629.78983329	
-5.42641736918	-1629.79026721	
-5.4278825709	-1629.79070029	
-5.42934562895	-1629.79113252	
-5.43080654959	-1629.79156391	
-5.43226533906	-1629.79199447	
-5.43372200355	-1629.79242419	
-5.43517654927	-1629.79285308	
-5.43662898235	-1629.79328114	
-5.43807930892	-1629.79370838	
-5.4395275351	-1629.79413479	
-5.44097366695	-1629.79456037	
-5.44241771052	-1629.79498514	
-5.44385967184	-1629.79540909	
-5.4452995569	-1629.79583222	
-5.44673737167	-1629.79625454	
-5.44817312209	-1629.79667605	
-5.44960681409	-1629.79709675	
-5.45103845357	-1629.79751664	
-5.45246804638	-1629.79793574	
-5.45389559837	-1629.79835403	
-5.45532111536	-1629.79877152	
-5.45674460314	-1629.79918821	
-5.45816606749	-1629.79960411	
-5.45958551414	-1629.80001922	
-5.46100294883	-1629.80043353	
-5.46241837723	-1629.80084706	
-5.46383180503	-1629.80125981	
-5.46524323786	-1629.80167177	
-5.46665268137	-1629.80208295	
-5.46806014114	-1629.80249335	
-5.46946562274	-1629.80290297	
-5.47086913175	-1629.80331182	
-5.47227067367	-1629.8037199	
-5.47367025403	-1629.8041272	
-5.47506787829	-1629.80453374	
-5.47646355193	-1629.80493952	
-5.47785728038	-1629.80534453	
-5.47924906905	-1629.80574877	
-5.48063892334	-1629.80615226	
-5.48202684862	-1629.806555	
-5.48341285022	-1629.80695697	
-5.48479693349	-1629.8073582	
-5.48617910372	-1629.80775867	
-5.48755936619	-1629.80815839	
-5.48893772616	-1629.80855737	
-5.49031418887	-1629.80895561	
-5.49168875953	-1629.8093531	
-5.49306144334	-1629.80974985	
-5.49443224547	-1629.81014586	
-5.49580117108	-1629.81054114	
-5.49716822529	-1629.81093568	
-5.49853341322	-1629.81132949	
-5.49989673995	-1629.81172257	
-5.50125821054	-1629.81211493	
-5.50261783006	-1629.81250655	
-5.50397560352	-1629.81289746	
-5.50533153593	-1629.81328764	
-5.50668563228	-1629.8136771	
-5.50803789753	-1629.81406584	
-5.50938833663	-1629.81445387	
-5.5107369545	-1629.81484118	
-5.51208375605	-1629.81522778	
-5.51342874616	-1629.81561367	
-5.51477192971	-1629.81599886	
-5.51611331154	-1629.81638334	
-5.51745289646	-1629.81676711	
-5.51879068931	-1629.81715018	
-5.52012669485	-1629.81753255	
-5.52146091786	-1629.81791422	
-5.5227933631	-1629.8182952	
-5.52412403528	-1629.81867548	
-5.52545293913	-1629.81905507	
-5.52678007934	-1629.81943397	
-5.52810546058	-1629.81981218	
-5.52942908751	-1629.8201897	
-5.53075096477	-1629.82056654	
-5.53207109697	-1629.82094269	
-5.53338948873	-1629.82131817	
-5.53470614461	-1629.82169296	
-5.53602106919	-1629.82206708	
-5.53733426702	-1629.82244052	
-5.53864574262	-1629.82281328	
-5.5399555005	-1629.82318538	
-5.54126354516	-1629.8235568	
-5.54256988107	-1629.82392756	
-5.5438745127	-1629.82429765	
-5.54517744448	-1629.82466707	
-5.54647868084	-1629.82503583	
-5.54777822618	-1629.82540393	
-5.5490760849	-1629.82577138	
-5.55037226136	-1629.82613816	
-5.55166675992	-1629.82650429	
-5.55295958492	-1629.82686976	
-5.55425074069	-1629.82723458	
-5.55554023152	-1629.82759875	
-5.5568280617	-1629.82796228	
-5.55811423551	-1629.82832515	
-5.5593987572	-1629.82868738	
-5.56068163102	-1629.82904897	
-5.56196286117	-1629.82940991	
-5.56324245188	-1629.82977022	
-5.56452040732	-1629.83012988	
-5.56579673168	-1629.83048891	
-5.56707142911	-1629.83084731	
-5.56834450376	-1629.83120507	
-5.56961595975	-1629.8315622	
-5.57088580119	-1629.8319187	
-5.57215403218	-1629.83227457	
-5.57342065679	-1629.83262981	
-5.5746856791	-1629.83298443	
-5.57594910315	-1629.83333843	
-5.57721093297	-1629.8336918	
-5.57847117258	-1629.83404456	
-5.57972982599	-1629.83439669	
-5.58098689718	-1629.83474821	
-5.58224239012	-1629.83509912	
-5.58349630878	-1629.83544941	
-5.5847486571	-1629.83579909	
-5.585999439	-1629.83614816	
-5.5872486584	-1629.83649662	
-5.5884963192	-1629.83684448	
-5.58974242528	-1629.83719173	
-5.59098698051	-1629.83753837	
-5.59222998875	-1629.83788442	
-5.59347145384	-1629.83822986	
-5.5947113796	-1629.8385747	
-5.59594976985	-1629.83891895	
-5.59718662839	-1629.8392626	
-5.598421959	-1629.83960565	
-5.59965576545	-1629.83994812	
-5.60088805149	-1629.84028999	
-5.60211882088	-1629.84063127	
-5.60334807733	-1629.84097197	
-5.60457582457	-1629.84131208	
-5.6058020663	-1629.8416516	
-5.60702680619	-1629.84199054	
-5.60825004793	-1629.8423289	
-5.60947179518	-1629.84266667	
-5.61069205159	-1629.84300387	
-5.61191082078	-1629.84334049	
-5.61312810639	-1629.84367654	
-5.61434391201	-1629.84401201	
-5.61555824124	-1629.8443469	
-5.61677109767	-1629.84468123	
-5.61798248485	-1629.84501499	
-5.61919240636	-1629.84534817	
-5.62040086572	-1629.84568079	
-5.62160786647	-1629.84601285	
-5.62281341212	-1629.84634434	
-5.62401750619	-1629.84667527	
-5.62522015215	-1629.84700563	
-5.6264213535	-1629.84733544	
-5.62762111369	-1629.84766469	
-5.62881943618	-1629.84799338	
-5.63001632442	-1629.84832152	
-5.63121178182	-1629.8486491	
-5.63240581181	-1629.84897613	
-5.6335984178	-1629.84930261	
-5.63478960317	-1629.84962853	
-5.6359793713	-1629.84995391	
-5.63716772557	-1629.85027875	
-5.63835466933	-1629.85060303	
-5.63954020593	-1629.85092678	
-5.64072433869	-1629.85124998	
-5.64190707094	-1629.85157263	
-5.64308840598	-1629.85189475	
-5.64426834712	-1629.85221633	
-5.64544689764	-1629.85253738	
-5.64662406082	-1629.85285788	
-5.64779983991	-1629.85317785	
-5.64897423816	-1629.85349729	
-5.65014725882	-1629.8538162	
-5.65131890512	-1629.85413457	
-5.65248918027	-1629.85445242	
-5.65365808747	-1629.85476974	
-5.65482562993	-1629.85508653	
-5.65599181082	-1629.8554028	
-5.65715663332	-1629.85571854	
-5.65832010058	-1629.85603376	
-5.65948221576	-1629.85634846	
-5.660642982	-1629.85666264	
-5.66180240242	-1629.8569763	
-5.66296048014	-1629.85728945	
-5.66411721826	-1629.85760207	
-5.66527261989	-1629.85791418	
-5.66642668811	-1629.85822578	
-5.66757942599	-1629.85853687	
-5.6687308366	-1629.85884745	
-5.66988092298	-1629.85915751	
-5.67102968818	-1629.85946707	
-5.67217713524	-1629.85977612	
-5.67332326717	-1629.86008466	
-5.67446808699	-1629.8603927	
-5.67561159769	-1629.86070024	
-5.67675380227	-1629.86100728	
-5.6778947037	-1629.86131381	
-5.67903430497	-1629.86161984	
-5.68017260902	-1629.86192538	
-5.6813096188	-1629.86223042	
-5.68244533727	-1629.86253496	
-5.68357976734	-1629.86283901	
-5.68471291194	-1629.86314256	
-5.68584477397	-1629.86344563	
-5.68697535634	-1629.8637482	
-5.68810466194	-1629.86405028	
-5.68923269364	-1629.86435187	
-5.69035945432	-1629.86465298	
-5.69148494685	-1629.8649536	
-5.69260917406	-1629.86525373	
-5.6937321388	-1629.86555338	
-5.69485384391	-1629.86585255	
-5.69597429221	-1629.86615124	
-5.69709348651	-1629.86644944	
-5.69821142961	-1629.86674717	
-5.69932812431	-1629.86704442	
-5.70044357339	-1629.86734119	
-5.70155777963	-1629.86763749	
-5.7026707458	-1629.86793331	
-5.70378247466	-1629.86822866	
-5.70489296894	-1629.86852353	
-5.70600223139	-1629.86881794	
-5.70711026475	-1629.86911188	
-5.70821707172	-1629.86940534	
-5.70932265503	-1629.86969834	
-5.71042701737	-1629.86999088	
-5.71153016145	-1629.87028294	
-5.71263208993	-1629.87057455	
-5.71373280551	-1629.87086569	
-5.71483231084	-1629.87115637	
-5.71593060859	-1629.87144659	
-5.71702770141	-1629.87173635	
-5.71812359193	-1629.87202564	
-5.71921828279	-1629.87231449	
-5.72031177661	-1629.87260287	
-5.72140407601	-1629.8728908	
-5.72249518359	-1629.87317828	
-5.72358510195	-1629.8734653	
-5.72467383369	-1629.87375187	
-5.72576138137	-1629.874038	
-5.72684774759	-1629.87432367	
-5.72793293489	-1629.87460889	
-5.72901694583	-1629.87489366	
-5.73009978297	-1629.87517799	
-5.73118144884	-1629.87546187	
-5.73226194598	-1629.87574531	
-5.7333412769	-1629.8760283	
-5.73441944412	-1629.87631085	
-5.73549645015	-1629.87659296	
-5.73657229748	-1629.87687463	
-5.73764698861	-1629.87715587	
-5.73872052602	-1629.87743666	
-5.73979291218	-1629.87771701	
-5.74086414956	-1629.87799693	
-5.74193424062	-1629.87827642	
-5.74300318781	-1629.87855547	
-5.74407099357	-1629.87883408	
-5.74513766034	-1629.87911227	
-5.74620319054	-1629.87939002	
-5.7472675866	-1629.87966735	
-5.74833085092	-1629.87994424	
-5.74939298591	-1629.88022071	
-5.75045399397	-1629.88049675	
-5.75151387748	-1629.88077237	
-5.75257263883	-1629.88104756	
-5.75363028038	-1629.88132232	
-5.75468680452	-1629.88159666	
-5.75574221359	-1629.88187058	
-5.75679650994	-1629.88214408	
-5.75784969593	-1629.88241716	
-5.75890177388	-1629.88268983	
-5.75995274612	-1629.88296207	
-5.76100261499	-1629.88323389	
-5.76205138278	-1629.8835053	
-5.76309905181	-1629.8837763	
-5.76414562438	-1629.88404688	
-5.76519110278	-1629.88431705	
-5.7662354893	-1629.8845868	
-5.76727878622	-1629.88485615	
-5.76832099579	-1629.88512508	
-5.7693621203	-1629.88539361	
-5.770402162	-1629.88566172	
-5.77144112313	-1629.88592943	
-5.77247900594	-1629.88619673	
-5.77351581267	-1629.88646363	
-5.77455154554	-1629.88673012	
-5.77558620679	-1629.88699621	
-5.77661979861	-1629.8872619	
-5.77765232322	-1629.88752718	
-5.77868378283	-1629.88779207	
-5.77971417962	-1629.88805655	
-5.78074351579	-1629.88832063	
-5.78177179352	-1629.88858432	
-5.78279901497	-1629.88884761	
-5.78382518233	-1629.8891105	
-5.78485029774	-1629.889373	
-5.78587436337	-1629.8896351	
-5.78689738137	-1629.88989681	
-5.78791935386	-1629.89015813	
-5.788940283	-1629.89041905	
-5.7899601709	-1629.89067959	
-5.79097901969	-1629.89093973	
-5.79199683148	-1629.89119949	
-5.79301360838	-1629.89145885	
-5.7940293525	-1629.89171783	
-5.79504406593	-1629.89197643	
-5.79605775077	-1629.89223464	
-5.79707040908	-1629.89249246	
-5.79808204295	-1629.8927499	
-5.79909265446	-1629.89300695	
-5.80010224566	-1629.89326363	
-5.80111081862	-1629.89351992	
-5.80211837538	-1629.89377583	
-5.80312491799	-1629.89403137	
-5.80413044849	-1629.89428652	
-5.80513496892	-1629.8945413	
-5.80613848129	-1629.8947957	
-5.80714098764	-1629.89504972	
-5.80814248998	-1629.89530337	
-5.80914299031	-1629.89555665	
