# log_p 	 lnL 	 
0.0	-1565.54444275	
-0.287682072452	-1565.53886762	
-0.510825623766	-1565.53041783	
-0.69314718056	-1565.52044541	
-0.847297860387	-1565.51008588	
-0.980829253012	-1565.50010547	
-1.09861228867	-1565.49096172	
-1.20397280433	-1565.48288568	
-1.29928298413	-1565.47595368	
-1.38629436112	-1565.47014417	
-1.46633706879	-1565.4653799	
-1.54044504095	-1565.46155679	
-1.60943791243	-1565.45856251	
-1.67397643357	-1565.4562874	
-1.73460105539	-1565.45463039	
-1.79175946923	-1565.45350154	
-1.8458266905	-1565.45282279	
-1.89711998489	-1565.45252755	
-1.94591014906	-1565.45255978	
-1.99243016469	-1565.45287281	
-2.03688192726	-1565.45342819	
-2.07944154168	-1565.45419449	
-2.1202635362	-1565.45514632	
-2.15948424935	-1565.45626335	
-2.19722457734	-1565.45752952	
-2.23359222151	-1565.45893235	
-2.26868354132	-1565.46046226	
-2.30258509299	-1565.46211214	
-2.33537491582	-1565.46387682	
-2.36712361413	-1565.46575273	
-2.3978952728	-1565.46773758	
-2.42774823595	-1565.46983005	
-2.45673577282	-1565.47202956	
-2.48490664979	-1565.47433613	
-2.51230562398	-1565.47675012	
-2.53897387106	-1565.4792722	
-2.56494935746	-1565.48190313	
-2.59026716545	-1565.48464376	
-2.61495977804	-1565.4874949	
-2.63905732962	-1565.49045728	
-2.66258782703	-1565.4935315	
-2.68557734525	-1565.49671801	
-2.7080502011	-1565.50001707	
-2.73002910782	-1565.50342873	
-2.75153531304	-1565.50695283	
-2.77258872224	-1565.510589	
-2.79320800944	-1565.51433665	
-2.81341071676	-1565.51819496	
-2.83321334406	-1565.52216293	
-2.85263142991	-1565.52623934	
-2.87167962488	-1565.53042279	
-2.8903717579	-1565.53471169	
-2.90872089656	-1565.53910432	
-2.92673940207	-1565.54359876	
-2.94443897917	-1565.548193	
-2.96183072188	-1565.55288487	
-2.97892515524	-1565.55767211	
-2.99573227355	-1565.56255235	
-3.01226157551	-1565.56752314	
-3.02852209638	-1565.57258196	
-3.04452243772	-1565.57772622	
-3.06027079469	-1565.58295329	
-3.07577498123	-1565.58826048	
-3.09104245336	-1565.59364509	
-3.10608033072	-1565.59910438	
-3.12089541651	-1565.60463563	
-3.13549421593	-1565.61023607	
-3.14988295338	-1565.61590296	
-3.16406758837	-1565.62163356	
-3.17805383035	-1565.62742515	
-3.19184715248	-1565.63327502	
-3.20545280454	-1565.63918049	
-3.21887582487	-1565.64513891	
-3.23212105162	-1565.65114766	
-3.24519313319	-1565.65720417	
-3.25809653802	-1565.66330587	
-3.2708355638	-1565.66945029	
-3.28341434601	-1565.67563495	
-3.295836866	-1565.68185745	
-3.3081069586	-1565.68811544	
-3.32022831913	-1565.69440658	
-3.33220451018	-1565.70072864	
-3.34403896782	-1565.70707939	
-3.35573500759	-1565.71345668	
-3.36729582999	-1565.7198584	
-3.37872452581	-1565.7262825	
-3.39002408106	-1565.73272699	
-3.40119738166	-1565.73918993	
-3.41224721785	-1565.74566941	
-3.42317628838	-1565.7521636	
-3.43398720449	-1565.75867072	
-3.4446824936	-1565.76518903	
-3.45526460293	-1565.77171685	
-3.4657359028	-1565.77825255	
-3.47609868984	-1565.78479455	
-3.48635519	-1565.79134131	
-3.49650756147	-1565.79789136	
-3.50655789732	-1565.80444327	
-3.51650822817	-1565.81099563	
-3.52636052462	-1565.81754712	
-3.53611669956	-1565.82409643	
-3.54577861047	-1565.83064232	
-3.55534806149	-1565.83718357	
-3.56482680544	-1565.84371903	
-3.57421654579	-1565.85024756	
-3.58351893846	-1565.85676809	
-3.59273559356	-1565.86327956	
-3.60186807712	-1565.86978098	
-3.61091791264	-1565.87627138	
-3.61988658263	-1565.88274982	
-3.62877553004	-1565.88921541	
-3.63758615973	-1565.89566729	
-3.6463198397	-1565.90210462	
-3.65497790244	-1565.90852662	
-3.66356164613	-1565.91493253	
-3.6720723358	-1565.92132161	
-3.68051120444	-1565.92769316	
-3.68887945411	-1565.9340465	
-3.69717825693	-1565.940381	
-3.70540875607	-1565.94669604	
-3.7135720667	-1565.95299103	
-3.72166927694	-1565.9592654	
-3.72970144863	-1565.96551862	
-3.73766961828	-1565.97175017	
-3.74557479779	-1565.97795956	
-3.75341797525	-1565.98414633	
-3.76120011569	-1565.99031003	
-3.76892216179	-1565.99645023	
-3.77658503453	-1566.00256654	
-3.78418963392	-1566.00865857	
-3.79173683955	-1566.01472596	
-3.79922751128	-1566.02076836	
-3.80666248977	-1566.02678544	
-3.81404259707	-1566.03277691	
-3.82136863716	-1566.03874246	
-3.82864139649	-1566.04468183	
-3.83586164446	-1566.05059475	
-3.84303013394	-1566.05648098	
-3.85014760171	-1566.0623403	
-3.85721476893	-1566.06817248	
-3.86423234159	-1566.07397733	
-3.87120101091	-1566.07975466	
-3.87812145375	-1566.0855043	
-3.88499433304	-1566.09122609	
-3.89182029811	-1566.09691988	
-3.8985999851	-1566.10258553	
-3.90533401728	-1566.10822291	
-3.91202300543	-1566.11383192	
-3.91866754815	-1566.11941244	
-3.92526823218	-1566.12496439	
-3.93182563272	-1566.13048767	
-3.93834031375	-1566.13598222	
-3.94481282825	-1566.14144796	
-3.95124371858	-1566.14688485	
-3.95763351668	-1566.15229283	
-3.96398274436	-1566.15767186	
-3.97029191355	-1566.16302191	
-3.97656152657	-1566.16834295	
-3.98279207632	-1566.17363497	
-3.98898404656	-1566.17889795	
-3.99513791214	-1566.1841319	
-4.00125413916	-1566.18933681	
-4.00733318523	-1566.1945127	
-4.01337549969	-1566.19965957	
-4.01938152375	-1566.20477746	
-4.02535169074	-1566.20986637	
-4.03128642625	-1566.21492636	
-4.03718614838	-1566.21995745	
-4.04305126783	-1566.22495968	
-4.04888218815	-1566.22993311	
-4.05467930583	-1566.23487778	
-4.06044301055	-1566.23979374	
-4.06617368526	-1566.24468107	
-4.07187170637	-1566.24953982	
-4.07753744391	-1566.25437005	
-4.08317126162	-1566.25917185	
-4.08877351717	-1566.26394527	
-4.09434456222	-1566.26869042	
-4.0998847426	-1566.27340735	
-4.10539439841	-1566.27809617	
-4.11087386417	-1566.28275695	
-4.11632346894	-1566.28738978	
-4.12174353641	-1566.29199477	
-4.12713438505	-1566.296572	
-4.13249632819	-1566.30112157	
-4.13782967416	-1566.30564358	
-4.14313472639	-1566.31013814	
-4.14841178349	-1566.31460535	
-4.15366113938	-1566.31904532	
-4.15888308336	-1566.32345815	
-4.16407790024	-1566.32784396	
-4.1692458704	-1566.33220286	
-4.1743872699	-1566.33653495	
-4.17950237056	-1566.34084037	
-4.18459144007	-1566.34511922	
-4.18965474203	-1566.34937162	
-4.19469253606	-1566.35359769	
-4.19970507788	-1566.35779756	
-4.20469261939	-1566.36197134	
-4.20965540873	-1566.36611917	
-4.21459369037	-1566.37024115	
-4.21950770518	-1566.37433742	
-4.22439769047	-1566.37840811	
-4.22926388012	-1566.38245333	
-4.2341065046	-1566.38647323	
-4.23892579103	-1566.39046792	
-4.2437219633	-1566.39443753	
-4.24849524205	-1566.3983822	
-4.25324584481	-1566.40230206	
-4.257973986	-1566.40619723	
-4.26267987704	-1566.41006785	
-4.26736372635	-1566.41391405	
-4.27202573946	-1566.41773596	
-4.27666611902	-1566.42153371	
-4.28128506487	-1566.42530743	
-4.28588277412	-1566.42905727	
-4.29045944115	-1566.43278334	
-4.29501525768	-1566.43648579	
-4.29955041285	-1566.44016475	
-4.3040650932	-1566.44382034	
-4.30855948279	-1566.44745271	
-4.31303376319	-1566.45106199	
-4.31748811354	-1566.45464831	
-4.3219227106	-1566.45821181	
-4.32633772881	-1566.46175261	
-4.33073334029	-1566.46527085	
-4.33510971489	-1566.46876667	
-4.33946702026	-1566.47224019	
-4.34380542185	-1566.47569155	
-4.348125083	-1566.47912089	
-4.3524261649	-1566.48252833	
-4.35670882669	-1566.48591401	
-4.36097322548	-1566.48927805	
-4.36521951636	-1566.4926206	
-4.36944785247	-1566.49594178	
-4.373658385	-1566.49924172	
-4.37785126326	-1566.50252056	
-4.38202663467	-1566.50577842	
-4.38618464482	-1566.50901544	
-4.39032543749	-1566.51223174	
-4.39444915467	-1566.51542745	
-4.39855593663	-1566.5186027	
-4.40264592188	-1566.52175763	
-4.40671924726	-1566.52489235	
-4.41077604796	-1566.528007	
-4.4148164575	-1566.53110171	
-4.4188406078	-1566.53417659	
-4.42284862919	-1566.53723178	
-4.42684065046	-1566.5402674	
-4.43081679884	-1566.54328357	
-4.43477720006	-1566.54628043	
-4.43872197835	-1566.5492581	
-4.44265125649	-1566.55221669	
-4.44656515581	-1566.55515634	
-4.45046379623	-1566.55807716	
-4.45434729625	-1566.56097927	
-4.45821577303	-1566.56386281	
-4.46206934235	-1566.56672788	
-4.46590811865	-1566.56957461	
-4.46973221509	-1566.57240312	
-4.47354174351	-1566.57521353	
-4.47733681448	-1566.57800596	
-4.48111753732	-1566.58078052	
-4.48488402011	-1566.58353733	
-4.48863636973	-1566.58627651	
-4.49237469184	-1566.58899818	
-4.49609909093	-1566.59170245	
-4.49980967033	-1566.59438943	
-4.50350653221	-1566.59705924	
-4.50718977763	-1566.59971199	
-4.51085950652	-1566.6023478	
-4.51451581772	-1566.60496678	
-4.518158809	-1566.60756904	
-4.52178857705	-1566.6101547	
-4.52540521752	-1566.61272385	
-4.52900882502	-1566.61527662	
-4.53259949315	-1566.61781311	
-4.5361773145	-1566.62033343	
-4.53974238067	-1566.62283769	
-4.54329478227	-1566.62532599	
-4.54683460898	-1566.62779845	
-4.55036194949	-1566.63025516	
-4.5538768916	-1566.63269624	
-4.55737952215	-1566.63512179	
-4.56086992709	-1566.63753192	
-4.56434819147	-1566.63992672	
-4.56781439944	-1566.6423063	
-4.57126863431	-1566.64467077	
-4.5747109785	-1566.64702022	
-4.5781415136	-1566.64935475	
-4.58156032035	-1566.65167448	
-4.58496747867	-1566.65397948	
-4.58836306767	-1566.65626988	
-4.59174716566	-1566.65854576	
-4.59511985013	-1566.66080722	
-4.59848119784	-1566.66305436	
-4.60183128472	-1566.66528727	
-4.60517018599	-1566.66750606	
-4.60849797608	-1566.66971082	
-4.61181472871	-1566.67190163	
-4.61512051684	-1566.67407861	
-4.61841541274	-1566.67624184	
-4.62169948794	-1566.67839141	
-4.62497281328	-1566.68052741	
-4.62823545892	-1566.68264995	
-4.63148749431	-1566.6847591	
-4.63472898823	-1566.68685497	
-4.63796000881	-1566.68893763	
-4.64118062351	-1566.69100718	
-4.64439089914	-1566.69306372	
-4.64759090187	-1566.69510731	
-4.65078069724	-1566.69713807	
-4.65396035016	-1566.69915606	
-4.65712992492	-1566.70116138	
-4.66028948521	-1566.70315412	
-4.66343909411	-1566.70513435	
-4.66657881412	-1566.70710217	
-4.66970870713	-1566.70905765	
-4.67282883446	-1566.71100089	
-4.67593925688	-1566.71293196	
-4.67904003455	-1566.71485095	
-4.68213122712	-1566.71675793	
-4.68521289366	-1566.718653	
-4.6882850927	-1566.72053623	
-4.69134788223	-1566.7224077	
-4.69440131972	-1566.72426748	
-4.6974454621	-1566.72611567	
-4.70048036579	-1566.72795234	
-4.70350608671	-1566.72977756	
-4.70652268025	-1566.73159142	
-4.70953020131	-1566.73339399	
-4.71252870431	-1566.73518534	
-4.71551824316	-1566.73696556	
-4.7184988713	-1566.73873471	
-4.72147064168	-1566.74049288	
-4.72443360681	-1566.74224014	
-4.72738781871	-1566.74397656	
-4.73033332894	-1566.74570221	
-4.73327018862	-1566.74741716	
-4.73619844839	-1566.7491215	
-4.7391181585	-1566.75081529	
-4.74202936871	-1566.7524986	
-4.74493212836	-1566.7541715	
-4.74782648639	-1566.75583407	
-4.75071249128	-1566.75748637	
-4.75359019111	-1566.75912847	
-4.75645963353	-1566.76076044	
-4.75932086582	-1566.76238235	
-4.7621739348	-1566.76399427	
-4.76501888693	-1566.76559626	
-4.76785576827	-1566.76718839	
-4.77068462447	-1566.76877073	
-4.77350550081	-1566.77034334	
-4.77631844218	-1566.77190629	
-4.77912349311	-1566.77345964	
-4.78192069773	-1566.77500346	
-4.78471009982	-1566.77653781	
-4.78749174278	-1566.77806275	
-4.79026566966	-1566.77957836	
-4.79303192316	-1566.78108468	
-4.7957905456	-1566.78258179	
-4.79854157897	-1566.78406974	
-4.80128506491	-1566.78554859	
-4.80402104473	-1566.78701842	
-4.80674955939	-1566.78847927	
-4.8094706495	-1566.78993121	
-4.81218435537	-1566.79137429	
-4.81489071697	-1566.79280858	
-4.81758977394	-1566.79423413	
-4.82028156561	-1566.79565101	
-4.82296613098	-1566.79705927	
-4.82564350875	-1566.79845896	
-4.8283137373	-1566.79985015	
-4.83097685472	-1566.80123289	
-4.83363289878	-1566.80260724	
-4.83628190695	-1566.80397326	
-4.83892391641	-1566.80533099	
-4.84155896405	-1566.80668049	
-4.84418708646	-1566.80802183	
-4.84680831994	-1566.80935504	
-4.84942270051	-1566.8106802	
-4.85203026392	-1566.81199734	
-4.85463104562	-1566.81330653	
-4.8572250808	-1566.81460781	
-4.85981240436	-1566.81590124	
-4.86239305096	-1566.81718687	
-4.86496705495	-1566.81846476	
-4.86753445046	-1566.81973494	
-4.87009527132	-1566.82099748	
-4.87264955112	-1566.82225242	
-4.8751973232	-1566.82349982	
-4.87773862063	-1566.82473972	
-4.88027347623	-1566.82597217	
-4.88280192259	-1566.82719723	
-4.88532399202	-1566.82841494	
-4.88783971662	-1566.82962534	
-4.89034912822	-1566.83082849	
-4.89285225844	-1566.83202444	
-4.89534913864	-1566.83321323	
-4.89783979995	-1566.83439491	
-4.90032427328	-1566.83556952	
-4.90280258929	-1566.83673712	
-4.90527477844	-1566.83789774	
-4.90774087093	-1566.83905144	
-4.91020089677	-1566.84019826	
-4.91265488574	-1566.84133823	
-4.91510286737	-1566.84247142	
-4.91754487103	-1566.84359786	
-4.91998092583	-1566.8447176	
-4.92241106068	-1566.84583067	
-4.92483530429	-1566.84693713	
-4.92725368516	-1566.84803702	
-4.92966623156	-1566.84913037	
-4.93207297159	-1566.85021724	
-4.93447393313	-1566.85129766	
-4.93686914386	-1566.85237167	
-4.93925863125	-1566.85343933	
-4.94164242261	-1566.85450066	
-4.94402054501	-1566.85555571	
-4.94639302537	-1566.85660452	
-4.94875989038	-1566.85764713	
-4.95112116656	-1566.85868358	
-4.95347688026	-1566.85971391	
-4.9558270576	-1566.86073816	
-4.95817172456	-1566.86175637	
-4.96051090691	-1566.86276858	
-4.96284463026	-1566.86377482	
-4.96517292002	-1566.86477514	
-4.96749580144	-1566.86576957	
-4.96981329958	-1566.86675815	
-4.97212543933	-1566.86774092	
-4.97443224543	-1566.86871792	
-4.97673374242	-1566.86968918	
-4.97902995468	-1566.87065474	
-4.98132090643	-1566.87161463	
-4.98360662171	-1566.87256889	
-4.98588712441	-1566.87351757	
-4.98816243824	-1566.87446069	
-4.99043258678	-1566.87539828	
-4.99269759341	-1566.87633039	
-4.99495748138	-1566.87725705	
-4.99721227376	-1566.8781783	
-4.9994619935	-1566.87909416	
-5.00170666335	-1566.88000468	
-5.00394630595	-1566.88090988	
-5.00618094375	-1566.8818098	
-5.00841059907	-1566.88270448	
-5.0106352941	-1566.88359395	
-5.01285505083	-1566.88447823	
-5.01506989116	-1566.88535737	
-5.01727983681	-1566.8862314	
-5.01948490937	-1566.88710034	
-5.02168513028	-1566.88796424	
-5.02388052085	-1566.88882311	
-5.02607110223	-1566.889677	
-5.02825689545	-1566.89052594	
-5.03043792139	-1566.89136995	
-5.03261420082	-1566.89220907	
-5.03478575433	-1566.89304332	
-5.03695260241	-1566.89387275	
-5.03911476542	-1566.89469738	
-5.04127226356	-1566.89551723	
-5.04342511692	-1566.89633235	
-5.04557334546	-1566.89714275	
-5.047716969	-1566.89794847	
-5.04985600725	-1566.89874954	
-5.05199047978	-1566.89954599	
-5.05412040604	-1566.90033784	
-5.05624580535	-1566.90112513	
-5.05836669692	-1566.90190788	
-5.06048309982	-1566.90268612	
-5.06259503303	-1566.90345989	
-5.06470251537	-1566.9042292	
-5.06680556556	-1566.90499408	
-5.06890420222	-1566.90575457	
-5.07099844382	-1566.90651068	
-5.07308830874	-1566.90726246	
-5.07517381523	-1566.90800991	
-5.07725498144	-1566.90875308	
-5.07933182538	-1566.90949199	
-5.08140436498	-1566.91022666	
-5.08347261805	-1566.91095712	
-5.08553660227	-1566.91168339	
-5.08759633523	-1566.91240551	
-5.08965183441	-1566.9131235	
-5.09170311719	-1566.91383737	
-5.09375020081	-1566.91454717	
-5.09579310244	-1566.91525291	
-5.09783183913	-1566.91595462	
-5.09986642782	-1566.91665232	
-5.10189688537	-1566.91734603	
-5.10392322852	-1566.9180358	
-5.1059454739	-1566.91872162	
-5.10796363806	-1566.91940354	
-5.10997773743	-1566.92008157	
-5.11198778836	-1566.92075574	
-5.11399380708	-1566.92142608	
-5.11599580975	-1566.92209259	
-5.11799381242	-1566.92275532	
-5.11998783102	-1566.92341428	
-5.12197788143	-1566.92406949	
-5.1239639794	-1566.92472098	
-5.12594614061	-1566.92536877	
-5.12792438062	-1566.92601289	
-5.12989871492	-1566.92665335	
-5.13186915891	-1566.92729017	
-5.13383572788	-1566.92792339	
-5.13579843705	-1566.92855301	
-5.13775730154	-1566.92917907	
-5.13971233637	-1566.92980159	
-5.1416635565	-1566.93042058	
-5.14361097679	-1566.93103607	
-5.145554612	-1566.93164807	
-5.14749447681	-1566.93225662	
-5.14943058584	-1566.93286173	
-5.15136295359	-1566.93346342	
-5.1532915945	-1566.93406171	
-5.15521652291	-1566.93465662	
-5.15713775309	-1566.93524817	
-5.15905529921	-1566.93583639	
-5.1609691754	-1566.93642129	
-5.16287939565	-1566.93700289	
-5.16478597392	-1566.93758122	
-5.16668892407	-1566.93815628	
-5.16858825987	-1566.93872811	
-5.17048399504	-1566.93929672	
-5.17237614319	-1566.93986213	
-5.17426471788	-1566.94042436	
-5.17614973257	-1566.94098343	
-5.17803120067	-1566.94153935	
-5.1799091355	-1566.94209215	
-5.18178355029	-1566.94264185	
-5.18365445823	-1566.94318846	
-5.1855218724	-1566.943732	
-5.18738580584	-1566.94427249	
-5.18924627149	-1566.94480994	
-5.19110328224	-1566.94534439	
-5.19295685089	-1566.94587583	
-5.19480699018	-1566.9464043	
-5.19665371277	-1566.94692981	
-5.19849703127	-1566.94745237	
-5.20033695819	-1566.94797201	
-5.202173506	-1566.94848874	
-5.20400668708	-1566.94900257	
-5.20583651375	-1566.94951354	
-5.20766299828	-1566.95002164	
-5.20948615284	-1566.9505269	
-5.21130598956	-1566.95102934	
-5.21312252048	-1566.95152897	
-5.21493575761	-1566.95202582	
-5.21674571285	-1566.95251988	
-5.21855239808	-1566.95301119	
-5.22035582508	-1566.95349976	
-5.22215600558	-1566.95398559	
-5.22395295126	-1566.95446872	
-5.22574667371	-1566.95494916	
-5.22753718449	-1566.95542692	
-5.22932449506	-1566.95590201	
-5.23110861685	-1566.95637446	
-5.23288956123	-1566.95684427	
-5.23466733947	-1566.95731147	
-5.23644196283	-1566.95777607	
-5.23821344248	-1566.95823808	
-5.23998178954	-1566.95869752	
-5.24174701506	-1566.9591544	
-5.24350913005	-1566.95960874	
-5.24526814546	-1566.96006056	
-5.24702407216	-1566.96050986	
-5.24877692099	-1566.96095666	
-5.25052670271	-1566.96140099	
-5.25227342805	-1566.96184284	
-5.25401710765	-1566.96228224	
-5.25575775213	-1566.9627192	
-5.25749537203	-1566.96315373	
-5.25922997784	-1566.96358586	
-5.26096158	-1566.96401558	
-5.2626901889	-1566.96444292	
-5.26441581487	-1566.96486789	
-5.26613846818	-1566.9652905	
-5.26785815906	-1566.96571077	
-5.26957489768	-1566.96612871	
-5.27128869416	-1566.96654433	
-5.27299955856	-1566.96695764	
-5.27470750091	-1566.96736867	
-5.27641253116	-1566.96777742	
-5.27811465923	-1566.96818391	
-5.27981389498	-1566.96858815	
-5.28151024823	-1566.96899014	
-5.28320372874	-1566.96938992	
-5.28489434622	-1566.96978748	
-5.28658211033	-1566.97018284	
-5.28826703069	-1566.97057601	
-5.28994911688	-1566.970967	
-5.2916283784	-1566.97135584	
-5.29330482472	-1566.97174252	
-5.29497846528	-1566.97212707	
-5.29664930945	-1566.97250949	
-5.29831736655	-1566.97288979	
-5.29998264587	-1566.97326799	
-5.30164515664	-1566.97364411	
-5.30330490806	-1566.97401814	
-5.30496190927	-1566.97439011	
-5.30661616936	-1566.97476002	
-5.3082676974	-1566.97512789	
-5.30991650239	-1566.97549373	
-5.3115625933	-1566.97585755	
-5.31320597904	-1566.97621936	
-5.3148466685	-1566.97657917	
-5.3164846705	-1566.976937	
-5.31811999384	-1566.97729285	
-5.31975264727	-1566.97764673	
-5.32138263948	-1566.97799867	
-5.32300997914	-1566.97834866	
-5.32463467487	-1566.97869672	
-5.32625673524	-1566.97904286	
-5.32787616879	-1566.97938709	
-5.32949298402	-1566.97972942	
-5.33110718937	-1566.98006986	
-5.33271879327	-1566.98040842	
-5.33432780407	-1566.98074512	
-5.33593423012	-1566.98107996	
-5.3375380797	-1566.98141296	
-5.33913936107	-1566.98174412	
-5.34073808243	-1566.98207345	
-5.34233425196	-1566.98240096	
-5.3439278778	-1566.98272667	
-5.34551896803	-1566.98305059	
-5.34710753072	-1566.98337272	
-5.34869357387	-1566.98369307	
-5.35027710548	-1566.98401166	
-5.35185813348	-1566.98432849	
-5.35343666577	-1566.98464358	
-5.35501271022	-1566.98495692	
-5.35658627467	-1566.98526855	
-5.3581573669	-1566.98557845	
-5.35972599468	-1566.98588664	
-5.36129216571	-1566.98619314	
-5.36285588769	-1566.98649795	
-5.36441716825	-1566.98680107	
-5.36597601502	-1566.98710253	
-5.36753243557	-1566.98740233	
-5.36908643744	-1566.98770047	
-5.37063802813	-1566.98799697	
-5.37218721511	-1566.98829183	
-5.37373400583	-1566.98858507	
-5.37527840768	-1566.98887669	
-5.37682042804	-1566.98916671	
-5.37836007422	-1566.98945512	
-5.37989735354	-1566.98974195	
-5.38143227326	-1566.9900272	
-5.38296484061	-1566.99031087	
-5.38449506279	-1566.99059298	
-5.38602294697	-1566.99087353	
-5.38754850028	-1566.99115253	
-5.38907172982	-1566.99143	
-5.39059264266	-1566.99170594	
-5.39211124583	-1566.99198035	
-5.39362754635	-1566.99225325	
-5.39514155118	-1566.99252465	
-5.39665326727	-1566.99279455	
-5.39816270152	-1566.99306296	
-5.39966986081	-1566.99332988	
-5.40117475199	-1566.99359534	
-5.40267738187	-1566.99385933	
-5.40417775725	-1566.99412186	
-5.40567588487	-1566.99438295	
-5.40717177146	-1566.99464259	
-5.40866542372	-1566.9949008	
-5.4101568483	-1566.99515758	
-5.41164605186	-1566.99541295	
-5.41313304098	-1566.9956669	
-5.41461782224	-1566.99591945	
-5.4161004022	-1566.99617061	
-5.41758078737	-1566.99642038	
-5.41905898424	-1566.99666876	
-5.42053499927	-1566.99691578	
-5.42200883889	-1566.99716143	
-5.4234805095	-1566.99740572	
-5.42495001748	-1566.99764866	
-5.42641736918	-1566.99789026	
-5.4278825709	-1566.99813052	
-5.42934562895	-1566.99836945	
-5.43080654959	-1566.99860706	
-5.43226533906	-1566.99884335	
-5.43372200355	-1566.99907833	
-5.43517654927	-1566.99931202	
-5.43662898235	-1566.99954441	
-5.43807930892	-1566.99977551	
-5.4395275351	-1567.00000533	
-5.44097366695	-1567.00023388	
-5.44241771052	-1567.00046116	
-5.44385967184	-1567.00068718	
-5.4452995569	-1567.00091195	
-5.44673737167	-1567.00113547	
-5.44817312209	-1567.00135775	
-5.44960681409	-1567.0015788	
-5.45103845357	-1567.00179862	
-5.45246804638	-1567.00201722	
-5.45389559837	-1567.00223461	
-5.45532111536	-1567.00245079	
-5.45674460314	-1567.00266577	
-5.45816606749	-1567.00287955	
-5.45958551414	-1567.00309214	
-5.46100294883	-1567.00330355	
-5.46241837723	-1567.00351379	
-5.46383180503	-1567.00372286	
-5.46524323786	-1567.00393076	
-5.46665268137	-1567.0041375	
-5.46806014114	-1567.0043431	
-5.46946562274	-1567.00454755	
-5.47086913175	-1567.00475085	
-5.47227067367	-1567.00495303	
-5.47367025403	-1567.00515408	
-5.47506787829	-1567.005354	
-5.47646355193	-1567.00555281	
-5.47785728038	-1567.00575052	
-5.47924906905	-1567.00594711	
-5.48063892334	-1567.00614261	
-5.48202684862	-1567.00633702	
-5.48341285022	-1567.00653034	
-5.48479693349	-1567.00672258	
-5.48617910372	-1567.00691374	
-5.48755936619	-1567.00710383	
-5.48893772616	-1567.00729286	
-5.49031418887	-1567.00748083	
-5.49168875953	-1567.00766775	
-5.49306144334	-1567.00785362	
-5.49443224547	-1567.00803845	
-5.49580117108	-1567.00822224	
-5.49716822529	-1567.008405	
-5.49853341322	-1567.00858673	
-5.49989673995	-1567.00876745	
-5.50125821054	-1567.00894714	
-5.50261783006	-1567.00912583	
-5.50397560352	-1567.00930351	
-5.50533153593	-1567.0094802	
-5.50668563228	-1567.00965588	
-5.50803789753	-1567.00983058	
-5.50938833663	-1567.0100043	
-5.5107369545	-1567.01017703	
-5.51208375605	-1567.01034879	
-5.51342874616	-1567.01051959	
-5.51477192971	-1567.01068941	
-5.51611331154	-1567.01085828	
-5.51745289646	-1567.0110262	
-5.51879068931	-1567.01119316	
-5.52012669485	-1567.01135918	
-5.52146091786	-1567.01152426	
-5.5227933631	-1567.01168841	
-5.52412403528	-1567.01185163	
-5.52545293913	-1567.01201392	
-5.52678007934	-1567.01217529	
-5.52810546058	-1567.01233575	
-5.52942908751	-1567.01249529	
-5.53075096477	-1567.01265393	
-5.53207109697	-1567.01281166	
-5.53338948873	-1567.0129685	
-5.53470614461	-1567.01312445	
-5.53602106919	-1567.01327951	
-5.53733426702	-1567.01343369	
-5.53864574262	-1567.01358698	
-5.5399555005	-1567.01373941	
-5.54126354516	-1567.01389096	
-5.54256988107	-1567.01404164	
-5.5438745127	-1567.01419147	
-5.54517744448	-1567.01434044	
-5.54647868084	-1567.01448856	
-5.54777822618	-1567.01463583	
-5.5490760849	-1567.01478225	
-5.55037226136	-1567.01492784	
-5.55166675992	-1567.01507259	
-5.55295958492	-1567.01521651	
-5.55425074069	-1567.0153596	
-5.55554023152	-1567.01550187	
-5.5568280617	-1567.01564332	
-5.55811423551	-1567.01578396	
-5.5593987572	-1567.01592379	
-5.56068163102	-1567.01606281	
-5.56196286117	-1567.01620103	
-5.56324245188	-1567.01633845	
-5.56452040732	-1567.01647508	
-5.56579673168	-1567.01661092	
-5.56707142911	-1567.01674597	
-5.56834450376	-1567.01688024	
-5.56961595975	-1567.01701373	
-5.57088580119	-1567.01714645	
-5.57215403218	-1567.0172784	
-5.57342065679	-1567.01740958	
-5.5746856791	-1567.01754	
-5.57594910315	-1567.01766966	
-5.57721093297	-1567.01779857	
-5.57847117258	-1567.01792673	
-5.57972982599	-1567.01805414	
-5.58098689718	-1567.0181808	
-5.58224239012	-1567.01830673	
-5.58349630878	-1567.01843191	
-5.5847486571	-1567.01855637	
-5.585999439	-1567.0186801	
-5.5872486584	-1567.0188031	
-5.5884963192	-1567.01892538	
-5.58974242528	-1567.01904695	
-5.59098698051	-1567.0191678	
-5.59222998875	-1567.01928794	
-5.59347145384	-1567.01940737	
-5.5947113796	-1567.0195261	
-5.59594976985	-1567.01964412	
-5.59718662839	-1567.01976146	
-5.598421959	-1567.01987809	
-5.59965576545	-1567.01999404	
-5.60088805149	-1567.02010931	
-5.60211882088	-1567.02022388	
-5.60334807733	-1567.02033778	
-5.60457582457	-1567.02045101	
-5.6058020663	-1567.02056356	
-5.60702680619	-1567.02067544	
-5.60825004793	-1567.02078666	
-5.60947179518	-1567.02089721	
-5.61069205159	-1567.0210071	
-5.61191082078	-1567.02111634	
-5.61312810639	-1567.02122493	
-5.61434391201	-1567.02133286	
-5.61555824124	-1567.02144015	
-5.61677109767	-1567.02154679	
-5.61798248485	-1567.0216528	
-5.61919240636	-1567.02175817	
-5.62040086572	-1567.0218629	
-5.62160786647	-1567.021967	
-5.62281341212	-1567.02207048	
-5.62401750619	-1567.02217333	
-5.62522015215	-1567.02227556	
-5.6264213535	-1567.02237717	
-5.62762111369	-1567.02247817	
-5.62881943618	-1567.02257855	
-5.63001632442	-1567.02267832	
-5.63121178182	-1567.02277749	
-5.63240581181	-1567.02287606	
-5.6335984178	-1567.02297402	
-5.63478960317	-1567.02307139	
-5.6359793713	-1567.02316816	
-5.63716772557	-1567.02326434	
-5.63835466933	-1567.02335993	
-5.63954020593	-1567.02345494	
-5.64072433869	-1567.02354936	
-5.64190707094	-1567.0236432	
-5.64308840598	-1567.02373647	
-5.64426834712	-1567.02382916	
-5.64544689764	-1567.02392128	
-5.64662406082	-1567.02401283	
-5.64779983991	-1567.02410381	
-5.64897423816	-1567.02419423	
-5.65014725882	-1567.0242841	
-5.65131890512	-1567.0243734	
-5.65248918027	-1567.02446215	
-5.65365808747	-1567.02455034	
-5.65482562993	-1567.02463799	
-5.65599181082	-1567.02472509	
-5.65715663332	-1567.02481164	
-5.65832010058	-1567.02489765	
-5.65948221576	-1567.02498313	
-5.660642982	-1567.02506806	
-5.66180240242	-1567.02515247	
-5.66296048014	-1567.02523634	
-5.66411721826	-1567.02531968	
-5.66527261989	-1567.0254025	
-5.66642668811	-1567.02548479	
-5.66757942599	-1567.02556656	
-5.6687308366	-1567.02564782	
-5.66988092298	-1567.02572855	
-5.67102968818	-1567.02580878	
-5.67217713524	-1567.02588849	
-5.67332326717	-1567.0259677	
-5.67446808699	-1567.02604639	
-5.67561159769	-1567.02612459	
-5.67675380227	-1567.02620228	
-5.6778947037	-1567.02627948	
-5.67903430497	-1567.02635617	
-5.68017260902	-1567.02643238	
-5.6813096188	-1567.02650809	
-5.68244533727	-1567.02658331	
-5.68357976734	-1567.02665805	
-5.68471291194	-1567.0267323	
-5.68584477397	-1567.02680607	
-5.68697535634	-1567.02687936	
-5.68810466194	-1567.02695217	
-5.68923269364	-1567.02702451	
-5.69035945432	-1567.02709637	
-5.69148494685	-1567.02716776	
-5.69260917406	-1567.02723869	
-5.6937321388	-1567.02730915	
-5.69485384391	-1567.02737914	
-5.69597429221	-1567.02744867	
-5.69709348651	-1567.02751774	
-5.69821142961	-1567.02758636	
-5.69932812431	-1567.02765452	
-5.70044357339	-1567.02772223	
-5.70155777963	-1567.02778948	
-5.7026707458	-1567.02785629	
-5.70378247466	-1567.02792265	
-5.70489296894	-1567.02798857	
-5.70600223139	-1567.02805404	
-5.70711026475	-1567.02811907	
-5.70821707172	-1567.02818367	
-5.70932265503	-1567.02824783	
-5.71042701737	-1567.02831155	
-5.71153016145	-1567.02837485	
-5.71263208993	-1567.02843771	
-5.71373280551	-1567.02850015	
-5.71483231084	-1567.02856216	
-5.71593060859	-1567.02862375	
-5.71702770141	-1567.02868491	
-5.71812359193	-1567.02874566	
-5.71921828279	-1567.02880599	
-5.72031177661	-1567.0288659	
-5.72140407601	-1567.0289254	
-5.72249518359	-1567.02898448	
-5.72358510195	-1567.02904316	
-5.72467383369	-1567.02910143	
-5.72576138137	-1567.02915929	
-5.72684774759	-1567.02921675	
-5.72793293489	-1567.02927381	
-5.72901694583	-1567.02933047	
-5.73009978297	-1567.02938672	
-5.73118144884	-1567.02944259	
-5.73226194598	-1567.02949805	
-5.7333412769	-1567.02955313	
-5.73441944412	-1567.02960781	
-5.73549645015	-1567.02966211	
-5.73657229748	-1567.02971602	
-5.73764698861	-1567.02976954	
-5.73872052602	-1567.02982268	
-5.73979291218	-1567.02987544	
-5.74086414956	-1567.02992782	
-5.74193424062	-1567.02997982	
-5.74300318781	-1567.03003144	
-5.74407099357	-1567.03008269	
-5.74513766034	-1567.03013357	
-5.74620319054	-1567.03018407	
-5.7472675866	-1567.03023421	
-5.74833085092	-1567.03028398	
-5.74939298591	-1567.03033338	
-5.75045399397	-1567.03038242	
-5.75151387748	-1567.0304311	
-5.75257263883	-1567.03047942	
-5.75363028038	-1567.03052737	
-5.75468680452	-1567.03057497	
-5.75574221359	-1567.03062222	
-5.75679650994	-1567.03066911	
-5.75784969593	-1567.03071565	
-5.75890177388	-1567.03076184	
-5.75995274612	-1567.03080768	
-5.76100261499	-1567.03085317	
-5.76205138278	-1567.03089832	
-5.76309905181	-1567.03094312	
-5.76414562438	-1567.03098758	
-5.76519110278	-1567.0310317	
-5.7662354893	-1567.03107548	
-5.76727878622	-1567.03111892	
-5.76832099579	-1567.03116203	
-5.7693621203	-1567.0312048	
-5.770402162	-1567.03124724	
-5.77144112313	-1567.03128934	
-5.77247900594	-1567.03133112	
-5.77351581267	-1567.03137257	
-5.77455154554	-1567.03141369	
-5.77558620679	-1567.03145449	
-5.77661979861	-1567.03149496	
-5.77765232322	-1567.03153512	
-5.77868378283	-1567.03157495	
-5.77971417962	-1567.03161446	
-5.78074351579	-1567.03165365	
-5.78177179352	-1567.03169253	
-5.78279901497	-1567.0317311	
-5.78382518233	-1567.03176935	
-5.78485029774	-1567.03180728	
-5.78587436337	-1567.03184491	
-5.78689738137	-1567.03188223	
-5.78791935386	-1567.03191924	
-5.788940283	-1567.03195595	
-5.7899601709	-1567.03199235	
-5.79097901969	-1567.03202845	
-5.79199683148	-1567.03206424	
-5.79301360838	-1567.03209974	
-5.7940293525	-1567.03213493	
-5.79504406593	-1567.03216983	
-5.79605775077	-1567.03220444	
-5.79707040908	-1567.03223874	
-5.79808204295	-1567.03227276	
-5.79909265446	-1567.03230648	
-5.80010224566	-1567.03233991	
-5.80111081862	-1567.03237306	
-5.80211837538	-1567.03240591	
-5.80312491799	-1567.03243848	
-5.80413044849	-1567.03247076	
-5.80513496892	-1567.03250276	
-5.80613848129	-1567.03253447	
-5.80714098764	-1567.03256591	
-5.80814248998	-1567.03259706	
-5.80914299031	-1567.03262793	
