#Site	lnL	
0	-1.36031148905
1	-7.22137413599
2	-2.49208512781
3	-1.36031148905
4	-1.58534834684
5	-8.31414608211
6	-1.64906186678
7	-1.58534834684
8	-11.3441107023
9	-8.46056805764
10	-1.32671925112
11	-3.01371310897
12	-1.59394006019
13	-1.32671925112
14	-2.97488181687
15	-1.36031148905
16	-1.30682666467
17	-9.58200567455
18	-1.64906186678
19	-1.58534834684
20	-7.48427712089
21	-1.59394006019
22	-1.32671925112
23	-2.49208512781
24	-1.36031148905
25	-1.58534834684
26	-2.49208512781
27	-1.36031148905
28	-6.46609240869
29	-14.1422835228
30	-1.36031148905
31	-1.30682666467
32	-2.46327227516
33	-1.64906186678
34	-1.58534834684
35	-2.46327227516
36	-1.37790188237
37	-1.52927022203
38	-4.32822534009
39	-1.59394006019
40	-1.52927022203
41	-2.97488181687
42	-1.36031148905
43	-1.52927022203
44	-4.38591903503
45	-1.59394006019
46	-1.32671925112
47	-3.01371310897
48	-1.64906186678
49	-1.32671925112
50	-7.06514412608
51	-1.64906186678
52	-10.2646006016
53	-5.28697845348
54	-1.36031148905
55	-1.30682666467
56	-12.1117559454
57	-1.36031148905
58	-1.30682666467
59	-2.46327227516
60	-1.59394006019
61	-1.58534834684
62	-11.1643913967
63	-1.59394006019
64	-1.32671925112
65	-5.95027470003
66	-1.59394006019
67	-1.30682666467
68	-2.46327227516
69	-1.64906186678
70	-1.30682666467
71	-12.8603319195
72	-1.37790188237
73	-1.30682666467
74	-2.49208512781
75	-1.59394006019
76	-1.32671925112
77	-5.451588974
78	-1.64906186678
79	-1.30682666467
80	-2.46327227516
81	-1.64906186678
82	-1.30682666467
83	-8.81108843845
84	-1.64906186678
85	-1.58534834684
86	-7.3734585783
87	-1.36031148905
88	-1.32671925112
89	-6.22988175425
90	-1.37790188237
91	-1.32671925112
92	-5.28697845348
93	-1.36031148905
94	-1.52927022203
95	-11.0669102178
96	-8.15943985156
97	-1.30682666467
98	-2.46327227516
99	-1.37790188237
100	-1.58534834684
101	-2.49208512781
102	-1.64906186678
103	-1.52927022203
104	-7.76636635805
105	-1.59394006019
106	-1.30682666467
107	-6.39611292594
108	-1.59394006019
109	-1.52927022203
110	-2.49208512781
111	-1.59394006019
112	-1.32671925112
113	-5.88979636827
114	-1.37790188237
115	-1.52927022203
116	-9.84774491715
117	-1.37790188237
118	-1.52927022203
119	-6.00940280262
120	-1.36031148905
121	-1.58534834684
122	-3.01371310897
123	-1.64906186678
124	-1.32671925112
125	-11.1625885257
126	-1.64906186678
127	-1.32671925112
128	-2.97488181687
129	-1.59394006019
130	-1.30682666467
131	-6.05512246447
132	-1.37790188237
133	-1.32671925112
134	-5.92076942406
135	-1.64906186678
136	-1.52927022203
137	-4.32822534009
138	-7.52903337716
139	-1.30682666467
140	-2.46327227516
141	-1.59394006019
142	-1.32671925112
143	-2.97488181687
144	-1.64906186678
145	-1.52927022203
146	-10.9252149564
147	-1.37790188237
148	-1.30682666467
149	-2.46327227516
150	-1.36031148905
151	-1.30682666467
152	-3.01371310897
153	-1.36031148905
154	-1.58534834684
155	-12.4413523018
156	-1.64906186678
157	-1.58534834684
158	-11.1261253743
159	-1.59394006019
160	-1.52927022203
161	-7.56317788634
162	-1.37790188237
163	-1.32671925112
164	-14.2181791305
165	-11.9875163692
166	-1.32671925112
167	-2.46327227516
168	-1.36031148905
169	-1.32671925112
170	-6.28230627558
171	-1.36031148905
172	-1.30682666467
173	-4.38591903503
174	-1.36031148905
175	-1.52927022203
176	-8.62993657114
177	-9.2850080448
178	-1.58534834684
179	-7.24910418205
180	-1.37790188237
181	-1.32671925112
182	-7.55354916551
183	-1.37790188237
184	-1.30682666467
185	-4.89283717499
186	-1.37790188237
187	-1.52927022203
188	-6.06669606605
189	-1.36031148905
190	-1.32671925112
191	-7.34011330937
192	-1.64906186678
193	-1.32671925112
194	-2.49208512781
195	-1.59394006019
196	-1.52927022203
197	-6.70150067153
198	-1.37790188237
199	-1.52927022203
200	-3.01371310897
201	-6.51287321449
202	-1.58534834684
203	-5.98010867607
204	-1.37790188237
205	-1.58534834684
206	-2.97488181687
207	-1.59394006019
208	-1.32671925112
209	-2.97488181687
210	-1.36031148905
211	-1.30682666467
212	-6.53803811246
213	-1.36031148905
214	-1.52927022203
215	-2.49208512781
216	-1.36031148905
217	-1.58534834684
218	-2.97488181687
219	-1.37790188237
220	-1.52927022203
221	-5.6899395491
222	-1.64906186678
223	-1.30682666467
224	-10.2933318673
225	-1.59394006019
226	-1.58534834684
227	-7.32778202413
228	-1.37790188237
229	-1.58534834684
230	-9.69809550287
231	-1.64906186678
232	-1.52927022203
233	-5.52141759704
234	-1.36031148905
235	-1.58534834684
236	-6.4270971225
237	-7.18504726034
238	-1.52927022203
239	-9.07041521528
240	-1.36031148905
241	-1.30682666467
242	-7.25037701719
243	-5.66212771556
244	-1.52927022203
245	-6.70150067153
246	-1.64906186678
247	-1.32671925112
248	-11.0456078585
249	-1.36031148905
250	-1.30682666467
251	-7.08030131475
252	-1.64906186678
253	-1.32671925112
254	-2.49208512781
255	-1.37790188237
256	-1.32671925112
257	-8.59571493839
258	-1.37790188237
259	-1.52927022203
260	-8.60581600872
261	-1.36031148905
262	-1.30682666467
263	-2.49208512781
264	-1.59394006019
265	-1.30682666467
266	-7.3734585783
267	-1.59394006019
268	-1.52927022203
269	-2.46327227516
270	-1.37790188237
271	-6.38844542774
272	-3.01371310897
273	-1.37790188237
274	-1.52927022203
275	-2.49208512781
276	-1.36031148905
277	-1.30682666467
278	-8.66205343187
279	-6.61493258119
280	-1.30682666467
281	-8.41588072062
282	-1.37790188237
283	-1.32671925112
284	-4.89283717499
285	-1.36031148905
286	-1.58534834684
287	-7.26557513045
288	-1.64906186678
289	-1.32671925112
290	-15.4945384391
291	-1.64906186678
292	-1.32671925112
293	-2.46327227516
294	-1.64906186678
295	-1.30682666467
296	-6.01037594416
297	-1.37790188237
298	-1.32671925112
299	-7.34011330937
300	-1.36031148905
301	-1.32671925112
302	-5.6899395491
303	-1.37790188237
304	-1.32671925112
305	-9.17600851525
306	-9.73384064958
307	-1.58534834684
308	-4.89283717499
309	-1.64906186678
310	-7.98722278752
311	-2.49208512781
312	-1.37790188237
313	-1.58534834684
314	-8.15374862029
315	-1.37790188237
316	-1.30682666467
317	-5.12289573907
318	-1.64906186678
319	-1.52927022203
320	-7.20481659857
321	-6.41708281717
322	-1.32671925112
323	-5.95557740658
324	-6.43600798042
325	-1.52927022203
326	-6.46860194512
327	-1.36031148905
328	-1.58534834684
329	-2.46327227516
330	-1.36031148905
331	-1.30682666467
332	-8.59571493839
333	-1.36031148905
334	-10.170361183
335	-5.52141759704
336	-1.59394006019
337	-1.30682666467
338	-8.09826426165
339	-1.36031148905
340	-1.52927022203
341	-5.23291993994
342	-1.36031148905
343	-1.52927022203
344	-5.23291993994
345	-1.59394006019
346	-1.30682666467
347	-5.98010867607
348	-1.36031148905
349	-1.30682666467
350	-2.46327227516
351	-1.59394006019
352	-1.52927022203
353	-2.46327227516
354	-1.64906186678
355	-1.32671925112
356	-4.13348153593
357	-1.64906186678
358	-1.58534834684
359	-6.24795417624
360	-1.64906186678
361	-1.32671925112
362	-7.37952253303
363	-1.37790188237
364	-1.32671925112
365	-8.74437085065
366	-1.37790188237
367	-1.32671925112
368	-2.46327227516
369	-1.37790188237
370	-1.32671925112
371	-2.46327227516
372	-1.64906186678
373	-1.30682666467
374	-11.4818481191
375	-9.29576685439
376	-1.30682666467
377	-7.56906186579
378	-6.6269857053
379	-1.32671925112
380	-4.86142619718
381	-1.64906186678
382	-1.58534834684
383	-11.4036339668
384	-1.59394006019
385	-1.32671925112
386	-2.46327227516
387	-1.37790188237
388	-1.32671925112
389	-4.86142619718
390	-1.37790188237
391	-1.32671925112
392	-10.0054163224
393	-1.36031148905
394	-1.52927022203
395	-3.01371310897
396	-1.36031148905
397	-1.32671925112
398	-3.01371310897
399	-1.37790188237
400	-1.32671925112
401	-5.08473665269
402	-7.76152246327
403	-1.30682666467
404	-6.46860194512
405	-1.37790188237
406	-1.30682666467
407	-6.41398681669
408	-1.36031148905
409	-1.52927022203
410	-5.451588974
411	-1.64906186678
412	-1.30682666467
413	-8.54997862001
414	-1.37790188237
415	-1.58534834684
416	-2.46327227516
417	-1.36031148905
418	-1.58534834684
419	-2.46327227516
420	-1.36031148905
421	-1.30682666467
422	-10.4914953821
423	-1.64906186678
424	-1.30682666467
425	-6.14917862042
426	-1.59394006019
427	-1.52927022203
428	-8.86020968133
429	-1.36031148905
430	-1.30682666467
431	-9.76896961334
432	-1.36031148905
433	-1.32671925112
434	-5.1858899822
435	-1.59394006019
436	-1.32671925112
437	-8.78765655767
438	-1.36031148905
439	-1.32671925112
440	-5.66546904417
441	-1.59394006019
442	-1.32671925112
443	-6.48096029777
444	-1.36031148905
445	-1.52927022203
446	-6.22988175425
447	-1.59394006019
448	-1.30682666467
449	-4.32822534009
450	-1.37790188237
451	-1.30682666467
452	-3.01371310897
453	-1.64906186678
454	-1.58534834684
455	-3.01371310897
456	-1.64906186678
457	-1.32671925112
458	-14.9077376373
459	-1.64906186678
460	-1.58534834684
461	-5.1858899822
462	-1.64906186678
463	-1.30682666467
464	-11.3669977227
465	-1.37790188237
466	-1.58534834684
467	-12.6362769736
468	-1.64906186678
469	-6.38143459828
470	-10.275770639
471	-1.59394006019
472	-1.52927022203
473	-2.97488181687
474	-1.64906186678
475	-1.52927022203
476	-6.53803811246
477	-1.37790188237
478	-1.30682666467
479	-13.4292856894
480	-1.37790188237
481	-1.32671925112
482	-7.46001640955
483	-1.36031148905
484	-1.32671925112
485	-10.4606228471
486	-1.64906186678
487	-1.30682666467
488	-9.43248535544
