#Site	lnL	
0	-1.41705002114
1	-1.68785406173
2	-15.5851848559
3	-1.41705002114
4	-1.35154821872
5	-16.7368754699
6	-1.41705002114
7	-1.53331618112
8	-14.7922431939
9	-1.41705002114
10	-1.35154821872
11	-29.3717439109
12	-1.60923314319
13	-1.35154821872
14	-29.2220563065
15	-1.41705002114
16	-1.68785406173
17	-26.540291463
18	-1.41705002114
19	-1.53331618112
20	-14.2005025077
21	-1.41705002114
22	-1.31370400197
23	-42.622795788
24	-1.60923314319
25	-1.68785406173
26	-27.5119463768
27	-1.76634317369
28	-1.31370400197
29	-16.3163228098
30	-1.37187259442
31	-1.68785406173
32	-14.1561657114
33	-1.76634317369
34	-6.51124376873
35	-26.7872329698
36	-1.41705002114
37	-1.35154821872
38	-1.45092952412
39	-1.76634317369
40	-1.35154821872
41	-45.1037348686
42	-1.41705002114
43	-1.31370400197
44	-16.5943979565
45	-1.60923314319
46	-1.68785406173
47	-30.2017284825
48	-1.37187259442
49	-1.68785406173
50	-14.0342534103
51	-1.60923314319
52	-1.31370400197
53	-14.2005025077
54	-1.76634317369
55	-1.31370400197
56	-1.45092952412
57	-1.60923314319
58	-1.53331618112
59	-16.1822197949
60	-1.76634317369
61	-1.68785406173
62	-14.2474732153
63	-1.41705002114
64	-6.3242591742
65	-18.8774207889
66	-1.37187259442
67	-11.3589383368
68	-27.6978725246
69	-1.60923314319
70	-1.35154821872
71	-27.846788506
72	-1.76634317369
73	-1.31370400197
74	-1.28041690002
75	-1.76634317369
76	-1.31370400197
77	-30.3830471288
78	-1.37187259442
79	-1.53331618112
80	-40.8300306933
81	-1.60923314319
82	-1.53331618112
83	-32.3371112495
84	-5.73599329624
85	-1.68785406173
86	-1.45092952412
87	-5.74721179865
88	-6.34668923106
89	-27.7547464051
90	-1.41705002114
91	-1.31370400197
92	-16.4382428962
93	-1.41705002114
94	-1.35154821872
95	-43.8320866784
96	-14.4581208287
97	-1.31370400197
98	-30.171855483
99	-1.41705002114
100	-1.35154821872
101	-14.1255563913
102	-1.41705002114
103	-1.35154821872
104	-33.066271188
105	-1.60923314319
106	-1.68785406173
107	-1.28041690002
108	-1.60923314319
109	-1.53331618112
110	-1.25053638065
111	-1.41705002114
112	-1.68785406173
113	-1.60272689487
114	-1.41705002114
115	-1.31370400197
116	-28.0232869371
117	-1.37187259442
118	-1.35154821872
119	-1.28041690002
120	-1.60923314319
121	-1.35154821872
122	-1.25053638065
123	-8.52222375952
124	-1.53331618112
125	-29.4319441505
126	-1.37187259442
127	-1.31370400197
128	-1.45092952412
129	-1.60923314319
130	-1.35154821872
131	-14.2004985728
132	-1.76634317369
133	-1.68785406173
134	-29.5521236048
135	-1.41705002114
136	-1.53331618112
137	-1.60272689487
138	-1.37187259442
139	-1.68785406173
140	-1.25053638065
141	-1.37187259442
142	-1.53331618112
143	-15.8705025707
144	-5.95269557985
145	-1.53331618112
146	-1.28041690002
147	-1.41705002114
148	-1.68785406173
149	-29.6569577849
150	-1.37187259442
151	-1.53331618112
152	-1.45092952412
153	-1.60923314319
154	-1.31370400197
155	-32.2876708518
156	-1.41705002114
157	-1.53331618112
158	-26.8751292557
159	-1.76634317369
160	-1.53331618112
161	-29.1837661577
162	-7.21905493973
163	-1.35154821872
164	-1.45092952412
165	-7.68349857885
166	-1.31370400197
167	-28.6884229838
168	-1.37187259442
169	-1.68785406173
170	-31.3976305585
171	-1.37187259442
172	-1.35154821872
173	-26.9671713531
174	-6.80016248484
175	-1.68785406173
176	-1.45092952412
177	-1.37187259442
178	-1.31370400197
179	-1.28041690002
180	-1.60923314319
181	-1.35154821872
182	-1.25053638065
183	-1.76634317369
184	-1.35154821872
185	-14.1561657114
186	-5.84770863432
187	-1.35154821872
188	-30.325707637
189	-5.73599329624
190	-6.33008681363
191	-31.4346196032
192	-1.60923314319
193	-1.31370400197
194	-16.957508791
195	-1.37187259442
196	-1.35154821872
197	-40.3463413163
198	-1.60923314319
199	-1.31370400197
200	-15.1714183862
201	-5.95269557985
202	-1.35154821872
203	-38.943413532
204	-1.41705002114
205	-1.53331618112
206	-15.4632689837
207	-7.28750416329
208	-1.35154821872
209	-1.28041690002
210	-1.41705002114
211	-1.53331618112
212	-15.2933342797
213	-1.41705002114
214	-1.53331618112
215	-1.25053638065
216	-1.37187259442
217	-1.35154821872
218	-1.60272689487
219	-1.41705002114
220	-1.68785406173
221	-30.3193730653
222	-5.80626425645
223	-10.4543218587
224	-14.3224222608
225	-1.76634317369
226	-8.03234884245
227	-15.2933423426
228	-1.37187259442
229	-1.31370400197
230	-14.7922431939
231	-1.37187259442
232	-1.31370400197
233	-14.6703312512
234	-6.88627310909
235	-1.31370400197
236	-58.2203729599
237	-1.60923314319
238	-1.53331618112
239	-16.3846901805
240	-1.60923314319
241	-1.35154821872
242	-15.74858559
243	-1.60923314319
244	-8.77953468217
245	-27.1344125485
246	-1.60923314319
247	-1.35154821872
248	-29.3797141453
249	-1.76634317369
250	-1.35154821872
251	-1.28041690002
252	-1.41705002114
253	-1.31370400197
254	-30.4207090112
255	-5.91386889594
256	-1.68785406173
257	-1.25053638065
258	-1.37187259442
259	-1.35154821872
260	-14.3224222608
261	-1.41705002114
262	-1.35154821872
263	-1.45092952412
264	-1.41705002114
265	-1.35154821872
266	-14.3224145837
267	-1.41705002114
268	-6.87858704892
269	-14.6703312512
270	-1.41705002114
271	-1.53331618112
272	-1.28041690002
273	-1.41705002114
274	-1.31370400197
275	-1.25053638065
276	-1.37187259442
277	-1.35154821872
278	-1.60272689487
279	-1.37187259442
280	-1.35154821872
281	-1.25053638065
282	-6.779261255
283	-1.31370400197
284	-14.6703312512
285	-1.60923314319
286	-8.64344836026
287	-1.25053638065
288	-1.37187259442
289	-1.31370400197
290	-33.272517599
291	-1.41705002114
292	-1.31370400197
293	-16.7401964684
294	-1.37187259442
295	-1.35154821872
296	-27.4241599893
297	-1.41705002114
298	-1.53331618112
299	-26.3455772155
300	-1.41705002114
301	-1.53331618112
302	-29.3140985015
303	-1.76634317369
304	-1.68785406173
305	-14.3224145837
306	-1.37187259442
307	-1.68785406173
308	-40.2798746147
309	-1.60923314319
310	-1.68785406173
311	-30.6778471894
312	-1.76634317369
313	-1.68785406173
314	-14.1561657114
315	-1.37187259442
316	-1.53331618112
317	-1.60272689487
318	-1.41705002114
319	-1.31370400197
320	-40.889169896
321	-6.80016248484
322	-1.31370400197
323	-1.45092952412
324	-1.60923314319
325	-1.31370400197
326	-15.74858559
327	-1.37187259442
328	-1.53331618112
329	-27.4241599893
330	-1.60923314319
331	-9.13187525905
332	-14.7922510109
333	-1.41705002114
334	-1.35154821872
335	-28.2128461466
336	-1.41705002114
337	-1.35154821872
338	-29.087841484
339	-1.37187259442
340	-1.35154821872
341	-26.5892592296
342	-1.41705002114
343	-1.35154821872
344	-44.4310418897
345	-1.41705002114
346	-1.35154821872
347	-14.1255563913
348	-1.41705002114
349	-1.68785406173
350	-14.0342496447
351	-1.37187259442
352	-1.53331618112
353	-28.0130377085
354	-1.76634317369
355	-1.53331618112
356	-29.2614390606
357	-1.37187259442
358	-1.35154821872
359	-28.8484957135
360	-1.60923314319
361	-1.31370400197
362	-14.2474732153
363	-1.41705002114
364	-1.31370400197
365	-1.25053638065
366	-1.37187259442
367	-1.53331618112
368	-27.1780957673
369	-1.37187259442
370	-1.31370400197
371	-26.435650237
372	-1.60923314319
373	-1.31370400197
374	-28.8531791327
375	-1.76634317369
376	-1.35154821872
377	-16.4596328514
378	-1.41705002114
379	-1.53331618112
380	-27.3456971743
381	-1.41705002114
382	-1.53331618112
383	-1.60272689487
384	-5.75086990497
385	-1.31370400197
386	-14.6703272447
387	-1.76634317369
388	-1.31370400197
389	-26.8751292557
390	-1.37187259442
391	-1.68785406173
392	-1.28041690002
393	-1.76634317369
394	-1.68785406173
395	-57.5604731158
396	-1.76634317369
397	-1.53331618112
398	-1.25053638065
399	-1.60923314319
400	-1.31370400197
401	-30.2565890296
402	-5.74721179865
403	-1.68785406173
404	-14.7922431939
405	-1.37187259442
406	-1.31370400197
407	-1.45092952412
408	-1.37187259442
409	-1.31370400197
410	-16.5551993507
411	-1.41705002114
412	-1.35154821872
413	-15.5851848559
414	-1.76634317369
415	-1.68785406173
416	-26.1956660355
417	-1.37187259442
418	-1.31370400197
419	-1.25053638065
420	-5.84770863432
421	-1.53331618112
422	-14.1255586094
423	-1.41705002114
424	-1.53331618112
425	-1.45092952412
426	-1.37187259442
427	-1.68785406173
428	-26.734017411
429	-1.60923314319
430	-1.35154821872
431	-1.45092952412
432	-1.41705002114
433	-1.68785406173
434	-1.28041690002
435	-1.60923314319
436	-1.68785406173
437	-14.1255586094
438	-1.37187259442
439	-1.31370400197
440	-15.4632689837
441	-1.76634317369
442	-1.35154821872
443	-14.1561730583
444	-1.76634317369
445	-1.35154821872
446	-28.6613481339
447	-1.76634317369
448	-1.31370400197
449	-1.25053638065
450	-5.74721179865
451	-1.35154821872
452	-40.0544900358
453	-1.41705002114
454	-1.31370400197
455	-1.28041690002
456	-1.37187259442
457	-1.68785406173
458	-14.1255563913
459	-1.60923314319
460	-1.68785406173
461	-14.1255563913
462	-1.60923314319
463	-1.68785406173
464	-29.2615888121
465	-1.76634317369
466	-1.53331618112
467	-1.28041690002
468	-1.60923314319
469	-1.53331618112
470	-17.0999769971
471	-1.60923314319
472	-1.68785406173
473	-28.0232893276
474	-5.74721179865
475	-1.35154821872
476	-1.45092952412
477	-1.60923314319
478	-1.53331618112
479	-14.1255586094
480	-1.41705002114
481	-1.35154821872
482	-1.60272689487
483	-1.76634317369
484	-1.31370400197
485	-17.4305565318
486	-1.37187259442
487	-1.35154821872
488	-14.3224145837
