#Site	lnL	
0	-1.32917736844
1	-1.56460852976
2	-16.7183377173
3	-1.32917736844
4	-1.30294414027
5	-8.60759938676
6	-1.32917736844
7	-1.74181820164
8	-4.99061718174
9	-1.63233682344
10	-1.30294414027
11	-3.25210804356
12	-1.32917736844
13	-1.74181820164
14	-5.74958998191
15	-1.32917736844
16	-1.27603031816
17	-6.99377578684
18	-1.32917736844
19	-1.27603031816
20	-4.44828094733
21	-1.63233682344
22	-1.30294414027
23	-4.62238671366
24	-1.80819340088
25	-1.56460852976
26	-7.48531862061
27	-1.34919260971
28	-1.56460852976
29	-8.12233999869
30	-1.32917736844
31	-1.56460852976
32	-4.80077544337
33	-1.63233682344
34	-6.9950931832
35	-9.38024906418
36	-1.34919260971
37	-1.30294414027
38	-8.25336889026
39	-6.45646717379
40	-1.30294414027
41	-11.0271805672
42	-1.32917736844
43	-1.74181820164
44	-3.48866766592
45	-1.80819340088
46	-1.27603031816
47	-6.87389730953
48	-1.80819340088
49	-1.27603031816
50	-11.565202725
51	-1.34919260971
52	-1.27603031816
53	-4.44828094733
54	-1.34919260971
55	-1.30294414027
56	-9.4421211177
57	-1.34919260971
58	-1.27603031816
59	-6.06382570318
60	-1.63233682344
61	-1.74181820164
62	-4.62238671366
63	-1.34919260971
64	-1.30294414027
65	-7.9068014027
66	-1.80819340088
67	-1.27603031816
68	-6.9758423225
69	-1.80819340088
70	-1.56460852976
71	-7.20897079947
72	-6.20190368333
73	-1.74181820164
74	-4.44828094733
75	-1.63233682344
76	-1.74181820164
77	-7.20897079947
78	-1.80819340088
79	-1.74181820164
80	-8.59627015714
81	-1.32917736844
82	-1.27603031816
83	-7.7316070236
84	-1.80819340088
85	-1.74181820164
86	-3.25210804356
87	-1.63233682344
88	-1.74181820164
89	-8.70553297505
90	-1.32917736844
91	-1.56460852976
92	-10.3603383119
93	-1.34919260971
94	-1.74181820164
95	-3.25210804356
96	-1.32917736844
97	-1.30294414027
98	-3.25210804356
99	-1.34919260971
100	-1.56460852976
101	-4.99061718174
102	-1.34919260971
103	-1.30294414027
104	-7.77353985185
105	-11.0596136756
106	-1.56460852976
107	-11.3757343156
108	-1.63233682344
109	-11.8212034592
110	-5.20959011304
111	-1.34919260971
112	-1.74181820164
113	-3.25210804356
114	-1.34919260971
115	-1.74181820164
116	-7.96687495156
117	-7.07444152614
118	-1.74181820164
119	-3.25210804356
120	-1.63233682344
121	-1.56460852976
122	-5.84117793869
123	-1.80819340088
124	-1.56460852976
125	-4.44828094733
126	-1.32917736844
127	-1.56460852976
128	-10.6401635375
129	-1.63233682344
130	-1.74181820164
131	-8.26839013059
132	-1.63233682344
133	-1.56460852976
134	-10.4264304979
135	-1.34919260971
136	-1.27603031816
137	-3.25210804356
138	-6.90154609441
139	-1.56460852976
140	-8.02712775261
141	-1.34919260971
142	-1.30294414027
143	-3.25210804356
144	-1.32917736844
145	-1.74181820164
146	-5.20959011304
147	-1.80819340088
148	-1.56460852976
149	-5.71312658688
150	-1.80819340088
151	-1.27603031816
152	-7.31888018983
153	-6.63893127573
154	-1.30294414027
155	-4.94623022235
156	-1.63233682344
157	-1.56460852976
158	-5.43484685793
159	-1.32917736844
160	-1.74181820164
161	-5.84117793869
162	-1.32917736844
163	-12.9319094375
164	-3.48866766592
165	-7.22222642644
166	-1.27603031816
167	-8.17592514544
168	-1.63233682344
169	-1.30294414027
170	-8.11339258113
171	-1.34919260971
172	-1.27603031816
173	-5.6332901417
174	-1.80819340088
175	-1.27603031816
176	-12.3143078347
177	-1.34919260971
178	-1.30294414027
179	-5.80124128525
180	-1.32917736844
181	-1.30294414027
182	-5.6332901417
183	-1.80819340088
184	-1.30294414027
185	-4.62238671366
186	-7.01350059507
187	-1.27603031816
188	-10.7044459681
189	-1.32917736844
190	-1.56460852976
191	-8.16148845165
192	-1.34919260971
193	-1.27603031816
194	-5.71312658688
195	-1.32917736844
196	-8.68093374965
197	-12.0299702316
198	-1.80819340088
199	-1.56460852976
200	-4.94623022235
201	-1.34919260971
202	-1.27603031816
203	-7.01684095389
204	-1.80819340088
205	-1.56460852976
206	-6.08556994709
207	-1.32917736844
208	-1.74181820164
209	-3.25210804356
210	-1.32917736844
211	-1.56460852976
212	-3.48866766592
213	-1.34919260971
214	-1.56460852976
215	-3.48866766592
216	-1.34919260971
217	-1.27603031816
218	-9.29283590349
219	-1.34919260971
220	-1.56460852976
221	-4.99061718174
222	-1.34919260971
223	-1.27603031816
224	-4.44828094733
225	-1.80819340088
226	-1.74181820164
227	-4.62238671366
228	-1.32917736844
229	-1.74181820164
230	-10.1404572258
231	-1.34919260971
232	-1.30294414027
233	-8.68524704608
234	-1.32917736844
235	-1.27603031816
236	-5.79740280565
237	-1.80819340088
238	-1.56460852976
239	-5.43484685793
240	-1.32917736844
241	-1.56460852976
242	-5.6332901417
243	-1.63233682344
244	-1.56460852976
245	-11.7444531388
246	-1.63233682344
247	-1.27603031816
248	-3.25210804356
249	-1.80819340088
250	-1.27603031816
251	-7.81961748255
252	-1.34919260971
253	-1.27603031816
254	-6.06382570318
255	-1.80819340088
256	-6.79750827455
257	-3.25210804356
258	-11.5372107546
259	-1.27603031816
260	-4.44828094733
261	-1.32917736844
262	-1.27603031816
263	-3.48866766592
264	-1.63233682344
265	-1.56460852976
266	-5.80124128525
267	-1.32917736844
268	-9.6096265798
269	-9.99537426488
270	-1.34919260971
271	-1.74181820164
272	-7.7943386752
273	-1.32917736844
274	-1.56460852976
275	-7.96095275576
276	-1.34919260971
277	-1.30294414027
278	-7.47290867446
279	-7.13337738854
280	-1.74181820164
281	-9.03567761293
282	-1.34919260971
283	-1.56460852976
284	-3.25210804356
285	-1.32917736844
286	-1.30294414027
287	-7.10252573913
288	-1.80819340088
289	-1.27603031816
290	-7.70583370889
291	-1.34919260971
292	-1.30294414027
293	-8.05030052467
294	-1.34919260971
295	-1.56460852976
296	-4.44828094733
297	-1.34919260971
298	-1.56460852976
299	-8.44553323325
300	-8.80007595273
301	-1.27603031816
302	-11.2953772505
303	-1.80819340088
304	-1.27603031816
305	-8.050372388
306	-1.32917736844
307	-1.74181820164
308	-3.48866766592
309	-7.10671850214
310	-1.27603031816
311	-9.55773960815
312	-1.34919260971
313	-1.74181820164
314	-3.48866766592
315	-1.63233682344
316	-1.30294414027
317	-4.44828094733
318	-1.34919260971
319	-1.30294414027
320	-3.48866766592
321	-6.91990341949
322	-1.30294414027
323	-4.62238671366
324	-1.34919260971
325	-1.27603031816
326	-16.1466673961
327	-1.63233682344
328	-1.27603031816
329	-8.89088899431
330	-1.80819340088
331	-1.74181820164
332	-7.64926188826
333	-1.32917736844
334	-1.27603031816
335	-3.48866766592
336	-1.32917736844
337	-1.27603031816
338	-8.0963691029
339	-1.63233682344
340	-1.56460852976
341	-4.94623022235
342	-6.99537902276
343	-13.483746785
344	-4.77716127787
345	-7.27353360913
346	-1.30294414027
347	-8.17762884669
348	-1.32917736844
349	-1.56460852976
350	-6.05117315627
351	-1.63233682344
352	-1.30294414027
353	-3.25210804356
354	-1.34919260971
355	-1.27603031816
356	-4.77716127787
357	-1.34919260971
358	-1.30294414027
359	-11.0903358591
360	-1.80819340088
361	-1.56460852976
362	-3.48866766592
363	-1.34919260971
364	-1.30294414027
365	-6.1037814248
366	-1.32917736844
367	-1.30294414027
368	-14.8209344096
369	-1.34919260971
370	-1.74181820164
371	-8.91482487347
372	-1.32917736844
373	-1.56460852976
374	-3.48866766592
375	-1.34919260971
376	-1.30294414027
377	-13.7308298573
378	-1.63233682344
379	-1.30294414027
380	-4.80077544337
381	-1.34919260971
382	-1.30294414027
383	-5.79740280565
384	-1.32917736844
385	-1.56460852976
386	-4.44828094733
387	-1.80819340088
388	-1.30294414027
389	-3.48866766592
390	-1.63233682344
391	-6.79750827455
392	-9.07071000284
393	-1.32917736844
394	-1.56460852976
395	-7.57686565521
396	-1.32917736844
397	-9.93165204463
398	-7.70823085616
399	-1.80819340088
400	-1.74181820164
401	-11.8439803613
402	-1.80819340088
403	-1.27603031816
404	-14.1510970139
405	-1.34919260971
406	-1.74181820164
407	-8.02916143491
408	-1.32917736844
409	-1.30294414027
410	-4.44828094733
411	-1.80819340088
412	-1.27603031816
413	-7.6600201854
414	-6.96158572961
415	-1.74181820164
416	-5.21647326258
417	-1.80819340088
418	-1.74181820164
419	-7.20897079947
420	-1.34919260971
421	-1.30294414027
422	-4.44828094733
423	-1.80819340088
424	-1.30294414027
425	-3.48866766592
426	-1.34919260971
427	-1.74181820164
428	-12.9988743506
429	-1.32917736844
430	-1.27603031816
431	-5.43484685793
432	-1.63233682344
433	-1.27603031816
434	-4.44828094733
435	-9.23368242864
436	-1.56460852976
437	-4.94623022235
438	-1.34919260971
439	-1.74181820164
440	-6.51639729066
441	-1.63233682344
442	-1.27603031816
443	-3.25210804356
444	-1.34919260971
445	-1.27603031816
446	-4.44828094733
447	-1.32917736844
448	-1.27603031816
449	-7.39820884781
450	-1.63233682344
451	-1.74181820164
452	-4.62238671366
453	-1.32917736844
454	-1.30294414027
455	-3.25210804356
456	-1.80819340088
457	-1.27603031816
458	-5.21647326258
459	-1.34919260971
460	-1.56460852976
461	-7.64926188826
462	-1.32917736844
463	-8.25773481797
464	-3.25210804356
465	-1.34919260971
466	-1.30294414027
467	-12.7882540717
468	-1.34919260971
469	-1.30294414027
470	-5.74958998191
471	-1.63233682344
472	-1.27603031816
473	-4.99061718174
474	-1.80819340088
475	-1.27603031816
476	-10.0741223372
477	-1.34919260971
478	-1.27603031816
479	-15.4996010342
480	-1.34919260971
481	-8.25773481797
482	-4.94623022235
483	-1.32917736844
484	-1.56460852976
485	-3.25210804356
486	-11.9473079011
487	-1.30294414027
488	-5.6332901417
