#Site	lnL	
0	-1.28318094743
1	-1.7127774556
2	-9.05038921798
3	-5.48096894203
4	-1.22287364776
5	-11.5578167025
6	-1.38031604395
7	-1.32552718788
8	-4.27758088214
9	-11.3709065231
10	-1.22287364776
11	-8.2325225994
12	-1.38031604395
13	-1.32552718788
14	-8.69514559036
15	-1.28318094743
16	-1.58472803408
17	-8.78754289118
18	-1.38031604395
19	-1.32552718788
20	-17.2887441874
21	-1.66668460451
22	-1.58472803408
23	-7.79432646402
24	-1.28318094743
25	-1.22287364776
26	-6.09773610563
27	-1.28318094743
28	-1.22287364776
29	-2.80894150766
30	-1.28318094743
31	-1.58472803408
32	-2.80894150766
33	-1.38031604395
34	-1.22287364776
35	-4.82748377677
36	-1.38031604395
37	-1.58472803408
38	-6.01547687025
39	-1.28318094743
40	-1.58472803408
41	-3.81992723215
42	-5.48096894203
43	-1.58472803408
44	-3.79012909021
45	-1.28318094743
46	-1.22287364776
47	-3.81992723215
48	-1.66668460451
49	-1.58472803408
50	-5.89572174423
51	-1.28318094743
52	-1.22287364776
53	-10.7949675933
54	-1.28318094743
55	-1.22287364776
56	-6.24667875335
57	-1.28318094743
58	-1.32552718788
59	-7.96960146487
60	-1.66668460451
61	-1.22287364776
62	-3.79012909021
63	-1.66668460451
64	-7.76638760721
65	-9.2596281916
66	-1.38031604395
67	-1.7127774556
68	-8.79916769541
69	-1.38031604395
70	-1.22287364776
71	-2.80894150766
72	-1.38031604395
73	-1.32552718788
74	-3.81992723215
75	-1.66668460451
76	-1.32552718788
77	-2.80894150766
78	-1.28318094743
79	-1.7127774556
80	-9.68274258693
81	-1.38031604395
82	-1.22287364776
83	-8.44367780863
84	-1.78824038705
85	-1.22287364776
86	-5.86289587119
87	-6.16900962834
88	-1.22287364776
89	-2.80894150766
90	-1.28318094743
91	-1.58472803408
92	-3.81992723215
93	-1.78824038705
94	-1.7127774556
95	-8.3996637786
96	-1.38031604395
97	-1.32552718788
98	-7.10118769955
99	-1.66668460451
100	-1.7127774556
101	-2.83748568773
102	-1.28318094743
103	-1.22287364776
104	-6.63988096092
105	-1.78824038705
106	-1.22287364776
107	-3.81992723215
108	-1.38031604395
109	-1.58472803408
110	-9.54723767015
111	-1.38031604395
112	-6.64194917828
113	-3.81992723215
114	-5.93992928863
115	-1.22287364776
116	-7.39737608173
117	-1.38031604395
118	-1.7127774556
119	-4.82748377677
120	-1.38031604395
121	-1.22287364776
122	-2.80894150766
123	-7.0906855079
124	-1.32552718788
125	-16.0396706447
126	-1.38031604395
127	-1.58472803408
128	-3.79012909021
129	-1.38031604395
130	-1.32552718788
131	-2.83748568773
132	-1.78824038705
133	-1.22287364776
134	-2.80894150766
135	-1.66668460451
136	-1.32552718788
137	-5.43557502099
138	-1.66668460451
139	-1.58472803408
140	-2.80894150766
141	-6.16900962834
142	-1.58472803408
143	-13.7449835647
144	-1.78824038705
145	-1.22287364776
146	-4.38047587022
147	-1.78824038705
148	-1.22287364776
149	-2.80894150766
150	-1.28318094743
151	-1.32552718788
152	-7.32665973953
153	-1.28318094743
154	-1.22287364776
155	-9.56499652838
156	-1.66668460451
157	-1.7127774556
158	-7.51539297313
159	-1.66668460451
160	-1.22287364776
161	-2.80894150766
162	-1.28318094743
163	-1.7127774556
164	-5.55132883531
165	-7.88722587308
166	-1.22287364776
167	-5.85152051015
168	-1.28318094743
169	-1.7127774556
170	-2.80894150766
171	-5.90320078876
172	-1.7127774556
173	-10.3242286621
174	-1.38031604395
175	-1.32552718788
176	-10.349176939
177	-1.38031604395
178	-1.32552718788
179	-2.80894150766
180	-1.38031604395
181	-1.32552718788
182	-2.83748568773
183	-1.38031604395
184	-1.22287364776
185	-5.86289587119
186	-1.66668460451
187	-1.32552718788
188	-2.83748568773
189	-1.28318094743
190	-1.22287364776
191	-3.81992723215
192	-6.16900962834
193	-1.32552718788
194	-2.83748568773
195	-9.93107627277
196	-1.7127774556
197	-6.20337729696
198	-1.38031604395
199	-1.7127774556
200	-9.97418548043
201	-1.38031604395
202	-1.58472803408
203	-2.83748568773
204	-1.28318094743
205	-1.22287364776
206	-8.14832859618
207	-1.28318094743
208	-1.7127774556
209	-7.67213762579
210	-10.6902897334
211	-1.58472803408
212	-10.0274988041
213	-1.78824038705
214	-1.22287364776
215	-11.574289152
216	-8.34086921329
217	-1.22287364776
218	-11.192244462
219	-1.78824038705
220	-1.22287364776
221	-7.10118769955
222	-1.28318094743
223	-1.32552718788
224	-8.58826228411
225	-1.66668460451
226	-1.32552718788
227	-6.26917623604
228	-1.38031604395
229	-8.04972921105
230	-8.3297646794
231	-1.28318094743
232	-1.32552718788
233	-9.1712991526
234	-1.38031604395
235	-1.58472803408
236	-6.16754192913
237	-1.38031604395
238	-1.58472803408
239	-5.35446379845
240	-1.38031604395
241	-11.0930603499
242	-5.65670227818
243	-1.28318094743
244	-1.22287364776
245	-2.80894150766
246	-1.28318094743
247	-1.22287364776
248	-6.9907289758
249	-1.28318094743
250	-1.58472803408
251	-5.35446379845
252	-1.66668460451
253	-1.32552718788
254	-4.38047587022
255	-1.66668460451
256	-1.32552718788
257	-10.4654215028
258	-1.66668460451
259	-1.22287364776
260	-6.35668482471
261	-1.78824038705
262	-7.73777808431
263	-8.0542153031
264	-1.28318094743
265	-1.22287364776
266	-6.16754192913
267	-1.66668460451
268	-1.22287364776
269	-12.6837453757
270	-1.78824038705
271	-1.7127774556
272	-5.55132883531
273	-1.28318094743
274	-1.32552718788
275	-5.27329128965
276	-1.66668460451
277	-1.22287364776
278	-5.67659369192
279	-1.78824038705
280	-1.32552718788
281	-5.69816730793
282	-1.38031604395
283	-1.32552718788
284	-2.83748568773
285	-1.78824038705
286	-1.22287364776
287	-3.79012909021
288	-1.66668460451
289	-1.7127774556
290	-7.76651761624
291	-1.28318094743
292	-1.7127774556
293	-6.45620511424
294	-1.38031604395
295	-1.22287364776
296	-2.83748568773
297	-1.38031604395
298	-1.58472803408
299	-12.9177867898
300	-1.28318094743
301	-1.7127774556
302	-3.81992723215
303	-1.78824038705
304	-1.32552718788
305	-5.86289587119
306	-1.28318094743
307	-1.58472803408
308	-3.81992723215
309	-1.38031604395
310	-1.7127774556
311	-10.0255102567
312	-1.38031604395
313	-1.32552718788
314	-11.027868083
315	-1.38031604395
316	-1.32552718788
317	-9.8335982311
318	-1.28318094743
319	-1.22287364776
320	-4.27758088214
321	-1.78824038705
322	-1.22287364776
323	-3.81992723215
324	-1.38031604395
325	-1.22287364776
326	-5.35446379845
327	-1.38031604395
328	-1.7127774556
329	-11.3411553562
330	-1.28318094743
331	-1.58472803408
332	-7.36265506334
333	-1.28318094743
334	-1.22287364776
335	-5.65670227818
336	-1.38031604395
337	-6.87743047835
338	-2.80894150766
339	-1.38031604395
340	-1.32552718788
341	-8.24940193847
342	-1.66668460451
343	-1.58472803408
344	-11.4256984349
345	-1.28318094743
346	-1.7127774556
347	-4.82748377677
348	-7.9215038153
349	-1.22287364776
350	-7.98022699547
351	-1.78824038705
352	-1.32552718788
353	-3.81992723215
354	-1.38031604395
355	-1.22287364776
356	-7.47152532159
357	-7.00988120449
358	-1.22287364776
359	-5.88115953792
360	-1.66668460451
361	-1.7127774556
362	-2.83748568773
363	-1.38031604395
364	-1.58472803408
365	-6.18929719701
366	-1.28318094743
367	-1.22287364776
368	-13.6304291332
369	-1.66668460451
370	-1.22287364776
371	-2.83748568773
372	-1.78824038705
373	-1.22287364776
374	-5.89572174423
375	-1.38031604395
376	-1.7127774556
377	-2.83748568773
378	-1.78824038705
379	-1.58472803408
380	-5.85152051015
381	-1.38031604395
382	-1.22287364776
383	-9.36746631735
384	-1.38031604395
385	-1.58472803408
386	-9.2460014944
387	-1.66668460451
388	-1.58472803408
389	-2.80894150766
390	-1.78824038705
391	-1.22287364776
392	-3.79012909021
393	-9.60484789591
394	-1.58472803408
395	-7.44435716587
396	-1.28318094743
397	-1.32552718788
398	-4.78766004815
399	-1.28318094743
400	-1.7127774556
401	-5.95335402024
402	-1.38031604395
403	-1.7127774556
404	-10.2606193865
405	-1.78824038705
406	-1.32552718788
407	-4.68100381261
408	-1.28318094743
409	-1.7127774556
410	-2.80894150766
411	-1.28318094743
412	-1.58472803408
413	-4.68100381261
414	-1.38031604395
415	-1.32552718788
416	-6.26917623604
417	-8.37430374181
418	-1.32552718788
419	-7.46058217805
420	-1.38031604395
421	-1.7127774556
422	-2.83748568773
423	-1.28318094743
424	-1.7127774556
425	-3.81992723215
426	-1.28318094743
427	-1.22287364776
428	-11.9371056317
429	-1.28318094743
430	-1.22287364776
431	-9.69830060236
432	-1.28318094743
433	-1.7127774556
434	-8.0705587171
435	-1.78824038705
436	-1.7127774556
437	-7.92928504612
438	-1.28318094743
439	-1.58472803408
440	-3.79012909021
441	-5.71170148387
442	-9.90254359377
443	-10.3215852375
444	-1.38031604395
445	-1.22287364776
446	-5.57003541318
447	-1.28318094743
448	-9.91149213961
449	-18.141091997
450	-1.28318094743
451	-1.32552718788
452	-8.71610458966
453	-1.28318094743
454	-1.32552718788
455	-4.78766004815
456	-1.28318094743
457	-1.22287364776
458	-7.75010956249
459	-1.38031604395
460	-1.7127774556
461	-7.38322758754
462	-1.38031604395
463	-1.32552718788
464	-4.90668037032
465	-1.38031604395
466	-1.7127774556
467	-9.23899067227
468	-1.38031604395
469	-1.58472803408
470	-6.73154843335
471	-1.78824038705
472	-1.7127774556
473	-5.89572174423
474	-1.28318094743
475	-1.32552718788
476	-5.86812304669
477	-1.28318094743
478	-6.62516263189
479	-9.85457075489
480	-1.78824038705
481	-1.58472803408
482	-5.95335402024
483	-1.78824038705
484	-1.58472803408
485	-2.83748568773
486	-8.0481225832
487	-1.32552718788
488	-3.81992723215
