#Site	lnL	
0	-1.63756734838
1	-1.22433847055
2	-9.15681156771
3	-1.33602279635
4	-1.73677167481
5	-2.67338962069
6	-6.46935252291
7	-9.77905348865
8	-3.35860659593
9	-1.33602279635
10	-1.59354065747
11	-13.2840729253
12	-1.33602279635
13	-1.22433847055
14	-4.72262392878
15	-1.2552921217
16	-1.30137123106
17	-4.80192688255
18	-1.2552921217
19	-1.22433847055
20	-5.06603340368
21	-1.33602279635
22	-1.30137123106
23	-6.75714657396
24	-1.2552921217
25	-1.30137123106
26	-2.67338962069
27	-1.63756734838
28	-1.59354065747
29	-19.9971970605
30	-1.33602279635
31	-1.73677167481
32	-2.44697519392
33	-1.33602279635
34	-1.30137123106
35	-3.35860659593
36	-1.2552921217
37	-1.22433847055
38	-5.59137654938
39	-1.2552921217
40	-1.30137123106
41	-12.4564994986
42	-1.33602279635
43	-1.30137123106
44	-5.13064164142
45	-1.78375136116
46	-1.30137123106
47	-9.74741064758
48	-1.78375136116
49	-1.73677167481
50	-8.70208489188
51	-1.33602279635
52	-8.8341197235
53	-6.7301108055
54	-1.2552921217
55	-1.73677167481
56	-10.111402319
57	-1.2552921217
58	-1.73677167481
59	-7.76966086597
60	-1.78375136116
61	-1.30137123106
62	-2.67338962069
63	-1.2552921217
64	-1.30137123106
65	-6.86932770835
66	-1.2552921217
67	-1.59354065747
68	-7.22707644999
69	-1.63756734838
70	-1.73677167481
71	-14.8168813298
72	-1.2552921217
73	-1.22433847055
74	-8.53633749297
75	-1.63756734838
76	-1.30137123106
77	-9.70438297105
78	-1.78375136116
79	-1.30137123106
80	-6.9064397558
81	-1.78375136116
82	-1.22433847055
83	-7.00841377323
84	-1.33602279635
85	-1.22433847055
86	-2.67338962069
87	-1.63756734838
88	-1.22433847055
89	-11.8187947036
90	-1.33602279635
91	-1.22433847055
92	-3.35860659593
93	-1.33602279635
94	-1.22433847055
95	-5.18955481935
96	-1.33602279635
97	-1.30137123106
98	-3.35860659593
99	-1.2552921217
100	-1.59354065747
101	-6.2181893808
102	-1.2552921217
103	-1.30137123106
104	-11.366372665
105	-1.2552921217
106	-1.30137123106
107	-3.35860659593
108	-1.63756734838
109	-1.30137123106
110	-8.32104384704
111	-1.33602279635
112	-1.22433847055
113	-8.77686624084
114	-1.2552921217
115	-1.73677167481
116	-5.49617091206
117	-1.63756734838
118	-1.73677167481
119	-2.67338962069
120	-1.63756734838
121	-1.73677167481
122	-3.35860659593
123	-1.63756734838
124	-8.91379578318
125	-2.67338962069
126	-1.33602279635
127	-1.30137123106
128	-6.30735556421
129	-1.63756734838
130	-1.22433847055
131	-14.1828018564
132	-1.78375136116
133	-1.30137123106
134	-6.41605770882
135	-1.2552921217
136	-1.30137123106
137	-5.13064164142
138	-9.19168479221
139	-1.22433847055
140	-6.30735556421
141	-6.43351213528
142	-1.22433847055
143	-5.38575486421
144	-1.78375136116
145	-1.22433847055
146	-6.30735556421
147	-1.33602279635
148	-1.22433847055
149	-10.248783849
150	-1.78375136116
151	-1.22433847055
152	-11.6600096679
153	-1.2552921217
154	-1.22433847055
155	-5.06603340368
156	-1.78375136116
157	-1.30137123106
158	-5.18955481935
159	-1.63756734838
160	-1.22433847055
161	-2.44697519392
162	-1.33602279635
163	-1.22433847055
164	-13.535474113
165	-1.2552921217
166	-1.30137123106
167	-11.594649484
168	-1.33602279635
169	-1.73677167481
170	-6.72243750938
171	-1.2552921217
172	-1.59354065747
173	-2.67338962069
174	-1.63756734838
175	-1.30137123106
176	-6.59829134207
177	-1.2552921217
178	-1.30137123106
179	-2.67338962069
180	-1.2552921217
181	-1.30137123106
182	-7.66123963443
183	-1.63756734838
184	-1.59354065747
185	-6.09704642878
186	-8.42656969231
187	-6.95700235066
188	-11.3540275233
189	-1.33602279635
190	-1.22433847055
191	-4.7606696509
192	-1.2552921217
193	-1.73677167481
194	-8.89108798491
195	-1.78375136116
196	-1.22433847055
197	-7.2563051599
198	-1.33602279635
199	-1.22433847055
200	-6.96396573243
201	-1.33602279635
202	-1.73677167481
203	-8.16117786692
204	-1.33602279635
205	-1.30137123106
206	-9.27706523994
207	-1.63756734838
208	-1.73677167481
209	-9.67290273894
210	-1.78375136116
211	-1.59354065747
212	-9.54722495501
213	-1.78375136116
214	-1.22433847055
215	-2.44697519392
216	-1.78375136116
217	-1.59354065747
218	-8.55043117552
219	-1.2552921217
220	-1.59354065747
221	-2.67338962069
222	-1.63756734838
223	-6.98007066461
224	-5.38575486421
225	-1.2552921217
226	-1.73677167481
227	-6.38125385068
228	-1.78375136116
229	-1.22433847055
230	-7.66336305472
231	-1.2552921217
232	-1.30137123106
233	-2.67338962069
234	-1.33602279635
235	-1.22433847055
236	-8.16117786692
237	-8.48515927924
238	-1.22433847055
239	-11.3783372047
240	-1.2552921217
241	-1.22433847055
242	-7.23456636767
243	-1.33602279635
244	-1.73677167481
245	-9.49855429531
246	-1.63756734838
247	-1.22433847055
248	-6.55193059002
249	-8.34765415612
250	-1.30137123106
251	-7.7648635483
252	-1.78375136116
253	-1.22433847055
254	-2.44697519392
255	-1.63756734838
256	-1.59354065747
257	-7.58015629983
258	-1.33602279635
259	-1.73677167481
260	-9.15747590362
261	-1.33602279635
262	-6.95700235066
263	-4.72262392878
264	-1.78375136116
265	-1.59354065747
266	-10.7385726977
267	-1.63756734838
268	-1.59354065747
269	-2.67338962069
270	-1.63756734838
271	-1.22433847055
272	-8.49779731258
273	-1.78375136116
274	-1.22433847055
275	-6.75714657396
276	-1.33602279635
277	-1.59354065747
278	-4.97810588646
279	-1.63756734838
280	-1.30137123106
281	-6.60550969327
282	-1.33602279635
283	-1.59354065747
284	-2.67338962069
285	-1.2552921217
286	-1.22433847055
287	-3.35860659593
288	-1.78375136116
289	-1.30137123106
290	-6.38125385068
291	-1.2552921217
292	-1.30137123106
293	-8.64158415612
294	-1.63756734838
295	-1.59354065747
296	-10.130742645
297	-1.63756734838
298	-1.73677167481
299	-8.32104384704
300	-1.78375136116
301	-1.59354065747
302	-14.319870623
303	-1.33602279635
304	-1.59354065747
305	-3.35860659593
306	-1.63756734838
307	-1.59354065747
308	-8.80828282226
309	-8.37679657704
310	-1.73677167481
311	-5.72443359749
312	-1.2552921217
313	-1.30137123106
314	-11.8048517308
315	-9.19168479221
316	-1.22433847055
317	-4.97810588646
318	-1.2552921217
319	-1.73677167481
320	-5.49022345258
321	-1.2552921217
322	-1.30137123106
323	-4.68574764917
324	-1.33602279635
325	-1.22433847055
326	-11.5602269547
327	-1.63756734838
328	-1.59354065747
329	-13.3838738774
330	-1.2552921217
331	-1.22433847055
332	-3.63155329041
333	-1.2552921217
334	-1.73677167481
335	-15.850349748
336	-1.2552921217
337	-1.30137123106
338	-19.4311494654
339	-1.78375136116
340	-1.22433847055
341	-6.00870852154
342	-1.2552921217
343	-1.22433847055
344	-2.44697519392
345	-9.97426052536
346	-1.73677167481
347	-4.80192688255
348	-1.78375136116
349	-1.59354065747
350	-6.01387088791
351	-1.78375136116
352	-1.73677167481
353	-9.59578262962
354	-1.33602279635
355	-1.59354065747
356	-4.7606696509
357	-8.34765415612
358	-1.73677167481
359	-4.72262392878
360	-1.63756734838
361	-1.30137123106
362	-2.67338962069
363	-8.68831776901
364	-1.30137123106
365	-4.97810588646
366	-1.63756734838
367	-1.22433847055
368	-6.00870852154
369	-1.33602279635
370	-1.30137123106
371	-10.0451585627
372	-1.2552921217
373	-1.22433847055
374	-6.55193059002
375	-1.2552921217
376	-1.59354065747
377	-7.22707644999
378	-1.2552921217
379	-1.59354065747
380	-5.38575486421
381	-1.2552921217
382	-1.22433847055
383	-6.24859925512
384	-6.50799761685
385	-1.59354065747
386	-2.67338962069
387	-1.33602279635
388	-1.73677167481
389	-4.72262392878
390	-1.33602279635
391	-1.73677167481
392	-5.48154825043
393	-1.33602279635
394	-1.73677167481
395	-9.81857889604
396	-1.33602279635
397	-1.30137123106
398	-2.44697519392
399	-1.63756734838
400	-1.22433847055
401	-6.75714657396
402	-1.63756734838
403	-1.73677167481
404	-4.80192688255
405	-1.33602279635
406	-1.73677167481
407	-11.9296606709
408	-1.63756734838
409	-7.55175355871
410	-12.7301954792
411	-1.2552921217
412	-7.53941103954
413	-10.891283494
414	-1.2552921217
415	-1.22433847055
416	-9.30936681267
417	-1.78375136116
418	-1.59354065747
419	-2.44697519392
420	-6.9599217973
421	-1.22433847055
422	-5.18955481935
423	-1.2552921217
424	-1.59354065747
425	-10.1978236464
426	-1.2552921217
427	-1.30137123106
428	-5.99262575332
429	-1.33602279635
430	-1.22433847055
431	-3.63155329041
432	-1.63756734838
433	-1.73677167481
434	-7.22707644999
435	-1.78375136116
436	-1.30137123106
437	-6.98427475405
438	-1.78375136116
439	-1.22433847055
440	-2.67338962069
441	-7.07688968317
442	-1.73677167481
443	-2.44697519392
444	-1.78375136116
445	-1.22433847055
446	-2.67338962069
447	-1.33602279635
448	-1.73677167481
449	-5.48154825043
450	-1.33602279635
451	-1.30137123106
452	-12.5605430994
453	-1.2552921217
454	-1.30137123106
455	-2.67338962069
456	-1.2552921217
457	-1.30137123106
458	-6.96931629485
459	-1.63756734838
460	-1.22433847055
461	-5.99262575332
462	-1.78375136116
463	-1.22433847055
464	-13.9977991184
465	-1.33602279635
466	-8.41619995471
467	-8.10655889577
468	-1.33602279635
469	-1.59354065747
470	-4.97810588646
471	-1.33602279635
472	-1.59354065747
473	-9.40976162984
474	-1.33602279635
475	-1.30137123106
476	-8.59470295676
477	-1.33602279635
478	-1.22433847055
479	-8.82743481716
480	-1.33602279635
481	-1.30137123106
482	-6.92577617834
483	-1.63756734838
484	-1.22433847055
485	-6.16714900031
486	-6.50799761685
487	-1.73677167481
488	-6.77003726008
