# log_p 	 lnL 	 
0.0	-1744.27940533	
-0.287682072452	-1744.30230437	
-0.510825623766	-1744.31438136	
-0.69314718056	-1744.31467187	
-0.847297860387	-1744.30101945	
-0.980829253012	-1744.27362686	
-1.09861228867	-1744.23425995	
-1.20397280433	-1744.18521055	
-1.29928298413	-1744.12871244	
-1.38629436112	-1744.06670621	
-1.46633706879	-1744.00078648	
-1.54044504095	-1743.93222665	
-1.60943791243	-1743.86202844	
-1.67397643357	-1743.79097349	
-1.73460105539	-1743.71966872	
-1.79175946923	-1743.64858346	
-1.8458266905	-1743.57807892	
-1.89711998489	-1743.50843123	
-1.94591014906	-1743.43984943	
-1.99243016469	-1743.37248946	
-2.03688192726	-1743.30646521	
-2.07944154168	-1743.24185714	
-2.1202635362	-1743.17871919	
-2.15948424935	-1743.11708424	
-2.19722457734	-1743.05696843	
-2.23359222151	-1742.99837471	
-2.26868354132	-1742.94129563	
-2.30258509299	-1742.88571563	
-2.33537491582	-1742.83161283	
-2.36712361413	-1742.77896054	
-2.3978952728	-1742.72772842	
-2.42774823595	-1742.67788348	
-2.45673577282	-1742.62939083	
-2.48490664979	-1742.58221432	
-2.51230562398	-1742.53631702	
-2.53897387106	-1742.49166167	
-2.56494935746	-1742.44821092	
-2.59026716545	-1742.4059277	
-2.61495977804	-1742.36477531	
-2.63905732962	-1742.32471766	
-2.66258782703	-1742.28571932	
-2.68557734525	-1742.2477457	
-2.7080502011	-1742.21076303	
-2.73002910782	-1742.17473847	
-2.75153531304	-1742.1396401	
-2.77258872224	-1742.105437	
-2.79320800944	-1742.07209917	
-2.81341071676	-1742.03959762	
-2.83321334406	-1742.00790431	
-2.85263142991	-1741.97699217	
-2.87167962488	-1741.94683504	
-2.8903717579	-1741.91740773	
-2.90872089656	-1741.8886859	
-2.92673940207	-1741.86064613	
-2.94443897917	-1741.83326583	
-2.96183072188	-1741.80652325	
-2.97892515524	-1741.78039744	
-2.99573227355	-1741.75486823	
-3.01226157551	-1741.72991621	
-3.02852209638	-1741.70552267	
-3.04452243772	-1741.68166962	
-3.06027079469	-1741.65833975	
-3.07577498123	-1741.6355164	
-3.09104245336	-1741.61318351	
-3.10608033072	-1741.59132565	
-3.12089541651	-1741.56992796	
-3.13549421593	-1741.54897614	
-3.14988295338	-1741.52845641	
-3.16406758837	-1741.50835553	
-3.17805383035	-1741.48866074	
-3.19184715248	-1741.46935974	
-3.20545280454	-1741.45044071	
-3.21887582487	-1741.43189227	
-3.23212105162	-1741.41370343	
-3.24519313319	-1741.39586363	
-3.25809653802	-1741.37836269	
-3.2708355638	-1741.3611908	
-3.28341434601	-1741.3443385	
-3.295836866	-1741.3277967	
-3.3081069586	-1741.3115566	
-3.32022831913	-1741.29560974	
-3.33220451018	-1741.27994796	
-3.34403896782	-1741.26456339	
-3.35573500759	-1741.24944843	
-3.36729582999	-1741.23459576	
-3.37872452581	-1741.21999832	
-3.39002408106	-1741.20564929	
-3.40119738166	-1741.19154208	
-3.41224721785	-1741.17767034	
-3.42317628838	-1741.16402794	
-3.43398720449	-1741.15060895	
-3.4446824936	-1741.13740765	
-3.45526460293	-1741.12441851	
-3.4657359028	-1741.11163619	
-3.47609868984	-1741.09905553	
-3.48635519	-1741.08667155	
-3.49650756147	-1741.07447941	
-3.50655789732	-1741.06247445	
-3.51650822817	-1741.05065217	
-3.52636052462	-1741.03900819	
-3.53611669956	-1741.0275383	
-3.54577861047	-1741.01623842	
-3.55534806149	-1741.00510458	
-3.56482680544	-1740.99413296	
-3.57421654579	-1740.98331985	
-3.58351893846	-1740.97266166	
-3.59273559356	-1740.96215492	
-3.60186807712	-1740.95179626	
-3.61091791264	-1740.94158241	
-3.61988658263	-1740.9315102	
-3.62877553004	-1740.92157658	
-3.63758615973	-1740.91177855	
-3.6463198397	-1740.90211325	
-3.65497790244	-1740.89257788	
-3.66356164613	-1740.88316971	
-3.6720723358	-1740.87388611	
-3.68051120444	-1740.86472453	
-3.68887945411	-1740.85568248	
-3.69717825693	-1740.84675755	
-3.70540875607	-1740.83794741	
-3.7135720667	-1740.82924978	
-3.72166927694	-1740.82066245	
-3.72970144863	-1740.81218327	
-3.73766961828	-1740.80381016	
-3.74557479779	-1740.79554108	
-3.75341797525	-1740.78737407	
-3.76120011569	-1740.77930722	
-3.76892216179	-1740.77133864	
-3.77658503453	-1740.76346653	
-3.78418963392	-1740.75568912	
-3.79173683955	-1740.7480047	
-3.79922751128	-1740.74041158	
-3.80666248977	-1740.73290814	
-3.81404259707	-1740.7254928	
-3.82136863716	-1740.718164	
-3.82864139649	-1740.71092025	
-3.83586164446	-1740.70376007	
-3.84303013394	-1740.69668203	
-3.85014760171	-1740.68968475	
-3.85721476893	-1740.68276686	
-3.86423234159	-1740.67592704	
-3.87120101091	-1740.66916399	
-3.87812145375	-1740.66247645	
-3.88499433304	-1740.6558632	
-3.89182029811	-1740.64932304	
-3.8985999851	-1740.64285479	
-3.90533401728	-1740.6364573	
-3.91202300543	-1740.63012947	
-3.91866754815	-1740.62387021	
-3.92526823218	-1740.61767844	
-3.93182563272	-1740.61155313	
-3.93834031375	-1740.60549326	
-3.94481282825	-1740.59949784	
-3.95124371858	-1740.59356589	
-3.95763351668	-1740.58769648	
-3.96398274436	-1740.58188866	
-3.97029191355	-1740.57614154	
-3.97656152657	-1740.57045422	
-3.98279207632	-1740.56482584	
-3.98898404656	-1740.55925554	
-3.99513791214	-1740.55374251	
-4.00125413916	-1740.54828592	
-4.00733318523	-1740.54288497	
-4.01337549969	-1740.5375389	
-4.01938152375	-1740.53224692	
-4.02535169074	-1740.52700831	
-4.03128642625	-1740.52182232	
-4.03718614838	-1740.51668824	
-4.04305126783	-1740.51160537	
-4.04888218815	-1740.50657301	
-4.05467930583	-1740.5015905	
-4.06044301055	-1740.49665716	
-4.06617368526	-1740.49177236	
-4.07187170637	-1740.48693546	
-4.07753744391	-1740.48214583	
-4.08317126162	-1740.47740287	
-4.08877351717	-1740.47270596	
-4.09434456222	-1740.46805454	
-4.0998847426	-1740.46344801	
-4.10539439841	-1740.45888581	
-4.11087386417	-1740.45436739	
-4.11632346894	-1740.44989219	
-4.12174353641	-1740.44545969	
-4.12713438505	-1740.44106936	
-4.13249632819	-1740.43672068	
-4.13782967416	-1740.43241315	
-4.14313472639	-1740.42814626	
-4.14841178349	-1740.42391953	
-4.15366113938	-1740.41973248	
-4.15888308336	-1740.41558463	
-4.16407790024	-1740.41147552	
-4.1692458704	-1740.4074047	
-4.1743872699	-1740.40337171	
-4.17950237056	-1740.39937612	
-4.18459144007	-1740.39541749	
-4.18965474203	-1740.3914954	
-4.19469253606	-1740.38760943	
-4.19970507788	-1740.38375916	
-4.20469261939	-1740.37994419	
-4.20965540873	-1740.37616412	
-4.21459369037	-1740.37241856	
-4.21950770518	-1740.36870713	
-4.22439769047	-1740.36502944	
-4.22926388012	-1740.36138512	
-4.2341065046	-1740.3577738	
-4.23892579103	-1740.35419513	
-4.2437219633	-1740.35064874	
-4.24849524205	-1740.34713428	
-4.25324584481	-1740.34365142	
-4.257973986	-1740.3401998	
-4.26267987704	-1740.33677909	
-4.26736372635	-1740.33338898	
-4.27202573946	-1740.33002912	
-4.27666611902	-1740.3266992	
-4.28128506487	-1740.32339891	
-4.28588277412	-1740.32012793	
-4.29045944115	-1740.31688596	
-4.29501525768	-1740.31367269	
-4.29955041285	-1740.31048784	
-4.3040650932	-1740.3073311	
-4.30855948279	-1740.30420219	
-4.31303376319	-1740.30110083	
-4.31748811354	-1740.29802673	
-4.3219227106	-1740.29497962	
-4.32633772881	-1740.29195922	
-4.33073334029	-1740.28896527	
-4.33510971489	-1740.2859975	
-4.33946702026	-1740.28305565	
-4.34380542185	-1740.28013946	
-4.348125083	-1740.27724868	
-4.3524261649	-1740.27438306	
-4.35670882669	-1740.27154235	
-4.36097322548	-1740.2687263	
-4.36521951636	-1740.26593468	
-4.36944785247	-1740.26316724	
-4.373658385	-1740.26042376	
-4.37785126326	-1740.257704	
-4.38202663467	-1740.25500773	
-4.38618464482	-1740.25233473	
-4.39032543749	-1740.24968478	
-4.39444915467	-1740.24705766	
-4.39855593663	-1740.24445314	
-4.40264592188	-1740.24187102	
-4.40671924726	-1740.23931108	
-4.41077604796	-1740.23677312	
-4.4148164575	-1740.23425693	
-4.4188406078	-1740.23176231	
-4.42284862919	-1740.22928905	
-4.42684065046	-1740.22683697	
-4.43081679884	-1740.22440585	
-4.43477720006	-1740.22199551	
-4.43872197835	-1740.21960576	
-4.44265125649	-1740.21723642	
-4.44656515581	-1740.21488728	
-4.45046379623	-1740.21255817	
-4.45434729625	-1740.21024891	
-4.45821577303	-1740.20795932	
-4.46206934235	-1740.20568922	
-4.46590811865	-1740.20343843	
-4.46973221509	-1740.20120678	
-4.47354174351	-1740.1989941	
-4.47733681448	-1740.19680023	
-4.48111753732	-1740.19462498	
-4.48488402011	-1740.19246821	
-4.48863636973	-1740.19032974	
-4.49237469184	-1740.18820941	
-4.49609909093	-1740.18610706	
-4.49980967033	-1740.18402255	
-4.50350653221	-1740.1819557	
-4.50718977763	-1740.17990636	
-4.51085950652	-1740.17787439	
-4.51451581772	-1740.17585963	
-4.518158809	-1740.17386194	
-4.52178857705	-1740.17188116	
-4.52540521752	-1740.16991715	
-4.52900882502	-1740.16796976	
-4.53259949315	-1740.16603886	
-4.5361773145	-1740.1641243	
-4.53974238067	-1740.16222595	
-4.54329478227	-1740.16034366	
-4.54683460898	-1740.15847729	
-4.55036194949	-1740.15662673	
-4.5538768916	-1740.15479182	
-4.55737952215	-1740.15297244	
-4.56086992709	-1740.15116846	
-4.56434819147	-1740.14937975	
-4.56781439944	-1740.14760618	
-4.57126863431	-1740.14584762	
-4.5747109785	-1740.14410395	
-4.5781415136	-1740.14237505	
-4.58156032035	-1740.1406608	
-4.58496747867	-1740.13896106	
-4.58836306767	-1740.13727573	
-4.59174716566	-1740.13560468	
-4.59511985013	-1740.1339478	
-4.59848119784	-1740.13230497	
-4.60183128472	-1740.13067608	
-4.60517018599	-1740.12906101	
-4.60849797608	-1740.12745964	
-4.61181472871	-1740.12587188	
-4.61512051684	-1740.1242976	
-4.61841541274	-1740.12273671	
-4.62169948794	-1740.12118908	
-4.62497281328	-1740.11965462	
-4.62823545892	-1740.11813321	
-4.63148749431	-1740.11662476	
-4.63472898823	-1740.11512916	
-4.63796000881	-1740.1136463	
-4.64118062351	-1740.11217609	
-4.64439089914	-1740.11071842	
-4.64759090187	-1740.1092732	
-4.65078069724	-1740.10784033	
-4.65396035016	-1740.1064197	
-4.65712992492	-1740.10501123	
-4.66028948521	-1740.10361481	
-4.66343909411	-1740.10223035	
-4.66657881412	-1740.10085776	
-4.66970870713	-1740.09949695	
-4.67282883446	-1740.09814782	
-4.67593925688	-1740.09681027	
-4.67904003455	-1740.09548423	
-4.68213122712	-1740.09416961	
-4.68521289366	-1740.0928663	
-4.6882850927	-1740.09157423	
-4.69134788223	-1740.09029331	
-4.69440131972	-1740.08902345	
-4.6974454621	-1740.08776457	
-4.70048036579	-1740.08651658	
-4.70350608671	-1740.0852794	
-4.70652268025	-1740.08405294	
-4.70953020131	-1740.08283714	
-4.71252870431	-1740.08163189	
-4.71551824316	-1740.08043713	
-4.7184988713	-1740.07925277	
-4.72147064168	-1740.07807873	
-4.72443360681	-1740.07691494	
-4.72738781871	-1740.07576132	
-4.73033332894	-1740.07461779	
-4.73327018862	-1740.07348427	
-4.73619844839	-1740.07236069	
-4.7391181585	-1740.07124698	
-4.74202936871	-1740.07014306	
-4.74493212836	-1740.06904886	
-4.74782648639	-1740.06796431	
-4.75071249128	-1740.06688932	
-4.75359019111	-1740.06582384	
-4.75645963353	-1740.06476779	
-4.75932086582	-1740.0637211	
-4.7621739348	-1740.06268371	
-4.76501888693	-1740.06165553	
-4.76785576827	-1740.06063651	
-4.77068462447	-1740.05962658	
-4.77350550081	-1740.05862567	
-4.77631844218	-1740.05763371	
-4.77912349311	-1740.05665064	
-4.78192069773	-1740.05567639	
-4.78471009982	-1740.05471091	
-4.78749174278	-1740.05375411	
-4.79026566966	-1740.05280595	
-4.79303192316	-1740.05186635	
-4.7957905456	-1740.05093526	
-4.79854157897	-1740.05001262	
-4.80128506491	-1740.04909835	
-4.80402104473	-1740.04819241	
-4.80674955939	-1740.04729473	
-4.8094706495	-1740.04640526	
-4.81218435537	-1740.04552392	
-4.81489071697	-1740.04465067	
-4.81758977394	-1740.04378545	
-4.82028156561	-1740.04292819	
-4.82296613098	-1740.04207885	
-4.82564350875	-1740.04123736	
-4.8283137373	-1740.04040367	
-4.83097685472	-1740.03957772	
-4.83363289878	-1740.03875946	
-4.83628190695	-1740.03794884	
-4.83892391641	-1740.03714579	
-4.84155896405	-1740.03635027	
-4.84418708646	-1740.03556222	
-4.84680831994	-1740.03478159	
-4.84942270051	-1740.03400832	
-4.85203026392	-1740.03324237	
-4.85463104562	-1740.03248369	
-4.8572250808	-1740.03173221	
-4.85981240436	-1740.0309879	
-4.86239305096	-1740.0302507	
-4.86496705495	-1740.02952056	
-4.86753445046	-1740.02879743	
-4.87009527132	-1740.02808127	
-4.87264955112	-1740.02737202	
-4.8751973232	-1740.02666963	
-4.87773862063	-1740.02597407	
-4.88027347623	-1740.02528527	
-4.88280192259	-1740.0246032	
-4.88532399202	-1740.0239278	
-4.88783971662	-1740.02325904	
-4.89034912822	-1740.02259687	
-4.89285225844	-1740.02194123	
-4.89534913864	-1740.02129209	
-4.89783979995	-1740.02064939	
-4.90032427328	-1740.02001311	
-4.90280258929	-1740.01938318	
-4.90527477844	-1740.01875958	
-4.90774087093	-1740.01814224	
-4.91020089677	-1740.01753114	
-4.91265488574	-1740.01692623	
-4.91510286737	-1740.01632747	
-4.91754487103	-1740.01573481	
-4.91998092583	-1740.01514822	
-4.92241106068	-1740.01456765	
-4.92483530429	-1740.01399306	
-4.92725368516	-1740.01342441	
-4.92966623156	-1740.01286166	
-4.93207297159	-1740.01230477	
-4.93447393313	-1740.01175371	
-4.93686914386	-1740.01120842	
-4.93925863125	-1740.01066888	
-4.94164242261	-1740.01013504	
-4.94402054501	-1740.00960687	
-4.94639302537	-1740.00908433	
-4.94875989038	-1740.00856738	
-4.95112116656	-1740.00805598	
-4.95347688026	-1740.00755009	
-4.9558270576	-1740.00704969	
-4.95817172456	-1740.00655472	
-4.96051090691	-1740.00606517	
-4.96284463026	-1740.00558098	
-4.96517292002	-1740.00510213	
-4.96749580144	-1740.00462857	
-4.96981329958	-1740.00416028	
-4.97212543933	-1740.00369722	
-4.97443224543	-1740.00323935	
-4.97673374242	-1740.00278664	
-4.97902995468	-1740.00233906	
-4.98132090643	-1740.00189657	
-4.98360662171	-1740.00145913	
-4.98588712441	-1740.00102673	
-4.98816243824	-1740.00059931	
-4.99043258678	-1740.00017685	
-4.99269759341	-1739.99975932	
-4.99495748138	-1739.99934669	
-4.99721227376	-1739.99893891	
-4.9994619935	-1739.99853597	
-5.00170666335	-1739.99813783	
-5.00394630595	-1739.99774445	
-5.00618094375	-1739.99735581	
-5.00841059907	-1739.99697187	
-5.0106352941	-1739.99659261	
-5.01285505083	-1739.996218	
-5.01506989116	-1739.995848	
-5.01727983681	-1739.99548258	
-5.01948490937	-1739.99512172	
-5.02168513028	-1739.99476538	
-5.02388052085	-1739.99441354	
-5.02607110223	-1739.99406617	
-5.02825689545	-1739.99372324	
-5.03043792139	-1739.99338471	
-5.03261420082	-1739.99305057	
-5.03478575433	-1739.99272078	
-5.03695260241	-1739.99239531	
-5.03911476542	-1739.99207415	
-5.04127226356	-1739.99175725	
-5.04342511692	-1739.99144459	
-5.04557334546	-1739.99113615	
-5.047716969	-1739.9908319	
-5.04985600725	-1739.99053181	
-5.05199047978	-1739.99023586	
-5.05412040604	-1739.98994401	
-5.05624580535	-1739.98965625	
-5.05836669692	-1739.98937255	
-5.06048309982	-1739.98909287	
-5.06259503303	-1739.9888172	
-5.06470251537	-1739.98854551	
-5.06680556556	-1739.98827778	
-5.06890420222	-1739.98801397	
-5.07099844382	-1739.98775407	
-5.07308830874	-1739.98749805	
-5.07517381523	-1739.98724589	
-5.07725498144	-1739.98699756	
-5.07933182538	-1739.98675303	
-5.08140436498	-1739.98651229	
-5.08347261805	-1739.98627531	
-5.08553660227	-1739.98604206	
-5.08759633523	-1739.98581252	
-5.08965183441	-1739.98558668	
-5.09170311719	-1739.9853645	
-5.09375020081	-1739.98514597	
-5.09579310244	-1739.98493105	
-5.09783183913	-1739.98471973	
-5.09986642782	-1739.98451199	
-5.10189688537	-1739.9843078	
-5.10392322852	-1739.98410715	
-5.1059454739	-1739.98391	
-5.10796363806	-1739.98371634	
-5.10997773743	-1739.98352614	
-5.11198778836	-1739.98333939	
-5.11399380708	-1739.98315606	
-5.11599580975	-1739.98297613	
-5.11799381242	-1739.98279958	
-5.11998783102	-1739.98262639	
-5.12197788143	-1739.98245654	
-5.1239639794	-1739.98229001	
-5.12594614061	-1739.98212678	
-5.12792438062	-1739.98196682	
-5.12989871492	-1739.98181012	
-5.13186915891	-1739.98165666	
-5.13383572788	-1739.98150642	
-5.13579843705	-1739.98135937	
-5.13775730154	-1739.9812155	
-5.13971233637	-1739.98107479	
-5.1416635565	-1739.98093721	
-5.14361097679	-1739.98080276	
-5.145554612	-1739.98067141	
-5.14749447681	-1739.98054314	
-5.14943058584	-1739.98041793	
-5.15136295359	-1739.98029577	
-5.1532915945	-1739.98017663	
-5.15521652291	-1739.9800605	
-5.15713775309	-1739.97994736	
-5.15905529921	-1739.97983719	
-5.1609691754	-1739.97972997	
-5.16287939565	-1739.97962568	
-5.16478597392	-1739.97952432	
-5.16668892407	-1739.97942585	
-5.16858825987	-1739.97933026	
-5.17048399504	-1739.97923754	
-5.17237614319	-1739.97914767	
-5.17426471788	-1739.97906062	
-5.17614973257	-1739.97897639	
-5.17803120067	-1739.97889495	
-5.1799091355	-1739.9788163	
-5.18178355029	-1739.9787404	
-5.18365445823	-1739.97866725	
-5.1855218724	-1739.97859683	
-5.18738580584	-1739.97852912	
-5.18924627149	-1739.97846411	
-5.19110328224	-1739.97840177	
-5.19295685089	-1739.9783421	
-5.19480699018	-1739.97828508	
-5.19665371277	-1739.97823069	
-5.19849703127	-1739.97817892	
-5.20033695819	-1739.97812975	
-5.202173506	-1739.97808316	
-5.20400668708	-1739.97803915	
-5.20583651375	-1739.97799768	
-5.20766299828	-1739.97795876	
-5.20948615284	-1739.97792236	
-5.21130598956	-1739.97788847	
-5.21312252048	-1739.97785707	
-5.21493575761	-1739.97782815	
-5.21674571285	-1739.9778017	
-5.21855239808	-1739.9777777	
-5.22035582508	-1739.97775613	
-5.22215600558	-1739.97773698	
-5.22395295126	-1739.97772024	
-5.22574667371	-1739.97770589	
-5.22753718449	-1739.97769392	
-5.22932449506	-1739.97768431	
-5.23110861685	-1739.97767705	
-5.23288956123	-1739.97767213	
-5.23466733947	-1739.97766954	
-5.23644196283	-1739.97766925	
-5.23821344248	-1739.97767125	
-5.23998178954	-1739.97767554	
-5.24174701506	-1739.97768209	
-5.24350913005	-1739.9776909	
-5.24526814546	-1739.97770195	
-5.24702407216	-1739.97771523	
-5.24877692099	-1739.97773072	
-5.25052670271	-1739.97774842	
-5.25227342805	-1739.97776831	
-5.25401710765	-1739.97779037	
-5.25575775213	-1739.97781459	
-5.25749537203	-1739.97784097	
-5.25922997784	-1739.97786948	
-5.26096158	-1739.97790012	
-5.2626901889	-1739.97793288	
-5.26441581487	-1739.97796773	
-5.26613846818	-1739.97800468	
-5.26785815906	-1739.9780437	
-5.26957489768	-1739.97808478	
-5.27128869416	-1739.97812792	
-5.27299955856	-1739.9781731	
-5.27470750091	-1739.9782203	
-5.27641253116	-1739.97826953	
-5.27811465923	-1739.97832076	
-5.27981389498	-1739.97837398	
-5.28151024823	-1739.97842918	
-5.28320372874	-1739.97848636	
-5.28489434622	-1739.97854549	
-5.28658211033	-1739.97860657	
-5.28826703069	-1739.97866959	
-5.28994911688	-1739.97873453	
-5.2916283784	-1739.97880138	
-5.29330482472	-1739.97887014	
-5.29497846528	-1739.97894079	
-5.29664930945	-1739.97901332	
-5.29831736655	-1739.97908773	
-5.29998264587	-1739.97916399	
-5.30164515664	-1739.9792421	
-5.30330490806	-1739.97932204	
-5.30496190927	-1739.97940382	
-5.30661616936	-1739.97948741	
-5.3082676974	-1739.9795728	
-5.30991650239	-1739.97966	
-5.3115625933	-1739.97974897	
-5.31320597904	-1739.97983973	
-5.3148466685	-1739.97993225	
-5.3164846705	-1739.98002652	
-5.31811999384	-1739.98012254	
-5.31975264727	-1739.98022029	
-5.32138263948	-1739.98031977	
-5.32300997914	-1739.98042096	
-5.32463467487	-1739.98052386	
-5.32625673524	-1739.98062845	
-5.32787616879	-1739.98073473	
-5.32949298402	-1739.98084268	
-5.33110718937	-1739.98095231	
-5.33271879327	-1739.98106358	
-5.33432780407	-1739.98117651	
-5.33593423012	-1739.98129107	
-5.3375380797	-1739.98140726	
-5.33913936107	-1739.98152507	
-5.34073808243	-1739.98164449	
-5.34233425196	-1739.98176551	
-5.3439278778	-1739.98188813	
-5.34551896803	-1739.98201232	
-5.34710753072	-1739.98213809	
-5.34869357387	-1739.98226543	
-5.35027710548	-1739.98239432	
-5.35185813348	-1739.98252475	
-5.35343666577	-1739.98265673	
-5.35501271022	-1739.98279023	
-5.35658627467	-1739.98292526	
-5.3581573669	-1739.98306179	
-5.35972599468	-1739.98319983	
-5.36129216571	-1739.98333937	
-5.36285588769	-1739.98348039	
-5.36441716825	-1739.98362289	
-5.36597601502	-1739.98376686	
-5.36753243557	-1739.98391229	
-5.36908643744	-1739.98405917	
-5.37063802813	-1739.9842075	
-5.37218721511	-1739.98435726	
-5.37373400583	-1739.98450846	
-5.37527840768	-1739.98466107	
-5.37682042804	-1739.9848151	
-5.37836007422	-1739.98497053	
-5.37989735354	-1739.98512735	
-5.38143227326	-1739.98528557	
-5.38296484061	-1739.98544516	
-5.38449506279	-1739.98560613	
-5.38602294697	-1739.98576846	
-5.38754850028	-1739.98593215	
-5.38907172982	-1739.98609719	
-5.39059264266	-1739.98626357	
-5.39211124583	-1739.98643129	
-5.39362754635	-1739.98660033	
-5.39514155118	-1739.9867707	
-5.39665326727	-1739.98694237	
-5.39816270152	-1739.98711535	
-5.39966986081	-1739.98728963	
-5.40117475199	-1739.98746519	
-5.40267738187	-1739.98764204	
-5.40417775725	-1739.98782017	
-5.40567588487	-1739.98799956	
-5.40717177146	-1739.98818022	
-5.40866542372	-1739.98836212	
-5.4101568483	-1739.98854528	
-5.41164605186	-1739.98872968	
-5.41313304098	-1739.9889153	
-5.41461782224	-1739.98910216	
-5.4161004022	-1739.98929023	
-5.41758078737	-1739.98947952	
-5.41905898424	-1739.98967001	
-5.42053499927	-1739.9898617	
-5.42200883889	-1739.99005459	
-5.4234805095	-1739.99024866	
-5.42495001748	-1739.9904439	
-5.42641736918	-1739.99064032	
-5.4278825709	-1739.99083791	
-5.42934562895	-1739.99103665	
-5.43080654959	-1739.99123655	
-5.43226533906	-1739.99143759	
-5.43372200355	-1739.99163977	
-5.43517654927	-1739.99184309	
-5.43662898235	-1739.99204753	
-5.43807930892	-1739.9922531	
-5.4395275351	-1739.99245977	
-5.44097366695	-1739.99266756	
-5.44241771052	-1739.99287645	
-5.44385967184	-1739.99308643	
-5.4452995569	-1739.9932975	
-5.44673737167	-1739.99350966	
-5.44817312209	-1739.9937229	
-5.44960681409	-1739.9939372	
-5.45103845357	-1739.99415257	
-5.45246804638	-1739.994369	
-5.45389559837	-1739.99458649	
-5.45532111536	-1739.99480502	
-5.45674460314	-1739.99502459	
-5.45816606749	-1739.9952452	
-5.45958551414	-1739.99546684	
-5.46100294883	-1739.99568951	
-5.46241837723	-1739.99591319	
-5.46383180503	-1739.99613789	
-5.46524323786	-1739.99636359	
-5.46665268137	-1739.99659029	
-5.46806014114	-1739.996818	
-5.46946562274	-1739.99704669	
-5.47086913175	-1739.99727636	
-5.47227067367	-1739.99750702	
-5.47367025403	-1739.99773865	
-5.47506787829	-1739.99797125	
-5.47646355193	-1739.99820481	
-5.47785728038	-1739.99843933	
-5.47924906905	-1739.99867481	
-5.48063892334	-1739.99891123	
-5.48202684862	-1739.99914859	
-5.48341285022	-1739.99938689	
-5.48479693349	-1739.99962612	
-5.48617910372	-1739.99986627	
-5.48755936619	-1740.00010735	
-5.48893772616	-1740.00034935	
-5.49031418887	-1740.00059225	
-5.49168875953	-1740.00083606	
-5.49306144334	-1740.00108077	
-5.49443224547	-1740.00132638	
-5.49580117108	-1740.00157287	
-5.49716822529	-1740.00182026	
-5.49853341322	-1740.00206852	
-5.49989673995	-1740.00231766	
-5.50125821054	-1740.00256767	
-5.50261783006	-1740.00281854	
-5.50397560352	-1740.00307028	
-5.50533153593	-1740.00332288	
-5.50668563228	-1740.00357632	
-5.50803789753	-1740.00383061	
-5.50938833663	-1740.00408575	
-5.5107369545	-1740.00434172	
-5.51208375605	-1740.00459853	
-5.51342874616	-1740.00485616	
-5.51477192971	-1740.00511462	
-5.51611331154	-1740.00537389	
-5.51745289646	-1740.00563398	
-5.51879068931	-1740.00589488	
-5.52012669485	-1740.00615659	
-5.52146091786	-1740.00641909	
-5.5227933631	-1740.00668239	
-5.52412403528	-1740.00694649	
-5.52545293913	-1740.00721137	
-5.52678007934	-1740.00747703	
-5.52810546058	-1740.00774348	
-5.52942908751	-1740.00801069	
-5.53075096477	-1740.00827868	
-5.53207109697	-1740.00854743	
-5.53338948873	-1740.00881695	
-5.53470614461	-1740.00908722	
-5.53602106919	-1740.00935825	
-5.53733426702	-1740.00963002	
-5.53864574262	-1740.00990254	
-5.5399555005	-1740.0101758	
-5.54126354516	-1740.01044979	
-5.54256988107	-1740.01072452	
-5.5438745127	-1740.01099997	
-5.54517744448	-1740.01127615	
-5.54647868084	-1740.01155305	
-5.54777822618	-1740.01183066	
-5.5490760849	-1740.01210899	
-5.55037226136	-1740.01238802	
-5.55166675992	-1740.01266776	
-5.55295958492	-1740.01294819	
-5.55425074069	-1740.01322933	
-5.55554023152	-1740.01351115	
-5.5568280617	-1740.01379367	
-5.55811423551	-1740.01407687	
-5.5593987572	-1740.01436074	
-5.56068163102	-1740.0146453	
-5.56196286117	-1740.01493053	
-5.56324245188	-1740.01521642	
-5.56452040732	-1740.01550299	
-5.56579673168	-1740.01579021	
-5.56707142911	-1740.01607809	
-5.56834450376	-1740.01636663	
-5.56961595975	-1740.01665581	
-5.57088580119	-1740.01694565	
-5.57215403218	-1740.01723612	
-5.57342065679	-1740.01752724	
-5.5746856791	-1740.01781899	
-5.57594910315	-1740.01811138	
-5.57721093297	-1740.01840439	
-5.57847117258	-1740.01869803	
-5.57972982599	-1740.01899229	
-5.58098689718	-1740.01928717	
-5.58224239012	-1740.01958266	
-5.58349630878	-1740.01987877	
-5.5847486571	-1740.02017548	
-5.585999439	-1740.0204728	
-5.5872486584	-1740.02077071	
-5.5884963192	-1740.02106923	
-5.58974242528	-1740.02136834	
-5.59098698051	-1740.02166804	
-5.59222998875	-1740.02196833	
-5.59347145384	-1740.0222692	
-5.5947113796	-1740.02257066	
-5.59594976985	-1740.02287269	
-5.59718662839	-1740.02317529	
-5.598421959	-1740.02347847	
-5.59965576545	-1740.02378221	
-5.60088805149	-1740.02408652	
-5.60211882088	-1740.02439139	
-5.60334807733	-1740.02469682	
-5.60457582457	-1740.0250028	
-5.6058020663	-1740.02530934	
-5.60702680619	-1740.02561642	
-5.60825004793	-1740.02592405	
-5.60947179518	-1740.02623222	
-5.61069205159	-1740.02654094	
-5.61191082078	-1740.02685018	
-5.61312810639	-1740.02715997	
-5.61434391201	-1740.02747028	
-5.61555824124	-1740.02778112	
-5.61677109767	-1740.02809248	
-5.61798248485	-1740.02840436	
-5.61919240636	-1740.02871677	
-5.62040086572	-1740.02902968	
-5.62160786647	-1740.02934311	
-5.62281341212	-1740.02965705	
-5.62401750619	-1740.0299715	
-5.62522015215	-1740.03028645	
-5.6264213535	-1740.0306019	
-5.62762111369	-1740.03091785	
-5.62881943618	-1740.03123429	
-5.63001632442	-1740.03155123	
-5.63121178182	-1740.03186865	
-5.63240581181	-1740.03218656	
-5.6335984178	-1740.03250496	
-5.63478960317	-1740.03282383	
-5.6359793713	-1740.03314319	
-5.63716772557	-1740.03346302	
-5.63835466933	-1740.03378332	
-5.63954020593	-1740.03410409	
-5.64072433869	-1740.03442533	
-5.64190707094	-1740.03474703	
-5.64308840598	-1740.0350692	
-5.64426834712	-1740.03539182	
-5.64544689764	-1740.0357149	
-5.64662406082	-1740.03603844	
-5.64779983991	-1740.03636242	
-5.64897423816	-1740.03668686	
-5.65014725882	-1740.03701174	
-5.65131890512	-1740.03733706	
-5.65248918027	-1740.03766283	
-5.65365808747	-1740.03798903	
-5.65482562993	-1740.03831567	
-5.65599181082	-1740.03864274	
-5.65715663332	-1740.03897025	
-5.65832010058	-1740.03929818	
-5.65948221576	-1740.03962653	
-5.660642982	-1740.03995531	
-5.66180240242	-1740.04028451	
-5.66296048014	-1740.04061413	
-5.66411721826	-1740.04094417	
-5.66527261989	-1740.04127461	
-5.66642668811	-1740.04160547	
-5.66757942599	-1740.04193674	
-5.6687308366	-1740.04226841	
-5.66988092298	-1740.04260049	
-5.67102968818	-1740.04293297	
-5.67217713524	-1740.04326584	
-5.67332326717	-1740.04359912	
-5.67446808699	-1740.04393278	
-5.67561159769	-1740.04426684	
-5.67675380227	-1740.04460129	
-5.6778947037	-1740.04493613	
-5.67903430497	-1740.04527135	
-5.68017260902	-1740.04560696	
-5.6813096188	-1740.04594294	
-5.68244533727	-1740.0462793	
-5.68357976734	-1740.04661604	
-5.68471291194	-1740.04695316	
-5.68584477397	-1740.04729064	
-5.68697535634	-1740.04762849	
-5.68810466194	-1740.04796671	
-5.68923269364	-1740.0483053	
-5.69035945432	-1740.04864425	
-5.69148494685	-1740.04898356	
-5.69260917406	-1740.04932322	
-5.6937321388	-1740.04966325	
-5.69485384391	-1740.05000363	
-5.69597429221	-1740.05034435	
-5.69709348651	-1740.05068543	
-5.69821142961	-1740.05102686	
-5.69932812431	-1740.05136863	
-5.70044357339	-1740.05171075	
-5.70155777963	-1740.05205321	
-5.7026707458	-1740.05239601	
-5.70378247466	-1740.05273914	
-5.70489296894	-1740.05308261	
-5.70600223139	-1740.05342641	
-5.70711026475	-1740.05377055	
-5.70821707172	-1740.05411501	
-5.70932265503	-1740.0544598	
-5.71042701737	-1740.05480492	
-5.71153016145	-1740.05515036	
-5.71263208993	-1740.05549612	
-5.71373280551	-1740.0558422	
-5.71483231084	-1740.0561886	
-5.71593060859	-1740.05653531	
-5.71702770141	-1740.05688234	
-5.71812359193	-1740.05722968	
-5.71921828279	-1740.05757732	
-5.72031177661	-1740.05792528	
-5.72140407601	-1740.05827354	
-5.72249518359	-1740.05862211	
-5.72358510195	-1740.05897097	
-5.72467383369	-1740.05932014	
-5.72576138137	-1740.05966961	
-5.72684774759	-1740.06001937	
-5.72793293489	-1740.06036943	
-5.72901694583	-1740.06071978	
-5.73009978297	-1740.06107042	
-5.73118144884	-1740.06142135	
-5.73226194598	-1740.06177257	
-5.7333412769	-1740.06212407	
-5.73441944412	-1740.06247586	
-5.73549645015	-1740.06282793	
-5.73657229748	-1740.06318028	
-5.73764698861	-1740.06353291	
-5.73872052602	-1740.06388581	
-5.73979291218	-1740.06423899	
-5.74086414956	-1740.06459245	
-5.74193424062	-1740.06494617	
-5.74300318781	-1740.06530017	
-5.74407099357	-1740.06565443	
-5.74513766034	-1740.06600896	
-5.74620319054	-1740.06636375	
-5.7472675866	-1740.06671881	
-5.74833085092	-1740.06707413	
-5.74939298591	-1740.0674297	
-5.75045399397	-1740.06778554	
-5.75151387748	-1740.06814163	
-5.75257263883	-1740.06849798	
-5.75363028038	-1740.06885458	
-5.75468680452	-1740.06921143	
-5.75574221359	-1740.06956853	
-5.75679650994	-1740.06992588	
-5.75784969593	-1740.07028348	
-5.75890177388	-1740.07064132	
-5.75995274612	-1740.07099941	
-5.76100261499	-1740.07135773	
-5.76205138278	-1740.0717163	
-5.76309905181	-1740.0720751	
-5.76414562438	-1740.07243415	
-5.76519110278	-1740.07279343	
-5.7662354893	-1740.07315294	
-5.76727878622	-1740.07351268	
-5.76832099579	-1740.07387266	
-5.7693621203	-1740.07423286	
-5.770402162	-1740.0745933	
-5.77144112313	-1740.07495396	
-5.77247900594	-1740.07531484	
-5.77351581267	-1740.07567595	
-5.77455154554	-1740.07603728	
-5.77558620679	-1740.07639883	
-5.77661979861	-1740.0767606	
-5.77765232322	-1740.07712259	
-5.77868378283	-1740.07748479	
-5.77971417962	-1740.07784721	
-5.78074351579	-1740.07820984	
-5.78177179352	-1740.07857268	
-5.78279901497	-1740.07893574	
-5.78382518233	-1740.079299	
-5.78485029774	-1740.07966247	
-5.78587436337	-1740.08002614	
-5.78689738137	-1740.08039002	
-5.78791935386	-1740.08075411	
-5.788940283	-1740.08111839	
-5.7899601709	-1740.08148288	
-5.79097901969	-1740.08184756	
-5.79199683148	-1740.08221245	
-5.79301360838	-1740.08257753	
-5.7940293525	-1740.0829428	
-5.79504406593	-1740.08330827	
-5.79605775077	-1740.08367393	
-5.79707040908	-1740.08403978	
-5.79808204295	-1740.08440582	
-5.79909265446	-1740.08477205	
-5.80010224566	-1740.08513847	
-5.80111081862	-1740.08550507	
-5.80211837538	-1740.08587185	
-5.80312491799	-1740.08623882	
-5.80413044849	-1740.08660597	
-5.80513496892	-1740.08697331	
-5.80613848129	-1740.08734082	
-5.80714098764	-1740.08770851	
-5.80814248998	-1740.08807637	
-5.80914299031	-1740.08844441	
