# log_p 	 lnL 	 
0.0	-1740.5564457	
-0.287682072452	-1740.64158203	
-0.510825623766	-1740.72251791	
-0.69314718056	-1740.79236215	
-0.847297860387	-1740.85083279	
-0.980829253012	-1740.89983565	
-1.09861228867	-1740.9416099	
-1.20397280433	-1740.97811091	
-1.29928298413	-1741.01087552	
-1.38629436112	-1741.04105096	
-1.46633706879	-1741.0694672	
-1.54044504095	-1741.09671059	
-1.60943791243	-1741.12318624	
-1.67397643357	-1741.14916708	
-1.73460105539	-1741.17483101	
-1.79175946923	-1741.20028842	
-1.8458266905	-1741.22560244	
-1.89711998489	-1741.25080349	
-1.94591014906	-1741.27589991	
-1.99243016469	-1741.30088547	
-2.03688192726	-1741.32574476	
-2.07944154168	-1741.35045702	
-2.1202635362	-1741.37499876	
-2.15948424935	-1741.3993456	
-2.19722457734	-1741.42347352	
-2.23359222151	-1741.44735969	
-2.26868354132	-1741.47098293	
-2.30258509299	-1741.49432403	
-2.33537491582	-1741.51736591	
-2.36712361413	-1741.54009361	
-2.3978952728	-1741.56249428	
-2.42774823595	-1741.58455709	
-2.45673577282	-1741.60627311	
-2.48490664979	-1741.6276352	
-2.51230562398	-1741.64863783	
-2.53897387106	-1741.66927697	
-2.56494935746	-1741.68954996	
-2.59026716545	-1741.70945534	
-2.61495977804	-1741.72899273	
-2.63905732962	-1741.74816274	
-2.66258782703	-1741.76696684	
-2.68557734525	-1741.78540723	
-2.7080502011	-1741.80348681	
-2.73002910782	-1741.82120901	
-2.75153531304	-1741.83857779	
-2.77258872224	-1741.85559754	
-2.79320800944	-1741.87227299	
-2.81341071676	-1741.88860918	
-2.83321334406	-1741.90461143	
-2.85263142991	-1741.92028523	
-2.87167962488	-1741.93563627	
-2.8903717579	-1741.95067036	
-2.90872089656	-1741.96539338	
-2.92673940207	-1741.97981133	
-2.94443897917	-1741.99393021	
-2.96183072188	-1742.00775607	
-2.97892515524	-1742.02129495	
-2.99573227355	-1742.03455287	
-3.01226157551	-1742.04753582	
-3.02852209638	-1742.06024976	
-3.04452243772	-1742.07270058	
-3.06027079469	-1742.08489411	
-3.07577498123	-1742.09683611	
-3.09104245336	-1742.10853226	
-3.10608033072	-1742.11998816	
-3.12089541651	-1742.13120929	
-3.13549421593	-1742.14220107	
-3.14988295338	-1742.15296881	
-3.16406758837	-1742.16351771	
-3.17805383035	-1742.17385288	
-3.19184715248	-1742.18397932	
-3.20545280454	-1742.19390194	
-3.21887582487	-1742.20362551	
-3.23212105162	-1742.21315473	
-3.24519313319	-1742.22249418	
-3.25809653802	-1742.23164833	
-3.2708355638	-1742.24062156	
-3.28341434601	-1742.24941815	
-3.295836866	-1742.25804225	
-3.3081069586	-1742.26649793	
-3.32022831913	-1742.27478918	
-3.33220451018	-1742.28291985	
-3.34403896782	-1742.29089373	
-3.35573500759	-1742.29871449	
-3.36729582999	-1742.30638574	
-3.37872452581	-1742.31391096	
-3.39002408106	-1742.32129357	
-3.40119738166	-1742.3285369	
-3.41224721785	-1742.33564419	
-3.42317628838	-1742.34261859	
-3.43398720449	-1742.34946318	
-3.4446824936	-1742.35618095	
-3.45526460293	-1742.36277484	
-3.4657359028	-1742.36924767	
-3.47609868984	-1742.37560224	
-3.48635519	-1742.38184122	
-3.49650756147	-1742.38796727	
-3.50655789732	-1742.39398293	
-3.51650822817	-1742.39989071	
-3.52636052462	-1742.40569303	
-3.53611669956	-1742.41139227	
-3.54577861047	-1742.41699074	
-3.55534806149	-1742.42249068	
-3.56482680544	-1742.42789429	
-3.57421654579	-1742.43320369	
-3.58351893846	-1742.43842097	
-3.59273559356	-1742.44354816	
-3.60186807712	-1742.44858723	
-3.61091791264	-1742.45354011	
-3.61988658263	-1742.45840866	
-3.62877553004	-1742.46319472	
-3.63758615973	-1742.46790007	
-3.6463198397	-1742.47252645	
-3.65497790244	-1742.47707554	
-3.66356164613	-1742.481549	
-3.6720723358	-1742.48594844	
-3.68051120444	-1742.49027542	
-3.68887945411	-1742.49453147	
-3.69717825693	-1742.49871809	
-3.70540875607	-1742.50283672	
-3.7135720667	-1742.50688878	
-3.72166927694	-1742.51087566	
-3.72970144863	-1742.5147987	
-3.73766961828	-1742.51865923	
-3.74557479779	-1742.52245851	
-3.75341797525	-1742.52619781	
-3.76120011569	-1742.52987834	
-3.76892216179	-1742.5335013	
-3.77658503453	-1742.53706785	
-3.78418963392	-1742.54057912	
-3.79173683955	-1742.54403622	
-3.79922751128	-1742.54744024	
-3.80666248977	-1742.55079222	
-3.81404259707	-1742.55409319	
-3.82136863716	-1742.55734417	
-3.82864139649	-1742.56054612	
-3.83586164446	-1742.56370002	
-3.84303013394	-1742.5668068	
-3.85014760171	-1742.56986736	
-3.85721476893	-1742.57288261	
-3.86423234159	-1742.57585342	
-3.87120101091	-1742.57878063	
-3.87812145375	-1742.58166508	
-3.88499433304	-1742.58450758	
-3.89182029811	-1742.58730892	
-3.8985999851	-1742.59006989	
-3.90533401728	-1742.59279123	
-3.91202300543	-1742.5954737	
-3.91866754815	-1742.59811801	
-3.92526823218	-1742.60072488	
-3.93182563272	-1742.60329499	
-3.93834031375	-1742.60582902	
-3.94481282825	-1742.60832764	
-3.95124371858	-1742.61079149	
-3.95763351668	-1742.61322119	
-3.96398274436	-1742.61561738	
-3.97029191355	-1742.61798066	
-3.97656152657	-1742.62031161	
-3.98279207632	-1742.62261082	
-3.98898404656	-1742.62487885	
-3.99513791214	-1742.62711626	
-4.00125413916	-1742.62932358	
-4.00733318523	-1742.63150136	
-4.01337549969	-1742.6336501	
-4.01938152375	-1742.63577032	
-4.02535169074	-1742.63786251	
-4.03128642625	-1742.63992715	
-4.03718614838	-1742.64196473	
-4.04305126783	-1742.64397572	
-4.04888218815	-1742.64596056	
-4.05467930583	-1742.6479197	
-4.06044301055	-1742.64985358	
-4.06617368526	-1742.65176264	
-4.07187170637	-1742.65364728	
-4.07753744391	-1742.65550792	
-4.08317126162	-1742.65734496	
-4.08877351717	-1742.6591588	
-4.09434456222	-1742.66094982	
-4.0998847426	-1742.66271841	
-4.10539439841	-1742.66446492	
-4.11087386417	-1742.66618973	
-4.11632346894	-1742.66789319	
-4.12174353641	-1742.66957564	
-4.12713438505	-1742.67123744	
-4.13249632819	-1742.67287891	
-4.13782967416	-1742.67450038	
-4.14313472639	-1742.67610218	
-4.14841178349	-1742.67768462	
-4.15366113938	-1742.67924801	
-4.15888308336	-1742.68079265	
-4.16407790024	-1742.68231884	
-4.1692458704	-1742.68382688	
-4.1743872699	-1742.68531704	
-4.17950237056	-1742.6867896	
-4.18459144007	-1742.68824485	
-4.18965474203	-1742.68968305	
-4.19469253606	-1742.69110447	
-4.19970507788	-1742.69250936	
-4.20469261939	-1742.69389798	
-4.20965540873	-1742.69527058	
-4.21459369037	-1742.6966274	
-4.21950770518	-1742.69796869	
-4.22439769047	-1742.69929468	
-4.22926388012	-1742.7006056	
-4.2341065046	-1742.70190169	
-4.23892579103	-1742.70318315	
-4.2437219633	-1742.70445021	
-4.24849524205	-1742.70570309	
-4.25324584481	-1742.706942	
-4.257973986	-1742.70816714	
-4.26267987704	-1742.70937872	
-4.26736372635	-1742.71057693	
-4.27202573946	-1742.71176197	
-4.27666611902	-1742.71293404	
-4.28128506487	-1742.71409332	
-4.28588277412	-1742.71524	
-4.29045944115	-1742.71637426	
-4.29501525768	-1742.71749628	
-4.29955041285	-1742.71860624	
-4.3040650932	-1742.71970431	
-4.30855948279	-1742.72079065	
-4.31303376319	-1742.72186543	
-4.31748811354	-1742.72292883	
-4.3219227106	-1742.72398099	
-4.32633772881	-1742.72502208	
-4.33073334029	-1742.72605226	
-4.33510971489	-1742.72707166	
-4.33946702026	-1742.72808045	
-4.34380542185	-1742.72907878	
-4.348125083	-1742.73006678	
-4.3524261649	-1742.7310446	
-4.35670882669	-1742.73201238	
-4.36097322548	-1742.73297025	
-4.36521951636	-1742.73391836	
-4.36944785247	-1742.73485683	
-4.373658385	-1742.7357858	
-4.37785126326	-1742.73670539	
-4.38202663467	-1742.73761573	
-4.38618464482	-1742.73851695	
-4.39032543749	-1742.73940916	
-4.39444915467	-1742.7402925	
-4.39855593663	-1742.74116706	
-4.40264592188	-1742.74203298	
-4.40671924726	-1742.74289036	
-4.41077604796	-1742.74373933	
-4.4148164575	-1742.74457998	
-4.4188406078	-1742.74541242	
-4.42284862919	-1742.74623678	
-4.42684065046	-1742.74705314	
-4.43081679884	-1742.74786162	
-4.43477720006	-1742.74866231	
-4.43872197835	-1742.74945532	
-4.44265125649	-1742.75024075	
-4.44656515581	-1742.75101868	
-4.45046379623	-1742.75178923	
-4.45434729625	-1742.75255247	
-4.45821577303	-1742.75330851	
-4.46206934235	-1742.75405744	
-4.46590811865	-1742.75479934	
-4.46973221509	-1742.7555343	
-4.47354174351	-1742.75626241	
-4.47733681448	-1742.75698377	
-4.48111753732	-1742.75769844	
-4.48488402011	-1742.75840651	
-4.48863636973	-1742.75910807	
-4.49237469184	-1742.75980319	
-4.49609909093	-1742.76049196	
-4.49980967033	-1742.76117445	
-4.50350653221	-1742.76185074	
-4.50718977763	-1742.76252091	
-4.51085950652	-1742.76318503	
-4.51451581772	-1742.76384316	
-4.518158809	-1742.7644954	
-4.52178857705	-1742.7651418	
-4.52540521752	-1742.76578243	
-4.52900882502	-1742.76641738	
-4.53259949315	-1742.76704669	
-4.5361773145	-1742.76767045	
-4.53974238067	-1742.76828871	
-4.54329478227	-1742.76890154	
-4.54683460898	-1742.76950901	
-4.55036194949	-1742.77011118	
-4.5538768916	-1742.77070811	
-4.55737952215	-1742.77129986	
-4.56086992709	-1742.7718865	
-4.56434819147	-1742.77246807	
-4.56781439944	-1742.77304465	
-4.57126863431	-1742.77361629	
-4.5747109785	-1742.77418304	
-4.5781415136	-1742.77474496	
-4.58156032035	-1742.77530212	
-4.58496747867	-1742.77585455	
-4.58836306767	-1742.77640232	
-4.59174716566	-1742.77694548	
-4.59511985013	-1742.77748408	
-4.59848119784	-1742.77801817	
-4.60183128472	-1742.77854781	
-4.60517018599	-1742.77907304	
-4.60849797608	-1742.77959391	
-4.61181472871	-1742.78011048	
-4.61512051684	-1742.78062279	
-4.61841541274	-1742.78113088	
-4.62169948794	-1742.78163481	
-4.62497281328	-1742.78213461	
-4.62823545892	-1742.78263035	
-4.63148749431	-1742.78312205	
-4.63472898823	-1742.78360977	
-4.63796000881	-1742.78409354	
-4.64118062351	-1742.78457342	
-4.64439089914	-1742.78504944	
-4.64759090187	-1742.78552165	
-4.65078069724	-1742.78599008	
-4.65396035016	-1742.78645478	
-4.65712992492	-1742.78691579	
-4.66028948521	-1742.78737314	
-4.66343909411	-1742.78782689	
-4.66657881412	-1742.78827705	
-4.66970870713	-1742.78872368	
-4.67282883446	-1742.78916681	
-4.67593925688	-1742.78960648	
-4.67904003455	-1742.79004272	
-4.68213122712	-1742.79047558	
-4.68521289366	-1742.79090508	
-4.6882850927	-1742.79133126	
-4.69134788223	-1742.79175415	
-4.69440131972	-1742.7921738	
-4.6974454621	-1742.79259023	
-4.70048036579	-1742.79300347	
-4.70350608671	-1742.79341357	
-4.70652268025	-1742.79382055	
-4.70953020131	-1742.79422444	
-4.71252870431	-1742.79462529	
-4.71551824316	-1742.7950231	
-4.7184988713	-1742.79541793	
-4.72147064168	-1742.7958098	
-4.72443360681	-1742.79619873	
-4.72738781871	-1742.79658476	
-4.73033332894	-1742.79696793	
-4.73327018862	-1742.79734824	
-4.73619844839	-1742.79772575	
-4.7391181585	-1742.79810046	
-4.74202936871	-1742.79847242	
-4.74493212836	-1742.79884165	
-4.74782648639	-1742.79920818	
-4.75071249128	-1742.79957203	
-4.75359019111	-1742.79993322	
-4.75645963353	-1742.8002918	
-4.75932086582	-1742.80064777	
-4.7621739348	-1742.80100118	
-4.76501888693	-1742.80135203	
-4.76785576827	-1742.80170036	
-4.77068462447	-1742.8020462	
-4.77350550081	-1742.80238956	
-4.77631844218	-1742.80273047	
-4.77912349311	-1742.80306896	
-4.78192069773	-1742.80340504	
-4.78471009982	-1742.80373874	
-4.78749174278	-1742.80407009	
-4.79026566966	-1742.8043991	
-4.79303192316	-1742.80472581	
-4.7957905456	-1742.80505022	
-4.79854157897	-1742.80537236	
-4.80128506491	-1742.80569226	
-4.80402104473	-1742.80600993	
-4.80674955939	-1742.8063254	
-4.8094706495	-1742.80663869	
-4.81218435537	-1742.80694981	
-4.81489071697	-1742.8072588	
-4.81758977394	-1742.80756566	
-4.82028156561	-1742.80787041	
-4.82296613098	-1742.80817309	
-4.82564350875	-1742.8084737	
-4.8283137373	-1742.80877227	
-4.83097685472	-1742.80906881	
-4.83363289878	-1742.80936334	
-4.83628190695	-1742.80965589	
-4.83892391641	-1742.80994647	
-4.84155896405	-1742.81023509	
-4.84418708646	-1742.81052178	
-4.84680831994	-1742.81080655	
-4.84942270051	-1742.81108943	
-4.85203026392	-1742.81137042	
-4.85463104562	-1742.81164955	
-4.8572250808	-1742.81192683	
-4.85981240436	-1742.81220228	
-4.86239305096	-1742.81247592	
-4.86496705495	-1742.81274775	
-4.86753445046	-1742.81301781	
-4.87009527132	-1742.81328609	
-4.87264955112	-1742.81355263	
-4.8751973232	-1742.81381743	
-4.87773862063	-1742.81408051	
-4.88027347623	-1742.81434189	
-4.88280192259	-1742.81460158	
-4.88532399202	-1742.81485959	
-4.88783971662	-1742.81511594	
-4.89034912822	-1742.81537065	
-4.89285225844	-1742.81562373	
-4.89534913864	-1742.81587519	
-4.89783979995	-1742.81612505	
-4.90032427328	-1742.81637332	
-4.90280258929	-1742.81662001	
-4.90527477844	-1742.81686514	
-4.90774087093	-1742.81710873	
-4.91020089677	-1742.81735078	
-4.91265488574	-1742.81759131	
-4.91510286737	-1742.81783033	
-4.91754487103	-1742.81806786	
-4.91998092583	-1742.8183039	
-4.92241106068	-1742.81853847	
-4.92483530429	-1742.81877159	
-4.92725368516	-1742.81900326	
-4.92966623156	-1742.8192335	
-4.93207297159	-1742.81946231	
-4.93447393313	-1742.81968972	
-4.93686914386	-1742.81991573	
-4.93925863125	-1742.82014036	
-4.94164242261	-1742.82036361	
-4.94402054501	-1742.8205855	
-4.94639302537	-1742.82080604	
-4.94875989038	-1742.82102524	
-4.95112116656	-1742.82124312	
-4.95347688026	-1742.82145967	
-4.9558270576	-1742.82167492	
-4.95817172456	-1742.82188887	
-4.96051090691	-1742.82210154	
-4.96284463026	-1742.82231293	
-4.96517292002	-1742.82252306	
-4.96749580144	-1742.82273193	
-4.96981329958	-1742.82293957	
-4.97212543933	-1742.82314596	
-4.97443224543	-1742.82335114	
-4.97673374242	-1742.8235551	
-4.97902995468	-1742.82375786	
-4.98132090643	-1742.82395942	
-4.98360662171	-1742.8241598	
-4.98588712441	-1742.824359	
-4.98816243824	-1742.82455704	
-4.99043258678	-1742.82475393	
-4.99269759341	-1742.82494966	
-4.99495748138	-1742.82514426	
-4.99721227376	-1742.82533773	
-4.9994619935	-1742.82553008	
-5.00170666335	-1742.82572132	
-5.00394630595	-1742.82591146	
-5.00618094375	-1742.8261005	
-5.00841059907	-1742.82628846	
-5.0106352941	-1742.82647534	
-5.01285505083	-1742.82666116	
-5.01506989116	-1742.82684592	
-5.01727983681	-1742.82702962	
-5.01948490937	-1742.82721228	
-5.02168513028	-1742.82739391	
-5.02388052085	-1742.82757451	
-5.02607110223	-1742.82775409	
-5.02825689545	-1742.82793266	
-5.03043792139	-1742.82811023	
-5.03261420082	-1742.8282868	
-5.03478575433	-1742.82846239	
-5.03695260241	-1742.82863699	
-5.03911476542	-1742.82881063	
-5.04127226356	-1742.82898329	
-5.04342511692	-1742.829155	
-5.04557334546	-1742.82932576	
-5.047716969	-1742.82949557	
-5.04985600725	-1742.82966445	
-5.05199047978	-1742.8298324	
-5.05412040604	-1742.82999943	
-5.05624580535	-1742.83016554	
-5.05836669692	-1742.83033074	
-5.06048309982	-1742.83049505	
-5.06259503303	-1742.83065845	
-5.06470251537	-1742.83082097	
-5.06680556556	-1742.83098261	
-5.06890420222	-1742.83114337	
-5.07099844382	-1742.83130327	
-5.07308830874	-1742.8314623	
-5.07517381523	-1742.83162048	
-5.07725498144	-1742.83177781	
-5.07933182538	-1742.83193429	
-5.08140436498	-1742.83208994	
-5.08347261805	-1742.83224476	
-5.08553660227	-1742.83239875	
-5.08759633523	-1742.83255192	
-5.08965183441	-1742.83270429	
-5.09170311719	-1742.83285584	
-5.09375020081	-1742.8330066	
-5.09579310244	-1742.83315656	
-5.09783183913	-1742.83330573	
-5.09986642782	-1742.83345411	
-5.10189688537	-1742.83360172	
-5.10392322852	-1742.83374856	
-5.1059454739	-1742.83389463	
-5.10796363806	-1742.83403994	
-5.10997773743	-1742.83418449	
-5.11198778836	-1742.8343283	
-5.11399380708	-1742.83447135	
-5.11599580975	-1742.83461367	
-5.11799381242	-1742.83475526	
-5.11998783102	-1742.83489611	
-5.12197788143	-1742.83503624	
-5.1239639794	-1742.83517566	
-5.12594614061	-1742.83531435	
-5.12792438062	-1742.83545234	
-5.12989871492	-1742.83558963	
-5.13186915891	-1742.83572622	
-5.13383572788	-1742.83586211	
-5.13579843705	-1742.83599731	
-5.13775730154	-1742.83613183	
-5.13971233637	-1742.83626567	
-5.1416635565	-1742.83639884	
-5.14361097679	-1742.83653133	
-5.145554612	-1742.83666316	
-5.14749447681	-1742.83679433	
-5.14943058584	-1742.83692485	
-5.15136295359	-1742.83705471	
-5.1532915945	-1742.83718392	
-5.15521652291	-1742.83731249	
-5.15713775309	-1742.83744042	
-5.15905529921	-1742.83756772	
-5.1609691754	-1742.83769439	
-5.16287939565	-1742.83782043	
-5.16478597392	-1742.83794585	
-5.16668892407	-1742.83807066	
-5.16858825987	-1742.83819485	
-5.17048399504	-1742.83831843	
-5.17237614319	-1742.83844141	
-5.17426471788	-1742.83856379	
-5.17614973257	-1742.83868557	
-5.17803120067	-1742.83880676	
-5.1799091355	-1742.83892736	
-5.18178355029	-1742.83904738	
-5.18365445823	-1742.83916681	
-5.1855218724	-1742.83928567	
-5.18738580584	-1742.83940396	
-5.18924627149	-1742.83952167	
-5.19110328224	-1742.83963883	
-5.19295685089	-1742.83975542	
-5.19480699018	-1742.83987145	
-5.19665371277	-1742.83998693	
-5.19849703127	-1742.84010185	
-5.20033695819	-1742.84021623	
-5.202173506	-1742.84033007	
-5.20400668708	-1742.84044337	
-5.20583651375	-1742.84055613	
-5.20766299828	-1742.84066836	
-5.20948615284	-1742.84078006	
-5.21130598956	-1742.84089123	
-5.21312252048	-1742.84100188	
-5.21493575761	-1742.84111201	
-5.21674571285	-1742.84122163	
-5.21855239808	-1742.84133073	
-5.22035582508	-1742.84143933	
-5.22215600558	-1742.84154742	
-5.22395295126	-1742.841655	
-5.22574667371	-1742.84176209	
-5.22753718449	-1742.84186868	
-5.22932449506	-1742.84197478	
-5.23110861685	-1742.84208039	
-5.23288956123	-1742.84218551	
-5.23466733947	-1742.84229015	
-5.23644196283	-1742.84239431	
-5.23821344248	-1742.84249799	
-5.23998178954	-1742.8426012	
-5.24174701506	-1742.84270393	
-5.24350913005	-1742.8428062	
-5.24526814546	-1742.842908	
-5.24702407216	-1742.84300934	
-5.24877692099	-1742.84311022	
-5.25052670271	-1742.84321064	
-5.25227342805	-1742.84331061	
-5.25401710765	-1742.84341013	
-5.25575775213	-1742.8435092	
-5.25749537203	-1742.84360782	
-5.25922997784	-1742.843706	
-5.26096158	-1742.84380374	
-5.2626901889	-1742.84390105	
-5.26441581487	-1742.84399792	
-5.26613846818	-1742.84409436	
-5.26785815906	-1742.84419036	
-5.26957489768	-1742.84428595	
-5.27128869416	-1742.8443811	
-5.27299955856	-1742.84447584	
-5.27470750091	-1742.84457016	
-5.27641253116	-1742.84466406	
-5.27811465923	-1742.84475755	
-5.27981389498	-1742.84485063	
-5.28151024823	-1742.8449433	
-5.28320372874	-1742.84503556	
-5.28489434622	-1742.84512742	
-5.28658211033	-1742.84521888	
-5.28826703069	-1742.84530994	
-5.28994911688	-1742.8454006	
-5.2916283784	-1742.84549087	
-5.29330482472	-1742.84558075	
-5.29497846528	-1742.84567023	
-5.29664930945	-1742.84575934	
-5.29831736655	-1742.84584805	
-5.29998264587	-1742.84593639	
-5.30164515664	-1742.84602434	
-5.30330490806	-1742.84611192	
-5.30496190927	-1742.84619912	
-5.30661616936	-1742.84628595	
-5.3082676974	-1742.8463724	
-5.30991650239	-1742.84645849	
-5.3115625933	-1742.84654421	
-5.31320597904	-1742.84662957	
-5.3148466685	-1742.84671456	
-5.3164846705	-1742.8467992	
-5.31811999384	-1742.84688347	
-5.31975264727	-1742.84696739	
-5.32138263948	-1742.84705096	
-5.32300997914	-1742.84713417	
-5.32463467487	-1742.84721704	
-5.32625673524	-1742.84729956	
-5.32787616879	-1742.84738173	
-5.32949298402	-1742.84746355	
-5.33110718937	-1742.84754504	
-5.33271879327	-1742.84762618	
-5.33432780407	-1742.84770699	
-5.33593423012	-1742.84778746	
-5.3375380797	-1742.8478676	
-5.33913936107	-1742.84794741	
-5.34073808243	-1742.84802688	
-5.34233425196	-1742.84810603	
-5.3439278778	-1742.84818485	
-5.34551896803	-1742.84826335	
-5.34710753072	-1742.84834152	
-5.34869357387	-1742.84841938	
-5.35027710548	-1742.84849691	
-5.35185813348	-1742.84857413	
-5.35343666577	-1742.84865103	
-5.35501271022	-1742.84872762	
-5.35658627467	-1742.8488039	
-5.3581573669	-1742.84887986	
-5.35972599468	-1742.84895552	
-5.36129216571	-1742.84903088	
-5.36285588769	-1742.84910592	
-5.36441716825	-1742.84918067	
-5.36597601502	-1742.84925511	
-5.36753243557	-1742.84932925	
-5.36908643744	-1742.8494031	
-5.37063802813	-1742.84947665	
-5.37218721511	-1742.8495499	
-5.37373400583	-1742.84962286	
-5.37527840768	-1742.84969553	
-5.37682042804	-1742.84976791	
-5.37836007422	-1742.84984	
-5.37989735354	-1742.84991181	
-5.38143227326	-1742.84998333	
-5.38296484061	-1742.85005456	
-5.38449506279	-1742.85012552	
-5.38602294697	-1742.85019619	
-5.38754850028	-1742.85026659	
-5.38907172982	-1742.85033671	
-5.39059264266	-1742.85040655	
-5.39211124583	-1742.85047612	
-5.39362754635	-1742.85054541	
-5.39514155118	-1742.85061444	
-5.39665326727	-1742.85068319	
-5.39816270152	-1742.85075168	
-5.39966986081	-1742.8508199	
-5.40117475199	-1742.85088785	
-5.40267738187	-1742.85095554	
-5.40417775725	-1742.85102297	
-5.40567588487	-1742.85109013	
-5.40717177146	-1742.85115704	
-5.40866542372	-1742.85122369	
-5.4101568483	-1742.85129008	
-5.41164605186	-1742.85135621	
-5.41313304098	-1742.85142209	
-5.41461782224	-1742.85148772	
-5.4161004022	-1742.8515531	
-5.41758078737	-1742.85161822	
-5.41905898424	-1742.8516831	
-5.42053499927	-1742.85174773	
-5.42200883889	-1742.85181212	
-5.4234805095	-1742.85187625	
-5.42495001748	-1742.85194015	
-5.42641736918	-1742.8520038	
-5.4278825709	-1742.85206722	
-5.42934562895	-1742.85213039	
-5.43080654959	-1742.85219332	
-5.43226533906	-1742.85225602	
-5.43372200355	-1742.85231848	
-5.43517654927	-1742.8523807	
-5.43662898235	-1742.8524427	
-5.43807930892	-1742.85250446	
-5.4395275351	-1742.85256598	
-5.44097366695	-1742.85262728	
-5.44241771052	-1742.85268835	
-5.44385967184	-1742.8527492	
-5.4452995569	-1742.85280981	
-5.44673737167	-1742.8528702	
-5.44817312209	-1742.85293037	
-5.44960681409	-1742.85299032	
-5.45103845357	-1742.85305004	
-5.45246804638	-1742.85310954	
-5.45389559837	-1742.85316882	
-5.45532111536	-1742.85322789	
-5.45674460314	-1742.85328673	
-5.45816606749	-1742.85334537	
-5.45958551414	-1742.85340378	
-5.46100294883	-1742.85346198	
-5.46241837723	-1742.85351997	
-5.46383180503	-1742.85357775	
-5.46524323786	-1742.85363532	
-5.46665268137	-1742.85369268	
-5.46806014114	-1742.85374983	
-5.46946562274	-1742.85380677	
-5.47086913175	-1742.8538635	
-5.47227067367	-1742.85392003	
-5.47367025403	-1742.85397636	
-5.47506787829	-1742.85403248	
-5.47646355193	-1742.8540884	
-5.47785728038	-1742.85414412	
-5.47924906905	-1742.85419964	
-5.48063892334	-1742.85425496	
-5.48202684862	-1742.85431008	
-5.48341285022	-1742.85436501	
-5.48479693349	-1742.85441973	
-5.48617910372	-1742.85447427	
-5.48755936619	-1742.85452861	
-5.48893772616	-1742.85458275	
-5.49031418887	-1742.8546367	
-5.49168875953	-1742.85469047	
-5.49306144334	-1742.85474404	
-5.49443224547	-1742.85479742	
-5.49580117108	-1742.85485061	
-5.49716822529	-1742.85490362	
-5.49853341322	-1742.85495643	
-5.49989673995	-1742.85500907	
-5.50125821054	-1742.85506151	
-5.50261783006	-1742.85511378	
-5.50397560352	-1742.85516586	
-5.50533153593	-1742.85521776	
-5.50668563228	-1742.85526948	
-5.50803789753	-1742.85532101	
-5.50938833663	-1742.85537237	
-5.5107369545	-1742.85542355	
-5.51208375605	-1742.85547455	
-5.51342874616	-1742.85552537	
-5.51477192971	-1742.85557602	
-5.51611331154	-1742.85562649	
-5.51745289646	-1742.85567679	
-5.51879068931	-1742.85572692	
-5.52012669485	-1742.85577687	
-5.52146091786	-1742.85582665	
-5.5227933631	-1742.85587626	
-5.52412403528	-1742.85592569	
-5.52545293913	-1742.85597496	
-5.52678007934	-1742.85602406	
-5.52810546058	-1742.856073	
-5.52942908751	-1742.85612176	
-5.53075096477	-1742.85617036	
-5.53207109697	-1742.8562188	
-5.53338948873	-1742.85626707	
-5.53470614461	-1742.85631517	
-5.53602106919	-1742.85636312	
-5.53733426702	-1742.8564109	
-5.53864574262	-1742.85645851	
-5.5399555005	-1742.85650597	
-5.54126354516	-1742.85655327	
-5.54256988107	-1742.85660041	
-5.5438745127	-1742.85664739	
-5.54517744448	-1742.85669421	
-5.54647868084	-1742.85674088	
-5.54777822618	-1742.85678739	
-5.5490760849	-1742.85683374	
-5.55037226136	-1742.85687994	
-5.55166675992	-1742.85692599	
-5.55295958492	-1742.85697188	
-5.55425074069	-1742.85701762	
-5.55554023152	-1742.8570632	
-5.5568280617	-1742.85710864	
-5.55811423551	-1742.85715392	
-5.5593987572	-1742.85719906	
-5.56068163102	-1742.85724405	
-5.56196286117	-1742.85728888	
-5.56324245188	-1742.85733357	
-5.56452040732	-1742.85737812	
-5.56579673168	-1742.85742251	
-5.56707142911	-1742.85746676	
-5.56834450376	-1742.85751087	
-5.56961595975	-1742.85755483	
-5.57088580119	-1742.85759865	
-5.57215403218	-1742.85764232	
-5.57342065679	-1742.85768585	
-5.5746856791	-1742.85772924	
-5.57594910315	-1742.85777249	
-5.57721093297	-1742.8578156	
-5.57847117258	-1742.85785857	
-5.57972982599	-1742.8579014	
-5.58098689718	-1742.85794409	
-5.58224239012	-1742.85798664	
-5.58349630878	-1742.85802906	
-5.5847486571	-1742.85807134	
-5.585999439	-1742.85811348	
-5.5872486584	-1742.85815549	
-5.5884963192	-1742.85819736	
-5.58974242528	-1742.8582391	
-5.59098698051	-1742.8582807	
-5.59222998875	-1742.85832217	
-5.59347145384	-1742.85836351	
-5.5947113796	-1742.85840472	
-5.59594976985	-1742.85844579	
-5.59718662839	-1742.85848674	
-5.598421959	-1742.85852755	
-5.59965576545	-1742.85856824	
-5.60088805149	-1742.85860879	
-5.60211882088	-1742.85864922	
-5.60334807733	-1742.85868952	
-5.60457582457	-1742.85872969	
-5.6058020663	-1742.85876974	
-5.60702680619	-1742.85880966	
-5.60825004793	-1742.85884945	
-5.60947179518	-1742.85888912	
-5.61069205159	-1742.85892867	
-5.61191082078	-1742.85896809	
-5.61312810639	-1742.85900739	
-5.61434391201	-1742.85904656	
-5.61555824124	-1742.85908561	
-5.61677109767	-1742.85912454	
-5.61798248485	-1742.85916335	
-5.61919240636	-1742.85920204	
-5.62040086572	-1742.85924061	
-5.62160786647	-1742.85927906	
-5.62281341212	-1742.85931739	
-5.62401750619	-1742.8593556	
-5.62522015215	-1742.85939369	
-5.6264213535	-1742.85943167	
-5.62762111369	-1742.85946953	
-5.62881943618	-1742.85950727	
-5.63001632442	-1742.85954489	
-5.63121178182	-1742.8595824	
-5.63240581181	-1742.8596198	
-5.6335984178	-1742.85965708	
-5.63478960317	-1742.85969425	
-5.6359793713	-1742.8597313	
-5.63716772557	-1742.85976824	
-5.63835466933	-1742.85980506	
-5.63954020593	-1742.85984178	
-5.64072433869	-1742.85987838	
-5.64190707094	-1742.85991487	
-5.64308840598	-1742.85995126	
-5.64426834712	-1742.85998753	
-5.64544689764	-1742.86002369	
-5.64662406082	-1742.86005974	
-5.64779983991	-1742.86009568	
-5.64897423816	-1742.86013152	
-5.65014725882	-1742.86016724	
-5.65131890512	-1742.86020286	
-5.65248918027	-1742.86023837	
-5.65365808747	-1742.86027378	
-5.65482562993	-1742.86030908	
-5.65599181082	-1742.86034427	
-5.65715663332	-1742.86037936	
-5.65832010058	-1742.86041435	
-5.65948221576	-1742.86044923	
-5.660642982	-1742.860484	
-5.66180240242	-1742.86051867	
-5.66296048014	-1742.86055324	
-5.66411721826	-1742.86058771	
-5.66527261989	-1742.86062207	
-5.66642668811	-1742.86065634	
-5.66757942599	-1742.8606905	
-5.6687308366	-1742.86072456	
-5.66988092298	-1742.86075852	
-5.67102968818	-1742.86079238	
-5.67217713524	-1742.86082614	
-5.67332326717	-1742.8608598	
-5.67446808699	-1742.86089336	
-5.67561159769	-1742.86092682	
-5.67675380227	-1742.86096019	
-5.6778947037	-1742.86099346	
-5.67903430497	-1742.86102663	
-5.68017260902	-1742.8610597	
-5.6813096188	-1742.86109268	
-5.68244533727	-1742.86112556	
-5.68357976734	-1742.86115834	
-5.68471291194	-1742.86119103	
-5.68584477397	-1742.86122363	
-5.68697535634	-1742.86125613	
-5.68810466194	-1742.86128854	
-5.68923269364	-1742.86132085	
-5.69035945432	-1742.86135307	
-5.69148494685	-1742.8613852	
-5.69260917406	-1742.86141723	
-5.6937321388	-1742.86144917	
-5.69485384391	-1742.86148102	
-5.69597429221	-1742.86151278	
-5.69709348651	-1742.86154445	
-5.69821142961	-1742.86157603	
-5.69932812431	-1742.86160752	
-5.70044357339	-1742.86163891	
-5.70155777963	-1742.86167022	
-5.7026707458	-1742.86170144	
-5.70378247466	-1742.86173257	
-5.70489296894	-1742.86176361	
-5.70600223139	-1742.86179456	
-5.70711026475	-1742.86182542	
-5.70821707172	-1742.8618562	
-5.70932265503	-1742.86188689	
-5.71042701737	-1742.86191749	
-5.71153016145	-1742.86194801	
-5.71263208993	-1742.86197844	
-5.71373280551	-1742.86200878	
-5.71483231084	-1742.86203904	
-5.71593060859	-1742.86206922	
-5.71702770141	-1742.86209931	
-5.71812359193	-1742.86212931	
-5.71921828279	-1742.86215923	
-5.72031177661	-1742.86218907	
-5.72140407601	-1742.86221882	
-5.72249518359	-1742.86224849	
-5.72358510195	-1742.86227808	
-5.72467383369	-1742.86230759	
-5.72576138137	-1742.86233701	
-5.72684774759	-1742.86236635	
-5.72793293489	-1742.86239561	
-5.72901694583	-1742.86242479	
-5.73009978297	-1742.86245389	
-5.73118144884	-1742.86248291	
-5.73226194598	-1742.86251184	
-5.7333412769	-1742.8625407	
-5.73441944412	-1742.86256948	
-5.73549645015	-1742.86259818	
-5.73657229748	-1742.8626268	
-5.73764698861	-1742.86265534	
-5.73872052602	-1742.8626838	
-5.73979291218	-1742.86271219	
-5.74086414956	-1742.86274049	
-5.74193424062	-1742.86276872	
-5.74300318781	-1742.86279687	
-5.74407099357	-1742.86282495	
-5.74513766034	-1742.86285295	
-5.74620319054	-1742.86288087	
-5.7472675866	-1742.86290872	
-5.74833085092	-1742.86293649	
-5.74939298591	-1742.86296418	
-5.75045399397	-1742.8629918	
-5.75151387748	-1742.86301935	
-5.75257263883	-1742.86304682	
-5.75363028038	-1742.86307422	
-5.75468680452	-1742.86310154	
-5.75574221359	-1742.86312879	
-5.75679650994	-1742.86315596	
-5.75784969593	-1742.86318306	
-5.75890177388	-1742.86321009	
-5.75995274612	-1742.86323705	
-5.76100261499	-1742.86326394	
-5.76205138278	-1742.86329075	
-5.76309905181	-1742.86331749	
-5.76414562438	-1742.86334416	
-5.76519110278	-1742.86337076	
-5.7662354893	-1742.86339728	
-5.76727878622	-1742.86342374	
-5.76832099579	-1742.86345013	
-5.7693621203	-1742.86347644	
-5.770402162	-1742.86350269	
-5.77144112313	-1742.86352887	
-5.77247900594	-1742.86355497	
-5.77351581267	-1742.86358101	
-5.77455154554	-1742.86360698	
-5.77558620679	-1742.86363288	
-5.77661979861	-1742.86365871	
-5.77765232322	-1742.86368448	
-5.77868378283	-1742.86371017	
-5.77971417962	-1742.8637358	
-5.78074351579	-1742.86376136	
-5.78177179352	-1742.86378686	
-5.78279901497	-1742.86381228	
-5.78382518233	-1742.86383765	
-5.78485029774	-1742.86386294	
-5.78587436337	-1742.86388817	
-5.78689738137	-1742.86391333	
-5.78791935386	-1742.86393843	
-5.788940283	-1742.86396346	
-5.7899601709	-1742.86398843	
-5.79097901969	-1742.86401333	
-5.79199683148	-1742.86403817	
-5.79301360838	-1742.86406294	
-5.7940293525	-1742.86408765	
-5.79504406593	-1742.86411229	
-5.79605775077	-1742.86413687	
-5.79707040908	-1742.86416139	
-5.79808204295	-1742.86418584	
-5.79909265446	-1742.86421023	
-5.80010224566	-1742.86423456	
-5.80111081862	-1742.86425883	
-5.80211837538	-1742.86428303	
-5.80312491799	-1742.86430717	
-5.80413044849	-1742.86433125	
-5.80513496892	-1742.86435527	
-5.80613848129	-1742.86437923	
-5.80714098764	-1742.86440312	
-5.80814248998	-1742.86442695	
-5.80914299031	-1742.86445073	
