-7.795575845236202284e-01
-5.110501356743122336e-01
-9.190730297584102093e-01
2.629768567437401394e+00
-9.212912050007731057e-01
2.281564710197688584e+00
-1.217229831328144218e+00
-3.290759369225546127e+00
-3.892253131799496835e+00
-1.353106106865775438e+01
-3.863794298481259659e+00
-3.938501665238347105e+00
-6.037093206115597077e+00
-5.942830024102150333e+00
-6.147761504641263031e+00
-4.710376618023331297e+00
-5.938757464540091568e+00
-5.220731870000061114e+00
-5.852383080149825112e+00
-5.521675156893507186e+00
