-6.943666737644528242e-01
-5.396428319442732047e-01
-8.058754111194088576e-01
2.668632971244103036e+00
-3.219684515274944259e-01
1.414671992881112672e+00
1.414671992881112672e+00
-5.905787914378502812e+00
-4.375088285129503873e+00
-4.461449612103629114e+00
-4.620383706843950833e+00
-6.605662250055738483e+00
-5.695131980918690218e+00
-5.719781161386760182e+00
-4.626935781329452269e+00
-6.840387328802014721e+00
-5.291171941194105166e+00
-5.325903139824792909e+00
-7.027407340175225059e+00
-4.483487004218305039e+00
