#Site	lnL	
0	-1.31299103047
1	-1.23439133581
2	-5.76319096872
3	-1.31299103047
4	-1.28510252901
5	-8.36052267947
6	-1.25861148487
7	-1.28510252901
8	-8.02456032446
9	-1.79266265156
10	-1.58784744326
11	-8.95646941488
12	-1.79266265156
13	-1.28510252901
14	-9.41305924411
15	-1.25861148487
16	-1.28510252901
17	-4.2714034286
18	-1.31299103047
19	-1.23439133581
20	-3.30074043052
21	-1.31299103047
22	-1.58784744326
23	-15.5704474808
24	-1.31299103047
25	-1.23439133581
26	-12.3848856837
27	-1.25861148487
28	-1.23439133581
29	-8.31165409367
30	-1.62411078008
31	-1.75475719923
32	-5.51879695122
33	-7.16623548795
34	-1.23439133581
35	-8.36000856877
36	-1.62411078008
37	-1.75475719923
38	-5.24966821333
39	-9.17482332305
40	-1.28510252901
41	-4.2714034286
42	-1.31299103047
43	-1.23439133581
44	-3.30074043052
45	-1.25861148487
46	-1.28510252901
47	-2.98457396682
48	-1.25861148487
49	-1.75475719923
50	-6.97455533413
51	-1.62411078008
52	-1.23439133581
53	-2.98457396682
54	-9.2949264463
55	-1.23439133581
56	-9.23465178958
57	-1.31299103047
58	-1.23439133581
59	-5.8296681655
60	-12.2226331819
61	-1.75475719923
62	-8.34942190288
63	-9.1943138712
64	-1.28510252901
65	-2.98457396682
66	-1.79266265156
67	-6.66339051329
68	-7.21629052318
69	-1.79266265156
70	-1.23439133581
71	-9.85001174063
72	-6.46938182603
73	-1.23439133581
74	-2.98457396682
75	-1.62411078008
76	-9.68599049367
77	-2.98457396682
78	-1.25861148487
79	-1.28510252901
80	-10.0874440777
81	-1.25861148487
82	-1.58784744326
83	-5.67003405385
84	-1.62411078008
85	-1.23439133581
86	-4.50296745452
87	-1.62411078008
88	-1.28510252901
89	-11.3918298152
90	-1.31299103047
91	-1.23439133581
92	-11.2105703334
93	-1.79266265156
94	-1.28510252901
95	-7.2506647803
96	-1.79266265156
97	-1.75475719923
98	-7.01585675884
99	-1.62411078008
100	-1.75475719923
101	-4.98383858676
102	-1.25861148487
103	-1.28510252901
104	-3.30074043052
105	-1.79266265156
106	-1.23439133581
107	-11.9302974724
108	-1.62411078008
109	-1.28510252901
110	-5.8296681655
111	-1.79266265156
112	-1.75475719923
113	-12.1852133784
114	-1.79266265156
115	-1.58784744326
116	-6.67588083532
117	-1.31299103047
118	-1.28510252901
119	-7.53983566724
120	-1.79266265156
121	-1.23439133581
122	-2.98457396682
123	-1.25861148487
124	-1.23439133581
125	-4.84626617565
126	-1.31299103047
127	-1.28510252901
128	-8.34006482749
129	-1.25861148487
130	-1.75475719923
131	-6.19299278902
132	-1.62411078008
133	-1.23439133581
134	-3.30074043052
135	-1.62411078008
136	-1.28510252901
137	-5.67003405385
138	-1.31299103047
139	-1.23439133581
140	-2.98457396682
141	-1.62411078008
142	-6.63995370668
143	-7.40857613624
144	-7.82313824039
145	-1.28510252901
146	-5.67003405385
147	-1.25861148487
148	-1.23439133581
149	-4.59885994255
150	-7.85122548402
151	-1.75475719923
152	-7.66392416977
153	-1.62411078008
154	-1.75475719923
155	-9.10059687647
156	-1.62411078008
157	-1.28510252901
158	-7.24835759556
159	-1.31299103047
160	-1.58784744326
161	-5.73408716552
162	-1.25861148487
163	-1.28510252901
164	-3.30074043052
165	-9.17610659879
166	-1.58784744326
167	-4.98383858676
168	-1.31299103047
169	-1.58784744326
170	-4.90284097171
171	-1.25861148487
172	-1.58784744326
173	-2.98457396682
174	-1.31299103047
175	-1.28510252901
176	-5.18253931102
177	-8.00608708844
178	-1.75475719923
179	-8.87135739116
180	-1.31299103047
181	-1.28510252901
182	-7.51813422932
183	-1.25861148487
184	-1.58784744326
185	-6.41549632729
186	-1.25861148487
187	-1.75475719923
188	-9.04736988439
189	-6.61674443229
190	-1.58784744326
191	-12.5043471272
192	-1.25861148487
193	-1.58784744326
194	-4.2714034286
195	-1.62411078008
196	-1.58784744326
197	-8.38098333392
198	-1.79266265156
199	-1.75475719923
200	-6.63289391403
201	-1.31299103047
202	-1.75475719923
203	-6.00164647354
204	-1.25861148487
205	-1.28510252901
206	-2.98457396682
207	-1.79266265156
208	-1.23439133581
209	-9.16799642192
210	-1.31299103047
211	-1.75475719923
212	-2.98457396682
213	-1.31299103047
214	-1.28510252901
215	-8.13289730246
216	-1.25861148487
217	-1.28510252901
218	-8.12992375261
219	-1.31299103047
220	-1.75475719923
221	-7.24835759556
222	-1.62411078008
223	-1.23439133581
224	-6.53590767588
225	-1.79266265156
226	-1.75475719923
227	-4.59885994255
228	-1.31299103047
229	-1.58784744326
230	-4.59885994255
231	-1.31299103047
232	-1.23439133581
233	-3.30074043052
234	-1.31299103047
235	-1.28510252901
236	-5.58932090252
237	-7.07876363165
238	-1.75475719923
239	-7.90621118578
240	-1.25861148487
241	-1.23439133581
242	-6.05811125983
243	-1.31299103047
244	-1.75475719923
245	-5.06212988098
246	-1.25861148487
247	-1.75475719923
248	-4.90284097171
249	-1.79266265156
250	-1.28510252901
251	-2.98457396682
252	-1.31299103047
253	-1.58784744326
254	-2.98457396682
255	-1.62411078008
256	-1.58784744326
257	-6.60426285269
258	-1.31299103047
259	-1.23439133581
260	-2.98457396682
261	-1.25861148487
262	-1.75475719923
263	-4.2714034286
264	-1.25861148487
265	-1.23439133581
266	-6.2593735819
267	-1.31299103047
268	-1.28510252901
269	-4.93218880501
270	-1.62411078008
271	-1.75475719923
272	-4.84626617565
273	-1.25861148487
274	-1.58784744326
275	-13.4919345624
276	-1.62411078008
277	-1.28510252901
278	-7.26162564663
279	-1.31299103047
280	-1.58784744326
281	-5.63878659756
282	-1.31299103047
283	-1.23439133581
284	-8.05490483225
285	-1.31299103047
286	-1.28510252901
287	-2.98457396682
288	-1.25861148487
289	-1.23439133581
290	-9.87722445734
291	-1.79266265156
292	-1.58784744326
293	-2.98457396682
294	-1.25861148487
295	-7.66000725213
296	-4.2714034286
297	-1.79266265156
298	-1.23439133581
299	-5.63878659756
300	-1.31299103047
301	-1.23439133581
302	-2.98457396682
303	-1.25861148487
304	-1.28510252901
305	-4.84626617565
306	-1.31299103047
307	-1.28510252901
308	-5.76319096872
309	-1.25861148487
310	-1.28510252901
311	-6.05811125983
312	-1.62411078008
313	-1.75475719923
314	-11.4523038228
315	-1.25861148487
316	-1.23439133581
317	-5.9204301436
318	-1.25861148487
319	-1.23439133581
320	-7.755246455
321	-1.79266265156
322	-1.23439133581
323	-5.19426025493
324	-1.25861148487
325	-1.28510252901
326	-5.63878659756
327	-1.79266265156
328	-1.23439133581
329	-10.8816863196
330	-1.79266265156
331	-1.28510252901
332	-7.44977461093
333	-1.25861148487
334	-1.23439133581
335	-8.94112150399
336	-1.31299103047
337	-1.28510252901
338	-6.57977953094
339	-1.79266265156
340	-1.75475719923
341	-4.2714034286
342	-1.31299103047
343	-1.23439133581
344	-7.98305300394
345	-1.79266265156
346	-11.8954852849
347	-11.4899953877
348	-1.79266265156
349	-1.23439133581
350	-6.05811125983
351	-1.79266265156
352	-1.23439133581
353	-2.98457396682
354	-1.31299103047
355	-1.28510252901
356	-7.09740231822
357	-1.31299103047
358	-1.23439133581
359	-9.46263355644
360	-1.31299103047
361	-1.75475719923
362	-2.98457396682
363	-1.62411078008
364	-1.58784744326
365	-4.59885994255
366	-1.31299103047
367	-1.75475719923
368	-7.59763622078
369	-1.79266265156
370	-1.28510252901
371	-7.16301391863
372	-1.62411078008
373	-1.58784744326
374	-8.77374752462
375	-1.62411078008
376	-1.28510252901
377	-6.41549632729
378	-1.25861148487
379	-1.28510252901
380	-6.63289391403
381	-1.25861148487
382	-9.59725710691
383	-5.95527817052
384	-1.25861148487
385	-1.23439133581
386	-7.94043170064
387	-1.79266265156
388	-1.23439133581
389	-10.8156272353
390	-1.62411078008
391	-1.28510252901
392	-4.59885994255
393	-1.25861148487
394	-1.28510252901
395	-7.69441813776
396	-1.25861148487
397	-1.28510252901
398	-7.71215204575
399	-1.79266265156
400	-1.75475719923
401	-4.2714034286
402	-1.31299103047
403	-1.75475719923
404	-14.2442539159
405	-1.79266265156
406	-1.28510252901
407	-8.98904539045
408	-1.25861148487
409	-1.28510252901
410	-8.67084153192
411	-1.79266265156
412	-1.75475719923
413	-2.98457396682
414	-1.31299103047
415	-1.75475719923
416	-7.77970099421
417	-1.31299103047
418	-1.23439133581
419	-5.24966821333
420	-1.62411078008
421	-1.75475719923
422	-7.2506647803
423	-1.25861148487
424	-1.75475719923
425	-4.59885994255
426	-1.25861148487
427	-1.28510252901
428	-13.039432158
429	-1.62411078008
430	-1.23439133581
431	-8.10873965478
432	-1.25861148487
433	-1.58784744326
434	-5.06212988098
435	-1.62411078008
436	-9.50877074542
437	-6.15045608623
438	-1.31299103047
439	-1.28510252901
440	-6.05811125983
441	-1.62411078008
442	-1.58784744326
443	-4.84626617565
444	-1.79266265156
445	-1.28510252901
446	-6.00164647354
447	-1.31299103047
448	-1.28510252901
449	-9.66810656104
450	-1.25861148487
451	-1.23439133581
452	-6.57977953094
453	-1.25861148487
454	-8.22020816938
455	-5.73408716552
456	-1.25861148487
457	-1.28510252901
458	-3.30074043052
459	-1.25861148487
460	-14.5331411501
461	-5.9204301436
462	-1.25861148487
463	-1.23439133581
464	-9.99276921818
465	-7.06567396102
466	-1.58784744326
467	-3.30074043052
468	-1.79266265156
469	-1.23439133581
470	-6.19299278902
471	-1.31299103047
472	-1.28510252901
473	-7.2506647803
474	-1.25861148487
475	-1.58784744326
476	-4.59885994255
477	-1.62411078008
478	-1.28510252901
479	-6.60426285269
480	-1.25861148487
481	-1.28510252901
482	-13.1023355729
483	-8.2316706246
484	-1.23439133581
485	-12.1959985409
486	-1.31299103047
487	-1.28510252901
488	-8.93910984952
