#Site	lnL	
0	-1.29357133418
1	-1.22397000677
2	-6.48346513571
3	-1.28185393299
4	-1.82003739
5	-4.81182023167
6	-1.28185393299
7	-1.22033811036
8	-1.44121362245
9	-1.28185393299
10	-1.82003739
11	-5.06142074661
12	-1.28185393299
13	-1.22397000677
14	-10.984811985
15	-5.81257558894
16	-1.82003739
17	-6.36092045737
18	-1.76690255186
19	-1.22397000677
20	-5.36989383597
21	-1.29357133418
22	-1.22397000677
23	-1.4123975924
24	-1.28185393299
25	-1.66562216844
26	-9.11908232898
27	-1.28185393299
28	-1.82003739
29	-1.98252622445
30	-1.76690255186
31	-6.70368762998
32	-1.98252622445
33	-1.92172821978
34	-8.22717072125
35	-6.7615663299
36	-5.79962971327
37	-1.66562216844
38	-8.98744063568
39	-1.28185393299
40	-1.22033811036
41	-1.4123975924
42	-1.29357133418
43	-1.82003739
44	-5.28553972481
45	-1.29357133418
46	-1.66562216844
47	-1.4123975924
48	-1.29357133418
49	-1.22033811036
50	-5.07454081525
51	-1.29357133418
52	-1.22397000677
53	-6.84141202702
54	-1.92172821978
55	-1.22033811036
56	-7.24705597461
57	-5.73687072745
58	-1.22397000677
59	-5.36989383597
60	-1.28185393299
61	-1.22033811036
62	-1.4123975924
63	-5.73687072745
64	-1.82003739
65	-11.1030924466
66	-1.92172821978
67	-1.22033811036
68	-8.07058162256
69	-1.92172821978
70	-1.22033811036
71	-1.44121362245
72	-1.76690255186
73	-1.22033811036
74	-5.15244369823
75	-1.92172821978
76	-6.35138982997
77	-13.6716160482
78	-7.37200586452
79	-1.22033811036
80	-7.45064457368
81	-1.76690255186
82	-1.22033811036
83	-16.1083867163
84	-1.76690255186
85	-1.82003739
86	-1.4123975924
87	-5.81257558894
88	-1.22397000677
89	-1.44121362245
90	-1.29357133418
91	-1.82003739
92	-8.16902617445
93	-1.28185393299
94	-1.82003739
95	-1.4123975924
96	-1.28185393299
97	-1.82003739
98	-4.9183424551
99	-1.29357133418
100	-1.22397000677
101	-11.9853703802
102	-1.29357133418
103	-1.66562216844
104	-11.809360174
105	-1.29357133418
106	-1.22033811036
107	-7.10132296387
108	-1.29357133418
109	-1.22397000677
110	-1.44121362245
111	-1.76690255186
112	-1.82003739
113	-1.4123975924
114	-1.29357133418
115	-1.22033811036
116	-1.44121362245
117	-1.28185393299
118	-1.22397000677
119	-7.4389143984
120	-1.28185393299
121	-1.66562216844
122	-7.6867202007
123	-1.92172821978
124	-1.22033811036
125	-11.856801575
126	-1.92172821978
127	-1.22397000677
128	-5.07930604914
129	-1.29357133418
130	-1.66562216844
131	-5.07930604914
132	-1.76690255186
133	-1.22397000677
134	-12.7697720178
135	-1.76690255186
136	-6.20975673157
137	-1.98252622445
138	-1.92172821978
139	-1.22033811036
140	-1.4123975924
141	-1.92172821978
142	-1.66562216844
143	-8.43119450233
144	-5.81257558894
145	-1.22397000677
146	-6.84141202702
147	-1.29357133418
148	-1.22033811036
149	-9.14995495707
150	-1.28185393299
151	-1.22397000677
152	-1.44121362245
153	-1.29357133418
154	-1.82003739
155	-1.44121362245
156	-1.29357133418
157	-1.22033811036
158	-1.98252622445
159	-1.29357133418
160	-1.66562216844
161	-6.84141202702
162	-1.92172821978
163	-1.22033811036
164	-11.786870481
165	-1.28185393299
166	-1.22397000677
167	-11.8336421718
168	-5.78249749078
169	-1.82003739
170	-1.4123975924
171	-1.28185393299
172	-1.22397000677
173	-1.44121362245
174	-8.10622979742
175	-1.22397000677
176	-1.4123975924
177	-1.76690255186
178	-1.22033811036
179	-5.07930604914
180	-6.80786185832
181	-1.66562216844
182	-1.4123975924
183	-1.28185393299
184	-1.82003739
185	-5.06142074661
186	-1.76690255186
187	-1.22397000677
188	-9.38675040515
189	-1.76690255186
190	-1.22033811036
191	-12.8688755789
192	-1.29357133418
193	-1.82003739
194	-8.23125122076
195	-1.28185393299
196	-1.22033811036
197	-1.44121362245
198	-5.59353130841
199	-1.22397000677
200	-15.2336807603
201	-1.28185393299
202	-1.22397000677
203	-19.2604772878
204	-1.76690255186
205	-6.54811041752
206	-6.22934509462
207	-1.29357133418
208	-1.66562216844
209	-1.44121362245
210	-5.59584807134
211	-1.22033811036
212	-5.15244369823
213	-1.92172821978
214	-1.22397000677
215	-1.4123975924
216	-1.76690255186
217	-1.22397000677
218	-8.55329775046
219	-1.28185393299
220	-1.22033811036
221	-5.21806246721
222	-1.29357133418
223	-1.22397000677
224	-5.95247217522
225	-1.92172821978
226	-1.66562216844
227	-1.44121362245
228	-1.29357133418
229	-1.22397000677
230	-13.9603473514
231	-1.92172821978
232	-1.22033811036
233	-1.98252622445
234	-1.76690255186
235	-1.22397000677
236	-8.55329775046
237	-1.29357133418
238	-1.66562216844
239	-2.13849124116
240	-1.29357133418
241	-1.66562216844
242	-4.93946160154
243	-1.29357133418
244	-8.35560480838
245	-7.45064457368
246	-1.92172821978
247	-1.22397000677
248	-5.28553972481
249	-5.73687072745
250	-1.22033811036
251	-10.9822192243
252	-1.29357133418
253	-1.22033811036
254	-4.95200198733
255	-1.29357133418
256	-1.82003739
257	-5.21806246721
258	-1.28185393299
259	-1.82003739
260	-9.5782456134
261	-1.92172821978
262	-1.66562216844
263	-8.34820224728
264	-5.92845384802
265	-1.66562216844
266	-1.44121362245
267	-1.92172821978
268	-6.2307700225
269	-6.65466914344
270	-7.57828909403
271	-1.82003739
272	-12.2966321142
273	-1.76690255186
274	-1.82003739
275	-12.6613383121
276	-1.28185393299
277	-1.22033811036
278	-7.27462478937
279	-1.28185393299
280	-1.22397000677
281	-1.4123975924
282	-1.76690255186
283	-1.82003739
284	-1.98252622445
285	-1.28185393299
286	-6.2307700225
287	-1.44121362245
288	-1.28185393299
289	-1.22397000677
290	-7.75249830481
291	-1.28185393299
292	-1.66562216844
293	-6.6706459675
294	-1.76690255186
295	-1.22397000677
296	-4.95200198733
297	-1.28185393299
298	-1.22033811036
299	-11.3466474305
300	-7.42064826791
301	-1.82003739
302	-1.4123975924
303	-1.76690255186
304	-1.66562216844
305	-11.5247438923
306	-1.29357133418
307	-1.22033811036
308	-4.9183424551
309	-1.29357133418
310	-1.22033811036
311	-1.4123975924
312	-1.29357133418
313	-1.22397000677
314	-1.98252622445
315	-1.76690255186
316	-1.66562216844
317	-18.9344128933
318	-1.76690255186
319	-1.66562216844
320	-1.44121362245
321	-1.28185393299
322	-1.22033811036
323	-1.44121362245
324	-1.29357133418
325	-1.22033811036
326	-15.5567800484
327	-1.29357133418
328	-1.22397000677
329	-4.95200198733
330	-1.29357133418
331	-1.22033811036
332	-8.97306139241
333	-1.76690255186
334	-1.82003739
335	-6.81052591202
336	-1.28185393299
337	-1.82003739
338	-5.07454081525
339	-1.76690255186
340	-1.22397000677
341	-8.61345412875
342	-1.92172821978
343	-1.66562216844
344	-6.07855653695
345	-1.29357133418
346	-1.66562216844
347	-19.7694867008
348	-1.76690255186
349	-1.22033811036
350	-21.1580440526
351	-1.76690255186
352	-1.22397000677
353	-1.44121362245
354	-9.60314130372
355	-1.22397000677
356	-6.68476638579
357	-1.28185393299
358	-1.22033811036
359	-1.4123975924
360	-7.00875222876
361	-1.22033811036
362	-4.95200198733
363	-9.93482216933
364	-6.2307700225
365	-5.21806246721
366	-1.92172821978
367	-1.22397000677
368	-12.8202171489
369	-1.29357133418
370	-1.22397000677
371	-1.4123975924
372	-8.79735490857
373	-1.22033811036
374	-7.5184433144
375	-7.52944969528
376	-1.22033811036
377	-11.7956100785
378	-1.76690255186
379	-1.82003739
380	-15.5814223954
381	-1.92172821978
382	-1.22397000677
383	-6.07137398382
384	-1.29357133418
385	-1.22033811036
386	-1.44121362245
387	-1.29357133418
388	-1.22397000677
389	-18.1064115814
390	-1.28185393299
391	-1.22397000677
392	-7.75249830481
393	-1.92172821978
394	-1.82003739
395	-11.3414408681
396	-1.76690255186
397	-1.22397000677
398	-8.55450572297
399	-1.76690255186
400	-1.22033811036
401	-14.2494110964
402	-1.28185393299
403	-1.22397000677
404	-2.13849124116
405	-1.92172821978
406	-1.22397000677
407	-6.79635576906
408	-1.76690255186
409	-1.22397000677
410	-1.4123975924
411	-1.92172821978
412	-1.66562216844
413	-5.07930604914
414	-1.29357133418
415	-1.22033811036
416	-4.81182023167
417	-1.76690255186
418	-1.22397000677
419	-1.98252622445
420	-1.29357133418
421	-1.22397000677
422	-4.81182023167
423	-1.29357133418
424	-1.82003739
425	-9.41928025937
426	-1.29357133418
427	-1.22033811036
428	-1.4123975924
429	-1.76690255186
430	-1.66562216844
431	-5.36989383597
432	-1.92172821978
433	-1.66562216844
434	-6.48677880676
435	-1.28185393299
436	-1.22397000677
437	-1.44121362245
438	-1.28185393299
439	-1.22397000677
440	-1.4123975924
441	-1.92172821978
442	-1.66562216844
443	-1.98252622445
444	-7.42064826791
445	-1.22033811036
446	-9.46254897402
447	-1.29357133418
448	-1.22033811036
449	-4.9183424551
450	-1.76690255186
451	-1.82003739
452	-5.28553972481
453	-5.59353130841
454	-1.22033811036
455	-6.07137398382
456	-1.92172821978
457	-1.22397000677
458	-6.65466914344
459	-1.29357133418
460	-1.22033811036
461	-6.84141202702
462	-1.76690255186
463	-1.22397000677
464	-5.21806246721
465	-1.76690255186
466	-1.22397000677
467	-1.4123975924
468	-1.92172821978
469	-1.66562216844
470	-14.5973646317
471	-1.29357133418
472	-1.22397000677
473	-14.3073719077
474	-1.28185393299
475	-6.5349875697
476	-6.68476638579
477	-1.76690255186
478	-1.66562216844
479	-10.9758700148
480	-1.92172821978
481	-1.22033811036
482	-9.38675040515
483	-1.76690255186
484	-1.22033811036
485	-10.8721664296
486	-1.28185393299
487	-1.82003739
488	-5.36989383597
