# log_p 	 lnL 	 
0.0	-1642.76959872	
-0.287682072452	-1642.87381913	
-0.510825623766	-1642.94159956	
-0.69314718056	-1642.9903084	
-0.847297860387	-1643.02840806	
-0.980829253012	-1643.05984933	
-1.09861228867	-1643.08660369	
-1.20397280433	-1643.10976107	
-1.29928298413	-1643.12999658	
-1.38629436112	-1643.14777442	
-1.46633706879	-1643.1634411	
-1.54044504095	-1643.17727063	
-1.60943791243	-1643.18948824	
-1.67397643357	-1643.20028365	
-1.73460105539	-1643.20981931	
-1.79175946923	-1643.21823582	
-1.8458266905	-1643.22565581	
-1.89711998489	-1643.23218676	
-1.94591014906	-1643.23792333	
-1.99243016469	-1643.24294909	
-2.03688192726	-1643.24733807	
-2.07944154168	-1643.25115597	
-2.1202635362	-1643.25446121	
-2.15948424935	-1643.25730585	
-2.19722457734	-1643.25973632	
-2.23359222151	-1643.26179412	
-2.26868354132	-1643.2635164	
-2.30258509299	-1643.26493641	
-2.33537491582	-1643.26608401	
-2.36712361413	-1643.266986	
-2.3978952728	-1643.26766649	
-2.42774823595	-1643.26814717	
-2.45673577282	-1643.26844759	
-2.48490664979	-1643.26858539	
-2.51230562398	-1643.26857647	
-2.53897387106	-1643.26843522	
-2.56494935746	-1643.26817465	
-2.59026716545	-1643.26780652	
-2.61495977804	-1643.26734151	
-2.63905732962	-1643.26678928	
-2.66258782703	-1643.26615859	
-2.68557734525	-1643.26545742	
-2.7080502011	-1643.26469299	
-2.73002910782	-1643.26387187	
-2.75153531304	-1643.26300004	
-2.77258872224	-1643.26208295	
-2.79320800944	-1643.26112554	
-2.81341071676	-1643.26013232	
-2.83321334406	-1643.2591074	
-2.85263142991	-1643.25805453	
-2.87167962488	-1643.25697712	
-2.8903717579	-1643.25587828	
-2.90872089656	-1643.25476086	
-2.92673940207	-1643.25362744	
-2.94443897917	-1643.2524804	
-2.96183072188	-1643.25132188	
-2.97892515524	-1643.25015386	
-2.99573227355	-1643.24897814	
-3.01226157551	-1643.24779635	
-3.02852209638	-1643.24660999	
-3.04452243772	-1643.24542042	
-3.06027079469	-1643.24422889	
-3.07577498123	-1643.24303652	
-3.09104245336	-1643.24184437	
-3.10608033072	-1643.24065335	
-3.12089541651	-1643.23946433	
-3.13549421593	-1643.23827808	
-3.14988295338	-1643.23709532	
-3.16406758837	-1643.23591667	
-3.17805383035	-1643.23474272	
-3.19184715248	-1643.233574	
-3.20545280454	-1643.23241098	
-3.21887582487	-1643.23125408	
-3.23212105162	-1643.2301037	
-3.24519313319	-1643.22896017	
-3.25809653802	-1643.22782381	
-3.2708355638	-1643.2266949	
-3.28341434601	-1643.22557366	
-3.295836866	-1643.22446034	
-3.3081069586	-1643.22335511	
-3.32022831913	-1643.22225814	
-3.33220451018	-1643.22116958	
-3.34403896782	-1643.22008956	
-3.35573500759	-1643.21901817	
-3.36729582999	-1643.21795552	
-3.37872452581	-1643.21690167	
-3.39002408106	-1643.21585669	
-3.40119738166	-1643.21482062	
-3.41224721785	-1643.2137935	
-3.42317628838	-1643.21277535	
-3.43398720449	-1643.21176619	
-3.4446824936	-1643.21076601	
-3.45526460293	-1643.20977481	
-3.4657359028	-1643.20879259	
-3.47609868984	-1643.20781932	
-3.48635519	-1643.20685498	
-3.49650756147	-1643.20589954	
-3.50655789732	-1643.20495295	
-3.51650822817	-1643.20401517	
-3.52636052462	-1643.20308617	
-3.53611669956	-1643.20216589	
-3.54577861047	-1643.20125427	
-3.55534806149	-1643.20035126	
-3.56482680544	-1643.19945679	
-3.57421654579	-1643.19857081	
-3.58351893846	-1643.19769325	
-3.59273559356	-1643.19682403	
-3.60186807712	-1643.1959631	
-3.61091791264	-1643.19511037	
-3.61988658263	-1643.19426578	
-3.62877553004	-1643.19342926	
-3.63758615973	-1643.19260072	
-3.6463198397	-1643.1917801	
-3.65497790244	-1643.1909673	
-3.66356164613	-1643.19016227	
-3.6720723358	-1643.18936491	
-3.68051120444	-1643.18857516	
-3.68887945411	-1643.18779293	
-3.69717825693	-1643.18701814	
-3.70540875607	-1643.18625072	
-3.7135720667	-1643.18549058	
-3.72166927694	-1643.18473765	
-3.72970144863	-1643.18399185	
-3.73766961828	-1643.1832531	
-3.74557479779	-1643.18252132	
-3.75341797525	-1643.18179644	
-3.76120011569	-1643.18107837	
-3.76892216179	-1643.18036704	
-3.77658503453	-1643.17966237	
-3.78418963392	-1643.17896429	
-3.79173683955	-1643.17827272	
-3.79922751128	-1643.17758759	
-3.80666248977	-1643.17690882	
-3.81404259707	-1643.17623633	
-3.82136863716	-1643.17557006	
-3.82864139649	-1643.17490993	
-3.83586164446	-1643.17425588	
-3.84303013394	-1643.17360782	
-3.85014760171	-1643.17296569	
-3.85721476893	-1643.17232941	
-3.86423234159	-1643.17169893	
-3.87120101091	-1643.17107417	
-3.87812145375	-1643.17045506	
-3.88499433304	-1643.16984153	
-3.89182029811	-1643.16923353	
-3.8985999851	-1643.16863098	
-3.90533401728	-1643.16803383	
-3.91202300543	-1643.167442	
-3.91866754815	-1643.16685543	
-3.92526823218	-1643.16627406	
-3.93182563272	-1643.16569783	
-3.93834031375	-1643.16512668	
-3.94481282825	-1643.16456055	
-3.95124371858	-1643.16399938	
-3.95763351668	-1643.1634431	
-3.96398274436	-1643.16289167	
-3.97029191355	-1643.16234503	
-3.97656152657	-1643.16180311	
-3.98279207632	-1643.16126587	
-3.98898404656	-1643.16073325	
-3.99513791214	-1643.16020518	
-4.00125413916	-1643.15968163	
-4.00733318523	-1643.15916254	
-4.01337549969	-1643.15864785	
-4.01938152375	-1643.15813752	
-4.02535169074	-1643.15763148	
-4.03128642625	-1643.15712971	
-4.03718614838	-1643.15663213	
-4.04305126783	-1643.15613871	
-4.04888218815	-1643.15564939	
-4.05467930583	-1643.15516414	
-4.06044301055	-1643.1546829	
-4.06617368526	-1643.15420562	
-4.07187170637	-1643.15373226	
-4.07753744391	-1643.15326278	
-4.08317126162	-1643.15279713	
-4.08877351717	-1643.15233526	
-4.09434456222	-1643.15187714	
-4.0998847426	-1643.15142272	
-4.10539439841	-1643.15097196	
-4.11087386417	-1643.15052482	
-4.11632346894	-1643.15008126	
-4.12174353641	-1643.14964123	
-4.12713438505	-1643.1492047	
-4.13249632819	-1643.14877162	
-4.13782967416	-1643.14834197	
-4.14313472639	-1643.14791569	
-4.14841178349	-1643.14749276	
-4.15366113938	-1643.14707314	
-4.15888308336	-1643.14665678	
-4.16407790024	-1643.14624366	
-4.1692458704	-1643.14583373	
-4.1743872699	-1643.14542697	
-4.17950237056	-1643.14502333	
-4.18459144007	-1643.14462279	
-4.18965474203	-1643.1442253	
-4.19469253606	-1643.14383084	
-4.19970507788	-1643.14343938	
-4.20469261939	-1643.14305087	
-4.20965540873	-1643.1426653	
-4.21459369037	-1643.14228262	
-4.21950770518	-1643.1419028	
-4.22439769047	-1643.14152583	
-4.22926388012	-1643.14115165	
-4.2341065046	-1643.14078025	
-4.23892579103	-1643.1404116	
-4.2437219633	-1643.14004566	
-4.24849524205	-1643.13968241	
-4.25324584481	-1643.13932182	
-4.257973986	-1643.13896386	
-4.26267987704	-1643.13860851	
-4.26736372635	-1643.13825573	
-4.27202573946	-1643.1379055	
-4.27666611902	-1643.13755779	
-4.28128506487	-1643.13721258	
-4.28588277412	-1643.13686983	
-4.29045944115	-1643.13652954	
-4.29501525768	-1643.13619166	
-4.29955041285	-1643.13585618	
-4.3040650932	-1643.13552307	
-4.30855948279	-1643.13519231	
-4.31303376319	-1643.13486387	
-4.31748811354	-1643.13453772	
-4.3219227106	-1643.13421386	
-4.32633772881	-1643.13389224	
-4.33073334029	-1643.13357285	
-4.33510971489	-1643.13325568	
-4.33946702026	-1643.13294068	
-4.34380542185	-1643.13262785	
-4.348125083	-1643.13231717	
-4.3524261649	-1643.1320086	
-4.35670882669	-1643.13170213	
-4.36097322548	-1643.13139774	
-4.36521951636	-1643.13109541	
-4.36944785247	-1643.13079512	
-4.373658385	-1643.13049685	
-4.37785126326	-1643.13020057	
-4.38202663467	-1643.12990627	
-4.38618464482	-1643.12961394	
-4.39032543749	-1643.12932354	
-4.39444915467	-1643.12903506	
-4.39855593663	-1643.12874849	
-4.40264592188	-1643.12846381	
-4.40671924726	-1643.12818099	
-4.41077604796	-1643.12790002	
-4.4148164575	-1643.12762088	
-4.4188406078	-1643.12734355	
-4.42284862919	-1643.12706802	
-4.42684065046	-1643.12679427	
-4.43081679884	-1643.12652229	
-4.43477720006	-1643.12625205	
-4.43872197835	-1643.12598354	
-4.44265125649	-1643.12571674	
-4.44656515581	-1643.12545164	
-4.45046379623	-1643.12518823	
-4.45434729625	-1643.12492648	
-4.45821577303	-1643.12466638	
-4.46206934235	-1643.12440792	
-4.46590811865	-1643.12415108	
-4.46973221509	-1643.12389584	
-4.47354174351	-1643.1236422	
-4.47733681448	-1643.12339013	
-4.48111753732	-1643.12313962	
-4.48488402011	-1643.12289067	
-4.48863636973	-1643.12264324	
-4.49237469184	-1643.12239734	
-4.49609909093	-1643.12215294	
-4.49980967033	-1643.12191004	
-4.50350653221	-1643.12166861	
-4.50718977763	-1643.12142865	
-4.51085950652	-1643.12119015	
-4.51451581772	-1643.12095308	
-4.518158809	-1643.12071745	
-4.52178857705	-1643.12048323	
-4.52540521752	-1643.12025041	
-4.52900882502	-1643.12001898	
-4.53259949315	-1643.11978893	
-4.5361773145	-1643.11956024	
-4.53974238067	-1643.11933291	
-4.54329478227	-1643.11910692	
-4.54683460898	-1643.11888226	
-4.55036194949	-1643.11865892	
-4.5538768916	-1643.11843689	
-4.55737952215	-1643.11821615	
-4.56086992709	-1643.1179967	
-4.56434819147	-1643.11777853	
-4.56781439944	-1643.11756162	
-4.57126863431	-1643.11734596	
-4.5747109785	-1643.11713154	
-4.5781415136	-1643.11691835	
-4.58156032035	-1643.11670638	
-4.58496747867	-1643.11649563	
-4.58836306767	-1643.11628608	
-4.59174716566	-1643.11607771	
-4.59511985013	-1643.11587053	
-4.59848119784	-1643.11566452	
-4.60183128472	-1643.11545966	
-4.60517018599	-1643.11525596	
-4.60849797608	-1643.1150534	
-4.61181472871	-1643.11485198	
-4.61512051684	-1643.11465167	
-4.61841541274	-1643.11445248	
-4.62169948794	-1643.1142544	
-4.62497281328	-1643.11405741	
-4.62823545892	-1643.11386151	
-4.63148749431	-1643.11366668	
-4.63472898823	-1643.11347292	
-4.63796000881	-1643.11328023	
-4.64118062351	-1643.11308858	
-4.64439089914	-1643.11289798	
-4.64759090187	-1643.11270842	
-4.65078069724	-1643.11251988	
-4.65396035016	-1643.11233236	
-4.65712992492	-1643.11214585	
-4.66028948521	-1643.11196034	
-4.66343909411	-1643.11177582	
-4.66657881412	-1643.1115923	
-4.66970870713	-1643.11140975	
-4.67282883446	-1643.11122817	
-4.67593925688	-1643.11104756	
-4.67904003455	-1643.1108679	
-4.68213122712	-1643.11068919	
-4.68521289366	-1643.11051142	
-4.6882850927	-1643.11033458	
-4.69134788223	-1643.11015867	
-4.69440131972	-1643.10998368	
-4.6974454621	-1643.1098096	
-4.70048036579	-1643.10963643	
-4.70350608671	-1643.10946415	
-4.70652268025	-1643.10929277	
-4.70953020131	-1643.10912227	
-4.71252870431	-1643.10895265	
-4.71551824316	-1643.1087839	
-4.7184988713	-1643.10861601	
-4.72147064168	-1643.10844898	
-4.72443360681	-1643.1082828	
-4.72738781871	-1643.10811747	
-4.73033332894	-1643.10795297	
-4.73327018862	-1643.10778931	
-4.73619844839	-1643.10762647	
-4.7391181585	-1643.10746446	
-4.74202936871	-1643.10730325	
-4.74493212836	-1643.10714286	
-4.74782648639	-1643.10698327	
-4.75071249128	-1643.10682447	
-4.75359019111	-1643.10666646	
-4.75645963353	-1643.10650924	
-4.75932086582	-1643.10635279	
-4.7621739348	-1643.10619712	
-4.76501888693	-1643.10604221	
-4.76785576827	-1643.10588806	
-4.77068462447	-1643.10573467	
-4.77350550081	-1643.10558204	
-4.77631844218	-1643.10543014	
-4.77912349311	-1643.10527899	
-4.78192069773	-1643.10512856	
-4.78471009982	-1643.10497887	
-4.78749174278	-1643.1048299	
-4.79026566966	-1643.10468165	
-4.79303192316	-1643.10453412	
-4.7957905456	-1643.10438729	
-4.79854157897	-1643.10424116	
-4.80128506491	-1643.10409574	
-4.80402104473	-1643.103951	
-4.80674955939	-1643.10380696	
-4.8094706495	-1643.10366359	
-4.81218435537	-1643.10352091	
-4.81489071697	-1643.1033789	
-4.81758977394	-1643.10323756	
-4.82028156561	-1643.10309688	
-4.82296613098	-1643.10295686	
-4.82564350875	-1643.1028175	
-4.8283137373	-1643.10267879	
-4.83097685472	-1643.10254073	
-4.83363289878	-1643.10240331	
-4.83628190695	-1643.10226652	
-4.83892391641	-1643.10213037	
-4.84155896405	-1643.10199484	
-4.84418708646	-1643.10185994	
-4.84680831994	-1643.10172566	
-4.84942270051	-1643.101592	
-4.85203026392	-1643.10145895	
-4.85463104562	-1643.1013265	
-4.8572250808	-1643.10119466	
-4.85981240436	-1643.10106342	
-4.86239305096	-1643.10093277	
-4.86496705495	-1643.10080271	
-4.86753445046	-1643.10067324	
-4.87009527132	-1643.10054436	
-4.87264955112	-1643.10041605	
-4.8751973232	-1643.10028832	
-4.87773862063	-1643.10016116	
-4.88027347623	-1643.10003457	
-4.88280192259	-1643.09990854	
-4.88532399202	-1643.09978307	
-4.88783971662	-1643.09965816	
-4.89034912822	-1643.09953381	
-4.89285225844	-1643.09941	
-4.89534913864	-1643.09928674	
-4.89783979995	-1643.09916402	
-4.90032427328	-1643.09904183	
-4.90280258929	-1643.09892019	
-4.90527477844	-1643.09879907	
-4.90774087093	-1643.09867848	
-4.91020089677	-1643.09855842	
-4.91265488574	-1643.09843888	
-4.91510286737	-1643.09831986	
-4.91754487103	-1643.09820135	
-4.91998092583	-1643.09808335	
-4.92241106068	-1643.09796586	
-4.92483530429	-1643.09784888	
-4.92725368516	-1643.0977324	
-4.92966623156	-1643.09761641	
-4.93207297159	-1643.09750093	
-4.93447393313	-1643.09738593	
-4.93686914386	-1643.09727142	
-4.93925863125	-1643.0971574	
-4.94164242261	-1643.09704386	
-4.94402054501	-1643.0969308	
-4.94639302537	-1643.09681822	
-4.94875989038	-1643.09670611	
-4.95112116656	-1643.09659447	
-4.95347688026	-1643.0964833	
-4.9558270576	-1643.09637259	
-4.95817172456	-1643.09626235	
-4.96051090691	-1643.09615257	
-4.96284463026	-1643.09604324	
-4.96517292002	-1643.09593436	
-4.96749580144	-1643.09582594	
-4.96981329958	-1643.09571796	
-4.97212543933	-1643.09561043	
-4.97443224543	-1643.09550334	
-4.97673374242	-1643.0953967	
-4.97902995468	-1643.09529048	
-4.98132090643	-1643.09518471	
-4.98360662171	-1643.09507936	
-4.98588712441	-1643.09497445	
-4.98816243824	-1643.09486996	
-4.99043258678	-1643.09476589	
-4.99269759341	-1643.09466224	
-4.99495748138	-1643.09455902	
-4.99721227376	-1643.09445621	
-4.9994619935	-1643.09435381	
-5.00170666335	-1643.09425183	
-5.00394630595	-1643.09415025	
-5.00618094375	-1643.09404909	
-5.00841059907	-1643.09394832	
-5.0106352941	-1643.09384796	
-5.01285505083	-1643.09374799	
-5.01506989116	-1643.09364843	
-5.01727983681	-1643.09354925	
-5.01948490937	-1643.09345047	
-5.02168513028	-1643.09335208	
-5.02388052085	-1643.09325408	
-5.02607110223	-1643.09315646	
-5.02825689545	-1643.09305923	
-5.03043792139	-1643.09296237	
-5.03261420082	-1643.0928659	
-5.03478575433	-1643.0927698	
-5.03695260241	-1643.09267407	
-5.03911476542	-1643.09257872	
-5.04127226356	-1643.09248374	
-5.04342511692	-1643.09238912	
-5.04557334546	-1643.09229487	
-5.047716969	-1643.09220099	
-5.04985600725	-1643.09210746	
-5.05199047978	-1643.0920143	
-5.05412040604	-1643.09192149	
-5.05624580535	-1643.09182904	
-5.05836669692	-1643.09173694	
-5.06048309982	-1643.09164519	
-5.06259503303	-1643.09155379	
-5.06470251537	-1643.09146274	
-5.06680556556	-1643.09137203	
-5.06890420222	-1643.09128167	
-5.07099844382	-1643.09119165	
-5.07308830874	-1643.09110197	
-5.07517381523	-1643.09101262	
-5.07725498144	-1643.09092361	
-5.07933182538	-1643.09083494	
-5.08140436498	-1643.09074659	
-5.08347261805	-1643.09065858	
-5.08553660227	-1643.0905709	
-5.08759633523	-1643.09048354	
-5.08965183441	-1643.0903965	
-5.09170311719	-1643.09030979	
-5.09375020081	-1643.0902234	
-5.09579310244	-1643.09013733	
-5.09783183913	-1643.09005158	
-5.09986642782	-1643.08996614	
-5.10189688537	-1643.08988102	
-5.10392322852	-1643.08979621	
-5.1059454739	-1643.08971171	
-5.10796363806	-1643.08962751	
-5.10997773743	-1643.08954363	
-5.11198778836	-1643.08946005	
-5.11399380708	-1643.08937678	
-5.11599580975	-1643.0892938	
-5.11799381242	-1643.08921113	
-5.11998783102	-1643.08912876	
-5.12197788143	-1643.08904668	
-5.1239639794	-1643.0889649	
-5.12594614061	-1643.08888341	
-5.12792438062	-1643.08880222	
-5.12989871492	-1643.08872132	
-5.13186915891	-1643.08864071	
-5.13383572788	-1643.08856038	
-5.13579843705	-1643.08848034	
-5.13775730154	-1643.08840059	
-5.13971233637	-1643.08832112	
-5.1416635565	-1643.08824193	
-5.14361097679	-1643.08816302	
-5.145554612	-1643.08808439	
-5.14749447681	-1643.08800604	
-5.14943058584	-1643.08792796	
-5.15136295359	-1643.08785016	
-5.1532915945	-1643.08777263	
-5.15521652291	-1643.08769538	
-5.15713775309	-1643.08761839	
-5.15905529921	-1643.08754167	
-5.1609691754	-1643.08746522	
-5.16287939565	-1643.08738904	
-5.16478597392	-1643.08731312	
-5.16668892407	-1643.08723746	
-5.16858825987	-1643.08716207	
-5.17048399504	-1643.08708693	
-5.17237614319	-1643.08701206	
-5.17426471788	-1643.08693744	
-5.17614973257	-1643.08686308	
-5.17803120067	-1643.08678898	
-5.1799091355	-1643.08671512	
-5.18178355029	-1643.08664153	
-5.18365445823	-1643.08656818	
-5.1855218724	-1643.08649508	
-5.18738580584	-1643.08642223	
-5.18924627149	-1643.08634963	
-5.19110328224	-1643.08627728	
-5.19295685089	-1643.08620517	
-5.19480699018	-1643.0861333	
-5.19665371277	-1643.08606168	
-5.19849703127	-1643.0859903	
-5.20033695819	-1643.08591916	
-5.202173506	-1643.08584825	
-5.20400668708	-1643.08577759	
-5.20583651375	-1643.08570716	
-5.20766299828	-1643.08563697	
-5.20948615284	-1643.08556701	
-5.21130598956	-1643.08549728	
-5.21312252048	-1643.08542779	
-5.21493575761	-1643.08535852	
-5.21674571285	-1643.08528949	
-5.21855239808	-1643.08522068	
-5.22035582508	-1643.0851521	
-5.22215600558	-1643.08508375	
-5.22395295126	-1643.08501563	
-5.22574667371	-1643.08494772	
-5.22753718449	-1643.08488004	
-5.22932449506	-1643.08481258	
-5.23110861685	-1643.08474535	
-5.23288956123	-1643.08467833	
-5.23466733947	-1643.08461153	
-5.23644196283	-1643.08454495	
-5.23821344248	-1643.08447858	
-5.23998178954	-1643.08441243	
-5.24174701506	-1643.08434649	
-5.24350913005	-1643.08428077	
-5.24526814546	-1643.08421526	
-5.24702407216	-1643.08414996	
-5.24877692099	-1643.08408487	
-5.25052670271	-1643.08401999	
-5.25227342805	-1643.08395532	
-5.25401710765	-1643.08389085	
-5.25575775213	-1643.0838266	
-5.25749537203	-1643.08376254	
-5.25922997784	-1643.08369869	
-5.26096158	-1643.08363505	
-5.2626901889	-1643.08357161	
-5.26441581487	-1643.08350836	
-5.26613846818	-1643.08344532	
-5.26785815906	-1643.08338248	
-5.26957489768	-1643.08331984	
-5.27128869416	-1643.08325739	
-5.27299955856	-1643.08319514	
-5.27470750091	-1643.08313309	
-5.27641253116	-1643.08307123	
-5.27811465923	-1643.08300956	
-5.27981389498	-1643.08294809	
-5.28151024823	-1643.08288681	
-5.28320372874	-1643.08282572	
-5.28489434622	-1643.08276482	
-5.28658211033	-1643.08270411	
-5.28826703069	-1643.08264359	
-5.28994911688	-1643.08258326	
-5.2916283784	-1643.08252311	
-5.29330482472	-1643.08246315	
-5.29497846528	-1643.08240338	
-5.29664930945	-1643.08234379	
-5.29831736655	-1643.08228438	
-5.29998264587	-1643.08222515	
-5.30164515664	-1643.08216611	
-5.30330490806	-1643.08210725	
-5.30496190927	-1643.08204856	
-5.30661616936	-1643.08199006	
-5.3082676974	-1643.08193174	
-5.30991650239	-1643.08187359	
-5.3115625933	-1643.08181562	
-5.31320597904	-1643.08175782	
-5.3148466685	-1643.0817002	
-5.3164846705	-1643.08164276	
-5.31811999384	-1643.08158549	
-5.31975264727	-1643.08152839	
-5.32138263948	-1643.08147146	
-5.32300997914	-1643.0814147	
-5.32463467487	-1643.08135812	
-5.32625673524	-1643.0813017	
-5.32787616879	-1643.08124546	
-5.32949298402	-1643.08118938	
-5.33110718937	-1643.08113347	
-5.33271879327	-1643.08107772	
-5.33432780407	-1643.08102214	
-5.33593423012	-1643.08096673	
-5.3375380797	-1643.08091148	
-5.33913936107	-1643.0808564	
-5.34073808243	-1643.08080148	
-5.34233425196	-1643.08074672	
-5.3439278778	-1643.08069212	
-5.34551896803	-1643.08063768	
-5.34710753072	-1643.0805834	
-5.34869357387	-1643.08052929	
-5.35027710548	-1643.08047533	
-5.35185813348	-1643.08042153	
-5.35343666577	-1643.08036788	
-5.35501271022	-1643.0803144	
-5.35658627467	-1643.08026107	
-5.3581573669	-1643.08020789	
-5.35972599468	-1643.08015487	
-5.36129216571	-1643.080102	
-5.36285588769	-1643.08004929	
-5.36441716825	-1643.07999673	
-5.36597601502	-1643.07994432	
-5.36753243557	-1643.07989206	
-5.36908643744	-1643.07983996	
-5.37063802813	-1643.079788	
-5.37218721511	-1643.07973619	
-5.37373400583	-1643.07968453	
-5.37527840768	-1643.07963302	
-5.37682042804	-1643.07958166	
-5.37836007422	-1643.07953044	
-5.37989735354	-1643.07947937	
-5.38143227326	-1643.07942845	
-5.38296484061	-1643.07937767	
-5.38449506279	-1643.07932703	
-5.38602294697	-1643.07927654	
-5.38754850028	-1643.07922619	
-5.38907172982	-1643.07917599	
-5.39059264266	-1643.07912592	
-5.39211124583	-1643.079076	
-5.39362754635	-1643.07902622	
-5.39514155118	-1643.07897658	
-5.39665326727	-1643.07892708	
-5.39816270152	-1643.07887771	
-5.39966986081	-1643.07882849	
-5.40117475199	-1643.0787794	
-5.40267738187	-1643.07873045	
-5.40417775725	-1643.07868164	
-5.40567588487	-1643.07863296	
-5.40717177146	-1643.07858442	
-5.40866542372	-1643.07853601	
-5.4101568483	-1643.07848774	
-5.41164605186	-1643.0784396	
-5.41313304098	-1643.07839159	
-5.41461782224	-1643.07834372	
-5.4161004022	-1643.07829598	
-5.41758078737	-1643.07824837	
-5.41905898424	-1643.07820089	
-5.42053499927	-1643.07815355	
-5.42200883889	-1643.07810633	
-5.4234805095	-1643.07805924	
-5.42495001748	-1643.07801228	
-5.42641736918	-1643.07796545	
-5.4278825709	-1643.07791875	
-5.42934562895	-1643.07787218	
-5.43080654959	-1643.07782573	
-5.43226533906	-1643.0777794	
-5.43372200355	-1643.07773321	
-5.43517654927	-1643.07768714	
-5.43662898235	-1643.07764119	
-5.43807930892	-1643.07759537	
-5.4395275351	-1643.07754967	
-5.44097366695	-1643.0775041	
-5.44241771052	-1643.07745864	
-5.44385967184	-1643.07741332	
-5.4452995569	-1643.07736811	
-5.44673737167	-1643.07732302	
-5.44817312209	-1643.07727805	
-5.44960681409	-1643.07723321	
-5.45103845357	-1643.07718848	
-5.45246804638	-1643.07714388	
-5.45389559837	-1643.07709939	
-5.45532111536	-1643.07705502	
-5.45674460314	-1643.07701077	
-5.45816606749	-1643.07696664	
-5.45958551414	-1643.07692262	
-5.46100294883	-1643.07687872	
-5.46241837723	-1643.07683494	
-5.46383180503	-1643.07679127	
-5.46524323786	-1643.07674772	
-5.46665268137	-1643.07670428	
-5.46806014114	-1643.07666095	
-5.46946562274	-1643.07661774	
-5.47086913175	-1643.07657465	
-5.47227067367	-1643.07653166	
-5.47367025403	-1643.07648879	
-5.47506787829	-1643.07644603	
-5.47646355193	-1643.07640339	
-5.47785728038	-1643.07636085	
-5.47924906905	-1643.07631842	
-5.48063892334	-1643.07627611	
-5.48202684862	-1643.0762339	
-5.48341285022	-1643.07619181	
-5.48479693349	-1643.07614982	
-5.48617910372	-1643.07610794	
-5.48755936619	-1643.07606617	
-5.48893772616	-1643.07602451	
-5.49031418887	-1643.07598295	
-5.49168875953	-1643.07594151	
-5.49306144334	-1643.07590016	
-5.49443224547	-1643.07585893	
-5.49580117108	-1643.0758178	
-5.49716822529	-1643.07577678	
-5.49853341322	-1643.07573586	
-5.49989673995	-1643.07569504	
-5.50125821054	-1643.07565433	
-5.50261783006	-1643.07561372	
-5.50397560352	-1643.07557322	
-5.50533153593	-1643.07553282	
-5.50668563228	-1643.07549252	
-5.50803789753	-1643.07545232	
-5.50938833663	-1643.07541223	
-5.5107369545	-1643.07537224	
-5.51208375605	-1643.07533234	
-5.51342874616	-1643.07529255	
-5.51477192971	-1643.07525286	
-5.51611331154	-1643.07521327	
-5.51745289646	-1643.07517378	
-5.51879068931	-1643.07513439	
-5.52012669485	-1643.07509509	
-5.52146091786	-1643.0750559	
-5.5227933631	-1643.0750168	
-5.52412403528	-1643.0749778	
-5.52545293913	-1643.07493889	
-5.52678007934	-1643.07490009	
-5.52810546058	-1643.07486138	
-5.52942908751	-1643.07482277	
-5.53075096477	-1643.07478425	
-5.53207109697	-1643.07474583	
-5.53338948873	-1643.0747075	
-5.53470614461	-1643.07466927	
-5.53602106919	-1643.07463113	
-5.53733426702	-1643.07459309	
-5.53864574262	-1643.07455514	
-5.5399555005	-1643.07451728	
-5.54126354516	-1643.07447952	
-5.54256988107	-1643.07444184	
-5.5438745127	-1643.07440427	
-5.54517744448	-1643.07436678	
-5.54647868084	-1643.07432938	
-5.54777822618	-1643.07429208	
-5.5490760849	-1643.07425487	
-5.55037226136	-1643.07421775	
-5.55166675992	-1643.07418071	
-5.55295958492	-1643.07414377	
-5.55425074069	-1643.07410692	
-5.55554023152	-1643.07407016	
-5.5568280617	-1643.07403349	
-5.55811423551	-1643.0739969	
-5.5593987572	-1643.0739604	
-5.56068163102	-1643.073924	
-5.56196286117	-1643.07388767	
-5.56324245188	-1643.07385144	
-5.56452040732	-1643.0738153	
-5.56579673168	-1643.07377924	
-5.56707142911	-1643.07374326	
-5.56834450376	-1643.07370738	
-5.56961595975	-1643.07367158	
-5.57088580119	-1643.07363586	
-5.57215403218	-1643.07360023	
-5.57342065679	-1643.07356469	
-5.5746856791	-1643.07352923	
-5.57594910315	-1643.07349385	
-5.57721093297	-1643.07345856	
-5.57847117258	-1643.07342335	
-5.57972982599	-1643.07338823	
-5.58098689718	-1643.07335318	
-5.58224239012	-1643.07331822	
-5.58349630878	-1643.07328335	
-5.5847486571	-1643.07324856	
-5.585999439	-1643.07321384	
-5.5872486584	-1643.07317921	
-5.5884963192	-1643.07314466	
-5.58974242528	-1643.0731102	
-5.59098698051	-1643.07307581	
-5.59222998875	-1643.0730415	
-5.59347145384	-1643.07300728	
-5.5947113796	-1643.07297313	
-5.59594976985	-1643.07293907	
-5.59718662839	-1643.07290508	
-5.598421959	-1643.07287117	
-5.59965576545	-1643.07283734	
-5.60088805149	-1643.07280359	
-5.60211882088	-1643.07276992	
-5.60334807733	-1643.07273633	
-5.60457582457	-1643.07270281	
-5.6058020663	-1643.07266937	
-5.60702680619	-1643.07263601	
-5.60825004793	-1643.07260273	
-5.60947179518	-1643.07256952	
-5.61069205159	-1643.07253639	
-5.61191082078	-1643.07250333	
-5.61312810639	-1643.07247035	
-5.61434391201	-1643.07243745	
-5.61555824124	-1643.07240462	
-5.61677109767	-1643.07237187	
-5.61798248485	-1643.07233919	
-5.61919240636	-1643.07230659	
-5.62040086572	-1643.07227406	
-5.62160786647	-1643.07224161	
-5.62281341212	-1643.07220923	
-5.62401750619	-1643.07217692	
-5.62522015215	-1643.07214468	
-5.6264213535	-1643.07211252	
-5.62762111369	-1643.07208044	
-5.62881943618	-1643.07204842	
-5.63001632442	-1643.07201648	
-5.63121178182	-1643.07198461	
-5.63240581181	-1643.07195281	
-5.6335984178	-1643.07192108	
-5.63478960317	-1643.07188943	
-5.6359793713	-1643.07185784	
-5.63716772557	-1643.07182633	
-5.63835466933	-1643.07179489	
-5.63954020593	-1643.07176351	
-5.64072433869	-1643.07173221	
-5.64190707094	-1643.07170098	
-5.64308840598	-1643.07166982	
-5.64426834712	-1643.07163872	
-5.64544689764	-1643.0716077	
-5.64662406082	-1643.07157674	
-5.64779983991	-1643.07154586	
-5.64897423816	-1643.07151504	
-5.65014725882	-1643.07148429	
-5.65131890512	-1643.07145361	
-5.65248918027	-1643.071423	
-5.65365808747	-1643.07139245	
-5.65482562993	-1643.07136198	
-5.65599181082	-1643.07133157	
-5.65715663332	-1643.07130122	
-5.65832010058	-1643.07127095	
-5.65948221576	-1643.07124074	
-5.660642982	-1643.07121059	
-5.66180240242	-1643.07118052	
-5.66296048014	-1643.0711505	
-5.66411721826	-1643.07112056	
-5.66527261989	-1643.07109068	
-5.66642668811	-1643.07106086	
-5.66757942599	-1643.07103111	
-5.6687308366	-1643.07100143	
-5.66988092298	-1643.07097181	
-5.67102968818	-1643.07094225	
-5.67217713524	-1643.07091276	
-5.67332326717	-1643.07088333	
-5.67446808699	-1643.07085397	
-5.67561159769	-1643.07082467	
-5.67675380227	-1643.07079543	
-5.6778947037	-1643.07076626	
-5.67903430497	-1643.07073714	
-5.68017260902	-1643.0707081	
-5.6813096188	-1643.07067911	
-5.68244533727	-1643.07065019	
-5.68357976734	-1643.07062133	
-5.68471291194	-1643.07059253	
-5.68584477397	-1643.07056379	
-5.68697535634	-1643.07053511	
-5.68810466194	-1643.0705065	
-5.68923269364	-1643.07047795	
-5.69035945432	-1643.07044945	
-5.69148494685	-1643.07042102	
-5.69260917406	-1643.07039265	
-5.6937321388	-1643.07036434	
-5.69485384391	-1643.07033609	
-5.69597429221	-1643.0703079	
-5.69709348651	-1643.07027977	
-5.69821142961	-1643.0702517	
-5.69932812431	-1643.07022369	
-5.70044357339	-1643.07019574	
-5.70155777963	-1643.07016784	
-5.7026707458	-1643.07014001	
-5.70378247466	-1643.07011224	
-5.70489296894	-1643.07008452	
-5.70600223139	-1643.07005686	
-5.70711026475	-1643.07002926	
-5.70821707172	-1643.07000172	
-5.70932265503	-1643.06997423	
-5.71042701737	-1643.06994681	
-5.71153016145	-1643.06991944	
-5.71263208993	-1643.06989212	
-5.71373280551	-1643.06986487	
-5.71483231084	-1643.06983767	
-5.71593060859	-1643.06981053	
-5.71702770141	-1643.06978344	
-5.71812359193	-1643.06975641	
-5.71921828279	-1643.06972944	
-5.72031177661	-1643.06970253	
-5.72140407601	-1643.06967566	
-5.72249518359	-1643.06964886	
-5.72358510195	-1643.06962211	
-5.72467383369	-1643.06959542	
-5.72576138137	-1643.06956878	
-5.72684774759	-1643.06954219	
-5.72793293489	-1643.06951566	
-5.72901694583	-1643.06948919	
-5.73009978297	-1643.06946277	
-5.73118144884	-1643.0694364	
-5.73226194598	-1643.06941009	
-5.7333412769	-1643.06938383	
-5.73441944412	-1643.06935763	
-5.73549645015	-1643.06933148	
-5.73657229748	-1643.06930538	
-5.73764698861	-1643.06927934	
-5.73872052602	-1643.06925335	
-5.73979291218	-1643.06922741	
-5.74086414956	-1643.06920152	
-5.74193424062	-1643.06917569	
-5.74300318781	-1643.06914991	
-5.74407099357	-1643.06912418	
-5.74513766034	-1643.06909851	
-5.74620319054	-1643.06907288	
-5.7472675866	-1643.06904731	
-5.74833085092	-1643.06902179	
-5.74939298591	-1643.06899633	
-5.75045399397	-1643.06897091	
-5.75151387748	-1643.06894554	
-5.75257263883	-1643.06892023	
-5.75363028038	-1643.06889497	
-5.75468680452	-1643.06886975	
-5.75574221359	-1643.06884459	
-5.75679650994	-1643.06881948	
-5.75784969593	-1643.06879442	
-5.75890177388	-1643.06876941	
-5.75995274612	-1643.06874445	
-5.76100261499	-1643.06871953	
-5.76205138278	-1643.06869467	
-5.76309905181	-1643.06866986	
-5.76414562438	-1643.0686451	
-5.76519110278	-1643.06862038	
-5.7662354893	-1643.06859572	
-5.76727878622	-1643.06857111	
-5.76832099579	-1643.06854654	
-5.7693621203	-1643.06852202	
-5.770402162	-1643.06849755	
-5.77144112313	-1643.06847313	
-5.77247900594	-1643.06844876	
-5.77351581267	-1643.06842443	
-5.77455154554	-1643.06840016	
-5.77558620679	-1643.06837593	
-5.77661979861	-1643.06835175	
-5.77765232322	-1643.06832761	
-5.77868378283	-1643.06830353	
-5.77971417962	-1643.06827949	
-5.78074351579	-1643.0682555	
-5.78177179352	-1643.06823155	
-5.78279901497	-1643.06820766	
-5.78382518233	-1643.06818381	
-5.78485029774	-1643.06816	
-5.78587436337	-1643.06813624	
-5.78689738137	-1643.06811253	
-5.78791935386	-1643.06808887	
-5.788940283	-1643.06806525	
-5.7899601709	-1643.06804167	
-5.79097901969	-1643.06801815	
-5.79199683148	-1643.06799466	
-5.79301360838	-1643.06797123	
-5.7940293525	-1643.06794784	
-5.79504406593	-1643.06792449	
-5.79605775077	-1643.06790119	
-5.79707040908	-1643.06787793	
-5.79808204295	-1643.06785472	
-5.79909265446	-1643.06783155	
-5.80010224566	-1643.06780843	
-5.80111081862	-1643.06778536	
-5.80211837538	-1643.06776232	
-5.80312491799	-1643.06773933	
-5.80413044849	-1643.06771639	
-5.80513496892	-1643.06769349	
-5.80613848129	-1643.06767063	
-5.80714098764	-1643.06764782	
-5.80814248998	-1643.06762505	
-5.80914299031	-1643.06760232	
