#Site	lnL	
0	-1.55813791332
1	-1.31822258452
2	-2.03174510427
3	-1.44203676154
4	-1.31822258452
5	-7.45535260982
6	-1.3407917225
7	-1.42195581661
8	-2.00103637423
9	-6.79559328206
10	-6.42895247282
11	-2.03174510427
12	-1.3407917225
13	-1.31822258452
14	-7.40396958125
15	-1.44203676154
16	-7.16205361577
17	-6.02561786561
18	-1.55813791332
19	-1.53134316772
20	-13.4915895116
21	-1.71487495403
22	-1.42195581661
23	-2.00103637423
24	-1.3407917225
25	-1.31822258452
26	-7.98944628936
27	-1.55813791332
28	-8.77791021595
29	-7.19402000915
30	-1.44203676154
31	-1.31822258452
32	-4.98160079877
33	-1.71487495403
34	-1.53134316772
35	-2.34493303704
36	-1.71487495403
37	-1.42195581661
38	-4.81531227118
39	-1.71487495403
40	-1.42195581661
41	-5.04820137274
42	-1.55813791332
43	-1.31822258452
44	-5.69126794982
45	-1.44203676154
46	-1.69012031924
47	-2.44462276489
48	-1.55813791332
49	-1.31822258452
50	-5.02792381377
51	-1.55813791332
52	-1.53134316772
53	-5.18366606958
54	-1.55813791332
55	-1.42195581661
56	-6.24910457442
57	-1.55813791332
58	-1.31822258452
59	-6.16821279904
60	-1.71487495403
61	-1.42195581661
62	-5.69126794982
63	-1.55813791332
64	-1.69012031924
65	-15.7213072669
66	-1.3407917225
67	-1.42195581661
68	-2.03174510427
69	-1.55813791332
70	-1.31822258452
71	-5.69126794982
72	-1.44203676154
73	-1.31822258452
74	-7.45367397699
75	-1.55813791332
76	-1.31822258452
77	-2.44462276489
78	-1.44203676154
79	-1.53134316772
80	-4.98160079877
81	-10.179552335
82	-1.31822258452
83	-6.44406761885
84	-1.71487495403
85	-1.53134316772
86	-4.87957206675
87	-1.3407917225
88	-1.53134316772
89	-10.7150668945
90	-1.55813791332
91	-1.53134316772
92	-5.74959926613
93	-1.44203676154
94	-1.69012031924
95	-6.41441421632
96	-1.55813791332
97	-1.42195581661
98	-2.00103637423
99	-1.71487495403
100	-1.31822258452
101	-5.74959926613
102	-1.3407917225
103	-1.53134316772
104	-9.16832759984
105	-9.04319563032
106	-1.42195581661
107	-2.34493303704
108	-1.71487495403
109	-1.31822258452
110	-2.44462276489
111	-1.44203676154
112	-1.31822258452
113	-2.34493303704
114	-1.3407917225
115	-1.53134316772
116	-2.00103637423
117	-1.3407917225
118	-1.42195581661
119	-10.1744014115
120	-1.3407917225
121	-1.31822258452
122	-7.86884482765
123	-1.44203676154
124	-1.42195581661
125	-4.97165607837
126	-1.3407917225
127	-1.42195581661
128	-4.87957206675
129	-1.44203676154
130	-1.31822258452
131	-4.82452878634
132	-1.44203676154
133	-1.69012031924
134	-7.0506694891
135	-1.71487495403
136	-1.42195581661
137	-4.87957206675
138	-1.55813791332
139	-1.69012031924
140	-5.49238859747
141	-1.44203676154
142	-1.53134316772
143	-6.33132886758
144	-1.44203676154
145	-1.31822258452
146	-2.44462276489
147	-1.44203676154
148	-8.51164680513
149	-5.18366606958
150	-1.55813791332
151	-1.42195581661
152	-10.3689802192
153	-1.44203676154
154	-1.53134316772
155	-8.10316918337
156	-1.44203676154
157	-1.69012031924
158	-4.98160079877
159	-6.79559328206
160	-1.31822258452
161	-9.2664423225
162	-1.71487495403
163	-1.53134316772
164	-2.44462276489
165	-1.55813791332
166	-1.31822258452
167	-2.00103637423
168	-1.71487495403
169	-10.1395291648
170	-4.6257174491
171	-1.3407917225
172	-1.53134316772
173	-4.68114759218
174	-1.44203676154
175	-10.2132791405
176	-4.75879565446
177	-9.77867047513
178	-1.69012031924
179	-13.8241624531
180	-1.3407917225
181	-12.7533554324
182	-9.93536456008
183	-1.44203676154
184	-1.31822258452
185	-7.31983451797
186	-6.2239306249
187	-1.42195581661
188	-5.59283496006
189	-1.44203676154
190	-1.53134316772
191	-5.25731240151
192	-1.55813791332
193	-1.31822258452
194	-6.12652030755
195	-1.3407917225
196	-1.53134316772
197	-2.03174510427
198	-1.71487495403
199	-1.31822258452
200	-8.60285379508
201	-1.3407917225
202	-1.42195581661
203	-6.1152449996
204	-1.71487495403
205	-1.31822258452
206	-14.853925137
207	-1.44203676154
208	-1.42195581661
209	-2.44462276489
210	-1.71487495403
211	-1.42195581661
212	-7.61019693895
213	-1.55813791332
214	-1.31822258452
215	-17.2765510769
216	-1.71487495403
217	-1.31822258452
218	-12.0871427398
219	-7.55613345662
220	-1.31822258452
221	-5.69126794982
222	-1.44203676154
223	-1.42195581661
224	-11.6875248824
225	-1.3407917225
226	-1.69012031924
227	-2.00103637423
228	-1.3407917225
229	-1.53134316772
230	-4.97165607837
231	-1.71487495403
232	-1.53134316772
233	-17.5451163842
234	-1.3407917225
235	-7.55221398214
236	-7.97984168153
237	-1.44203676154
238	-1.31822258452
239	-17.1671257158
240	-1.3407917225
241	-1.53134316772
242	-7.0506694891
243	-1.44203676154
244	-1.31822258452
245	-2.44462276489
246	-1.44203676154
247	-1.69012031924
248	-10.6594029824
249	-6.79559328206
250	-1.31822258452
251	-13.3456566577
252	-1.71487495403
253	-1.31822258452
254	-2.44462276489
255	-1.71487495403
256	-1.42195581661
257	-4.98160079877
258	-1.55813791332
259	-1.42195581661
260	-7.8573409905
261	-6.50348387731
262	-1.42195581661
263	-4.81531227118
264	-1.3407917225
265	-1.42195581661
266	-6.50328436062
267	-1.44203676154
268	-1.42195581661
269	-12.3759310329
270	-1.3407917225
271	-1.31822258452
272	-2.03174510427
273	-1.71487495403
274	-6.42129111867
275	-2.34493303704
276	-1.55813791332
277	-1.69012031924
278	-10.8780598814
279	-1.3407917225
280	-1.42195581661
281	-11.4483378209
282	-6.24290103203
283	-1.53134316772
284	-10.2731361411
285	-1.71487495403
286	-1.31822258452
287	-2.03174510427
288	-1.71487495403
289	-1.69012031924
290	-9.11234087152
291	-1.44203676154
292	-1.69012031924
293	-6.41441421632
294	-6.2216051021
295	-1.31822258452
296	-14.6896895509
297	-1.71487495403
298	-1.69012031924
299	-2.34493303704
300	-1.71487495403
301	-1.53134316772
302	-5.53582270707
303	-1.44203676154
304	-1.31822258452
305	-10.4752023978
306	-8.4761892909
307	-1.42195581661
308	-2.00103637423
309	-1.3407917225
310	-1.53134316772
311	-5.39412316052
312	-1.44203676154
313	-1.42195581661
314	-10.074616773
315	-1.55813791332
316	-1.42195581661
317	-5.39412316052
318	-1.55813791332
319	-1.53134316772
320	-6.11794837474
321	-1.3407917225
322	-1.31822258452
323	-2.00103637423
324	-1.3407917225
325	-1.31822258452
326	-5.02792381377
327	-1.71487495403
328	-1.31822258452
329	-20.1630969938
330	-1.44203676154
331	-1.42195581661
332	-2.34493303704
333	-1.3407917225
334	-1.53134316772
335	-4.81531227118
336	-6.23348860906
337	-8.41240618093
338	-7.40396958125
339	-1.3407917225
340	-1.69012031924
341	-9.06530239558
342	-1.3407917225
343	-1.53134316772
344	-6.17248173843
345	-1.44203676154
346	-1.31822258452
347	-6.22544919952
348	-1.55813791332
349	-1.42195581661
350	-9.73009049688
351	-1.71487495403
352	-1.42195581661
353	-4.87957206675
354	-1.71487495403
355	-1.69012031924
356	-4.87957206675
357	-1.44203676154
358	-1.31822258452
359	-6.44406761885
360	-1.44203676154
361	-1.42195581661
362	-4.87957206675
363	-1.3407917225
364	-1.42195581661
365	-11.1657449776
366	-1.44203676154
367	-8.11789525376
368	-2.44462276489
369	-1.3407917225
370	-1.69012031924
371	-7.40396958125
372	-1.71487495403
373	-1.53134316772
374	-8.53909244647
375	-1.55813791332
376	-1.42195581661
377	-9.47566471264
378	-6.69482922541
379	-1.42195581661
380	-5.18366606958
381	-1.71487495403
382	-1.69012031924
383	-10.9754012875
384	-1.3407917225
385	-1.31822258452
386	-12.6064076023
387	-1.55813791332
388	-1.69012031924
389	-17.2978065172
390	-1.55813791332
391	-1.53134316772
392	-4.68114759218
393	-1.71487495403
394	-1.42195581661
395	-2.03174510427
396	-1.3407917225
397	-1.69012031924
398	-2.03174510427
399	-1.71487495403
400	-1.53134316772
401	-4.68114759218
402	-6.2239306249
403	-9.24503208047
404	-9.18853821625
405	-1.44203676154
406	-1.31822258452
407	-5.02792381377
408	-1.55813791332
409	-1.31822258452
410	-2.03174510427
411	-1.55813791332
412	-1.53134316772
413	-2.34493303704
414	-1.55813791332
415	-1.42195581661
416	-4.6257174491
417	-1.3407917225
418	-1.69012031924
419	-2.00103637423
420	-1.44203676154
421	-6.70111163826
422	-7.22990663506
423	-1.55813791332
424	-1.53134316772
425	-10.5524370114
426	-1.55813791332
427	-1.69012031924
428	-9.01603715711
429	-1.3407917225
430	-1.69012031924
431	-4.6257174491
432	-1.3407917225
433	-1.42195581661
434	-4.97165607837
435	-1.55813791332
436	-1.69012031924
437	-2.03174510427
438	-1.71487495403
439	-1.69012031924
440	-2.00103637423
441	-5.90037579634
442	-1.31822258452
443	-4.87957206675
444	-15.1231666054
445	-1.53134316772
446	-19.7960156037
447	-1.44203676154
448	-1.31822258452
449	-2.03174510427
450	-1.44203676154
451	-1.69012031924
452	-2.44462276489
453	-1.55813791332
454	-1.31822258452
455	-6.22877745638
456	-1.55813791332
457	-1.31822258452
458	-9.47459836438
459	-1.3407917225
460	-1.53134316772
461	-5.69126794982
462	-1.44203676154
463	-1.69012031924
464	-2.00103637423
465	-1.3407917225
466	-1.53134316772
467	-12.3173471861
468	-1.44203676154
469	-1.42195581661
470	-4.68114759218
471	-1.44203676154
472	-1.53134316772
473	-2.44462276489
474	-1.3407917225
475	-1.31822258452
476	-5.25731240151
477	-1.3407917225
478	-1.42195581661
479	-2.03174510427
480	-1.44203676154
481	-1.42195581661
482	-11.3361779775
483	-8.7931956877
484	-7.78728385921
485	-6.67702427694
486	-1.71487495403
487	-1.69012031924
488	-2.00103637423
