-6.909576853676904218e-01
-4.791740585126534335e-01
-8.407555118291282215e-01
2.184071653361924881e+00
-8.495612679523258104e-02
1.050962460645560870e-01
-1.587243793836820238e+00
-3.672502153515627477e+00
-2.704323984262235303e+00
-1.265129679898696047e+01
-2.599500453255264798e+00
-2.712706070279810699e+00
-4.967472765121056177e+00
-6.224085784824414880e+00
-4.923603004501497793e+00
-3.531974410518939234e+00
-4.951726096118274079e+00
-4.481568655449676974e+00
-4.973338491607442791e+00
-4.443230851636279510e+00
