-7.334952965395750146e-01
-5.782628062242067823e-01
-7.883538307709812010e-01
2.687497005183022036e+00
-8.566688713995459503e-01
2.369153674528868603e+00
7.111573789498226716e-03
-1.724151419183561629e+00
-3.792363304698618265e+00
-7.068653563501718473e+00
-3.806355908334738913e+00
-4.718720013875093322e+00
-7.110679393015217009e+00
-6.696606065872611424e+00
-6.148155439545877954e+00
-5.321925245614386846e+00
-6.512935011956863640e+00
-5.433735341003607999e+00
-4.992287334880709082e+00
-5.934622985859157929e+00
