#Site	lnL	
0	-10.2440815026
1	-1.2422871457
2	-9.59072653023
3	-1.26471125068
4	-1.2422871457
5	-3.03740841143
6	-1.26471125068
7	-1.25815499156
8	-3.03740841143
9	-1.26471125068
10	-1.8873771654
11	-5.09916364251
12	-1.28586150075
13	-1.62217259208
14	-13.4308569701
15	-1.28586150075
16	-1.2422871457
17	-6.15526117942
18	-1.65972478268
19	-1.62217259208
20	-8.99577722729
21	-1.92539393537
22	-1.25815499156
23	-3.03740841143
24	-1.28586150075
25	-1.62217259208
26	-3.45248650537
27	-6.56503444568
28	-1.25815499156
29	-6.75144128834
30	-1.65972478268
31	-1.2422871457
32	-7.48833272884
33	-1.28586150075
34	-1.25815499156
35	-14.1166114503
36	-8.99865438802
37	-1.2422871457
38	-7.70415649414
39	-1.65972478268
40	-1.25815499156
41	-8.11000641471
42	-1.65972478268
43	-9.15172115216
44	-6.01192186808
45	-1.65972478268
46	-1.2422871457
47	-8.44348297634
48	-1.92539393537
49	-8.87120045029
50	-7.26148208929
51	-1.65972478268
52	-1.2422871457
53	-6.28950650399
54	-1.92539393537
55	-1.8873771654
56	-9.87879045802
57	-1.92539393537
58	-1.25815499156
59	-6.15526117942
60	-1.28586150075
61	-1.2422871457
62	-3.45248650537
63	-1.65972478268
64	-1.62217259208
65	-3.03740841143
66	-1.26471125068
67	-1.62217259208
68	-10.0909186294
69	-8.80952913916
70	-1.25815499156
71	-5.06383756783
72	-1.26471125068
73	-1.2422871457
74	-3.03740841143
75	-1.92539393537
76	-1.25815499156
77	-6.19130719594
78	-1.28586150075
79	-1.62217259208
80	-4.68321217043
81	-1.28586150075
82	-1.62217259208
83	-7.30178617453
84	-1.28586150075
85	-1.62217259208
86	-6.55167805896
87	-1.92539393537
88	-1.2422871457
89	-7.70415649414
90	-1.28586150075
91	-1.8873771654
92	-11.6337792328
93	-1.26471125068
94	-11.238886333
95	-6.01192186808
96	-1.26471125068
97	-1.2422871457
98	-3.45248650537
99	-1.92539393537
100	-1.62217259208
101	-7.14952446745
102	-1.65972478268
103	-1.25815499156
104	-5.53280117764
105	-1.65972478268
106	-1.62217259208
107	-5.09916364251
108	-1.26471125068
109	-1.62217259208
110	-9.57732226553
111	-1.65972478268
112	-1.25815499156
113	-6.48967219046
114	-1.65972478268
115	-1.62217259208
116	-4.97003389296
117	-9.67612114768
118	-1.2422871457
119	-9.55539581164
120	-1.28586150075
121	-1.25815499156
122	-6.89219803923
123	-1.65972478268
124	-1.8873771654
125	-6.32370458424
126	-1.26471125068
127	-1.2422871457
128	-3.45248650537
129	-8.59738560901
130	-1.25815499156
131	-12.719642099
132	-1.26471125068
133	-1.25815499156
134	-3.45248650537
135	-1.26471125068
136	-1.8873771654
137	-3.03740841143
138	-1.26471125068
139	-1.2422871457
140	-7.77651397939
141	-1.28586150075
142	-1.8873771654
143	-3.03740841143
144	-1.28586150075
145	-1.62217259208
146	-5.86877490363
147	-1.26471125068
148	-1.25815499156
149	-6.89219803923
150	-1.92539393537
151	-1.62217259208
152	-9.1919525718
153	-1.92539393537
154	-1.62217259208
155	-7.97756812611
156	-1.65972478268
157	-1.2422871457
158	-7.59007316765
159	-8.20901633291
160	-9.93367230188
161	-7.57406563139
162	-1.26471125068
163	-6.65994540393
164	-5.94533262367
165	-1.28586150075
166	-1.2422871457
167	-8.0412880616
168	-1.28586150075
169	-1.2422871457
170	-10.3051804089
171	-1.65972478268
172	-1.25815499156
173	-14.456894652
174	-1.26471125068
175	-1.8873771654
176	-5.78074792194
177	-1.65972478268
178	-1.2422871457
179	-5.56703204492
180	-1.26471125068
181	-7.76162719824
182	-3.45248650537
183	-1.28586150075
184	-1.25815499156
185	-3.45248650537
186	-1.26471125068
187	-1.2422871457
188	-5.06383756783
189	-1.28586150075
190	-1.8873771654
191	-3.03740841143
192	-1.26471125068
193	-1.2422871457
194	-3.03740841143
195	-1.26471125068
196	-1.62217259208
197	-14.1575904094
198	-1.26471125068
199	-1.8873771654
200	-10.3956069694
201	-1.26471125068
202	-1.25815499156
203	-3.03740841143
204	-1.65972478268
205	-1.8873771654
206	-4.68321217043
207	-8.86514441019
208	-1.2422871457
209	-5.86877490363
210	-9.73087599994
211	-1.2422871457
212	-4.68321217043
213	-1.92539393537
214	-1.2422871457
215	-5.60094473724
216	-8.58166472263
217	-6.57896985353
218	-3.03740841143
219	-1.26471125068
220	-1.8873771654
221	-4.68321217043
222	-1.26471125068
223	-1.2422871457
224	-7.99515350916
225	-1.28586150075
226	-1.25815499156
227	-14.5425120266
228	-1.92539393537
229	-1.8873771654
230	-9.43679548371
231	-1.92539393537
232	-1.25815499156
233	-3.45248650537
234	-1.28586150075
235	-1.8873771654
236	-11.5055348036
237	-1.26471125068
238	-1.25815499156
239	-8.65650549054
240	-1.65972478268
241	-1.2422871457
242	-5.53280117764
243	-1.28586150075
244	-1.25815499156
245	-13.4481210383
246	-1.26471125068
247	-1.62217259208
248	-8.71486025093
249	-1.92539393537
250	-1.62217259208
251	-7.87420677714
252	-1.28586150075
253	-1.2422871457
254	-3.45248650537
255	-1.65972478268
256	-1.2422871457
257	-3.03740841143
258	-1.65972478268
259	-6.80165185598
260	-7.02439401802
261	-1.28586150075
262	-1.8873771654
263	-6.15526117942
264	-1.65972478268
265	-1.2422871457
266	-15.6145180464
267	-1.65972478268
268	-1.8873771654
269	-3.45248650537
270	-1.28586150075
271	-1.25815499156
272	-4.97003389296
273	-1.26471125068
274	-1.25815499156
275	-4.68321217043
276	-8.97503266042
277	-1.25815499156
278	-3.45248650537
279	-1.28586150075
280	-1.25815499156
281	-5.94533262367
282	-1.92539393537
283	-1.8873771654
284	-4.72755077104
285	-1.26471125068
286	-1.2422871457
287	-4.68321217043
288	-1.28586150075
289	-1.62217259208
290	-5.91390219788
291	-1.92539393537
292	-1.25815499156
293	-4.68321217043
294	-1.65972478268
295	-1.62217259208
296	-12.2410669765
297	-1.65972478268
298	-1.25815499156
299	-6.15526117942
300	-1.92539393537
301	-1.62217259208
302	-11.7036348496
303	-12.0535920099
304	-1.2422871457
305	-7.40294269773
306	-1.26471125068
307	-1.62217259208
308	-3.45248650537
309	-1.28586150075
310	-1.2422871457
311	-5.09916364251
312	-1.65972478268
313	-11.9943870455
314	-3.45248650537
315	-1.26471125068
316	-1.25815499156
317	-3.45248650537
318	-1.92539393537
319	-1.62217259208
320	-10.084552059
321	-1.65972478268
322	-1.2422871457
323	-7.48666265896
324	-1.65972478268
325	-1.25815499156
326	-5.06383756783
327	-1.92539393537
328	-1.62217259208
329	-6.7925479483
330	-1.26471125068
331	-1.25815499156
332	-4.68321217043
333	-1.65972478268
334	-1.2422871457
335	-3.03740841143
336	-1.26471125068
337	-1.62217259208
338	-4.97003389296
339	-1.92539393537
340	-1.8873771654
341	-8.472639899
342	-1.28586150075
343	-1.2422871457
344	-10.151732739
345	-1.28586150075
346	-6.68503165217
347	-3.03740841143
348	-1.92539393537
349	-1.8873771654
350	-3.03740841143
351	-1.28586150075
352	-1.62217259208
353	-7.26359858638
354	-1.65972478268
355	-1.25815499156
356	-6.32370458424
357	-1.28586150075
358	-1.25815499156
359	-11.6301406096
360	-1.26471125068
361	-1.25815499156
362	-5.2150108028
363	-6.30039834341
364	-1.25815499156
365	-5.53280117764
366	-1.26471125068
367	-1.25815499156
368	-10.3409206439
369	-1.65972478268
370	-1.25815499156
371	-7.62626439561
372	-1.28586150075
373	-10.1290239474
374	-8.61906778551
375	-6.47204896079
376	-1.2422871457
377	-3.03740841143
378	-1.26471125068
379	-1.62217259208
380	-7.51117915136
381	-1.26471125068
382	-1.25815499156
383	-5.06383756783
384	-1.26471125068
385	-1.25815499156
386	-8.01287053535
387	-1.26471125068
388	-1.8873771654
389	-9.50046234613
390	-1.28586150075
391	-1.2422871457
392	-3.45248650537
393	-6.26464683591
394	-1.2422871457
395	-8.75060151999
396	-1.65972478268
397	-1.25815499156
398	-11.0073266659
399	-1.92539393537
400	-1.8873771654
401	-3.03740841143
402	-1.65972478268
403	-1.8873771654
404	-5.2150108028
405	-1.65972478268
406	-6.55284420035
407	-8.23033567098
408	-1.65972478268
409	-1.62217259208
410	-3.03740841143
411	-1.65972478268
412	-1.25815499156
413	-4.97003389296
414	-1.26471125068
415	-1.2422871457
416	-13.8017072369
417	-1.26471125068
418	-1.25815499156
419	-7.62626439561
420	-1.28586150075
421	-1.2422871457
422	-3.03740841143
423	-1.92539393537
424	-1.2422871457
425	-9.0836551972
426	-1.26471125068
427	-1.2422871457
428	-3.03740841143
429	-1.92539393537
430	-1.2422871457
431	-7.29089025234
432	-1.65972478268
433	-1.62217259208
434	-9.78593384253
435	-1.26471125068
436	-1.25815499156
437	-3.03740841143
438	-1.28586150075
439	-1.2422871457
440	-8.9884231753
441	-1.28586150075
442	-1.2422871457
443	-3.03740841143
444	-1.28586150075
445	-1.62217259208
446	-6.15526117942
447	-1.65972478268
448	-9.56354213469
449	-6.19130719594
450	-1.26471125068
451	-1.25815499156
452	-9.02397202213
453	-1.26471125068
454	-1.25815499156
455	-8.96811066577
456	-1.92539393537
457	-1.25815499156
458	-7.70066859277
459	-6.47204896079
460	-1.2422871457
461	-7.8121211183
462	-1.28586150075
463	-1.8873771654
464	-8.34152346899
465	-1.28586150075
466	-1.25815499156
467	-5.94533262367
468	-10.1651340064
469	-1.8873771654
470	-8.65323203472
471	-1.65972478268
472	-1.2422871457
473	-7.87420677714
474	-1.28586150075
475	-1.25815499156
476	-3.45248650537
477	-10.5938059107
478	-1.62217259208
479	-11.5404928833
480	-1.28586150075
481	-1.62217259208
482	-14.8490494646
483	-1.26471125068
484	-1.25815499156
485	-3.45248650537
486	-1.28586150075
487	-1.25815499156
488	-3.45248650537
