# log_p 	 lnL 	 
0.0	-1662.47085667	
-0.287682072452	-1662.56160056	
-0.510825623766	-1662.62830209	
-0.69314718056	-1662.67371802	
-0.847297860387	-1662.70426935	
-0.980829253012	-1662.72483668	
-1.09861228867	-1662.73872235	
-1.20397280433	-1662.74810743	
-1.29928298413	-1662.75443081	
-1.38629436112	-1662.75864763	
-1.46633706879	-1662.76139768	
-1.54044504095	-1662.76311392	
-1.60943791243	-1662.76409258	
-1.67397643357	-1662.76453872	
-1.73460105539	-1662.76459603	
-1.79175946923	-1662.76436653	
-1.8458266905	-1662.76392367	
-1.89711998489	-1662.76332107	
-1.94591014906	-1662.76259852	
-1.99243016469	-1662.76178599	
-2.03688192726	-1662.7609064	
-2.07944154168	-1662.7599776	
-2.1202635362	-1662.75901369	
-2.15948424935	-1662.75802595	
-2.19722457734	-1662.75702356	
-2.23359222151	-1662.75601404	
-2.26868354132	-1662.75500363	
-2.30258509299	-1662.75399756	
-2.33537491582	-1662.75300019	
-2.36712361413	-1662.75201522	
-2.3978952728	-1662.75104574	
-2.42774823595	-1662.75009439	
-2.45673577282	-1662.74916333	
-2.48490664979	-1662.74825441	
-2.51230562398	-1662.74736911	
-2.53897387106	-1662.74650868	
-2.56494935746	-1662.74567407	
-2.59026716545	-1662.74486604	
-2.61495977804	-1662.74408517	
-2.63905732962	-1662.74333183	
-2.66258782703	-1662.74260626	
-2.68557734525	-1662.74190857	
-2.7080502011	-1662.74123874	
-2.73002910782	-1662.74059666	
-2.75153531304	-1662.73998211	
-2.77258872224	-1662.73939481	
-2.79320800944	-1662.7388344	
-2.81341071676	-1662.73830047	
-2.83321334406	-1662.73779253	
-2.85263142991	-1662.7373101	
-2.87167962488	-1662.73685261	
-2.8903717579	-1662.73641949	
-2.90872089656	-1662.73601015	
-2.92673940207	-1662.73562397	
-2.94443897917	-1662.7352603	
-2.96183072188	-1662.73491852	
-2.97892515524	-1662.73459796	
-2.99573227355	-1662.73429797	
-3.01226157551	-1662.73401791	
-3.02852209638	-1662.7337571	
-3.04452243772	-1662.73351491	
-3.06027079469	-1662.7332907	
-3.07577498123	-1662.73308381	
-3.09104245336	-1662.73289362	
-3.10608033072	-1662.73271952	
-3.12089541651	-1662.73256089	
-3.13549421593	-1662.73241714	
-3.14988295338	-1662.73228768	
-3.16406758837	-1662.73217193	
-3.17805383035	-1662.73206935	
-3.19184715248	-1662.73197939	
-3.20545280454	-1662.73190151	
-3.21887582487	-1662.73183519	
-3.23212105162	-1662.73177994	
-3.24519313319	-1662.73173527	
-3.25809653802	-1662.73170069	
-3.2708355638	-1662.73167576	
-3.28341434601	-1662.73166002	
-3.295836866	-1662.73165304	
-3.3081069586	-1662.73165441	
-3.32022831913	-1662.73166372	
-3.33220451018	-1662.73168057	
-3.34403896782	-1662.7317046	
-3.35573500759	-1662.73173542	
-3.36729582999	-1662.73177271	
-3.37872452581	-1662.7318161	
-3.39002408106	-1662.73186527	
-3.40119738166	-1662.73191991	
-3.41224721785	-1662.73197972	
-3.42317628838	-1662.73204439	
-3.43398720449	-1662.73211365	
-3.4446824936	-1662.73218722	
-3.45526460293	-1662.73226484	
-3.4657359028	-1662.73234626	
-3.47609868984	-1662.73243123	
-3.48635519	-1662.73251953	
-3.49650756147	-1662.73261093	
-3.50655789732	-1662.73270521	
-3.51650822817	-1662.73280218	
-3.52636052462	-1662.73290162	
-3.53611669956	-1662.73300335	
-3.54577861047	-1662.73310718	
-3.55534806149	-1662.73321295	
-3.56482680544	-1662.73332049	
-3.57421654579	-1662.73342963	
-3.58351893846	-1662.73354021	
-3.59273559356	-1662.7336521	
-3.60186807712	-1662.73376515	
-3.61091791264	-1662.73387922	
-3.61988658263	-1662.73399419	
-3.62877553004	-1662.73410994	
-3.63758615973	-1662.73422633	
-3.6463198397	-1662.73434327	
-3.65497790244	-1662.73446063	
-3.66356164613	-1662.73457833	
-3.6720723358	-1662.73469626	
-3.68051120444	-1662.73481432	
-3.68887945411	-1662.73493244	
-3.69717825693	-1662.73505051	
-3.70540875607	-1662.73516846	
-3.7135720667	-1662.73528622	
-3.72166927694	-1662.7354037	
-3.72970144863	-1662.73552084	
-3.73766961828	-1662.73563758	
-3.74557479779	-1662.73575384	
-3.75341797525	-1662.73586957	
-3.76120011569	-1662.73598471	
-3.76892216179	-1662.7360992	
-3.77658503453	-1662.736213	
-3.78418963392	-1662.73632606	
-3.79173683955	-1662.73643833	
-3.79922751128	-1662.73654976	
-3.80666248977	-1662.73666031	
-3.81404259707	-1662.73676996	
-3.82136863716	-1662.73687865	
-3.82864139649	-1662.73698636	
-3.83586164446	-1662.73709305	
-3.84303013394	-1662.73719869	
-3.85014760171	-1662.73730325	
-3.85721476893	-1662.73740672	
-3.86423234159	-1662.73750905	
-3.87120101091	-1662.73761023	
-3.87812145375	-1662.73771024	
-3.88499433304	-1662.73780905	
-3.89182029811	-1662.73790666	
-3.8985999851	-1662.73800303	
-3.90533401728	-1662.73809815	
-3.91202300543	-1662.73819202	
-3.91866754815	-1662.73828461	
-3.92526823218	-1662.73837592	
-3.93182563272	-1662.73846593	
-3.93834031375	-1662.73855463	
-3.94481282825	-1662.73864201	
-3.95124371858	-1662.73872808	
-3.95763351668	-1662.73881281	
-3.96398274436	-1662.7388962	
-3.97029191355	-1662.73897825	
-3.97656152657	-1662.73905895	
-3.98279207632	-1662.7391383	
-3.98898404656	-1662.7392163	
-3.99513791214	-1662.73929295	
-4.00125413916	-1662.73936823	
-4.00733318523	-1662.73944216	
-4.01337549969	-1662.73951473	
-4.01938152375	-1662.73958595	
-4.02535169074	-1662.7396558	
-4.03128642625	-1662.73972431	
-4.03718614838	-1662.73979146	
-4.04305126783	-1662.73985726	
-4.04888218815	-1662.73992171	
-4.05467930583	-1662.73998482	
-4.06044301055	-1662.74004659	
-4.06617368526	-1662.74010703	
-4.07187170637	-1662.74016613	
-4.07753744391	-1662.74022391	
-4.08317126162	-1662.74028037	
-4.08877351717	-1662.74033552	
-4.09434456222	-1662.74038936	
-4.0998847426	-1662.74044189	
-4.10539439841	-1662.74049313	
-4.11087386417	-1662.74054309	
-4.11632346894	-1662.74059176	
-4.12174353641	-1662.74063916	
-4.12713438505	-1662.7406853	
-4.13249632819	-1662.74073017	
-4.13782967416	-1662.7407738	
-4.14313472639	-1662.74081618	
-4.14841178349	-1662.74085733	
-4.15366113938	-1662.74089726	
-4.15888308336	-1662.74093597	
-4.16407790024	-1662.74097347	
-4.1692458704	-1662.74100978	
-4.1743872699	-1662.74104489	
-4.17950237056	-1662.74107883	
-4.18459144007	-1662.74111159	
-4.18965474203	-1662.74114319	
-4.19469253606	-1662.74117364	
-4.19970507788	-1662.74120295	
-4.20469261939	-1662.74123112	
-4.20965540873	-1662.74125817	
-4.21459369037	-1662.7412841	
-4.21950770518	-1662.74130893	
-4.22439769047	-1662.74133267	
-4.22926388012	-1662.74135532	
-4.2341065046	-1662.7413769	
-4.23892579103	-1662.74139741	
-4.2437219633	-1662.74141687	
-4.24849524205	-1662.74143528	
-4.25324584481	-1662.74145265	
-4.257973986	-1662.741469	
-4.26267987704	-1662.74148434	
-4.26736372635	-1662.74149866	
-4.27202573946	-1662.741512	
-4.27666611902	-1662.74152434	
-4.28128506487	-1662.74153571	
-4.28588277412	-1662.74154612	
-4.29045944115	-1662.74155556	
-4.29501525768	-1662.74156406	
-4.29955041285	-1662.74157163	
-4.3040650932	-1662.74157827	
-4.30855948279	-1662.74158398	
-4.31303376319	-1662.7415888	
-4.31748811354	-1662.74159271	
-4.3219227106	-1662.74159573	
-4.32633772881	-1662.74159788	
-4.33073334029	-1662.74159915	
-4.33510971489	-1662.74159957	
-4.33946702026	-1662.74159913	
-4.34380542185	-1662.74159786	
-4.348125083	-1662.74159575	
-4.3524261649	-1662.74159282	
-4.35670882669	-1662.74158907	
-4.36097322548	-1662.74158453	
-4.36521951636	-1662.74157918	
-4.36944785247	-1662.74157305	
-4.373658385	-1662.74156614	
-4.37785126326	-1662.74155847	
-4.38202663467	-1662.74155003	
-4.38618464482	-1662.74154085	
-4.39032543749	-1662.74153092	
-4.39444915467	-1662.74152026	
-4.39855593663	-1662.74150888	
-4.40264592188	-1662.74149678	
-4.40671924726	-1662.74148397	
-4.41077604796	-1662.74147046	
-4.4148164575	-1662.74145626	
-4.4188406078	-1662.74144138	
-4.42284862919	-1662.74142583	
-4.42684065046	-1662.74140961	
-4.43081679884	-1662.74139273	
-4.43477720006	-1662.74137521	
-4.43872197835	-1662.74135704	
-4.44265125649	-1662.74133823	
-4.44656515581	-1662.74131881	
-4.45046379623	-1662.74129876	
-4.45434729625	-1662.7412781	
-4.45821577303	-1662.74125684	
-4.46206934235	-1662.74123498	
-4.46590811865	-1662.74121254	
-4.46973221509	-1662.74118952	
-4.47354174351	-1662.74116592	
-4.47733681448	-1662.74114176	
-4.48111753732	-1662.74111703	
-4.48488402011	-1662.74109176	
-4.48863636973	-1662.74106595	
-4.49237469184	-1662.74103959	
-4.49609909093	-1662.74101271	
-4.49980967033	-1662.7409853	
-4.50350653221	-1662.74095737	
-4.50718977763	-1662.74092894	
-4.51085950652	-1662.7409	
-4.51451581772	-1662.74087057	
-4.518158809	-1662.74084065	
-4.52178857705	-1662.74081024	
-4.52540521752	-1662.74077936	
-4.52900882502	-1662.740748	
-4.53259949315	-1662.74071619	
-4.5361773145	-1662.74068391	
-4.53974238067	-1662.74065118	
-4.54329478227	-1662.74061801	
-4.54683460898	-1662.7405844	
-4.55036194949	-1662.74055035	
-4.5538768916	-1662.74051588	
-4.55737952215	-1662.74048098	
-4.56086992709	-1662.74044567	
-4.56434819147	-1662.74040995	
-4.56781439944	-1662.74037382	
-4.57126863431	-1662.7403373	
-4.5747109785	-1662.74030038	
-4.5781415136	-1662.74026308	
-4.58156032035	-1662.74022539	
-4.58496747867	-1662.74018732	
-4.58836306767	-1662.74014889	
-4.59174716566	-1662.74011008	
-4.59511985013	-1662.74007092	
-4.59848119784	-1662.7400314	
-4.60183128472	-1662.73999153	
-4.60517018599	-1662.73995132	
-4.60849797608	-1662.73991076	
-4.61181472871	-1662.73986987	
-4.61512051684	-1662.73982865	
-4.61841541274	-1662.7397871	
-4.62169948794	-1662.73974523	
-4.62497281328	-1662.73970305	
-4.62823545892	-1662.73966055	
-4.63148749431	-1662.73961775	
-4.63472898823	-1662.73957464	
-4.63796000881	-1662.73953124	
-4.64118062351	-1662.73948754	
-4.64439089914	-1662.73944355	
-4.64759090187	-1662.73939928	
-4.65078069724	-1662.73935473	
-4.65396035016	-1662.73930991	
-4.65712992492	-1662.73926481	
-4.66028948521	-1662.73921944	
-4.66343909411	-1662.73917381	
-4.66657881412	-1662.73912793	
-4.66970870713	-1662.73908178	
-4.67282883446	-1662.73903539	
-4.67593925688	-1662.73898875	
-4.67904003455	-1662.73894186	
-4.68213122712	-1662.73889474	
-4.68521289366	-1662.73884738	
-4.6882850927	-1662.73879979	
-4.69134788223	-1662.73875197	
-4.69440131972	-1662.73870393	
-4.6974454621	-1662.73865567	
-4.70048036579	-1662.73860719	
-4.70350608671	-1662.73855849	
-4.70652268025	-1662.73850959	
-4.70953020131	-1662.73846048	
-4.71252870431	-1662.73841117	
-4.71551824316	-1662.73836165	
-4.7184988713	-1662.73831195	
-4.72147064168	-1662.73826205	
-4.72443360681	-1662.73821196	
-4.72738781871	-1662.73816168	
-4.73033332894	-1662.73811122	
-4.73327018862	-1662.73806058	
-4.73619844839	-1662.73800977	
-4.7391181585	-1662.73795878	
-4.74202936871	-1662.73790762	
-4.74493212836	-1662.73785629	
-4.74782648639	-1662.7378048	
-4.75071249128	-1662.73775315	
-4.75359019111	-1662.73770134	
-4.75645963353	-1662.73764937	
-4.75932086582	-1662.73759726	
-4.7621739348	-1662.73754499	
-4.76501888693	-1662.73749257	
-4.76785576827	-1662.73744001	
-4.77068462447	-1662.73738731	
-4.77350550081	-1662.73733447	
-4.77631844218	-1662.7372815	
-4.77912349311	-1662.73722839	
-4.78192069773	-1662.73717515	
-4.78471009982	-1662.73712178	
-4.78749174278	-1662.73706828	
-4.79026566966	-1662.73701467	
-4.79303192316	-1662.73696093	
-4.7957905456	-1662.73690707	
-4.79854157897	-1662.7368531	
-4.80128506491	-1662.73679902	
-4.80402104473	-1662.73674482	
-4.80674955939	-1662.73669052	
-4.8094706495	-1662.73663611	
-4.81218435537	-1662.73658159	
-4.81489071697	-1662.73652697	
-4.81758977394	-1662.73647226	
-4.82028156561	-1662.73641744	
-4.82296613098	-1662.73636253	
-4.82564350875	-1662.73630753	
-4.8283137373	-1662.73625244	
-4.83097685472	-1662.73619726	
-4.83363289878	-1662.73614199	
-4.83628190695	-1662.73608664	
-4.83892391641	-1662.7360312	
-4.84155896405	-1662.73597568	
-4.84418708646	-1662.73592009	
-4.84680831994	-1662.73586442	
-4.84942270051	-1662.73580867	
-4.85203026392	-1662.73575285	
-4.85463104562	-1662.73569696	
-4.8572250808	-1662.735641	
-4.85981240436	-1662.73558498	
-4.86239305096	-1662.73552889	
-4.86496705495	-1662.73547273	
-4.86753445046	-1662.73541652	
-4.87009527132	-1662.73536024	
-4.87264955112	-1662.7353039	
-4.8751973232	-1662.73524751	
-4.87773862063	-1662.73519106	
-4.88027347623	-1662.73513456	
-4.88280192259	-1662.73507801	
-4.88532399202	-1662.73502141	
-4.88783971662	-1662.73496476	
-4.89034912822	-1662.73490807	
-4.89285225844	-1662.73485132	
-4.89534913864	-1662.73479454	
-4.89783979995	-1662.73473771	
-4.90032427328	-1662.73468084	
-4.90280258929	-1662.73462393	
-4.90527477844	-1662.73456699	
-4.90774087093	-1662.73451001	
-4.91020089677	-1662.73445299	
-4.91265488574	-1662.73439594	
-4.91510286737	-1662.73433886	
-4.91754487103	-1662.73428175	
-4.91998092583	-1662.73422461	
-4.92241106068	-1662.73416744	
-4.92483530429	-1662.73411025	
-4.92725368516	-1662.73405303	
-4.92966623156	-1662.73399578	
-4.93207297159	-1662.73393852	
-4.93447393313	-1662.73388123	
-4.93686914386	-1662.73382392	
-4.93925863125	-1662.7337666	
-4.94164242261	-1662.73370925	
-4.94402054501	-1662.73365189	
-4.94639302537	-1662.73359452	
-4.94875989038	-1662.73353713	
-4.95112116656	-1662.73347972	
-4.95347688026	-1662.73342231	
-4.9558270576	-1662.73336489	
-4.95817172456	-1662.73330745	
-4.96051090691	-1662.73325001	
-4.96284463026	-1662.73319256	
-4.96517292002	-1662.73313511	
-4.96749580144	-1662.73307764	
-4.96981329958	-1662.73302018	
-4.97212543933	-1662.73296271	
-4.97443224543	-1662.73290524	
-4.97673374242	-1662.73284777	
-4.97902995468	-1662.7327903	
-4.98132090643	-1662.73273283	
-4.98360662171	-1662.73267537	
-4.98588712441	-1662.7326179	
-4.98816243824	-1662.73256044	
-4.99043258678	-1662.73250299	
-4.99269759341	-1662.73244554	
-4.99495748138	-1662.73238809	
-4.99721227376	-1662.73233066	
-4.9994619935	-1662.73227323	
-5.00170666335	-1662.73221581	
-5.00394630595	-1662.73215841	
-5.00618094375	-1662.73210101	
-5.00841059907	-1662.73204363	
-5.0106352941	-1662.73198625	
-5.01285505083	-1662.7319289	
-5.01506989116	-1662.73187155	
-5.01727983681	-1662.73181422	
-5.01948490937	-1662.73175691	
-5.02168513028	-1662.73169962	
-5.02388052085	-1662.73164234	
-5.02607110223	-1662.73158508	
-5.02825689545	-1662.73152784	
-5.03043792139	-1662.73147062	
-5.03261420082	-1662.73141341	
-5.03478575433	-1662.73135623	
-5.03695260241	-1662.73129908	
-5.03911476542	-1662.73124194	
-5.04127226356	-1662.73118483	
-5.04342511692	-1662.73112774	
-5.04557334546	-1662.73107068	
-5.047716969	-1662.73101364	
-5.04985600725	-1662.73095663	
-5.05199047978	-1662.73089965	
-5.05412040604	-1662.73084269	
-5.05624580535	-1662.73078576	
-5.05836669692	-1662.73072886	
-5.06048309982	-1662.73067198	
-5.06259503303	-1662.73061514	
-5.06470251537	-1662.73055833	
-5.06680556556	-1662.73050155	
-5.06890420222	-1662.7304448	
-5.07099844382	-1662.73038808	
-5.07308830874	-1662.7303314	
-5.07517381523	-1662.73027474	
-5.07725498144	-1662.73021812	
-5.07933182538	-1662.73016154	
-5.08140436498	-1662.73010499	
-5.08347261805	-1662.73004848	
-5.08553660227	-1662.729992	
-5.08759633523	-1662.72993556	
-5.08965183441	-1662.72987915	
-5.09170311719	-1662.72982278	
-5.09375020081	-1662.72976645	
-5.09579310244	-1662.72971016	
-5.09783183913	-1662.72965391	
-5.09986642782	-1662.7295977	
-5.10189688537	-1662.72954152	
-5.10392322852	-1662.72948539	
-5.1059454739	-1662.7294293	
-5.10796363806	-1662.72937324	
-5.10997773743	-1662.72931723	
-5.11198778836	-1662.72926126	
-5.11399380708	-1662.72920534	
-5.11599580975	-1662.72914945	
-5.11799381242	-1662.72909361	
-5.11998783102	-1662.72903782	
-5.12197788143	-1662.72898206	
-5.1239639794	-1662.72892635	
-5.12594614061	-1662.72887069	
-5.12792438062	-1662.72881507	
-5.12989871492	-1662.7287595	
-5.13186915891	-1662.72870397	
-5.13383572788	-1662.72864849	
-5.13579843705	-1662.72859305	
-5.13775730154	-1662.72853767	
-5.13971233637	-1662.72848232	
-5.1416635565	-1662.72842703	
-5.14361097679	-1662.72837179	
-5.145554612	-1662.72831659	
-5.14749447681	-1662.72826144	
-5.14943058584	-1662.72820634	
-5.15136295359	-1662.72815129	
-5.1532915945	-1662.72809629	
-5.15521652291	-1662.72804134	
-5.15713775309	-1662.72798644	
-5.15905529921	-1662.72793159	
-5.1609691754	-1662.72787679	
-5.16287939565	-1662.72782204	
-5.16478597392	-1662.72776734	
-5.16668892407	-1662.7277127	
-5.16858825987	-1662.72765811	
-5.17048399504	-1662.72760356	
-5.17237614319	-1662.72754907	
-5.17426471788	-1662.72749464	
-5.17614973257	-1662.72744025	
-5.17803120067	-1662.72738592	
-5.1799091355	-1662.72733165	
-5.18178355029	-1662.72727742	
-5.18365445823	-1662.72722325	
-5.1855218724	-1662.72716914	
-5.18738580584	-1662.72711508	
-5.18924627149	-1662.72706107	
-5.19110328224	-1662.72700712	
-5.19295685089	-1662.72695322	
-5.19480699018	-1662.72689938	
-5.19665371277	-1662.7268456	
-5.19849703127	-1662.72679187	
-5.20033695819	-1662.72673819	
-5.202173506	-1662.72668457	
-5.20400668708	-1662.72663101	
-5.20583651375	-1662.7265775	
-5.20766299828	-1662.72652406	
-5.20948615284	-1662.72647066	
-5.21130598956	-1662.72641733	
-5.21312252048	-1662.72636405	
-5.21493575761	-1662.72631083	
-5.21674571285	-1662.72625767	
-5.21855239808	-1662.72620456	
-5.22035582508	-1662.72615151	
-5.22215600558	-1662.72609852	
-5.22395295126	-1662.72604559	
-5.22574667371	-1662.72599272	
-5.22753718449	-1662.7259399	
-5.22932449506	-1662.72588715	
-5.23110861685	-1662.72583445	
-5.23288956123	-1662.72578181	
-5.23466733947	-1662.72572923	
-5.23644196283	-1662.72567671	
-5.23821344248	-1662.72562425	
-5.23998178954	-1662.72557185	
-5.24174701506	-1662.72551951	
-5.24350913005	-1662.72546723	
-5.24526814546	-1662.72541501	
-5.24702407216	-1662.72536285	
-5.24877692099	-1662.72531074	
-5.25052670271	-1662.7252587	
-5.25227342805	-1662.72520672	
-5.25401710765	-1662.7251548	
-5.25575775213	-1662.72510294	
-5.25749537203	-1662.72505114	
-5.25922997784	-1662.7249994	
-5.26096158	-1662.72494772	
-5.2626901889	-1662.72489611	
-5.26441581487	-1662.72484455	
-5.26613846818	-1662.72479305	
-5.26785815906	-1662.72474162	
-5.26957489768	-1662.72469025	
-5.27128869416	-1662.72463894	
-5.27299955856	-1662.72458769	
-5.27470750091	-1662.7245365	
-5.27641253116	-1662.72448537	
-5.27811465923	-1662.72443431	
-5.27981389498	-1662.72438331	
-5.28151024823	-1662.72433236	
-5.28320372874	-1662.72428149	
-5.28489434622	-1662.72423067	
-5.28658211033	-1662.72417991	
-5.28826703069	-1662.72412922	
-5.28994911688	-1662.72407859	
-5.2916283784	-1662.72402802	
-5.29330482472	-1662.72397752	
-5.29497846528	-1662.72392707	
-5.29664930945	-1662.72387669	
-5.29831736655	-1662.72382637	
-5.29998264587	-1662.72377612	
-5.30164515664	-1662.72372592	
-5.30330490806	-1662.72367579	
-5.30496190927	-1662.72362572	
-5.30661616936	-1662.72357572	
-5.3082676974	-1662.72352577	
-5.30991650239	-1662.72347589	
-5.3115625933	-1662.72342608	
-5.31320597904	-1662.72337632	
-5.3148466685	-1662.72332663	
-5.3164846705	-1662.723277	
-5.31811999384	-1662.72322744	
-5.31975264727	-1662.72317794	
-5.32138263948	-1662.7231285	
-5.32300997914	-1662.72307912	
-5.32463467487	-1662.72302981	
-5.32625673524	-1662.72298056	
-5.32787616879	-1662.72293137	
-5.32949298402	-1662.72288224	
-5.33110718937	-1662.72283318	
-5.33271879327	-1662.72278419	
-5.33432780407	-1662.72273525	
-5.33593423012	-1662.72268638	
-5.3375380797	-1662.72263757	
-5.33913936107	-1662.72258883	
-5.34073808243	-1662.72254014	
-5.34233425196	-1662.72249153	
-5.3439278778	-1662.72244297	
-5.34551896803	-1662.72239448	
-5.34710753072	-1662.72234605	
-5.34869357387	-1662.72229769	
-5.35027710548	-1662.72224938	
-5.35185813348	-1662.72220114	
-5.35343666577	-1662.72215297	
-5.35501271022	-1662.72210486	
-5.35658627467	-1662.72205681	
-5.3581573669	-1662.72200882	
-5.35972599468	-1662.7219609	
-5.36129216571	-1662.72191304	
-5.36285588769	-1662.72186524	
-5.36441716825	-1662.72181751	
-5.36597601502	-1662.72176984	
-5.36753243557	-1662.72172224	
-5.36908643744	-1662.72167469	
-5.37063802813	-1662.72162721	
-5.37218721511	-1662.7215798	
-5.37373400583	-1662.72153244	
-5.37527840768	-1662.72148515	
-5.37682042804	-1662.72143792	
-5.37836007422	-1662.72139076	
-5.37989735354	-1662.72134366	
-5.38143227326	-1662.72129662	
-5.38296484061	-1662.72124965	
-5.38449506279	-1662.72120273	
-5.38602294697	-1662.72115588	
-5.38754850028	-1662.7211091	
-5.38907172982	-1662.72106238	
-5.39059264266	-1662.72101572	
-5.39211124583	-1662.72096912	
-5.39362754635	-1662.72092258	
-5.39514155118	-1662.72087611	
-5.39665326727	-1662.7208297	
-5.39816270152	-1662.72078336	
-5.39966986081	-1662.72073707	
-5.40117475199	-1662.72069085	
-5.40267738187	-1662.7206447	
-5.40417775725	-1662.7205986	
-5.40567588487	-1662.72055257	
-5.40717177146	-1662.7205066	
-5.40866542372	-1662.72046069	
-5.4101568483	-1662.72041484	
-5.41164605186	-1662.72036906	
-5.41313304098	-1662.72032334	
-5.41461782224	-1662.72027768	
-5.4161004022	-1662.72023209	
-5.41758078737	-1662.72018656	
-5.41905898424	-1662.72014108	
-5.42053499927	-1662.72009568	
-5.42200883889	-1662.72005033	
-5.4234805095	-1662.72000505	
-5.42495001748	-1662.71995982	
-5.42641736918	-1662.71991466	
-5.4278825709	-1662.71986956	
-5.42934562895	-1662.71982453	
-5.43080654959	-1662.71977955	
-5.43226533906	-1662.71973464	
-5.43372200355	-1662.71968979	
-5.43517654927	-1662.719645	
-5.43662898235	-1662.71960027	
-5.43807930892	-1662.71955561	
-5.4395275351	-1662.719511	
-5.44097366695	-1662.71946646	
-5.44241771052	-1662.71942198	
-5.44385967184	-1662.71937756	
-5.4452995569	-1662.7193332	
-5.44673737167	-1662.71928891	
-5.44817312209	-1662.71924467	
-5.44960681409	-1662.7192005	
-5.45103845357	-1662.71915638	
-5.45246804638	-1662.71911233	
-5.45389559837	-1662.71906834	
-5.45532111536	-1662.71902441	
-5.45674460314	-1662.71898054	
-5.45816606749	-1662.71893673	
-5.45958551414	-1662.71889299	
-5.46100294883	-1662.7188493	
-5.46241837723	-1662.71880567	
-5.46383180503	-1662.71876211	
-5.46524323786	-1662.7187186	
-5.46665268137	-1662.71867516	
-5.46806014114	-1662.71863178	
-5.46946562274	-1662.71858845	
-5.47086913175	-1662.71854519	
-5.47227067367	-1662.71850199	
-5.47367025403	-1662.71845885	
-5.47506787829	-1662.71841576	
-5.47646355193	-1662.71837274	
-5.47785728038	-1662.71832978	
-5.47924906905	-1662.71828688	
-5.48063892334	-1662.71824404	
-5.48202684862	-1662.71820125	
-5.48341285022	-1662.71815853	
-5.48479693349	-1662.71811587	
-5.48617910372	-1662.71807326	
-5.48755936619	-1662.71803072	
-5.48893772616	-1662.71798824	
-5.49031418887	-1662.71794581	
-5.49168875953	-1662.71790345	
-5.49306144334	-1662.71786114	
-5.49443224547	-1662.71781889	
-5.49580117108	-1662.71777671	
-5.49716822529	-1662.71773458	
-5.49853341322	-1662.71769251	
-5.49989673995	-1662.7176505	
-5.50125821054	-1662.71760855	
-5.50261783006	-1662.71756666	
-5.50397560352	-1662.71752482	
-5.50533153593	-1662.71748305	
-5.50668563228	-1662.71744133	
-5.50803789753	-1662.71739967	
-5.50938833663	-1662.71735807	
-5.5107369545	-1662.71731653	
-5.51208375605	-1662.71727505	
-5.51342874616	-1662.71723362	
-5.51477192971	-1662.71719226	
-5.51611331154	-1662.71715095	
-5.51745289646	-1662.7171097	
-5.51879068931	-1662.71706851	
-5.52012669485	-1662.71702737	
-5.52146091786	-1662.71698629	
-5.5227933631	-1662.71694528	
-5.52412403528	-1662.71690431	
-5.52545293913	-1662.71686341	
-5.52678007934	-1662.71682256	
-5.52810546058	-1662.71678178	
-5.52942908751	-1662.71674104	
-5.53075096477	-1662.71670037	
-5.53207109697	-1662.71665975	
-5.53338948873	-1662.71661919	
-5.53470614461	-1662.71657869	
-5.53602106919	-1662.71653825	
-5.53733426702	-1662.71649786	
-5.53864574262	-1662.71645752	
-5.5399555005	-1662.71641725	
-5.54126354516	-1662.71637703	
-5.54256988107	-1662.71633687	
-5.5438745127	-1662.71629676	
-5.54517744448	-1662.71625672	
-5.54647868084	-1662.71621672	
-5.54777822618	-1662.71617679	
-5.5490760849	-1662.71613691	
-5.55037226136	-1662.71609708	
-5.55166675992	-1662.71605732	
-5.55295958492	-1662.7160176	
-5.55425074069	-1662.71597795	
-5.55554023152	-1662.71593835	
-5.5568280617	-1662.7158988	
-5.55811423551	-1662.71585932	
-5.5593987572	-1662.71581988	
-5.56068163102	-1662.71578051	
-5.56196286117	-1662.71574118	
-5.56324245188	-1662.71570192	
-5.56452040732	-1662.71566271	
-5.56579673168	-1662.71562355	
-5.56707142911	-1662.71558445	
-5.56834450376	-1662.7155454	
-5.56961595975	-1662.71550641	
-5.57088580119	-1662.71546748	
-5.57215403218	-1662.7154286	
-5.57342065679	-1662.71538977	
-5.5746856791	-1662.715351	
-5.57594910315	-1662.71531228	
-5.57721093297	-1662.71527362	
-5.57847117258	-1662.71523501	
-5.57972982599	-1662.71519645	
-5.58098689718	-1662.71515795	
-5.58224239012	-1662.71511951	
-5.58349630878	-1662.71508112	
-5.5847486571	-1662.71504278	
-5.585999439	-1662.7150045	
-5.5872486584	-1662.71496627	
-5.5884963192	-1662.71492809	
-5.58974242528	-1662.71488997	
-5.59098698051	-1662.7148519	
-5.59222998875	-1662.71481389	
-5.59347145384	-1662.71477592	
-5.5947113796	-1662.71473802	
-5.59594976985	-1662.71470016	
-5.59718662839	-1662.71466236	
-5.598421959	-1662.71462461	
-5.59965576545	-1662.71458691	
-5.60088805149	-1662.71454927	
-5.60211882088	-1662.71451168	
-5.60334807733	-1662.71447415	
-5.60457582457	-1662.71443666	
-5.6058020663	-1662.71439923	
-5.60702680619	-1662.71436185	
-5.60825004793	-1662.71432452	
-5.60947179518	-1662.71428725	
-5.61069205159	-1662.71425003	
-5.61191082078	-1662.71421286	
-5.61312810639	-1662.71417574	
-5.61434391201	-1662.71413868	
-5.61555824124	-1662.71410166	
-5.61677109767	-1662.7140647	
-5.61798248485	-1662.71402779	
-5.61919240636	-1662.71399093	
-5.62040086572	-1662.71395413	
-5.62160786647	-1662.71391737	
-5.62281341212	-1662.71388067	
-5.62401750619	-1662.71384402	
-5.62522015215	-1662.71380742	
-5.6264213535	-1662.71377087	
-5.62762111369	-1662.71373437	
-5.62881943618	-1662.71369793	
-5.63001632442	-1662.71366153	
-5.63121178182	-1662.71362518	
-5.63240581181	-1662.71358889	
-5.6335984178	-1662.71355265	
-5.63478960317	-1662.71351646	
-5.6359793713	-1662.71348031	
-5.63716772557	-1662.71344422	
-5.63835466933	-1662.71340818	
-5.63954020593	-1662.71337219	
-5.64072433869	-1662.71333625	
-5.64190707094	-1662.71330036	
-5.64308840598	-1662.71326452	
-5.64426834712	-1662.71322873	
-5.64544689764	-1662.71319299	
-5.64662406082	-1662.7131573	
-5.64779983991	-1662.71312166	
-5.64897423816	-1662.71308607	
-5.65014725882	-1662.71305053	
-5.65131890512	-1662.71301504	
-5.65248918027	-1662.7129796	
-5.65365808747	-1662.71294421	
-5.65482562993	-1662.71290886	
-5.65599181082	-1662.71287357	
-5.65715663332	-1662.71283833	
-5.65832010058	-1662.71280313	
-5.65948221576	-1662.71276798	
-5.660642982	-1662.71273289	
-5.66180240242	-1662.71269784	
-5.66296048014	-1662.71266284	
-5.66411721826	-1662.71262789	
-5.66527261989	-1662.71259298	
-5.66642668811	-1662.71255813	
-5.66757942599	-1662.71252333	
-5.6687308366	-1662.71248857	
-5.66988092298	-1662.71245386	
-5.67102968818	-1662.7124192	
-5.67217713524	-1662.71238459	
-5.67332326717	-1662.71235002	
-5.67446808699	-1662.7123155	
-5.67561159769	-1662.71228104	
-5.67675380227	-1662.71224662	
-5.6778947037	-1662.71221224	
-5.67903430497	-1662.71217792	
-5.68017260902	-1662.71214364	
-5.6813096188	-1662.71210941	
-5.68244533727	-1662.71207523	
-5.68357976734	-1662.71204109	
-5.68471291194	-1662.712007	
-5.68584477397	-1662.71197296	
-5.68697535634	-1662.71193897	
-5.68810466194	-1662.71190502	
-5.68923269364	-1662.71187112	
-5.69035945432	-1662.71183727	
-5.69148494685	-1662.71180346	
-5.69260917406	-1662.7117697	
-5.6937321388	-1662.71173599	
-5.69485384391	-1662.71170232	
-5.69597429221	-1662.7116687	
-5.69709348651	-1662.71163513	
-5.69821142961	-1662.7116016	
-5.69932812431	-1662.71156812	
-5.70044357339	-1662.71153468	
-5.70155777963	-1662.71150129	
-5.7026707458	-1662.71146795	
-5.70378247466	-1662.71143465	
-5.70489296894	-1662.7114014	
-5.70600223139	-1662.7113682	
-5.70711026475	-1662.71133504	
-5.70821707172	-1662.71130192	
-5.70932265503	-1662.71126885	
-5.71042701737	-1662.71123583	
-5.71153016145	-1662.71120285	
-5.71263208993	-1662.71116992	
-5.71373280551	-1662.71113703	
-5.71483231084	-1662.71110419	
-5.71593060859	-1662.7110714	
-5.71702770141	-1662.71103864	
-5.71812359193	-1662.71100594	
-5.71921828279	-1662.71097327	
-5.72031177661	-1662.71094066	
-5.72140407601	-1662.71090808	
-5.72249518359	-1662.71087556	
-5.72358510195	-1662.71084307	
-5.72467383369	-1662.71081063	
-5.72576138137	-1662.71077824	
-5.72684774759	-1662.71074589	
-5.72793293489	-1662.71071358	
-5.72901694583	-1662.71068132	
-5.73009978297	-1662.7106491	
-5.73118144884	-1662.71061693	
-5.73226194598	-1662.7105848	
-5.7333412769	-1662.71055271	
-5.73441944412	-1662.71052067	
-5.73549645015	-1662.71048867	
-5.73657229748	-1662.71045672	
-5.73764698861	-1662.71042481	
-5.73872052602	-1662.71039294	
-5.73979291218	-1662.71036111	
-5.74086414956	-1662.71032933	
-5.74193424062	-1662.71029759	
-5.74300318781	-1662.7102659	
-5.74407099357	-1662.71023425	
-5.74513766034	-1662.71020264	
-5.74620319054	-1662.71017107	
-5.7472675866	-1662.71013955	
-5.74833085092	-1662.71010807	
-5.74939298591	-1662.71007663	
-5.75045399397	-1662.71004524	
-5.75151387748	-1662.71001389	
-5.75257263883	-1662.70998258	
-5.75363028038	-1662.70995131	
-5.75468680452	-1662.70992009	
-5.75574221359	-1662.70988891	
-5.75679650994	-1662.70985777	
-5.75784969593	-1662.70982667	
-5.75890177388	-1662.70979561	
-5.75995274612	-1662.7097646	
-5.76100261499	-1662.70973363	
-5.76205138278	-1662.7097027	
-5.76309905181	-1662.70967181	
-5.76414562438	-1662.70964096	
-5.76519110278	-1662.70961016	
-5.7662354893	-1662.70957939	
-5.76727878622	-1662.70954867	
-5.76832099579	-1662.70951799	
-5.7693621203	-1662.70948735	
-5.770402162	-1662.70945676	
-5.77144112313	-1662.7094262	
-5.77247900594	-1662.70939568	
-5.77351581267	-1662.70936521	
-5.77455154554	-1662.70933478	
-5.77558620679	-1662.70930438	
-5.77661979861	-1662.70927403	
-5.77765232322	-1662.70924372	
-5.77868378283	-1662.70921345	
-5.77971417962	-1662.70918322	
-5.78074351579	-1662.70915304	
-5.78177179352	-1662.70912289	
-5.78279901497	-1662.70909278	
-5.78382518233	-1662.70906271	
-5.78485029774	-1662.70903269	
-5.78587436337	-1662.7090027	
-5.78689738137	-1662.70897275	
-5.78791935386	-1662.70894285	
-5.788940283	-1662.70891298	
-5.7899601709	-1662.70888315	
-5.79097901969	-1662.70885337	
-5.79199683148	-1662.70882362	
-5.79301360838	-1662.70879391	
-5.7940293525	-1662.70876424	
-5.79504406593	-1662.70873462	
-5.79605775077	-1662.70870503	
-5.79707040908	-1662.70867548	
-5.79808204295	-1662.70864597	
-5.79909265446	-1662.7086165	
-5.80010224566	-1662.70858707	
-5.80111081862	-1662.70855768	
-5.80211837538	-1662.70852832	
-5.80312491799	-1662.70849901	
-5.80413044849	-1662.70846974	
-5.80513496892	-1662.7084405	
-5.80613848129	-1662.7084113	
-5.80714098764	-1662.70838215	
-5.80814248998	-1662.70835303	
-5.80914299031	-1662.70832395	
