#Site	lnL	
0	-2.33849165603
1	-2.02065262308
2	-11.8694574407
3	-2.33849165603
4	-2.02065262308
5	-17.4705356293
6	-2.07060710613
7	-2.51007851765
8	-14.5200028494
9	-2.0476933308
10	-2.02065262308
11	-2.56428177269
12	-9.70791402527
13	-2.02065262308
14	-6.32203338762
15	-2.07060710613
16	-2.00652049418
17	-8.71444059944
18	-2.33849165603
19	-2.02065262308
20	-3.12219862448
21	-2.0476933308
22	-2.00652049418
23	-6.85002174654
24	-2.0476933308
25	-2.27636409395
26	-7.17222464729
27	-2.07060710613
28	-2.00652049418
29	-5.33239014537
30	-2.07060710613
31	-2.27636409395
32	-10.0046739141
33	-2.57290593815
34	-9.96123900001
35	-6.92721801861
36	-2.07060710613
37	-2.00652049418
38	-5.27566898181
39	-2.0476933308
40	-8.44575852626
41	-11.1772153049
42	-2.57290593815
43	-2.27636409395
44	-8.60587538553
45	-2.57290593815
46	-2.00652049418
47	-7.32239673392
48	-6.13959216966
49	-2.00652049418
50	-3.12219862448
51	-2.0476933308
52	-6.81970729799
53	-7.48434494986
54	-2.57290593815
55	-2.02065262308
56	-5.27566898181
57	-2.07060710613
58	-2.02065262308
59	-2.56428177269
60	-2.07060710613
61	-2.02065262308
62	-9.39104976248
63	-2.0476933308
64	-2.00652049418
65	-2.56428177269
66	-2.07060710613
67	-2.02065262308
68	-3.37067781544
69	-2.57290593815
70	-2.27636409395
71	-3.12219862448
72	-2.0476933308
73	-2.27636409395
74	-14.5226783314
75	-2.33849165603
76	-2.00652049418
77	-7.48434494986
78	-2.07060710613
79	-2.27636409395
80	-3.37067781544
81	-2.33849165603
82	-2.51007851765
83	-13.599375388
84	-2.0476933308
85	-2.27636409395
86	-2.56428177269
87	-2.33849165603
88	-6.8323886183
89	-20.0590519507
90	-2.0476933308
91	-2.51007851765
92	-8.67996199925
93	-2.0476933308
94	-2.27636409395
95	-6.74740810959
96	-2.0476933308
97	-2.27636409395
98	-5.04982870329
99	-2.57290593815
100	-2.00652049418
101	-14.7390371695
102	-2.0476933308
103	-2.02065262308
104	-3.12219862448
105	-2.07060710613
106	-2.27636409395
107	-9.09851299282
108	-2.57290593815
109	-2.51007851765
110	-2.56428177269
111	-2.33849165603
112	-2.00652049418
113	-9.04826328243
114	-2.07060710613
115	-2.02065262308
116	-20.5201408145
117	-2.07060710613
118	-11.2055270837
119	-2.69635037363
120	-6.35123572484
121	-2.00652049418
122	-7.28210150445
123	-2.57290593815
124	-2.27636409395
125	-2.69635037363
126	-2.57290593815
127	-2.02065262308
128	-8.36128131711
129	-2.07060710613
130	-2.00652049418
131	-3.12219862448
132	-2.0476933308
133	-2.51007851765
134	-8.67996199925
135	-2.0476933308
136	-2.27636409395
137	-8.67386073057
138	-2.0476933308
139	-2.00652049418
140	-13.3471652072
141	-2.0476933308
142	-2.02065262308
143	-10.7890669796
144	-2.0476933308
145	-2.51007851765
146	-5.09834234273
147	-2.07060710613
148	-2.00652049418
149	-10.8746505958
150	-2.0476933308
151	-2.51007851765
152	-3.12219862448
153	-2.33849165603
154	-2.51007851765
155	-9.95254966081
156	-2.07060710613
157	-2.51007851765
158	-7.36804135778
159	-2.0476933308
160	-2.02065262308
161	-6.92028428463
162	-6.3384847436
163	-2.51007851765
164	-2.56428177269
165	-2.0476933308
166	-2.27636409395
167	-11.8595125829
168	-2.07060710613
169	-2.27636409395
170	-10.1103467665
171	-2.07060710613
172	-2.02065262308
173	-3.37067781544
174	-2.07060710613
175	-2.27636409395
176	-15.9891046253
177	-2.57290593815
178	-2.51007851765
179	-7.66327907678
180	-2.33849165603
181	-2.27636409395
182	-2.56428177269
183	-2.0476933308
184	-2.27636409395
185	-2.56428177269
186	-2.07060710613
187	-2.51007851765
188	-6.92721801861
189	-2.57290593815
190	-2.00652049418
191	-5.27566898181
192	-2.33849165603
193	-2.00652049418
194	-20.869055805
195	-6.13959216966
196	-2.27636409395
197	-3.12219862448
198	-2.0476933308
199	-2.00652049418
200	-2.56428177269
201	-2.07060710613
202	-6.62762217984
203	-3.12219862448
204	-2.07060710613
205	-2.00652049418
206	-5.29077612325
207	-2.0476933308
208	-2.00652049418
209	-7.66327907678
210	-2.33849165603
211	-2.00652049418
212	-5.09834234273
213	-2.33849165603
214	-2.27636409395
215	-12.9089514847
216	-2.57290593815
217	-2.27636409395
218	-11.3295186437
219	-2.07060710613
220	-2.00652049418
221	-3.12219862448
222	-2.07060710613
223	-2.00652049418
224	-7.30681962194
225	-2.57290593815
226	-2.02065262308
227	-2.69635037363
228	-2.07060710613
229	-2.00652049418
230	-7.81513376988
231	-2.33849165603
232	-2.00652049418
233	-3.37067781544
234	-7.9712726943
235	-2.02065262308
236	-7.09996181889
237	-2.57290593815
238	-2.02065262308
239	-5.33345890243
240	-2.57290593815
241	-2.02065262308
242	-7.63505143484
243	-2.07060710613
244	-2.02065262308
245	-11.7157466328
246	-2.57290593815
247	-2.00652049418
248	-2.69635037363
249	-6.58358829761
250	-2.51007851765
251	-7.48434494986
252	-2.33849165603
253	-2.51007851765
254	-7.81513376988
255	-6.35512516396
256	-2.27636409395
257	-5.09834234273
258	-2.07060710613
259	-2.51007851765
260	-5.26360400429
261	-2.0476933308
262	-2.02065262308
263	-10.4754575029
264	-2.07060710613
265	-2.02065262308
266	-9.51092389218
267	-8.40296747186
268	-2.27636409395
269	-7.75305457729
270	-2.33849165603
271	-2.51007851765
272	-6.84047667429
273	-2.0476933308
274	-2.02065262308
275	-12.8237564675
276	-2.0476933308
277	-2.27636409395
278	-9.74496840513
279	-2.57290593815
280	-2.02065262308
281	-2.69635037363
282	-2.0476933308
283	-2.27636409395
284	-2.56428177269
285	-2.0476933308
286	-2.51007851765
287	-5.04982870329
288	-2.0476933308
289	-2.27636409395
290	-5.09834234273
291	-2.0476933308
292	-6.86112705725
293	-10.0568268143
294	-2.57290593815
295	-2.02065262308
296	-5.33239014537
297	-2.33849165603
298	-2.02065262308
299	-13.8401702282
300	-2.07060710613
301	-2.51007851765
302	-2.69635037363
303	-2.33849165603
304	-2.00652049418
305	-10.053332054
306	-2.07060710613
307	-2.02065262308
308	-7.02827484754
309	-2.0476933308
310	-2.02065262308
311	-2.56428177269
312	-2.07060710613
313	-2.00652049418
314	-8.8074011807
315	-2.33849165603
316	-6.6126747476
317	-17.6224340272
318	-2.33849165603
319	-2.02065262308
320	-13.1422318873
321	-2.07060710613
322	-2.00652049418
323	-3.37067781544
324	-2.57290593815
325	-2.02065262308
326	-15.1955930177
327	-2.0476933308
328	-2.27636409395
329	-13.6905210296
330	-2.0476933308
331	-2.51007851765
332	-10.2390157052
333	-2.0476933308
334	-2.02065262308
335	-12.4142125356
336	-8.92008447195
337	-2.51007851765
338	-11.8857008023
339	-2.07060710613
340	-2.51007851765
341	-14.0382209681
342	-2.07060710613
343	-2.02065262308
344	-7.78531311667
345	-6.13959216966
346	-2.02065262308
347	-9.06102831951
348	-2.57290593815
349	-2.02065262308
350	-2.56428177269
351	-2.07060710613
352	-2.00652049418
353	-7.36234252221
354	-2.57290593815
355	-2.00652049418
356	-7.44616167415
357	-2.57290593815
358	-2.27636409395
359	-13.3132730564
360	-2.57290593815
361	-2.27636409395
362	-7.28210150445
363	-2.33849165603
364	-2.27636409395
365	-9.08301312342
366	-2.07060710613
367	-8.75214225858
368	-5.16662433154
369	-2.0476933308
370	-2.00652049418
371	-5.09834234273
372	-7.69380763013
373	-2.51007851765
374	-4.93888692209
375	-2.07060710613
376	-2.02065262308
377	-2.69635037363
378	-2.07060710613
379	-2.02065262308
380	-12.4155440161
381	-2.07060710613
382	-2.00652049418
383	-9.93426214413
384	-2.0476933308
385	-2.02065262308
386	-3.37067781544
387	-2.57290593815
388	-2.02065262308
389	-11.4262182229
390	-2.33849165603
391	-2.00652049418
392	-2.56428177269
393	-2.07060710613
394	-2.00652049418
395	-7.17222550296
396	-2.07060710613
397	-2.51007851765
398	-6.94284190051
399	-2.33849165603
400	-2.02065262308
401	-7.53478568542
402	-6.58309362775
403	-8.86686317181
404	-8.60881675286
405	-6.13959216966
406	-2.02065262308
407	-7.30681962194
408	-6.16483679725
409	-2.00652049418
410	-9.06102832238
411	-2.0476933308
412	-2.27636409395
413	-12.016889454
414	-2.0476933308
415	-2.02065262308
416	-6.94284190051
417	-2.0476933308
418	-2.00652049418
419	-11.8958363687
420	-2.0476933308
421	-2.51007851765
422	-6.81787151406
423	-2.33849165603
424	-2.00652049418
425	-2.69635037363
426	-2.0476933308
427	-2.02065262308
428	-5.04982870329
429	-2.33849165603
430	-2.00652049418
431	-14.6821317384
432	-2.07060710613
433	-2.02065262308
434	-2.69635037363
435	-2.33849165603
436	-2.51007851765
437	-13.9562826847
438	-2.57290593815
439	-2.00652049418
440	-5.27566898181
441	-2.33849165603
442	-2.02065262308
443	-5.29077612325
444	-2.0476933308
445	-2.00652049418
446	-9.33390700178
447	-2.33849165603
448	-2.02065262308
449	-6.92028428463
450	-8.23373764427
451	-2.02065262308
452	-9.16914690874
453	-8.18144114701
454	-2.02065262308
455	-11.1386416723
456	-2.07060710613
457	-2.00652049418
458	-7.60933083486
459	-2.33849165603
460	-2.27636409395
461	-12.2729205933
462	-6.3384847436
463	-2.02065262308
464	-11.6938431632
465	-2.07060710613
466	-6.62762217984
467	-13.3500987613
468	-2.07060710613
469	-2.27636409395
470	-8.37480112167
471	-2.57290593815
472	-2.27636409395
473	-4.93888692209
474	-2.0476933308
475	-2.00652049418
476	-2.69635037363
477	-2.57290593815
478	-2.00652049418
479	-5.47811716203
480	-11.4795163794
481	-2.02065262308
482	-6.92028428463
483	-2.33849165603
484	-2.27636409395
485	-2.56428177269
486	-10.5832578654
487	-2.00652049418
488	-9.14314592593
