#Site	lnL	
0	-4.73218991215
1	-4.36537675626
2	-11.9308152469
3	-4.73218991215
4	-4.36537675626
5	-17.2880335693
6	-4.42510598128
7	-4.83306789418
8	-14.1646028727
9	-4.44325626315
10	-4.36537675626
11	-6.58029171069
12	-11.9080635062
13	-4.36537675626
14	-8.96275875655
15	-4.42510598128
16	-4.39128520739
17	-11.089396686
18	-4.73218991215
19	-4.36537675626
20	-7.91102989574
21	-4.44325626315
22	-4.39128520739
23	-9.63617021455
24	-4.44325626315
25	-4.65606306928
26	-8.31270973413
27	-4.42510598128
28	-4.39128520739
29	-9.29559713543
30	-4.42510598128
31	-4.65606306928
32	-11.3101905223
33	-4.90767032298
34	-13.7067689716
35	-9.86471877159
36	-4.42510598128
37	-4.39128520739
38	-8.42868329759
39	-4.44325626315
40	-11.2451620281
41	-11.8666399076
42	-4.90767032298
43	-4.65606306928
44	-10.8873831392
45	-4.90767032298
46	-4.39128520739
47	-10.7335185534
48	-8.95544366211
49	-4.39128520739
50	-7.91102989574
51	-4.44325626315
52	-9.33753970676
53	-9.64516971584
54	-4.90767032298
55	-4.36537675626
56	-8.42868329759
57	-4.42510598128
58	-4.36537675626
59	-6.58029171069
60	-4.42510598128
61	-4.36537675626
62	-12.355585116
63	-4.44325626315
64	-4.39128520739
65	-6.58029171069
66	-4.42510598128
67	-4.36537675626
68	-8.09161432195
69	-4.90767032298
70	-4.65606306928
71	-7.91102989574
72	-4.44325626315
73	-4.65606306928
74	-14.1945167813
75	-4.73218991215
76	-4.39128520739
77	-9.64516971584
78	-4.42510598128
79	-4.65606306928
80	-8.09161432195
81	-4.73218991215
82	-4.83306789418
83	-13.5308156026
84	-4.44325626315
85	-4.65606306928
86	-6.58029171069
87	-4.73218991215
88	-9.7272663778
89	-18.7192337875
90	-4.44325626315
91	-4.83306789418
92	-10.2650494103
93	-4.44325626315
94	-4.65606306928
95	-9.70674730402
96	-4.44325626315
97	-4.65606306928
98	-7.95296956708
99	-4.90767032298
100	-4.39128520739
101	-14.3498011362
102	-4.44325626315
103	-4.36537675626
104	-7.91102989574
105	-4.42510598128
106	-4.65606306928
107	-10.9850575085
108	-4.90767032298
109	-4.83306789418
110	-6.58029171069
111	-4.73218991215
112	-4.39128520739
113	-10.4340049366
114	-4.42510598128
115	-4.36537675626
116	-17.2659450572
117	-4.42510598128
118	-14.1089746398
119	-6.84933448232
120	-9.15378963107
121	-4.39128520739
122	-8.83576364114
123	-4.90767032298
124	-4.65606306928
125	-6.84933448232
126	-4.90767032298
127	-4.36537675626
128	-9.93219039663
129	-4.42510598128
130	-4.39128520739
131	-7.91102989574
132	-4.44325626315
133	-4.83306789418
134	-10.2650494103
135	-4.44325626315
136	-4.65606306928
137	-10.6488926016
138	-4.44325626315
139	-4.39128520739
140	-14.3239229652
141	-4.44325626315
142	-4.36537675626
143	-11.4484984418
144	-4.44325626315
145	-4.83306789418
146	-8.74451720562
147	-4.42510598128
148	-4.39128520739
149	-11.4362591263
150	-4.44325626315
151	-4.83306789418
152	-7.91102989574
153	-4.73218991215
154	-4.83306789418
155	-11.4653194681
156	-4.42510598128
157	-4.83306789418
158	-9.27437356209
159	-4.44325626315
160	-4.36537675626
161	-9.30713665377
162	-8.76503629241
163	-4.83306789418
164	-6.58029171069
165	-4.44325626315
166	-4.65606306928
167	-12.328089938
168	-4.42510598128
169	-4.65606306928
170	-11.3457506539
171	-4.42510598128
172	-4.36537675626
173	-8.09161432195
174	-4.42510598128
175	-4.65606306928
176	-16.0902712045
177	-4.90767032298
178	-4.83306789418
179	-10.1316797443
180	-4.73218991215
181	-4.65606306928
182	-6.58029171069
183	-4.44325626315
184	-4.65606306928
185	-6.58029171069
186	-4.42510598128
187	-4.83306789418
188	-9.86471877159
189	-4.90767032298
190	-4.39128520739
191	-8.42868329759
192	-4.73218991215
193	-4.39128520739
194	-18.8784011883
195	-8.95544366211
196	-4.65606306928
197	-7.91102989574
198	-4.44325626315
199	-4.39128520739
200	-6.58029171069
201	-4.42510598128
202	-9.54170981814
203	-7.91102989574
204	-4.42510598128
205	-4.39128520739
206	-8.05172495307
207	-4.44325626315
208	-4.39128520739
209	-10.1316797443
210	-4.73218991215
211	-4.39128520739
212	-8.74451720562
213	-4.73218991215
214	-4.65606306928
215	-14.243287956
216	-4.90767032298
217	-4.65606306928
218	-11.5187050143
219	-4.42510598128
220	-4.39128520739
221	-7.91102989574
222	-4.42510598128
223	-4.39128520739
224	-9.07444295232
225	-4.90767032298
226	-4.36537675626
227	-6.84933448232
228	-4.42510598128
229	-4.39128520739
230	-9.50215551892
231	-4.73218991215
232	-4.39128520739
233	-8.09161432195
234	-10.6821370084
235	-4.36537675626
236	-9.15176383484
237	-4.90767032298
238	-4.36537675626
239	-8.96933421718
240	-4.90767032298
241	-4.36537675626
242	-9.39525732679
243	-4.42510598128
244	-4.36537675626
245	-11.0312433064
246	-4.90767032298
247	-4.39128520739
248	-6.84933448232
249	-10.4296667935
250	-4.83306789418
251	-9.64516971584
252	-4.73218991215
253	-4.83306789418
254	-9.50215551892
255	-8.78740643101
256	-4.65606306928
257	-8.74451720562
258	-4.42510598128
259	-4.83306789418
260	-8.50115866946
261	-4.44325626315
262	-4.36537675626
263	-12.3755429867
264	-4.42510598128
265	-4.36537675626
266	-11.7271192288
267	-10.9085290939
268	-4.65606306928
269	-10.201034251
270	-4.73218991215
271	-4.83306789418
272	-9.39544524764
273	-4.44325626315
274	-4.36537675626
275	-13.014392334
276	-4.44325626315
277	-4.65606306928
278	-12.2750570603
279	-4.90767032298
280	-4.36537675626
281	-6.84933448232
282	-4.44325626315
283	-4.65606306928
284	-6.58029171069
285	-4.44325626315
286	-4.83306789418
287	-7.95296956708
288	-4.44325626315
289	-4.65606306928
290	-8.74451720562
291	-4.44325626315
292	-10.8491176022
293	-12.1975729039
294	-4.90767032298
295	-4.36537675626
296	-9.29559713543
297	-4.73218991215
298	-4.36537675626
299	-13.9438059982
300	-4.42510598128
301	-4.83306789418
302	-6.84933448232
303	-4.73218991215
304	-4.39128520739
305	-12.475231303
306	-4.42510598128
307	-4.36537675626
308	-9.54550093023
309	-4.44325626315
310	-4.36537675626
311	-6.58029171069
312	-4.42510598128
313	-4.39128520739
314	-10.3351759721
315	-4.73218991215
316	-9.52178263854
317	-17.220299786
318	-4.73218991215
319	-4.36537675626
320	-14.222480482
321	-4.42510598128
322	-4.39128520739
323	-8.09161432195
324	-4.90767032298
325	-4.36537675626
326	-15.1140836226
327	-4.44325626315
328	-4.65606306928
329	-14.1970431153
330	-4.44325626315
331	-4.83306789418
332	-11.9430148604
333	-4.44325626315
334	-4.36537675626
335	-13.6873738893
336	-11.1201661675
337	-4.83306789418
338	-12.1273335171
339	-4.42510598128
340	-4.83306789418
341	-13.9994911458
342	-4.42510598128
343	-4.36537675626
344	-9.18364854583
345	-8.95544366211
346	-4.36537675626
347	-11.2974845037
348	-4.90767032298
349	-4.36537675626
350	-6.58029171069
351	-4.42510598128
352	-4.39128520739
353	-10.142496676
354	-4.90767032298
355	-4.39128520739
356	-9.05384593089
357	-4.90767032298
358	-4.65606306928
359	-13.4937402882
360	-4.90767032298
361	-4.65606306928
362	-8.83576364114
363	-4.73218991215
364	-4.65606306928
365	-10.5645509565
366	-4.42510598128
367	-10.8532251689
368	-8.46493149529
369	-4.44325626315
370	-4.39128520739
371	-8.74451720562
372	-9.98593742481
373	-4.83306789418
374	-8.01865878483
375	-4.42510598128
376	-4.36537675626
377	-6.84933448232
378	-4.42510598128
379	-4.36537675626
380	-13.2542939862
381	-4.42510598128
382	-4.39128520739
383	-12.1782915517
384	-4.44325626315
385	-4.36537675626
386	-8.09161432195
387	-4.90767032298
388	-4.36537675626
389	-11.3817408036
390	-4.73218991215
391	-4.39128520739
392	-6.58029171069
393	-4.42510598128
394	-4.39128520739
395	-9.31123225761
396	-4.42510598128
397	-4.83306789418
398	-9.31010793721
399	-4.73218991215
400	-4.36537675626
401	-10.893722927
402	-8.9965131958
403	-11.4563264879
404	-11.1868051596
405	-8.95544366211
406	-4.36537675626
407	-9.07444295232
408	-8.9922870942
409	-4.39128520739
410	-11.3565716865
411	-4.44325626315
412	-4.65606306928
413	-12.5356719653
414	-4.44325626315
415	-4.36537675626
416	-9.31010793721
417	-4.44325626315
418	-4.39128520739
419	-13.5303741241
420	-4.44325626315
421	-4.83306789418
422	-9.39185735402
423	-4.73218991215
424	-4.39128520739
425	-6.84933448232
426	-4.44325626315
427	-4.36537675626
428	-7.95296956708
429	-4.73218991215
430	-4.39128520739
431	-12.6578522163
432	-4.42510598128
433	-4.36537675626
434	-6.84933448232
435	-4.73218991215
436	-4.83306789418
437	-14.6930886501
438	-4.90767032298
439	-4.39128520739
440	-8.42868329759
441	-4.73218991215
442	-4.36537675626
443	-8.05172495307
444	-4.44325626315
445	-4.39128520739
446	-11.0015508571
447	-4.73218991215
448	-4.36537675626
449	-9.30713665377
450	-10.9316154907
451	-4.36537675626
452	-11.0327195573
453	-10.8796598444
454	-4.36537675626
455	-11.6057945085
456	-4.42510598128
457	-4.39128520739
458	-8.90154805251
459	-4.73218991215
460	-4.65606306928
461	-13.8753345141
462	-8.76503629241
463	-4.36537675626
464	-11.786064602
465	-4.42510598128
466	-9.54170981814
467	-13.9629030667
468	-4.42510598128
469	-4.65606306928
470	-10.629575585
471	-4.90767032298
472	-4.65606306928
473	-8.01865878483
474	-4.44325626315
475	-4.39128520739
476	-6.84933448232
477	-4.90767032298
478	-4.39128520739
479	-8.6598695494
480	-13.7244442899
481	-4.36537675626
482	-9.30713665377
483	-4.73218991215
484	-4.65606306928
485	-6.58029171069
486	-13.084323533
487	-4.39128520739
488	-11.3265830738
