#Site	lnL	
0	-1.63233682344
1	-1.27603031816
2	-8.09688249029
3	-1.63233682344
4	-1.27603031816
5	-14.5832899715
6	-1.32917736844
7	-1.74181820164
8	-11.1185070098
9	-1.34919260971
10	-1.27603031816
11	-3.25210804356
12	-10.1310244929
13	-1.27603031816
14	-5.74958998191
15	-1.32917736844
16	-1.30294414027
17	-7.88598791583
18	-1.63233682344
19	-1.27603031816
20	-4.44828094733
21	-1.34919260971
22	-1.30294414027
23	-6.26272378064
24	-1.34919260971
25	-1.56460852976
26	-7.20289779509
27	-1.32917736844
28	-1.30294414027
29	-5.43484685793
30	-1.32917736844
31	-1.56460852976
32	-10.0437038588
33	-1.80819340088
34	-9.6466200976
35	-6.98960806132
36	-1.32917736844
37	-1.30294414027
38	-4.77716127787
39	-1.34919260971
40	-8.02725779907
41	-8.49421147915
42	-1.80819340088
43	-1.56460852976
44	-7.88035192735
45	-1.80819340088
46	-1.30294414027
47	-7.74238530423
48	-6.0022897188
49	-1.30294414027
50	-4.44828094733
51	-1.34919260971
52	-7.5680014229
53	-6.31532669642
54	-1.80819340088
55	-1.27603031816
56	-4.77716127787
57	-1.32917736844
58	-1.27603031816
59	-3.25210804356
60	-1.32917736844
61	-1.27603031816
62	-8.82767586459
63	-1.34919260971
64	-1.30294414027
65	-3.25210804356
66	-1.32917736844
67	-1.27603031816
68	-4.62238671366
69	-1.80819340088
70	-1.56460852976
71	-4.44828094733
72	-1.34919260971
73	-1.56460852976
74	-11.2759707675
75	-1.63233682344
76	-1.30294414027
77	-6.31532669642
78	-1.32917736844
79	-1.56460852976
80	-4.62238671366
81	-1.63233682344
82	-1.74181820164
83	-11.3110191923
84	-1.34919260971
85	-1.56460852976
86	-3.25210804356
87	-1.63233682344
88	-6.77493495419
89	-14.5671771369
90	-1.34919260971
91	-1.74181820164
92	-7.39652685947
93	-1.34919260971
94	-1.56460852976
95	-6.30547576364
96	-1.34919260971
97	-1.56460852976
98	-4.94623022235
99	-1.80819340088
100	-1.30294414027
101	-10.962944383
102	-1.34919260971
103	-1.27603031816
104	-4.44828094733
105	-1.32917736844
106	-1.56460852976
107	-7.96687495156
108	-1.80819340088
109	-1.74181820164
110	-3.25210804356
111	-1.63233682344
112	-1.30294414027
113	-7.48531862061
114	-1.32917736844
115	-1.27603031816
116	-12.8744721685
117	-1.32917736844
118	-8.49125779368
119	-3.48866766592
120	-6.20190368333
121	-1.30294414027
122	-5.71312658688
123	-1.80819340088
124	-1.56460852976
125	-3.48866766592
126	-1.80819340088
127	-1.27603031816
128	-7.20897079947
129	-1.32917736844
130	-1.30294414027
131	-4.44828094733
132	-1.34919260971
133	-1.74181820164
134	-7.39652685947
135	-1.34919260971
136	-1.56460852976
137	-7.7316070236
138	-1.34919260971
139	-1.30294414027
140	-10.9494381119
141	-1.34919260971
142	-1.27603031816
143	-8.33018450872
144	-1.34919260971
145	-1.74181820164
146	-5.6332901417
147	-1.32917736844
148	-1.30294414027
149	-8.38399127553
150	-1.34919260971
151	-1.74181820164
152	-4.44828094733
153	-1.63233682344
154	-1.74181820164
155	-8.64951604157
156	-1.32917736844
157	-1.74181820164
158	-7.09761189472
159	-1.34919260971
160	-1.27603031816
161	-6.05117315627
162	-6.99537902276
163	-1.74181820164
164	-3.25210804356
165	-1.34919260971
166	-1.56460852976
167	-10.1811867804
168	-1.32917736844
169	-1.56460852976
170	-9.39669087084
171	-1.32917736844
172	-1.27603031816
173	-4.62238671366
174	-1.32917736844
175	-1.56460852976
176	-13.107681226
177	-1.80819340088
178	-1.74181820164
179	-8.21807061859
180	-1.63233682344
181	-1.56460852976
182	-3.25210804356
183	-1.34919260971
184	-1.56460852976
185	-3.25210804356
186	-1.32917736844
187	-1.74181820164
188	-6.98960806132
189	-1.80819340088
190	-1.30294414027
191	-4.77716127787
192	-1.63233682344
193	-1.30294414027
194	-14.0814906642
195	-6.0022897188
196	-1.56460852976
197	-4.44828094733
198	-1.34919260971
199	-1.30294414027
200	-3.25210804356
201	-1.32917736844
202	-6.58511677384
203	-4.44828094733
204	-1.32917736844
205	-1.30294414027
206	-6.14983470698
207	-1.34919260971
208	-1.30294414027
209	-8.21807061859
210	-1.63233682344
211	-1.30294414027
212	-5.6332901417
213	-1.63233682344
214	-1.56460852976
215	-11.3482174571
216	-1.80819340088
217	-1.56460852976
218	-7.6600201854
219	-1.32917736844
220	-1.30294414027
221	-4.44828094733
222	-1.32917736844
223	-1.30294414027
224	-5.21647326258
225	-1.80819340088
226	-1.27603031816
227	-3.48866766592
228	-1.32917736844
229	-1.30294414027
230	-5.48279474247
231	-1.63233682344
232	-1.30294414027
233	-4.62238671366
234	-7.45852957904
235	-1.27603031816
236	-5.20959011304
237	-1.80819340088
238	-1.27603031816
239	-5.84117793869
240	-1.80819340088
241	-1.27603031816
242	-7.69505429659
243	-1.32917736844
244	-1.27603031816
245	-8.16443655824
246	-1.80819340088
247	-1.30294414027
248	-3.48866766592
249	-6.40992911618
250	-1.74181820164
251	-6.31532669642
252	-1.63233682344
253	-1.74181820164
254	-5.48279474247
255	-7.01350059507
256	-1.56460852976
257	-5.6332901417
258	-1.32917736844
259	-1.74181820164
260	-6.51639729066
261	-1.34919260971
262	-1.27603031816
263	-10.6924267627
264	-1.32917736844
265	-1.27603031816
266	-8.80178383079
267	-8.29623951603
268	-1.56460852976
269	-6.82332045795
270	-1.63233682344
271	-1.74181820164
272	-6.11719782087
273	-1.34919260971
274	-1.27603031816
275	-10.3521241496
276	-1.34919260971
277	-1.56460852976
278	-8.59698328474
279	-1.80819340088
280	-1.27603031816
281	-3.48866766592
282	-1.34919260971
283	-1.56460852976
284	-3.25210804356
285	-1.34919260971
286	-1.74181820164
287	-4.94623022235
288	-1.34919260971
289	-1.56460852976
290	-5.6332901417
291	-1.34919260971
292	-6.80633092933
293	-9.01299031147
294	-1.80819340088
295	-1.27603031816
296	-5.43484685793
297	-1.63233682344
298	-1.27603031816
299	-11.5336838605
300	-1.32917736844
301	-1.74181820164
302	-3.48866766592
303	-1.63233682344
304	-1.30294414027
305	-8.55867786384
306	-1.32917736844
307	-1.27603031816
308	-5.63269900234
309	-1.34919260971
310	-1.27603031816
311	-3.25210804356
312	-1.32917736844
313	-1.30294414027
314	-7.44074934392
315	-1.63233682344
316	-6.56876246273
317	-12.7636729433
318	-1.63233682344
319	-1.27603031816
320	-8.17485799474
321	-1.32917736844
322	-1.30294414027
323	-4.62238671366
324	-1.80819340088
325	-1.27603031816
326	-12.2008290751
327	-1.34919260971
328	-1.56460852976
329	-10.9171774586
330	-1.34919260971
331	-1.74181820164
332	-8.60497769221
333	-1.34919260971
334	-1.27603031816
335	-11.7055779923
336	-7.96347924274
337	-1.74181820164
338	-8.6599042339
339	-1.32917736844
340	-1.74181820164
341	-10.9776740021
342	-1.32917736844
343	-1.27603031816
344	-7.15470627759
345	-6.0022897188
346	-1.27603031816
347	-8.67805305615
348	-1.80819340088
349	-1.27603031816
350	-3.25210804356
351	-1.32917736844
352	-1.30294414027
353	-7.01684095389
354	-1.80819340088
355	-1.30294414027
356	-7.00474951543
357	-1.80819340088
358	-1.56460852976
359	-10.0753241036
360	-1.80819340088
361	-1.56460852976
362	-5.71312658688
363	-1.63233682344
364	-1.56460852976
365	-7.6187084251
366	-1.32917736844
367	-7.84632189557
368	-4.80077544337
369	-1.34919260971
370	-1.30294414027
371	-5.6332901417
372	-7.00379385548
373	-1.74181820164
374	-4.99061718174
375	-1.32917736844
376	-1.27603031816
377	-3.48866766592
378	-1.32917736844
379	-1.27603031816
380	-10.3229169517
381	-1.32917736844
382	-1.30294414027
383	-8.89460243515
384	-1.34919260971
385	-1.27603031816
386	-4.62238671366
387	-1.80819340088
388	-1.27603031816
389	-8.34099134747
390	-1.63233682344
391	-1.30294414027
392	-3.25210804356
393	-1.32917736844
394	-1.30294414027
395	-7.62051619892
396	-1.32917736844
397	-1.74181820164
398	-6.06382570318
399	-1.63233682344
400	-1.27603031816
401	-7.61805314278
402	-7.22222642644
403	-8.8527576468
404	-7.44400157682
405	-6.0022897188
406	-1.27603031816
407	-5.21647326258
408	-6.03259553468
409	-1.30294414027
410	-8.71969407015
411	-1.34919260971
412	-1.56460852976
413	-9.25747724581
414	-1.34919260971
415	-1.27603031816
416	-6.06382570318
417	-1.34919260971
418	-1.30294414027
419	-8.64529389813
420	-1.34919260971
421	-1.74181820164
422	-6.1037814248
423	-1.63233682344
424	-1.30294414027
425	-3.48866766592
426	-1.34919260971
427	-1.27603031816
428	-4.94623022235
429	-1.63233682344
430	-1.30294414027
431	-10.0653954836
432	-1.32917736844
433	-1.27603031816
434	-3.48866766592
435	-1.63233682344
436	-1.74181820164
437	-11.4506568178
438	-1.80819340088
439	-1.30294414027
440	-4.77716127787
441	-1.63233682344
442	-1.27603031816
443	-6.14983470698
444	-1.34919260971
445	-1.30294414027
446	-7.9068014027
447	-1.63233682344
448	-1.27603031816
449	-6.05117315627
450	-7.70319973868
451	-1.27603031816
452	-8.47950081844
453	-7.65797239494
454	-1.27603031816
455	-8.42409240452
456	-1.32917736844
457	-1.30294414027
458	-5.79740280565
459	-1.63233682344
460	-1.56460852976
461	-11.025515899
462	-6.99537902276
463	-1.27603031816
464	-7.83640493886
465	-1.32917736844
466	-6.58511677384
467	-10.5921754268
468	-1.32917736844
469	-1.56460852976
470	-7.64005268652
471	-1.80819340088
472	-1.56460852976
473	-4.99061718174
474	-1.34919260971
475	-1.30294414027
476	-3.48866766592
477	-1.80819340088
478	-1.30294414027
479	-6.67168052559
480	-10.8123974074
481	-1.27603031816
482	-6.05117315627
483	-1.63233682344
484	-1.56460852976
485	-3.25210804356
486	-6.83933839059
487	-1.30294414027
488	-8.26839013059
