-7.407635244519582551e-01
-5.627098095178694193e-01
-8.081885603593222944e-01
2.516068810704408687e+00
-2.595166200633713394e-01
2.139133987618737631e+00
2.139133987618737631e+00
-6.742517341568835754e+00
-5.151993204712692176e+00
-4.979073254900225010e+00
-5.026898509221510380e+00
-7.168291517965877269e+00
-7.493496533972186846e+00
-6.803303926583817329e+00
-5.921079380292452399e+00
-7.614047993198534314e+00
-5.952923262151807116e+00
-6.315884011282199673e+00
-6.926054427831896732e+00
1.000000000000000021e-08
