#Site	lnL	
0	-4.73218991215
1	-4.65606306928
2	-15.2482821482
3	-4.44325626315
4	-4.83306789418
5	-19.4805959743
6	-4.73218991215
7	-4.83306789418
8	-9.64516971584
9	-4.42510598128
10	-4.36537675626
11	-11.8517989974
12	-4.73218991215
13	-4.36537675626
14	-10.1643001797
15	-9.98593742481
16	-9.52178263854
17	-8.46493149529
18	-11.0838400623
19	-4.36537675626
20	-12.6170689919
21	-4.44325626315
22	-4.36537675626
23	-11.5904253601
24	-4.42510598128
25	-4.36537675626
26	-6.58029171069
27	-10.335392412
28	-4.65606306928
29	-9.80781068717
30	-4.42510598128
31	-4.39128520739
32	-11.0763613276
33	-4.44325626315
34	-4.83306789418
35	-12.1000768479
36	-4.90767032298
37	-4.36537675626
38	-6.58029171069
39	-4.90767032298
40	-4.83306789418
41	-11.5495893605
42	-4.90767032298
43	-4.36537675626
44	-8.05172495307
45	-4.42510598128
46	-4.39128520739
47	-15.9577042734
48	-4.42510598128
49	-4.36537675626
50	-9.39185735402
51	-4.42510598128
52	-4.36537675626
53	-8.46493149529
54	-9.77561438493
55	-4.36537675626
56	-13.2389606189
57	-4.73218991215
58	-4.39128520739
59	-8.50115866946
60	-4.90767032298
61	-4.39128520739
62	-8.90154805251
63	-4.42510598128
64	-4.36537675626
65	-11.7629885046
66	-10.2298785771
67	-4.39128520739
68	-11.899183055
69	-4.44325626315
70	-4.39128520739
71	-6.84933448232
72	-4.44325626315
73	-4.83306789418
74	-13.9204379239
75	-4.90767032298
76	-4.65606306928
77	-10.6528942065
78	-13.1018973087
79	-4.39128520739
80	-10.1059422062
81	-4.90767032298
82	-4.36537675626
83	-7.91102989574
84	-4.42510598128
85	-4.83306789418
86	-11.6099698398
87	-4.44325626315
88	-4.65606306928
89	-15.9857933401
90	-4.42510598128
91	-4.39128520739
92	-8.96275875655
93	-4.42510598128
94	-4.39128520739
95	-11.3024414818
96	-4.42510598128
97	-4.83306789418
98	-7.91102989574
99	-4.44325626315
100	-4.36537675626
101	-14.9771491192
102	-11.1266256449
103	-4.65606306928
104	-9.26920881099
105	-4.42510598128
106	-4.83306789418
107	-8.05172495307
108	-4.42510598128
109	-4.39128520739
110	-10.3776804417
111	-4.42510598128
112	-4.83306789418
113	-11.888109463
114	-4.44325626315
115	-4.39128520739
116	-18.4726223443
117	-4.73218991215
118	-4.83306789418
119	-8.01865878483
120	-10.3422451049
121	-4.83306789418
122	-7.91102989574
123	-4.73218991215
124	-4.39128520739
125	-7.95296956708
126	-4.90767032298
127	-4.39128520739
128	-6.58029171069
129	-4.44325626315
130	-4.36537675626
131	-17.0252058511
132	-4.73218991215
133	-4.39128520739
134	-11.6307473478
135	-4.42510598128
136	-4.39128520739
137	-6.84933448232
138	-4.73218991215
139	-4.39128520739
140	-16.6075958453
141	-4.42510598128
142	-10.5042508247
143	-14.0427491971
144	-4.90767032298
145	-4.65606306928
146	-6.84933448232
147	-4.90767032298
148	-10.67395184
149	-10.9984600521
150	-4.73218991215
151	-4.65606306928
152	-7.91102989574
153	-4.42510598128
154	-4.65606306928
155	-6.84933448232
156	-4.44325626315
157	-4.65606306928
158	-11.7064740107
159	-4.90767032298
160	-4.83306789418
161	-8.09161432195
162	-4.44325626315
163	-4.83306789418
164	-8.05172495307
165	-4.73218991215
166	-4.83306789418
167	-6.58029171069
168	-4.90767032298
169	-4.36537675626
170	-11.3655983479
171	-4.90767032298
172	-4.39128520739
173	-8.01865878483
174	-4.42510598128
175	-4.39128520739
176	-11.378028357
177	-4.42510598128
178	-4.39128520739
179	-18.7915669479
180	-4.42510598128
181	-4.36537675626
182	-8.01865878483
183	-4.42510598128
184	-4.39128520739
185	-14.6167939644
186	-4.42510598128
187	-4.39128520739
188	-8.40482638792
189	-4.42510598128
190	-4.39128520739
191	-6.58029171069
192	-4.44325626315
193	-4.65606306928
194	-7.95296956708
195	-4.90767032298
196	-4.39128520739
197	-9.31010793721
198	-10.8796598444
199	-4.65606306928
200	-8.90154805251
201	-4.73218991215
202	-4.36537675626
203	-8.01865878483
204	-15.3854501945
205	-4.39128520739
206	-16.8110327909
207	-4.42510598128
208	-4.36537675626
209	-6.84933448232
210	-4.44325626315
211	-4.36537675626
212	-8.09161432195
213	-4.73218991215
214	-4.39128520739
215	-13.927986748
216	-4.44325626315
217	-4.36537675626
218	-7.95296956708
219	-4.90767032298
220	-4.39128520739
221	-8.06870959324
222	-4.73218991215
223	-4.36537675626
224	-11.1433511327
225	-4.90767032298
226	-4.39128520739
227	-6.84933448232
228	-4.42510598128
229	-4.39128520739
230	-8.46493149529
231	-4.73218991215
232	-4.36537675626
233	-10.201034251
234	-10.2298785771
235	-4.39128520739
236	-8.01865878483
237	-4.90767032298
238	-4.36537675626
239	-12.8687564555
240	-4.44325626315
241	-4.83306789418
242	-20.333993194
243	-4.42510598128
244	-4.36537675626
245	-8.90154805251
246	-4.42510598128
247	-4.36537675626
248	-9.31010793721
249	-4.73218991215
250	-4.36537675626
251	-6.58029171069
252	-4.42510598128
253	-4.65606306928
254	-11.03654348
255	-4.90767032298
256	-4.39128520739
257	-10.6528942065
258	-4.73218991215
259	-4.65606306928
260	-10.9964415379
261	-4.73218991215
262	-13.9752375407
263	-10.5119426421
264	-8.78740643101
265	-4.65606306928
266	-11.5482293031
267	-4.42510598128
268	-4.83306789418
269	-6.58029171069
270	-4.42510598128
271	-11.2654529981
272	-9.29559713543
273	-4.42510598128
274	-4.39128520739
275	-17.7050265634
276	-10.1249822754
277	-4.36537675626
278	-9.86471877159
279	-4.73218991215
280	-4.83306789418
281	-11.2931412581
282	-4.44325626315
283	-13.0887991542
284	-9.30713665377
285	-9.93872431743
286	-4.65606306928
287	-11.195478446
288	-4.42510598128
289	-4.39128520739
290	-14.8606747275
291	-20.7713697263
292	-4.65606306928
293	-7.91102989574
294	-4.42510598128
295	-4.65606306928
296	-8.09161432195
297	-4.73218991215
298	-4.36537675626
299	-14.5164753122
300	-4.73218991215
301	-4.39128520739
302	-6.84933448232
303	-4.42510598128
304	-4.83306789418
305	-10.5369230254
306	-4.90767032298
307	-4.39128520739
308	-8.01865878483
309	-4.73218991215
310	-4.36537675626
311	-11.2180788152
312	-4.42510598128
313	-4.39128520739
314	-10.1643001797
315	-4.90767032298
316	-4.36537675626
317	-9.80781068717
318	-4.44325626315
319	-4.39128520739
320	-11.1868051596
321	-4.44325626315
322	-4.39128520739
323	-12.0610808858
324	-13.1018973087
325	-4.83306789418
326	-9.86471877159
327	-4.44325626315
328	-4.83306789418
329	-10.4040068345
330	-4.73218991215
331	-4.83306789418
332	-6.58029171069
333	-4.44325626315
334	-4.65606306928
335	-11.6906234136
336	-4.44325626315
337	-4.36537675626
338	-12.8639747265
339	-4.90767032298
340	-4.65606306928
341	-13.1751998236
342	-4.73218991215
343	-4.83306789418
344	-10.1650666079
345	-10.2298785771
346	-4.83306789418
347	-6.84933448232
348	-11.0838400623
349	-4.39128520739
350	-23.5915521785
351	-4.44325626315
352	-4.83306789418
353	-6.84933448232
354	-4.73218991215
355	-4.36537675626
356	-14.5436733672
357	-4.90767032298
358	-10.8491176022
359	-13.1698785989
360	-10.6821370084
361	-4.83306789418
362	-7.91102989574
363	-16.1318598477
364	-4.36537675626
365	-15.0431140981
366	-4.73218991215
367	-4.65606306928
368	-15.4258283754
369	-4.42510598128
370	-4.39128520739
371	-9.61114293963
372	-4.90767032298
373	-4.36537675626
374	-12.5535841733
375	-4.73218991215
376	-4.36537675626
377	-6.58029171069
378	-4.90767032298
379	-4.83306789418
380	-10.5369230254
381	-10.5008679281
382	-4.39128520739
383	-8.05172495307
384	-4.73218991215
385	-4.36537675626
386	-6.58029171069
387	-4.42510598128
388	-4.36537675626
389	-6.84933448232
390	-4.44325626315
391	-4.36537675626
392	-13.6770289821
393	-8.9922870942
394	-4.39128520739
395	-18.0662069464
396	-8.95544366211
397	-4.65606306928
398	-10.7388168425
399	-4.44325626315
400	-4.65606306928
401	-12.7430398204
402	-4.42510598128
403	-9.754778137
404	-9.31010793721
405	-4.42510598128
406	-4.36537675626
407	-6.58029171069
408	-4.73218991215
409	-4.36537675626
410	-6.84933448232
411	-4.73218991215
412	-4.65606306928
413	-8.01865878483
414	-4.90767032298
415	-4.39128520739
416	-9.27437356209
417	-13.1018973087
418	-4.39128520739
419	-15.974140747
420	-4.44325626315
421	-4.39128520739
422	-7.91102989574
423	-4.90767032298
424	-4.83306789418
425	-6.58029171069
426	-10.2298785771
427	-10.5297051458
428	-9.80781068717
429	-4.73218991215
430	-4.83306789418
431	-15.4336735521
432	-4.42510598128
433	-4.36537675626
434	-6.58029171069
435	-4.44325626315
436	-4.65606306928
437	-17.1624887538
438	-4.42510598128
439	-4.83306789418
440	-6.58029171069
441	-4.42510598128
442	-4.83306789418
443	-14.1085728859
444	-4.90767032298
445	-4.83306789418
446	-7.91102989574
447	-4.73218991215
448	-4.36537675626
449	-6.58029171069
450	-4.73218991215
451	-4.65606306928
452	-9.0458608351
453	-4.42510598128
454	-4.39128520739
455	-7.95296956708
456	-4.73218991215
457	-4.39128520739
458	-6.58029171069
459	-4.90767032298
460	-4.83306789418
461	-12.6333930561
462	-4.90767032298
463	-4.39128520739
464	-8.46493149529
465	-4.90767032298
466	-9.54883767056
467	-12.3340836015
468	-4.73218991215
469	-4.65606306928
470	-22.155450173
471	-4.44325626315
472	-4.36537675626
473	-9.3518145439
474	-4.42510598128
475	-4.65606306928
476	-8.09161432195
477	-4.73218991215
478	-4.83306789418
479	-11.6548377847
480	-4.90767032298
481	-4.36537675626
482	-8.46493149529
483	-4.44325626315
484	-4.36537675626
485	-13.6770289821
486	-4.90767032298
487	-4.36537675626
488	-8.90154805251
