-7.499723978799481827e-01
-6.479384585614110792e-01
-9.203850013932260987e-01
2.579690476426043766e+00
-1.101378162554829343e+00
2.352661611473584991e+00
3.706591261272558779e-01
-3.401049575953431603e+00
-4.982298784587785079e+00
-4.256181379192745418e+00
-4.583321935800231728e+00
-4.429764704033599898e+00
-6.202956987360288998e+00
-5.105538025883937792e+00
-6.224828729681055606e+00
-5.523272569274085164e+00
-7.715659918150955754e+00
-5.456044588452456878e+00
-5.507576836361209871e+00
-6.269803309723308793e+00
