-7.292970792794303270e-01
-5.854773160973759660e-01
-7.894995401252178358e-01
2.816705167822149747e+00
-3.682058531916081456e-01
3.451926371481477407e+00
3.451926371481477407e+00
-5.193369616069310801e+00
-4.725115910385881079e+00
-4.615479178463505860e+00
-4.925421290357410165e+00
-7.150005360211094008e+00
-1.524574536595185492e+01
-7.813303044286675103e+00
-5.674599846108926648e+00
-6.326516234983892595e+00
-4.692951035446179198e+00
-6.628642809589405438e+00
-7.081751936746517373e+00
-3.605364440477378807e+00
