#Site	lnL	
0	-10.335392412
1	-4.36537675626
2	-10.4900757862
3	-4.44325626315
4	-4.65606306928
5	-11.2974845037
6	-4.42510598128
7	-4.36537675626
8	-8.96933421718
9	-4.44325626315
10	-4.65606306928
11	-11.3345815399
12	-4.44325626315
13	-4.83306789418
14	-15.5955932877
15	-4.90767032298
16	-4.39128520739
17	-10.201034251
18	-4.44325626315
19	-4.36537675626
20	-8.09161432195
21	-4.42510598128
22	-4.65606306928
23	-6.84933448232
24	-4.44325626315
25	-4.39128520739
26	-6.84933448232
27	-4.42510598128
28	-4.65606306928
29	-8.09161432195
30	-4.42510598128
31	-4.65606306928
32	-14.1322558096
33	-4.90767032298
34	-20.3486242591
35	-13.1988982498
36	-11.224627634
37	-4.83306789418
38	-8.46493149529
39	-4.73218991215
40	-4.65606306928
41	-11.3616607402
42	-4.90767032298
43	-11.2451620281
44	-7.95296956708
45	-4.73218991215
46	-4.39128520739
47	-9.29559713543
48	-4.42510598128
49	-4.36537675626
50	-10.3784820549
51	-13.5053536409
52	-4.39128520739
53	-14.0661401698
54	-14.0350355622
55	-4.39128520739
56	-12.4746875888
57	-15.7768198868
58	-4.39128520739
59	-10.3776804417
60	-4.44325626315
61	-11.0273871295
62	-10.9467298449
63	-4.44325626315
64	-4.83306789418
65	-9.15176383484
66	-4.90767032298
67	-4.39128520739
68	-11.03654348
69	-11.0838400623
70	-4.65606306928
71	-13.2084807948
72	-4.90767032298
73	-4.39128520739
74	-6.58029171069
75	-14.1870065371
76	-4.65606306928
77	-13.9461943288
78	-13.1089864327
79	-4.83306789418
80	-22.31886711
81	-4.73218991215
82	-4.39128520739
83	-11.899183055
84	-4.42510598128
85	-4.65606306928
86	-12.4183368912
87	-4.90767032298
88	-4.83306789418
89	-6.58029171069
90	-4.44325626315
91	-4.83306789418
92	-8.09161432195
93	-4.44325626315
94	-4.39128520739
95	-12.9332126157
96	-4.42510598128
97	-4.36537675626
98	-10.4139970193
99	-4.73218991215
100	-4.65606306928
101	-13.2571967465
102	-4.73218991215
103	-4.39128520739
104	-11.9343801882
105	-4.90767032298
106	-4.65606306928
107	-8.01865878483
108	-4.90767032298
109	-4.39128520739
110	-9.39544524764
111	-4.44325626315
112	-4.65606306928
113	-6.58029171069
114	-4.44325626315
115	-4.83306789418
116	-7.91102989574
117	-4.73218991215
118	-4.36537675626
119	-8.09161432195
120	-4.44325626315
121	-4.36537675626
122	-14.8851144958
123	-4.90767032298
124	-4.39128520739
125	-19.3522228061
126	-4.90767032298
127	-4.83306789418
128	-14.2312206943
129	-4.42510598128
130	-4.39128520739
131	-6.84933448232
132	-4.73218991215
133	-4.83306789418
134	-6.84933448232
135	-9.77561438493
136	-4.39128520739
137	-8.96275875655
138	-4.44325626315
139	-4.83306789418
140	-13.254054822
141	-4.44325626315
142	-4.36537675626
143	-9.26920881099
144	-4.44325626315
145	-4.83306789418
146	-6.58029171069
147	-4.73218991215
148	-4.39128520739
149	-9.29559713543
150	-9.74140535167
151	-4.36537675626
152	-7.91102989574
153	-4.73218991215
154	-4.65606306928
155	-8.90154805251
156	-4.42510598128
157	-4.65606306928
158	-12.4746875888
159	-4.44325626315
160	-4.83306789418
161	-15.4124229758
162	-4.90767032298
163	-4.83306789418
164	-11.7880457394
165	-19.1036990179
166	-4.39128520739
167	-14.1657394432
168	-4.42510598128
169	-4.36537675626
170	-13.0338390329
171	-4.42510598128
172	-4.36537675626
173	-17.4360829141
174	-4.42510598128
175	-4.36537675626
176	-13.9934158423
177	-4.73218991215
178	-4.65606306928
179	-12.7178423643
180	-4.90767032298
181	-4.39128520739
182	-6.84933448232
183	-4.73218991215
184	-4.39128520739
185	-15.118529863
186	-4.42510598128
187	-4.36537675626
188	-8.96275875655
189	-4.90767032298
190	-4.39128520739
191	-7.95296956708
192	-4.44325626315
193	-4.39128520739
194	-13.6655257703
195	-4.73218991215
196	-4.65606306928
197	-6.58029171069
198	-4.73218991215
199	-14.0182523599
200	-15.6666258826
201	-4.42510598128
202	-4.39128520739
203	-15.007667353
204	-4.73218991215
205	-4.39128520739
206	-16.4296369101
207	-4.44325626315
208	-4.36537675626
209	-8.96933421718
210	-4.44325626315
211	-4.65606306928
212	-8.96933421718
213	-4.73218991215
214	-4.65606306928
215	-6.84933448232
216	-4.42510598128
217	-4.36537675626
218	-14.1067707458
219	-4.90767032298
220	-4.36537675626
221	-6.58029171069
222	-12.9346610456
223	-4.83306789418
224	-13.5379685036
225	-9.74140535167
226	-4.39128520739
227	-8.09161432195
228	-4.42510598128
229	-4.39128520739
230	-14.0667778556
231	-4.44325626315
232	-4.36537675626
233	-12.6374874999
234	-4.44325626315
235	-4.39128520739
236	-6.58029171069
237	-4.90767032298
238	-4.39128520739
239	-11.800720167
240	-4.42510598128
241	-4.39128520739
242	-9.39544524764
243	-4.42510598128
244	-4.39128520739
245	-6.84933448232
246	-4.44325626315
247	-4.65606306928
248	-7.95296956708
249	-14.8470102334
250	-4.65606306928
251	-8.46493149529
252	-4.42510598128
253	-4.36537675626
254	-8.42868329759
255	-4.44325626315
256	-4.36537675626
257	-8.46493149529
258	-4.73218991215
259	-4.36537675626
260	-6.84933448232
261	-4.90767032298
262	-4.36537675626
263	-6.58029171069
264	-4.44325626315
265	-4.83306789418
266	-11.8975818013
267	-4.42510598128
268	-4.83306789418
269	-9.29559713543
270	-4.90767032298
271	-4.36537675626
272	-9.30713665377
273	-4.44325626315
274	-4.65606306928
275	-13.6687214612
276	-4.44325626315
277	-4.36537675626
278	-12.4175704539
279	-4.73218991215
280	-4.65606306928
281	-8.96275875655
282	-4.42510598128
283	-4.65606306928
284	-9.30713665377
285	-4.90767032298
286	-4.83306789418
287	-9.51406893968
288	-4.44325626315
289	-4.39128520739
290	-9.21186855806
291	-9.20467064239
292	-4.83306789418
293	-11.8917690113
294	-4.42510598128
295	-4.65606306928
296	-10.5647663421
297	-4.42510598128
298	-4.83306789418
299	-9.61114293963
300	-4.90767032298
301	-4.65606306928
302	-15.589227278
303	-4.44325626315
304	-4.39128520739
305	-8.96933421718
306	-10.6821370084
307	-4.39128520739
308	-15.827045267
309	-10.2813918222
310	-4.39128520739
311	-7.95296956708
312	-10.0970412821
313	-4.39128520739
314	-12.5628653634
315	-4.44325626315
316	-4.39128520739
317	-10.2149256278
318	-11.0262203997
319	-4.65606306928
320	-9.26920881099
321	-10.6821370084
322	-4.65606306928
323	-8.40482638792
324	-4.44325626315
325	-4.36537675626
326	-8.06870959324
327	-4.73218991215
328	-4.36537675626
329	-14.2612433571
330	-4.44325626315
331	-4.36537675626
332	-6.84933448232
333	-16.9780866026
334	-4.36537675626
335	-11.5883834451
336	-4.44325626315
337	-4.39128520739
338	-6.84933448232
339	-4.42510598128
340	-4.65606306928
341	-15.6288323008
342	-4.90767032298
343	-4.36537675626
344	-8.96275875655
345	-4.42510598128
346	-4.83306789418
347	-10.6411409518
348	-4.42510598128
349	-9.32544105978
350	-8.06870959324
351	-4.90767032298
352	-9.54170981814
353	-9.29559713543
354	-10.8796598444
355	-4.36537675626
356	-9.39185735402
357	-4.42510598128
358	-4.36537675626
359	-6.58029171069
360	-4.42510598128
361	-4.36537675626
362	-6.84933448232
363	-4.90767032298
364	-4.39128520739
365	-6.84933448232
366	-4.90767032298
367	-4.36537675626
368	-6.58029171069
369	-4.42510598128
370	-4.83306789418
371	-12.2750570603
372	-4.42510598128
373	-4.65606306928
374	-6.58029171069
375	-9.74140535167
376	-4.39128520739
377	-6.84933448232
378	-4.90767032298
379	-4.39128520739
380	-8.20605682807
381	-4.90767032298
382	-4.36537675626
383	-13.5065971635
384	-4.44325626315
385	-4.65606306928
386	-10.7388168425
387	-4.42510598128
388	-4.39128520739
389	-6.58029171069
390	-4.42510598128
391	-4.36537675626
392	-10.142496676
393	-4.44325626315
394	-4.83306789418
395	-17.4724501791
396	-4.90767032298
397	-4.65606306928
398	-6.84933448232
399	-16.7073788901
400	-4.83306789418
401	-9.92393017163
402	-4.44325626315
403	-4.83306789418
404	-8.46493149529
405	-4.44325626315
406	-4.65606306928
407	-6.84933448232
408	-4.42510598128
409	-4.65606306928
410	-6.84933448232
411	-4.44325626315
412	-4.65606306928
413	-9.54550093023
414	-4.44325626315
415	-4.36537675626
416	-10.7388168425
417	-4.44325626315
418	-16.2052162177
419	-8.09161432195
420	-4.44325626315
421	-4.36537675626
422	-10.5239063977
423	-4.73218991215
424	-4.83306789418
425	-8.01865878483
426	-18.4711893014
427	-4.83306789418
428	-9.29559713543
429	-4.44325626315
430	-4.36537675626
431	-11.3516414675
432	-4.44325626315
433	-4.36537675626
434	-17.2740585497
435	-4.42510598128
436	-4.39128520739
437	-6.84933448232
438	-4.42510598128
439	-4.36537675626
440	-9.61114293963
441	-4.90767032298
442	-4.39128520739
443	-9.31010793721
444	-4.44325626315
445	-4.36537675626
446	-11.1023610401
447	-4.42510598128
448	-4.83306789418
449	-6.58029171069
450	-4.44325626315
451	-4.65606306928
452	-13.9158795473
453	-8.95544366211
454	-14.2838154737
455	-9.30713665377
456	-4.42510598128
457	-4.36537675626
458	-9.93087493698
459	-10.1317900183
460	-4.36537675626
461	-7.95296956708
462	-10.6986028641
463	-4.83306789418
464	-13.6387223241
465	-4.90767032298
466	-4.83306789418
467	-6.58029171069
468	-4.42510598128
469	-4.36537675626
470	-16.2682354851
471	-9.15378963107
472	-10.8491176022
473	-10.1059422062
474	-4.73218991215
475	-4.39128520739
476	-12.1782915517
477	-4.44325626315
478	-4.83306789418
479	-10.9211660269
480	-4.44325626315
481	-4.36537675626
482	-9.70674730402
483	-4.90767032298
484	-4.39128520739
485	-9.81874150797
486	-11.2697917571
487	-4.36537675626
488	-11.9997746491
