#Site	lnL	
0	-5.8134856046
1	-1.51181510232
2	-7.22525561875
3	-1.23795817697
4	-1.28139212111
5	-14.6253738167
6	-1.23795817697
7	-1.28139212111
8	-13.2441718883
9	-1.23795817697
10	-1.21500032885
11	-5.55374763055
12	-1.54783001138
13	-1.28139212111
14	-1.44114238666
15	-1.54783001138
16	-1.28139212111
17	-6.40619833801
18	-1.23795817697
19	-1.81362185398
20	-1.3394629628
21	-1.31085769577
22	-1.21500032885
23	-14.7440139624
24	-1.85190189713
25	-1.81362185398
26	-10.6892975578
27	-1.23795817697
28	-1.51181510232
29	-1.44114238666
30	-1.85190189713
31	-6.96011885159
32	-8.07776793331
33	-1.54783001138
34	-1.21500032885
35	-11.9502586655
36	-1.85190189713
37	-1.21500032885
38	-1.3394629628
39	-1.85190189713
40	-1.28139212111
41	-8.88646176455
42	-1.23795817697
43	-1.51181510232
44	-7.79327099288
45	-1.54783001138
46	-1.28139212111
47	-2.02171556232
48	-1.54783001138
49	-1.21500032885
50	-5.26018009566
51	-7.86049312544
52	-6.93702606917
53	-8.06816469046
54	-1.31085769577
55	-1.28139212111
56	-1.3394629628
57	-6.19126092911
58	-1.21500032885
59	-5.29998206316
60	-1.31085769577
61	-1.51181510232
62	-1.3394629628
63	-1.54783001138
64	-1.51181510232
65	-1.70731102207
66	-1.31085769577
67	-1.21500032885
68	-13.196130869
69	-1.23795817697
70	-1.81362185398
71	-11.0002001255
72	-6.17731897714
73	-6.55895190082
74	-12.6513817615
75	-1.23795817697
76	-1.81362185398
77	-12.2215742209
78	-1.23795817697
79	-1.28139212111
80	-1.44114238666
81	-1.23795817697
82	-1.28139212111
83	-1.3394629628
84	-1.31085769577
85	-1.28139212111
86	-6.80738117208
87	-1.54783001138
88	-1.51181510232
89	-8.2877919572
90	-1.85190189713
91	-1.51181510232
92	-12.681464094
93	-1.31085769577
94	-1.28139212111
95	-12.3437768227
96	-1.54783001138
97	-1.21500032885
98	-8.63776560599
99	-1.23795817697
100	-1.28139212111
101	-4.88485685912
102	-1.54783001138
103	-1.81362185398
104	-10.8863212487
105	-1.31085769577
106	-1.21500032885
107	-8.44074544116
108	-1.31085769577
109	-1.28139212111
110	-11.2275946333
111	-5.80050259881
112	-1.28139212111
113	-1.44114238666
114	-1.85190189713
115	-1.51181510232
116	-10.527361512
117	-1.54783001138
118	-1.21500032885
119	-7.72844611588
120	-1.54783001138
121	-1.81362185398
122	-8.42974697127
123	-1.23795817697
124	-1.51181510232
125	-1.44114238666
126	-1.54783001138
127	-1.51181510232
128	-1.70731102207
129	-1.31085769577
130	-1.81362185398
131	-1.44114238666
132	-1.31085769577
133	-1.81362185398
134	-5.50392380409
135	-1.23795817697
136	-1.28139212111
137	-11.9720246916
138	-1.31085769577
139	-1.81362185398
140	-2.02171556232
141	-1.85190189713
142	-1.28139212111
143	-2.02171556232
144	-1.23795817697
145	-1.21500032885
146	-5.17373245859
147	-1.23795817697
148	-1.21500032885
149	-5.26018009566
150	-1.23795817697
151	-1.28139212111
152	-14.4048886025
153	-1.54783001138
154	-1.51181510232
155	-5.31926380591
156	-6.17731897714
157	-1.51181510232
158	-1.3394629628
159	-1.54783001138
160	-6.71298875259
161	-5.56341185028
162	-1.85190189713
163	-1.51181510232
164	-6.20786426003
165	-1.23795817697
166	-1.51181510232
167	-5.31926380591
168	-1.23795817697
169	-1.81362185398
170	-13.2412951931
171	-1.23795817697
172	-1.81362185398
173	-1.70731102207
174	-1.23795817697
175	-1.28139212111
176	-1.3394629628
177	-1.31085769577
178	-1.21500032885
179	-5.26018009566
180	-1.31085769577
181	-1.21500032885
182	-16.1320609502
183	-1.54783001138
184	-1.21500032885
185	-1.44114238666
186	-1.23795817697
187	-1.28139212111
188	-1.3394629628
189	-1.31085769577
190	-1.21500032885
191	-11.7597059848
192	-1.85190189713
193	-6.71298875259
194	-7.42199283795
195	-1.23795817697
196	-1.81362185398
197	-6.20786426003
198	-1.31085769577
199	-1.51181510232
200	-8.42974697127
201	-1.31085769577
202	-1.21500032885
203	-13.412807705
204	-1.31085769577
205	-1.21500032885
206	-1.44114238666
207	-1.23795817697
208	-1.51181510232
209	-9.0649301201
210	-1.85190189713
211	-1.28139212111
212	-17.119439689
213	-1.31085769577
214	-1.81362185398
215	-8.63776560599
216	-1.31085769577
217	-1.28139212111
218	-8.46564220315
219	-1.85190189713
220	-1.28139212111
221	-5.31926380591
222	-1.23795817697
223	-1.51181510232
224	-1.3394629628
225	-1.23795817697
226	-6.6849855317
227	-6.80738117208
228	-1.85190189713
229	-1.21500032885
230	-6.40619833801
231	-1.31085769577
232	-1.28139212111
233	-10.9285532869
234	-1.54783001138
235	-1.51181510232
236	-1.3394629628
237	-1.54783001138
238	-1.81362185398
239	-8.28843848859
240	-1.85190189713
241	-1.28139212111
242	-6.20786426003
243	-1.23795817697
244	-1.21500032885
245	-12.9161552648
246	-1.31085769577
247	-1.51181510232
248	-11.8405564229
249	-1.31085769577
250	-1.81362185398
251	-5.26018009566
252	-1.85190189713
253	-1.51181510232
254	-1.3394629628
255	-1.31085769577
256	-1.21500032885
257	-11.8405564229
258	-1.31085769577
259	-1.51181510232
260	-1.44114238666
261	-1.31085769577
262	-1.21500032885
263	-5.56341185028
264	-1.54783001138
265	-1.28139212111
266	-1.3394629628
267	-1.85190189713
268	-1.28139212111
269	-15.7141130371
270	-6.19126092911
271	-1.21500032885
272	-7.98141344366
273	-7.12593483494
274	-1.28139212111
275	-2.02171556232
276	-1.85190189713
277	-1.51181510232
278	-5.56341185028
279	-1.54783001138
280	-1.81362185398
281	-11.7916704762
282	-1.31085769577
283	-1.81362185398
284	-6.25084270664
285	-7.78945792533
286	-1.28139212111
287	-1.70731102207
288	-1.85190189713
289	-1.51181510232
290	-5.50392380409
291	-6.19126092911
292	-1.81362185398
293	-8.19918151654
294	-1.23795817697
295	-1.21500032885
296	-1.3394629628
297	-1.54783001138
298	-1.81362185398
299	-1.70731102207
300	-1.54783001138
301	-1.21500032885
302	-5.50392380409
303	-1.23795817697
304	-1.21500032885
305	-15.6352687718
306	-1.31085769577
307	-1.21500032885
308	-8.54934057909
309	-1.23795817697
310	-1.21500032885
311	-16.5658008443
312	-1.54783001138
313	-1.21500032885
314	-10.0532031292
315	-1.31085769577
316	-1.21500032885
317	-5.0870223384
318	-1.31085769577
319	-1.21500032885
320	-11.8371105478
321	-1.31085769577
322	-1.81362185398
323	-5.46063507832
324	-1.85190189713
325	-1.51181510232
326	-4.88485685912
327	-1.85190189713
328	-1.28139212111
329	-4.9219222814
330	-1.54783001138
331	-1.51181510232
332	-8.07776793331
333	-1.31085769577
334	-1.28139212111
335	-9.5010385742
336	-1.54783001138
337	-1.81362185398
338	-6.80738117208
339	-1.23795817697
340	-1.28139212111
341	-5.50392380409
342	-1.23795817697
343	-1.81362185398
344	-1.70731102207
345	-1.54783001138
346	-1.51181510232
347	-14.7888117726
348	-1.31085769577
349	-1.21500032885
350	-1.70731102207
351	-1.23795817697
352	-1.21500032885
353	-1.3394629628
354	-1.23795817697
355	-1.51181510232
356	-1.70731102207
357	-1.54783001138
358	-1.28139212111
359	-29.6499605502
360	-1.54783001138
361	-1.21500032885
362	-15.8474700702
363	-1.85190189713
364	-1.21500032885
365	-23.6547160476
366	-1.85190189713
367	-1.28139212111
368	-11.7503727243
369	-1.54783001138
370	-1.51181510232
371	-5.46063507832
372	-1.23795817697
373	-1.81362185398
374	-1.3394629628
375	-1.54783001138
376	-1.28139212111
377	-4.88485685912
378	-1.31085769577
379	-1.28139212111
380	-8.1676007343
381	-1.85190189713
382	-1.51181510232
383	-6.20786426003
384	-1.85190189713
385	-1.21500032885
386	-10.5182591017
387	-1.54783001138
388	-1.28139212111
389	-7.13876262529
390	-1.23795817697
391	-1.21500032885
392	-4.9219222814
393	-15.157086999
394	-1.81362185398
395	-9.55455243425
396	-1.31085769577
397	-1.51181510232
398	-5.46063507832
399	-1.31085769577
400	-1.21500032885
401	-9.65156657907
402	-1.23795817697
403	-1.21500032885
404	-5.17373245859
405	-1.31085769577
406	-1.21500032885
407	-1.44114238666
408	-1.54783001138
409	-1.28139212111
410	-1.3394629628
411	-1.54783001138
412	-1.21500032885
413	-21.8863188381
414	-1.31085769577
415	-1.21500032885
416	-2.02171556232
417	-1.54783001138
418	-1.81362185398
419	-11.0429624524
420	-1.23795817697
421	-1.28139212111
422	-5.0870223384
423	-1.31085769577
424	-1.51181510232
425	-14.3374325885
426	-1.23795817697
427	-1.21500032885
428	-1.70731102207
429	-1.85190189713
430	-1.21500032885
431	-8.45085192916
432	-1.54783001138
433	-1.51181510232
434	-1.3394629628
435	-1.85190189713
436	-1.21500032885
437	-2.02171556232
438	-1.31085769577
439	-1.28139212111
440	-5.31926380591
441	-1.54783001138
442	-1.51181510232
443	-7.79327099288
444	-1.23795817697
445	-1.51181510232
446	-7.6705305541
447	-1.31085769577
448	-1.21500032885
449	-9.93256642395
450	-1.31085769577
451	-1.21500032885
452	-2.02171556232
453	-1.31085769577
454	-1.51181510232
455	-17.9070576028
456	-1.31085769577
457	-1.51181510232
458	-7.79327099288
459	-1.23795817697
460	-1.81362185398
461	-1.44114238666
462	-1.31085769577
463	-8.37770182473
464	-1.3394629628
465	-1.23795817697
466	-1.21500032885
467	-8.13362724034
468	-1.23795817697
469	-1.51181510232
470	-5.31926380591
471	-1.23795817697
472	-1.81362185398
473	-6.20786426003
474	-1.31085769577
475	-1.28139212111
476	-9.27413852619
477	-1.23795817697
478	-1.21500032885
479	-1.44114238666
480	-1.31085769577
481	-1.21500032885
482	-11.3944516682
483	-1.23795817697
484	-1.21500032885
485	-14.8305736534
486	-1.23795817697
487	-1.21500032885
488	-7.6705305541
