#Site	lnL	
0	-5.28458279469
1	-4.8874261394
2	-14.7792878369
3	-5.28458279469
4	-5.03090550726
5	-7.60231963956
6	-4.9540831156
7	-5.03090550726
8	-8.17479215757
9	-5.28458279469
10	-4.8874261394
11	-17.2883337668
12	-4.9540831156
13	-5.19721372018
14	-11.7628271859
15	-5.10665506532
16	-17.4857021397
17	-10.8776916097
18	-19.9166901239
19	-4.8874261394
20	-11.3169791265
21	-4.9540831156
22	-5.19721372018
23	-8.17479215757
24	-5.28458279469
25	-4.8874261394
26	-7.60231963956
27	-9.90829355367
28	-5.34629739597
29	-11.1058753725
30	-4.9540831156
31	-5.34629739597
32	-13.5533936492
33	-5.28458279469
34	-4.8874261394
35	-14.1527652155
36	-4.9540831156
37	-5.34629739597
38	-12.8784140037
39	-5.28458279469
40	-5.34629739597
41	-12.4528960937
42	-9.89254275659
43	-5.03090550726
44	-10.3662855225
45	-5.28458279469
46	-5.34629739597
47	-11.1229678877
48	-4.9540831156
49	-5.03090550726
50	-11.0989246966
51	-5.44516618916
52	-5.03090550726
53	-8.89360066941
54	-5.10665506532
55	-4.8874261394
56	-11.417056253
57	-4.9540831156
58	-5.19721372018
59	-10.8776916097
60	-4.9540831156
61	-4.8874261394
62	-8.89360066941
63	-5.44516618916
64	-5.19721372018
65	-14.1339647162
66	-4.9540831156
67	-5.34629739597
68	-11.3169791265
69	-10.9142140609
70	-4.8874261394
71	-9.83521692913
72	-5.28458279469
73	-12.0073899444
74	-7.60231963956
75	-4.9540831156
76	-4.8874261394
77	-10.3600188595
78	-19.1943252432
79	-11.0240933441
80	-9.66193353187
81	-4.9540831156
82	-5.19721372018
83	-7.60231963956
84	-5.28458279469
85	-4.8874261394
86	-12.1308188142
87	-4.9540831156
88	-5.19721372018
89	-14.559760609
90	-4.9540831156
91	-5.34629739597
92	-9.88451215999
93	-5.10665506532
94	-4.8874261394
95	-10.750052029
96	-5.44516618916
97	-4.8874261394
98	-11.8645495738
99	-5.44516618916
100	-4.8874261394
101	-12.0215240505
102	-4.9540831156
103	-5.19721372018
104	-11.7966929367
105	-12.7827053559
106	-5.19721372018
107	-12.4529567306
108	-5.44516618916
109	-5.19721372018
110	-8.17479215757
111	-5.44516618916
112	-5.03090550726
113	-12.7566908719
114	-5.28458279469
115	-4.8874261394
116	-11.8561403338
117	-5.44516618916
118	-4.8874261394
119	-9.59272471954
120	-10.2081501666
121	-5.34629739597
122	-9.88164650483
123	-5.10665506532
124	-5.34629739597
125	-8.89360066941
126	-5.28458279469
127	-4.8874261394
128	-8.89360066941
129	-4.9540831156
130	-5.19721372018
131	-8.89360066941
132	-4.9540831156
133	-4.8874261394
134	-8.17479215757
135	-5.10665506532
136	-4.8874261394
137	-9.59272471954
138	-4.9540831156
139	-5.19721372018
140	-12.677948575
141	-5.44516618916
142	-4.8874261394
143	-9.39256487019
144	-4.9540831156
145	-5.03090550726
146	-7.60231963956
147	-4.9540831156
148	-5.34629739597
149	-7.60231963956
150	-5.44516618916
151	-5.19721372018
152	-16.2926399274
153	-5.10665506532
154	-5.03090550726
155	-8.17479215757
156	-5.10665506532
157	-4.8874261394
158	-14.27581196
159	-10.8692952639
160	-5.34629739597
161	-8.17479215757
162	-5.44516618916
163	-4.8874261394
164	-8.17479215757
165	-4.9540831156
166	-5.03090550726
167	-9.48499126777
168	-5.44516618916
169	-5.19721372018
170	-10.2834682974
171	-5.10665506532
172	-5.03090550726
173	-11.4534513069
174	-5.10665506532
175	-5.34629739597
176	-7.60231963956
177	-5.44516618916
178	-5.34629739597
179	-11.7628271859
180	-5.44516618916
181	-5.03090550726
182	-9.88164650483
183	-5.44516618916
184	-5.03090550726
185	-8.17479215757
186	-13.1815323825
187	-4.8874261394
188	-12.3388539934
189	-5.44516618916
190	-5.19721372018
191	-9.59272471954
192	-5.28458279469
193	-5.34629739597
194	-10.4305925342
195	-4.9540831156
196	-4.8874261394
197	-16.6759610632
198	-9.233528208
199	-5.34629739597
200	-9.59272471954
201	-5.10665506532
202	-5.03090550726
203	-13.73304443
204	-5.44516618916
205	-4.8874261394
206	-9.50031692854
207	-5.28458279469
208	-4.8874261394
209	-9.88451215999
210	-4.9540831156
211	-5.19721372018
212	-9.50031692854
213	-5.10665506532
214	-5.34629739597
215	-8.17479215757
216	-4.9540831156
217	-4.8874261394
218	-8.17479215757
219	-5.44516618916
220	-5.19721372018
221	-9.48499126777
222	-5.28458279469
223	-5.03090550726
224	-8.89360066941
225	-12.7716025076
226	-4.8874261394
227	-8.17479215757
228	-5.28458279469
229	-4.8874261394
230	-9.56079930712
231	-4.9540831156
232	-5.19721372018
233	-10.7145101078
234	-5.10665506532
235	-5.03090550726
236	-13.8473114946
237	-4.9540831156
238	-5.03090550726
239	-8.89806466955
240	-5.28458279469
241	-4.8874261394
242	-13.849224693
243	-4.9540831156
244	-4.8874261394
245	-8.89806466955
246	-5.10665506532
247	-5.19721372018
248	-8.89360066941
249	-4.9540831156
250	-5.19721372018
251	-12.1118056442
252	-5.28458279469
253	-5.03090550726
254	-13.5639292869
255	-5.10665506532
256	-5.19721372018
257	-9.47168125826
258	-4.9540831156
259	-5.19721372018
260	-13.8892833765
261	-5.10665506532
262	-4.8874261394
263	-12.3774949986
264	-4.9540831156
265	-5.19721372018
266	-18.2191594121
267	-4.9540831156
268	-11.3592865162
269	-10.9421000815
270	-5.44516618916
271	-4.8874261394
272	-12.6978181172
273	-5.10665506532
274	-5.03090550726
275	-9.94059815782
276	-5.44516618916
277	-5.03090550726
278	-8.17479215757
279	-5.10665506532
280	-5.34629739597
281	-12.3975565266
282	-4.9540831156
283	-5.19721372018
284	-9.46408944583
285	-5.10665506532
286	-5.34629739597
287	-11.3814886956
288	-10.217989044
289	-5.19721372018
290	-11.4002670917
291	-4.9540831156
292	-5.03090550726
293	-17.0411944635
294	-4.9540831156
295	-5.03090550726
296	-9.59272471954
297	-5.44516618916
298	-5.03090550726
299	-7.60231963956
300	-5.10665506532
301	-5.19721372018
302	-10.4395638732
303	-5.10665506532
304	-4.8874261394
305	-10.7145101078
306	-4.9540831156
307	-5.03090550726
308	-7.60231963956
309	-5.44516618916
310	-5.03090550726
311	-11.4534513069
312	-5.28458279469
313	-5.19721372018
314	-7.60231963956
315	-5.10665506532
316	-4.8874261394
317	-11.9088730814
318	-5.10665506532
319	-4.8874261394
320	-9.88164650483
321	-5.10665506532
322	-4.8874261394
323	-7.60231963956
324	-5.28458279469
325	-5.19721372018
326	-11.5942321624
327	-4.9540831156
328	-5.19721372018
329	-14.9828174571
330	-5.10665506532
331	-4.8874261394
332	-7.60231963956
333	-5.44516618916
334	-5.19721372018
335	-9.46408944583
336	-4.9540831156
337	-5.34629739597
338	-7.60231963956
339	-5.44516618916
340	-5.34629739597
341	-8.17479215757
342	-4.9540831156
343	-5.34629739597
344	-9.75818203511
345	-5.10665506532
346	-5.03090550726
347	-10.9062771407
348	-5.10665506532
349	-5.03090550726
350	-16.8508245071
351	-5.10665506532
352	-5.03090550726
353	-7.60231963956
354	-5.10665506532
355	-4.8874261394
356	-8.89360066941
357	-10.2358917633
358	-14.4102023418
359	-7.60231963956
360	-4.9540831156
361	-5.19721372018
362	-8.89360066941
363	-5.28458279469
364	-5.34629739597
365	-11.8427885911
366	-5.10665506532
367	-4.8874261394
368	-11.1115893627
369	-5.10665506532
370	-5.03090550726
371	-7.60231963956
372	-5.44516618916
373	-5.03090550726
374	-11.1946777445
375	-5.10665506532
376	-5.34629739597
377	-11.2930705485
378	-4.9540831156
379	-5.19721372018
380	-14.1893686791
381	-5.44516618916
382	-5.34629739597
383	-7.60231963956
384	-5.44516618916
385	-5.03090550726
386	-11.4797887739
387	-4.9540831156
388	-5.03090550726
389	-10.41069182
390	-4.9540831156
391	-4.8874261394
392	-9.48354106496
393	-5.28458279469
394	-5.34629739597
395	-7.60231963956
396	-5.28458279469
397	-4.8874261394
398	-12.0976330468
399	-5.10665506532
400	-4.8874261394
401	-17.6038637811
402	-5.28458279469
403	-5.34629739597
404	-10.6322820123
405	-4.9540831156
406	-5.34629739597
407	-9.94059815782
408	-5.44516618916
409	-4.8874261394
410	-17.0132081958
411	-5.10665506532
412	-5.34629739597
413	-8.17479215757
414	-4.9540831156
415	-5.34629739597
416	-8.89806466955
417	-4.9540831156
418	-5.03090550726
419	-8.17479215757
420	-5.44516618916
421	-5.34629739597
422	-7.60231963956
423	-5.28458279469
424	-5.19721372018
425	-9.46408944583
426	-5.10665506532
427	-5.03090550726
428	-10.6322820123
429	-5.44516618916
430	-4.8874261394
431	-11.1945278085
432	-4.9540831156
433	-5.34629739597
434	-7.60231963956
435	-5.28458279469
436	-4.8874261394
437	-14.9955683093
438	-5.10665506532
439	-5.19721372018
440	-10.7145101078
441	-4.9540831156
442	-5.19721372018
443	-8.17479215757
444	-4.9540831156
445	-4.8874261394
446	-11.3169791265
447	-4.9540831156
448	-5.34629739597
449	-8.17479215757
450	-5.44516618916
451	-5.19721372018
452	-16.0665745082
453	-12.2968476517
454	-4.8874261394
455	-7.60231963956
456	-4.9540831156
457	-5.03090550726
458	-12.7592547521
459	-5.28458279469
460	-4.8874261394
461	-10.3600188595
462	-4.9540831156
463	-5.03090550726
464	-9.30357754943
465	-5.28458279469
466	-5.19721372018
467	-12.4733536303
468	-4.9540831156
469	-5.19721372018
470	-11.7628271859
471	-13.4916293659
472	-5.34629739597
473	-9.59272471954
474	-15.846525439
475	-5.34629739597
476	-12.8322598827
477	-5.10665506532
478	-5.19721372018
479	-8.89360066941
480	-5.10665506532
481	-4.8874261394
482	-9.75818203511
483	-4.9540831156
484	-4.8874261394
485	-15.8179398921
486	-5.10665506532
487	-5.03090550726
488	-10.2834682974
