# log_p 	 lnL 	 
0.0	-1673.73298793	
-0.287682072452	-1673.72944118	
-0.510825623766	-1673.72418724	
-0.69314718056	-1673.71833717	
-0.847297860387	-1673.71220469	
-0.980829253012	-1673.70570915	
-1.09861228867	-1673.69859855	
-1.20397280433	-1673.69055638	
-1.29928298413	-1673.68127064	
-1.38629436112	-1673.67048326	
-1.46633706879	-1673.65801957	
-1.54044504095	-1673.6437989	
-1.60943791243	-1673.62783	
-1.67397643357	-1673.61019716	
-1.73460105539	-1673.59104161	
-1.79175946923	-1673.57054235	
-1.8458266905	-1673.54889873	
-1.89711998489	-1673.52631599	
-1.94591014906	-1673.50299425	
-1.99243016469	-1673.4791208	
-2.03688192726	-1673.4548652	
-2.07944154168	-1673.43037676	
-2.1202635362	-1673.40578363	
-2.15948424935	-1673.38119333	
-2.19722457734	-1673.35669387	
-2.23359222151	-1673.3323556	
-2.26868354132	-1673.30823307	
-2.30258509299	-1673.28436718	
-2.33537491582	-1673.26078711	
-2.36712361413	-1673.23751223	
-2.3978952728	-1673.21455379	
-2.42774823595	-1673.19191644	
-2.45673577282	-1673.16959957	
-2.48490664979	-1673.14759847	
-2.51230562398	-1673.12590526	
-2.53897387106	-1673.10450979	
-2.56494935746	-1673.08340022	
-2.59026716545	-1673.06256368	
-2.61495977804	-1673.04198664	
-2.63905732962	-1673.02165536	
-2.66258782703	-1673.00155609	
-2.68557734525	-1672.98167537	
-2.7080502011	-1672.96200016	
-2.73002910782	-1672.94251796	
-2.75153531304	-1672.92321695	
-2.77258872224	-1672.90408597	
-2.79320800944	-1672.88511464	
-2.81341071676	-1672.86629331	
-2.83321334406	-1672.84761309	
-2.85263142991	-1672.82906586	
-2.87167962488	-1672.81064418	
-2.8903717579	-1672.79234136	
-2.90872089656	-1672.77415132	
-2.92673940207	-1672.75606867	
-2.94443897917	-1672.73808856	
-2.96183072188	-1672.72020671	
-2.97892515524	-1672.70241937	
-2.99573227355	-1672.68472325	
-3.01226157551	-1672.6671155	
-3.02852209638	-1672.64959366	
-3.04452243772	-1672.63215564	
-3.06027079469	-1672.61479968	
-3.07577498123	-1672.59752432	
-3.09104245336	-1672.58032836	
-3.10608033072	-1672.56321082	
-3.12089541651	-1672.54617098	
-3.13549421593	-1672.52920825	
-3.14988295338	-1672.51232223	
-3.16406758837	-1672.49551266	
-3.17805383035	-1672.4787794	
-3.19184715248	-1672.46212241	
-3.20545280454	-1672.44554175	
-3.21887582487	-1672.42903753	
-3.23212105162	-1672.41260994	
-3.24519313319	-1672.39625922	
-3.25809653802	-1672.37998564	
-3.2708355638	-1672.36378948	
-3.28341434601	-1672.34767107	
-3.295836866	-1672.33163074	
-3.3081069586	-1672.31566882	
-3.32022831913	-1672.29978565	
-3.33220451018	-1672.28398155	
-3.34403896782	-1672.26825686	
-3.35573500759	-1672.25261187	
-3.36729582999	-1672.23704688	
-3.37872452581	-1672.22156216	
-3.39002408106	-1672.20615798	
-3.40119738166	-1672.19083457	
-3.41224721785	-1672.17559214	
-3.42317628838	-1672.16043089	
-3.43398720449	-1672.14535097	
-3.4446824936	-1672.13035253	
-3.45526460293	-1672.1154357	
-3.4657359028	-1672.10060057	
-3.47609868984	-1672.08584722	
-3.48635519	-1672.07117569	
-3.49650756147	-1672.05658602	
-3.50655789732	-1672.04207822	
-3.51650822817	-1672.02765228	
-3.52636052462	-1672.01330816	
-3.53611669956	-1671.99904582	
-3.54577861047	-1671.98486519	
-3.55534806149	-1671.9707662	
-3.56482680544	-1671.95674874	
-3.57421654579	-1671.94281271	
-3.58351893846	-1671.92895797	
-3.59273559356	-1671.91518439	
-3.60186807712	-1671.90149183	
-3.61091791264	-1671.88788011	
-3.61988658263	-1671.87434908	
-3.62877553004	-1671.86089856	
-3.63758615973	-1671.84752835	
-3.6463198397	-1671.83423826	
-3.65497790244	-1671.8210281	
-3.66356164613	-1671.80789766	
-3.6720723358	-1671.79484672	
-3.68051120444	-1671.78187507	
-3.68887945411	-1671.76898249	
-3.69717825693	-1671.75616876	
-3.70540875607	-1671.74343364	
-3.7135720667	-1671.73077691	
-3.72166927694	-1671.71819833	
-3.72970144863	-1671.70569767	
-3.73766961828	-1671.6932747	
-3.74557479779	-1671.68092917	
-3.75341797525	-1671.66866085	
-3.76120011569	-1671.65646949	
-3.76892216179	-1671.64435487	
-3.77658503453	-1671.63231673	
-3.78418963392	-1671.62035483	
-3.79173683955	-1671.60846894	
-3.79922751128	-1671.59665882	
-3.80666248977	-1671.58492421	
-3.81404259707	-1671.57326488	
-3.82136863716	-1671.56168059	
-3.82864139649	-1671.55017109	
-3.83586164446	-1671.53873615	
-3.84303013394	-1671.52737552	
-3.85014760171	-1671.51608896	
-3.85721476893	-1671.50487622	
-3.86423234159	-1671.49373708	
-3.87120101091	-1671.48267127	
-3.87812145375	-1671.47167857	
-3.88499433304	-1671.46075873	
-3.89182029811	-1671.4499115	
-3.8985999851	-1671.43913665	
-3.90533401728	-1671.42843392	
-3.91202300543	-1671.41780308	
-3.91866754815	-1671.40724389	
-3.92526823218	-1671.39675609	
-3.93182563272	-1671.38633943	
-3.93834031375	-1671.37599369	
-3.94481282825	-1671.36571859	
-3.95124371858	-1671.35551391	
-3.95763351668	-1671.34537938	
-3.96398274436	-1671.33531476	
-3.97029191355	-1671.32531979	
-3.97656152657	-1671.31539422	
-3.98279207632	-1671.30553781	
-3.98898404656	-1671.29575028	
-3.99513791214	-1671.28603139	
-4.00125413916	-1671.27638088	
-4.00733318523	-1671.26679848	
-4.01337549969	-1671.25728394	
-4.01938152375	-1671.24783699	
-4.02535169074	-1671.23845738	
-4.03128642625	-1671.22914482	
-4.03718614838	-1671.21989906	
-4.04305126783	-1671.21071983	
-4.04888218815	-1671.20160685	
-4.05467930583	-1671.19255985	
-4.06044301055	-1671.18357856	
-4.06617368526	-1671.17466271	
-4.07187170637	-1671.16581201	
-4.07753744391	-1671.15702619	
-4.08317126162	-1671.14830496	
-4.08877351717	-1671.13964805	
-4.09434456222	-1671.13105516	
-4.0998847426	-1671.12252602	
-4.10539439841	-1671.11406033	
-4.11087386417	-1671.10565781	
-4.11632346894	-1671.09731817	
-4.12174353641	-1671.08904111	
-4.12713438505	-1671.08082634	
-4.13249632819	-1671.07267356	
-4.13782967416	-1671.06458249	
-4.14313472639	-1671.05655281	
-4.14841178349	-1671.04858424	
-4.15366113938	-1671.04067647	
-4.15888308336	-1671.03282919	
-4.16407790024	-1671.02504212	
-4.1692458704	-1671.01731493	
-4.1743872699	-1671.00964734	
-4.17950237056	-1671.00203902	
-4.18459144007	-1670.99448967	
-4.18965474203	-1670.98699899	
-4.19469253606	-1670.97956666	
-4.19970507788	-1670.97219237	
-4.20469261939	-1670.96487582	
-4.20965540873	-1670.95761669	
-4.21459369037	-1670.95041466	
-4.21950770518	-1670.94326943	
-4.22439769047	-1670.93618067	
-4.22926388012	-1670.92914808	
-4.2341065046	-1670.92217134	
-4.23892579103	-1670.91525013	
-4.2437219633	-1670.90838413	
-4.24849524205	-1670.90157304	
-4.25324584481	-1670.89481652	
-4.257973986	-1670.88811427	
-4.26267987704	-1670.88146597	
-4.26736372635	-1670.8748713	
-4.27202573946	-1670.86832994	
-4.27666611902	-1670.86184157	
-4.28128506487	-1670.85540588	
-4.28588277412	-1670.84902254	
-4.29045944115	-1670.84269124	
-4.29501525768	-1670.83641167	
-4.29955041285	-1670.8301835	
-4.3040650932	-1670.82400641	
-4.30855948279	-1670.81788009	
-4.31303376319	-1670.81180423	
-4.31748811354	-1670.8057785	
-4.3219227106	-1670.79980259	
-4.32633772881	-1670.79387619	
-4.33073334029	-1670.78799897	
-4.33510971489	-1670.78217062	
-4.33946702026	-1670.77639084	
-4.34380542185	-1670.7706593	
-4.348125083	-1670.7649757	
-4.3524261649	-1670.75933971	
-4.35670882669	-1670.75375104	
-4.36097322548	-1670.74820936	
-4.36521951636	-1670.74271437	
-4.36944785247	-1670.73726577	
-4.373658385	-1670.73186323	
-4.37785126326	-1670.72650646	
-4.38202663467	-1670.72119514	
-4.38618464482	-1670.71592898	
-4.39032543749	-1670.71070766	
-4.39444915467	-1670.70553089	
-4.39855593663	-1670.70039836	
-4.40264592188	-1670.69530977	
-4.40671924726	-1670.69026481	
-4.41077604796	-1670.6852632	
-4.4148164575	-1670.68030463	
-4.4188406078	-1670.67538881	
-4.42284862919	-1670.67051543	
-4.42684065046	-1670.66568421	
-4.43081679884	-1670.66089486	
-4.43477720006	-1670.65614707	
-4.43872197835	-1670.65144056	
-4.44265125649	-1670.64677504	
-4.44656515581	-1670.64215022	
-4.45046379623	-1670.63756582	
-4.45434729625	-1670.63302154	
-4.45821577303	-1670.62851711	
-4.46206934235	-1670.62405225	
-4.46590811865	-1670.61962666	
-4.46973221509	-1670.61524007	
-4.47354174351	-1670.61089221	
-4.47733681448	-1670.60658279	
-4.48111753732	-1670.60231155	
-4.48488402011	-1670.5980782	
-4.48863636973	-1670.59388247	
-4.49237469184	-1670.58972409	
-4.49609909093	-1670.5856028	
-4.49980967033	-1670.58151831	
-4.50350653221	-1670.57747038	
-4.50718977763	-1670.57345873	
-4.51085950652	-1670.56948309	
-4.51451581772	-1670.56554321	
-4.518158809	-1670.56163883	
-4.52178857705	-1670.55776968	
-4.52540521752	-1670.55393551	
-4.52900882502	-1670.55013606	
-4.53259949315	-1670.54637108	
-4.5361773145	-1670.54264031	
-4.53974238067	-1670.53894351	
-4.54329478227	-1670.53528042	
-4.54683460898	-1670.53165079	
-4.55036194949	-1670.52805438	
-4.5538768916	-1670.52449095	
-4.55737952215	-1670.52096024	
-4.56086992709	-1670.51746202	
-4.56434819147	-1670.51399605	
-4.56781439944	-1670.51056209	
-4.57126863431	-1670.50715989	
-4.5747109785	-1670.50378923	
-4.5781415136	-1670.50044987	
-4.58156032035	-1670.49714158	
-4.58496747867	-1670.49386413	
-4.58836306767	-1670.49061728	
-4.59174716566	-1670.48740081	
-4.59511985013	-1670.48421449	
-4.59848119784	-1670.4810581	
-4.60183128472	-1670.47793141	
-4.60517018599	-1670.47483421	
-4.60849797608	-1670.47176626	
-4.61181472871	-1670.46872736	
-4.61512051684	-1670.46571729	
-4.61841541274	-1670.46273582	
-4.62169948794	-1670.45978275	
-4.62497281328	-1670.45685787	
-4.62823545892	-1670.45396095	
-4.63148749431	-1670.4510918	
-4.63472898823	-1670.4482502	
-4.63796000881	-1670.44543595	
-4.64118062351	-1670.44264884	
-4.64439089914	-1670.43988867	
-4.64759090187	-1670.43715523	
-4.65078069724	-1670.43444833	
-4.65396035016	-1670.43176777	
-4.65712992492	-1670.42911334	
-4.66028948521	-1670.42648485	
-4.66343909411	-1670.42388212	
-4.66657881412	-1670.42130493	
-4.66970870713	-1670.41875311	
-4.67282883446	-1670.41622646	
-4.67593925688	-1670.41372479	
-4.67904003455	-1670.41124791	
-4.68213122712	-1670.40879564	
-4.68521289366	-1670.40636779	
-4.6882850927	-1670.40396418	
-4.69134788223	-1670.40158463	
-4.69440131972	-1670.39922895	
-4.6974454621	-1670.39689697	
-4.70048036579	-1670.3945885	
-4.70350608671	-1670.39230338	
-4.70652268025	-1670.39004142	
-4.70953020131	-1670.38780245	
-4.71252870431	-1670.38558631	
-4.71551824316	-1670.38339281	
-4.7184988713	-1670.38122178	
-4.72147064168	-1670.37907307	
-4.72443360681	-1670.37694649	
-4.72738781871	-1670.37484189	
-4.73033332894	-1670.3727591	
-4.73327018862	-1670.37069796	
-4.73619844839	-1670.3686583	
-4.7391181585	-1670.36663996	
-4.74202936871	-1670.36464278	
-4.74493212836	-1670.36266661	
-4.74782648639	-1670.36071128	
-4.75071249128	-1670.35877664	
-4.75359019111	-1670.35686254	
-4.75645963353	-1670.35496882	
-4.75932086582	-1670.35309533	
-4.7621739348	-1670.35124191	
-4.76501888693	-1670.34940842	
-4.76785576827	-1670.34759471	
-4.77068462447	-1670.34580063	
-4.77350550081	-1670.34402603	
-4.77631844218	-1670.34227077	
-4.77912349311	-1670.3405347	
-4.78192069773	-1670.33881768	
-4.78471009982	-1670.33711957	
-4.78749174278	-1670.33544023	
-4.79026566966	-1670.33377951	
-4.79303192316	-1670.33213728	
-4.7957905456	-1670.3305134	
-4.79854157897	-1670.32890773	
-4.80128506491	-1670.32732014	
-4.80402104473	-1670.3257505	
-4.80674955939	-1670.32419866	
-4.8094706495	-1670.3226645	
-4.81218435537	-1670.32114789	
-4.81489071697	-1670.31964869	
-4.81758977394	-1670.31816678	
-4.82028156561	-1670.31670203	
-4.82296613098	-1670.3152543	
-4.82564350875	-1670.31382348	
-4.8283137373	-1670.31240944	
-4.83097685472	-1670.31101206	
-4.83363289878	-1670.3096312	
-4.83628190695	-1670.30826676	
-4.83892391641	-1670.3069186	
-4.84155896405	-1670.30558661	
-4.84418708646	-1670.30427067	
-4.84680831994	-1670.30297066	
-4.84942270051	-1670.30168646	
-4.85203026392	-1670.30041796	
-4.85463104562	-1670.29916503	
-4.8572250808	-1670.29792757	
-4.85981240436	-1670.29670546	
-4.86239305096	-1670.29549859	
-4.86496705495	-1670.29430685	
-4.86753445046	-1670.29313011	
-4.87009527132	-1670.29196829	
-4.87264955112	-1670.29082126	
-4.8751973232	-1670.28968891	
-4.87773862063	-1670.28857115	
-4.88027347623	-1670.28746785	
-4.88280192259	-1670.28637893	
-4.88532399202	-1670.28530426	
-4.88783971662	-1670.28424375	
-4.89034912822	-1670.28319729	
-4.89285225844	-1670.28216478	
-4.89534913864	-1670.28114612	
-4.89783979995	-1670.28014121	
-4.90032427328	-1670.27914995	
-4.90280258929	-1670.27817223	
-4.90527477844	-1670.27720796	
-4.90774087093	-1670.27625704	
-4.91020089677	-1670.27531938	
-4.91265488574	-1670.27439487	
-4.91510286737	-1670.27348342	
-4.91754487103	-1670.27258494	
-4.91998092583	-1670.27169934	
-4.92241106068	-1670.27082651	
-4.92483530429	-1670.26996637	
-4.92725368516	-1670.26911882	
-4.92966623156	-1670.26828378	
-4.93207297159	-1670.26746115	
-4.93447393313	-1670.26665084	
-4.93686914386	-1670.26585277	
-4.93925863125	-1670.26506685	
-4.94164242261	-1670.26429298	
-4.94402054501	-1670.26353108	
-4.94639302537	-1670.26278107	
-4.94875989038	-1670.26204286	
-4.95112116656	-1670.26131636	
-4.95347688026	-1670.26060149	
-4.9558270576	-1670.25989817	
-4.95817172456	-1670.25920631	
-4.96051090691	-1670.25852583	
-4.96284463026	-1670.25785665	
-4.96517292002	-1670.25719869	
-4.96749580144	-1670.25655187	
-4.96981329958	-1670.25591611	
-4.97212543933	-1670.25529132	
-4.97443224543	-1670.25467744	
-4.97673374242	-1670.25407438	
-4.97902995468	-1670.25348206	
-4.98132090643	-1670.25290042	
-4.98360662171	-1670.25232936	
-4.98588712441	-1670.25176882	
-4.98816243824	-1670.25121873	
-4.99043258678	-1670.250679	
-4.99269759341	-1670.25014957	
-4.99495748138	-1670.24963035	
-4.99721227376	-1670.24912129	
-4.9994619935	-1670.2486223	
-5.00170666335	-1670.24813331	
-5.00394630595	-1670.24765426	
-5.00618094375	-1670.24718507	
-5.00841059907	-1670.24672567	
-5.0106352941	-1670.246276	
-5.01285505083	-1670.24583598	
-5.01506989116	-1670.24540555	
-5.01727983681	-1670.24498464	
-5.01948490937	-1670.24457318	
-5.02168513028	-1670.2441711	
-5.02388052085	-1670.24377834	
-5.02607110223	-1670.24339484	
-5.02825689545	-1670.24302052	
-5.03043792139	-1670.24265533	
-5.03261420082	-1670.2422992	
-5.03478575433	-1670.24195206	
-5.03695260241	-1670.24161385	
-5.03911476542	-1670.24128451	
-5.04127226356	-1670.24096398	
-5.04342511692	-1670.2406522	
-5.04557334546	-1670.2403491	
-5.047716969	-1670.24005462	
-5.04985600725	-1670.2397687	
-5.05199047978	-1670.23949129	
-5.05412040604	-1670.23922232	
-5.05624580535	-1670.23896174	
-5.05836669692	-1670.23870948	
-5.06048309982	-1670.23846549	
-5.06259503303	-1670.23822971	
-5.06470251537	-1670.23800208	
-5.06680556556	-1670.23778255	
-5.06890420222	-1670.23757105	
-5.07099844382	-1670.23736754	
-5.07308830874	-1670.23717196	
-5.07517381523	-1670.23698426	
-5.07725498144	-1670.23680437	
-5.07933182538	-1670.23663224	
-5.08140436498	-1670.23646782	
-5.08347261805	-1670.23631107	
-5.08553660227	-1670.23616191	
-5.08759633523	-1670.23602031	
-5.08965183441	-1670.2358862	
-5.09170311719	-1670.23575954	
-5.09375020081	-1670.23564028	
-5.09579310244	-1670.23552836	
-5.09783183913	-1670.23542373	
-5.09986642782	-1670.23532635	
-5.10189688537	-1670.23523616	
-5.10392322852	-1670.23515311	
-5.1059454739	-1670.23507716	
-5.10796363806	-1670.23500825	
-5.10997773743	-1670.23494634	
-5.11198778836	-1670.23489138	
-5.11399380708	-1670.23484332	
-5.11599580975	-1670.23480212	
-5.11799381242	-1670.23476772	
-5.11998783102	-1670.23474008	
-5.12197788143	-1670.23471915	
-5.1239639794	-1670.23470489	
-5.12594614061	-1670.23469725	
-5.12792438062	-1670.23469619	
-5.12989871492	-1670.23470166	
-5.13186915891	-1670.23471362	
-5.13383572788	-1670.23473202	
-5.13579843705	-1670.23475681	
-5.13775730154	-1670.23478797	
-5.13971233637	-1670.23482543	
-5.1416635565	-1670.23486916	
-5.14361097679	-1670.23491911	
-5.145554612	-1670.23497525	
-5.14749447681	-1670.23503753	
-5.14943058584	-1670.23510591	
-5.15136295359	-1670.23518034	
-5.1532915945	-1670.23526079	
-5.15521652291	-1670.23534722	
-5.15713775309	-1670.23543958	
-5.15905529921	-1670.23553784	
-5.1609691754	-1670.23564195	
-5.16287939565	-1670.23575187	
-5.16478597392	-1670.23586757	
-5.16668892407	-1670.235989	
-5.16858825987	-1670.23611613	
-5.17048399504	-1670.23624892	
-5.17237614319	-1670.23638733	
-5.17426471788	-1670.23653132	
-5.17614973257	-1670.23668086	
-5.17803120067	-1670.2368359	
-5.1799091355	-1670.23699641	
-5.18178355029	-1670.23716236	
-5.18365445823	-1670.23733369	
-5.1855218724	-1670.23751039	
-5.18738580584	-1670.23769242	
-5.18924627149	-1670.23787973	
-5.19110328224	-1670.23807229	
-5.19295685089	-1670.23827006	
-5.19480699018	-1670.23847302	
-5.19665371277	-1670.23868113	
-5.19849703127	-1670.23889434	
-5.20033695819	-1670.23911263	
-5.202173506	-1670.23933597	
-5.20400668708	-1670.23956432	
-5.20583651375	-1670.23979764	
-5.20766299828	-1670.2400359	
-5.20948615284	-1670.24027907	
-5.21130598956	-1670.24052712	
-5.21312252048	-1670.24078001	
-5.21493575761	-1670.24103771	
-5.21674571285	-1670.24130019	
-5.21855239808	-1670.24156741	
-5.22035582508	-1670.24183935	
-5.22215600558	-1670.24211597	
-5.22395295126	-1670.24239725	
-5.22574667371	-1670.24268314	
-5.22753718449	-1670.24297363	
-5.22932449506	-1670.24326867	
-5.23110861685	-1670.24356824	
-5.23288956123	-1670.24387231	
-5.23466733947	-1670.24418085	
-5.23644196283	-1670.24449383	
-5.23821344248	-1670.24481121	
-5.23998178954	-1670.24513297	
-5.24174701506	-1670.24545909	
-5.24350913005	-1670.24578952	
-5.24526814546	-1670.24612425	
-5.24702407216	-1670.24646324	
-5.24877692099	-1670.24680646	
-5.25052670271	-1670.24715389	
-5.25227342805	-1670.2475055	
-5.25401710765	-1670.24786126	
-5.25575775213	-1670.24822115	
-5.25749537203	-1670.24858513	
-5.25922997784	-1670.24895318	
-5.26096158	-1670.24932527	
-5.2626901889	-1670.24970137	
-5.26441581487	-1670.25008146	
-5.26613846818	-1670.25046552	
-5.26785815906	-1670.25085351	
-5.26957489768	-1670.25124541	
-5.27128869416	-1670.25164119	
-5.27299955856	-1670.25204083	
-5.27470750091	-1670.2524443	
-5.27641253116	-1670.25285157	
-5.27811465923	-1670.25326263	
-5.27981389498	-1670.25367745	
-5.28151024823	-1670.25409599	
-5.28320372874	-1670.25451824	
-5.28489434622	-1670.25494417	
-5.28658211033	-1670.25537376	
-5.28826703069	-1670.25580698	
-5.28994911688	-1670.25624382	
-5.2916283784	-1670.25668423	
-5.29330482472	-1670.25712821	
-5.29497846528	-1670.25757572	
-5.29664930945	-1670.25802675	
-5.29831736655	-1670.25848127	
-5.29998264587	-1670.25893926	
-5.30164515664	-1670.2594007	
-5.30330490806	-1670.25986555	
-5.30496190927	-1670.26033381	
-5.30661616936	-1670.26080544	
-5.3082676974	-1670.26128042	
-5.30991650239	-1670.26175874	
-5.3115625933	-1670.26224037	
-5.31320597904	-1670.26272529	
-5.3148466685	-1670.26321348	
-5.3164846705	-1670.26370491	
-5.31811999384	-1670.26419956	
-5.31975264727	-1670.26469742	
-5.32138263948	-1670.26519845	
-5.32300997914	-1670.26570265	
-5.32463467487	-1670.26620999	
-5.32625673524	-1670.26672044	
-5.32787616879	-1670.267234	
-5.32949298402	-1670.26775063	
-5.33110718937	-1670.26827032	
-5.33271879327	-1670.26879305	
-5.33432780407	-1670.26931879	
-5.33593423012	-1670.26984753	
-5.3375380797	-1670.27037925	
-5.33913936107	-1670.27091392	
-5.34073808243	-1670.27145153	
-5.34233425196	-1670.27199207	
-5.3439278778	-1670.2725355	
-5.34551896803	-1670.27308181	
-5.34710753072	-1670.27363098	
-5.34869357387	-1670.274183	
-5.35027710548	-1670.27473784	
-5.35185813348	-1670.27529548	
-5.35343666577	-1670.27585591	
-5.35501271022	-1670.27641911	
-5.35658627467	-1670.27698506	
-5.3581573669	-1670.27755374	
-5.35972599468	-1670.27812513	
-5.36129216571	-1670.27869922	
-5.36285588769	-1670.27927599	
-5.36441716825	-1670.27985542	
-5.36597601502	-1670.28043749	
-5.36753243557	-1670.28102218	
-5.36908643744	-1670.28160949	
-5.37063802813	-1670.28219938	
-5.37218721511	-1670.28279185	
-5.37373400583	-1670.28338687	
-5.37527840768	-1670.28398444	
-5.37682042804	-1670.28458452	
-5.37836007422	-1670.28518711	
-5.37989735354	-1670.2857922	
-5.38143227326	-1670.28639975	
-5.38296484061	-1670.28700976	
-5.38449506279	-1670.28762222	
-5.38602294697	-1670.28823709	
-5.38754850028	-1670.28885438	
-5.38907172982	-1670.28947406	
-5.39059264266	-1670.29009611	
-5.39211124583	-1670.29072053	
-5.39362754635	-1670.29134729	
-5.39514155118	-1670.29197638	
-5.39665326727	-1670.29260778	
-5.39816270152	-1670.29324149	
-5.39966986081	-1670.29387748	
-5.40117475199	-1670.29451573	
-5.40267738187	-1670.29515624	
-5.40417775725	-1670.29579899	
-5.40567588487	-1670.29644396	
-5.40717177146	-1670.29709115	
-5.40866542372	-1670.29774052	
-5.4101568483	-1670.29839208	
-5.41164605186	-1670.2990458	
-5.41313304098	-1670.29970167	
-5.41461782224	-1670.30035968	
-5.4161004022	-1670.30101982	
-5.41758078737	-1670.30168206	
-5.41905898424	-1670.30234639	
-5.42053499927	-1670.30301281	
-5.42200883889	-1670.30368129	
-5.4234805095	-1670.30435183	
-5.42495001748	-1670.3050244	
-5.42641736918	-1670.305699	
-5.4278825709	-1670.30637562	
-5.42934562895	-1670.30705423	
-5.43080654959	-1670.30773483	
-5.43226533906	-1670.3084174	
-5.43372200355	-1670.30910193	
-5.43517654927	-1670.30978841	
-5.43662898235	-1670.31047682	
-5.43807930892	-1670.31116715	
-5.4395275351	-1670.31185938	
-5.44097366695	-1670.31255352	
-5.44241771052	-1670.31324953	
-5.44385967184	-1670.31394742	
-5.4452995569	-1670.31464716	
-5.44673737167	-1670.31534874	
-5.44817312209	-1670.31605216	
-5.44960681409	-1670.3167574	
-5.45103845357	-1670.31746445	
-5.45246804638	-1670.31817329	
-5.45389559837	-1670.31888391	
-5.45532111536	-1670.31959631	
-5.45674460314	-1670.32031047	
-5.45816606749	-1670.32102637	
-5.45958551414	-1670.32174402	
-5.46100294883	-1670.32246338	
-5.46241837723	-1670.32318446	
-5.46383180503	-1670.32390725	
-5.46524323786	-1670.32463172	
-5.46665268137	-1670.32535787	
-5.46806014114	-1670.32608569	
-5.46946562274	-1670.32681516	
-5.47086913175	-1670.32754628	
-5.47227067367	-1670.32827903	
-5.47367025403	-1670.32901341	
-5.47506787829	-1670.3297494	
-5.47646355193	-1670.33048699	
-5.47785728038	-1670.33122617	
-5.47924906905	-1670.33196693	
-5.48063892334	-1670.33270926	
-5.48202684862	-1670.33345314	
-5.48341285022	-1670.33419858	
-5.48479693349	-1670.33494555	
-5.48617910372	-1670.33569405	
-5.48755936619	-1670.33644406	
-5.48893772616	-1670.33719558	
-5.49031418887	-1670.3379486	
-5.49168875953	-1670.3387031	
-5.49306144334	-1670.33945908	
-5.49443224547	-1670.34021652	
-5.49580117108	-1670.34097542	
-5.49716822529	-1670.34173576	
-5.49853341322	-1670.34249754	
-5.49989673995	-1670.34326075	
-5.50125821054	-1670.34402537	
-5.50261783006	-1670.3447914	
-5.50397560352	-1670.34555883	
-5.50533153593	-1670.34632764	
-5.50668563228	-1670.34709783	
-5.50803789753	-1670.34786939	
-5.50938833663	-1670.34864231	
-5.5107369545	-1670.34941658	
-5.51208375605	-1670.35019218	
-5.51342874616	-1670.35096912	
-5.51477192971	-1670.35174738	
-5.51611331154	-1670.35252696	
-5.51745289646	-1670.35330783	
-5.51879068931	-1670.35409001	
-5.52012669485	-1670.35487346	
-5.52146091786	-1670.3556582	
-5.5227933631	-1670.3564442	
-5.52412403528	-1670.35723146	
-5.52545293913	-1670.35801997	
-5.52678007934	-1670.35880973	
-5.52810546058	-1670.35960072	
-5.52942908751	-1670.36039293	
-5.53075096477	-1670.36118636	
-5.53207109697	-1670.36198099	
-5.53338948873	-1670.36277683	
-5.53470614461	-1670.36357385	
-5.53602106919	-1670.36437206	
-5.53733426702	-1670.36517144	
-5.53864574262	-1670.36597199	
-5.5399555005	-1670.3667737	
-5.54126354516	-1670.36757655	
-5.54256988107	-1670.36838055	
-5.5438745127	-1670.36918568	
-5.54517744448	-1670.36999194	
-5.54647868084	-1670.37079931	
-5.54777822618	-1670.37160779	
-5.5490760849	-1670.37241738	
-5.55037226136	-1670.37322806	
-5.55166675992	-1670.37403983	
-5.55295958492	-1670.37485267	
-5.55425074069	-1670.37566659	
-5.55554023152	-1670.37648156	
-5.5568280617	-1670.3772976	
-5.55811423551	-1670.37811468	
-5.5593987572	-1670.37893281	
-5.56068163102	-1670.37975196	
-5.56196286117	-1670.38057215	
-5.56324245188	-1670.38139335	
-5.56452040732	-1670.38221556	
-5.56579673168	-1670.38303878	
-5.56707142911	-1670.38386299	
-5.56834450376	-1670.3846882	
-5.56961595975	-1670.38551438	
-5.57088580119	-1670.38634155	
-5.57215403218	-1670.38716968	
-5.57342065679	-1670.38799877	
-5.5746856791	-1670.38882881	
-5.57594910315	-1670.38965981	
-5.57721093297	-1670.39049174	
-5.57847117258	-1670.39132461	
-5.57972982599	-1670.3921584	
-5.58098689718	-1670.39299312	
-5.58224239012	-1670.39382875	
-5.58349630878	-1670.39466528	
-5.5847486571	-1670.39550272	
-5.585999439	-1670.39634105	
-5.5872486584	-1670.39718027	
-5.5884963192	-1670.39802036	
-5.58974242528	-1670.39886134	
-5.59098698051	-1670.39970317	
-5.59222998875	-1670.40054587	
-5.59347145384	-1670.40138943	
-5.5947113796	-1670.40223383	
-5.59594976985	-1670.40307908	
-5.59718662839	-1670.40392516	
-5.598421959	-1670.40477207	
-5.59965576545	-1670.4056198	
-5.60088805149	-1670.40646835	
-5.60211882088	-1670.40731772	
-5.60334807733	-1670.40816788	
-5.60457582457	-1670.40901885	
-5.6058020663	-1670.40987061	
-5.60702680619	-1670.41072316	
-5.60825004793	-1670.41157648	
-5.60947179518	-1670.41243059	
-5.61069205159	-1670.41328546	
-5.61191082078	-1670.41414109	
-5.61312810639	-1670.41499749	
-5.61434391201	-1670.41585463	
-5.61555824124	-1670.41671252	
-5.61677109767	-1670.41757115	
-5.61798248485	-1670.41843052	
-5.61919240636	-1670.41929062	
-5.62040086572	-1670.42015143	
-5.62160786647	-1670.42101297	
-5.62281341212	-1670.42187522	
-5.62401750619	-1670.42273818	
-5.62522015215	-1670.42360183	
-5.6264213535	-1670.42446619	
-5.62762111369	-1670.42533123	
-5.62881943618	-1670.42619696	
-5.63001632442	-1670.42706337	
-5.63121178182	-1670.42793045	
-5.63240581181	-1670.4287982	
-5.6335984178	-1670.42966662	
-5.63478960317	-1670.43053569	
-5.6359793713	-1670.43140542	
-5.63716772557	-1670.43227579	
-5.63835466933	-1670.43314681	
-5.63954020593	-1670.43401847	
-5.64072433869	-1670.43489076	
-5.64190707094	-1670.43576368	
-5.64308840598	-1670.43663722	
-5.64426834712	-1670.43751138	
-5.64544689764	-1670.43838615	
-5.64662406082	-1670.43926153	
-5.64779983991	-1670.44013751	
-5.64897423816	-1670.44101409	
-5.65014725882	-1670.44189126	
-5.65131890512	-1670.44276902	
-5.65248918027	-1670.44364737	
-5.65365808747	-1670.44452629	
-5.65482562993	-1670.44540579	
-5.65599181082	-1670.44628585	
-5.65715663332	-1670.44716649	
-5.65832010058	-1670.44804768	
-5.65948221576	-1670.44892942	
-5.660642982	-1670.44981172	
-5.66180240242	-1670.45069456	
-5.66296048014	-1670.45157795	
-5.66411721826	-1670.45246187	
-5.66527261989	-1670.45334633	
-5.66642668811	-1670.45423131	
-5.66757942599	-1670.45511681	
-5.6687308366	-1670.45600284	
-5.66988092298	-1670.45688938	
-5.67102968818	-1670.45777643	
-5.67217713524	-1670.45866398	
-5.67332326717	-1670.45955204	
-5.67446808699	-1670.46044059	
-5.67561159769	-1670.46132964	
-5.67675380227	-1670.46221918	
-5.6778947037	-1670.4631092	
-5.67903430497	-1670.4639997	
-5.68017260902	-1670.46489068	
-5.6813096188	-1670.46578212	
-5.68244533727	-1670.46667404	
-5.68357976734	-1670.46756642	
-5.68471291194	-1670.46845926	
-5.68584477397	-1670.46935255	
-5.68697535634	-1670.4702463	
-5.68810466194	-1670.47114049	
-5.68923269364	-1670.47203513	
-5.69035945432	-1670.47293021	
-5.69148494685	-1670.47382572	
-5.69260917406	-1670.47472166	
-5.6937321388	-1670.47561803	
-5.69485384391	-1670.47651483	
-5.69597429221	-1670.47741204	
-5.69709348651	-1670.47830967	
-5.69821142961	-1670.47920771	
-5.69932812431	-1670.48010616	
-5.70044357339	-1670.48100501	
-5.70155777963	-1670.48190427	
-5.7026707458	-1670.48280392	
-5.70378247466	-1670.48370397	
-5.70489296894	-1670.4846044	
-5.70600223139	-1670.48550522	
-5.70711026475	-1670.48640642	
-5.70821707172	-1670.487308	
-5.70932265503	-1670.48820996	
-5.71042701737	-1670.48911228	
-5.71153016145	-1670.49001498	
-5.71263208993	-1670.49091804	
-5.71373280551	-1670.49182146	
-5.71483231084	-1670.49272523	
-5.71593060859	-1670.49362936	
-5.71702770141	-1670.49453384	
-5.71812359193	-1670.49543867	
-5.71921828279	-1670.49634384	
-5.72031177661	-1670.49724935	
-5.72140407601	-1670.49815519	
-5.72249518359	-1670.49906137	
-5.72358510195	-1670.49996788	
-5.72467383369	-1670.50087471	
-5.72576138137	-1670.50178187	
-5.72684774759	-1670.50268935	
-5.72793293489	-1670.50359714	
-5.72901694583	-1670.50450524	
-5.73009978297	-1670.50541366	
-5.73118144884	-1670.50632238	
-5.73226194598	-1670.5072314	
-5.7333412769	-1670.50814073	
-5.73441944412	-1670.50905035	
-5.73549645015	-1670.50996027	
-5.73657229748	-1670.51087047	
-5.73764698861	-1670.51178096	
-5.73872052602	-1670.51269174	
-5.73979291218	-1670.5136028	
-5.74086414956	-1670.51451414	
-5.74193424062	-1670.51542575	
-5.74300318781	-1670.51633763	
-5.74407099357	-1670.51724978	
-5.74513766034	-1670.5181622	
-5.74620319054	-1670.51907488	
-5.7472675866	-1670.51998782	
-5.74833085092	-1670.52090102	
-5.74939298591	-1670.52181447	
-5.75045399397	-1670.52272817	
-5.75151387748	-1670.52364212	
-5.75257263883	-1670.52455632	
-5.75363028038	-1670.52547076	
-5.75468680452	-1670.52638544	
-5.75574221359	-1670.52730035	
-5.75679650994	-1670.5282155	
-5.75784969593	-1670.52913088	
-5.75890177388	-1670.53004648	
-5.75995274612	-1670.53096232	
-5.76100261499	-1670.53187837	
-5.76205138278	-1670.53279465	
-5.76309905181	-1670.53371114	
-5.76414562438	-1670.53462784	
-5.76519110278	-1670.53554476	
-5.7662354893	-1670.53646189	
-5.76727878622	-1670.53737922	
-5.76832099579	-1670.53829676	
-5.7693621203	-1670.53921449	
-5.770402162	-1670.54013243	
-5.77144112313	-1670.54105056	
-5.77247900594	-1670.54196888	
-5.77351581267	-1670.54288739	
-5.77455154554	-1670.5438061	
-5.77558620679	-1670.54472498	
-5.77661979861	-1670.54564405	
-5.77765232322	-1670.5465633	
-5.77868378283	-1670.54748273	
-5.77971417962	-1670.54840233	
-5.78074351579	-1670.54932211	
-5.78177179352	-1670.55024205	
-5.78279901497	-1670.55116216	
-5.78382518233	-1670.55208244	
-5.78485029774	-1670.55300288	
-5.78587436337	-1670.55392348	
-5.78689738137	-1670.55484424	
-5.78791935386	-1670.55576515	
-5.788940283	-1670.55668622	
-5.7899601709	-1670.55760744	
-5.79097901969	-1670.5585288	
-5.79199683148	-1670.55945031	
-5.79301360838	-1670.56037197	
-5.7940293525	-1670.56129376	
-5.79504406593	-1670.5622157	
-5.79605775077	-1670.56313777	
-5.79707040908	-1670.56405997	
-5.79808204295	-1670.56498231	
-5.79909265446	-1670.56590478	
-5.80010224566	-1670.56682737	
-5.80111081862	-1670.56775009	
-5.80211837538	-1670.56867294	
-5.80312491799	-1670.5695959	
-5.80413044849	-1670.57051898	
-5.80513496892	-1670.57144218	
-5.80613848129	-1670.5723655	
-5.80714098764	-1670.57328892	
-5.80814248998	-1670.57421246	
-5.80914299031	-1670.5751361	
