-7.535107581084591333e-01
-5.027990111234325044e-01
-7.728660300406995365e-01
2.869007712982751368e+00
-5.946729379907936819e-01
3.711784295986082949e+00
3.711784295986082949e+00
-1.426867330843079529e+01
-3.855159283463959419e+00
-3.874396165381916113e+00
-4.192543233745253950e+00
-5.031875523843632791e+00
-6.886636742154389701e+00
-6.245166960596118422e+00
-5.705226330140363622e+00
-4.637069953458382798e+00
-6.238520734160676540e+00
-5.079337966859500675e+00
-5.480389069999206164e+00
-3.410595131648480952e-03
