-7.317762048557230337e-01
-5.346147779407710576e-01
-8.823108334628991800e-01
2.650546173146381523e+00
-7.754602038648957807e-01
2.676928801053440665e+00
2.676928801053441109e+00
-6.056477799606863499e+00
-3.975792957087831425e+00
-4.978792614641980308e+00
-4.399130866277086049e+00
-6.651794542945091315e+00
-6.254860085533665348e+00
-6.727992772955757594e+00
-5.545376369760458779e+00
-7.487009130040298110e+00
-5.803834400955961925e+00
-6.093846291728400644e+00
-6.655150161256673691e+00
-2.490189524672476118e+00
