#Site	lnL	
0	-3.51024149432
1	-3.84732382307
2	-9.84831957042
3	-3.51024149432
4	-3.51060340589
5	-5.52798320773
6	-3.51024149432
7	-3.74580342682
8	-5.36061598785
9	-3.51024149432
10	-3.51060340589
11	-9.81533695964
12	-3.74536294192
13	-3.51060340589
14	-7.0549006663
15	-3.51024149432
16	-3.84732382307
17	-14.6878509569
18	-3.51024149432
19	-9.6998382953
20	-9.60962388606
21	-3.51024149432
22	-3.49963175009
23	-10.5691143298
24	-3.74536294192
25	-3.84732382307
26	-6.37915530187
27	-9.53062386901
28	-3.49963175009
29	-8.68424845783
30	-3.49929839547
31	-3.84732382307
32	-19.9098715906
33	-3.84687913395
34	-3.49963175009
35	-12.1644369077
36	-3.51024149432
37	-3.51060340589
38	-6.23635138217
39	-3.84687913395
40	-3.51060340589
41	-5.52798320773
42	-3.51024149432
43	-3.49963175009
44	-5.36061598785
45	-3.74536294192
46	-3.84732382307
47	-17.3718430802
48	-3.49929839547
49	-3.84732382307
50	-9.68203337119
51	-3.74536294192
52	-11.9135026709
53	-9.60962388606
54	-9.53062386901
55	-3.49963175009
56	-7.59067683459
57	-3.74536294192
58	-3.74580342682
59	-9.86914206133
60	-3.84687913395
61	-3.84732382307
62	-7.85285570921
63	-3.51024149432
64	-3.51060340589
65	-5.52798320773
66	-3.49929839547
67	-3.51060340589
68	-6.99858131031
69	-3.74536294192
70	-3.51060340589
71	-10.7976119742
72	-3.84687913395
73	-3.49963175009
74	-8.21053685715
75	-3.84687913395
76	-3.49963175009
77	-13.1814965554
78	-3.49929839547
79	-3.74580342682
80	-10.0678749085
81	-3.74536294192
82	-3.74580342682
83	-10.9339039051
84	-3.51024149432
85	-3.84732382307
86	-6.23635138217
87	-3.74536294192
88	-8.66081571128
89	-10.2836220093
90	-3.51024149432
91	-3.49963175009
92	-13.7933239635
93	-3.51024149432
94	-3.51060340589
95	-11.8395514017
96	-3.49929839547
97	-3.49963175009
98	-6.37915530187
99	-3.51024149432
100	-3.51060340589
101	-7.13064555894
102	-3.51024149432
103	-3.51060340589
104	-9.81533695964
105	-3.74536294192
106	-3.84732382307
107	-8.21053685715
108	-3.74536294192
109	-3.74580342682
110	-7.85285570921
111	-3.51024149432
112	-3.84732382307
113	-10.0678749085
114	-3.51024149432
115	-3.49963175009
116	-5.52798320773
117	-3.49929839547
118	-3.51060340589
119	-10.8029871255
120	-3.74536294192
121	-3.51060340589
122	-5.36061598785
123	-3.74536294192
124	-3.74580342682
125	-11.4649651697
126	-3.49929839547
127	-3.49963175009
128	-6.23635138217
129	-3.74536294192
130	-3.51060340589
131	-5.52798320773
132	-19.3799594889
133	-3.84732382307
134	-8.81873411788
135	-3.51024149432
136	-3.74580342682
137	-7.72680985557
138	-3.49929839547
139	-20.1915081082
140	-9.47822408156
141	-3.49929839547
142	-3.74580342682
143	-6.99858131031
144	-3.84687913395
145	-3.74580342682
146	-5.52798320773
147	-3.51024149432
148	-3.84732382307
149	-9.37444210034
150	-3.49929839547
151	-3.74580342682
152	-6.23635138217
153	-14.3206182249
154	-3.49963175009
155	-7.882344474
156	-3.51024149432
157	-3.74580342682
158	-12.1937178283
159	-3.84687913395
160	-3.74580342682
161	-6.23635138217
162	-9.53062386901
163	-3.51060340589
164	-6.23635138217
165	-3.74536294192
166	-3.49963175009
167	-14.6256273018
168	-3.49929839547
169	-3.84732382307
170	-9.07668629659
171	-3.49929839547
172	-3.51060340589
173	-16.9804852148
174	-3.74536294192
175	-3.84732382307
176	-9.76629482634
177	-3.49929839547
178	-3.49963175009
179	-7.91503206671
180	-3.74536294192
181	-3.51060340589
182	-5.36061598785
183	-3.84687913395
184	-3.51060340589
185	-8.26663698459
186	-3.49929839547
187	-3.51060340589
188	-8.57069600262
189	-3.51024149432
190	-3.74580342682
191	-7.85285570921
192	-3.74536294192
193	-3.49963175009
194	-7.07405603777
195	-3.49929839547
196	-3.51060340589
197	-10.3619268716
198	-3.74536294192
199	-3.49963175009
200	-16.988787012
201	-3.84687913395
202	-3.51060340589
203	-12.370806152
204	-3.51024149432
205	-3.74580342682
206	-8.9598003454
207	-14.0907624977
208	-3.51060340589
209	-7.94467848857
210	-3.51024149432
211	-3.74580342682
212	-11.3333396759
213	-3.51024149432
214	-3.74580342682
215	-11.8848490935
216	-3.49929839547
217	-3.51060340589
218	-6.37915530187
219	-3.51024149432
220	-3.84732382307
221	-11.0008592215
222	-3.51024149432
223	-3.84732382307
224	-8.81873411788
225	-3.84687913395
226	-19.0926074913
227	-8.52236971522
228	-3.49929839547
229	-3.49963175009
230	-19.0261589195
231	-3.49929839547
232	-3.49963175009
233	-8.41196970639
234	-3.49929839547
235	-3.49963175009
236	-8.58663941208
237	-3.74536294192
238	-3.74580342682
239	-5.36061598785
240	-3.74536294192
241	-3.51060340589
242	-7.13064555894
243	-3.74536294192
244	-3.49963175009
245	-5.52798320773
246	-3.74536294192
247	-3.51060340589
248	-9.8642196799
249	-3.84687913395
250	-3.51060340589
251	-5.52798320773
252	-3.51024149432
253	-3.49963175009
254	-12.835481111
255	-3.49929839547
256	-3.84732382307
257	-9.68809985693
258	-3.49929839547
259	-3.51060340589
260	-6.37915530187
261	-3.51024149432
262	-3.51060340589
263	-7.59067683459
264	-8.64544457792
265	-10.496247283
266	-7.882344474
267	-3.51024149432
268	-3.74580342682
269	-6.23635138217
270	-3.51024149432
271	-3.74580342682
272	-5.52798320773
273	-3.51024149432
274	-3.49963175009
275	-5.36061598785
276	-3.49929839547
277	-3.51060340589
278	-8.52236971522
279	-3.49929839547
280	-3.51060340589
281	-5.36061598785
282	-3.51024149432
283	-3.49963175009
284	-7.43659964679
285	-3.74536294192
286	-3.49963175009
287	-5.36061598785
288	-3.49929839547
289	-3.49963175009
290	-7.85285570921
291	-3.51024149432
292	-3.49963175009
293	-8.91266741626
294	-3.49929839547
295	-3.51060340589
296	-8.41196970639
297	-3.51024149432
298	-3.74580342682
299	-7.5270966377
300	-3.51024149432
301	-3.74580342682
302	-11.1358824813
303	-3.84687913395
304	-3.84732382307
305	-7.882344474
306	-3.49929839547
307	-3.84732382307
308	-12.9450502295
309	-3.74536294192
310	-3.84732382307
311	-14.5207297019
312	-3.84687913395
313	-3.84732382307
314	-6.99858131031
315	-3.49929839547
316	-3.74580342682
317	-6.37915530187
318	-3.51024149432
319	-3.49963175009
320	-11.5213682099
321	-3.74536294192
322	-3.49963175009
323	-6.23635138217
324	-8.7164387063
325	-9.77531058006
326	-7.62772218926
327	-3.49929839547
328	-3.74580342682
329	-13.4173531019
330	-3.74536294192
331	-3.49963175009
332	-7.72680985557
333	-12.3105531882
334	-3.51060340589
335	-8.41196970639
336	-3.51024149432
337	-3.51060340589
338	-15.2046165684
339	-3.49929839547
340	-3.51060340589
341	-9.78185360183
342	-3.51024149432
343	-3.51060340589
344	-11.6517030074
345	-3.51024149432
346	-3.51060340589
347	-7.94467848857
348	-3.51024149432
349	-3.84732382307
350	-13.1206997384
351	-3.49929839547
352	-3.74580342682
353	-6.37915530187
354	-3.84687913395
355	-3.74580342682
356	-12.9915506864
357	-3.49929839547
358	-3.51060340589
359	-7.65988945225
360	-3.74536294192
361	-3.49963175009
362	-5.36061598785
363	-3.51024149432
364	-3.49963175009
365	-5.36061598785
366	-3.49929839547
367	-3.74580342682
368	-6.23635138217
369	-3.49929839547
370	-3.49963175009
371	-7.13064555894
372	-3.74536294192
373	-3.49963175009
374	-5.52798320773
375	-3.84687913395
376	-3.51060340589
377	-8.65767312988
378	-3.51024149432
379	-3.74580342682
380	-7.63879151473
381	-3.51024149432
382	-3.74580342682
383	-8.26663698459
384	-13.773253994
385	-3.49963175009
386	-5.52798320773
387	-3.84687913395
388	-3.49963175009
389	-12.5417553481
390	-3.49929839547
391	-3.84732382307
392	-8.9598003454
393	-3.84687913395
394	-3.84732382307
395	-7.63879151473
396	-9.80055928734
397	-3.74580342682
398	-9.85967116743
399	-3.74536294192
400	-3.49963175009
401	-5.36061598785
402	-3.74536294192
403	-9.5254412039
404	-7.07405603777
405	-3.49929839547
406	-3.49963175009
407	-15.5279292193
408	-3.49929839547
409	-3.49963175009
410	-9.37188291552
411	-3.51024149432
412	-9.41538441413
413	-7.882344474
414	-3.84687913395
415	-3.84732382307
416	-6.37915530187
417	-3.49929839547
418	-3.49963175009
419	-8.14726233917
420	-3.49929839547
421	-3.74580342682
422	-7.59067683459
423	-3.51024149432
424	-3.74580342682
425	-9.76629482634
426	-3.49929839547
427	-3.84732382307
428	-5.36061598785
429	-3.74536294192
430	-3.51060340589
431	-9.7662903815
432	-3.51024149432
433	-3.84732382307
434	-9.55478097546
435	-3.74536294192
436	-3.84732382307
437	-14.5640879272
438	-3.49929839547
439	-3.49963175009
440	-5.52798320773
441	-3.84687913395
442	-3.51060340589
443	-7.63879151473
444	-3.84687913395
445	-3.51060340589
446	-10.9773441576
447	-3.84687913395
448	-3.49963175009
449	-5.36061598785
450	-3.74536294192
451	-3.51060340589
452	-5.52798320773
453	-3.51024149432
454	-3.49963175009
455	-8.70049359098
456	-3.49929839547
457	-3.84732382307
458	-7.13064555894
459	-3.74536294192
460	-8.80752555255
461	-12.4980822413
462	-3.74536294192
463	-3.84732382307
464	-8.52127432172
465	-3.84687913395
466	-3.74580342682
467	-8.21053685715
468	-3.74536294192
469	-3.74580342682
470	-14.830726981
471	-3.74536294192
472	-9.52577359063
473	-8.387209871
474	-3.74536294192
475	-3.51060340589
476	-6.23635138217
477	-3.74536294192
478	-3.74580342682
479	-10.5875880306
480	-3.51024149432
481	-3.51060340589
482	-11.6883964525
483	-3.84687913395
484	-3.49963175009
485	-5.52798320773
486	-3.49929839547
487	-3.51060340589
488	-14.5921326876
