-7.438318719078341745e-01
-5.336693509583173567e-01
-7.748824936047122858e-01
2.613622066572012237e+00
1.409663469697260314e-02
2.725935252737839765e+00
-7.365404744117021174e-01
-4.042407706377453280e+00
-4.720489117951389701e+00
-5.484291328410203725e+00
-4.416328892368930781e+00
-4.608384682821451861e+00
-1.277484157896965833e+01
-5.986453712710675390e+00
-5.424970961775228417e+00
-5.209958367024021264e+00
-6.992949945732068961e+00
-5.374016787669419593e+00
-6.310917100497699828e+00
-7.193730420117782742e+00
