#Site	lnL	
0	-4.42510598128
1	-4.83306789418
2	-10.3181196445
3	-4.73218991215
4	-4.39128520739
5	-8.06870959324
6	-4.44325626315
7	-4.39128520739
8	-10.7785442499
9	-4.44325626315
10	-4.83306789418
11	-9.26920881099
12	-4.90767032298
13	-4.83306789418
14	-6.84933448232
15	-4.44325626315
16	-4.36537675626
17	-14.6242880901
18	-4.73218991215
19	-9.33753970676
20	-14.8441454204
21	-4.73218991215
22	-4.39128520739
23	-17.9021901849
24	-4.73218991215
25	-4.65606306928
26	-12.7480595919
27	-4.42510598128
28	-4.65606306928
29	-10.1650666079
30	-4.42510598128
31	-4.36537675626
32	-8.50115866946
33	-4.44325626315
34	-4.39128520739
35	-7.95296956708
36	-8.76503629241
37	-4.36537675626
38	-8.96275875655
39	-4.42510598128
40	-4.83306789418
41	-9.93219039663
42	-4.44325626315
43	-4.36537675626
44	-10.9467298449
45	-4.73218991215
46	-4.36537675626
47	-6.84933448232
48	-4.42510598128
49	-4.65606306928
50	-9.27437356209
51	-4.73218991215
52	-4.39128520739
53	-11.528355409
54	-4.42510598128
55	-4.39128520739
56	-9.18364854583
57	-4.44325626315
58	-9.54883767056
59	-11.3013582029
60	-4.73218991215
61	-9.33753970676
62	-9.39544524764
63	-4.44325626315
64	-4.36537675626
65	-6.84933448232
66	-4.73218991215
67	-4.83306789418
68	-13.8870602874
69	-4.42510598128
70	-4.39128520739
71	-15.3443714848
72	-4.42510598128
73	-4.65606306928
74	-8.06870959324
75	-4.44325626315
76	-4.36537675626
77	-6.58029171069
78	-4.44325626315
79	-4.65606306928
80	-9.61114293963
81	-4.44325626315
82	-4.36537675626
83	-17.5410268763
84	-4.44325626315
85	-4.36537675626
86	-10.1643001797
87	-4.73218991215
88	-4.83306789418
89	-10.4019521911
90	-4.73218991215
91	-4.36537675626
92	-6.58029171069
93	-4.90767032298
94	-4.83306789418
95	-8.06870959324
96	-4.44325626315
97	-9.32544105978
98	-8.05172495307
99	-9.77561438493
100	-4.39128520739
101	-8.6598695494
102	-4.42510598128
103	-4.65606306928
104	-12.608827716
105	-4.42510598128
106	-4.65606306928
107	-11.1161007493
108	-4.90767032298
109	-9.754778137
110	-8.09161432195
111	-4.42510598128
112	-4.39128520739
113	-8.42868329759
114	-4.42510598128
115	-4.83306789418
116	-10.1316797443
117	-4.42510598128
118	-4.36537675626
119	-10.1316797443
120	-4.42510598128
121	-9.53213417008
122	-10.1650666079
123	-4.90767032298
124	-4.83306789418
125	-7.91102989574
126	-4.42510598128
127	-4.65606306928
128	-8.01865878483
129	-10.3422451049
130	-4.36537675626
131	-12.4191033201
132	-4.44325626315
133	-4.83306789418
134	-9.15176383484
135	-4.44325626315
136	-4.39128520739
137	-6.84933448232
138	-13.4789565372
139	-4.39128520739
140	-7.91102989574
141	-4.44325626315
142	-4.65606306928
143	-11.599827181
144	-4.44325626315
145	-4.36537675626
146	-6.84933448232
147	-4.73218991215
148	-4.83306789418
149	-6.84933448232
150	-4.42510598128
151	-4.36537675626
152	-10.7388168425
153	-4.42510598128
154	-4.65606306928
155	-10.1316797443
156	-4.90767032298
157	-4.65606306928
158	-9.27437356209
159	-4.44325626315
160	-4.36537675626
161	-8.09161432195
162	-4.44325626315
163	-4.36537675626
164	-7.91102989574
165	-4.44325626315
166	-4.39128520739
167	-13.146186728
168	-4.44325626315
169	-4.39128520739
170	-6.84933448232
171	-4.44325626315
172	-9.33753970676
173	-10.6488926016
174	-4.42510598128
175	-18.4852125484
176	-12.1466170169
177	-10.6986028641
178	-4.36537675626
179	-7.91102989574
180	-4.44325626315
181	-4.65606306928
182	-11.4349736674
183	-8.9965131958
184	-4.65606306928
185	-6.58029171069
186	-4.44325626315
187	-4.83306789418
188	-10.1643001797
189	-4.42510598128
190	-4.83306789418
191	-12.9956080872
192	-10.2813918222
193	-4.65606306928
194	-13.3717133699
195	-4.42510598128
196	-4.39128520739
197	-10.3376108687
198	-4.73218991215
199	-4.36537675626
200	-6.84933448232
201	-4.73218991215
202	-4.39128520739
203	-11.6906234136
204	-4.44325626315
205	-4.36537675626
206	-6.84933448232
207	-4.42510598128
208	-4.83306789418
209	-10.3784820549
210	-4.73218991215
211	-4.39128520739
212	-14.7473016644
213	-4.42510598128
214	-4.36537675626
215	-9.18364854583
216	-4.42510598128
217	-4.36537675626
218	-9.39544524764
219	-4.90767032298
220	-9.54883767056
221	-9.26920881099
222	-4.42510598128
223	-4.39128520739
224	-10.201034251
225	-4.44325626315
226	-4.36537675626
227	-9.8153585223
228	-4.42510598128
229	-4.83306789418
230	-8.05172495307
231	-4.90767032298
232	-4.39128520739
233	-9.63617021455
234	-4.73218991215
235	-4.39128520739
236	-11.5919715778
237	-4.42510598128
238	-4.83306789418
239	-8.46493149529
240	-4.73218991215
241	-4.65606306928
242	-10.7551944851
243	-4.90767032298
244	-20.0559109534
245	-8.83576364114
246	-4.44325626315
247	-11.4345389453
248	-8.46493149529
249	-4.44325626315
250	-4.36537675626
251	-11.3779150793
252	-4.42510598128
253	-4.83306789418
254	-11.9997746491
255	-4.73218991215
256	-4.83306789418
257	-6.58029171069
258	-4.42510598128
259	-4.36537675626
260	-6.84933448232
261	-4.42510598128
262	-4.36537675626
263	-12.4923950965
264	-4.44325626315
265	-4.39128520739
266	-9.21187080261
267	-4.42510598128
268	-4.39128520739
269	-8.01865878483
270	-4.90767032298
271	-4.65606306928
272	-9.54550093023
273	-4.73218991215
274	-4.39128520739
275	-6.84933448232
276	-4.42510598128
277	-4.39128520739
278	-11.6313200391
279	-4.42510598128
280	-4.83306789418
281	-13.6936637565
282	-4.44325626315
283	-4.39128520739
284	-11.3013582029
285	-4.73218991215
286	-4.83306789418
287	-10.786509195
288	-4.90767032298
289	-4.65606306928
290	-9.39185735402
291	-4.44325626315
292	-4.39128520739
293	-9.80781068717
294	-4.42510598128
295	-4.39128520739
296	-8.09161432195
297	-4.42510598128
298	-4.65606306928
299	-7.91102989574
300	-4.73218991215
301	-4.65606306928
302	-6.84933448232
303	-4.44325626315
304	-4.36537675626
305	-10.1059422062
306	-4.73218991215
307	-4.83306789418
308	-11.1868051596
309	-4.44325626315
310	-4.36537675626
311	-6.58029171069
312	-4.73218991215
313	-4.65606306928
314	-12.1050018891
315	-14.4859222201
316	-4.36537675626
317	-10.893722927
318	-4.73218991215
319	-4.36537675626
320	-6.84933448232
321	-4.90767032298
322	-4.83306789418
323	-8.96275875655
324	-4.90767032298
325	-4.83306789418
326	-6.58029171069
327	-4.90767032298
328	-4.65606306928
329	-13.9347354294
330	-10.4296667935
331	-4.83306789418
332	-6.84933448232
333	-4.42510598128
334	-4.36537675626
335	-11.1134456636
336	-4.90767032298
337	-4.39128520739
338	-9.21187080261
339	-4.42510598128
340	-4.65606306928
341	-10.5183661954
342	-4.44325626315
343	-4.65606306928
344	-10.5334416991
345	-4.42510598128
346	-4.36537675626
347	-8.09161432195
348	-4.73218991215
349	-11.5878796847
350	-13.5094324275
351	-4.73218991215
352	-4.36537675626
353	-14.2979890872
354	-4.44325626315
355	-4.65606306928
356	-6.84933448232
357	-4.42510598128
358	-4.36537675626
359	-8.46493149529
360	-4.73218991215
361	-4.39128520739
362	-11.8971835922
363	-4.73218991215
364	-4.65606306928
365	-6.58029171069
366	-20.8416715389
367	-4.36537675626
368	-8.42868329759
369	-4.44325626315
370	-4.36537675626
371	-6.84933448232
372	-4.44325626315
373	-4.39128520739
374	-20.0628771689
375	-4.42510598128
376	-4.36537675626
377	-8.09161432195
378	-19.105042603
379	-4.39128520739
380	-21.0319922522
381	-12.9860395832
382	-4.36537675626
383	-10.1650666079
384	-4.44325626315
385	-4.39128520739
386	-6.84933448232
387	-4.44325626315
388	-4.39128520739
389	-10.8691826587
390	-4.42510598128
391	-4.83306789418
392	-6.58029171069
393	-4.42510598128
394	-4.36537675626
395	-12.6257956687
396	-4.44325626315
397	-4.65606306928
398	-11.1134456636
399	-4.44325626315
400	-4.39128520739
401	-14.3899938216
402	-10.4296667935
403	-4.83306789418
404	-6.84933448232
405	-14.7500376385
406	-4.39128520739
407	-8.42868329759
408	-4.42510598128
409	-4.36537675626
410	-11.8517989974
411	-4.44325626315
412	-4.36537675626
413	-8.42868329759
414	-4.73218991215
415	-4.36537675626
416	-8.01865878483
417	-4.90767032298
418	-4.39128520739
419	-11.2423853615
420	-4.73218991215
421	-4.36537675626
422	-9.54550093023
423	-4.73218991215
424	-4.83306789418
425	-6.58029171069
426	-4.73218991215
427	-4.83306789418
428	-11.0831423961
429	-4.42510598128
430	-4.65606306928
431	-9.15176383484
432	-12.5869054247
433	-4.83306789418
434	-11.0909678101
435	-4.44325626315
436	-4.36537675626
437	-12.4183368912
438	-4.42510598128
439	-4.36537675626
440	-12.6653497844
441	-4.73218991215
442	-10.8790162696
443	-6.84933448232
444	-4.73218991215
445	-4.65606306928
446	-10.5183661954
447	-4.42510598128
448	-4.83306789418
449	-9.29559713543
450	-4.42510598128
451	-4.39128520739
452	-8.09161432195
453	-4.73218991215
454	-4.36537675626
455	-21.6910914706
456	-4.73218991215
457	-4.39128520739
458	-8.09161432195
459	-4.42510598128
460	-15.9260753946
461	-14.5996027961
462	-4.42510598128
463	-4.65606306928
464	-6.84933448232
465	-4.44325626315
466	-4.65606306928
467	-13.406723544
468	-4.42510598128
469	-4.83306789418
470	-8.74451720562
471	-4.42510598128
472	-4.36537675626
473	-15.4124229758
474	-4.42510598128
475	-4.83306789418
476	-9.86471877159
477	-4.73218991215
478	-4.39128520739
479	-12.1803657032
480	-4.73218991215
481	-4.36537675626
482	-11.6313200391
483	-4.42510598128
484	-4.36537675626
485	-11.7416985175
486	-10.1317900183
487	-4.39128520739
488	-6.84933448232
