# log_p 	 lnL 	 
0.0	-1644.61005538	
-0.287682072452	-1644.53139132	
-0.510825623766	-1644.46672296	
-0.69314718056	-1644.40717691	
-0.847297860387	-1644.35220946	
-0.980829253012	-1644.30093643	
-1.09861228867	-1644.25200754	
-1.20397280433	-1644.20421419	
-1.29928298413	-1644.15674762	
-1.38629436112	-1644.10920158	
-1.46633706879	-1644.06147827	
-1.54044504095	-1644.01368161	
-1.60943791243	-1643.96602876	
-1.67397643357	-1643.91878625	
-1.73460105539	-1643.87222799	
-1.79175946923	-1643.82660982	
-1.8458266905	-1643.78215579	
-1.89711998489	-1643.73905217	
-1.94591014906	-1643.69744644	
-1.99243016469	-1643.65744916	
-2.03688192726	-1643.61913741	
-2.07944154168	-1643.58255899	
-2.1202635362	-1643.54773674	
-2.15948424935	-1643.51467274	
-2.19722457734	-1643.48335212	
-2.23359222151	-1643.45374654	
-2.26868354132	-1643.42581711	
-2.30258509299	-1643.39951698	
-2.33537491582	-1643.37479347	
-2.36712361413	-1643.35158986	
-2.3978952728	-1643.32984684	
-2.42774823595	-1643.3095037	
-2.45673577282	-1643.29049927	
-2.48490664979	-1643.27277268	
-2.51230562398	-1643.25626395	
-2.53897387106	-1643.24091442	
-2.56494935746	-1643.22666706	
-2.59026716545	-1643.21346676	
-2.61495977804	-1643.20126045	
-2.63905732962	-1643.18999721	
-2.66258782703	-1643.17962833	
-2.68557734525	-1643.17010734	
-2.7080502011	-1643.16138997	
-2.73002910782	-1643.15343412	
-2.75153531304	-1643.14619983	
-2.77258872224	-1643.1396492	
-2.79320800944	-1643.13374629	
-2.81341071676	-1643.12845709	
-2.83321334406	-1643.12374942	
-2.85263142991	-1643.11959281	
-2.87167962488	-1643.11595846	
-2.8903717579	-1643.11281914	
-2.90872089656	-1643.1101491	
-2.92673940207	-1643.10792401	
-2.94443897917	-1643.10612085	
-2.96183072188	-1643.10471787	
-2.97892515524	-1643.1036945	
-2.99573227355	-1643.10303128	
-3.01226157551	-1643.10270981	
-3.02852209638	-1643.10271267	
-3.04452243772	-1643.10302338	
-3.06027079469	-1643.10362635	
-3.07577498123	-1643.10450679	
-3.09104245336	-1643.10565071	
-3.10608033072	-1643.10704484	
-3.12089541651	-1643.10867662	
-3.13549421593	-1643.11053411	
-3.14988295338	-1643.11260601	
-3.16406758837	-1643.11488159	
-3.17805383035	-1643.11735065	
-3.19184715248	-1643.12000352	
-3.20545280454	-1643.122831	
-3.21887582487	-1643.12582436	
-3.23212105162	-1643.12897528	
-3.24519313319	-1643.13227589	
-3.25809653802	-1643.13571864	
-3.2708355638	-1643.1392964	
-3.28341434601	-1643.14300235	
-3.295836866	-1643.14683001	
-3.3081069586	-1643.1507732	
-3.32022831913	-1643.15482604	
-3.33220451018	-1643.1589829	
-3.34403896782	-1643.16323845	
-3.35573500759	-1643.16758756	
-3.36729582999	-1643.17202538	
-3.37872452581	-1643.17654726	
-3.39002408106	-1643.18114875	
-3.40119738166	-1643.18582562	
-3.41224721785	-1643.19057383	
-3.42317628838	-1643.1953895	
-3.43398720449	-1643.20026895	
-3.4446824936	-1643.20520864	
-3.45526460293	-1643.21020519	
-3.4657359028	-1643.21525537	
-3.47609868984	-1643.22035611	
-3.48635519	-1643.22550444	
-3.49650756147	-1643.23069754	
-3.50655789732	-1643.23593271	
-3.51650822817	-1643.24120736	
-3.52636052462	-1643.24651901	
-3.53611669956	-1643.25186528	
-3.54577861047	-1643.25724392	
-3.55534806149	-1643.26265275	
-3.56482680544	-1643.26808967	
-3.57421654579	-1643.27355271	
-3.58351893846	-1643.27903995	
-3.59273559356	-1643.28454956	
-3.60186807712	-1643.29007978	
-3.61091791264	-1643.29562894	
-3.61988658263	-1643.30119542	
-3.62877553004	-1643.3067777	
-3.63758615973	-1643.31237427	
-3.6463198397	-1643.31798374	
-3.65497790244	-1643.32360475	
-3.66356164613	-1643.32923598	
-3.6720723358	-1643.33487621	
-3.68051120444	-1643.34052423	
-3.68887945411	-1643.34617889	
-3.69717825693	-1643.35183911	
-3.70540875607	-1643.35750383	
-3.7135720667	-1643.36317205	
-3.72166927694	-1643.36884279	
-3.72970144863	-1643.37451514	
-3.73766961828	-1643.38018821	
-3.74557479779	-1643.38586115	
-3.75341797525	-1643.39153315	
-3.76120011569	-1643.39720344	
-3.76892216179	-1643.40287126	
-3.77658503453	-1643.4085359	
-3.78418963392	-1643.41419669	
-3.79173683955	-1643.41985296	
-3.79922751128	-1643.4255041	
-3.80666248977	-1643.43114951	
-3.81404259707	-1643.4367886	
-3.82136863716	-1643.44242085	
-3.82864139649	-1643.44804571	
-3.83586164446	-1643.4536627	
-3.84303013394	-1643.45927134	
-3.85014760171	-1643.46487117	
-3.85721476893	-1643.47046175	
-3.86423234159	-1643.47604267	
-3.87120101091	-1643.48161353	
-3.87812145375	-1643.48717396	
-3.88499433304	-1643.49272359	
-3.89182029811	-1643.49826208	
-3.8985999851	-1643.5037891	
-3.90533401728	-1643.50930435	
-3.91202300543	-1643.51480751	
-3.91866754815	-1643.52029832	
-3.92526823218	-1643.52577651	
-3.93182563272	-1643.53124181	
-3.93834031375	-1643.536694	
-3.94481282825	-1643.54213283	
-3.95124371858	-1643.5475581	
-3.95763351668	-1643.55296959	
-3.96398274436	-1643.55836712	
-3.97029191355	-1643.5637505	
-3.97656152657	-1643.56911955	
-3.98279207632	-1643.57447412	
-3.98898404656	-1643.57981405	
-3.99513791214	-1643.5851392	
-4.00125413916	-1643.59044943	
-4.00733318523	-1643.59574462	
-4.01337549969	-1643.60102464	
-4.01938152375	-1643.60628939	
-4.02535169074	-1643.61153876	
-4.03128642625	-1643.61677265	
-4.03718614838	-1643.62199099	
-4.04305126783	-1643.62719369	
-4.04888218815	-1643.63238066	
-4.05467930583	-1643.63755185	
-4.06044301055	-1643.6427072	
-4.06617368526	-1643.64784663	
-4.07187170637	-1643.65297011	
-4.07753744391	-1643.65807758	
-4.08317126162	-1643.66316901	
-4.08877351717	-1643.66824436	
-4.09434456222	-1643.6733036	
-4.0998847426	-1643.67834671	
-4.10539439841	-1643.68337365	
-4.11087386417	-1643.68838442	
-4.11632346894	-1643.693379	
-4.12174353641	-1643.69835738	
-4.12713438505	-1643.70331955	
-4.13249632819	-1643.70826552	
-4.13782967416	-1643.71319528	
-4.14313472639	-1643.71810884	
-4.14841178349	-1643.72300621	
-4.15366113938	-1643.7278874	
-4.15888308336	-1643.73275242	
-4.16407790024	-1643.73760129	
-4.1692458704	-1643.74243403	
-4.1743872699	-1643.74725066	
-4.17950237056	-1643.7520512	
-4.18459144007	-1643.75683569	
-4.18965474203	-1643.76160415	
-4.19469253606	-1643.76635662	
-4.19970507788	-1643.77109313	
-4.20469261939	-1643.77581371	
-4.20965540873	-1643.7805184	
-4.21459369037	-1643.78520724	
-4.21950770518	-1643.78988028	
-4.22439769047	-1643.79453755	
-4.22926388012	-1643.79917911	
-4.2341065046	-1643.80380499	
-4.23892579103	-1643.80841525	
-4.2437219633	-1643.81300993	
-4.24849524205	-1643.81758908	
-4.25324584481	-1643.82215276	
-4.257973986	-1643.82670102	
-4.26267987704	-1643.83123391	
-4.26736372635	-1643.83575149	
-4.27202573946	-1643.84025382	
-4.27666611902	-1643.84474094	
-4.28128506487	-1643.84921293	
-4.28588277412	-1643.85366983	
-4.29045944115	-1643.85811171	
-4.29501525768	-1643.86253864	
-4.29955041285	-1643.86695066	
-4.3040650932	-1643.87134784	
-4.30855948279	-1643.87573024	
-4.31303376319	-1643.88009794	
-4.31748811354	-1643.88445099	
-4.3219227106	-1643.88878945	
-4.32633772881	-1643.89311339	
-4.33073334029	-1643.89742288	
-4.33510971489	-1643.90171798	
-4.33946702026	-1643.90599876	
-4.34380542185	-1643.91026528	
-4.348125083	-1643.91451761	
-4.3524261649	-1643.91875582	
-4.35670882669	-1643.92297998	
-4.36097322548	-1643.92719015	
-4.36521951636	-1643.9313864	
-4.36944785247	-1643.9355688	
-4.373658385	-1643.93973742	
-4.37785126326	-1643.94389232	
-4.38202663467	-1643.94803357	
-4.38618464482	-1643.95216125	
-4.39032543749	-1643.95627542	
-4.39444915467	-1643.96037615	
-4.39855593663	-1643.96446351	
-4.40264592188	-1643.96853757	
-4.40671924726	-1643.97259839	
-4.41077604796	-1643.97664605	
-4.4148164575	-1643.98068061	
-4.4188406078	-1643.98470215	
-4.42284862919	-1643.98871072	
-4.42684065046	-1643.99270641	
-4.43081679884	-1643.99668928	
-4.43477720006	-1644.00065939	
-4.43872197835	-1644.00461682	
-4.44265125649	-1644.00856163	
-4.44656515581	-1644.01249389	
-4.45046379623	-1644.01641368	
-4.45434729625	-1644.02032105	
-4.45821577303	-1644.02421607	
-4.46206934235	-1644.02809882	
-4.46590811865	-1644.03196936	
-4.46973221509	-1644.03582775	
-4.47354174351	-1644.03967407	
-4.47733681448	-1644.04350838	
-4.48111753732	-1644.04733074	
-4.48488402011	-1644.05114123	
-4.48863636973	-1644.05493991	
-4.49237469184	-1644.05872684	
-4.49609909093	-1644.06250209	
-4.49980967033	-1644.06626572	
-4.50350653221	-1644.07001781	
-4.50718977763	-1644.0737584	
-4.51085950652	-1644.07748758	
-4.51451581772	-1644.0812054	
-4.518158809	-1644.08491193	
-4.52178857705	-1644.08860723	
-4.52540521752	-1644.09229136	
-4.52900882502	-1644.09596438	
-4.53259949315	-1644.09962637	
-4.5361773145	-1644.10327737	
-4.53974238067	-1644.10691746	
-4.54329478227	-1644.1105467	
-4.54683460898	-1644.11416514	
-4.55036194949	-1644.11777285	
-4.5538768916	-1644.12136988	
-4.55737952215	-1644.12495631	
-4.56086992709	-1644.12853218	
-4.56434819147	-1644.13209756	
-4.56781439944	-1644.13565251	
-4.57126863431	-1644.13919709	
-4.5747109785	-1644.14273135	
-4.5781415136	-1644.14625536	
-4.58156032035	-1644.14976917	
-4.58496747867	-1644.15327284	
-4.58836306767	-1644.15676642	
-4.59174716566	-1644.16024998	
-4.59511985013	-1644.16372357	
-4.59848119784	-1644.16718725	
-4.60183128472	-1644.17064108	
-4.60517018599	-1644.1740851	
-4.60849797608	-1644.17751938	
-4.61181472871	-1644.18094396	
-4.61512051684	-1644.18435892	
-4.61841541274	-1644.18776429	
-4.62169948794	-1644.19116013	
-4.62497281328	-1644.1945465	
-4.62823545892	-1644.19792345	
-4.63148749431	-1644.20129104	
-4.63472898823	-1644.20464931	
-4.63796000881	-1644.20799831	
-4.64118062351	-1644.21133811	
-4.64439089914	-1644.21466875	
-4.64759090187	-1644.21799028	
-4.65078069724	-1644.22130276	
-4.65396035016	-1644.22460623	
-4.65712992492	-1644.22790075	
-4.66028948521	-1644.23118636	
-4.66343909411	-1644.23446311	
-4.66657881412	-1644.23773106	
-4.66970870713	-1644.24099026	
-4.67282883446	-1644.24424074	
-4.67593925688	-1644.24748256	
-4.67904003455	-1644.25071577	
-4.68213122712	-1644.25394042	
-4.68521289366	-1644.25715655	
-4.6882850927	-1644.26036421	
-4.69134788223	-1644.26356345	
-4.69440131972	-1644.2667543	
-4.6974454621	-1644.26993683	
-4.70048036579	-1644.27311107	
-4.70350608671	-1644.27627707	
-4.70652268025	-1644.27943488	
-4.70953020131	-1644.28258454	
-4.71252870431	-1644.28572609	
-4.71551824316	-1644.28885958	
-4.7184988713	-1644.29198505	
-4.72147064168	-1644.29510254	
-4.72443360681	-1644.29821211	
-4.72738781871	-1644.30131379	
-4.73033332894	-1644.30440762	
-4.73327018862	-1644.30749365	
-4.73619844839	-1644.31057192	
-4.7391181585	-1644.31364247	
-4.74202936871	-1644.31670534	
-4.74493212836	-1644.31976057	
-4.74782648639	-1644.32280821	
-4.75071249128	-1644.32584829	
-4.75359019111	-1644.32888086	
-4.75645963353	-1644.33190595	
-4.75932086582	-1644.3349236	
-4.7621739348	-1644.33793386	
-4.76501888693	-1644.34093676	
-4.76785576827	-1644.34393235	
-4.77068462447	-1644.34692065	
-4.77350550081	-1644.34990171	
-4.77631844218	-1644.35287557	
-4.77912349311	-1644.35584227	
-4.78192069773	-1644.35880183	
-4.78471009982	-1644.36175431	
-4.78749174278	-1644.36469973	
-4.79026566966	-1644.36763813	
-4.79303192316	-1644.37056955	
-4.7957905456	-1644.37349402	
-4.79854157897	-1644.37641159	
-4.80128506491	-1644.37932228	
-4.80402104473	-1644.38222614	
-4.80674955939	-1644.38512319	
-4.8094706495	-1644.38801348	
-4.81218435537	-1644.39089703	
-4.81489071697	-1644.39377388	
-4.81758977394	-1644.39664406	
-4.82028156561	-1644.39950762	
-4.82296613098	-1644.40236457	
-4.82564350875	-1644.40521496	
-4.8283137373	-1644.40805883	
-4.83097685472	-1644.41089619	
-4.83363289878	-1644.41372708	
-4.83628190695	-1644.41655155	
-4.83892391641	-1644.41936961	
-4.84155896405	-1644.4221813	
-4.84418708646	-1644.42498666	
-4.84680831994	-1644.42778571	
-4.84942270051	-1644.43057848	
-4.85203026392	-1644.43336501	
-4.85463104562	-1644.43614533	
-4.8572250808	-1644.43891946	
-4.85981240436	-1644.44168745	
-4.86239305096	-1644.44444931	
-4.86496705495	-1644.44720508	
-4.86753445046	-1644.44995479	
-4.87009527132	-1644.45269846	
-4.87264955112	-1644.45543613	
-4.8751973232	-1644.45816783	
-4.87773862063	-1644.46089358	
-4.88027347623	-1644.46361342	
-4.88280192259	-1644.46632736	
-4.88532399202	-1644.46903545	
-4.88783971662	-1644.47173771	
-4.89034912822	-1644.47443416	
-4.89285225844	-1644.47712483	
-4.89534913864	-1644.47980976	
-4.89783979995	-1644.48248896	
-4.90032427328	-1644.48516247	
-4.90280258929	-1644.48783031	
-4.90527477844	-1644.49049252	
-4.90774087093	-1644.4931491	
-4.91020089677	-1644.4958001	
-4.91265488574	-1644.49844554	
-4.91510286737	-1644.50108544	
-4.91754487103	-1644.50371983	
-4.91998092583	-1644.50634874	
-4.92241106068	-1644.50897218	
-4.92483530429	-1644.5115902	
-4.92725368516	-1644.5142028	
-4.92966623156	-1644.51681002	
-4.93207297159	-1644.51941188	
-4.93447393313	-1644.5220084	
-4.93686914386	-1644.52459962	
-4.93925863125	-1644.52718555	
-4.94164242261	-1644.52976621	
-4.94402054501	-1644.53234164	
-4.94639302537	-1644.53491186	
-4.94875989038	-1644.53747688	
-4.95112116656	-1644.54003673	
-4.95347688026	-1644.54259144	
-4.9558270576	-1644.54514103	
-4.95817172456	-1644.54768552	
-4.96051090691	-1644.55022493	
-4.96284463026	-1644.55275929	
-4.96517292002	-1644.55528862	
-4.96749580144	-1644.55781294	
-4.96981329958	-1644.56033227	
-4.97212543933	-1644.56284664	
-4.97443224543	-1644.56535606	
-4.97673374242	-1644.56786057	
-4.97902995468	-1644.57036017	
-4.98132090643	-1644.5728549	
-4.98360662171	-1644.57534477	
-4.98588712441	-1644.5778298	
-4.98816243824	-1644.58031002	
-4.99043258678	-1644.58278544	
-4.99269759341	-1644.58525609	
-4.99495748138	-1644.58772198	
-4.99721227376	-1644.59018314	
-4.9994619935	-1644.59263959	
-5.00170666335	-1644.59509135	
-5.00394630595	-1644.59753843	
-5.00618094375	-1644.59998087	
-5.00841059907	-1644.60241866	
-5.0106352941	-1644.60485185	
-5.01285505083	-1644.60728044	
-5.01506989116	-1644.60970445	
-5.01727983681	-1644.61212391	
-5.01948490937	-1644.61453884	
-5.02168513028	-1644.61694924	
-5.02388052085	-1644.61935515	
-5.02607110223	-1644.62175657	
-5.02825689545	-1644.62415354	
-5.03043792139	-1644.62654606	
-5.03261420082	-1644.62893415	
-5.03478575433	-1644.63131784	
-5.03695260241	-1644.63369714	
-5.03911476542	-1644.63607207	
-5.04127226356	-1644.63844264	
-5.04342511692	-1644.64080888	
-5.04557334546	-1644.64317081	
-5.047716969	-1644.64552843	
-5.04985600725	-1644.64788177	
-5.05199047978	-1644.65023084	
-5.05412040604	-1644.65257567	
-5.05624580535	-1644.65491626	
-5.05836669692	-1644.65725264	
-5.06048309982	-1644.65958482	
-5.06259503303	-1644.66191282	
-5.06470251537	-1644.66423665	
-5.06680556556	-1644.66655634	
-5.06890420222	-1644.66887189	
-5.07099844382	-1644.67118333	
-5.07308830874	-1644.67349067	
-5.07517381523	-1644.67579393	
-5.07725498144	-1644.67809312	
-5.07933182538	-1644.68038826	
-5.08140436498	-1644.68267936	
-5.08347261805	-1644.68496645	
-5.08553660227	-1644.68724953	
-5.08759633523	-1644.68952862	
-5.08965183441	-1644.69180373	
-5.09170311719	-1644.69407489	
-5.09375020081	-1644.69634211	
-5.09579310244	-1644.69860539	
-5.09783183913	-1644.70086477	
-5.09986642782	-1644.70312024	
-5.10189688537	-1644.70537184	
-5.10392322852	-1644.70761956	
-5.1059454739	-1644.70986343	
-5.10796363806	-1644.71210347	
-5.10997773743	-1644.71433967	
-5.11198778836	-1644.71657207	
-5.11399380708	-1644.71880067	
-5.11599580975	-1644.72102549	
-5.11799381242	-1644.72324654	
-5.11998783102	-1644.72546383	
-5.12197788143	-1644.72767739	
-5.1239639794	-1644.72988722	
-5.12594614061	-1644.73209333	
-5.12792438062	-1644.73429575	
-5.12989871492	-1644.73649448	
-5.13186915891	-1644.73868954	
-5.13383572788	-1644.74088095	
-5.13579843705	-1644.7430687	
-5.13775730154	-1644.74525283	
-5.13971233637	-1644.74743334	
-5.1416635565	-1644.74961024	
-5.14361097679	-1644.75178355	
-5.145554612	-1644.75395328	
-5.14749447681	-1644.75611944	
-5.14943058584	-1644.75828205	
-5.15136295359	-1644.76044112	
-5.1532915945	-1644.76259666	
-5.15521652291	-1644.76474869	
-5.15713775309	-1644.76689721	
-5.15905529921	-1644.76904224	
-5.1609691754	-1644.77118379	
-5.16287939565	-1644.77332187	
-5.16478597392	-1644.7754565	
-5.16668892407	-1644.77758769	
-5.16858825987	-1644.77971545	
-5.17048399504	-1644.78183979	
-5.17237614319	-1644.78396073	
-5.17426471788	-1644.78607827	
-5.17614973257	-1644.78819243	
-5.17803120067	-1644.79030322	
-5.1799091355	-1644.79241065	
-5.18178355029	-1644.79451473	
-5.18365445823	-1644.79661547	
-5.1855218724	-1644.79871289	
-5.18738580584	-1644.800807	
-5.18924627149	-1644.80289781	
-5.19110328224	-1644.80498533	
-5.19295685089	-1644.80706956	
-5.19480699018	-1644.80915053	
-5.19665371277	-1644.81122824	
-5.19849703127	-1644.81330271	
-5.20033695819	-1644.81537394	
-5.202173506	-1644.81744194	
-5.20400668708	-1644.81950674	
-5.20583651375	-1644.82156833	
-5.20766299828	-1644.82362673	
-5.20948615284	-1644.82568194	
-5.21130598956	-1644.82773399	
-5.21312252048	-1644.82978287	
-5.21493575761	-1644.83182861	
-5.21674571285	-1644.83387121	
-5.21855239808	-1644.83591068	
-5.22035582508	-1644.83794702	
-5.22215600558	-1644.83998026	
-5.22395295126	-1644.84201041	
-5.22574667371	-1644.84403746	
-5.22753718449	-1644.84606144	
-5.22932449506	-1644.84808235	
-5.23110861685	-1644.8501002	
-5.23288956123	-1644.852115	
-5.23466733947	-1644.85412676	
-5.23644196283	-1644.8561355	
-5.23821344248	-1644.85814121	
-5.23998178954	-1644.86014392	
-5.24174701506	-1644.86214363	
-5.24350913005	-1644.86414034	
-5.24526814546	-1644.86613408	
-5.24702407216	-1644.86812485	
-5.24877692099	-1644.87011265	
-5.25052670271	-1644.87209751	
-5.25227342805	-1644.87407942	
-5.25401710765	-1644.87605839	
-5.25575775213	-1644.87803445	
-5.25749537203	-1644.88000758	
-5.25922997784	-1644.88197781	
-5.26096158	-1644.88394515	
-5.2626901889	-1644.8859096	
-5.26441581487	-1644.88787117	
-5.26613846818	-1644.88982987	
-5.26785815906	-1644.8917857	
-5.26957489768	-1644.89373869	
-5.27128869416	-1644.89568883	
-5.27299955856	-1644.89763614	
-5.27470750091	-1644.89958063	
-5.27641253116	-1644.90152229	
-5.27811465923	-1644.90346115	
-5.27981389498	-1644.90539721	
-5.28151024823	-1644.90733047	
-5.28320372874	-1644.90926096	
-5.28489434622	-1644.91118867	
-5.28658211033	-1644.91311361	
-5.28826703069	-1644.9150358	
-5.28994911688	-1644.91695524	
-5.2916283784	-1644.91887193	
-5.29330482472	-1644.9207859	
-5.29497846528	-1644.92269714	
-5.29664930945	-1644.92460566	
-5.29831736655	-1644.92651147	
-5.29998264587	-1644.92841459	
-5.30164515664	-1644.93031501	
-5.30330490806	-1644.93221275	
-5.30496190927	-1644.93410782	
-5.30661616936	-1644.93600021	
-5.3082676974	-1644.93788995	
-5.30991650239	-1644.93977703	
-5.3115625933	-1644.94166147	
-5.31320597904	-1644.94354327	
-5.3148466685	-1644.94542244	
-5.3164846705	-1644.94729899	
-5.31811999384	-1644.94917293	
-5.31975264727	-1644.95104426	
-5.32138263948	-1644.95291299	
-5.32300997914	-1644.95477913	
-5.32463467487	-1644.95664269	
-5.32625673524	-1644.95850367	
-5.32787616879	-1644.96036208	
-5.32949298402	-1644.96221793	
-5.33110718937	-1644.96407123	
-5.33271879327	-1644.96592198	
-5.33432780407	-1644.96777019	
-5.33593423012	-1644.96961588	
-5.3375380797	-1644.97145903	
-5.33913936107	-1644.97329967	
-5.34073808243	-1644.9751378	
-5.34233425196	-1644.97697342	
-5.3439278778	-1644.97880655	
-5.34551896803	-1644.98063719	
-5.34710753072	-1644.98246534	
-5.34869357387	-1644.98429102	
-5.35027710548	-1644.98611424	
-5.35185813348	-1644.98793499	
-5.35343666577	-1644.98975329	
-5.35501271022	-1644.99156914	
-5.35658627467	-1644.99338255	
-5.3581573669	-1644.99519352	
-5.35972599468	-1644.99700207	
-5.36129216571	-1644.9988082	
-5.36285588769	-1645.00061191	
-5.36441716825	-1645.00241322	
-5.36597601502	-1645.00421212	
-5.36753243557	-1645.00600863	
-5.36908643744	-1645.00780276	
-5.37063802813	-1645.0095945	
-5.37218721511	-1645.01138387	
-5.37373400583	-1645.01317088	
-5.37527840768	-1645.01495552	
-5.37682042804	-1645.0167378	
-5.37836007422	-1645.01851774	
-5.37989735354	-1645.02029534	
-5.38143227326	-1645.0220706	
-5.38296484061	-1645.02384353	
-5.38449506279	-1645.02561413	
-5.38602294697	-1645.02738242	
-5.38754850028	-1645.0291484	
-5.38907172982	-1645.03091208	
-5.39059264266	-1645.03267345	
-5.39211124583	-1645.03443254	
-5.39362754635	-1645.03618934	
-5.39514155118	-1645.03794385	
-5.39665326727	-1645.0396961	
-5.39816270152	-1645.04144607	
-5.39966986081	-1645.04319379	
-5.40117475199	-1645.04493925	
-5.40267738187	-1645.04668245	
-5.40417775725	-1645.04842342	
-5.40567588487	-1645.05016215	
-5.40717177146	-1645.05189864	
-5.40866542372	-1645.05363291	
-5.4101568483	-1645.05536495	
-5.41164605186	-1645.05709479	
-5.41313304098	-1645.05882241	
-5.41461782224	-1645.06054783	
-5.4161004022	-1645.06227105	
-5.41758078737	-1645.06399208	
-5.41905898424	-1645.06571092	
-5.42053499927	-1645.06742759	
-5.42200883889	-1645.06914208	
-5.4234805095	-1645.0708544	
-5.42495001748	-1645.07256455	
-5.42641736918	-1645.07427255	
-5.4278825709	-1645.07597839	
-5.42934562895	-1645.07768209	
-5.43080654959	-1645.07938365	
-5.43226533906	-1645.08108307	
-5.43372200355	-1645.08278036	
-5.43517654927	-1645.08447552	
-5.43662898235	-1645.08616856	
-5.43807930892	-1645.08785949	
-5.4395275351	-1645.08954831	
-5.44097366695	-1645.09123503	
-5.44241771052	-1645.09291965	
-5.44385967184	-1645.09460217	
-5.4452995569	-1645.09628261	
-5.44673737167	-1645.09796096	
-5.44817312209	-1645.09963724	
-5.44960681409	-1645.10131144	
-5.45103845357	-1645.10298357	
-5.45246804638	-1645.10465365	
-5.45389559837	-1645.10632167	
-5.45532111536	-1645.10798763	
-5.45674460314	-1645.10965155	
-5.45816606749	-1645.11131342	
-5.45958551414	-1645.11297326	
-5.46100294883	-1645.11463107	
-5.46241837723	-1645.11628685	
-5.46383180503	-1645.11794061	
-5.46524323786	-1645.11959236	
-5.46665268137	-1645.12124209	
-5.46806014114	-1645.12288981	
-5.46946562274	-1645.12453553	
-5.47086913175	-1645.12617926	
-5.47227067367	-1645.12782099	
-5.47367025403	-1645.12946074	
-5.47506787829	-1645.1310985	
-5.47646355193	-1645.13273429	
-5.47785728038	-1645.1343681	
-5.47924906905	-1645.13599995	
-5.48063892334	-1645.13762983	
-5.48202684862	-1645.13925775	
-5.48341285022	-1645.14088372	
-5.48479693349	-1645.14250774	
-5.48617910372	-1645.14412981	
-5.48755936619	-1645.14574995	
-5.48893772616	-1645.14736815	
-5.49031418887	-1645.14898441	
-5.49168875953	-1645.15059876	
-5.49306144334	-1645.15221118	
-5.49443224547	-1645.15382168	
-5.49580117108	-1645.15543027	
-5.49716822529	-1645.15703696	
-5.49853341322	-1645.15864174	
-5.49989673995	-1645.16024462	
-5.50125821054	-1645.16184561	
-5.50261783006	-1645.1634447	
-5.50397560352	-1645.16504192	
-5.50533153593	-1645.16663725	
-5.50668563228	-1645.1682307	
-5.50803789753	-1645.16982228	
-5.50938833663	-1645.171412	
-5.5107369545	-1645.17299985	
-5.51208375605	-1645.17458584	
-5.51342874616	-1645.17616997	
-5.51477192971	-1645.17775226	
-5.51611331154	-1645.1793327	
-5.51745289646	-1645.1809113	
-5.51879068931	-1645.18248806	
-5.52012669485	-1645.18406298	
-5.52146091786	-1645.18563608	
-5.5227933631	-1645.18720735	
-5.52412403528	-1645.1887768	
-5.52545293913	-1645.19034444	
-5.52678007934	-1645.19191026	
-5.52810546058	-1645.19347427	
-5.52942908751	-1645.19503648	
-5.53075096477	-1645.19659689	
-5.53207109697	-1645.19815551	
-5.53338948873	-1645.19971233	
-5.53470614461	-1645.20126736	
-5.53602106919	-1645.20282061	
-5.53733426702	-1645.20437208	
-5.53864574262	-1645.20592178	
-5.5399555005	-1645.2074697	
-5.54126354516	-1645.20901585	
-5.54256988107	-1645.21056024	
-5.5438745127	-1645.21210287	
-5.54517744448	-1645.21364375	
-5.54647868084	-1645.21518287	
-5.54777822618	-1645.21672025	
-5.5490760849	-1645.21825588	
-5.55037226136	-1645.21978977	
-5.55166675992	-1645.22132193	
-5.55295958492	-1645.22285235	
-5.55425074069	-1645.22438105	
-5.55554023152	-1645.22590802	
-5.5568280617	-1645.22743326	
-5.55811423551	-1645.2289568	
-5.5593987572	-1645.23047861	
-5.56068163102	-1645.23199872	
-5.56196286117	-1645.23351713	
-5.56324245188	-1645.23503383	
-5.56452040732	-1645.23654883	
-5.56579673168	-1645.23806214	
-5.56707142911	-1645.23957376	
-5.56834450376	-1645.24108369	
-5.56961595975	-1645.24259194	
-5.57088580119	-1645.2440985	
-5.57215403218	-1645.2456034	
-5.57342065679	-1645.24710662	
-5.5746856791	-1645.24860817	
-5.57594910315	-1645.25010805	
-5.57721093297	-1645.25160628	
-5.57847117258	-1645.25310284	
-5.57972982599	-1645.25459776	
-5.58098689718	-1645.25609102	
-5.58224239012	-1645.25758263	
-5.58349630878	-1645.2590726	
-5.5847486571	-1645.26056093	
-5.585999439	-1645.26204763	
-5.5872486584	-1645.26353269	
-5.5884963192	-1645.26501612	
-5.58974242528	-1645.26649793	
-5.59098698051	-1645.26797811	
-5.59222998875	-1645.26945667	
-5.59347145384	-1645.27093362	
-5.5947113796	-1645.27240896	
-5.59594976985	-1645.27388269	
-5.59718662839	-1645.27535481	
-5.598421959	-1645.27682533	
-5.59965576545	-1645.27829425	
-5.60088805149	-1645.27976158	
-5.60211882088	-1645.28122731	
-5.60334807733	-1645.28269146	
-5.60457582457	-1645.28415402	
-5.6058020663	-1645.285615	
-5.60702680619	-1645.2870744	
-5.60825004793	-1645.28853223	
-5.60947179518	-1645.28998848	
-5.61069205159	-1645.29144317	
-5.61191082078	-1645.29289629	
-5.61312810639	-1645.29434785	
-5.61434391201	-1645.29579785	
-5.61555824124	-1645.29724629	
-5.61677109767	-1645.29869319	
-5.61798248485	-1645.30013853	
-5.61919240636	-1645.30158233	
-5.62040086572	-1645.30302458	
-5.62160786647	-1645.3044653	
-5.62281341212	-1645.30590448	
-5.62401750619	-1645.30734213	
-5.62522015215	-1645.30877825	
-5.6264213535	-1645.31021284	
-5.62762111369	-1645.31164591	
-5.62881943618	-1645.31307745	
-5.63001632442	-1645.31450748	
-5.63121178182	-1645.315936	
-5.63240581181	-1645.317363	
-5.6335984178	-1645.3187885	
-5.63478960317	-1645.32021249	
-5.6359793713	-1645.32163498	
-5.63716772557	-1645.32305598	
-5.63835466933	-1645.32447547	
-5.63954020593	-1645.32589347	
-5.64072433869	-1645.32730999	
-5.64190707094	-1645.32872502	
-5.64308840598	-1645.33013856	
-5.64426834712	-1645.33155062	
-5.64544689764	-1645.33296121	
-5.64662406082	-1645.33437032	
-5.64779983991	-1645.33577796	
-5.64897423816	-1645.33718413	
-5.65014725882	-1645.33858884	
-5.65131890512	-1645.33999208	
-5.65248918027	-1645.34139386	
-5.65365808747	-1645.34279419	
-5.65482562993	-1645.34419306	
-5.65599181082	-1645.34559048	
-5.65715663332	-1645.34698646	
-5.65832010058	-1645.34838098	
-5.65948221576	-1645.34977407	
-5.660642982	-1645.35116571	
-5.66180240242	-1645.35255592	
-5.66296048014	-1645.3539447	
-5.66411721826	-1645.35533204	
-5.66527261989	-1645.35671796	
-5.66642668811	-1645.35810245	
-5.66757942599	-1645.35948552	
-5.6687308366	-1645.36086717	
-5.66988092298	-1645.3622474	
-5.67102968818	-1645.36362622	
-5.67217713524	-1645.36500363	
-5.67332326717	-1645.36637963	
-5.67446808699	-1645.36775422	
-5.67561159769	-1645.36912741	
-5.67675380227	-1645.3704992	
-5.6778947037	-1645.3718696	
-5.67903430497	-1645.37323859	
-5.68017260902	-1645.3746062	
-5.6813096188	-1645.37597242	
-5.68244533727	-1645.37733725	
-5.68357976734	-1645.37870069	
-5.68471291194	-1645.38006276	
-5.68584477397	-1645.38142345	
-5.68697535634	-1645.38278276	
-5.68810466194	-1645.38414069	
-5.68923269364	-1645.38549726	
-5.69035945432	-1645.38685246	
-5.69148494685	-1645.38820629	
-5.69260917406	-1645.38955877	
-5.6937321388	-1645.39090988	
-5.69485384391	-1645.39225963	
-5.69597429221	-1645.39360803	
-5.69709348651	-1645.39495508	
-5.69821142961	-1645.39630078	
-5.69932812431	-1645.39764513	
-5.70044357339	-1645.39898814	
-5.70155777963	-1645.4003298	
-5.7026707458	-1645.40167013	
-5.70378247466	-1645.40300911	
-5.70489296894	-1645.40434677	
-5.70600223139	-1645.40568309	
-5.70711026475	-1645.40701809	
-5.70821707172	-1645.40835175	
-5.70932265503	-1645.4096841	
-5.71042701737	-1645.41101512	
-5.71153016145	-1645.41234482	
-5.71263208993	-1645.41367321	
-5.71373280551	-1645.41500028	
-5.71483231084	-1645.41632604	
-5.71593060859	-1645.4176505	
-5.71702770141	-1645.41897364	
-5.71812359193	-1645.42029548	
-5.71921828279	-1645.42161602	
-5.72031177661	-1645.42293526	
-5.72140407601	-1645.42425321	
-5.72249518359	-1645.42556986	
-5.72358510195	-1645.42688521	
-5.72467383369	-1645.42819928	
-5.72576138137	-1645.42951206	
-5.72684774759	-1645.43082356	
-5.72793293489	-1645.43213377	
-5.72901694583	-1645.43344271	
-5.73009978297	-1645.43475036	
-5.73118144884	-1645.43605674	
-5.73226194598	-1645.43736185	
-5.7333412769	-1645.43866569	
-5.73441944412	-1645.43996826	
-5.73549645015	-1645.44126956	
-5.73657229748	-1645.4425696	
-5.73764698861	-1645.44386838	
-5.73872052602	-1645.4451659	
-5.73979291218	-1645.44646217	
-5.74086414956	-1645.44775717	
-5.74193424062	-1645.44905093	
-5.74300318781	-1645.45034344	
-5.74407099357	-1645.4516347	
-5.74513766034	-1645.45292472	
-5.74620319054	-1645.45421349	
-5.7472675866	-1645.45550103	
-5.74833085092	-1645.45678732	
-5.74939298591	-1645.45807238	
-5.75045399397	-1645.45935621	
-5.75151387748	-1645.4606388	
-5.75257263883	-1645.46192016	
-5.75363028038	-1645.4632003	
-5.75468680452	-1645.46447922	
-5.75574221359	-1645.46575691	
-5.75679650994	-1645.46703338	
-5.75784969593	-1645.46830863	
-5.75890177388	-1645.46958267	
-5.75995274612	-1645.47085549	
-5.76100261499	-1645.4721271	
-5.76205138278	-1645.47339751	
-5.76309905181	-1645.4746667	
-5.76414562438	-1645.47593469	
-5.76519110278	-1645.47720148	
-5.7662354893	-1645.47846707	
-5.76727878622	-1645.47973146	
-5.76832099579	-1645.48099465	
-5.7693621203	-1645.48225665	
-5.770402162	-1645.48351745	
-5.77144112313	-1645.48477707	
-5.77247900594	-1645.4860355	
-5.77351581267	-1645.48729274	
-5.77455154554	-1645.4885488	
-5.77558620679	-1645.48980368	
-5.77661979861	-1645.49105738	
-5.77765232322	-1645.4923099	
-5.77868378283	-1645.49356125	
-5.77971417962	-1645.49481142	
-5.78074351579	-1645.49606043	
-5.78177179352	-1645.49730826	
-5.78279901497	-1645.49855493	
-5.78382518233	-1645.49980043	
-5.78485029774	-1645.50104477	
-5.78587436337	-1645.50228795	
-5.78689738137	-1645.50352997	
-5.78791935386	-1645.50477084	
-5.788940283	-1645.50601055	
-5.7899601709	-1645.5072491	
-5.79097901969	-1645.50848651	
-5.79199683148	-1645.50972277	
-5.79301360838	-1645.51095788	
-5.7940293525	-1645.51219185	
-5.79504406593	-1645.51342467	
-5.79605775077	-1645.51465636	
-5.79707040908	-1645.5158869	
-5.79808204295	-1645.51711631	
-5.79909265446	-1645.51834459	
-5.80010224566	-1645.51957173	
-5.80111081862	-1645.52079774	
-5.80211837538	-1645.52202263	
-5.80312491799	-1645.52324638	
-5.80413044849	-1645.52446902	
-5.80513496892	-1645.52569053	
-5.80613848129	-1645.52691091	
-5.80714098764	-1645.52813019	
-5.80814248998	-1645.52934834	
-5.80914299031	-1645.53056538	
